5.80239 ; 5.82969 ; -0.0792674 ; -0.749215
5.83812 ; 5.28361 ; 0.683451 ; 0.203759
5.97545 ; 5.40844 ; 0.253911 ; -0.0799854
5.01036 ; 5.03208 ; -0.35436 ; -0.801787
5.58983 ; 5.94446 ; -0.166223 ; -0.464355
5.01787 ; 5.01912 ; -0.795315 ; -0.392345
5.87519 ; 5.67358 ; -0.221746 ; -0.183229
5.8058 ; 5.16104 ; -0.160086 ; 0.488323
5.42892 ; 5.13071 ; 0.810365 ; 0.175595
5.51575 ; 5.67947 ; 0.799599 ; 0.585611
5.85964 ; 5.8049 ; 0.505005 ; -0.528919
5.37569 ; 5.86098 ; 0.450783 ; -0.319765
5.56738 ; 5.73593 ; -0.785437 ; -0.588978
5.68005 ; 5.06842 ; -0.677556 ; -0.03668
5.45513 ; 5.38211 ; 0.549356 ; -0.287708
5.24333 ; 5.85944 ; 0.622509 ; 0.329861
5.22566 ; 5.5292 ; -0.307058 ; -0.598182
5.9272 ; 5.376 ; 0.953099 ; 0.48163
5.60617 ; 5.52777 ; -0.151997 ; -0.211832
5.55429 ; 5.77136 ; -0.517599 ; -0.0821112
5.92086 ; 5.99938 ; 0.514156 ; 0.622007
5.13774 ; 5.41081 ; -0.97616 ; 0.856695
5.58798 ; 5.75012 ; 0.239618 ; 1.03705
5.19278 ; 5.79891 ; 0.644741 ; -0.185724
5.60581 ; 5.61076 ; -0.440983 ; 0.91551
5.55075 ; 5.20653 ; 0.622334 ; 0.288699
5.5239 ; 5.08179 ; -0.221259 ; 0.102544
5.80692 ; 5.32883 ; -0.534923 ; 0.0453237
5.19795 ; 5.22655 ; -1.10701 ; -0.934832
5.3686 ; 5.79634 ; 0.298654 ; -0.742362
5.76666 ; 5.70972 ; 0.707709 ; -0.10238
5.67304 ; 5.21855 ; -0.191474 ; -0.642756
5.51426 ; 5.61538 ; 0.810474 ; 0.45884
6.04496 ; 5.28923 ; 1.10815 ; 0.357058
5.74293 ; 5.66661 ; -0.9651 ; -0.60824
5.50975 ; 5.52023 ; 0.818305 ; -0.87309
5.57035 ; 5.59789 ; -0.398036 ; -0.788617
5.46008 ; 5.286 ; -0.447044 ; -0.704284
5.66965 ; 5.77861 ; -0.75737 ; 0.953047
5.72173 ; 5.22781 ; -0.834574 ; 0.415284
5.36044 ; 5.24243 ; 0.119101 ; 0.456149
5.46377 ; 6.06003 ; -0.114938 ; 1.0903
5.25722 ; 5.19947 ; 0.486481 ; 0.260832
5.25498 ; 5.16389 ; 0.223818 ; -0.40481
4.97607 ; 5.69216 ; -0.65234 ; -0.291133
5.30998 ; 5.08628 ; -0.059187 ; -0.25445
5.96936 ; 5.60309 ; 1.00253 ; -0.822259
5.03005 ; 5.38009 ; -0.221197 ; -0.0373354
5.36037 ; 5.50483 ; -0.591411 ; -0.333198
5.79411 ; 5.12117 ; 0.951316 ; -0.557699
5.5072 ; 5.63255 ; -0.53232 ; -0.912849
5.73472 ; 5.3016 ; 0.844062 ; -0.960397
5.22619 ; 5.24037 ; -0.31206 ; -0.672309
4.96455 ; 5.74125 ; -0.73617 ; 0.430566
5.59687 ; 5.48743 ; -0.27795 ; -0.402803
5.17762 ; 5.86049 ; -0.505008 ; -0.378767
5.78982 ; 5.31091 ; 1.08676 ; -0.0445254
5.5419 ; 5.87724 ; -0.882097 ; 0.262147
5.68237 ; 5.28135 ; 1.06516 ; -0.399121
5.31271 ; 5.30921 ; 0.852034 ; 0.990456
5.7537 ; 5.18318 ; -0.614098 ; 0.154961
5.08254 ; 5.06532 ; -0.240465 ; -0.5119
5.65899 ; 5.79997 ; -0.826003 ; 0.777555
5.38485 ; 5.28684 ; 0.804062 ; -0.0784753
5.70861 ; 6.04313 ; 0.97426 ; 0.992524
5.80856 ; 6.05116 ; -0.566478 ; 1.12508
5.52611 ; 5.70936 ; 0.895758 ; -0.77063
5.54988 ; 5.01134 ; 0.318891 ; -0.785166
5.80175 ; 5.50497 ; -0.858741 ; -0.959207
5.10161 ; 5.71868 ; -0.781197 ; -0.398803
5.30223 ; 5.275 ; 0.855545 ; -0.0980952
5.8064 ; 5.54747 ; -0.554075 ; -0.897439
5.49891 ; 5.44399 ; 0.723534 ; -0.936922
5.59365 ; 5.7393 ; -0.56424 ; -0.566018
5.15546 ; 5.52284 ; -0.670434 ; 0.185332
5.66231 ; 5.90802 ; 0.435564 ; 1.10181
5.90479 ; 5.6645 ; 0.536655 ; -0.806288
5.68555 ; 5.45713 ; 0.726085 ; -0.278183
5.62965 ; 5.19913 ; -0.00604979 ; -0.873437
5.77825 ; 5.50607 ; -0.176899 ; 0.906888
6.03079 ; 5.75569 ; 0.838807 ; -0.49363
5.95311 ; 5.94857 ; 0.287327 ; -0.0576044
5.26362 ; 5.72264 ; -0.647948 ; 0.0439353
5.56293 ; 5.39384 ; -0.895171 ; -0.795924
5.95833 ; 5.66106 ; 0.669947 ; 0.313992
5.35622 ; 5.40074 ; 0.470243 ; -0.714833
5.4952 ; 5.85163 ; 0.939543 ; -0.0792363
5.75027 ; 5.61387 ; 0.0485588 ; -0.097923
5.68487 ; 5.80968 ; 0.466659 ; -0.534789
4.9818 ; 5.9672 ; -0.413941 ; 0.303076
5.65364 ; 5.98963 ; -0.962685 ; 0.445996
5.46032 ; 5.44935 ; 0.0479643 ; -0.67769
5.74721 ; 5.20729 ; -0.0987314 ; -0.10196
5.75713 ; 5.07309 ; -0.156769 ; -0.958462
5.40531 ; 5.04065 ; 0.356322 ; 0.247985
6.05654 ; 5.82901 ; 0.731889 ; 0.382804
5.83903 ; 5.15445 ; -0.889459 ; 0.603629
5.12485 ; 5.36745 ; -0.146353 ; 0.21578
5.25623 ; 5.0111 ; 0.62188 ; -0.363479
5.98463 ; 5.89147 ; 0.0345652 ; 0.291327
5.31107 ; 5.91645 ; -0.870985 ; 0.319512
5.44488 ; 5.20069 ; 0.95824 ; -0.410344
5.59781 ; 5.31762 ; 0.135185 ; 0.0507916
5.5989 ; 5.36833 ; 0.927446 ; 0.272903
5.3599 ; 5.10479 ; -0.619647 ; 0.807959
5.65575 ; 5.25073 ; -0.848902 ; -1.06285
5.64112 ; 5.66215 ; 0.0949943 ; -0.384024
5.10241 ; 5.50446 ; 0.120365 ; 0.783349
5.61427 ; 5.62672 ; -0.0935883 ; 0.532016
5.87628 ; 5.16742 ; 0.395501 ; 0.80906
5.6593 ; 5.56693 ; 0.778076 ; -0.0915484
5.65765 ; 5.60237 ; -0.54789 ; 0.538665
5.93104 ; 5.22781 ; 0.580866 ; 0.908428
5.65485 ; 5.56275 ; 0.0324174 ; -1.04517
5.73205 ; 5.9987 ; -0.606433 ; 0.270269
5.45767 ; 5.25589 ; 0.778397 ; 0.898081
5.39305 ; 5.32318 ; 0.901751 ; -0.916731
5.16464 ; 5.65758 ; 0.152356 ; -0.975886
5.85102 ; 5.15111 ; -0.0620835 ; 0.640026
5.03188 ; 5.40165 ; -0.192128 ; 0.730378
5.38635 ; 5.85089 ; 0.577448 ; 1.01608
5.72816 ; 5.55025 ; -0.869645 ; 0.319501
5.24591 ; 5.50678 ; 0.597965 ; 0.394857
5.51145 ; 5.85618 ; -0.210035 ; -0.614546
5.69262 ; 5.10945 ; -0.646071 ; 0.826243
5.10291 ; 5.49972 ; 0.102843 ; 0.267358
5.73914 ; 5.87664 ; -0.155409 ; -0.0373477
5.27096 ; 5.31049 ; -0.779568 ; -1.0876
5.39085 ; 5.10829 ; -0.95497 ; 0.392914
5.18774 ; 5.78845 ; -0.448711 ; -0.27523
5.70464 ; 5.30469 ; 1.01086 ; -0.273432
5.88295 ; 5.32485 ; -0.229076 ; 0.623887
5.30146 ; 5.91978 ; -0.917314 ; 0.231708
5.13346 ; 5.70333 ; 0.289718 ; 0.879483
5.69515 ; 5.29343 ; 0.310025 ; 0.0611856
5.19803 ; 5.73001 ; 0.559373 ; -1.00472
5.39559 ; 5.4421 ; -0.867732 ; 0.811724
5.49215 ; 5.92364 ; 0.471921 ; 0.843316
5.63763 ; 5.71926 ; 0.400573 ; 0.927085
5.97656 ; 5.97896 ; -0.18349 ; 0.556138
5.77695 ; 5.69181 ; 0.353915 ; -0.89502
5.8535 ; 6.01278 ; -0.145153 ; 0.986364
5.19999 ; 5.41049 ; 0.790924 ; 0.784417
5.73128 ; 5.42747 ; -0.116103 ; 0.563566
5.78776 ; 5.28517 ; -0.0400178 ; -0.90824
6.038 ; 5.6903 ; 0.97466 ; -0.374329
5.6454 ; 6.02659 ; -0.460187 ; 0.581582
5.32614 ; 5.23232 ; -0.538315 ; 1.05176
4.99325 ; 5.16599 ; -0.902373 ; 0.141359
4.98565 ; 5.56913 ; -1.0499 ; -1.04968
5.66518 ; 5.81764 ; -0.533936 ; -0.963596
5.64167 ; 5.77955 ; 0.0950118 ; -0.918631
5.22428 ; 5.0079 ; -0.956849 ; -0.606852
5.47743 ; 5.49971 ; 0.349932 ; -0.145744
5.9306 ; 5.71252 ; 0.51682 ; 0.449277
5.91973 ; 5.84899 ; -0.140981 ; 0.227279
5.32813 ; 5.41812 ; 0.271084 ; 0.0884411
5.61328 ; 5.40359 ; 0.369191 ; -0.57229
6.06927 ; 5.53048 ; 1.05823 ; -0.678343
5.08329 ; 5.7453 ; -0.264039 ; -0.959161
5.448 ; 5.88383 ; 0.824258 ; 1.06193
5.29784 ; 5.38218 ; -0.89659 ; 0.190261
5.80919 ; 5.59534 ; -0.161325 ; -0.585406
5.2138 ; 5.33823 ; 0.850973 ; 1.0143
5.54559 ; 5.94668 ; 0.433962 ; 0.447078
5.55052 ; 5.59924 ; -0.38923 ; -0.104092
5.13394 ; 5.10982 ; 0.367374 ; 0.651731
5.74697 ; 5.89584 ; -0.698085 ; 1.0993
5.90992 ; 5.9065 ; -0.236175 ; -0.520553
5.15957 ; 5.18039 ; 0.582127 ; 0.295579
5.16428 ; 5.96564 ; 0.483468 ; 0.735785
5.85127 ; 5.79583 ; 0.892107 ; 0.563089
5.59551 ; 5.13346 ; 0.443955 ; -0.389343
5.68108 ; 5.42029 ; 0.2957 ; -0.260788
5.91394 ; 5.96533 ; 0.135775 ; 0.123551
5.42583 ; 5.22783 ; -0.0928633 ; -0.354512
5.7621 ; 5.59594 ; -0.613411 ; -1.01585
5.03612 ; 5.75104 ; -0.52161 ; 0.647812
5.3716 ; 5.3737 ; -0.539257 ; 0.00616081
5.49863 ; 5.43713 ; -0.185667 ; 0.510811
5.33086 ; 5.86661 ; 0.174677 ; 0.0782066
5.27944 ; 5.11294 ; -1.09952 ; 0.196173
5.47888 ; 5.73164 ; 0.655351 ; -0.939415
5.62447 ; 5.68615 ; 0.969341 ; -1.04273
5.78518 ; 5.26935 ; 0.154744 ; -0.512049
5.1884 ; 5.53126 ; -0.22205 ; 0.0380014
5.25012 ; 5.62232 ; -0.264336 ; -0.889215
5.24559 ; 5.85096 ; 0.0383235 ; 0.619294
5.31104 ; 5.40711 ; -0.573995 ; -0.739803
5.20798 ; 5.29124 ; 0.780822 ; -1.0283
5.1587 ; 5.98873 ; 0.482121 ; 0.83791
5.71517 ; 5.7984 ; 0.151188 ; -0.0149785
5.35219 ; 5.58541 ; -0.978678 ; -0.597817
5.63222 ; 5.77491 ; 0.549124 ; -0.993426
5.15628 ; 5.88608 ; -0.464761 ; -0.738431
5.7768 ; 5.60112 ; -0.593442 ; -1.01876
5.84781 ; 5.33201 ; 1.11559 ; -0.572037
5.94346 ; 5.29221 ; 1.05006 ; 0.17703
5.04539 ; 5.65349 ; -0.335653 ; 1.02031
5.03357 ; 5.74375 ; -1.04299 ; -0.99798
6.02454 ; 4.96248 ; 1.11282 ; -0.907818
5.39748 ; 5.91229 ; -1.03148 ; 0.694057
5.13885 ; 5.82354 ; -0.00156423 ; -0.728405
5.11282 ; 5.85857 ; 0.875517 ; 0.521686
5.4511 ; 5.3331 ; -1.03736 ; -1.0679
5.17657 ; 5.3937 ; -0.116147 ; -0.976151
5.1197 ; 5.86438 ; -1.05511 ; 0.721603
5.32957 ; 6.02043 ; -0.244684 ; 0.495074
5.71245 ; 5.91237 ; -0.358961 ; -0.327489
5.44603 ; 5.82171 ; -0.401392 ; -0.524835
5.49067 ; 5.01013 ; 1.00388 ; -0.507928
5.63865 ; 5.44878 ; 0.140488 ; -0.43929
5.59121 ; 5.02047 ; 0.622278 ; 0.125611
5.77608 ; 5.59088 ; 0.306905 ; -0.684747
5.2749 ; 5.2156 ; -0.0522008 ; 0.289254
5.78477 ; 5.28495 ; -0.963777 ; -0.0581109
5.64159 ; 4.99766 ; -1.03227 ; -0.322699
5.61438 ; 5.93442 ; -0.881606 ; 0.874624
5.38306 ; 5.39946 ; -0.899444 ; -0.999974
5.29523 ; 5.20834 ; -0.215184 ; -0.681112
5.36862 ; 5.46599 ; -0.834948 ; -0.98584
5.11901 ; 5.8527 ; 0.827333 ; 0.555882
6.01074 ; 5.29984 ; 0.581602 ; -0.862943
5.12252 ; 5.52476 ; 0.816002 ; -0.852812
5.85598 ; 5.5537 ; 0.698233 ; 0.332974
5.20432 ; 5.38028 ; 0.925182 ; -0.872373
5.12529 ; 5.16003 ; 0.668111 ; -1.05841
5.52799 ; 5.41444 ; -0.867168 ; 0.662537
5.83266 ; 5.38002 ; 0.718186 ; -0.154644
5.2795 ; 5.89278 ; 0.569415 ; 0.904534
5.93881 ; 5.25055 ; -0.620766 ; 0.754114
5.32218 ; 5.29156 ; -0.840035 ; 0.393474
5.49121 ; 5.30602 ; -0.640039 ; 0.62797
5.58023 ; 5.0388 ; 0.30577 ; -0.121272
5.50792 ; 5.32318 ; -0.863301 ; 0.447424
5.45671 ; 5.49659 ; -0.660956 ; 0.23772
5.09711 ; 5.75135 ; -0.601552 ; 0.830362
5.86915 ; 5.75581 ; -0.645385 ; 1.0753
5.5748 ; 5.99776 ; -0.31132 ; 0.535987
5.57093 ; 5.00378 ; -0.531869 ; -1.05307
5.92772 ; 5.03636 ; 0.664816 ; -0.901651
5.14134 ; 5.69714 ; 0.295332 ; -0.207219
6.00685 ; 5.78835 ; 0.727618 ; 0.203111
5.74865 ; 5.5609 ; -0.401662 ; 0.486091
5.59726 ; 5.21599 ; -0.194408 ; -1.08363
5.14548 ; 5.83316 ; -0.423077 ; 0.0696748
5.96402 ; 5.17051 ; -0.356426 ; 0.89384
5.26342 ; 5.43609 ; -0.657019 ; 0.992072
6.0418 ; 5.07638 ; 0.945441 ; -0.462914
5.25597 ; 5.56131 ; -0.121387 ; -0.253405
5.39656 ; 5.33209 ; 0.483531 ; 0.919687
5.63308 ; 5.58495 ; -0.316829 ; 1.00993
5.16142 ; 5.36434 ; -0.445481 ; 1.0643
5.4639 ; 5.80204 ; 0.331303 ; 0.0558211
5.6916 ; 5.76503 ; -0.457995 ; 0.463633
5.86619 ; 5.89345 ; -0.399196 ; 0.088228
4.9698 ; 5.77028 ; -1.0902 ; 0.310776
5.51424 ; 5.65265 ; -0.763285 ; -0.362836
5.31005 ; 5.32436 ; -0.526703 ; 0.642389
5.17551 ; 5.15835 ; -0.971169 ; 0.456062
5.4093 ; 5.98398 ; 0.584488 ; 0.641702
5.69003 ; 5.55629 ; 0.63934 ; -0.115052
5.64398 ; 5.22532 ; 0.865922 ; -0.416868
5.0727 ; 5.3649 ; -0.422395 ; 1.00682
5.92459 ; 5.51683 ; 0.958523 ; 0.662682
5.25344 ; 5.52444 ; 0.833455 ; 0.874989
5.50641 ; 6.00311 ; 0.370486 ; 0.712142
5.91612 ; 5.12094 ; 0.618283 ; -0.740574
5.02207 ; 5.01651 ; -1.11813 ; -0.447728
5.21619 ; 5.32623 ; 0.174567 ; -0.79661
5.47844 ; 5.6536 ; 0.245597 ; -1.03103
5.74586 ; 5.38412 ; -0.681782 ; -0.383185
5.35271 ; 5.9846 ; -0.304593 ; 1.11929
5.60488 ; 5.03398 ; 1.02526 ; -0.492442
5.30852 ; 5.8793 ; 0.631384 ; 0.170323
5.88625 ; 5.44272 ; -0.961412 ; 0.900427
5.92688 ; 5.35712 ; -0.639498 ; -1.03209
5.56153 ; 5.35 ; -0.207088 ; -0.333062
5.11992 ; 5.37049 ; 0.037331 ; 0.429941
5.64865 ; 5.28039 ; -0.187457 ; -0.482094
5.85737 ; 5.69531 ; 0.069762 ; -0.13351
5.24783 ; 5.10614 ; -0.986309 ; -1.1164
5.75811 ; 5.17779 ; -0.93745 ; -0.837312
5.79542 ; 5.84659 ; -0.380869 ; -0.435681
5.91987 ; 5.48242 ; 0.823153 ; -0.3708
5.29314 ; 5.33833 ; -0.378567 ; -0.146997
5.84337 ; 5.36424 ; 0.544738 ; -0.18845
5.23171 ; 5.90183 ; 0.585893 ; 0.182868
5.14443 ; 5.14206 ; 0.175393 ; 0.388935
5.17382 ; 5.61502 ; -0.0102795 ; 0.319613
5.88279 ; 5.52676 ; 0.830121 ; -0.000372418
5.16973 ; 5.3116 ; 0.491786 ; -0.884825
6.07571 ; 5.12011 ; 0.963157 ; -0.20793
5.87532 ; 5.09554 ; 0.834833 ; -0.864883
5.09263 ; 5.27946 ; -0.689946 ; -0.776867
5.66023 ; 5.7164 ; 0.0583899 ; 1.09817
5.34963 ; 5.32645 ; -0.246739 ; 0.0732247
5.29679 ; 5.15405 ; -0.953037 ; -0.857427
5.74547 ; 6.05162 ; -0.0175334 ; 0.739504
5.3163 ; 5.90802 ; 0.415959 ; -0.616491
6.0438 ; 5.9783 ; 0.556004 ; 0.914454
5.14376 ; 5.92082 ; -0.0612168 ; 0.104198
4.92582 ; 5.50251 ; -1.08133 ; -0.0738656
5.40725 ; 5.51342 ; 0.101433 ; -0.542528
5.51345 ; 5.12481 ; 0.989461 ; -0.571499
5.72266 ; 5.55873 ; -0.242732 ; 0.570918
5.64762 ; 5.29038 ; 0.320834 ; -0.873607
5.3856 ; 6.0419 ; -0.920035 ; 0.61377
5.18217 ; 4.98987 ; 0.992008 ; -0.232246
6.08086 ; 5.28183 ; 1.1213 ; 0.593647
5.15195 ; 5.72773 ; -0.890316 ; -0.231407
5.39176 ; 5.00186 ; 0.0866137 ; -1.11327
5.84278 ; 5.7606 ; -0.330121 ; 0.914202
5.40587 ; 5.44266 ; 0.734934 ; 0.0778227
5.02828 ; 5.63749 ; -0.466772 ; -0.135395
5.36342 ; 5.22768 ; -0.115631 ; -0.295591
5.62692 ; 5.64209 ; -0.189188 ; -0.454032
6.03689 ; 5.07127 ; 0.520654 ; 0.413343
5.15074 ; 5.25236 ; 0.340283 ; 0.723657
5.21373 ; 5.43579 ; 0.824812 ; 0.73996
5.16281 ; 5.73085 ; 0.632659 ; -0.404655
5.88914 ; 5.83024 ; 0.919409 ; 0.713533
5.13198 ; 5.61464 ; -0.978957 ; 0.736136
5.25595 ; 5.35677 ; -0.427 ; 1.00802
6.03112 ; 5.16865 ; 0.934542 ; -0.245961
5.49841 ; 5.17787 ; -0.678778 ; 0.241256
5.15427 ; 5.51827 ; 0.478902 ; 0.439097
5.18516 ; 5.76183 ; -0.32338 ; -0.253519
5.05411 ; 5.44059 ; -0.902269 ; 0.0189297
5.26816 ; 5.8118 ; -0.3108 ; -0.553375
5.17974 ; 5.67877 ; -0.989327 ; 0.281334
5.7357 ; 5.33811 ; 0.168936 ; -0.985121
5.29269 ; 5.01319 ; -0.688231 ; -0.433228
5.09294 ; 5.74944 ; 0.546089 ; 0.440246
5.52228 ; 5.35004 ; -0.94599 ; 0.293073
5.53457 ; 5.9598 ; 0.203288 ; -0.0968481
5.53936 ; 5.28091 ; 0.439854 ; 0.319102
5.33771 ; 5.93007 ; -0.791788 ; -0.633813
5.60737 ; 5.38392 ; 0.99031 ; -0.850101
5.29673 ; 5.47652 ; -1.10409 ; -0.719096
5.50982 ; 5.60978 ; 0.474466 ; 0.365919
5.73731 ; 5.10186 ; 0.553905 ; 0.0126039
5.69069 ; 5.21824 ; 0.649954 ; -0.555441
5.62449 ; 5.54834 ; -0.390872 ; 0.888511
5.90671 ; 5.37889 ; -0.194366 ; -0.435475
5.60871 ; 5.77811 ; 0.785363 ; -0.595409
5.75748 ; 5.97693 ; -0.520293 ; 0.386248
5.72023 ; 5.27656 ; -1.01599 ; -1.05992
5.23451 ; 5.07802 ; -1.01506 ; -0.236465
5.34941 ; 5.98852 ; 0.782247 ; 0.640452
4.9707 ; 6.03216 ; -0.565743 ; 0.619193
5.84989 ; 6.02463 ; 0.517067 ; 0.961451
5.7915 ; 5.86661 ; -0.24937 ; -0.926342
5.88256 ; 5.85371 ; -0.884333 ; -0.682784
5.01404 ; 5.31071 ; 0.0340833 ; 0.6892
5.37291 ; 5.97752 ; 0.723082 ; 0.167406
5.70839 ; 5.29045 ; 0.613923 ; -0.596052
5.75109 ; 5.89084 ; -0.115157 ; 0.551702
5.58714 ; 5.14682 ; 0.556871 ; -0.79983
5.78954 ; 5.63117 ; -0.0212819 ; -0.579724
5.76547 ; 5.41212 ; 0.164698 ; 0.0838157
5.8737 ; 5.84724 ; -0.905381 ; -0.599241
5.5211 ; 5.08738 ; -0.917732 ; 0.832497
5.56918 ; 5.44317 ; 0.872093 ; -0.51369
5.21995 ; 5.82279 ; -0.361054 ; 0.428532
5.80908 ; 5.17931 ; 0.737582 ; 0.249261
5.02327 ; 5.69939 ; -0.894576 ; -0.73644
5.16593 ; 5.26583 ; -0.541999 ; -0.685274
5.33079 ; 5.54016 ; -0.682838 ; 0.334348
5.32143 ; 5.03548 ; -0.00274205 ; -0.835846
5.24382 ; 5.70492 ; -1.07687 ; 0.0528837
4.95854 ; 5.30629 ; -0.73031 ; -0.786554
5.11202 ; 5.89171 ; 0.541077 ; 0.808452
5.66422 ; 5.70674 ; -0.294537 ; -0.678056
5.5047 ; 5.3233 ; 0.149726 ; 0.791214
5.79368 ; 4.98463 ; -0.886363 ; -0.219569
5.16638 ; 5.4974 ; -0.243707 ; 0.630202
5.86556 ; 5.28628 ; 0.746719 ; -1.0153
5.18006 ; 5.20254 ; -0.225214 ; 0.153164
5.45564 ; 5.33202 ; -0.42406 ; 0.53002
5.46728 ; 5.91494 ; -0.841934 ; 0.166783
5.07405 ; 5.8648 ; -0.0629443 ; -0.501993
5.19277 ; 5.77157 ; -0.723568 ; -0.710618
5.01321 ; 5.29293 ; 0.0450899 ; 0.383625
5.29729 ; 5.15446 ; -0.357019 ; -0.169344
5.66678 ; 5.41573 ; 0.871154 ; 0.762681
5.70614 ; 5.54602 ; 0.997331 ; -0.775207
5.85306 ; 5.67801 ; 0.465571 ; 0.757004
5.12173 ; 5.90797 ; 0.512715 ; 0.940145
5.74059 ; 5.19271 ; -0.334954 ; -0.308413
5.84977 ; 5.15292 ; 0.608638 ; 1.05523
5.5657 ; 5.97833 ; -0.949612 ; 0.416285
5.1631 ; 5.39904 ; 0.830103 ; -0.874817
5.83925 ; 5.9856 ; -0.852962 ; 0.209874
5.3602 ; 5.26906 ; -0.421169 ; -0.285843
5.47193 ; 5.57597 ; 1.01215 ; 0.490732
5.44851 ; 5.68048 ; 0.379289 ; -0.625421
5.38058 ; 5.20267 ; 0.836334 ; 0.26538
5.85887 ; 5.84279 ; -0.330809 ; -0.263645
5.80522 ; 6.05693 ; -0.196167 ; 0.855047
5.13892 ; 5.5668 ; -0.71705 ; -0.980837
5.01424 ; 5.7759 ; -0.590945 ; -0.100597
5.44709 ; 5.22068 ; 0.524946 ; 0.909305
5.2739 ; 5.5992 ; -1.05076 ; -0.178187
5.53897 ; 5.9449 ; -0.724499 ; -0.319753
5.18913 ; 5.84351 ; -0.621532 ; -0.8684
5.5268 ; 5.78618 ; 0.796545 ; -1.04991
5.04252 ; 5.90606 ; -0.371643 ; 0.650767
5.40758 ; 5.5064 ; -0.589979 ; -0.508094
5.01864 ; 5.6603 ; -0.710521 ; 0.0391706
5.46572 ; 5.12997 ; -0.141275 ; 0.190686
5.83007 ; 5.32629 ; -0.325372 ; 0.676011
5.45866 ; 5.02358 ; -0.152776 ; -0.886595
5.85024 ; 5.058 ; 0.0257678 ; -0.743375
5.24661 ; 5.88832 ; 0.821481 ; -1.00118
5.81266 ; 5.64292 ; -0.27459 ; -0.166697
5.40191 ; 5.65186 ; 1.00722 ; 0.420301
5.79168 ; 5.06647 ; 0.756592 ; 0.651552
5.78775 ; 5.11571 ; 0.773778 ; -0.791307
5.3068 ; 5.13145 ; -0.473659 ; -0.764641
5.7296 ; 5.37311 ; 0.622552 ; -0.0239886
5.1369 ; 5.48337 ; -1.01089 ; -0.0359099
5.26951 ; 5.57234 ; 0.279589 ; -0.494939
5.9657 ; 5.46879 ; -0.0385707 ; -0.494653
5.62201 ; 5.59673 ; 0.117732 ; 0.606944
5.96077 ; 5.52909 ; 0.969092 ; -0.492853
5.37775 ; 5.58707 ; -0.439887 ; -0.836775
5.68357 ; 6.01316 ; -0.46973 ; 0.967597
5.20704 ; 5.50784 ; -0.531062 ; -0.491562
5.54755 ; 5.95821 ; 0.802203 ; -0.155044
5.8529 ; 5.83774 ; 1.11411 ; -0.0695408
5.1612 ; 5.85722 ; -0.0770397 ; -0.530111
5.12481 ; 5.89857 ; -0.330324 ; -0.55021
5.66518 ; 5.81136 ; 0.197365 ; -0.358596
5.94733 ; 5.49026 ; 0.727259 ; -0.680083
5.37201 ; 5.0905 ; -0.547066 ; 0.735443
5.39173 ; 5.48705 ; 0.428742 ; 0.983604
5.45343 ; 5.89871 ; -0.814425 ; 0.0392772
5.92829 ; 5.20378 ; 0.418219 ; -0.750976
5.78831 ; 5.79851 ; 1.08305 ; -0.253075
5.57052 ; 5.09487 ; -0.644516 ; 0.429517
5.29423 ; 5.75566 ; -0.82093 ; -0.480919
5.2591 ; 5.35411 ; -0.0228816 ; 0.289248
5.63638 ; 5.54206 ; 0.847481 ; 0.592988
5.5741 ; 5.11114 ; -0.545263 ; 0.722803
5.31324 ; 5.9907 ; 0.0129109 ; -0.0211084
6.00308 ; 5.02916 ; 0.0949067 ; -0.269899
5.14938 ; 5.30346 ; -0.435268 ; -0.584453
5.6992 ; 5.86046 ; 0.529355 ; 0.152098
5.83772 ; 5.5818 ; 0.609004 ; 0.83438
5.19826 ; 5.64012 ; 0.862448 ; -0.537865
5.41687 ; 5.04015 ; 0.276219 ; -0.0477207
5.18118 ; 5.56233 ; 0.244276 ; 0.0538927
5.15926 ; 5.38258 ; -0.322486 ; -0.625779
5.26723 ; 5.98482 ; 0.771454 ; 1.01501
5.51875 ; 5.4401 ; 0.0208416 ; -0.971095
5.23794 ; 5.63128 ; 0.903362 ; 1.08535
5.0623 ; 6.00996 ; -0.00658598 ; 0.61161
5.87556 ; 5.57481 ; -0.63771 ; 0.207703
5.90749 ; 4.99671 ; -0.784702 ; -0.571759
5.79537 ; 5.30448 ; 0.87691 ; -0.70885
5.48782 ; 5.40499 ; 0.799689 ; -0.873314
5.25287 ; 5.14421 ; -0.793725 ; -0.0899601
5.4568 ; 5.33893 ; 1.00352 ; -0.0551943
5.36816 ; 5.52262 ; 0.927204 ; 0.0431688
5.61829 ; 5.96629 ; -0.166816 ; 0.937601
5.32702 ; 5.47335 ; -0.0732333 ; 0.142683
5.48663 ; 6.01663 ; 0.0905633 ; 0.455374
6.00072 ; 5.15884 ; 0.0443673 ; -0.762498
5.19593 ; 6.03095 ; 0.946876 ; 0.562555
5.51742 ; 4.9615 ; 0.982009 ; -0.955628
5.32683 ; 5.97529 ; 0.958251 ; 1.01631
5.70792 ; 5.19286 ; 0.459082 ; 0.119793
5.24809 ; 5.33365 ; 0.884007 ; 0.227978
6.00435 ; 5.6095 ; 1.00022 ; -0.282509
5.22653 ; 5.47594 ; 0.333323 ; 0.851448
5.81685 ; 4.90917 ; 0.51017 ; -1.10085
5.06961 ; 5.70098 ; 0.113996 ; -0.966913
5.78501 ; 5.93643 ; 0.318179 ; 0.54561
5.46846 ; 5.75707 ; 0.870681 ; 0.951313
5.43765 ; 5.8283 ; -0.940271 ; 0.659746
5.1065 ; 5.66238 ; -0.144893 ; -0.586301
5.84126 ; 6.06278 ; -0.456016 ; 0.973449
5.87422 ; 5.58456 ; 0.749015 ; 0.238045
5.33354 ; 5.69627 ; -0.680608 ; -0.696793
5.97714 ; 5.36396 ; 0.628489 ; 0.3496
5.9752 ; 5.56438 ; 0.0200917 ; 0.848009
5.15148 ; 6.02391 ; 0.488774 ; 1.0702
5.47679 ; 5.71875 ; 0.0327886 ; -0.690086
5.80877 ; 5.81426 ; 0.968594 ; -0.161712
5.6146 ; 5.80202 ; 0.987576 ; -0.601763
5.64958 ; 5.49029 ; 0.210764 ; 0.197298
5.86998 ; 5.48795 ; 0.909859 ; -0.0925037
6.01398 ; 5.52264 ; 0.495438 ; 0.955287
5.26497 ; 5.97914 ; -0.792743 ; 0.463547
5.16182 ; 5.44496 ; -0.68908 ; 0.185434
5.87882 ; 5.52415 ; -0.621743 ; -1.05306
5.95373 ; 5.5287 ; -0.443666 ; -1.0753
4.97987 ; 5.53701 ; -0.882721 ; 0.528642
5.39542 ; 5.71147 ; -0.358131 ; 0.524027
5.12871 ; 5.58869 ; -0.464852 ; 0.0931132
5.42314 ; 5.15533 ; -0.581262 ; -0.923754
5.60964 ; 5.05473 ; -0.0274672 ; 0.108295
5.9802 ; 5.67349 ; 1.12889 ; 0.844307
5.81045 ; 5.41885 ; -1.03827 ; -0.560414
5.72431 ; 5.48892 ; -0.135329 ; -0.148645
6.02232 ; 5.76904 ; 0.78185 ; 0.446441
4.96429 ; 5.32918 ; -1.09401 ; 0.716789
5.79276 ; 5.33744 ; -1.01058 ; -0.333616
4.97947 ; 5.80706 ; -0.401804 ; -0.239552
5.3454 ; 5.34051 ; -0.096812 ; 0.205566
5.44762 ; 5.9467 ; -0.431422 ; 0.950368
5.67086 ; 5.10338 ; 0.378519 ; -0.602308
5.0099 ; 5.39896 ; -0.160624 ; 0.065023
5.28421 ; 5.24943 ; -0.812393 ; -1.04976
5.59075 ; 5.94708 ; -0.985467 ; -0.1286
5.38919 ; 5.15131 ; -0.870358 ; 0.0064481
5.71953 ; 4.98247 ; 0.901098 ; -0.399261
5.27043 ; 5.43129 ; 0.665578 ; -0.317599
5.81325 ; 5.86041 ; 0.661203 ; -0.444157
5.53728 ; 5.58583 ; -0.418179 ; 0.149456
5.40691 ; 5.7289 ; -0.759218 ; -0.702254
5.08285 ; 5.28272 ; 0.685717 ; 0.201946
5.70959 ; 5.07653 ; -0.659613 ; -0.10626
5.91023 ; 5.27635 ; -0.632953 ; -0.100143
5.18897 ; 5.28544 ; 0.136645 ; 0.293178
5.91745 ; 5.39956 ; 0.883516 ; 0.181914
5.28655 ; 5.66053 ; -0.0793271 ; 0.773716
5.13802 ; 5.33301 ; -0.968063 ; 0.29449
5.39198 ; 5.19719 ; 0.0157638 ; -0.277902
5.43202 ; 5.63212 ; 0.466841 ; 0.678426
5.42994 ; 5.28548 ; -0.0662795 ; -0.723495
5.60892 ; 5.47902 ; 0.950579 ; 1.06846
5.49481 ; 5.41056 ; -0.258314 ; -0.725826
5.35389 ; 5.83889 ; 0.159001 ; 0.0904533
5.73683 ; 5.80127 ; -0.00976686 ; -0.107528
5.35765 ; 5.79231 ; 0.89593 ; 0.180092
5.03329 ; 5.34155 ; -1.05757 ; 0.719336
5.49514 ; 5.11537 ; -0.463414 ; -0.0866159
5.69461 ; 5.7297 ; -0.894186 ; 0.0501675
5.69223 ; 5.77798 ; -0.675957 ; -0.999987
5.55245 ; 5.82015 ; 0.17743 ; 1.03239
5.50328 ; 5.33752 ; -0.877571 ; 0.150409
5.3835 ; 5.94699 ; 0.35355 ; -0.0683741
5.57852 ; 5.2016 ; 0.424717 ; -0.120785
5.71564 ; 5.22153 ; 0.0632587 ; -0.173351
6.00679 ; 5.1758 ; 0.479984 ; -0.941466
5.29973 ; 5.64945 ; -0.517939 ; 0.0569977
5.78217 ; 5.47111 ; -1.0038 ; 0.606854
5.68554 ; 5.74252 ; 1.04135 ; -0.86104
5.20327 ; 5.63755 ; 0.837987 ; 0.078169
5.40953 ; 5.08249 ; 0.150348 ; 0.0316438
5.70232 ; 5.58658 ; 0.310592 ; -0.394032
5.36052 ; 5.33587 ; -0.598765 ; 0.0698082
5.32031 ; 5.5181 ; -0.732522 ; -0.129892
5.92424 ; 5.85216 ; 0.290635 ; 0.0389134
5.39039 ; 5.49542 ; 0.659057 ; -0.802724
5.9378 ; 5.07593 ; 0.458679 ; 0.331901
5.12457 ; 5.10023 ; -0.0106139 ; 0.372033
5.71819 ; 5.13533 ; 0.465694 ; -1.11139
5.93998 ; 5.08504 ; 0.423138 ; -0.846471
4.98502 ; 5.81852 ; -0.276289 ; 0.709388
5.24006 ; 5.80923 ; -0.99428 ; 0.262754
5.87579 ; 5.83411 ; 0.897962 ; -0.109664
5.87355 ; 5.80367 ; -0.209612 ; 0.148833
5.15779 ; 5.0944 ; 0.366021 ; -0.845845
5.1799 ; 5.17261 ; 0.342676 ; 0.963034
5.34587 ; 5.95228 ; 0.692135 ; 0.133464
5.62659 ; 5.31422 ; 0.0608305 ; -0.858098
5.17082 ; 5.78147 ; -1.10075 ; 0.926703
5.77841 ; 5.38938 ; -0.602755 ; -0.986672
5.33395 ; 5.21892 ; 0.63929 ; 0.469948
5.48522 ; 5.85962 ; 0.700742 ; -0.591882
5.6611 ; 5.53819 ; 0.599893 ; 0.542781
5.60744 ; 5.18655 ; 1.07802 ; 0.0776121
5.30134 ; 5.03842 ; 0.173344 ; -0.565027
5.75904 ; 5.92236 ; 0.258806 ; 0.577414
5.10806 ; 5.90105 ; -1.04913 ; -0.370665
5.09736 ; 5.74281 ; -1.00114 ; -0.264863
5.97108 ; 5.34177 ; 0.397353 ; -1.08066
5.1305 ; 5.79224 ; -0.372561 ; 0.744742
5.34209 ; 5.39015 ; 0.472314 ; 0.741546
5.1244 ; 5.24705 ; 0.306789 ; -1.03033
5.19264 ; 4.91017 ; 0.552624 ; -1.0497
5.94567 ; 5.4404 ; 0.215882 ; 0.976563
5.98126 ; 5.43252 ; 0.0794007 ; 0.233068
5.47679 ; 5.25615 ; 0.868295 ; 0.725
5.5127 ; 5.72756 ; -0.0352786 ; 0.678443
5.47797 ; 5.80747 ; -0.527499 ; -0.914795
5.90435 ; 5.84459 ; -0.778296 ; -0.293834
5.19391 ; 5.6164 ; 0.88579 ; 0.586234
5.8944 ; 5.9353 ; -0.0520195 ; -0.385784
5.01886 ; 5.02387 ; -0.580744 ; -0.745768
5.16022 ; 5.66988 ; -0.497332 ; -0.18662
5.34437 ; 6.06782 ; -0.26399 ; 1.02881
6.02666 ; 5.50153 ; 0.758303 ; -0.692893
5.30473 ; 5.88679 ; 0.777407 ; 0.428229
5.19517 ; 5.66487 ; -0.933458 ; 0.589831
5.66006 ; 5.86343 ; 0.260959 ; -0.351713
5.50795 ; 5.08421 ; 0.552269 ; -0.393001
5.57461 ; 5.4763 ; 0.382761 ; -0.813613
5.23957 ; 5.902 ; -0.615871 ; -0.476529
5.85027 ; 5.77233 ; -0.714769 ; 0.392406
5.50413 ; 5.5428 ; -0.484482 ; -1.02555
5.62341 ; 5.76349 ; 0.0828522 ; -0.480998
5.09233 ; 6.07821 ; -0.394893 ; 0.992447
5.42811 ; 5.41968 ; 0.272935 ; -0.507237
5.95901 ; 6.01728 ; 0.466685 ; 0.90495
6.07522 ; 5.74203 ; 1.13246 ; 0.862789
5.40793 ; 5.08775 ; -1.01868 ; -0.213749
5.68533 ; 5.89649 ; 0.405924 ; 0.64564
5.25064 ; 6.02868 ; 0.0379588 ; 0.659317
5.64875 ; 5.75215 ; 0.34099 ; -0.579724
5.15687 ; 5.28962 ; 0.338276 ; -0.852042
5.35698 ; 5.73689 ; 0.828798 ; -0.879401
5.42996 ; 5.54179 ; -0.949126 ; -0.521074
5.29281 ; 5.76903 ; -0.0891752 ; 0.317155
5.92283 ; 5.25109 ; -0.029348 ; -0.30728
5.26347 ; 5.3164 ; 0.974642 ; 0.222297
5.66449 ; 5.68357 ; 0.270123 ; 1.08985
5.08513 ; 5.35614 ; -0.554416 ; -0.820621
5.4761 ; 5.34726 ; -0.610398 ; 0.461131
5.94024 ; 5.4529 ; 0.941766 ; 0.990614
6.00099 ; 5.16756 ; 0.763567 ; 0.264382
5.60751 ; 5.38271 ; -0.0364229 ; -0.865176
5.41819 ; 5.6708 ; -0.226942 ; -0.0710882
5.80709 ; 5.21455 ; 0.143071 ; 0.97456
5.66429 ; 5.24542 ; 0.421086 ; -0.909997
5.16554 ; 5.77826 ; 0.186208 ; -0.725415
6.00823 ; 5.60889 ; 0.711982 ; 0.524179
5.62594 ; 5.21031 ; 0.0975952 ; -0.882171
5.64155 ; 5.49553 ; 0.745135 ; 0.112989
5.2703 ; 5.861 ; -0.28934 ; -0.915527
5.07064 ; 5.75956 ; -0.601733 ; 0.996462
5.05646 ; 5.7105 ; -0.748871 ; 0.515914
5.27064 ; 5.08803 ; -0.959645 ; -0.959535
5.15979 ; 5.206 ; -0.419296 ; -0.511238
5.3994 ; 5.75185 ; 0.870794 ; -0.406583
5.92669 ; 5.58891 ; -0.0345328 ; 0.24147
5.71772 ; 5.65474 ; 0.0464467 ; -0.242092
5.01617 ; 5.42454 ; -0.227984 ; 0.496389
5.24091 ; 5.50721 ; -0.707143 ; -0.504627
5.06001 ; 5.79725 ; -0.991024 ; 0.170148
5.96024 ; 4.93476 ; 0.468084 ; -0.742537
5.54717 ; 5.35811 ; -0.060396 ; -0.751713
5.07678 ; 5.16368 ; -0.170542 ; -0.325708
5.32767 ; 4.97497 ; 0.0581404 ; -0.436662
5.67006 ; 5.85893 ; -0.606856 ; -0.421187
5.73773 ; 5.43358 ; -0.49994 ; -0.841163
5.54876 ; 5.19879 ; 0.155639 ; 0.475413
5.85811 ; 5.67147 ; 0.0546137 ; -0.565895
5.66286 ; 5.08339 ; -0.383391 ; -0.896912
5.24637 ; 5.91551 ; 0.103115 ; 0.791989
5.07417 ; 5.91434 ; 0.720025 ; 0.596612
5.86851 ; 5.53008 ; -0.94334 ; 0.341479
6.01262 ; 5.00704 ; 0.802404 ; -0.620242
5.12776 ; 5.54621 ; 0.216538 ; -0.250555
5.16258 ; 5.62911 ; 0.33462 ; -0.758412
5.75453 ; 5.58751 ; -0.964774 ; -0.765025
5.88853 ; 5.92664 ; 0.510569 ; 0.855378
5.07352 ; 5.9045 ; -0.0269512 ; 0.0302019
5.83189 ; 5.77266 ; -0.568925 ; 0.261429
5.89383 ; 5.35558 ; -1.01364 ; 0.929036
5.75851 ; 5.80696 ; 0.0661616 ; 0.356521
5.69542 ; 5.03505 ; -0.246498 ; -1.03379
5.34572 ; 5.66044 ; 0.886263 ; -0.402389
5.5225 ; 5.12993 ; 0.360014 ; 0.714749
5.97186 ; 5.02551 ; 1.05814 ; -0.115809
5.51268 ; 5.35469 ; 0.350356 ; -0.394018
6.07237 ; 5.66703 ; 0.925898 ; -0.589198
5.81186 ; 5.98061 ; 0.944056 ; 0.207366
5.41005 ; 5.22715 ; 0.505669 ; 0.756016
5.76749 ; 5.76691 ; 0.36564 ; -0.543844
5.33449 ; 5.79668 ; -0.0751342 ; 0.957662
5.55236 ; 5.19558 ; 0.840631 ; 0.460598
5.80414 ; 5.58147 ; 0.618617 ; -0.201563
5.18059 ; 5.18887 ; -0.509706 ; -0.871172
5.09598 ; 5.58101 ; -0.551683 ; -0.292227
5.12056 ; 5.31362 ; 0.212005 ; -0.49525
5.54684 ; 5.88024 ; 0.758253 ; 0.123529
5.28673 ; 5.97457 ; -1.01315 ; -0.232968
5.79564 ; 5.59505 ; -0.254577 ; 0.30831
5.7655 ; 5.33059 ; 0.107198 ; -0.693805
5.55275 ; 5.73556 ; 0.02026 ; 0.100462
5.35872 ; 5.56208 ; 0.855797 ; 0.132554
5.68051 ; 5.7851 ; -0.901596 ; 0.623601
5.13742 ; 5.14472 ; -0.362379 ; -0.147192
5.52699 ; 5.66697 ; -0.11195 ; 1.03661
5.34247 ; 6.07908 ; 0.598444 ; 1.13256
5.47909 ; 5.05882 ; -0.245948 ; 0.321503
5.89852 ; 5.85085 ; -0.45911 ; 0.822314
5.37729 ; 5.67055 ; 0.812346 ; -0.65064
5.02204 ; 5.65685 ; -0.244646 ; 0.851284
5.33766 ; 5.3869 ; 0.902547 ; -0.49619
5.96667 ; 5.15923 ; -0.32341 ; -0.0410209
5.9537 ; 5.56309 ; 0.264364 ; -1.05592
5.11865 ; 5.07486 ; 0.0594702 ; 0.320203
5.21295 ; 5.90375 ; 0.638589 ; -0.149299
5.62674 ; 5.9793 ; -0.85204 ; 1.01606
5.75549 ; 5.18554 ; 1.02542 ; -0.867978
5.11394 ; 5.9801 ; -0.796824 ; 0.387557
5.6398 ; 5.48174 ; -0.0238831 ; 0.493077
5.29794 ; 5.74655 ; 0.652048 ; -0.363361
4.97473 ; 5.07545 ; -0.742756 ; 0.671075
5.01114 ; 5.29549 ; -0.653723 ; -0.244192
5.86499 ; 5.47663 ; 0.556161 ; -0.952461
5.3039 ; 5.73596 ; 0.412583 ; 0.454733
5.19472 ; 5.25077 ; 0.537036 ; -0.166299
5.7616 ; 5.33791 ; 0.660095 ; -0.985477
5.80004 ; 4.98449 ; 0.839505 ; -0.764377
5.18731 ; 5.07642 ; 0.87003 ; -1.06669
5.59317 ; 5.9378 ; 0.453657 ; 0.814211
5.36925 ; 5.68831 ; 0.0474992 ; 0.794149
5.50028 ; 5.45781 ; -0.907033 ; -0.162307
5.94236 ; 5.09491 ; 0.570793 ; 0.908008
5.7424 ; 5.50358 ; -0.614098 ; 0.0292033
5.79826 ; 6.02121 ; -0.230033 ; 1.01643
5.91992 ; 5.10301 ; 0.906399 ; 0.58992
5.67771 ; 5.41616 ; 1.02214 ; 1.03583
5.09114 ; 5.46441 ; -0.681537 ; 0.665547
5.84506 ; 5.42359 ; -0.933952 ; 0.678603
5.15548 ; 5.75149 ; -0.410678 ; 0.227826
5.28269 ; 5.86945 ; -0.958974 ; -0.955368
5.73146 ; 5.7996 ; 1.0885 ; -0.216296
5.11512 ; 5.76283 ; 0.821757 ; -0.527147
5.92172 ; 5.96542 ; -0.613537 ; 0.978117
4.92872 ; 5.72586 ; -1.05458 ; -0.781265
5.22231 ; 5.27728 ; 0.761621 ; -0.68257
5.14712 ; 5.64705 ; -0.471146 ; -0.493279
5.10128 ; 6.02224 ; -0.335994 ; 0.634753
5.85462 ; 5.07636 ; 0.796571 ; 0.319757
5.05298 ; 5.12507 ; -0.634375 ; 0.10857
5.13898 ; 5.67329 ; -0.00794851 ; 0.489609
5.7119 ; 5.60357 ; -0.345312 ; -0.115472
5.09679 ; 5.69577 ; -0.164571 ; 0.0788685
5.28378 ; 5.94039 ; -0.553587 ; 0.499151
5.05316 ; 5.35035 ; -0.364401 ; -0.0754543
5.25644 ; 5.16111 ; 0.212795 ; 0.841353
5.76568 ; 5.59817 ; 0.950378 ; -1.01262
5.61026 ; 5.23135 ; 0.813044 ; 0.950306
5.33763 ; 5.90439 ; -0.19052 ; -0.0111686
5.94289 ; 6.06034 ; -0.101643 ; 0.901749
5.0565 ; 5.43399 ; 0.324323 ; 0.996225
5.07413 ; 5.07763 ; 0.575776 ; -0.651778
5.25348 ; 5.4113 ; -0.955053 ; 0.226094
5.83633 ; 5.48564 ; -0.450269 ; 0.775206
5.0206 ; 5.53143 ; -0.636081 ; 0.322752
5.05782 ; 5.56728 ; 0.385011 ; -0.303157
5.49816 ; 5.86487 ; -0.583671 ; -0.697508
5.34791 ; 5.8434 ; -0.648495 ; -0.0188137
5.32312 ; 5.6016 ; -0.484087 ; -0.284489
5.71225 ; 4.99623 ; -0.355337 ; -0.75912
5.71148 ; 4.9089 ; 0.661698 ; -1.09893
5.36846 ; 5.50635 ; -0.0282268 ; 0.879221
5.89155 ; 5.28127 ; -0.381817 ; 0.00491973
5.43403 ; 5.67032 ; 0.820717 ; 1.00163
5.10074 ; 5.70189 ; 0.123262 ; -1.02154
5.89675 ; 5.55428 ; 0.973119 ; -0.596115
5.28594 ; 5.47665 ; 0.13405 ; 0.151848
5.86536 ; 5.47575 ; -0.675698 ; -0.918139
5.93337 ; 5.76261 ; 0.882721 ; -0.0599508
5.95418 ; 5.10269 ; 0.205524 ; 1.04303
5.98114 ; 5.94671 ; -0.135357 ; 0.492724
5.33007 ; 5.78864 ; 0.412481 ; -0.453388
5.635 ; 5.65484 ; 0.498849 ; -0.562899
5.80344 ; 6.00617 ; 0.290317 ; 0.587595
5.09944 ; 6.03576 ; -0.278575 ; 0.869498
5.47222 ; 5.50785 ; 0.0793929 ; -0.809935
5.38847 ; 5.53187 ; -0.433988 ; -0.899284
5.63065 ; 5.09963 ; 0.748625 ; -0.59708
5.34729 ; 5.08401 ; -1.06161 ; -0.882956
5.3455 ; 5.81807 ; 0.627113 ; -0.792577
5.46455 ; 5.99311 ; 0.395464 ; 0.88973
5.06749 ; 5.23026 ; 0.0373181 ; 0.77292
5.27999 ; 5.81644 ; 0.220806 ; 0.572634
5.56414 ; 5.20719 ; -0.0814675 ; -0.584889
5.81338 ; 5.25496 ; 0.576976 ; -0.120167
5.18428 ; 5.31189 ; -0.829513 ; 0.613583
5.31968 ; 5.1445 ; 0.726349 ; 0.0779846
5.30129 ; 5.92701 ; 0.82074 ; -0.142561
5.54239 ; 5.65732 ; -0.529266 ; 0.978237
5.53439 ; 5.65668 ; 0.195726 ; 0.0339552
5.90517 ; 5.34631 ; -0.699943 ; 0.425088
5.98035 ; 5.87118 ; 0.652069 ; -0.416683
5.54466 ; 5.53983 ; 0.476986 ; -0.844137
5.68376 ; 5.29479 ; 0.224044 ; -0.604059
5.44387 ; 5.65766 ; -0.904928 ; -0.12157
5.1037 ; 5.03488 ; 0.676447 ; 0.0984834
5.44166 ; 5.68228 ; -0.0448457 ; 0.568733
5.84954 ; 5.2719 ; 0.725541 ; -0.578904
5.59159 ; 5.9144 ; 0.425721 ; -0.811303
5.29062 ; 5.38915 ; 0.221206 ; 0.862576
5.06757 ; 5.45888 ; -0.925253 ; 0.593813
5.20148 ; 5.37529 ; 0.116847 ; 0.879512
5.51667 ; 5.78946 ; -0.737523 ; 0.201962
5.8708 ; 5.57623 ; 0.693892 ; 0.186462
5.57759 ; 5.6627 ; -0.684652 ; 0.505044
5.20969 ; 5.3029 ; 0.886846 ; -0.34648
5.67192 ; 5.31284 ; -0.149052 ; -0.761658
5.44203 ; 5.27078 ; 0.901073 ; -0.678624
5.386 ; 5.11206 ; -0.486363 ; 0.0455741
5.20173 ; 5.85258 ; 0.440974 ; -0.325751
5.7498 ; 5.66821 ; 0.036074 ; -0.340526
5.40346 ; 5.89767 ; -0.46485 ; -0.993618
6.04971 ; 5.60367 ; 1.03089 ; -0.544225
5.52794 ; 5.20259 ; -0.971977 ; -0.243903
5.92566 ; 5.64517 ; -0.0554185 ; -0.0561418
5.58155 ; 5.86785 ; -0.00782827 ; 0.309345
5.21662 ; 5.0978 ; -0.922565 ; 0.901272
5.56402 ; 5.13399 ; 0.282613 ; -1.08577
5.82942 ; 5.72265 ; 0.658972 ; 0.505133
5.12969 ; 5.7754 ; 0.157809 ; 0.347118
5.30832 ; 5.46274 ; 0.61716 ; 0.279736
5.29551 ; 5.37217 ; 0.73519 ; -0.720319
5.22032 ; 5.72379 ; 0.117086 ; 0.231462
5.2325 ; 5.08319 ; -0.439287 ; -0.333394
5.5651 ; 5.34218 ; -0.261314 ; -0.496369
5.88063 ; 5.3749 ; 0.567815 ; 0.652944
5.77039 ; 6.09053 ; 0.0420833 ; 1.04079
5.49943 ; 5.10807 ; 0.447732 ; -1.02292
5.8975 ; 5.76903 ; -0.147133 ; -0.307952
5.50944 ; 5.26877 ; -0.275093 ; -0.441191
5.2969 ; 5.05089 ; -0.876568 ; 0.0128283
5.31335 ; 5.34477 ; 0.877075 ; 0.534158
5.81999 ; 5.28781 ; 0.938822 ; -0.774734
5.62617 ; 5.30361 ; -1.02319 ; -0.365067
5.62297 ; 5.16449 ; -0.705257 ; -0.922764
5.35134 ; 5.74923 ; -0.0576805 ; -0.574877
5.19425 ; 5.46046 ; -0.491774 ; 0.615553
5.88575 ; 5.86908 ; -0.366374 ; -1.00777
5.5247 ; 5.85583 ; -0.964117 ; 0.576577
5.57002 ; 5.84787 ; -0.605111 ; 1.04928
5.85472 ; 5.61979 ; 0.355139 ; -0.108444
5.37853 ; 5.22941 ; -0.617149 ; -0.216969
5.6738 ; 5.01908 ; 1.08335 ; -0.178596
5.55766 ; 5.34434 ; 0.688655 ; -1.05135
5.43706 ; 5.67282 ; -0.737679 ; 0.626513
5.79363 ; 5.75554 ; 0.908193 ; -0.62095
5.62186 ; 5.31437 ; 0.96291 ; -0.663306
5.91958 ; 5.3145 ; 0.671402 ; -0.285992
5.09152 ; 5.77681 ; 0.883846 ; 0.114965
5.94375 ; 5.55274 ; 0.926449 ; -0.725072
5.20372 ; 5.46628 ; 0.348934 ; 0.648492
5.79547 ; 5.64486 ; -0.171146 ; -0.37802
5.84494 ; 5.72579 ; -0.203357 ; 0.0526717
5.54458 ; 5.6143 ; 0.860498 ; 0.601192
5.6434 ; 5.44021 ; -1.01109 ; 0.922507
5.99675 ; 5.8271 ; 0.153664 ; 0.317592
5.20436 ; 5.8948 ; -0.175109 ; 0.616711
5.10875 ; 5.4565 ; -0.543649 ; -0.298351
5.56252 ; 5.85858 ; 0.533934 ; 0.961406
5.85358 ; 5.62183 ; -0.397517 ; 0.175505
5.63539 ; 5.89626 ; -0.190232 ; -0.433989
5.88348 ; 5.51193 ; 0.00259478 ; -0.000957393
5.52596 ; 5.53339 ; 0.448969 ; 0.548806
5.67592 ; 5.86189 ; -0.319781 ; -0.799143
5.90782 ; 5.24766 ; 0.579324 ; -0.678305
5.75172 ; 5.5539 ; -0.0709813 ; 0.419197
5.65046 ; 5.70628 ; 0.495228 ; 0.710693
5.87696 ; 5.56695 ; -0.369733 ; 0.868989
5.4991 ; 5.22294 ; 0.191802 ; 0.869662
5.76376 ; 5.28011 ; 0.756179 ; -0.332046
5.8648 ; 5.555 ; -0.0876966 ; -0.433346
5.92151 ; 5.01345 ; 0.867619 ; 0.101626
5.81874 ; 4.9087 ; 0.84445 ; -1.04672
5.61134 ; 5.51041 ; -1.04179 ; 0.474645
5.61204 ; 5.54671 ; 0.468671 ; -0.00085623
5.47587 ; 6.01303 ; 0.518421 ; 1.00712
5.83221 ; 5.50062 ; -0.780944 ; 0.872576
5.25819 ; 5.57326 ; 0.712773 ; 0.749608
5.41768 ; 5.55011 ; -0.238988 ; 0.713548
5.22635 ; 5.0473 ; 1.05757 ; -0.146875
5.50437 ; 5.14004 ; 0.359918 ; -0.331426
5.98697 ; 5.82317 ; 0.11577 ; 0.253551
5.40097 ; 5.65296 ; -0.946626 ; -0.460354
5.25948 ; 5.51477 ; -0.41774 ; -0.817463
5.42212 ; 5.98653 ; -0.0285331 ; 1.01952
5.74431 ; 5.30915 ; 0.764679 ; 0.499777
5.30984 ; 5.49815 ; 0.488481 ; -1.01911
5.14188 ; 5.08054 ; 0.126783 ; 0.531142
5.48903 ; 5.56208 ; -0.478228 ; -0.807081
5.76123 ; 5.80685 ; -0.156134 ; 0.612797
5.16469 ; 5.8269 ; -0.695082 ; -0.36466
5.90667 ; 5.3752 ; 0.519616 ; -0.740568
5.15466 ; 5.76501 ; -0.888976 ; -0.665586
5.50981 ; 5.65702 ; -0.0685723 ; -0.77438
5.87465 ; 6.05348 ; -0.457029 ; 0.621852
5.09335 ; 5.35434 ; -0.190518 ; 0.824444
5.66581 ; 5.78834 ; 0.748505 ; 0.87957
5.45945 ; 6.04438 ; 0.984444 ; 0.599909
5.32343 ; 5.07302 ; -1.03785 ; -0.534647
4.96176 ; 5.83937 ; -1.01158 ; -0.506965
5.39794 ; 4.93976 ; -0.439514 ; -0.993599
4.99467 ; 6.0678 ; -0.503699 ; 0.934677
5.12816 ; 5.85689 ; 0.857007 ; 0.603876
5.77326 ; 5.92255 ; -0.96154 ; 0.278408
5.65543 ; 5.46115 ; 0.461143 ; -0.731246
5.13485 ; 5.15029 ; 0.774501 ; 0.913392
5.17373 ; 5.62416 ; -0.491399 ; -0.86471
5.09458 ; 5.13068 ; 0.269022 ; -0.320748
5.40669 ; 5.35079 ; 0.728257 ; -0.151454
5.216 ; 5.87123 ; 0.40754 ; -0.616424
5.71886 ; 5.35894 ; -0.222944 ; -0.0441011
4.92066 ; 5.25879 ; -1.10469 ; -0.999485
5.94063 ; 5.21988 ; -0.545266 ; -0.25281
5.98785 ; 5.818 ; 0.289218 ; -0.290371
5.14869 ; 5.25623 ; 0.814814 ; -0.736649
5.70822 ; 5.83959 ; 0.365855 ; 0.071003
5.3551 ; 5.25506 ; -1.02353 ; 0.00931268
5.6334 ; 4.99903 ; 0.053125 ; -1.04459
5.5175 ; 5.05912 ; -0.941956 ; -0.467206
5.82452 ; 5.13418 ; 0.849737 ; -0.381266
4.96897 ; 5.07805 ; -0.379993 ; 0.588264
5.72964 ; 5.06697 ; -0.559026 ; -0.857424
5.38716 ; 5.59814 ; 0.508898 ; 0.270483
5.30489 ; 5.32782 ; -0.407965 ; 0.142976
5.23006 ; 5.05973 ; 0.798041 ; 0.275838
5.29087 ; 5.48143 ; -0.679428 ; -0.435627
5.5019 ; 5.90191 ; -0.782203 ; 0.0498
5.27331 ; 5.45981 ; -0.245262 ; 0.64026
5.86329 ; 5.32443 ; -0.0196969 ; 0.740868
5.68701 ; 5.64715 ; -0.943059 ; 0.635862
5.26876 ; 5.25633 ; -0.276792 ; -0.337494
4.93517 ; 5.42021 ; -1.12475 ; -0.559119
5.39826 ; 5.41402 ; 0.433195 ; 1.05599
5.10538 ; 5.03841 ; -0.402268 ; -0.907688
5.59757 ; 5.7501 ; 0.209074 ; -0.160493
5.33964 ; 5.18827 ; -0.510881 ; -0.155554
5.10404 ; 5.34223 ; -0.198469 ; -0.150582
5.0553 ; 5.23185 ; 0.313926 ; -0.448633
5.20494 ; 5.28774 ; 0.519774 ; -1.02228
5.06339 ; 5.31268 ; -1.00054 ; -0.559455
5.14242 ; 5.77127 ; -0.888859 ; -0.289837
5.10042 ; 5.80167 ; -0.660506 ; 0.12884
5.1319 ; 5.53533 ; -0.556926 ; 0.609108
5.36165 ; 5.40504 ; 0.0923563 ; 0.164235
5.55898 ; 5.87275 ; -0.528708 ; -0.370088
5.52067 ; 5.39634 ; -0.562774 ; -0.854734
5.63114 ; 5.57914 ; -0.417181 ; 0.0123128
5.92145 ; 5.44209 ; -0.0152687 ; -0.523032
5.74 ; 5.09144 ; -0.869499 ; 0.148204
5.73156 ; 4.94907 ; 0.48761 ; -1.07069
5.42796 ; 5.50879 ; 0.522252 ; 0.728067
5.68505 ; 5.10936 ; 1.10032 ; 0.795549
5.24297 ; 5.16618 ; -0.0915614 ; 1.04742
5.90796 ; 5.27116 ; -0.50746 ; 0.30644
5.76709 ; 5.76346 ; -0.573387 ; 0.831253
5.41955 ; 5.32302 ; 0.713081 ; 0.407449
5.23229 ; 5.41339 ; -0.990963 ; -0.700225
5.37527 ; 5.15705 ; -0.644159 ; 0.81271
5.3446 ; 5.34719 ; -0.24585 ; -0.839585
5.31518 ; 5.38062 ; -0.522978 ; -1.06555
5.66331 ; 5.79172 ; -0.037345 ; -0.38343
5.98699 ; 5.44696 ; 0.298208 ; -0.883941
5.82423 ; 5.89228 ; 0.449971 ; 0.060661
5.37244 ; 5.55454 ; 0.223668 ; -0.775182
5.13741 ; 5.09986 ; -0.894218 ; -0.651261
5.05915 ; 5.2356 ; 0.204059 ; 0.0592415
5.18973 ; 5.67258 ; 0.433863 ; 0.311797
5.54753 ; 6.02601 ; -0.965989 ; 0.333995
5.29112 ; 5.18712 ; 0.860175 ; -0.288588
5.46764 ; 5.12848 ; 0.953955 ; -0.843318
5.69408 ; 5.88467 ; -0.535845 ; -0.212576
5.97079 ; 5.38199 ; -0.253155 ; -0.262477
5.55665 ; 5.76113 ; -0.454404 ; -0.792167
5.67806 ; 5.10897 ; -0.720993 ; -0.605419
5.81013 ; 4.94741 ; 1.10496 ; -0.637519
5.842 ; 5.91758 ; 1.01699 ; 0.918293
5.08655 ; 5.61622 ; -0.0585516 ; 1.04335
5.18198 ; 5.89539 ; 0.0623103 ; 0.75517
5.63847 ; 5.65906 ; 0.640395 ; 0.0399576
5.81444 ; 5.51781 ; 0.38381 ; 0.938418
5.81417 ; 5.39511 ; 0.857383 ; -0.911455
5.21235 ; 5.3831 ; 0.360166 ; 0.547071
5.22093 ; 5.49092 ; -0.885978 ; -0.5657
5.61611 ; 6.01208 ; -0.00451288 ; 0.315204
5.15777 ; 5.13807 ; -0.832212 ; -0.904696
5.76221 ; 5.53938 ; -0.654725 ; -0.965328
5.40206 ; 5.3221 ; 0.0337422 ; -0.872246
5.19296 ; 5.68621 ; -0.821096 ; 0.332216
5.18566 ; 5.47082 ; 1.03932 ; 0.195258
5.46661 ; 6.02763 ; 0.579779 ; 0.834056
5.51581 ; 4.99855 ; 0.795942 ; -0.829866
5.69058 ; 5.15191 ; 0.815672 ; 1.01162
5.01094 ; 5.86097 ; -0.581117 ; -0.194653
5.23584 ; 5.81818 ; -0.274137 ; -0.0955889
5.88814 ; 5.52965 ; 0.48155 ; 0.240468
5.87087 ; 5.47824 ; -0.869517 ; -0.665781
5.12009 ; 5.29861 ; 0.117343 ; -0.716715
5.50233 ; 5.80871 ; -0.822409 ; -0.742229
5.49502 ; 5.29964 ; 0.201202 ; -0.665027
5.51674 ; 5.54869 ; 0.806309 ; 0.129853
5.11638 ; 5.27109 ; -0.0462293 ; 0.736979
5.49866 ; 5.87578 ; -0.188121 ; 0.408098
5.26936 ; 5.38823 ; 0.0736143 ; -0.173144
5.48316 ; 5.4493 ; -0.0940872 ; 0.621333
5.77016 ; 5.0403 ; -0.172451 ; -0.628342
5.4861 ; 5.48475 ; -0.869769 ; -0.0300756
5.83147 ; 5.378 ; -0.286403 ; -1.08896
5.23832 ; 5.10784 ; 0.853634 ; 0.398279
