5.79446 ; 5.75477 ; -0.0603839 ; -0.794662
5.90646 ; 5.30399 ; 0.781773 ; 0.203163
6.00084 ; 5.40044 ; 0.319619 ; -0.0959149
4.97492 ; 4.9519 ; -0.411553 ; -0.90025
5.57321 ; 5.89803 ; -0.175106 ; -0.471359
4.93834 ; 4.97988 ; -0.8934 ; -0.452741
5.85301 ; 5.65525 ; -0.207663 ; -0.187411
5.78979 ; 5.20987 ; -0.150816 ; 0.507215
5.50995 ; 5.14827 ; 0.88305 ; 0.155587
5.59571 ; 5.73803 ; 0.878711 ; 0.662059
5.91014 ; 5.75201 ; 0.586057 ; -0.557721
5.42077 ; 5.829 ; 0.484896 ; -0.317851
5.48884 ; 5.67703 ; -0.854512 ; -0.622854
5.6123 ; 5.06475 ; -0.730006 ; -0.0775396
5.51006 ; 5.35334 ; 0.599396 ; -0.331317
5.30559 ; 5.89242 ; 0.662079 ; 0.393348
5.19495 ; 5.46938 ; -0.367397 ; -0.654649
6.02251 ; 5.42416 ; 1.08276 ; 0.51805
5.59097 ; 5.50659 ; -0.154822 ; -0.231772
5.50253 ; 5.76315 ; -0.563221 ; -0.0626025
5.97228 ; 6.06158 ; 0.587261 ; 0.708779
5.04012 ; 5.49648 ; -1.1061 ; 0.930252
5.61195 ; 5.85382 ; 0.272548 ; 1.16054
5.25725 ; 5.78034 ; 0.681072 ; -0.179262
5.56171 ; 5.70232 ; -0.472574 ; 1.01395
5.61298 ; 5.2354 ; 0.688847 ; 0.285367
5.50177 ; 5.09204 ; -0.240943 ; 0.0729992
5.75343 ; 5.33336 ; -0.557187 ; 0.0323257
5.08725 ; 5.13307 ; -1.23869 ; -1.0508
5.39846 ; 5.7221 ; 0.316323 ; -0.785917
5.83744 ; 5.69949 ; 0.804281 ; -0.0934894
5.65389 ; 5.15428 ; -0.193631 ; -0.735598
5.59531 ; 5.66126 ; 0.890595 ; 0.515765
6.15578 ; 5.32494 ; 1.24746 ; 0.379975
5.64642 ; 5.60578 ; -1.03108 ; -0.652215
5.59158 ; 5.43293 ; 0.899206 ; -0.95636
5.53055 ; 5.51903 ; -0.429178 ; -0.855677
5.41537 ; 5.21557 ; -0.49446 ; -0.798701
5.59391 ; 5.87392 ; -0.813504 ; 1.07076
5.63828 ; 5.26933 ; -0.893634 ; 0.42849
5.37235 ; 5.28804 ; 0.11766 ; 0.472231
5.45228 ; 6.16906 ; -0.12824 ; 1.23272
5.30587 ; 5.22556 ; 0.512223 ; 0.256747
5.27736 ; 5.12341 ; 0.224752 ; -0.477086
4.91083 ; 5.66305 ; -0.754549 ; -0.309901
5.30406 ; 5.06083 ; -0.0797272 ; -0.317188
6.06961 ; 5.52086 ; 1.13816 ; -0.894533
5.00793 ; 5.37636 ; -0.283467 ; -0.0508903
5.30123 ; 5.47151 ; -0.665153 ; -0.366669
5.88924 ; 5.0654 ; 1.06516 ; -0.644041
5.45397 ; 5.54126 ; -0.584028 ; -0.986868
5.81913 ; 5.20556 ; 0.949371 ; -1.07352
5.19499 ; 5.17314 ; -0.369036 ; -0.764496
4.89093 ; 5.78431 ; -0.844077 ; 0.485872
5.56907 ; 5.44715 ; -0.294156 ; -0.446135
5.12712 ; 5.82262 ; -0.581017 ; -0.387526
5.8985 ; 5.30645 ; 1.2177 ; -0.0685191
5.45369 ; 5.90345 ; -0.962887 ; 0.324307
5.78889 ; 5.24144 ; 1.18444 ; -0.463062
5.39791 ; 5.40825 ; 0.914882 ; 1.06226
5.69229 ; 5.19868 ; -0.651647 ; 0.140202
5.05849 ; 5.01413 ; -0.289364 ; -0.589094
5.57639 ; 5.87773 ; -0.890101 ; 0.882282
5.46525 ; 5.27899 ; 0.870653 ; -0.111605
5.80604 ; 6.14238 ; 1.07989 ; 1.12314
5.75191 ; 6.16366 ; -0.605515 ; 1.26188
5.61569 ; 5.6323 ; 0.984553 ; -0.823619
5.58177 ; 4.93282 ; 0.354086 ; -0.901574
5.71587 ; 5.40905 ; -0.909684 ; -1.05217
5.02349 ; 5.6788 ; -0.892788 ; -0.422626
5.38778 ; 5.26519 ; 0.918115 ; -0.133298
5.751 ; 5.45772 ; -0.576294 ; -0.98055
5.57126 ; 5.3503 ; 0.794886 ; -1.03443
5.53723 ; 5.6827 ; -0.609921 ; -0.597694
5.08842 ; 5.54138 ; -0.771852 ; 0.204852
5.70587 ; 6.0182 ; 0.492817 ; 1.24177
5.95845 ; 5.58387 ; 0.627256 ; -0.871454
5.75816 ; 5.42931 ; 0.818063 ; -0.312507
5.62904 ; 5.11178 ; 0.00622432 ; -0.989548
5.76056 ; 5.59676 ; -0.164737 ; 0.992425
6.11467 ; 5.70633 ; 0.954945 ; -0.528559
5.98185 ; 5.94281 ; 0.341921 ; -0.0396958
5.19882 ; 5.72704 ; -0.734404 ; 0.068658
5.47341 ; 5.31425 ; -0.972944 ; -0.886692
6.02532 ; 5.69246 ; 0.774503 ; 0.356587
5.40324 ; 5.32926 ; 0.501521 ; -0.796691
5.58916 ; 5.84371 ; 1.02884 ; -0.0531713
5.75513 ; 5.60408 ; 0.0804387 ; -0.0970635
5.73154 ; 5.75621 ; 0.531273 ; -0.557895
4.94041 ; 5.99751 ; -0.478185 ; 0.352512
5.55737 ; 6.03423 ; -1.04282 ; 0.528743
5.46512 ; 5.38158 ; 0.048958 ; -0.751176
5.73733 ; 5.19709 ; -0.0855688 ; -0.140852
5.74146 ; 4.97725 ; -0.153386 ; -1.08417
5.44095 ; 5.06545 ; 0.384925 ; 0.23245
6.12973 ; 5.8673 ; 0.83394 ; 0.436169
5.75008 ; 5.21481 ; -0.948243 ; 0.63477
5.11022 ; 5.38903 ; -0.197822 ; 0.224636
5.31842 ; 4.97475 ; 0.667303 ; -0.435791
5.98809 ; 5.9206 ; 0.0674891 ; 0.341361
5.22398 ; 5.9484 ; -0.969495 ; 0.387124
5.54071 ; 5.15965 ; 1.04518 ; -0.484312
5.61133 ; 5.3227 ; 0.159852 ; 0.0339942
5.69165 ; 5.39562 ; 1.02807 ; 0.283537
5.29794 ; 5.18559 ; -0.691678 ; 0.848275
5.57086 ; 5.14444 ; -0.914914 ; -1.19053
5.65062 ; 5.62374 ; 0.120482 ; -0.406016
5.11445 ; 5.5828 ; 0.0928026 ; 0.858485
5.60491 ; 5.67993 ; -0.0899411 ; 0.59695
5.91583 ; 5.24832 ; 0.463641 ; 0.861502
5.73711 ; 5.55778 ; 0.871999 ; -0.0950737
5.60286 ; 5.65624 ; -0.583728 ; 0.601438
5.98913 ; 5.31865 ; 0.671336 ; 0.97478
5.6581 ; 5.45823 ; 0.0535521 ; -1.13894
5.67141 ; 6.02573 ; -0.65021 ; 0.333099
5.53551 ; 5.3457 ; 0.850524 ; 0.955568
5.48322 ; 5.23151 ; 0.977571 ; -1.02611
5.17987 ; 5.55999 ; 0.134493 ; -1.05642
5.84481 ; 5.21512 ; -0.0410614 ; 0.67489
5.01267 ; 5.47468 ; -0.25183 ; 0.793266
5.4441 ; 5.9525 ; 0.624516 ; 1.14553
5.6412 ; 5.5822 ; -0.928018 ; 0.354531
5.3057 ; 5.54626 ; 0.628945 ; 0.433957
5.49045 ; 5.79472 ; -0.229792 ; -0.6404
5.62801 ; 5.19208 ; -0.69326 ; 0.870662
5.11319 ; 5.52646 ; 0.0735889 ; 0.292654
5.7236 ; 5.8729 ; -0.150048 ; -0.00857791
5.19301 ; 5.20173 ; -0.878777 ; -1.21147
5.29535 ; 5.14759 ; -1.05472 ; 0.393659
5.14287 ; 5.76093 ; -0.520603 ; -0.278637
5.80573 ; 5.27735 ; 1.12808 ; -0.322104
5.86004 ; 5.38724 ; -0.216603 ; 0.668732
5.20973 ; 5.94295 ; -1.02078 ; 0.290581
5.16244 ; 5.79128 ; 0.284257 ; 0.979516
5.72615 ; 5.29955 ; 0.36111 ; 0.0444579
5.25397 ; 5.62953 ; 0.586241 ; -1.08066
5.30881 ; 5.52327 ; -0.962312 ; 0.882453
5.53934 ; 6.00797 ; 0.518132 ; 0.963338
5.67769 ; 5.81196 ; 0.455064 ; 1.03754
5.95821 ; 6.03457 ; -0.178095 ; 0.632947
5.81234 ; 5.60231 ; 0.417881 ; -0.963485
5.83899 ; 6.11141 ; -0.139235 ; 1.10986
5.27908 ; 5.48893 ; 0.835491 ; 0.85066
5.71967 ; 5.48383 ; -0.10245 ; 0.609683
5.78376 ; 5.19434 ; -0.0159088 ; -1.01742
6.13547 ; 5.65286 ; 1.10479 ; -0.400825
5.59938 ; 6.08474 ; -0.495681 ; 0.677529
5.2723 ; 5.3375 ; -0.608115 ; 1.12177
4.90301 ; 5.18012 ; -1.0197 ; 0.136167
4.88066 ; 5.46416 ; -1.18982 ; -1.14574
5.61178 ; 5.72128 ; -0.570483 ; -1.02462
5.65117 ; 5.68769 ; 0.118842 ; -0.979052
5.12859 ; 4.94721 ; -1.06523 ; -0.701116
5.51242 ; 5.48514 ; 0.382897 ; -0.161682
5.98228 ; 5.75745 ; 0.605047 ; 0.509043
5.90564 ; 5.87172 ; -0.123259 ; 0.27308
5.35523 ; 5.42697 ; 0.279471 ; 0.0874102
5.6502 ; 5.34636 ; 0.419371 ; -0.641126
6.1751 ; 5.46264 ; 1.19725 ; -0.743619
5.05689 ; 5.64938 ; -0.326518 ; -1.03336
5.53043 ; 5.99002 ; 0.899337 ; 1.19817
5.20818 ; 5.40121 ; -1.00448 ; 0.19537
5.79306 ; 5.5368 ; -0.144741 ; -0.634725
5.29889 ; 5.43966 ; 0.903367 ; 1.09323
5.58898 ; 5.99138 ; 0.481008 ; 0.530683
5.51159 ; 5.58883 ; -0.421768 ; -0.10494
5.17068 ; 5.17499 ; 0.377438 ; 0.68635
5.67716 ; 6.00577 ; -0.745495 ; 1.23595
5.88631 ; 5.85445 ; -0.231498 ; -0.546029
5.21778 ; 5.20994 ; 0.610562 ; 0.297367
5.21263 ; 6.03921 ; 0.509212 ; 0.839162
5.94048 ; 5.85214 ; 1.0088 ; 0.641571
5.6399 ; 5.09453 ; 0.496838 ; -0.464645
5.71065 ; 5.39421 ; 0.345763 ; -0.297294
5.92751 ; 5.97768 ; 0.173797 ; 0.162283
5.41654 ; 5.19238 ; -0.108631 ; -0.420699
5.70076 ; 5.49435 ; -0.645382 ; -1.10372
4.98396 ; 5.81582 ; -0.61005 ; 0.727419
5.31767 ; 5.37432 ; -0.605563 ; -0.00879428
5.48006 ; 5.48821 ; -0.203359 ; 0.552342
5.34832 ; 5.87443 ; 0.177984 ; 0.11916
5.16948 ; 5.13256 ; -1.22052 ; 0.180193
5.54441 ; 5.6377 ; 0.717122 ; -1.00509
5.7214 ; 5.58188 ; 1.07535 ; -1.12269
5.80066 ; 5.21815 ; 0.19765 ; -0.58625
5.1662 ; 5.53506 ; -0.277317 ; 0.0438699
5.22369 ; 5.53339 ; -0.316692 ; -0.963468
5.24942 ; 5.91289 ; 0.0206849 ; 0.710055
5.25364 ; 5.33313 ; -0.651001 ; -0.822789
5.28606 ; 5.18841 ; 0.82772 ; -1.14742
5.20691 ; 6.07252 ; 0.508796 ; 0.950204
5.73029 ; 5.79691 ; 0.187719 ; 0.0112449
5.25432 ; 5.52562 ; -1.08834 ; -0.647794
5.68713 ; 5.67556 ; 0.616585 ; -1.06061
5.1098 ; 5.81224 ; -0.537142 ; -0.780791
5.71746 ; 5.49924 ; -0.621941 ; -1.10626
5.95937 ; 5.27481 ; 1.25359 ; -0.644793
6.04847 ; 5.30992 ; 1.18596 ; 0.178147
5.01182 ; 5.75552 ; -0.40851 ; 1.12637
4.92927 ; 5.64395 ; -1.17895 ; -1.07737
6.13582 ; 4.8717 ; 1.23217 ; -1.01037
5.29434 ; 5.9817 ; -1.13719 ; 0.798918
5.1387 ; 5.7507 ; -0.0319223 ; -0.774408
5.20037 ; 5.91074 ; 0.9294 ; 0.598988
5.34737 ; 5.22631 ; -1.13997 ; -1.1892
5.16495 ; 5.29609 ; -0.161558 ; -1.08027
5.01419 ; 5.93654 ; -1.18425 ; 0.818507
5.3051 ; 6.06994 ; -0.280126 ; 0.582459
5.67655 ; 5.87962 ; -0.376869 ; -0.324712
5.40589 ; 5.76922 ; -0.446405 ; -0.545025
5.59106 ; 4.95934 ; 1.09854 ; -0.598743
5.6527 ; 5.40485 ; 0.170666 ; -0.490555
5.65344 ; 5.03304 ; 0.68983 ; 0.0983733
5.80677 ; 5.52241 ; 0.367231 ; -0.743916
5.26968 ; 5.24452 ; -0.0786098 ; 0.288602
5.68839 ; 5.27914 ; -1.02799 ; -0.0861154
5.53836 ; 4.96539 ; -1.12066 ; -0.393245
5.52622 ; 6.02188 ; -0.956246 ; 0.996917
5.29312 ; 5.29946 ; -0.997786 ; -1.10761
5.27371 ; 5.14023 ; -0.255717 ; -0.778155
5.28513 ; 5.36741 ; -0.92989 ; -1.08457
5.20175 ; 5.90829 ; 0.877083 ; 0.636317
6.0689 ; 5.21355 ; 0.675568 ; -0.959517
5.20412 ; 5.43948 ; 0.856496 ; -0.934146
5.9258 ; 5.587 ; 0.802247 ; 0.369854
5.29684 ; 5.29304 ; 0.98251 ; -0.969241
5.1921 ; 5.05419 ; 0.703689 ; -1.18511
5.44128 ; 5.4807 ; -0.94623 ; 0.715902
5.90448 ; 5.36456 ; 0.821366 ; -0.182481
5.33644 ; 5.98324 ; 0.607537 ; 1.02507
5.87674 ; 5.32596 ; -0.646798 ; 0.80825
5.23817 ; 5.33091 ; -0.939045 ; 0.408296
5.4272 ; 5.36882 ; -0.702593 ; 0.665781
5.61081 ; 5.02667 ; 0.342203 ; -0.173151
5.42159 ; 5.36793 ; -0.944214 ; 0.469806
5.39062 ; 5.52036 ; -0.729939 ; 0.259736
5.03695 ; 5.83439 ; -0.695642 ; 0.928938
5.80461 ; 5.86334 ; -0.674893 ; 1.19633
5.54367 ; 6.05135 ; -0.336367 ; 0.62924
5.51775 ; 4.89848 ; -0.579445 ; -1.19259
5.9942 ; 4.9462 ; 0.751805 ; -1.01307
5.17087 ; 5.67642 ; 0.290906 ; -0.212733
6.07961 ; 5.80867 ; 0.832846 ; 0.239659
5.70848 ; 5.60951 ; -0.414271 ; 0.538666
5.57782 ; 5.10763 ; -0.203817 ; -1.2166
5.10317 ; 5.84013 ; -0.494332 ; 0.102482
5.92838 ; 5.25989 ; -0.36126 ; 0.958688
5.19772 ; 5.5353 ; -0.747348 ; 1.07877
6.13634 ; 5.03009 ; 1.05892 ; -0.525769
5.24383 ; 5.53597 ; -0.159969 ; -0.273154
5.44491 ; 5.42406 ; 0.521052 ; 0.987384
5.6014 ; 5.68594 ; -0.332975 ; 1.11358
5.11687 ; 5.47077 ; -0.524044 ; 1.15088
5.49703 ; 5.80762 ; 0.36054 ; 0.0914543
5.64581 ; 5.81139 ; -0.483189 ; 0.534535
5.82627 ; 5.90227 ; -0.411466 ; 0.125071
4.86077 ; 5.80135 ; -1.22799 ; 0.356134
5.43791 ; 5.61637 ; -0.835765 ; -0.383167
5.25738 ; 5.3886 ; -0.598359 ; 0.684597
5.07839 ; 5.20395 ; -1.09028 ; 0.471606
5.46775 ; 6.04815 ; 0.635688 ; 0.744271
5.75397 ; 5.54478 ; 0.723525 ; -0.122372
5.73058 ; 5.18363 ; 0.963721 ; -0.487937
5.03046 ; 5.46558 ; -0.503441 ; 1.09067
6.02044 ; 5.5831 ; 1.09014 ; 0.727731
5.33679 ; 5.61194 ; 0.887002 ; 0.961155
5.54346 ; 6.07432 ; 0.408262 ; 0.822158
5.97794 ; 5.04688 ; 0.706117 ; -0.837566
4.91026 ; 4.97174 ; -1.24369 ; -0.513859
5.23364 ; 5.24657 ; 0.162915 ; -0.892332
5.503 ; 5.5505 ; 0.26763 ; -1.11278
5.67768 ; 5.3458 ; -0.722253 ; -0.434503
5.32225 ; 6.09653 ; -0.345042 ; 1.26306
5.70741 ; 4.98474 ; 1.13019 ; -0.58049
5.37166 ; 5.89633 ; 0.677557 ; 0.220711
5.79011 ; 5.53277 ; -1.01559 ; 0.980175
5.86293 ; 5.25391 ; -0.663891 ; -1.14258
5.54082 ; 5.31669 ; -0.219796 ; -0.384807
5.12366 ; 5.41348 ; 0.00375012 ; 0.46034
5.62991 ; 5.23218 ; -0.190606 ; -0.554626
5.86435 ; 5.68196 ; 0.111319 ; -0.130682
5.14919 ; 4.9945 ; -1.09993 ; -1.25574
5.66436 ; 5.09406 ; -1.00407 ; -0.94861
5.75733 ; 5.80303 ; -0.393008 ; -0.450061
6.00218 ; 5.44534 ; 0.942412 ; -0.41048
5.25528 ; 5.32363 ; -0.438072 ; -0.180508
5.89785 ; 5.34539 ; 0.632127 ; -0.221026
5.29029 ; 5.92012 ; 0.622227 ; 0.234259
5.16197 ; 5.18095 ; 0.165293 ; 0.398797
5.1728 ; 5.64698 ; -0.0444967 ; 0.360152
5.9658 ; 5.52672 ; 0.948302 ; 0.000691591
5.21891 ; 5.22312 ; 0.507725 ; -0.988558
6.17202 ; 5.09932 ; 1.07958 ; -0.24348
5.95881 ; 5.00905 ; 0.94029 ; -0.976132
5.02364 ; 5.20177 ; -0.793385 ; -0.871394
5.66607 ; 5.82622 ; 0.0817282 ; 1.22258
5.32496 ; 5.33377 ; -0.286709 ; 0.0595644
5.20148 ; 5.06831 ; -1.06159 ; -0.974115
5.74371 ; 6.12557 ; -0.00513701 ; 0.845906
5.3579 ; 5.84637 ; 0.442784 ; -0.641595
6.0994 ; 6.06975 ; 0.632334 ; 1.01909
5.13764 ; 5.93124 ; -0.0926371 ; 0.144864
4.81769 ; 5.49512 ; -1.22179 ; -0.0822353
5.41739 ; 5.45917 ; 0.101604 ; -0.595329
5.61239 ; 5.06766 ; 1.08521 ; -0.665522
5.69839 ; 5.61583 ; -0.24224 ; 0.63148
5.6797 ; 5.20301 ; 0.36838 ; -0.981441
5.29359 ; 6.10328 ; -1.01507 ; 0.713243
5.28138 ; 4.96665 ; 1.06855 ; -0.287317
6.19299 ; 5.34119 ; 1.25963 ; 0.64065
5.06292 ; 5.70458 ; -1.00799 ; -0.236541
5.40042 ; 4.89053 ; 0.0881575 ; -1.25752
5.80976 ; 5.85202 ; -0.331126 ; 1.02267
5.47937 ; 5.45044 ; 0.79669 ; 0.0778418
4.98161 ; 5.62396 ; -0.55307 ; -0.141148
5.35186 ; 5.19812 ; -0.14005 ; -0.355467
5.608 ; 5.59669 ; -0.193716 ; -0.484983
6.08895 ; 5.11261 ; 0.594881 ; 0.436833
5.18477 ; 5.32472 ; 0.341982 ; 0.770812
5.29621 ; 5.50979 ; 0.873504 ; 0.804492
5.22608 ; 5.69039 ; 0.663583 ; -0.426276
5.98108 ; 5.9016 ; 1.03915 ; 0.806524
5.03409 ; 5.68826 ; -1.1088 ; 0.815917
5.21325 ; 5.45758 ; -0.495393 ; 1.08755
6.12458 ; 5.14406 ; 1.05369 ; -0.287547
5.43053 ; 5.202 ; -0.744693 ; 0.230636
5.20216 ; 5.56218 ; 0.490182 ; 0.483013
5.15282 ; 5.73647 ; -0.383907 ; -0.257172
4.96388 ; 5.44248 ; -1.02965 ; 0.0152843
5.23708 ; 5.75647 ; -0.362362 ; -0.580197
5.0808 ; 5.7069 ; -1.11462 ; 0.324173
5.75259 ; 5.23959 ; 0.210279 ; -1.09668
5.22386 ; 4.96987 ; -0.768974 ; -0.513796
5.14755 ; 5.79347 ; 0.56441 ; 0.501888
5.42768 ; 5.37935 ; -1.03266 ; 0.303494
5.5549 ; 5.95011 ; 0.226458 ; -0.0665095
5.58335 ; 5.31282 ; 0.488657 ; 0.324783
5.25853 ; 5.86669 ; -0.880734 ; -0.65895
5.7064 ; 5.29891 ; 1.09734 ; -0.946688
5.18632 ; 5.40461 ; -1.23013 ; -0.792472
5.55727 ; 5.64637 ; 0.522499 ; 0.413076
5.7927 ; 5.10312 ; 0.627345 ; -0.0202889
5.75568 ; 5.16269 ; 0.732094 ; -0.639651
5.5854 ; 5.63719 ; -0.415217 ; 0.977376
5.88727 ; 5.33535 ; -0.176101 ; -0.489834
5.68725 ; 5.71857 ; 0.872341 ; -0.625932
5.70545 ; 6.01556 ; -0.553606 ; 0.459418
5.61863 ; 5.17057 ; -1.09002 ; -1.18419
5.13301 ; 5.05437 ; -1.13094 ; -0.295176
5.42763 ; 6.05256 ; 0.847687 ; 0.742163
4.91413 ; 6.09408 ; -0.639076 ; 0.696703
5.90159 ; 6.12077 ; 0.58766 ; 1.08294
5.76656 ; 5.77397 ; -0.249569 ; -0.984833
5.79413 ; 5.78543 ; -0.939191 ; -0.724009
5.01745 ; 5.37963 ; -0.000740211 ; 0.742341
5.44521 ; 5.99426 ; 0.784725 ; 0.223218
5.76979 ; 5.23084 ; 0.695648 ; -0.677609
5.73958 ; 5.94601 ; -0.105381 ; 0.638872
5.64283 ; 5.06683 ; 0.620011 ; -0.913225
5.78741 ; 5.5732 ; 0.00719582 ; -0.624701
5.78194 ; 5.4205 ; 0.209356 ; 0.0818142
5.78316 ; 5.78732 ; -0.962274 ; -0.632614
5.42933 ; 5.17063 ; -1.00351 ; 0.873387
5.65639 ; 5.3918 ; 0.964752 ; -0.572653
5.18384 ; 5.86564 ; -0.421163 ; 0.498367
5.88284 ; 5.20424 ; 0.835588 ; 0.245857
4.93382 ; 5.62575 ; -1.01924 ; -0.796002
5.11173 ; 5.19731 ; -0.626908 ; -0.774892
5.26251 ; 5.57359 ; -0.768433 ; 0.371472
5.32115 ; 4.95189 ; -0.0152797 ; -0.95515
5.13614 ; 5.71021 ; -1.20331 ; 0.0765496
4.88551 ; 5.22763 ; -0.838075 ; -0.875237
5.16613 ; 5.97255 ; 0.565936 ; 0.914021
5.63476 ; 5.63893 ; -0.305716 ; -0.724192
5.51967 ; 5.40242 ; 0.166334 ; 0.845976
5.70504 ; 4.96267 ; -0.955224 ; -0.273267
5.142 ; 5.56042 ; -0.303237 ; 0.690565
5.94023 ; 5.18475 ; 0.852541 ; -1.13146
5.15754 ; 5.21785 ; -0.275883 ; 0.141183
5.41324 ; 5.38503 ; -0.469853 ; 0.561468
5.38309 ; 5.93162 ; -0.925758 ; 0.221548
5.06776 ; 5.8146 ; -0.100417 ; -0.527456
5.12041 ; 5.70051 ; -0.821427 ; -0.757191
5.01772 ; 5.3313 ; 0.0120854 ; 0.406228
5.26159 ; 5.13753 ; -0.40989 ; -0.220218
5.7539 ; 5.492 ; 0.9739 ; 0.825501
5.80588 ; 5.4685 ; 1.11526 ; -0.847566
5.89961 ; 5.75371 ; 0.546195 ; 0.845466
5.17301 ; 6.00198 ; 0.536286 ; 1.05876
5.70709 ; 5.16186 ; -0.346335 ; -0.36908
5.91063 ; 5.25844 ; 0.695539 ; 1.12723
5.47074 ; 6.01996 ; -1.03485 ; 0.497814
5.24611 ; 5.31156 ; 0.875227 ; -0.96932
5.75396 ; 6.00659 ; -0.91371 ; 0.261491
5.31808 ; 5.24048 ; -0.47659 ; -0.340916
5.57315 ; 5.62505 ; 1.10512 ; 0.546667
5.48644 ; 5.61794 ; 0.411508 ; -0.667783
5.46421 ; 5.22921 ; 0.906215 ; 0.259184
5.82579 ; 5.81643 ; -0.334366 ; -0.264005
5.7856 ; 6.14243 ; -0.199548 ; 0.968968
5.06722 ; 5.46872 ; -0.82364 ; -1.06964
4.95515 ; 5.76584 ; -0.684902 ; -0.0938335
5.49959 ; 5.31161 ; 0.572429 ; 0.964804
5.16883 ; 5.58138 ; -1.17416 ; -0.186544
5.46652 ; 5.91293 ; -0.791713 ; -0.312279
5.12698 ; 5.75667 ; -0.708411 ; -0.923979
5.60646 ; 5.68118 ; 0.876336 ; -1.12018
5.00536 ; 5.97114 ; -0.437478 ; 0.738033
5.34858 ; 5.45559 ; -0.657829 ; -0.558612
4.94759 ; 5.66422 ; -0.819619 ; 0.0524227
5.45159 ; 5.14904 ; -0.158121 ; 0.17212
5.79753 ; 5.39389 ; -0.325668 ; 0.724685
5.44338 ; 4.93492 ; -0.17093 ; -1.01248
5.85282 ; 4.98366 ; 0.0504162 ; -0.84555
5.32876 ; 5.78821 ; 0.880436 ; -1.06363
5.7852 ; 5.62626 ; -0.269471 ; -0.170503
5.50263 ; 5.69389 ; 1.09196 ; 0.477334
5.86733 ; 5.13163 ; 0.850584 ; 0.682524
5.86513 ; 5.03658 ; 0.871198 ; -0.899917
5.25943 ; 5.05498 ; -0.536519 ; -0.874479
5.79185 ; 5.37071 ; 0.708028 ; -0.0409334
5.03581 ; 5.47978 ; -1.14426 ; -0.0422654
5.29747 ; 5.52285 ; 0.282625 ; -0.537049
5.96184 ; 5.41932 ; -0.00131101 ; -0.547011
5.63379 ; 5.65743 ; 0.143496 ; 0.675665
6.05768 ; 5.4798 ; 1.10276 ; -0.540271
5.33376 ; 5.50339 ; -0.497011 ; -0.908602
5.63659 ; 6.10992 ; -0.503514 ; 1.09746
5.15394 ; 5.45868 ; -0.615134 ; -0.540192
5.62777 ; 5.9427 ; 0.883991 ; -0.130622
5.96431 ; 5.83079 ; 1.2478 ; -0.0507224
5.15349 ; 5.80421 ; -0.112114 ; -0.554377
5.09177 ; 5.84355 ; -0.390511 ; -0.57598
5.68492 ; 5.7755 ; 0.233291 ; -0.363999
6.02005 ; 5.42225 ; 0.838898 ; -0.748465
5.3173 ; 5.16405 ; -0.610923 ; 0.768228
5.4346 ; 5.58541 ; 0.459517 ; 1.07449
5.37199 ; 5.90263 ; -0.897099 ; 0.080278
5.97011 ; 5.12868 ; 0.491692 ; -0.845965
5.89661 ; 5.77321 ; 1.21204 ; -0.252754
5.50607 ; 5.13782 ; -0.701383 ; 0.433287
5.21214 ; 5.70757 ; -0.920073 ; -0.504634
5.25681 ; 5.38304 ; -0.050766 ; 0.301447
5.72113 ; 5.60135 ; 0.945109 ; 0.6539
5.51957 ; 5.18342 ; -0.592207 ; 0.755182
5.31453 ; 5.98859 ; 0.00123736 ; 0.0149048
6.01257 ; 5.00217 ; 0.125233 ; -0.316152
5.10585 ; 5.24502 ; -0.512274 ; -0.66084
5.75213 ; 5.87567 ; 0.599946 ; 0.200182
5.89862 ; 5.66524 ; 0.70351 ; 0.921625
5.2845 ; 5.58633 ; 0.915124 ; -0.579176
5.44449 ; 5.03538 ; 0.297901 ; -0.0928803
5.20561 ; 5.56772 ; 0.235277 ; 0.0640104
5.12701 ; 5.32 ; -0.389601 ; -0.699117
5.34437 ; 6.08633 ; 0.830124 ; 1.14796
5.52084 ; 5.34299 ; 0.0263006 ; -1.07206
5.32827 ; 5.73981 ; 0.963028 ; 1.19928
5.06165 ; 6.07112 ; -0.0287243 ; 0.69624
5.81178 ; 5.59558 ; -0.662617 ; 0.234444
5.82902 ; 4.93953 ; -0.84157 ; -0.653548
5.88306 ; 5.2336 ; 0.990341 ; -0.798076
5.56779 ; 5.31766 ; 0.876608 ; -0.969911
5.17349 ; 5.13521 ; -0.891512 ; -0.132269
5.55716 ; 5.33341 ; 1.09513 ; -0.0804989
5.46088 ; 5.52694 ; 1.00123 ; 0.0493607
5.60161 ; 6.06005 ; -0.17372 ; 1.06638
5.3197 ; 5.48762 ; -0.0995238 ; 0.153132
5.49568 ; 6.06217 ; 0.0992572 ; 0.541049
6.00516 ; 5.08259 ; 0.0785668 ; -0.855838
5.29062 ; 6.08721 ; 1.01999 ; 0.6507
5.61562 ; 4.86594 ; 1.07647 ; -1.08625
5.42266 ; 6.07692 ; 1.03733 ; 1.15086
5.75383 ; 5.20484 ; 0.523829 ; 0.100814
5.33649 ; 5.35645 ; 0.942581 ; 0.232125
6.10437 ; 5.58125 ; 1.13541 ; -0.30372
5.25986 ; 5.56108 ; 0.336668 ; 0.930073
5.86787 ; 4.79909 ; 0.573258 ; -1.23125
5.08101 ; 5.60429 ; 0.0875003 ; -1.04573
5.81683 ; 5.99099 ; 0.371287 ; 0.63251
5.55553 ; 5.8522 ; 0.951038 ; 1.06853
5.34362 ; 5.89427 ; -1.0361 ; 0.756375
5.09201 ; 5.60375 ; -0.196592 ; -0.632624
5.79566 ; 6.16013 ; -0.484057 ; 1.09545
5.94912 ; 5.60837 ; 0.859184 ; 0.268906
5.26548 ; 5.6266 ; -0.764429 ; -0.745536
6.03999 ; 5.39892 ; 0.729536 ; 0.373388
5.97721 ; 5.64918 ; 0.0632771 ; 0.933869
5.20035 ; 6.13093 ; 0.517952 ; 1.20154
5.48007 ; 5.64974 ; 0.0334732 ; -0.734661
5.90563 ; 5.79809 ; 1.08874 ; -0.151868
5.71335 ; 5.74185 ; 1.09275 ; -0.630696
5.67066 ; 5.51002 ; 0.249448 ; 0.213871
5.96097 ; 5.4787 ; 1.03401 ; -0.104413
6.06352 ; 5.61817 ; 0.585501 ; 1.04714
5.18569 ; 6.02549 ; -0.886119 ; 0.545802
5.09292 ; 5.4635 ; -0.79196 ; 0.19771
5.81664 ; 5.41884 ; -0.645113 ; -1.1518
5.90936 ; 5.42117 ; -0.446582 ; -1.17536
4.8916 ; 5.58987 ; -1.00835 ; 0.581808
5.3596 ; 5.76387 ; -0.404738 ; 0.597336
5.08222 ; 5.59801 ; -0.548059 ; 0.108531
5.36501 ; 5.06295 ; -0.644738 ; -1.04825
5.6069 ; 5.06556 ; -0.0216849 ; 0.0801274
6.09309 ; 5.75792 ; 1.27346 ; 0.937302
5.70662 ; 5.36281 ; -1.10456 ; -0.624842
5.71077 ; 5.47405 ; -0.123884 ; -0.166792
6.1005 ; 5.81368 ; 0.892512 ; 0.505458
4.85489 ; 5.40086 ; -1.23459 ; 0.775328
5.69171 ; 5.30408 ; -1.07704 ; -0.383696
4.93929 ; 5.7831 ; -0.475383 ; -0.246838
5.33572 ; 5.36106 ; -0.122476 ; 0.206842
5.40448 ; 6.04174 ; -0.478026 ; 1.08031
5.70872 ; 5.04315 ; 0.430013 ; -0.697743
4.99383 ; 5.40547 ; -0.2173 ; 0.0634649
5.20297 ; 5.14446 ; -0.912029 ; -1.17612
5.4922 ; 5.93422 ; -1.07139 ; -0.102265
5.30215 ; 5.15195 ; -0.963448 ; -0.0289356
5.80964 ; 4.94255 ; 1.00066 ; -0.474233
5.33699 ; 5.39953 ; 0.705526 ; -0.357457
5.87937 ; 5.816 ; 0.752162 ; -0.459207
5.49546 ; 5.60077 ; -0.455076 ; 0.172423
5.33099 ; 5.65867 ; -0.84254 ; -0.747301
5.15142 ; 5.30291 ; 0.716055 ; 0.203535
5.64362 ; 5.0659 ; -0.708035 ; -0.152893
5.84694 ; 5.26634 ; -0.66 ; -0.128941
5.20263 ; 5.31476 ; 0.11988 ; 0.300585
6.0058 ; 5.41775 ; 1.00699 ; 0.190638
5.27862 ; 5.7379 ; -0.109426 ; 0.864085
5.04122 ; 5.36246 ; -1.09565 ; 0.307773
5.39356 ; 5.1694 ; 0.0077943 ; -0.338779
5.47871 ; 5.69997 ; 0.505461 ; 0.75804
5.42331 ; 5.21313 ; -0.0793817 ; -0.819637
5.70398 ; 5.58587 ; 1.05426 ; 1.16475
5.46898 ; 5.33797 ; -0.283637 ; -0.808407
5.36979 ; 5.84793 ; 0.162177 ; 0.131167
5.73585 ; 5.79052 ; 0.0124568 ; -0.0908761
5.44724 ; 5.81032 ; 0.968682 ; 0.226132
4.92753 ; 5.41348 ; -1.19672 ; 0.776703
5.4488 ; 5.10671 ; -0.509443 ; -0.133652
5.60519 ; 5.73472 ; -0.958993 ; 0.0769797
5.62464 ; 5.67798 ; -0.722035 ; -1.06865
5.5702 ; 5.92339 ; 0.200392 ; 1.16183
5.41552 ; 5.35256 ; -0.960468 ; 0.145296
5.41885 ; 5.94015 ; 0.380166 ; -0.036861
5.62099 ; 5.18952 ; 0.475007 ; -0.165261
5.72196 ; 5.2042 ; 0.0903082 ; -0.219339
6.05478 ; 5.08165 ; 0.558175 ; -1.04964
5.24793 ; 5.65515 ; -0.590089 ; 0.0771065
5.68179 ; 5.53179 ; -1.06908 ; 0.661543
5.78968 ; 5.65642 ; 1.15967 ; -0.92081
5.28707 ; 5.64537 ; 0.889024 ; 0.0974972
5.42457 ; 5.08566 ; 0.158578 ; -0.0047722
5.73338 ; 5.54718 ; 0.364137 ; -0.425411
5.30064 ; 5.34285 ; -0.671703 ; 0.0569141
5.24706 ; 5.50511 ; -0.823799 ; -0.141435
5.9533 ; 5.85605 ; 0.351402 ; 0.065965
5.4563 ; 5.41515 ; 0.711594 ; -0.88199
5.98366 ; 5.10912 ; 0.528744 ; 0.340369
5.12351 ; 5.13743 ; -0.0380436 ; 0.380005
5.76476 ; 5.02419 ; 0.530417 ; -1.24924
5.98229 ; 5.00039 ; 0.490401 ; -0.952314
4.95739 ; 5.88945 ; -0.336991 ; 0.796031
5.14063 ; 5.83551 ; -1.1117 ; 0.315644
5.96558 ; 5.82315 ; 1.01488 ; -0.0962395
5.85259 ; 5.81855 ; -0.198384 ; 0.186301
5.19439 ; 5.00981 ; 0.378063 ; -0.958459
5.21417 ; 5.26891 ; 0.349823 ; 1.02585
5.41508 ; 5.96563 ; 0.74842 ; 0.184727
5.63267 ; 5.22841 ; 0.0809826 ; -0.962421
5.06074 ; 5.87414 ; -1.23322 ; 1.03846
5.71813 ; 5.29071 ; -0.6329 ; -1.09294
5.39788 ; 5.26591 ; 0.686231 ; 0.485751
5.5553 ; 5.80043 ; 0.767524 ; -0.615354
5.72109 ; 5.59247 ; 0.677531 ; 0.59835
5.71524 ; 5.19431 ; 1.19018 ; 0.0520851
5.31867 ; 4.98192 ; 0.176838 ; -0.658671
5.78492 ; 5.9801 ; 0.305007 ; 0.668109
5.00315 ; 5.86399 ; -1.1764 ; -0.379829
4.99724 ; 5.71632 ; -1.13154 ; -0.273792
6.01082 ; 5.2337 ; 0.475486 ; -1.19504
5.09325 ; 5.86672 ; -0.441393 ; 0.839844
5.38932 ; 5.4643 ; 0.502282 ; 0.800321
5.15507 ; 5.14402 ; 0.303753 ; -1.15056
5.24791 ; 4.8052 ; 0.594116 ; -1.17699
5.96726 ; 5.53806 ; 0.277682 ; 1.06349
5.9892 ; 5.45583 ; 0.128201 ; 0.250182
5.56362 ; 5.32865 ; 0.950558 ; 0.766918
5.50918 ; 5.79541 ; -0.0375748 ; 0.768392
5.42522 ; 5.71599 ; -0.581773 ; -0.971837
5.82652 ; 5.81521 ; -0.822157 ; -0.299455
5.28249 ; 5.67503 ; 0.939669 ; 0.653164
5.8892 ; 5.89672 ; -0.0312091 ; -0.396646
4.96079 ; 4.9493 ; -0.6592 ; -0.839697
5.11049 ; 5.65122 ; -0.57963 ; -0.191781
5.31797 ; 6.1707 ; -0.299165 ; 1.1637
6.10249 ; 5.43224 ; 0.872825 ; -0.761409
5.38247 ; 5.92962 ; 0.83687 ; 0.504557
5.10182 ; 5.72386 ; -1.05268 ; 0.661613
5.68616 ; 5.82826 ; 0.301549 ; -0.352639
5.56317 ; 5.04491 ; 0.607465 ; -0.471771
5.61288 ; 5.39494 ; 0.429878 ; -0.896844
5.17798 ; 5.85435 ; -0.696854 ; -0.490268
5.77879 ; 5.81157 ; -0.752447 ; 0.452863
5.45568 ; 5.44025 ; -0.531471 ; -1.11926
5.6317 ; 5.71539 ; 0.103778 ; -0.50237
5.05284 ; 6.17745 ; -0.450454 ; 1.11114
5.45541 ; 5.36896 ; 0.292988 ; -0.567916
6.00568 ; 6.10777 ; 0.533949 ; 1.01445
6.18847 ; 5.82831 ; 1.27236 ; 0.957451
5.30607 ; 5.06638 ; -1.12226 ; -0.274319
5.72592 ; 5.96105 ; 0.462366 ; 0.744307
5.25443 ; 6.09461 ; 0.0265014 ; 0.759344
5.68284 ; 5.69418 ; 0.390522 ; -0.612086
5.19069 ; 5.20442 ; 0.338952 ; -0.95459
5.43986 ; 5.64895 ; 0.894481 ; -0.94064
5.33504 ; 5.48968 ; -1.04719 ; -0.56859
5.2839 ; 5.80075 ; -0.117739 ; 0.373701
5.9199 ; 5.22036 ; 0.00201624 ; -0.357762
5.36094 ; 5.33863 ; 1.04293 ; 0.223758
5.6915 ; 5.79255 ; 0.315436 ; 1.21024
5.02969 ; 5.27408 ; -0.647599 ; -0.912719
5.41506 ; 5.39337 ; -0.671864 ; 0.487823
6.03441 ; 5.55196 ; 1.07197 ; 1.07978
6.07735 ; 5.194 ; 0.867963 ; 0.271834
5.60387 ; 5.2962 ; -0.0271732 ; -0.963421
5.3955 ; 5.66369 ; -0.258708 ; -0.0605017
5.8214 ; 5.312 ; 0.18483 ; 1.04086
5.7064 ; 5.15442 ; 0.479497 ; -1.02502
5.18417 ; 5.70571 ; 0.175134 ; -0.773453
6.07943 ; 5.66131 ; 0.821681 ; 0.582654
5.6357 ; 5.12209 ; 0.119973 ; -0.998115
5.71606 ; 5.50683 ; 0.834185 ; 0.121816
5.24137 ; 5.76944 ; -0.337427 ; -0.971902
5.01046 ; 5.8592 ; -0.696934 ; 1.10928
4.98158 ; 5.76209 ; -0.859715 ; 0.580614
5.17468 ; 4.99207 ; -1.06869 ; -1.08726
5.11786 ; 5.15487 ; -0.490758 ; -0.587975
5.48648 ; 5.7112 ; 0.944528 ; -0.421461
5.92324 ; 5.61306 ; 0.00181215 ; 0.272329
5.72237 ; 5.63053 ; 0.0749267 ; -0.251442
4.99337 ; 5.47418 ; -0.291724 ; 0.539171
5.1702 ; 5.45675 ; -0.804502 ; -0.554465
4.96091 ; 5.81426 ; -1.12 ; 0.207376
6.00704 ; 4.86051 ; 0.528897 ; -0.833784
5.54113 ; 5.28294 ; -0.0601042 ; -0.8425
5.05973 ; 5.13111 ; -0.21885 ; -0.382299
5.33348 ; 4.9313 ; 0.0536302 ; -0.517566
5.60937 ; 5.81681 ; -0.650747 ; -0.429473
5.68774 ; 5.34946 ; -0.523308 ; -0.930891
5.56432 ; 5.24633 ; 0.176346 ; 0.489492
5.86358 ; 5.61489 ; 0.0951996 ; -0.607356
5.62452 ; 4.9937 ; -0.408611 ; -1.02026
5.25668 ; 5.99471 ; 0.093709 ; 0.903061
5.14618 ; 5.97401 ; 0.762024 ; 0.68116
5.77417 ; 5.56422 ; -0.99669 ; 0.376823
6.09286 ; 4.94502 ; 0.89898 ; -0.699258
5.14941 ; 5.52116 ; 0.20029 ; -0.272716
5.19604 ; 5.55326 ; 0.333894 ; -0.822189
5.65805 ; 5.51101 ; -1.02923 ; -0.831815
5.93959 ; 6.01218 ; 0.587251 ; 0.965345
5.07083 ; 5.90752 ; -0.0584505 ; 0.0587252
5.775 ; 5.7988 ; -0.594261 ; 0.309673
5.79247 ; 5.44848 ; -1.07329 ; 1.00435
5.76512 ; 5.84261 ; 0.097346 ; 0.419204
5.67077 ; 4.93168 ; -0.257307 ; -1.16864
5.43435 ; 5.6202 ; 0.954763 ; -0.426341
5.5585 ; 5.2014 ; 0.398378 ; 0.746974
6.07768 ; 5.01393 ; 1.17913 ; -0.149049
5.54772 ; 5.31529 ; 0.387681 ; -0.451239
6.16496 ; 5.60811 ; 1.05115 ; -0.638631
5.90627 ; 6.00135 ; 1.05478 ; 0.260195
5.46061 ; 5.30275 ; 0.547487 ; 0.798558
5.80405 ; 5.71253 ; 0.428375 ; -0.573761
5.32697 ; 5.89244 ; -0.0980187 ; 1.07711
5.63643 ; 5.24164 ; 0.927347 ; 0.472895
5.866 ; 5.56131 ; 0.711549 ; -0.21511
5.12962 ; 5.10175 ; -0.587597 ; -0.98312
5.04082 ; 5.55179 ; -0.645288 ; -0.316276
5.14176 ; 5.26409 ; 0.197237 ; -0.561451
5.62267 ; 5.89259 ; 0.836465 ; 0.172185
5.18541 ; 5.95127 ; -1.12446 ; -0.219076
5.77018 ; 5.62588 ; -0.248454 ; 0.347214
5.77622 ; 5.26121 ; 0.144972 ; -0.779655
5.55478 ; 5.74561 ; 0.0276969 ; 0.134614
5.4443 ; 5.57534 ; 0.922423 ; 0.152064
5.59035 ; 5.84746 ; -0.969502 ; 0.712059
5.10118 ; 5.13 ; -0.426648 ; -0.190134
5.51579 ; 5.77063 ; -0.119992 ; 1.15217
5.40231 ; 6.19234 ; 0.648524 ; 1.27559
5.4545 ; 5.09097 ; -0.271998 ; 0.31302
5.85261 ; 5.93308 ; -0.47352 ; 0.926212
5.45852 ; 5.60548 ; 0.877507 ; -0.697036
4.99758 ; 5.74198 ; -0.308824 ; 0.942387
5.42791 ; 5.33728 ; 0.971803 ; -0.558969
5.93432 ; 5.15513 ; -0.325635 ; -0.0663951
5.98014 ; 5.45749 ; 0.331536 ; -1.15132
5.1246 ; 5.10688 ; 0.0405675 ; 0.322928
5.27681 ; 5.88882 ; 0.678724 ; -0.131522
5.54153 ; 6.08091 ; -0.924047 ; 1.15167
5.85804 ; 5.09874 ; 1.14563 ; -0.98138
5.03425 ; 6.01885 ; -0.896915 ; 0.454747
5.63741 ; 5.53105 ; -0.00988686 ; 0.537625
5.36315 ; 5.71021 ; 0.696241 ; -0.37644
4.90046 ; 5.14256 ; -0.838981 ; 0.717919
4.94577 ; 5.27107 ; -0.755408 ; -0.283643
5.92061 ; 5.38139 ; 0.647243 ; -1.04729
5.34516 ; 5.78143 ; 0.434243 ; 0.521873
5.24842 ; 5.23414 ; 0.561145 ; -0.207696
5.82761 ; 5.23936 ; 0.751468 ; -1.09661
5.88399 ; 4.90806 ; 0.937173 ; -0.87003
5.27431 ; 4.96975 ; 0.931528 ; -1.20026
5.63854 ; 6.01922 ; 0.506743 ; 0.931451
5.374 ; 5.76772 ; 0.038248 ; 0.89011
5.40958 ; 5.44158 ; -0.992929 ; -0.184726
5.99944 ; 5.18571 ; 0.652952 ; 0.97122
5.68099 ; 5.5065 ; -0.647668 ; 0.0303537
5.77526 ; 6.12286 ; -0.235199 ; 1.14547
6.01056 ; 5.162 ; 1.01944 ; 0.622708
5.77993 ; 5.51974 ; 1.13917 ; 1.12274
5.02298 ; 5.53096 ; -0.787977 ; 0.726534
5.75166 ; 5.49145 ; -0.988653 ; 0.736324
5.11442 ; 5.77427 ; -0.482571 ; 0.270514
5.1868 ; 5.77391 ; -1.06853 ; -1.01432
5.84031 ; 5.77797 ; 1.21361 ; -0.210521
5.1973 ; 5.71012 ; 0.867464 ; -0.5593
5.86037 ; 6.06323 ; -0.649021 ; 1.09712
4.82326 ; 5.64773 ; -1.18943 ; -0.846497
5.29847 ; 5.20902 ; 0.808421 ; -0.772704
5.1 ; 5.59772 ; -0.552659 ; -0.530944
5.06768 ; 6.08571 ; -0.389694 ; 0.724045
5.93428 ; 5.10834 ; 0.896923 ; 0.322126
4.98954 ; 5.13593 ; -0.725702 ; 0.0955788
5.13819 ; 5.72225 ; -0.0435802 ; 0.551076
5.67737 ; 5.59202 ; -0.356125 ; -0.117384
5.08033 ; 5.70366 ; -0.217873 ; 0.100363
5.22842 ; 5.9903 ; -0.624579 ; 0.584719
5.01672 ; 5.34281 ; -0.439886 ; -0.0955603
5.27772 ; 5.24525 ; 0.212924 ; 0.89002
5.86072 ; 5.49691 ; 1.06979 ; -1.09989
5.69156 ; 5.32638 ; 0.903014 ; 1.01155
5.31857 ; 5.90328 ; -0.222207 ; 0.0233306
5.93272 ; 6.15052 ; -0.0937681 ; 1.0107
5.08893 ; 5.53362 ; 0.315967 ; 1.08468
5.13171 ; 5.01245 ; 0.606472 ; -0.741477
5.15797 ; 5.4339 ; -1.07309 ; 0.238344
5.79131 ; 5.56316 ; -0.460528 ; 0.847141
4.95699 ; 5.56371 ; -0.739699 ; 0.355716
5.09632 ; 5.53696 ; 0.382501 ; -0.329738
5.43979 ; 5.79512 ; -0.641203 ; -0.730397
5.28306 ; 5.84152 ; -0.725248 ; 0.0112697
5.27471 ; 5.57315 ; -0.551294 ; -0.302671
5.67672 ; 4.92032 ; -0.377386 ; -0.868774
5.77765 ; 4.79901 ; 0.736088 ; -1.23433
5.36564 ; 5.59428 ; -0.0456276 ; 0.963578
5.85337 ; 5.28176 ; -0.385469 ; -0.0138639
5.5161 ; 5.77048 ; 0.892672 ; 1.11437
5.11307 ; 5.59974 ; 0.0991803 ; -1.10403
5.99407 ; 5.49467 ; 1.10479 ; -0.650793
5.29935 ; 5.49183 ; 0.123667 ; 0.163729
5.79779 ; 5.38394 ; -0.705299 ; -1.01025
6.02164 ; 5.75662 ; 1.00322 ; -0.0479601
5.97473 ; 5.207 ; 0.252716 ; 1.11869
5.96761 ; 5.99598 ; -0.122934 ; 0.563151
5.37132 ; 5.7433 ; 0.437406 ; -0.47104
5.68489 ; 5.59855 ; 0.563282 ; -0.603059
5.83247 ; 6.06493 ; 0.33804 ; 0.677832
5.07159 ; 6.12271 ; -0.325699 ; 0.979854
5.48016 ; 5.42686 ; 0.0847957 ; -0.888547
5.34507 ; 5.44195 ; -0.489244 ; -0.982659
5.70551 ; 5.03992 ; 0.832305 ; -0.693142
5.24113 ; 4.99571 ; -1.17355 ; -1.00627
5.40822 ; 5.73881 ; 0.674653 ; -0.839379
5.50409 ; 6.08209 ; 0.432445 ; 1.01543
5.07123 ; 5.30755 ; 0.00644471 ; 0.826708
5.30207 ; 5.8737 ; 0.223361 ; 0.657332
5.55599 ; 5.1487 ; -0.0827134 ; -0.674344
5.87108 ; 5.24294 ; 0.662868 ; -0.15611
5.10133 ; 5.37324 ; -0.941085 ; 0.654722
5.39232 ; 5.1523 ; 0.781885 ; 0.0506093
5.38337 ; 5.91275 ; 0.884641 ; -0.120545
5.48946 ; 5.75515 ; -0.576327 ; 1.0876
5.55396 ; 5.66008 ; 0.219346 ; 0.0534956
5.83518 ; 5.38882 ; -0.731233 ; 0.453065
6.04555 ; 5.82951 ; 0.746588 ; -0.437255
5.59236 ; 5.45542 ; 0.529917 ; -0.922718
5.70616 ; 5.23439 ; 0.265483 ; -0.686177
5.35338 ; 5.6455 ; -0.997833 ; -0.117598
5.17134 ; 5.04473 ; 0.720088 ; 0.0801154
5.43718 ; 5.73915 ; -0.0556848 ; 0.643914
5.9221 ; 5.214 ; 0.828083 ; -0.657415
5.63416 ; 5.83327 ; 0.476203 ; -0.852221
5.31274 ; 5.47541 ; 0.220482 ; 0.93269
4.97505 ; 5.51826 ; -1.05448 ; 0.647874
5.21316 ; 5.46324 ; 0.0970591 ; 0.950507
5.44292 ; 5.80965 ; -0.807739 ; 0.251328
5.94019 ; 5.59487 ; 0.798631 ; 0.211273
5.50913 ; 5.71321 ; -0.742698 ; 0.571524
5.29837 ; 5.26825 ; 0.943042 ; -0.401513
5.65701 ; 5.23667 ; -0.145668 ; -0.85668
5.53214 ; 5.20292 ; 0.982417 ; -0.772147
5.33736 ; 5.11662 ; -0.543615 ; 0.012221
5.24583 ; 5.82001 ; 0.459925 ; -0.329107
5.75341 ; 5.63416 ; 0.0664637 ; -0.358552
5.35698 ; 5.79831 ; -0.518615 ; -1.05173
6.1528 ; 5.54925 ; 1.16773 ; -0.592223
5.43074 ; 5.1782 ; -1.06138 ; -0.300954
5.92012 ; 5.63956 ; -0.0221567 ; -0.050765
5.58077 ; 5.89879 ; -0.000599349 ; 0.375297
5.12436 ; 5.18793 ; -1.03262 ; 0.954086
5.59228 ; 5.02541 ; 0.316872 ; -1.2249
5.89532 ; 5.77317 ; 0.755407 ; 0.573651
5.14547 ; 5.81012 ; 0.141119 ; 0.402936
5.37003 ; 5.49071 ; 0.656667 ; 0.302584
5.36903 ; 5.30013 ; 0.784684 ; -0.80562
5.23203 ; 5.74693 ; 0.102291 ; 0.274071
5.18858 ; 5.04985 ; -0.502813 ; -0.401333
5.53897 ; 5.29254 ; -0.279007 ; -0.565101
5.93741 ; 5.44019 ; 0.659797 ; 0.704744
5.7746 ; 6.19461 ; 0.0596341 ; 1.171
5.54421 ; 5.00578 ; 0.492293 ; -1.1587
5.88279 ; 5.73824 ; -0.127312 ; -0.31899
5.48193 ; 5.22465 ; -0.300387 ; -0.512304
5.20924 ; 5.05217 ; -0.975405 ; -0.0236091
5.40105 ; 5.39818 ; 0.941771 ; 0.568476
5.91388 ; 5.21033 ; 1.05908 ; -0.870963
5.52385 ; 5.26711 ; -1.1064 ; -0.424286
5.55244 ; 5.07222 ; -0.762286 ; -1.04562
5.34557 ; 5.69174 ; -0.0781315 ; -0.607047
5.14507 ; 5.52201 ; -0.573326 ; 0.670956
5.84911 ; 5.76831 ; -0.373285 ; -1.07727
5.42828 ; 5.91349 ; -1.05352 ; 0.667697
5.5095 ; 5.95279 ; -0.657538 ; 1.18211
5.89024 ; 5.60894 ; 0.426245 ; -0.109107
5.31681 ; 5.20772 ; -0.688912 ; -0.269025
5.78213 ; 5.00122 ; 1.19716 ; -0.234108
5.62652 ; 5.23921 ; 0.763278 ; -1.17015
5.36329 ; 5.73547 ; -0.816324 ; 0.705938
5.88445 ; 5.69345 ; 1.02395 ; -0.659849
5.71815 ; 5.24803 ; 1.06817 ; -0.749928
5.98672 ; 5.2859 ; 0.773758 ; -0.330468
5.1799 ; 5.7883 ; 0.934196 ; 0.14669
6.03639 ; 5.48023 ; 1.05574 ; -0.792229
5.23862 ; 5.53113 ; 0.351605 ; 0.707628
5.77835 ; 5.60706 ; -0.15727 ; -0.402254
5.8246 ; 5.73106 ; -0.19059 ; 0.0764255
5.63063 ; 5.67442 ; 0.948718 ; 0.671606
5.54229 ; 5.53246 ; -1.09033 ; 1.00206
6.01212 ; 5.85886 ; 0.201934 ; 0.367649
5.18685 ; 5.95647 ; -0.2159 ; 0.709032
5.05439 ; 5.42667 ; -0.636142 ; -0.332996
5.61591 ; 5.95472 ; 0.592727 ; 1.08764
5.81383 ; 5.63938 ; -0.401328 ; 0.203544
5.61636 ; 5.85287 ; -0.197092 ; -0.440737
5.88374 ; 5.51184 ; 0.0408766 ; -0.00157876
5.57086 ; 5.58827 ; 0.497077 ; 0.605003
5.64394 ; 5.78198 ; -0.335323 ; -0.842903
5.96575 ; 5.17983 ; 0.669753 ; -0.765446
5.74462 ; 5.59582 ; -0.0504726 ; 0.464357
5.69999 ; 5.77735 ; 0.560553 ; 0.800215
5.83999 ; 5.65385 ; -0.368781 ; 0.95771
5.51828 ; 5.30991 ; 0.211674 ; 0.921974
5.83938 ; 5.24691 ; 0.855528 ; -0.38816
5.85603 ; 5.51167 ; -0.0597867 ; -0.47236
6.00827 ; 5.02361 ; 0.971531 ; 0.0867874
5.90319 ; 4.80403 ; 0.938815 ; -1.17255
5.50716 ; 5.55788 ; -1.12724 ; 0.520753
5.65891 ; 5.54663 ; 0.527938 ; 0.00245303
5.52772 ; 6.11374 ; 0.568276 ; 1.14321
5.75412 ; 5.58788 ; -0.822542 ; 0.954819
5.32947 ; 5.64822 ; 0.756123 ; 0.829254
5.39378 ; 5.62147 ; -0.271758 ; 0.788034
5.33211 ; 5.03261 ; 1.13857 ; -0.196781
5.54036 ; 5.10689 ; 0.396496 ; -0.401254
5.99854 ; 5.84852 ; 0.160381 ; 0.297571
5.30631 ; 5.60693 ; -1.04815 ; -0.49027
5.2177 ; 5.43303 ; -0.48538 ; -0.895571
5.41927 ; 6.08849 ; -0.0366343 ; 1.15609
5.82078 ; 5.35913 ; 0.8638 ; 0.528557
5.35869 ; 5.39624 ; 0.515715 ; -1.1165
5.15456 ; 5.13365 ; 0.11516 ; 0.552938
5.44121 ; 5.48138 ; -0.526491 ; -0.879367
5.74562 ; 5.86813 ; -0.146791 ; 0.700079
5.09518 ; 5.79043 ; -0.79109 ; -0.374798
5.95864 ; 5.30114 ; 0.608478 ; -0.824293
5.06576 ; 5.69845 ; -1.00522 ; -0.70954
5.50295 ; 5.57958 ; -0.0744519 ; -0.833157
5.82895 ; 6.11566 ; -0.483864 ; 0.710321
5.0743 ; 5.43679 ; -0.247676 ; 0.890942
5.74066 ; 5.8763 ; 0.838071 ; 0.992006
5.55789 ; 6.10437 ; 1.07583 ; 0.699001
5.21964 ; 5.01955 ; -1.14926 ; -0.625516
4.8606 ; 5.78867 ; -1.13889 ; -0.540114
5.35398 ; 4.8404 ; -0.488748 ; -1.1256
4.9443 ; 6.16127 ; -0.569045 ; 1.04132
5.21386 ; 5.91728 ; 0.910284 ; 0.689663
5.67711 ; 5.95039 ; -1.03187 ; 0.339403
5.70154 ; 5.38802 ; 0.524935 ; -0.808756
5.2123 ; 5.24162 ; 0.820899 ; 0.973199
5.12459 ; 5.53769 ; -0.572946 ; -0.938272
5.12148 ; 5.0986 ; 0.266737 ; -0.378933
5.47952 ; 5.33565 ; 0.789982 ; -0.184826
5.25675 ; 5.80959 ; 0.424757 ; -0.646176
5.69657 ; 5.35453 ; -0.222 ; -0.064601
4.81019 ; 5.15884 ; -1.241 ; -1.10728
5.8861 ; 5.1946 ; -0.565688 ; -0.298645
6.01677 ; 5.78896 ; 0.351335 ; -0.300981
5.23017 ; 5.18256 ; 0.861108 ; -0.83113
5.74481 ; 5.84669 ; 0.421947 ; 0.109328
5.25275 ; 5.25599 ; -1.13464 ; -0.0175973
5.63871 ; 4.89457 ; 0.0671685 ; -1.18201
5.4233 ; 5.0124 ; -1.0304 ; -0.553871
5.90949 ; 5.09605 ; 0.956719 ; -0.448854
4.93097 ; 5.13688 ; -0.441828 ; 0.627791
5.67374 ; 4.98123 ; -0.596955 ; -0.975549
5.43805 ; 5.62519 ; 0.546668 ; 0.307531
5.26409 ; 5.34211 ; -0.468885 ; 0.137064
5.30987 ; 5.08731 ; 0.856162 ; 0.268067
5.22293 ; 5.43787 ; -0.768938 ; -0.481379
5.42368 ; 5.90689 ; -0.857681 ; 0.0923913
5.24879 ; 5.52384 ; -0.294774 ; 0.697818
5.86132 ; 5.39852 ; 0.0125183 ; 0.796077
5.5927 ; 5.71074 ; -1.01223 ; 0.712347
5.24108 ; 5.22258 ; -0.327113 ; -0.397295
4.8227 ; 5.3643 ; -1.26862 ; -0.619702
5.44158 ; 5.51961 ; 0.465656 ; 1.14464
5.06516 ; 4.94765 ; -0.464766 ; -1.02293
5.61848 ; 5.73405 ; 0.240128 ; -0.151276
5.28856 ; 5.17272 ; -0.575804 ; -0.204106
5.0842 ; 5.32717 ; -0.255685 ; -0.180146
5.08669 ; 5.18699 ; 0.310054 ; -0.513593
5.25692 ; 5.18551 ; 0.541971 ; -1.14126
4.96334 ; 5.25673 ; -1.13361 ; -0.630296
5.05354 ; 5.74229 ; -1.00588 ; -0.297356
5.03436 ; 5.81456 ; -0.758349 ; 0.163942
5.0762 ; 5.59624 ; -0.649352 ; 0.670752
5.37089 ; 5.42146 ; 0.0870354 ; 0.168978
5.5061 ; 5.83574 ; -0.575037 ; -0.371176
5.46439 ; 5.31086 ; -0.61468 ; -0.950646
5.58942 ; 5.58037 ; -0.443442 ; 0.0205552
5.91992 ; 5.38979 ; 0.0224831 ; -0.580835
5.65305 ; 5.10626 ; -0.934444 ; 0.128522
5.78032 ; 4.842 ; 0.547994 ; -1.20521
5.48018 ; 5.5816 ; 0.566272 ; 0.798847
5.79508 ; 5.18892 ; 1.21906 ; 0.836998
5.23381 ; 5.27092 ; -0.123284 ; 1.11477
5.85721 ; 5.3018 ; -0.522964 ; 0.31757
5.70976 ; 5.84658 ; -0.603337 ; 0.934728
5.49085 ; 5.36376 ; 0.774952 ; 0.42621
5.13319 ; 5.34337 ; -1.11423 ; -0.778408
5.31086 ; 5.23833 ; -0.718017 ; 0.855793
5.32002 ; 5.26323 ; -0.286494 ; -0.938904
5.26289 ; 5.27406 ; -0.594347 ; -1.18032
5.65957 ; 5.75338 ; -0.0247009 ; -0.393116
6.01681 ; 5.35856 ; 0.369023 ; -0.9738
5.86923 ; 5.89834 ; 0.519953 ; 0.096713
5.39481 ; 5.47702 ; 0.23182 ; -0.844918
5.04799 ; 5.03474 ; -1.00569 ; -0.744784
5.07956 ; 5.24152 ; 0.18931 ; 0.0447701
5.23312 ; 5.70376 ; 0.446514 ; 0.357281
5.45093 ; 6.05941 ; -1.05434 ; 0.407743
5.37714 ; 5.15826 ; 0.924113 ; -0.349205
5.56304 ; 5.04415 ; 1.04257 ; -0.962443
5.6405 ; 5.86341 ; -0.571389 ; -0.199263
5.94548 ; 5.35574 ; -0.23859 ; -0.298476
5.51121 ; 5.68191 ; -0.493655 ; -0.842254
5.60596 ; 5.04843 ; -0.776533 ; -0.70063
5.92063 ; 4.88366 ; 1.22357 ; -0.729459
5.9437 ; 6.00941 ; 1.1385 ; 1.03623
5.0807 ; 5.72056 ; -0.103531 ; 1.14951
5.18822 ; 5.9709 ; 0.0439331 ; 0.859591
5.70251 ; 5.66306 ; 0.718737 ; 0.0596848
5.85282 ; 5.61166 ; 0.454771 ; 1.02813
5.89991 ; 5.30397 ; 0.971903 ; -1.01019
5.24836 ; 5.43781 ; 0.365533 ; 0.588189
5.13233 ; 5.43435 ; -1.00151 ; -0.623162
5.61566 ; 6.0436 ; 0.0035665 ; 0.386242
5.07455 ; 5.0476 ; -0.93914 ; -1.02108
5.69674 ; 5.44285 ; -0.690197 ; -1.05538
5.40544 ; 5.23487 ; 0.027579 ; -0.97789
5.11085 ; 5.71943 ; -0.930104 ; 0.381099
5.28959 ; 5.49034 ; 1.10384 ; 0.210906
5.52458 ; 6.11103 ; 0.634886 ; 0.955011
5.5954 ; 4.91557 ; 0.874079 ; -0.950449
5.77215 ; 5.25307 ; 0.911417 ; 1.07404
4.95283 ; 5.84151 ; -0.669585 ; -0.193639
5.20843 ; 5.80862 ; -0.3245 ; -0.0777239
5.9363 ; 5.5537 ; 0.567669 ; 0.265903
5.78391 ; 5.41166 ; -0.916136 ; -0.73462
5.13183 ; 5.22694 ; 0.0935497 ; -0.805134
5.42009 ; 5.73449 ; -0.9017 ; -0.783609
5.51514 ; 5.23314 ; 0.221941 ; -0.754595
5.59737 ; 5.56167 ; 0.886761 ; 0.146938
5.11175 ; 5.34479 ; -0.0856623 ; 0.788037
5.47984 ; 5.91659 ; -0.206973 ; 0.484622
5.27672 ; 5.37091 ; 0.0558803 ; -0.203362
5.47375 ; 5.51143 ; -0.104638 ; 0.674969
5.75291 ; 4.97746 ; -0.171456 ; -0.723912
5.39913 ; 5.48174 ; -0.954166 ; -0.0362722
5.80283 ; 5.26911 ; -0.281932 ; -1.20415
5.32368 ; 5.14766 ; 0.915223 ; 0.403618
