5.76999 ; 4.7519 ; -0.112936 ; -1.51912
6.93442 ; 5.5647 ; 1.21747 ; 0.458904
6.45767 ; 5.27418 ; 0.473315 ; -0.140035
4.54205 ; 3.92522 ; -0.179743 ; -0.922617
5.35336 ; 5.3342 ; -0.341219 ; -0.953804
3.93199 ; 4.49586 ; -0.84775 ; -0.264581
5.64137 ; 5.42976 ; -0.402338 ; -0.385597
5.63673 ; 5.83924 ; -0.299204 ; 1.0057
6.65746 ; 5.30316 ; 1.59979 ; 0.348745
6.73545 ; 6.61888 ; 1.48232 ; 1.0634
6.709 ; 5.04531 ; 0.959615 ; -1.09368
6.05723 ; 5.46124 ; 0.973964 ; -0.645274
4.37631 ; 4.8854 ; -1.53308 ; -1.19583
4.67079 ; 4.90665 ; -1.36322 ; -0.0893603
6.30646 ; 4.88515 ; 1.1498 ; -0.640419
6.15445 ; 6.44847 ; 1.28198 ; 0.632005
4.66717 ; 4.60476 ; -0.633787 ; -1.21654
7.34506 ; 6.08921 ; 1.32563 ; 0.904444
5.40426 ; 5.19282 ; -0.297488 ; -0.48178
4.75944 ; 5.72576 ; -1.07086 ; -0.144848
6.65434 ; 6.8661 ; 0.583165 ; 0.628396
3.6914 ; 6.64456 ; -1.305 ; 1.37994
5.97597 ; 7.29563 ; 0.441231 ; 1.56461
6.12031 ; 5.58689 ; 1.33616 ; -0.373628
4.95525 ; 7.01175 ; -0.850819 ; 1.6077
6.53884 ; 5.57251 ; 1.29394 ; 0.578503
5.1798 ; 5.12644 ; -0.473688 ; 0.163124
5.06121 ; 5.34523 ; -1.08174 ; 0.0534902
3.65967 ; 3.90455 ; -1.24529 ; -1.11869
5.80413 ; 4.72743 ; 0.635417 ; -1.50187
6.90459 ; 5.59573 ; 1.3148 ; -0.236383
5.41208 ; 4.16682 ; -0.406672 ; -1.22806
6.75985 ; 6.35842 ; 1.54375 ; 0.888722
7.56944 ; 5.83036 ; 1.19297 ; 0.762987
4.34498 ; 4.76137 ; -1.81426 ; -1.24234
6.7561 ; 4.20728 ; 1.49207 ; -1.57067
4.96752 ; 4.40422 ; -0.815719 ; -1.57159
4.7626 ; 4.15363 ; -0.857989 ; -1.32238
4.57302 ; 7.21613 ; -1.34374 ; 1.43525
4.49773 ; 5.7957 ; -1.63742 ; 0.827784
5.50828 ; 5.87404 ; 0.247794 ; 0.917531
5.30212 ; 7.55545 ; -0.136928 ; 1.1037
5.95573 ; 5.51758 ; 1.02199 ; 0.504495
5.55309 ; 4.45396 ; 0.487525 ; -0.829148
3.97316 ; 5.25197 ; -0.918129 ; -0.666402
5.1845 ; 4.60105 ; -0.0938413 ; -0.511195
7.41352 ; 4.42308 ; 1.20686 ; -1.3379
4.59742 ; 5.29497 ; -0.396728 ; -0.0838449
4.40135 ; 4.977 ; -1.1847 ; -0.7122
7.16089 ; 4.29532 ; 1.28762 ; -0.6751
4.68023 ; 4.27444 ; -1.05939 ; -1.73983
6.98576 ; 3.89533 ; 1.21273 ; -1.38402
4.703 ; 4.17742 ; -0.519571 ; -1.19111
3.90509 ; 6.36204 ; -0.836741 ; 0.537899
5.191 ; 4.83919 ; -0.574229 ; -0.889599
4.34594 ; 5.33664 ; -0.938598 ; -0.834489
7.39492 ; 5.22393 ; 1.60577 ; 0.0119225
4.23186 ; 6.35672 ; -1.58008 ; 0.425639
7.25418 ; 4.64524 ; 1.63932 ; -0.626908
6.57 ; 6.75111 ; 1.63904 ; 1.80026
4.86287 ; 5.33252 ; -1.25471 ; 0.275591
4.71115 ; 4.28516 ; -0.228456 ; -0.741182
4.45823 ; 7.01068 ; -1.46653 ; 1.24078
6.59481 ; 5.09002 ; 1.59608 ; -0.202371
7.04263 ; 7.35268 ; 1.13735 ; 0.769465
4.97 ; 7.57414 ; -1.13005 ; 1.11252
6.89703 ; 4.58773 ; 1.65786 ; -1.46176
6.02573 ; 3.82725 ; 0.538934 ; -1.10135
4.57686 ; 4.05305 ; -1.60611 ; -1.75551
3.88996 ; 5.12958 ; -1.22169 ; -0.855476
6.56356 ; 5.04466 ; 1.68061 ; -0.246993
5.03593 ; 4.18751 ; -1.09559 ; -1.72201
6.60006 ; 4.02649 ; 1.32259 ; -1.63573
4.73837 ; 4.92303 ; -1.15762 ; -1.16695
4.07266 ; 5.80643 ; -1.16845 ; 0.334224
6.31858 ; 7.46724 ; 0.642665 ; 1.30124
6.7916 ; 4.48593 ; 0.908537 ; -1.48491
6.84659 ; 5.01319 ; 1.38357 ; -0.553803
5.64011 ; 3.8452 ; -0.0521063 ; -1.46202
5.58929 ; 6.87935 ; -0.329557 ; 1.67068
7.25842 ; 5.02616 ; 1.08289 ; -1.01022
6.43231 ; 5.88677 ; 0.449118 ; -0.285855
4.2263 ; 5.83714 ; -1.19883 ; 0.0450496
4.23747 ; 4.15715 ; -1.57685 ; -1.43682
6.99968 ; 6.1463 ; 1.00828 ; 0.495912
6.04868 ; 4.26552 ; 0.950448 ; -1.41381
6.91454 ; 5.81383 ; 1.7428 ; -0.192888
5.91847 ; 5.49286 ; 0.188653 ; -0.199967
6.4752 ; 5.05992 ; 1.00476 ; -1.08689
4.39119 ; 6.39188 ; -0.406042 ; 0.225639
4.2602 ; 6.71314 ; -1.66627 ; 0.597939
5.52499 ; 4.37649 ; 0.103563 ; -1.38633
5.65723 ; 4.96437 ; -0.187626 ; -0.260395
5.52936 ; 3.66404 ; -0.432245 ; -1.33817
5.94593 ; 5.31087 ; 0.772376 ; 0.487274
7.0863 ; 6.36612 ; 0.805287 ; 0.383326
4.55817 ; 6.00452 ; -1.73743 ; 1.21485
4.79518 ; 5.66876 ; -0.326935 ; 0.435974
6.1733 ; 4.3833 ; 1.25987 ; -0.611643
6.08267 ; 6.36026 ; -0.0632211 ; 0.422945
4.02151 ; 6.43718 ; -1.36163 ; 0.373051
6.86225 ; 4.49938 ; 1.6986 ; -0.738296
5.85061 ; 5.33321 ; 0.337595 ; 0.0576634
7.02792 ; 5.75649 ; 1.6966 ; 0.548639
4.37044 ; 6.23894 ; -1.20733 ; 1.55378
4.42663 ; 3.66564 ; -1.45652 ; -1.58692
5.84737 ; 5.1035 ; 0.264452 ; -0.812654
5.1946 ; 6.69585 ; 0.278083 ; 1.48093
5.50739 ; 6.49551 ; -0.165152 ; 1.09479
6.56116 ; 6.33997 ; 0.753908 ; 1.58305
6.89649 ; 5.44134 ; 1.49182 ; -0.189135
4.85414 ; 6.47208 ; -1.08957 ; 1.08952
6.86669 ; 6.54591 ; 0.936912 ; 1.6681
5.75564 ; 4.00716 ; 0.0780157 ; -1.90055
4.84183 ; 6.48304 ; -1.21465 ; 0.410326
6.65241 ; 6.55206 ; 1.52582 ; 1.67396
6.71176 ; 3.92008 ; 1.56407 ; -1.51799
5.30962 ; 4.21099 ; 0.308922 ; -1.85977
5.84385 ; 6.06661 ; -0.0891783 ; 1.31372
4.6478 ; 6.48856 ; -0.296194 ; 1.38002
6.24151 ; 7.3524 ; 1.07431 ; 1.40459
4.46356 ; 6.0679 ; -1.66846 ; 0.664041
6.10426 ; 6.13294 ; 1.22725 ; 0.836515
5.18197 ; 4.9994 ; -0.451044 ; -1.25421
4.73656 ; 6.27499 ; -1.30586 ; 1.61141
5.15547 ; 5.91761 ; 0.192125 ; 0.560979
5.56019 ; 5.91182 ; -0.297996 ; -0.0655386
4.1124 ; 3.73766 ; -1.08726 ; -1.52161
3.9462 ; 5.62356 ; -1.66824 ; 0.802898
4.4302 ; 5.41585 ; -0.866549 ; -0.608957
7.21898 ; 4.85717 ; 1.61389 ; -0.435193
5.63605 ; 6.25331 ; -0.424232 ; 1.27609
3.94707 ; 6.30899 ; -1.42238 ; 0.21464
5.51516 ; 7.04214 ; 0.663662 ; 1.48555
6.24711 ; 5.3288 ; 0.706882 ; 0.105123
5.9865 ; 4.2598 ; 1.1305 ; -1.91313
4.07146 ; 6.64889 ; -1.49064 ; 1.43464
6.20653 ; 7.19463 ; 0.870132 ; 1.17574
6.28359 ; 7.12027 ; 0.735376 ; 1.47041
5.71153 ; 6.80678 ; -0.563203 ; 0.755449
6.4094 ; 4.38197 ; 0.725483 ; -1.68641
5.63158 ; 7.3873 ; -0.483296 ; 1.11977
6.33318 ; 6.59339 ; 1.55505 ; 1.51887
5.6305 ; 6.28572 ; -0.1829 ; 1.15753
5.77738 ; 3.89491 ; -0.150487 ; -1.55229
7.42395 ; 5.13683 ; 1.15893 ; -0.762643
4.96635 ; 6.93327 ; -0.89528 ; 0.804579
4.4507 ; 6.73527 ; -1.01763 ; 1.87483
3.70708 ; 5.38189 ; -1.10606 ; 0.45582
3.54051 ; 4.09383 ; -1.00283 ; -1.52556
4.87885 ; 4.43349 ; -1.0808 ; -1.85632
5.84283 ; 4.4493 ; 0.239912 ; -1.78971
3.88738 ; 4.14648 ; -1.19362 ; -0.596358
6.03188 ; 5.26238 ; 0.779194 ; -0.335245
6.76156 ; 6.40732 ; 0.812715 ; 0.729367
5.7778 ; 6.25332 ; -0.32048 ; 0.403529
5.70336 ; 5.52694 ; 0.568062 ; 0.161942
6.22862 ; 4.48513 ; 0.774035 ; -1.15765
7.51676 ; 4.5604 ; 1.05166 ; -1.05217
4.59011 ; 4.34235 ; -0.459737 ; -1.81295
6.64906 ; 7.41269 ; 1.34744 ; 1.29403
3.9095 ; 5.64123 ; -1.55435 ; 0.36174
5.65613 ; 4.70329 ; -0.284439 ; -1.22606
6.43979 ; 6.82483 ; 1.63941 ; 1.8399
6.22343 ; 6.69032 ; 0.852816 ; 0.71124
4.95255 ; 5.46351 ; -0.822988 ; -0.221748
5.62702 ; 6.03077 ; 0.781249 ; 1.33001
4.74226 ; 7.47515 ; -1.26263 ; 1.37284
5.63246 ; 5.17407 ; -0.479369 ; -1.11065
5.98257 ; 5.55722 ; 1.20901 ; 0.591878
5.87631 ; 7.0778 ; 1.06172 ; 1.04376
7.15954 ; 6.63201 ; 1.21691 ; 0.733524
6.29545 ; 4.45628 ; 0.858198 ; -0.726741
6.21079 ; 4.98218 ; 0.675181 ; -0.571831
6.1638 ; 6.1882 ; 0.174366 ; 0.0820294
5.26018 ; 4.58734 ; -0.1956 ; -0.781932
4.88877 ; 4.08367 ; -1.20157 ; -1.88177
4.24149 ; 6.70807 ; -0.645947 ; 0.940809
4.49323 ; 5.33692 ; -1.10685 ; -0.0249729
5.20616 ; 6.21728 ; -0.391009 ; 1.05475
5.56831 ; 6.08199 ; 0.383607 ; 0.177606
3.66896 ; 5.35652 ; -1.65543 ; 0.492415
6.49403 ; 4.36593 ; 1.30778 ; -1.76931
7.09114 ; 4.1901 ; 1.59882 ; -1.76851
6.0879 ; 4.43096 ; 0.289385 ; -0.99352
4.74908 ; 5.59561 ; -0.49459 ; 0.0667678
4.76525 ; 4.29601 ; -0.536273 ; -1.69977
5.2677 ; 6.8388 ; 0.155559 ; 1.05105
4.38989 ; 4.26165 ; -1.04094 ; -1.35984
6.32372 ; 3.73818 ; 1.45341 ; -1.65724
5.87487 ; 7.21672 ; 1.06825 ; 1.09262
6.02342 ; 5.85556 ; 0.380748 ; -0.0138632
3.86549 ; 4.68795 ; -1.63651 ; -1.14372
6.52892 ; 4.34685 ; 1.1043 ; -1.83829
4.37951 ; 4.82366 ; -0.859668 ; -1.50233
4.93888 ; 4.0863 ; -1.16412 ; -1.88901
7.44528 ; 4.48855 ; 1.42396 ; -0.812598
7.46022 ; 5.55614 ; 1.3663 ; 0.4494
4.51014 ; 7.12331 ; -0.335791 ; 1.49732
3.55147 ; 4.31568 ; -1.18161 ; -1.6699
7.37713 ; 3.87478 ; 0.717527 ; -0.480696
3.92552 ; 6.94659 ; -1.46474 ; 0.832144
5.04882 ; 4.7675 ; -0.00902827 ; -1.49321
6.37249 ; 6.70903 ; 1.71462 ; 0.898594
3.95373 ; 3.767 ; -1.52178 ; -1.53821
4.92917 ; 3.92505 ; -0.152918 ; -1.68163
3.67397 ; 6.86692 ; -1.11648 ; 0.717477
4.95103 ; 6.79999 ; -0.372584 ; 0.675444
5.20524 ; 5.50584 ; -0.741459 ; -0.670765
4.79683 ; 5.09299 ; -0.85665 ; -1.07648
6.9378 ; 4.21389 ; 1.60919 ; -0.648161
5.91158 ; 4.7373 ; 0.341121 ; -0.949223
6.56111 ; 5.12609 ; 1.22308 ; 0.317605
6.34028 ; 4.55943 ; 0.656556 ; -1.3499
5.12779 ; 5.58299 ; -0.138402 ; 0.565488
4.3931 ; 5.12269 ; -1.83454 ; -0.167983
4.14357 ; 4.44327 ; -1.78286 ; -0.444924
4.34573 ; 7.22929 ; -1.44451 ; 1.11035
4.04282 ; 3.91797 ; -1.39924 ; -1.56868
4.92812 ; 4.11728 ; -0.366712 ; -1.22532
4.10025 ; 4.00403 ; -1.36142 ; -1.6266
6.30978 ; 6.75195 ; 1.63451 ; 0.956512
6.86419 ; 4.06501 ; 0.63368 ; -1.22689
6.26937 ; 4.22211 ; 1.57378 ; -1.63927
6.97329 ; 6.0717 ; 1.19797 ; 0.613916
6.52458 ; 4.03146 ; 1.69799 ; -1.56566
6.0867 ; 3.60577 ; 1.33049 ; -1.52066
4.22038 ; 6.40766 ; -1.5975 ; 1.26095
6.97612 ; 5.1267 ; 1.24913 ; -0.259145
6.11472 ; 7.24951 ; 1.12587 ; 1.28823
5.08534 ; 6.3595 ; -1.24838 ; 1.51428
4.01168 ; 5.84129 ; -1.5077 ; 0.768048
4.49664 ; 6.21806 ; -1.27281 ; 1.23261
6.06794 ; 4.75591 ; 0.621333 ; -0.223709
4.1951 ; 5.96224 ; -1.62643 ; 0.876348
4.41967 ; 5.86858 ; -1.31783 ; 0.484624
4.19528 ; 6.95813 ; -0.74759 ; 1.14988
4.95866 ; 7.33857 ; -1.25626 ; 1.58513
5.11293 ; 6.85799 ; -0.602827 ; 0.802639
4.78995 ; 3.512 ; -0.91518 ; -1.23547
6.82699 ; 3.81932 ; 0.626983 ; -0.918476
5.50772 ; 5.41904 ; 0.603145 ; -0.442035
7.08222 ; 6.08986 ; 0.962308 ; 0.176667
5.19924 ; 6.34214 ; -0.798047 ; 1.01656
5.31414 ; 3.60022 ; -0.395877 ; -1.64138
4.44561 ; 5.98787 ; -0.740732 ; 0.0462415
5.51109 ; 6.47483 ; -0.733115 ; 1.76572
4.2224 ; 6.88473 ; -1.09991 ; 1.66039
7.293 ; 4.47794 ; 0.898622 ; -0.313809
4.9858 ; 5.17458 ; -0.299801 ; -0.557749
6.13006 ; 6.68438 ; 1.0098 ; 1.73365
5.18273 ; 7.10824 ; -0.610475 ; 1.73296
4.41191 ; 6.90082 ; -0.740922 ; 1.80186
5.98249 ; 5.98142 ; 0.73125 ; 0.155393
5.03406 ; 6.55063 ; -0.912417 ; 0.91682
5.3213 ; 6.10725 ; -0.835096 ; 0.158321
3.49707 ; 6.19075 ; -1.0725 ; 0.221111
4.34103 ; 5.12604 ; -1.49685 ; -0.758285
4.43978 ; 6.26389 ; -1.04371 ; 1.2492
3.72361 ; 5.80281 ; -1.46041 ; 0.943146
6.28418 ; 6.98118 ; 1.11648 ; 0.90401
6.73793 ; 5.38992 ; 1.28919 ; -0.240044
6.95383 ; 4.53982 ; 1.46585 ; -0.697793
4.36233 ; 6.82134 ; -0.640597 ; 1.71937
7.33446 ; 6.48848 ; 1.25542 ; 1.05997
6.46209 ; 6.85823 ; 1.59469 ; 1.58957
6.07125 ; 7.08488 ; 0.696655 ; 0.959603
6.80609 ; 4.06029 ; 0.726906 ; -0.933809
3.56708 ; 4.45289 ; -1.02546 ; -0.19751
5.41987 ; 4.07533 ; 0.38003 ; -1.48721
5.86113 ; 4.13528 ; 0.51525 ; -1.9203
4.76032 ; 4.73984 ; -1.35471 ; -0.840292
4.91364 ; 7.53699 ; -0.362301 ; 1.20442
7.07749 ; 4.27579 ; 1.53949 ; -0.58496
6.24876 ; 6.23473 ; 1.30424 ; 0.336549
4.53504 ; 6.79487 ; -1.77614 ; 1.65754
5.03051 ; 3.80709 ; -1.29223 ; -1.74322
5.2549 ; 4.76792 ; -0.430419 ; -0.760807
5.07306 ; 6.0082 ; 0.0522204 ; 0.886878
5.39531 ; 4.46089 ; -0.382633 ; -1.02114
6.07378 ; 5.53411 ; 0.217058 ; -0.278797
3.89386 ; 3.58483 ; -1.08005 ; -1.12792
4.41132 ; 3.88348 ; -1.66235 ; -1.33217
5.28074 ; 5.25308 ; -0.770875 ; -0.907888
7.1806 ; 4.92747 ; 1.23447 ; -0.650941
4.6408 ; 5.05255 ; -0.794944 ; -0.348138
6.74693 ; 5.05129 ; 1.01165 ; -0.343524
6.08833 ; 6.27261 ; 1.22645 ; 0.34987
5.33703 ; 5.66493 ; 0.368496 ; 0.800451
5.0709 ; 6.14311 ; -0.0292364 ; 0.66428
7.17099 ; 5.53314 ; 1.32737 ; -0.00429678
5.85362 ; 3.94171 ; 1.00251 ; -1.57685
7.36331 ; 4.87468 ; 0.958263 ; 0.0214111
7.03471 ; 3.89716 ; 0.929732 ; -0.945509
4.06148 ; 4.13594 ; -0.888847 ; -1.14806
5.78733 ; 7.33834 ; 0.0869311 ; 1.65351
4.91314 ; 5.37842 ; -0.550237 ; 0.103096
3.93316 ; 3.90121 ; -1.26869 ; -1.09725
5.7249 ; 7.12811 ; -0.156092 ; 0.897426
5.92728 ; 5.05453 ; 0.891635 ; -1.26189
6.7529 ; 7.16784 ; 0.329867 ; 0.810306
4.99997 ; 6.14204 ; -0.0467541 ; 0.125164
3.44912 ; 5.38663 ; -1.09216 ; -0.154001
5.53908 ; 4.66056 ; 0.210265 ; -1.1562
6.95559 ; 4.21543 ; 1.60599 ; -0.859456
5.41572 ; 6.46709 ; -0.465612 ; 1.17009
6.16847 ; 3.94259 ; 0.574802 ; -1.50048
4.07544 ; 6.93116 ; -1.31706 ; 0.594434
6.62281 ; 4.56652 ; 1.86863 ; -0.330126
7.59238 ; 6.16252 ; 1.09549 ; 1.11333
3.7958 ; 5.39632 ; -1.37835 ; -0.546795
5.52073 ; 3.44016 ; 0.225357 ; -1.29878
5.40177 ; 7.14274 ; -0.697912 ; 1.46518
6.52679 ; 5.54413 ; 1.50553 ; 0.14997
4.248 ; 5.43699 ; -0.777679 ; -0.336492
5.14614 ; 4.68023 ; -0.245263 ; -0.662221
5.37246 ; 4.9654 ; -0.374806 ; -0.969313
6.82498 ; 5.70215 ; 0.727858 ; 1.01231
5.58795 ; 6.30702 ; 0.697495 ; 1.4502
6.40197 ; 6.56067 ; 1.61522 ; 1.44149
6.05841 ; 5.15324 ; 1.30066 ; -0.855693
7.19469 ; 6.84452 ; 1.09918 ; 0.822077
3.70633 ; 6.6858 ; -1.24273 ; 1.06617
4.53531 ; 6.82451 ; -0.787257 ; 1.77666
7.32449 ; 4.8408 ; 1.03961 ; -0.128607
4.44862 ; 5.45596 ; -1.35525 ; 0.458287
5.80339 ; 6.21441 ; 0.980056 ; 0.925746
4.60913 ; 5.4202 ; -0.656112 ; -0.555495
3.70416 ; 5.45681 ; -1.25543 ; 0.034163
4.72119 ; 5.0267 ; -0.65745 ; -1.1466
3.71122 ; 6.11608 ; -1.42661 ; 0.391706
6.04109 ; 3.85174 ; 0.263534 ; -1.65072
4.27146 ; 4.33253 ; -1.07212 ; -0.557333
5.854 ; 6.4815 ; 1.14946 ; 0.866069
4.09768 ; 5.7572 ; -1.74384 ; 0.569124
5.86966 ; 5.91535 ; 0.46336 ; -0.205044
6.25475 ; 5.71141 ; 0.97436 ; 0.639363
4.11048 ; 5.04224 ; -1.44135 ; -1.30627
7.07578 ; 4.10671 ; 1.56063 ; -1.36896
3.67285 ; 4.39901 ; -1.60134 ; -1.21563
6.26518 ; 6.22011 ; 1.01852 ; 0.770909
6.62239 ; 5.05436 ; 1.04388 ; 0.100318
6.69797 ; 4.3292 ; 1.12145 ; -0.942777
5.05522 ; 6.9061 ; -0.766205 ; 1.62404
5.7038 ; 4.67195 ; -0.394946 ; -0.913133
6.84466 ; 4.93262 ; 1.51198 ; -1.17976
5.00097 ; 6.62838 ; -1.05822 ; 0.615673
4.27131 ; 3.69556 ; -1.6982 ; -1.59249
3.76928 ; 4.6983 ; -1.43099 ; -0.196727
6.50204 ; 6.97824 ; 1.44377 ; 0.869873
4.24077 ; 6.83348 ; -0.402171 ; 0.467427
6.56724 ; 7.31433 ; 0.524599 ; 0.899737
5.48282 ; 4.53826 ; -0.492293 ; -1.82323
4.62278 ; 4.87598 ; -1.72594 ; -1.40214
4.96834 ; 6.33066 ; 0.113478 ; 1.3707
6.46046 ; 6.31929 ; 1.43884 ; 0.24156
6.67684 ; 4.34765 ; 1.08371 ; -1.05032
5.62041 ; 6.78405 ; -0.260096 ; 0.934262
6.42967 ; 3.91504 ; 0.946862 ; -1.24096
5.85363 ; 4.75953 ; 0.020203 ; -1.20622
6.11653 ; 5.51763 ; 0.429479 ; 0.164543
4.58117 ; 4.99671 ; -1.76262 ; -1.23972
4.1364 ; 6.24908 ; -1.69037 ; 1.57927
6.90724 ; 4.63635 ; 1.58719 ; -0.980619
4.627 ; 6.52406 ; -0.611963 ; 0.723769
6.9669 ; 5.51625 ; 1.28848 ; 0.578038
3.70654 ; 4.61778 ; -1.14232 ; -1.36047
4.31084 ; 4.21461 ; -0.831767 ; -1.12709
4.24077 ; 6.0696 ; -1.29245 ; 0.653087
5.30864 ; 3.77989 ; 0.0906314 ; -1.19769
3.65235 ; 5.80899 ; -1.60293 ; -0.00932537
3.93053 ; 4.18497 ; -0.723755 ; -1.09206
5.89649 ; 7.11308 ; 1.16994 ; 1.20747
5.25487 ; 4.70657 ; -0.594638 ; -1.39547
5.75115 ; 6.48902 ; 0.347094 ; 1.55307
4.49428 ; 4.57852 ; -1.70971 ; -0.325372
4.70427 ; 6.46107 ; -0.466885 ; 1.2121
6.96184 ; 3.83809 ; 0.933747 ; -1.36941
4.75155 ; 5.36954 ; -0.470394 ; 0.306884
4.77564 ; 6.1049 ; -0.889724 ; 1.06578
4.20354 ; 6.24621 ; -1.49897 ; 0.218286
4.89595 ; 5.14637 ; -0.0990474 ; -1.08648
4.04604 ; 4.73614 ; -1.24248 ; -1.4013
4.98339 ; 5.84765 ; 0.117238 ; 0.800146
4.7024 ; 4.80605 ; -0.700649 ; -0.352508
7.01757 ; 6.54465 ; 1.51781 ; 1.36856
7.20895 ; 4.40199 ; 1.56657 ; -1.33286
6.61453 ; 6.8214 ; 0.7551 ; 1.23005
5.87068 ; 7.2873 ; 1.12177 ; 1.28981
5.27413 ; 4.62719 ; -0.696931 ; -0.673137
6.83216 ; 6.66098 ; 1.04445 ; 1.89419
4.18368 ; 6.65879 ; -1.60348 ; 0.545031
6.33874 ; 4.04786 ; 1.57203 ; -1.60193
4.60234 ; 6.37421 ; -1.65783 ; 0.296505
4.66968 ; 4.75112 ; -0.850464 ; -0.620952
6.98551 ; 6.35326 ; 1.80861 ; 0.924927
6.03524 ; 4.75554 ; 0.816647 ; -1.28692
6.63967 ; 5.52617 ; 1.66188 ; 0.520168
5.4345 ; 5.5097 ; -0.663248 ; -0.554036
5.50873 ; 7.26676 ; -0.533273 ; 0.98017
4.02201 ; 4.1377 ; -1.06093 ; -1.63669
4.0913 ; 5.63412 ; -0.879731 ; -0.33679
6.26343 ; 6.5266 ; 1.10833 ; 1.72534
3.69494 ; 5.33874 ; -1.65483 ; -0.390603
4.43567 ; 5.5502 ; -1.4255 ; -0.683956
4.18626 ; 4.59188 ; -1.09931 ; -1.6783
6.75582 ; 4.28646 ; 1.49757 ; -1.89029
4.49892 ; 6.84924 ; -0.345527 ; 0.825734
4.46545 ; 4.70964 ; -1.17387 ; -1.05115
3.927 ; 5.7215 ; -1.02702 ; -0.0319505
5.2327 ; 5.31694 ; -0.307203 ; 0.340237
5.42064 ; 6.32999 ; -0.632942 ; 1.36725
5.22582 ; 3.70521 ; -0.252704 ; -1.22326
5.8954 ; 3.94554 ; -0.146294 ; -1.08387
6.45036 ; 4.46409 ; 1.62132 ; -1.90454
5.48347 ; 5.42045 ; -0.517931 ; -0.348912
6.89334 ; 6.34661 ; 1.83145 ; 0.807339
6.96944 ; 5.99856 ; 1.31689 ; 1.34773
6.90643 ; 3.96661 ; 1.03037 ; -1.00177
4.58144 ; 3.9574 ; -0.744566 ; -1.17138
6.74916 ; 5.30513 ; 1.22704 ; -0.0405089
3.62842 ; 5.41814 ; -1.45206 ; -0.0898656
5.63823 ; 4.81068 ; 0.568939 ; -1.06031
6.00965 ; 4.69923 ; -0.0890376 ; -1.00481
5.8542 ; 6.56678 ; 0.289226 ; 1.21565
7.3801 ; 4.8071 ; 1.26117 ; -0.838903
4.65574 ; 4.32816 ; -0.881364 ; -1.61207
4.99609 ; 7.3965 ; -0.89335 ; 1.1337
4.31836 ; 4.74412 ; -1.00118 ; -0.991859
6.77936 ; 5.80804 ; 1.53147 ; -0.384533
7.45648 ; 5.74855 ; 1.50666 ; -0.328835
4.96367 ; 5.10884 ; -0.163168 ; -1.11888
4.54929 ; 5.11371 ; -0.61752 ; -1.17998
6.03694 ; 5.33797 ; 0.487686 ; -0.731907
7.06605 ; 4.48767 ; 1.0428 ; -1.15136
4.49241 ; 6.11498 ; -1.09674 ; 1.43882
6.03344 ; 6.96395 ; 0.877161 ; 1.76414
4.21811 ; 6.0402 ; -1.48797 ; 0.00294648
6.56889 ; 4.09293 ; 0.507984 ; -1.11508
7.38957 ; 5.45049 ; 1.61703 ; -0.590773
4.5857 ; 5.65127 ; -1.31174 ; 0.852651
4.0135 ; 5.0659 ; -1.4595 ; -0.99326
5.14527 ; 5.76252 ; -0.0900655 ; 0.589057
6.95174 ; 6.4551 ; 1.51631 ; 1.08341
4.73963 ; 6.11824 ; -1.12492 ; 1.42173
5.30384 ; 6.04885 ; 0.0589912 ; -0.09254
6.14691 ; 4.62096 ; -0.0539459 ; -0.302306
4.42877 ; 4.38684 ; -0.721309 ; -1.04525
6.55735 ; 6.16554 ; 1.03344 ; 0.240107
6.81033 ; 6.82296 ; 0.981089 ; 1.36284
6.44034 ; 4.83311 ; 1.69458 ; -1.11729
5.83277 ; 4.85663 ; 0.591536 ; -0.117835
5.46974 ; 5.66566 ; 0.485317 ; 0.122458
4.58813 ; 4.40225 ; -0.578301 ; -1.18808
6.39073 ; 7.43084 ; 1.40469 ; 1.17111
5.55864 ; 3.95685 ; 0.0460734 ; -1.77279
6.5362 ; 7.24003 ; 1.63921 ; 1.68983
5.06598 ; 6.89779 ; 0.272419 ; 0.755073
4.99658 ; 5.92614 ; -1.26475 ; 0.456397
4.7513 ; 4.11473 ; -1.58908 ; -0.845161
7.10329 ; 4.24331 ; 1.27518 ; -1.07651
6.69296 ; 4.06943 ; 1.43333 ; -1.5254
4.03718 ; 4.94791 ; -1.327 ; -0.088686
6.96267 ; 5.20254 ; 1.84802 ; -0.118208
6.7534 ; 5.59765 ; 1.79876 ; 0.0914262
5.38042 ; 7.34149 ; -0.339712 ; 1.21818
5.15302 ; 5.68924 ; -0.191222 ; 0.297066
5.62949 ; 6.76373 ; 0.204747 ; 0.686641
6.07468 ; 4.03289 ; -0.193268 ; -1.15478
6.57343 ; 6.89451 ; 1.7623 ; 0.716074
6.89219 ; 3.6402 ; 1.37938 ; -0.941386
6.7007 ; 7.41911 ; 1.57638 ; 1.12372
6.4751 ; 5.30481 ; 0.95579 ; 0.252639
6.53737 ; 5.63753 ; 1.74575 ; 0.453122
7.44235 ; 5.19548 ; 1.23802 ; -0.548646
5.66949 ; 6.76973 ; 0.687348 ; 1.61716
6.484 ; 3.4946 ; 0.423507 ; -0.911414
5.14413 ; 4.27361 ; 0.253045 ; -1.85287
6.29812 ; 6.78211 ; 0.508996 ; 0.779638
6.7528 ; 7.18002 ; 1.4695 ; 1.38451
4.06007 ; 6.84957 ; -1.48074 ; 0.958973
4.78156 ; 4.78177 ; -0.299104 ; -1.2197
5.15663 ; 7.4073 ; -1.00099 ; 1.0392
7.05564 ; 5.9615 ; 1.23838 ; 0.42084
4.24569 ; 4.6716 ; -1.28955 ; -1.3753
6.97582 ; 5.88646 ; 0.993111 ; 0.717876
6.09219 ; 6.83809 ; -0.0432911 ; 1.49337
5.88952 ; 7.49947 ; 1.09413 ; 1.15613
5.52236 ; 4.70686 ; 0.074233 ; -1.41318
7.26334 ; 5.60485 ; 1.50339 ; -0.430863
7.11972 ; 4.95287 ; 1.73197 ; -1.17851
6.04392 ; 5.79682 ; 0.522411 ; 0.418126
7.25803 ; 5.35007 ; 1.40472 ; -0.157755
6.78853 ; 6.90388 ; 0.612075 ; 1.5013
4.1078 ; 6.67832 ; -1.15182 ; 0.494815
4.05088 ; 5.71307 ; -1.20568 ; 0.348264
5.01871 ; 3.95195 ; -1.22627 ; -1.89285
5.36811 ; 3.93632 ; -0.92806 ; -1.90902
3.70549 ; 6.30536 ; -1.03319 ; 0.822499
4.81395 ; 6.57208 ; -0.702503 ; 1.0077
4.33373 ; 5.74415 ; -0.868208 ; 0.152928
4.55264 ; 3.76427 ; -0.950316 ; -1.35825
5.59044 ; 5.11379 ; -0.0526159 ; 0.196106
7.50954 ; 6.84561 ; 1.08116 ; 1.00263
4.32852 ; 4.51905 ; -1.90437 ; -1.13643
5.58951 ; 5.24223 ; -0.230355 ; -0.349164
7.14318 ; 6.41224 ; 0.919696 ; 0.542182
3.45974 ; 6.3614 ; -1.10761 ; 1.20223
4.34092 ; 4.76038 ; -1.88221 ; -0.719446
4.32545 ; 5.4562 ; -0.593167 ; -0.606399
5.14228 ; 5.60813 ; -0.235897 ; 0.397219
4.80831 ; 7.33371 ; -0.68748 ; 1.20027
6.26328 ; 4.14374 ; 0.647373 ; -0.984074
4.66693 ; 5.47699 ; -0.27939 ; 0.126806
4.09424 ; 3.73074 ; -1.10886 ; -1.41647
4.13612 ; 5.84057 ; -1.78668 ; -0.329617
4.0646 ; 5.0778 ; -1.5455 ; 0.0383195
7.01454 ; 4.38913 ; 1.30919 ; -0.363412
6.23785 ; 4.90095 ; 1.34954 ; -0.707398
6.87359 ; 5.238 ; 1.20349 ; -0.946763
4.89021 ; 5.85108 ; -0.878145 ; 0.333823
4.2196 ; 4.7064 ; -1.43618 ; -1.38571
6.03982 ; 5.53987 ; 1.39951 ; 0.402075
4.73356 ; 4.81041 ; -1.33161 ; -0.229858
5.02855 ; 5.05861 ; -1.28643 ; -0.250539
5.31304 ; 5.68222 ; 0.257235 ; 0.590626
7.2584 ; 5.67022 ; 1.31756 ; 0.38762
5.1138 ; 6.8656 ; -0.124257 ; 1.39822
3.68405 ; 5.751 ; -1.42128 ; 0.57715
5.38931 ; 4.66817 ; 0.0340132 ; -0.63291
6.14572 ; 6.71198 ; 0.962774 ; 1.30102
5.30955 ; 4.11923 ; -0.126942 ; -1.3858
7.03853 ; 7.0284 ; 1.53077 ; 1.66916
5.08793 ; 4.26001 ; -0.530119 ; -1.44222
5.5708 ; 6.07197 ; 0.348682 ; 0.212587
5.79825 ; 5.71508 ; 0.0407468 ; -0.203684
6.69136 ; 6.15275 ; 1.72263 ; 0.358479
3.527 ; 6.37699 ; -1.22803 ; 1.21294
4.77276 ; 4.87416 ; -0.945644 ; -0.213786
4.38488 ; 5.8777 ; -1.70691 ; 0.115837
4.70142 ; 4.33131 ; -1.33039 ; -1.89721
5.83502 ; 7.3518 ; 0.326451 ; 1.48636
4.16871 ; 5.51563 ; -1.65385 ; 0.274907
5.91814 ; 5.94539 ; 0.772943 ; -0.141801
6.26582 ; 4.92476 ; 0.897201 ; -0.284402
5.87352 ; 4.87076 ; 0.157415 ; -0.40193
6.679 ; 3.86155 ; 0.393438 ; -1.18947
4.44375 ; 5.77727 ; -1.03726 ; 0.10664
4.34415 ; 6.40367 ; -1.8484 ; 1.19024
7.25371 ; 4.50888 ; 1.66237 ; -1.53854
6.4144 ; 5.80348 ; 1.67229 ; 0.184571
5.62608 ; 5.01742 ; 0.326905 ; 0.0150355
6.26439 ; 4.99008 ; 0.714887 ; -0.828003
4.39264 ; 5.38873 ; -1.20314 ; 0.108927
4.15215 ; 5.31426 ; -1.38539 ; -0.288496
6.43354 ; 5.95145 ; 0.511532 ; -0.0247599
6.37922 ; 4.26182 ; 1.29326 ; -1.53758
6.67375 ; 5.55634 ; 0.766195 ; 0.810198
5.0331 ; 5.60056 ; -0.00732588 ; 0.787067
6.40648 ; 3.55361 ; 0.61332 ; -1.40462
6.53512 ; 3.89151 ; 0.375621 ; -1.04699
4.57016 ; 6.85307 ; -0.176051 ; 0.997594
3.77813 ; 6.23395 ; -1.45742 ; 0.302107
7.22091 ; 5.6916 ; 1.34751 ; -0.367585
5.63765 ; 6.10073 ; -0.416219 ; 0.301491
5.68636 ; 3.81613 ; 0.833149 ; -1.28867
5.63326 ; 6.55664 ; 0.712712 ; 1.84531
6.3854 ; 6.24962 ; 1.40424 ; 0.21335
5.75162 ; 3.97447 ; 0.107284 ; -1.55125
3.65284 ; 7.07341 ; -1.18089 ; 1.02201
4.92048 ; 3.88645 ; -1.17864 ; -1.73686
6.28927 ; 5.86659 ; 1.33158 ; 0.942914
6.57559 ; 5.04062 ; 1.43491 ; -1.18688
6.63928 ; 6.38365 ; 1.19211 ; 1.04624
7.20976 ; 5.24315 ; 1.79223 ; 0.22505
5.54669 ; 4.12441 ; 0.408323 ; -0.941405
6.18722 ; 6.82432 ; 0.423578 ; 0.864244
3.59792 ; 5.35489 ; -1.39425 ; -0.912937
3.62472 ; 5.35241 ; -1.37489 ; -0.63225
6.58328 ; 3.80028 ; 0.402197 ; -1.55983
4.54047 ; 6.91045 ; -0.485743 ; 1.11974
6.03849 ; 6.5043 ; 0.985525 ; 1.46501
5.54028 ; 3.7111 ; 0.709718 ; -1.62278
6.02384 ; 3.49251 ; 1.14638 ; -1.07034
6.36237 ; 6.87454 ; 0.337448 ; 1.69269
6.21181 ; 5.78722 ; 0.172554 ; 0.497845
6.80528 ; 6.3 ; 1.66622 ; 1.39209
5.46585 ; 6.81992 ; -0.0508493 ; 1.2667
4.64654 ; 4.4919 ; -1.07187 ; -1.76794
4.8021 ; 5.46331 ; -1.55658 ; -0.621564
6.46769 ; 6.55528 ; 1.71126 ; 1.14742
5.8932 ; 5.40816 ; -0.0996474 ; -0.851244
4.2408 ; 4.01169 ; -0.490807 ; -0.769947
4.32061 ; 5.40758 ; -0.943287 ; -0.423821
4.97373 ; 7.47326 ; -0.279486 ; 1.01674
7.15085 ; 4.49214 ; 0.946717 ; -1.14136
6.45357 ; 6.61498 ; 1.51555 ; 0.740287
3.80928 ; 6.55194 ; -1.32459 ; 0.892596
6.1258 ; 5.41098 ; 0.613315 ; -0.718941
6.349 ; 4.40085 ; 1.05556 ; -0.700947
6.19794 ; 4.22411 ; 0.780983 ; -1.55207
4.25381 ; 5.23989 ; -1.14119 ; -1.02457
4.83813 ; 6.4444 ; -1.40649 ; 0.776453
4.75425 ; 4.01081 ; -0.942208 ; -1.84976
5.80162 ; 5.08643 ; 0.2291 ; -0.994936
4.59572 ; 7.36243 ; -0.180157 ; 0.817575
5.83956 ; 4.59262 ; 0.580914 ; -1.08773
6.57868 ; 7.21493 ; 0.339609 ; 0.830933
7.52678 ; 6.89277 ; 0.838549 ; 0.863715
3.91306 ; 4.69606 ; -1.63865 ; -0.27797
6.33026 ; 6.90182 ; 0.713898 ; 0.972482
5.30458 ; 7.01865 ; 0.221308 ; 0.867045
6.24275 ; 4.91948 ; 0.775397 ; -1.18104
5.60871 ; 3.96722 ; 0.725022 ; -1.52087
6.59325 ; 4.45663 ; 1.6074 ; -1.67992
3.98847 ; 4.74339 ; -1.67117 ; -1.02911
5.10414 ; 6.32834 ; -0.172724 ; 0.640953
5.95654 ; 4.7313 ; -0.098456 ; -0.607013
6.68685 ; 5.60571 ; 1.88006 ; 0.438963
6.11784 ; 7.29053 ; 0.48032 ; 1.65265
4.21848 ; 4.13795 ; -0.762758 ; -1.31758
4.51986 ; 6.01788 ; -1.23213 ; 0.921518
7.31085 ; 6.86189 ; 1.13842 ; 1.47879
7.1345 ; 5.56886 ; 1.06057 ; 0.686496
5.58216 ; 4.03534 ; -0.0713907 ; -1.61565
5.03038 ; 5.61369 ; -0.506574 ; -0.128037
6.12032 ; 6.62359 ; 0.333939 ; 1.8343
6.32604 ; 3.8616 ; 0.705966 ; -1.46049
5.36901 ; 4.71902 ; 0.375366 ; -1.48827
7.07901 ; 6.38776 ; 0.940313 ; 0.832061
5.79574 ; 3.84657 ; 0.148268 ; -1.47219
6.83101 ; 5.6703 ; 1.45839 ; 0.229541
4.75867 ; 4.54951 ; -0.598882 ; -1.78551
4.1945 ; 7.16423 ; -0.636448 ; 1.26093
3.93899 ; 6.47577 ; -0.984554 ; 0.73642
3.93242 ; 3.74276 ; -1.15245 ; -1.04909
4.47866 ; 4.39119 ; -0.672656 ; -0.877757
6.71393 ; 5.19086 ; 1.71251 ; -0.821611
5.98723 ; 5.98916 ; -0.0250873 ; 0.508196
5.87205 ; 5.31792 ; 0.177253 ; -0.5081
4.57652 ; 6.16959 ; -0.375423 ; 0.97353
4.10911 ; 4.72734 ; -1.25935 ; -0.992459
3.64384 ; 6.04435 ; -1.22628 ; 0.0609893
6.56558 ; 3.95665 ; 0.337466 ; -0.675716
5.46723 ; 4.15986 ; -0.11933 ; -1.46609
4.76329 ; 4.62268 ; -0.21865 ; -0.569844
5.40344 ; 4.25718 ; 0.179826 ; -0.688647
4.76983 ; 5.29973 ; -1.243 ; -0.862903
5.02828 ; 4.12785 ; -0.994684 ; -1.60787
5.81603 ; 5.84919 ; 0.370164 ; 0.954588
6.05227 ; 4.83216 ; 0.173469 ; -1.16838
5.0956 ; 3.72976 ; -0.773406 ; -1.32401
5.38419 ; 7.11832 ; 0.322716 ; 1.16736
6.11906 ; 6.85066 ; 1.49261 ; 0.944463
4.53468 ; 6.07687 ; -1.79408 ; 0.714395
7.0682 ; 4.20288 ; 0.733383 ; -0.483628
5.35948 ; 5.15567 ; 0.420811 ; -0.562268
5.58993 ; 4.48404 ; 0.678977 ; -1.53956
4.36315 ; 4.42761 ; -1.78914 ; -1.49988
6.62834 ; 7.12774 ; 0.579137 ; 0.97854
4.97744 ; 6.00113 ; 0.0395754 ; -0.031992
5.03542 ; 6.25046 ; -1.14464 ; 0.549866
4.46699 ; 6.73036 ; -1.86367 ; 1.72056
5.92884 ; 6.42441 ; 0.153437 ; 0.688854
5.327 ; 3.54716 ; -0.560489 ; -1.32671
6.66542 ; 5.07596 ; 1.73601 ; -0.82698
6.1051 ; 6.13079 ; 0.802281 ; 1.41667
7.40736 ; 4.91229 ; 1.18149 ; 0.235898
6.0728 ; 4.68344 ; 0.752351 ; -0.86206
7.38014 ; 4.80487 ; 1.04148 ; -1.07776
7.17503 ; 6.28921 ; 1.33195 ; 0.0392638
6.18473 ; 6.31088 ; 1.07658 ; 1.48079
6.42079 ; 4.98769 ; 0.79996 ; -1.11221
5.19888 ; 7.23678 ; -0.0629967 ; 1.45753
6.85326 ; 5.82869 ; 1.61517 ; 0.92768
6.82723 ; 5.28747 ; 1.18275 ; -0.41259
4.4062 ; 3.9 ; -0.684166 ; -1.25955
4.17967 ; 5.13498 ; -0.96915 ; -0.622986
5.36149 ; 4.49934 ; 0.454635 ; -1.01973
6.71435 ; 6.1536 ; 1.44801 ; 0.188952
3.79554 ; 5.66629 ; -1.57603 ; -0.650762
5.49302 ; 6.11163 ; -0.477941 ; 0.671021
5.99422 ; 4.23431 ; 0.193134 ; -1.31381
5.6054 ; 5.97106 ; 0.0703235 ; 0.256292
6.63875 ; 5.79362 ; 1.69297 ; 0.290243
4.37289 ; 6.78848 ; -1.61287 ; 1.06844
4.53056 ; 4.86487 ; -0.624935 ; -0.228966
5.36536 ; 7.22727 ; -0.198812 ; 1.68672
6.22266 ; 7.6005 ; 1.08286 ; 1.04066
5.08483 ; 5.44244 ; -0.530565 ; 0.630876
5.25259 ; 7.0952 ; -0.979808 ; 1.26938
6.59718 ; 4.70783 ; 1.60002 ; -1.30164
4.60811 ; 6.91266 ; -0.229235 ; 1.35267
6.66822 ; 4.57635 ; 1.70637 ; -1.00204
5.54032 ; 5.0384 ; -0.718207 ; -0.0675874
6.4287 ; 4.03048 ; 0.362262 ; -1.78748
5.14241 ; 5.49374 ; 0.15296 ; 0.685299
6.14395 ; 5.76603 ; 1.33571 ; -0.309188
4.40774 ; 7.42235 ; -1.36644 ; 1.12506
7.20836 ; 3.9369 ; 1.30276 ; -1.07621
3.98267 ; 6.5279 ; -0.993316 ; 0.285742
5.65568 ; 6.2492 ; -0.000346854 ; 1.02815
6.2614 ; 5.24643 ; 1.35203 ; -0.750362
3.89221 ; 6.07103 ; -0.952083 ; 1.39897
4.0128 ; 4.91294 ; -0.91346 ; -0.369821
6.75637 ; 4.08095 ; 0.858993 ; -1.56705
5.9009 ; 6.50498 ; 0.867188 ; 0.920039
5.95205 ; 4.91169 ; 1.10683 ; -0.405768
6.77311 ; 3.8886 ; 0.996462 ; -1.49719
6.96238 ; 3.93572 ; 1.00379 ; -0.73588
6.43797 ; 3.54108 ; 1.5624 ; -1.35665
6.28814 ; 7.158 ; 0.786807 ; 1.1032
5.4135 ; 6.932 ; 0.124104 ; 1.42953
4.12432 ; 5.18267 ; -1.68668 ; -0.361268
6.84781 ; 6.41317 ; 0.913836 ; 1.7491
4.8608 ; 5.54515 ; -1.23847 ; 0.0461437
5.45344 ; 7.43951 ; -0.588219 ; 1.14108
7.25936 ; 5.97248 ; 1.29702 ; 1.25638
7.20593 ; 6.90558 ; 1.5576 ; 1.63595
4.01834 ; 6.44818 ; -1.03427 ; 1.16114
4.52012 ; 6.45265 ; -1.75881 ; 1.3334
4.46568 ; 6.14256 ; -0.730736 ; 0.386578
3.832 ; 4.50865 ; -1.53714 ; -1.76505
7.34853 ; 5.5158 ; 1.69071 ; -0.509265
6.28441 ; 5.00135 ; 1.64554 ; -1.1014
5.02186 ; 7.3571 ; -1.28431 ; 1.20722
3.49098 ; 4.58457 ; -1.02616 ; -1.39556
6.31862 ; 4.17507 ; 1.46791 ; -1.29048
4.34185 ; 4.90781 ; -0.888977 ; -1.02125
4.62873 ; 6.91985 ; -0.285459 ; 0.686923
7.06356 ; 5.53337 ; 1.27664 ; 0.790158
4.08171 ; 5.26762 ; -0.949959 ; 0.358777
5.04745 ; 6.46098 ; 0.0212728 ; 0.946492
5.23889 ; 5.45016 ; -0.69319 ; -0.246439
4.75419 ; 5.85223 ; -0.312016 ; 0.130089
4.44282 ; 6.7236 ; -0.876884 ; 0.685272
4.41423 ; 5.20331 ; -0.643554 ; -0.147414
5.52617 ; 6.36147 ; 0.442961 ; 1.64738
7.1979 ; 4.14404 ; 1.41645 ; -1.63341
6.87801 ; 6.59327 ; 1.498 ; 1.72118
5.00669 ; 5.97829 ; -0.384578 ; -0.0383388
5.75712 ; 7.28495 ; -0.508593 ; 0.94188
5.46022 ; 6.91091 ; 0.706249 ; 1.79812
5.91214 ; 4.0633 ; 1.24446 ; -1.05754
3.7919 ; 5.73266 ; -1.55994 ; 0.422476
5.23661 ; 6.67275 ; -0.883709 ; 1.50582
4.02038 ; 6.01494 ; -0.944677 ; 0.559671
5.54363 ; 5.09774 ; 0.787405 ; -0.67555
4.58637 ; 4.88403 ; -1.19276 ; -1.40193
4.32774 ; 5.88785 ; -1.22395 ; -0.0884052
4.51415 ; 5.18033 ; -1.00436 ; -0.607163
5.18168 ; 3.85198 ; -0.76477 ; -1.07717
6.61061 ; 3.48177 ; 0.741469 ; -0.910171
5.28592 ; 6.84413 ; -0.0500063 ; 1.63596
5.39469 ; 5.23124 ; -0.775944 ; -0.0217619
6.65212 ; 7.16839 ; 1.44988 ; 1.54862
5.19303 ; 4.20003 ; 0.266022 ; -1.92742
7.34331 ; 4.68135 ; 1.35129 ; -1.02657
5.4283 ; 5.70882 ; 0.25681 ; 0.320978
4.9205 ; 4.07494 ; -1.3247 ; -1.71617
7.25088 ; 5.68498 ; 1.26617 ; -0.252892
6.34401 ; 6.60764 ; 0.345697 ; 1.96301
5.80036 ; 6.69508 ; -0.447246 ; 0.702798
5.93411 ; 5.15985 ; 0.879002 ; -0.936555
6.465 ; 4.82096 ; 1.06257 ; -1.1421
6.25292 ; 6.87999 ; 0.396071 ; 0.73155
4.73421 ; 7.21921 ; -0.106273 ; 0.878741
5.59139 ; 4.26054 ; 0.172906 ; -1.59621
4.68248 ; 4.17264 ; -0.85009 ; -1.68133
6.74645 ; 4.16543 ; 1.22 ; -0.881433
3.86411 ; 3.82024 ; -1.35632 ; -0.999479
6.28523 ; 4.68266 ; 1.2931 ; -1.57109
6.05806 ; 7.29801 ; 0.734229 ; 1.11984
5.02824 ; 6.35731 ; 0.096017 ; 1.52872
5.58237 ; 6.75238 ; 0.495121 ; 1.04403
5.45084 ; 4.23127 ; -0.171355 ; -1.14659
6.75012 ; 5.0276 ; 1.0557 ; -0.185627
3.89451 ; 6.20031 ; -1.34163 ; 1.14364
6.40188 ; 5.16259 ; 1.47666 ; 0.123627
6.52362 ; 5.8063 ; 1.64877 ; -0.305001
4.7479 ; 7.13637 ; -0.970956 ; 1.60181
5.86316 ; 5.76345 ; 0.459691 ; 0.104174
4.93237 ; 5.97379 ; -1.39224 ; 0.885611
6.9838 ; 5.25839 ; 0.988615 ; -0.951941
6.30622 ; 4.26064 ; 0.967391 ; -1.60396
6.07725 ; 4.31539 ; 0.442765 ; -1.17156
4.06065 ; 5.50933 ; -1.6601 ; -0.26581
6.08455 ; 5.10364 ; 1.42503 ; 0.226221
5.35731 ; 6.61435 ; -0.0800896 ; 1.13192
6.95668 ; 4.39119 ; 1.08989 ; -0.89983
6.29503 ; 4.77476 ; 0.929189 ; -1.6019
5.57467 ; 6.67833 ; 0.454924 ; 1.65732
3.69608 ; 6.3265 ; -1.22108 ; 0.992181
5.29791 ; 6.68266 ; 0.236163 ; 1.67325
4.39489 ; 6.17876 ; -1.40524 ; 0.388636
6.98312 ; 5.87549 ; 1.19291 ; 0.33695
4.54795 ; 6.49127 ; -1.31686 ; 0.988767
6.48832 ; 4.69829 ; 1.71385 ; -0.740793
5.48288 ; 4.10206 ; -0.310154 ; -1.44474
6.77453 ; 4.18863 ; 1.58486 ; -1.19023
4.60872 ; 5.08231 ; -0.97545 ; 0.0751747
5.82099 ; 5.43042 ; 0.932869 ; -0.675935
5.8972 ; 5.17912 ; 0.158703 ; -0.718819
4.65121 ; 4.48923 ; -0.948597 ; -1.89734
7.49054 ; 4.81189 ; 1.13225 ; -0.946109
4.08448 ; 4.74341 ; -1.71845 ; -0.474711
5.955 ; 5.59123 ; -0.0594736 ; -0.117987
5.59491 ; 6.43533 ; 0.00520562 ; 0.614878
3.81973 ; 6.37485 ; -1.4378 ; 1.66109
5.98888 ; 3.54596 ; 0.452025 ; -1.49256
6.86641 ; 6.50831 ; 1.08049 ; 0.816508
5.30189 ; 6.36685 ; 0.370562 ; 0.675601
6.21742 ; 5.89283 ; 1.28022 ; 0.590548
6.36839 ; 4.22767 ; 1.41852 ; -1.38591
5.33274 ; 6.14429 ; 0.244797 ; 0.4938
4.53795 ; 4.51853 ; -0.73893 ; -0.535589
5.1745 ; 4.50957 ; -0.538938 ; -1.06353
6.81791 ; 6.34486 ; 1.00134 ; 1.2379
5.81152 ; 7.4859 ; -0.142368 ; 0.987528
6.16218 ; 3.60132 ; 0.763878 ; -1.40632
5.77553 ; 5.34627 ; -0.256557 ; -0.656952
5.08128 ; 4.50441 ; -0.568669 ; -0.946024
3.98279 ; 5.01069 ; -1.44094 ; 0.160523
6.6113 ; 6.13008 ; 1.7214 ; 1.07116
7.19103 ; 4.15068 ; 1.26208 ; -1.09881
4.1266 ; 4.67254 ; -1.82943 ; -0.744274
4.58822 ; 3.76059 ; -1.25817 ; -1.40532
5.2131 ; 4.92 ; -0.147543 ; -1.19304
4.36595 ; 6.38843 ; -0.90988 ; 1.16046
5.41182 ; 4.41726 ; -0.74221 ; -1.95706
4.11796 ; 6.77368 ; -1.58835 ; 0.868259
4.68421 ; 7.38593 ; -1.03494 ; 1.40682
6.50214 ; 5.47859 ; 0.751848 ; -0.230473
4.40447 ; 4.81486 ; -1.18517 ; -0.455367
7.23101 ; 4.72541 ; 1.6088 ; -0.0524923
6.59931 ; 3.77872 ; 1.16924 ; -1.64821
4.30859 ; 6.66369 ; -1.31996 ; 1.1118
7.18976 ; 4.8608 ; 1.47759 ; -1.19898
7.05649 ; 4.2875 ; 1.54992 ; -1.0933
6.96972 ; 4.86817 ; 1.05219 ; -0.446111
6.3525 ; 6.02427 ; 1.75924 ; 0.244757
7.31199 ; 4.49975 ; 1.21674 ; -1.20426
5.6625 ; 6.46539 ; 0.713044 ; 1.31136
5.62581 ; 5.08738 ; -0.295058 ; -0.809439
5.62843 ; 5.86805 ; -0.372408 ; 0.128273
6.85989 ; 6.56067 ; 1.56374 ; 1.09471
4.17156 ; 6.80941 ; -1.76183 ; 1.61807
6.28198 ; 6.33261 ; 0.16716 ; 0.488908
4.91082 ; 6.85455 ; -0.203036 ; 0.947681
4.20576 ; 4.98219 ; -0.954497 ; -0.601713
6.37456 ; 7.28155 ; 0.922903 ; 1.31757
5.33999 ; 5.93602 ; -0.779946 ; 0.394434
5.37588 ; 5.32484 ; -0.383002 ; -0.888933
6.0043 ; 5.51292 ; 0.0812929 ; -0.00551393
6.24799 ; 6.39892 ; 0.964601 ; 1.10929
5.22437 ; 4.72535 ; -0.65595 ; -1.60173
6.79373 ; 4.23528 ; 0.803569 ; -1.02687
5.72926 ; 6.22872 ; -0.0793926 ; 0.885827
6.45004 ; 6.81818 ; 0.942559 ; 1.2308
5.4042 ; 6.89486 ; -0.73793 ; 1.59033
5.80915 ; 6.47406 ; 0.435654 ; 1.68173
6.93973 ; 4.73792 ; 1.28738 ; -0.560276
5.83898 ; 4.88786 ; -0.123309 ; -0.921128
7.16959 ; 5.18403 ; 1.18866 ; 0.513588
6.92519 ; 3.58819 ; 0.799334 ; -0.744152
4.08124 ; 6.24837 ; -1.85559 ; 0.917179
6.39458 ; 5.5574 ; 1.03375 ; -0.00157299
6.24299 ; 7.43878 ; 0.893901 ; 1.1216
4.73027 ; 6.82633 ; -1.48502 ; 1.61214
6.29238 ; 6.74275 ; 1.40797 ; 1.42031
5.01855 ; 6.66269 ; -0.486723 ; 1.38168
6.75717 ; 4.73335 ; 1.94813 ; -0.22653
6.06425 ; 4.53367 ; 0.734876 ; -0.678214
6.22359 ; 6.23929 ; 0.12541 ; 0.392537
3.95505 ; 4.97632 ; -1.67429 ; -0.930854
4.55008 ; 4.27376 ; -0.794249 ; -1.53703
5.38278 ; 7.44622 ; 0.0230115 ; 1.22253
6.96037 ; 6.03693 ; 1.3944 ; 0.992098
6.0126 ; 3.96399 ; 0.965912 ; -1.83985
5.26579 ; 5.81693 ; 0.277157 ; 1.10316
4.73929 ; 4.33527 ; -0.961949 ; -1.57816
5.57964 ; 6.79436 ; -0.325338 ; 1.09704
4.06699 ; 5.31223 ; -1.19055 ; -0.815502
6.73861 ; 4.26718 ; 0.78531 ; -1.23186
3.79968 ; 4.79261 ; -1.36227 ; -1.3087
5.40546 ; 4.50081 ; -0.138987 ; -1.5616
5.1964 ; 6.97186 ; -1.01887 ; 0.782923
4.70732 ; 6.57 ; -0.332682 ; 1.5484
6.79481 ; 7.09553 ; 1.1844 ; 1.23501
6.88266 ; 6.93825 ; 1.5951 ; 0.640258
3.84187 ; 4.25948 ; -1.44906 ; -0.649057
3.55497 ; 5.07122 ; -1.12333 ; -1.12638
4.76497 ; 3.56677 ; -0.621601 ; -1.05432
4.38475 ; 7.24695 ; -0.196425 ; 0.698534
6.36327 ; 6.82285 ; 1.67273 ; 1.01256
4.38472 ; 6.42621 ; -1.77619 ; 0.454019
6.41701 ; 4.33207 ; 0.916786 ; -1.39182
6.24255 ; 6.46075 ; 1.55948 ; 1.76395
4.34821 ; 4.34154 ; -0.877443 ; -1.6095
5.45 ; 4.57208 ; 0.626631 ; -0.619611
6.51285 ; 5.0588 ; 1.47357 ; -0.352461
5.78541 ; 5.00384 ; 0.858882 ; -1.27324
5.43894 ; 5.23916 ; -0.431923 ; -0.142818
3.52722 ; 3.93513 ; -0.719337 ; -1.0237
5.18312 ; 4.76414 ; -1.14124 ; -0.540477
6.49995 ; 5.40453 ; 0.496552 ; -0.671984
6.30955 ; 4.08423 ; 1.56323 ; -1.34186
6.33431 ; 6.02725 ; 0.775722 ; 0.122589
3.8173 ; 5.20817 ; -1.69742 ; 0.0391555
5.70531 ; 3.51866 ; -0.0132324 ; -1.25759
4.14049 ; 4.29292 ; -1.57099 ; -0.698025
7.0767 ; 4.54939 ; 1.23165 ; -0.4646
4.3658 ; 5.94775 ; -0.525298 ; 1.27169
4.90725 ; 3.77244 ; -1.10321 ; -1.25536
6.157 ; 6.06081 ; 1.0807 ; 0.595285
4.60717 ; 5.49547 ; -0.865394 ; 0.265265
6.40336 ; 5.38368 ; 1.61777 ; 0.562849
4.19957 ; 4.79564 ; -1.26472 ; -0.881299
4.31816 ; 6.06599 ; -1.46328 ; 0.0427534
4.82214 ; 6.43766 ; -0.511413 ; 1.26157
5.9401 ; 6.42503 ; 0.0130874 ; 1.47038
4.31847 ; 6.65953 ; -1.70055 ; 1.17365
4.78195 ; 4.66428 ; -0.551963 ; -0.707531
3.43155 ; 4.62098 ; -1.02208 ; -0.797952
6.05054 ; 6.97309 ; 0.889585 ; 1.87704
4.54693 ; 3.77193 ; -0.333457 ; -1.05969
5.96839 ; 5.57575 ; 0.503381 ; -0.306584
4.51666 ; 4.86267 ; -0.997275 ; -0.330375
4.7037 ; 5.06682 ; -0.392796 ; -0.328821
5.46219 ; 4.48822 ; 0.704771 ; -0.893281
5.94017 ; 3.74105 ; 1.04001 ; -1.6777
3.64035 ; 4.49141 ; -1.17657 ; -0.789519
3.79384 ; 5.35537 ; -1.36101 ; -0.673308
4.07743 ; 6.02028 ; -1.01796 ; 0.0967583
4.2225 ; 6.45593 ; -0.925104 ; 1.08512
5.46416 ; 5.63011 ; 0.183406 ; 0.32574
4.74765 ; 5.39729 ; -1.09782 ; -0.755948
4.66162 ; 4.07014 ; -1.07247 ; -1.5699
5.01763 ; 5.62242 ; -0.862329 ; 0.0332517
5.99824 ; 4.62203 ; -0.0327432 ; -1.05842
4.46289 ; 5.21908 ; -1.69805 ; 0.28621
6.40361 ; 3.51431 ; 0.534331 ; -1.03673
6.22899 ; 6.63393 ; 1.08149 ; 1.41149
7.317 ; 6.23847 ; 1.7296 ; 1.5144
5.02885 ; 6.66154 ; -0.192356 ; 1.94356
5.222 ; 5.69592 ; -1.02877 ; 0.636541
4.95133 ; 7.05045 ; -1.11225 ; 1.38873
6.51281 ; 5.90442 ; 1.46685 ; 0.823685
3.75913 ; 4.36028 ; -1.42815 ; -1.15155
4.35071 ; 6.3062 ; -1.2483 ; 1.54901
4.92716 ; 4.03937 ; -0.458695 ; -1.53194
4.49171 ; 3.8019 ; -0.861035 ; -1.69619
5.66118 ; 5.27493 ; -0.0302358 ; -0.786711
6.49665 ; 4.1439 ; 0.375672 ; -1.49392
6.56397 ; 6.03776 ; 0.829359 ; 0.0105099
5.68555 ; 4.36962 ; 0.463161 ; -1.55208
3.87843 ; 4.16814 ; -1.06434 ; -0.740465
5.28191 ; 5.26805 ; 0.437657 ; 0.106705
5.78633 ; 6.20999 ; 0.903685 ; 0.670154
4.14333 ; 6.57557 ; -1.61649 ; 0.359322
6.55301 ; 4.65055 ; 1.65439 ; -0.5939
6.84356 ; 3.85405 ; 1.51516 ; -1.18588
4.909 ; 5.65512 ; -1.10132 ; -0.424875
5.68479 ; 4.94536 ; -0.519806 ; -0.565352
4.85892 ; 4.61072 ; -0.940322 ; -1.57964
4.61658 ; 4.12401 ; -1.36424 ; -1.03789
7.29231 ; 4.11053 ; 1.2237 ; -0.421667
7.23074 ; 7.15947 ; 1.08261 ; 0.843679
4.93683 ; 7.14533 ; 0.0463037 ; 1.65104
5.25086 ; 7.04467 ; 0.26754 ; 1.13561
6.67649 ; 5.76827 ; 1.30304 ; 0.0876542
6.47765 ; 6.91047 ; 0.692661 ; 1.59866
7.09787 ; 4.06619 ; 1.21345 ; -1.37825
5.69094 ; 6.20485 ; 0.73628 ; 1.12603
3.86088 ; 4.62837 ; -1.40415 ; -1.0395
5.63094 ; 6.56212 ; -0.0128593 ; 0.485611
3.98306 ; 3.86149 ; -0.95813 ; -1.06758
4.82665 ; 4.08312 ; -1.27418 ; -1.79803
5.43072 ; 3.95788 ; 0.0786279 ; -1.58812
3.9355 ; 6.2115 ; -1.29139 ; 0.521402
6.67593 ; 5.76947 ; 1.97511 ; 0.40641
6.32764 ; 7.24288 ; 1.02666 ; 0.985522
6.66377 ; 3.78788 ; 1.24691 ; -1.00382
6.96285 ; 6.58812 ; 1.44325 ; 1.82089
4.11639 ; 5.5764 ; -0.844353 ; -0.559913
4.7497 ; 5.74 ; -0.557308 ; -0.219081
6.71168 ; 5.90786 ; 0.909528 ; 0.47346
4.64337 ; 4.43566 ; -1.66333 ; -1.34497
5.22661 ; 4.17129 ; 0.300105 ; -1.33642
4.24406 ; 4.7484 ; -1.56433 ; -1.46266
5.80988 ; 4.2162 ; 0.415713 ; -1.30963
6.76842 ; 5.76747 ; 1.59019 ; 0.270733
4.94687 ; 6.34936 ; -0.0955229 ; 1.45516
5.20995 ; 6.58524 ; -0.365204 ; 0.762835
5.31201 ; 5.07079 ; 0.123136 ; -0.423172
5.33094 ; 6.40206 ; -0.193123 ; 1.26277
5.52489 ; 4.05588 ; -0.445236 ; -0.997373
4.15698 ; 5.42751 ; -1.64038 ; -0.0848088
5.45665 ; 3.7552 ; -0.624739 ; -1.81229
6.49197 ; 5.62564 ; 1.70989 ; 0.804799
