5.75869 ; 4.59999 ; -0.168222 ; -1.53066
7.05617 ; 5.61059 ; 1.04963 ; 0.485986
6.505 ; 5.26018 ; 0.353309 ; -0.117828
4.52407 ; 3.83296 ; 0.0235461 ; -0.666864
5.31924 ; 5.23882 ; -0.347609 ; -1.0237
3.84722 ; 4.46941 ; -0.568849 ; -0.0705599
5.60114 ; 5.3912 ; -0.461223 ; -0.417844
5.60681 ; 5.93981 ; -0.346935 ; 1.03856
6.81744 ; 5.33804 ; 1.52831 ; 0.416117
6.88368 ; 6.72522 ; 1.35511 ; 0.91253
6.80497 ; 4.93594 ; 0.823919 ; -1.11272
6.15462 ; 5.39672 ; 0.978531 ; -0.707309
4.22301 ; 4.76582 ; -1.44797 ; -1.19496
4.53447 ; 4.89772 ; -1.33207 ; 0.00268713
6.42144 ; 4.82111 ; 1.11576 ; -0.596947
6.28265 ; 6.51167 ; 1.282 ; 0.506997
4.60379 ; 4.48311 ; -0.533355 ; -1.16682
7.47762 ; 6.17966 ; 1.02428 ; 0.8451
5.37451 ; 5.14464 ; -0.307911 ; -0.485407
4.65235 ; 5.71128 ; -1.03909 ; -0.205736
6.71265 ; 6.92894 ; 0.389506 ; 0.373799
3.5609 ; 6.78255 ; -0.965743 ; 1.20509
6.02009 ; 7.45209 ; 0.380926 ; 1.2797
6.25393 ; 5.54953 ; 1.35848 ; -0.430544
4.87017 ; 7.17252 ; -0.810675 ; 1.41561
6.66823 ; 5.63036 ; 1.22924 ; 0.616964
5.13243 ; 5.14275 ; -0.46383 ; 0.235011
4.95303 ; 5.35058 ; -1.10695 ; 0.0779124
3.53515 ; 3.79269 ; -0.854681 ; -0.800098
5.86767 ; 4.57724 ; 0.647492 ; -1.50741
7.03607 ; 5.5721 ; 1.16235 ; -0.284448
5.37141 ; 4.04401 ; -0.427008 ; -1.09146
6.91422 ; 6.44729 ; 1.42638 ; 0.787243
7.68874 ; 5.90665 ; 0.804858 ; 0.748755
4.16355 ; 4.63713 ; -1.73397 ; -1.21847
6.90531 ; 4.05021 ; 1.34907 ; -1.42762
4.88595 ; 4.24706 ; -0.789173 ; -1.51022
4.6768 ; 4.02139 ; -0.783758 ; -1.17576
4.43864 ; 7.35965 ; -1.23996 ; 1.14688
4.33399 ; 5.87848 ; -1.59103 ; 0.845125
5.53306 ; 5.96579 ; 0.275423 ; 0.936935
5.28843 ; 7.66582 ; -0.0954429 ; 0.691972
6.05793 ; 5.56803 ; 1.04781 ; 0.546128
5.60184 ; 4.37104 ; 0.529212 ; -0.727149
3.88134 ; 5.18533 ; -0.685684 ; -0.687543
5.17511 ; 4.54993 ; -0.0435795 ; -0.408945
7.5342 ; 4.28929 ; 0.846521 ; -1.19451
4.55774 ; 5.28659 ; -0.271213 ; -0.0622568
4.28288 ; 4.90578 ; -1.0826 ; -0.688774
7.28965 ; 4.22781 ; 1.01428 ; -0.457538
4.57429 ; 4.10046 ; -0.988709 ; -1.64857
7.10703 ; 3.75693 ; 0.958701 ; -1.11756
4.65104 ; 4.05831 ; -0.401423 ; -1.03854
3.82142 ; 6.41583 ; -0.552355 ; 0.384188
5.13357 ; 4.75023 ; -0.574298 ; -0.86832
4.25208 ; 5.25319 ; -0.807926 ; -0.891346
7.5555 ; 5.22512 ; 1.31614 ; 0.072878
4.07386 ; 6.39928 ; -1.44987 ; 0.278751
7.41811 ; 4.58255 ; 1.38001 ; -0.492932
6.7339 ; 6.93114 ; 1.55851 ; 1.67244
4.7374 ; 5.36008 ; -1.25786 ; 0.324864
4.6883 ; 4.21104 ; -0.0876848 ; -0.578142
4.31158 ; 7.13476 ; -1.3533 ; 1.00015
6.75442 ; 5.06979 ; 1.53598 ; -0.149651
7.15636 ; 7.42962 ; 0.832048 ; 0.328078
4.85699 ; 7.68539 ; -1.09555 ; 0.684114
7.06281 ; 4.44156 ; 1.50752 ; -1.40086
6.07962 ; 3.71711 ; 0.477921 ; -0.84947
4.41625 ; 3.8775 ; -1.5409 ; -1.60046
3.76779 ; 5.04403 ; -0.986947 ; -0.866124
6.73163 ; 5.01996 ; 1.63162 ; -0.190836
4.92637 ; 4.0153 ; -1.10224 ; -1.61849
6.73232 ; 3.86292 ; 1.19836 ; -1.45517
4.6226 ; 4.80633 ; -1.12468 ; -1.17901
3.95581 ; 5.83985 ; -0.983306 ; 0.295762
6.38285 ; 7.59737 ; 0.50728 ; 0.91846
6.88245 ; 4.33744 ; 0.726221 ; -1.4062
6.98495 ; 4.95781 ; 1.24563 ; -0.51449
5.6349 ; 3.699 ; -0.0852089 ; -1.25114
5.55633 ; 7.04642 ; -0.374626 ; 1.53007
7.36671 ; 4.92513 ; 0.798276 ; -1.003
6.47723 ; 5.85819 ; 0.330649 ; -0.390963
4.10642 ; 5.84165 ; -1.05677 ; -0.0257812
4.07979 ; 4.01347 ; -1.42516 ; -1.27195
7.10051 ; 6.19589 ; 0.792574 ; 0.398873
6.14373 ; 4.12414 ; 0.935316 ; -1.30775
7.08882 ; 5.79455 ; 1.61283 ; -0.281855
5.93733 ; 5.47286 ; 0.142655 ; -0.224001
6.57567 ; 4.95123 ; 0.926544 ; -1.1128
4.35058 ; 6.41444 ; -0.216906 ; 0.0577733
4.09357 ; 6.77294 ; -1.53 ; 0.377463
5.53535 ; 4.23786 ; 0.112375 ; -1.3124
5.63846 ; 4.93833 ; -0.229539 ; -0.20302
5.48614 ; 3.53023 ; -0.479245 ; -1.05948
6.02317 ; 5.3596 ; 0.777764 ; 0.561538
7.16683 ; 6.40445 ; 0.535413 ; 0.217036
4.38442 ; 6.126 ; -1.70607 ; 1.22516
4.76249 ; 5.71236 ; -0.234045 ; 0.443122
6.29929 ; 4.32214 ; 1.24751 ; -0.462864
6.07635 ; 6.40256 ; -0.170989 ; 0.299012
3.88534 ; 6.47449 ; -1.15229 ; 0.190458
7.03211 ; 4.42555 ; 1.55588 ; -0.598953
5.88437 ; 5.33898 ; 0.317495 ; 0.0855613
7.19758 ; 5.81136 ; 1.53281 ; 0.543243
4.2497 ; 6.39432 ; -1.09096 ; 1.53404
4.28098 ; 3.50695 ; -1.31665 ; -1.28607
5.87381 ; 5.02223 ; 0.236733 ; -0.830608
5.22241 ; 6.84394 ; 0.369949 ; 1.37365
5.49088 ; 6.60499 ; -0.178205 ; 1.00863
6.63655 ; 6.49827 ; 0.624477 ; 1.54678
7.04567 ; 5.42243 ; 1.35421 ; -0.201192
4.74518 ; 6.58103 ; -1.06419 ; 0.998983
6.96038 ; 6.71272 ; 0.734889 ; 1.57271
5.76344 ; 3.81711 ; 0.0354064 ; -1.76102
4.72036 ; 6.52408 ; -1.1966 ; 0.255283
6.80499 ; 6.71946 ; 1.42672 ; 1.58817
6.86817 ; 3.76829 ; 1.41901 ; -1.29016
5.34052 ; 4.02501 ; 0.379649 ; -1.7739
5.83493 ; 6.19799 ; -0.151685 ; 1.32981
4.61818 ; 6.62656 ; -0.153044 ; 1.3016
6.34895 ; 7.49286 ; 1.00378 ; 1.07752
4.29671 ; 6.1343 ; -1.61094 ; 0.611861
6.22698 ; 6.21659 ; 1.23921 ; 0.797732
5.13687 ; 4.87398 ; -0.438733 ; -1.29211
4.60597 ; 6.43613 ; -1.27831 ; 1.59859
5.17469 ; 5.97371 ; 0.273675 ; 0.539005
5.53039 ; 5.90527 ; -0.333232 ; -0.14718
4.00367 ; 3.5855 ; -0.828842 ; -1.21702
3.77938 ; 5.70385 ; -1.48361 ; 0.845722
4.34354 ; 5.35496 ; -0.749248 ; -0.660085
7.38037 ; 4.81365 ; 1.3748 ; -0.336847
5.59363 ; 6.38092 ; -0.48528 ; 1.25465
3.80483 ; 6.33045 ; -1.20121 ; 0.0448848
5.58152 ; 7.1907 ; 0.731268 ; 1.28603
6.3178 ; 5.33931 ; 0.652044 ; 0.140436
6.09955 ; 4.06849 ; 1.143 ; -1.83624
3.9224 ; 6.79235 ; -1.29296 ; 1.29013
6.29354 ; 7.3122 ; 0.798351 ; 0.889136
6.35713 ; 7.26731 ; 0.636174 ; 1.2267
5.65521 ; 6.88233 ; -0.654668 ; 0.563228
6.48195 ; 4.21332 ; 0.616355 ; -1.61305
5.58325 ; 7.49928 ; -0.555933 ; 0.776129
6.48868 ; 6.74527 ; 1.53213 ; 1.42618
5.61221 ; 6.40148 ; -0.21923 ; 1.1206
5.76233 ; 3.73968 ; -0.222438 ; -1.36071
7.53985 ; 5.06056 ; 0.825169 ; -0.755618
4.87683 ; 7.01373 ; -0.864158 ; 0.574029
4.34894 ; 6.92275 ; -0.883584 ; 1.75467
3.59647 ; 5.42747 ; -0.804359 ; 0.518762
3.44023 ; 3.94127 ; -0.563927 ; -1.29005
4.77077 ; 4.24786 ; -1.05961 ; -1.81538
5.86682 ; 4.27033 ; 0.202959 ; -1.75429
3.76801 ; 4.08684 ; -0.90461 ; -0.332394
6.1098 ; 5.22886 ; 0.770189 ; -0.333852
6.84283 ; 6.48025 ; 0.635385 ; 0.601791
5.74575 ; 6.29367 ; -0.395662 ; 0.304265
5.76016 ; 5.54313 ; 0.59494 ; 0.168378
6.30603 ; 4.36936 ; 0.712501 ; -1.07837
7.62193 ; 4.45518 ; 0.64818 ; -0.91784
4.54414 ; 4.16106 ; -0.316667 ; -1.73888
6.7838 ; 7.54209 ; 1.18119 ; 0.909103
3.75407 ; 5.6774 ; -1.35144 ; 0.358669
5.62769 ; 4.58069 ; -0.337035 ; -1.20811
6.60374 ; 7.00882 ; 1.58734 ; 1.70023
6.30871 ; 6.76144 ; 0.795607 ; 0.533191
4.87025 ; 5.44133 ; -0.806768 ; -0.244364
5.70515 ; 6.16377 ; 0.840393 ; 1.35475
4.616 ; 7.61243 ; -1.18304 ; 0.993225
5.58452 ; 5.063 ; -0.544806 ; -1.16706
6.10347 ; 5.61641 ; 1.24562 ; 0.63541
5.98248 ; 7.18218 ; 1.0864 ; 0.795325
7.28123 ; 6.70536 ; 0.941054 ; 0.523447
6.38127 ; 4.38361 ; 0.789122 ; -0.601362
6.27831 ; 4.925 ; 0.620098 ; -0.541603
6.18124 ; 6.19641 ; 0.078068 ; -0.0414187
5.24062 ; 4.50915 ; -0.169108 ; -0.703009
4.76861 ; 3.89549 ; -1.18219 ; -1.75487
4.17689 ; 6.80215 ; -0.424685 ; 0.751752
4.38254 ; 5.33442 ; -1.02384 ; -0.00451496
5.16706 ; 6.32275 ; -0.373836 ; 1.02138
5.60667 ; 6.09975 ; 0.41456 ; 0.0896974
3.50342 ; 5.40577 ; -1.37932 ; 0.564748
6.6248 ; 4.189 ; 1.2273 ; -1.69296
7.25102 ; 4.01325 ; 1.36187 ; -1.60932
6.11684 ; 4.33161 ; 0.20879 ; -0.892734
4.69962 ; 5.60228 ; -0.409596 ; 0.0500254
4.71162 ; 4.12603 ; -0.437689 ; -1.61458
5.28326 ; 6.9439 ; 0.222827 ; 0.875019
4.2858 ; 4.12566 ; -0.89759 ; -1.22772
6.46906 ; 3.57246 ; 1.39307 ; -1.40258
5.98169 ; 7.32599 ; 1.09065 ; 0.803091
6.06149 ; 5.85418 ; 0.334972 ; -0.0818647
3.70184 ; 4.57358 ; -1.40691 ; -1.07516
6.63935 ; 4.16302 ; 0.998722 ; -1.75922
4.29354 ; 4.67342 ; -0.721102 ; -1.51117
4.82247 ; 3.8974 ; -1.15259 ; -1.76472
7.58768 ; 4.40729 ; 1.07219 ; -0.642152
7.59685 ; 5.60108 ; 1.03864 ; 0.47501
4.47656 ; 7.27304 ; -0.13199 ; 1.24128
3.43331 ; 4.14869 ; -0.78164 ; -1.51518
7.44888 ; 3.82671 ; 0.279906 ; -0.0915576
3.77905 ; 7.0298 ; -1.19504 ; 0.537633
5.04792 ; 4.61817 ; 0.0729713 ; -1.50435
6.54395 ; 6.79889 ; 1.68808 ; 0.726779
3.80155 ; 3.61318 ; -1.24531 ; -1.23059
4.91388 ; 3.75688 ; -0.0410614 ; -1.49996
3.56233 ; 6.93867 ; -0.736457 ; 0.415858
4.91377 ; 6.86754 ; -0.293191 ; 0.469769
5.1311 ; 5.43877 ; -0.761231 ; -0.743566
4.71117 ; 4.98534 ; -0.812252 ; -1.11339
7.09872 ; 4.14907 ; 1.42212 ; -0.420927
5.9457 ; 4.64238 ; 0.30577 ; -0.912615
6.68341 ; 5.15785 ; 1.145 ; 0.414727
6.40594 ; 4.42444 ; 0.56311 ; -1.29808
5.11395 ; 5.63954 ; -0.086823 ; 0.600993
4.20964 ; 5.10589 ; -1.77559 ; -0.120523
3.96528 ; 4.39878 ; -1.63367 ; -0.267163
4.20128 ; 7.34033 ; -1.2831 ; 0.777039
3.9029 ; 3.7611 ; -1.15803 ; -1.32353
4.89145 ; 3.99475 ; -0.281793 ; -1.06701
3.96411 ; 3.84137 ; -1.14296 ; -1.4178
6.47323 ; 6.8476 ; 1.61562 ; 0.781027
6.92756 ; 3.94233 ; 0.380213 ; -1.01181
6.42675 ; 4.05818 ; 1.55662 ; -1.52945
7.09309 ; 6.1331 ; 1.00809 ; 0.546443
6.69438 ; 3.8749 ; 1.61814 ; -1.38675
6.21975 ; 3.4537 ; 1.31484 ; -1.22197
4.06063 ; 6.53375 ; -1.4629 ; 1.17522
7.10103 ; 5.10078 ; 1.0682 ; -0.211979
6.22731 ; 7.37833 ; 1.09575 ; 0.995283
4.9605 ; 6.51093 ; -1.28352 ; 1.4849
3.86091 ; 5.9181 ; -1.32922 ; 0.76221
4.36936 ; 6.34132 ; -1.19172 ; 1.19904
6.13007 ; 4.73354 ; 0.584781 ; -0.119549
4.03245 ; 6.04987 ; -1.50342 ; 0.858574
4.28789 ; 5.91704 ; -1.23118 ; 0.454413
4.12052 ; 7.07312 ; -0.505346 ; 0.900962
4.83303 ; 7.49708 ; -1.23859 ; 1.28214
5.05264 ; 6.93826 ; -0.578175 ; 0.596888
4.69844 ; 3.38846 ; -0.823499 ; -0.874904
6.88969 ; 3.72747 ; 0.364941 ; -0.602762
5.56803 ; 5.37484 ; 0.665197 ; -0.478285
7.17845 ; 6.10753 ; 0.719978 ; 0.0584705
5.11943 ; 6.4438 ; -0.81671 ; 0.954657
5.27455 ; 3.43609 ; -0.389224 ; -1.35883
4.37154 ; 5.9925 ; -0.609402 ; -0.0504658
5.43778 ; 6.6514 ; -0.801684 ; 1.73011
4.11241 ; 7.05076 ; -0.901654 ; 1.47214
7.38287 ; 4.44656 ; 0.560439 ; -0.103315
4.95582 ; 5.1188 ; -0.238868 ; -0.564227
6.23104 ; 6.85775 ; 0.986094 ; 1.63816
5.12168 ; 7.28154 ; -0.596196 ; 1.52451
4.33782 ; 7.081 ; -0.563212 ; 1.62885
6.05562 ; 5.99696 ; 0.725125 ; 0.081692
4.94282 ; 6.64231 ; -0.906581 ; 0.797715
5.23779 ; 6.12308 ; -0.880793 ; 0.0632208
3.38982 ; 6.21286 ; -0.670517 ; 0.05871
4.19134 ; 5.05021 ; -1.40605 ; -0.767535
4.33541 ; 6.38881 ; -0.929671 ; 1.20503
3.57757 ; 5.89712 ; -1.18741 ; 0.954968
6.39583 ; 7.07158 ; 1.05665 ; 0.660078
6.86685 ; 5.36592 ; 1.17782 ; -0.247469
7.10042 ; 4.47004 ; 1.28469 ; -0.559839
4.29827 ; 6.99327 ; -0.445049 ; 1.56234
7.46 ; 6.59448 ; 0.930628 ; 0.907533
6.62156 ; 7.01719 ; 1.53291 ; 1.42544
6.14091 ; 7.18084 ; 0.645313 ; 0.696479
6.87878 ; 3.96691 ; 0.498567 ; -0.697371
3.46453 ; 4.43314 ; -0.629546 ; 0.0393916
5.45787 ; 3.92661 ; 0.43648 ; -1.34543
5.91265 ; 3.94325 ; 0.49596 ; -1.81478
4.62485 ; 4.65581 ; -1.33778 ; -0.789648
4.87741 ; 7.65744 ; -0.245017 ; 0.796085
7.23144 ; 4.21729 ; 1.30938 ; -0.359303
6.37919 ; 6.26838 ; 1.29235 ; 0.227124
4.35743 ; 6.96062 ; -1.71317 ; 1.51357
4.90129 ; 3.63277 ; -1.3031 ; -1.53125
5.21186 ; 4.69184 ; -0.427255 ; -0.715008
5.07828 ; 6.09689 ; 0.135094 ; 0.877758
5.35704 ; 4.35878 ; -0.398565 ; -0.937396
6.09549 ; 5.50623 ; 0.147725 ; -0.317437
3.78586 ; 3.47204 ; -0.730943 ; -0.714942
4.24509 ; 3.75026 ; -1.54664 ; -1.08794
5.20365 ; 5.16229 ; -0.806343 ; -0.96087
7.30405 ; 4.86237 ; 0.98424 ; -0.591129
4.5613 ; 5.01773 ; -0.713445 ; -0.308767
6.84809 ; 5.01694 ; 0.871287 ; -0.294094
6.21098 ; 6.3076 ; 1.23899 ; 0.237154
5.37388 ; 5.74498 ; 0.436035 ; 0.844793
5.06797 ; 6.20954 ; 0.0473437 ; 0.609267
7.30372 ; 5.53271 ; 1.09751 ; -0.0172236
5.95387 ; 3.78402 ; 1.02524 ; -1.39921
7.45913 ; 4.87683 ; 0.62137 ; 0.166826
7.12769 ; 3.80261 ; 0.636679 ; -0.640538
3.9726 ; 4.02114 ; -0.630238 ; -0.942953
5.79603 ; 7.50369 ; 0.0348163 ; 1.3635
4.85812 ; 5.38873 ; -0.501385 ; 0.127278
3.80629 ; 3.79149 ; -0.979989 ; -0.802212
5.70929 ; 7.21785 ; -0.214856 ; 0.623333
6.01644 ; 4.92834 ; 0.909226 ; -1.30839
6.78589 ; 7.24887 ; 0.0624499 ; 0.467816
4.99529 ; 6.15455 ; 0.0409129 ; 0.0169628
3.3399 ; 5.37123 ; -0.692456 ; -0.151309
5.56011 ; 4.54494 ; 0.227565 ; -1.12472
7.11619 ; 4.12949 ; 1.41361 ; -0.650748
5.36916 ; 6.5841 ; -0.49167 ; 1.09592
6.22595 ; 3.79255 ; 0.488354 ; -1.3086
3.94373 ; 6.99061 ; -1.0877 ; 0.295777
6.80967 ; 4.53351 ; 1.80065 ; -0.179215
7.70193 ; 6.27385 ; 0.676957 ; 1.04072
3.65797 ; 5.34164 ; -1.1277 ; -0.586423
5.54326 ; 3.31028 ; 0.245398 ; -0.933825
5.33197 ; 7.28926 ; -0.738724 ; 1.23233
6.67734 ; 5.55913 ; 1.45841 ; 0.151703
4.17023 ; 5.40334 ; -0.609074 ; -0.365129
5.12161 ; 4.61401 ; -0.203933 ; -0.589682
5.33498 ; 4.86847 ; -0.387401 ; -0.978892
6.89777 ; 5.80338 ; 0.546456 ; 1.06296
5.65769 ; 6.45204 ; 0.754707 ; 1.43077
6.56349 ; 6.70482 ; 1.58205 ; 1.34911
6.18848 ; 5.06767 ; 1.32956 ; -0.884349
7.30461 ; 6.92673 ; 0.78483 ; 0.552187
3.58206 ; 6.79241 ; -0.900914 ; 0.855851
4.45659 ; 7.00218 ; -0.649591 ; 1.63118
7.42845 ; 4.82794 ; 0.721834 ; 0.00840789
4.31309 ; 5.50179 ; -1.28181 ; 0.504913
5.9014 ; 6.30699 ; 1.02601 ; 0.882346
4.54352 ; 5.36465 ; -0.558511 ; -0.602758
3.57861 ; 5.46022 ; -0.964807 ; 0.0386234
4.65545 ; 4.91204 ; -0.579061 ; -1.17619
3.56856 ; 6.15525 ; -1.13628 ; 0.27603
6.06745 ; 3.68667 ; 0.173034 ; -1.44507
4.16424 ; 4.2768 ; -0.903784 ; -0.368745
5.96894 ; 6.56811 ; 1.19698 ; 0.761117
3.9233 ; 5.81412 ; -1.60542 ; 0.564101
5.916 ; 5.89485 ; 0.451934 ; -0.301955
6.35218 ; 5.77535 ; 0.941955 ; 0.659493
3.96634 ; 4.91162 ; -1.28561 ; -1.33992
7.23184 ; 3.96981 ; 1.31969 ; -1.16106
3.51272 ; 4.27745 ; -1.2842 ; -1.06387
6.36703 ; 6.2972 ; 0.980976 ; 0.705387
6.72678 ; 5.06439 ; 0.936221 ; 0.190449
6.81012 ; 4.23492 ; 0.973663 ; -0.787704
4.9786 ; 7.0685 ; -0.743591 ; 1.46705
5.66431 ; 4.58064 ; -0.466947 ; -0.863034
6.99586 ; 4.81465 ; 1.38091 ; -1.17874
4.89515 ; 6.68995 ; -1.05665 ; 0.449799
4.10149 ; 3.53631 ; -1.5295 ; -1.29076
3.62618 ; 4.67863 ; -1.15628 ; -0.0385048
6.64641 ; 7.06523 ; 1.35543 ; 0.612679
4.20056 ; 6.88022 ; -0.149247 ; 0.19883
6.6197 ; 7.40431 ; 0.319081 ; 0.526512
5.43359 ; 4.35593 ; -0.534566 ; -1.8111
4.45019 ; 4.73576 ; -1.70748 ; -1.42083
4.97969 ; 6.46773 ; 0.226388 ; 1.33526
6.60434 ; 6.34344 ; 1.38925 ; 0.0989392
6.78521 ; 4.24261 ; 0.939268 ; -0.910196
5.5944 ; 6.87748 ; -0.304085 ; 0.764673
6.52435 ; 3.79094 ; 0.829598 ; -1.00973
5.85565 ; 4.63891 ; -0.0363505 ; -1.19581
6.15948 ; 5.53408 ; 0.373521 ; 0.172801
4.40491 ; 4.87274 ; -1.73978 ; -1.26876
3.96737 ; 6.40701 ; -1.54531 ; 1.54964
7.06596 ; 4.53828 ; 1.43208 ; -0.893558
4.56581 ; 6.59644 ; -0.49343 ; 0.581932
7.09575 ; 5.57405 ; 1.11712 ; 0.626377
3.5923 ; 4.48174 ; -0.819262 ; -1.28186
4.22766 ; 4.1019 ; -0.646477 ; -0.959814
4.11152 ; 6.13491 ; -1.15565 ; 0.59341
5.3177 ; 3.66012 ; 0.14458 ; -0.945989
3.49205 ; 5.80806 ; -1.31387 ; -0.0917728
3.85816 ; 4.07577 ; -0.41179 ; -0.887058
6.01348 ; 7.23382 ; 1.19821 ; 0.960759
5.1954 ; 4.56702 ; -0.606859 ; -1.3902
5.78586 ; 6.64432 ; 0.340779 ; 1.5009
4.32331 ; 4.54598 ; -1.65368 ; -0.184075
4.65758 ; 6.58228 ; -0.353834 ; 1.12937
7.05521 ; 3.70115 ; 0.65931 ; -1.08481
4.70451 ; 5.40023 ; -0.383521 ; 0.35329
4.68667 ; 6.21148 ; -0.83998 ; 1.04897
4.05364 ; 6.26804 ; -1.36062 ; 0.0756409
4.88605 ; 5.03772 ; -0.00153576 ; -1.13476
3.9218 ; 4.59601 ; -1.0442 ; -1.37225
4.99511 ; 5.92767 ; 0.220925 ; 0.81137
4.63234 ; 4.77079 ; -0.618778 ; -0.267745
7.16935 ; 6.68151 ; 1.31579 ; 1.24524
7.36561 ; 4.2687 ; 1.30369 ; -1.19731
6.69004 ; 6.9444 ; 0.590708 ; 1.04287
5.98285 ; 7.41628 ; 1.14789 ; 0.991641
5.20443 ; 4.55987 ; -0.721675 ; -0.59224
6.93661 ; 6.8504 ; 0.854881 ; 1.78173
4.02333 ; 6.71329 ; -1.44533 ; 0.329771
6.49594 ; 3.88766 ; 1.5313 ; -1.43996
4.43656 ; 6.40386 ; -1.62183 ; 0.147409
4.58463 ; 4.68903 ; -0.774287 ; -0.550437
7.16637 ; 6.44575 ; 1.64375 ; 0.817524
6.1169 ; 4.62685 ; 0.804058 ; -1.27901
6.80586 ; 5.57819 ; 1.59923 ; 0.561372
5.36817 ; 5.4543 ; -0.713391 ; -0.615951
5.4554 ; 7.36478 ; -0.581807 ; 0.668591
3.91591 ; 3.97403 ; -0.804833 ; -1.46365
4.00333 ; 5.60044 ; -0.677897 ; -0.405812
6.37427 ; 6.69914 ; 1.07007 ; 1.66385
3.52946 ; 5.29968 ; -1.38761 ; -0.40196
4.29312 ; 5.48181 ; -1.35402 ; -0.76711
4.07633 ; 4.42405 ; -0.922982 ; -1.63974
6.90558 ; 4.09743 ; 1.35993 ; -1.78588
4.46437 ; 6.93181 ; -0.155659 ; 0.601558
4.34807 ; 4.60453 ; -1.07861 ; -1.00482
3.82429 ; 5.7183 ; -0.789008 ; -0.0911672
5.20198 ; 5.35096 ; -0.290489 ; 0.39782
5.35735 ; 6.46672 ; -0.676403 ; 1.33701
5.20055 ; 3.58289 ; -0.213076 ; -0.947422
5.88077 ; 3.83715 ; -0.242302 ; -0.870341
6.61249 ; 4.27363 ; 1.57647 ; -1.86008
5.43168 ; 5.38556 ; -0.562416 ; -0.376332
7.07649 ; 6.42734 ; 1.69488 ; 0.695491
7.10113 ; 6.13333 ; 1.13947 ; 1.3591
7.00947 ; 3.86643 ; 0.792162 ; -0.734881
4.50699 ; 3.84026 ; -0.607636 ; -0.948632
6.87187 ; 5.30108 ; 1.1075 ; -0.0113741
3.48321 ; 5.40915 ; -1.14878 ; -0.0888497
5.69512 ; 4.70465 ; 0.604207 ; -1.04937
6.00075 ; 4.59875 ; -0.185791 ; -0.963949
5.88312 ; 6.68835 ; 0.256928 ; 1.12068
7.50622 ; 4.72321 ; 0.940011 ; -0.759141
4.5676 ; 4.16695 ; -0.791911 ; -1.52573
4.90675 ; 7.50987 ; -0.852631 ; 0.778264
4.21824 ; 4.64494 ; -0.857456 ; -0.943163
6.9325 ; 5.76959 ; 1.42461 ; -0.48873
7.60715 ; 5.71567 ; 1.18746 ; -0.426747
4.94736 ; 4.99695 ; -0.0842154 ; -1.16388
4.48753 ; 4.99572 ; -0.501331 ; -1.22593
6.08571 ; 5.26478 ; 0.450836 ; -0.781183
7.17033 ; 4.37253 ; 0.792697 ; -1.03344
4.38274 ; 6.25886 ; -1.00383 ; 1.44185
6.12116 ; 7.14037 ; 0.854317 ; 1.59666
4.06931 ; 6.04049 ; -1.36009 ; -0.114789
6.61969 ; 3.98142 ; 0.325255 ; -0.918346
7.55127 ; 5.39141 ; 1.33237 ; -0.642638
4.45453 ; 5.73654 ; -1.26429 ; 0.90046
3.86755 ; 4.96657 ; -1.27824 ; -1.00456
5.13627 ; 5.82142 ; -0.035985 ; 0.596931
7.10337 ; 6.56344 ; 1.33925 ; 0.965422
4.62714 ; 6.26041 ; -1.08759 ; 1.42885
5.30973 ; 6.0396 ; 0.102472 ; -0.201972
6.14152 ; 4.59073 ; -0.175222 ; -0.177076
4.35664 ; 4.28232 ; -0.566009 ; -0.922496
6.66069 ; 6.18955 ; 0.934929 ; 0.128242
6.90844 ; 6.95924 ; 0.782396 ; 1.17312
6.6098 ; 4.72138 ; 1.66885 ; -1.10228
5.89192 ; 4.84484 ; 0.595774 ; -0.0256189
5.51827 ; 5.6779 ; 0.542653 ; 0.101731
4.5303 ; 4.28344 ; -0.448463 ; -1.08733
6.5312 ; 7.54795 ; 1.31559 ; 0.788167
5.56325 ; 3.77957 ; 0.040914 ; -1.61492
6.70012 ; 7.40902 ; 1.53768 ; 1.40427
5.09322 ; 6.9733 ; 0.394157 ; 0.532977
4.8701 ; 5.97178 ; -1.29074 ; 0.421338
4.59239 ; 4.03022 ; -1.56709 ; -0.648593
7.23081 ; 4.13566 ; 1.016 ; -0.883831
6.83629 ; 3.91689 ; 1.29481 ; -1.34468
3.90448 ; 4.93904 ; -1.13998 ; 0.0104706
7.14748 ; 5.19072 ; 1.71047 ; -0.0732567
6.93327 ; 5.60679 ; 1.71624 ; 0.0763848
5.34645 ; 7.4633 ; -0.339907 ; 0.898966
5.13389 ; 5.71895 ; -0.148842 ; 0.289051
5.64997 ; 6.8324 ; 0.205494 ; 0.49977
6.05535 ; 3.91742 ; -0.330972 ; -0.967037
6.74966 ; 6.96612 ; 1.67997 ; 0.466094
7.03013 ; 3.54606 ; 1.14485 ; -0.557628
6.85834 ; 7.53148 ; 1.40954 ; 0.71869
6.57067 ; 5.33007 ; 0.876846 ; 0.308621
6.71194 ; 5.68285 ; 1.7105 ; 0.467553
7.56615 ; 5.14061 ; 0.904979 ; -0.535265
5.73823 ; 6.93145 ; 0.727059 ; 1.50209
6.52635 ; 3.40346 ; 0.217359 ; -0.502024
5.16943 ; 4.08832 ; 0.350542 ; -1.77985
6.34902 ; 6.86007 ; 0.399978 ; 0.581005
6.89975 ; 7.31847 ; 1.29944 ; 1.08474
3.91199 ; 6.94547 ; -1.26459 ; 0.717728
4.75165 ; 4.6598 ; -0.193894 ; -1.20958
5.05653 ; 7.51122 ; -1.00844 ; 0.67711
7.17948 ; 6.00358 ; 1.03096 ; 0.357259
4.11673 ; 4.53407 ; -1.1475 ; -1.33815
7.07513 ; 5.95825 ; 0.791002 ; 0.70136
6.08786 ; 6.98743 ; -0.163872 ; 1.34383
5.99893 ; 7.61508 ; 1.10804 ; 0.76791
5.52978 ; 4.56555 ; 0.0808657 ; -1.40992
7.41368 ; 5.56176 ; 1.25517 ; -0.502442
7.29292 ; 4.83502 ; 1.53508 ; -1.17267
6.09616 ; 5.83863 ; 0.487083 ; 0.403259
7.3985 ; 5.3343 ; 1.15132 ; -0.144883
6.84974 ; 7.05401 ; 0.380881 ; 1.29812
3.99262 ; 6.7278 ; -0.938149 ; 0.264651
3.93031 ; 5.7479 ; -1.01887 ; 0.330401
4.89608 ; 3.76267 ; -1.23343 ; -1.73296
5.27531 ; 3.74542 ; -0.986644 ; -1.75149
3.60217 ; 6.38761 ; -0.700874 ; 0.698625
4.7437 ; 6.67285 ; -0.631995 ; 0.885934
4.24691 ; 5.75944 ; -0.726678 ; 0.113227
4.4576 ; 3.62845 ; -0.812721 ; -1.08552
5.58518 ; 5.1334 ; -0.0693569 ; 0.273334
7.61766 ; 6.94588 ; 0.644576 ; 0.719568
4.13808 ; 4.40541 ; -1.81524 ; -1.04882
5.56647 ; 5.20732 ; -0.26427 ; -0.347391
7.23515 ; 6.46646 ; 0.639123 ; 0.376266
3.34898 ; 6.48162 ; -0.683061 ; 1.0798
4.15269 ; 4.68843 ; -1.80438 ; -0.650702
4.26614 ; 5.39556 ; -0.426429 ; -0.664681
5.11869 ; 5.64785 ; -0.196321 ; 0.41249
4.73956 ; 7.45373 ; -0.583689 ; 0.865252
6.32802 ; 4.04533 ; 0.553889 ; -0.80587
4.63899 ; 5.48967 ; -0.157263 ; 0.136842
3.98335 ; 3.58909 ; -0.845816 ; -1.1007
3.95745 ; 5.8076 ; -1.65961 ; -0.440077
3.91005 ; 5.08163 ; -1.38476 ; 0.121589
7.14546 ; 4.35279 ; 1.09012 ; -0.151426
6.37281 ; 4.83021 ; 1.34448 ; -0.674634
6.99394 ; 5.14332 ; 1.04936 ; -0.989147
4.80239 ; 5.88446 ; -0.853613 ; 0.299346
4.07598 ; 4.56783 ; -1.29928 ; -1.35598
6.17977 ; 5.58008 ; 1.44061 ; 0.430184
4.6004 ; 4.78743 ; -1.30901 ; -0.134435
4.89991 ; 5.03355 ; -1.32058 ; -0.207356
5.33877 ; 5.74128 ; 0.317706 ; 0.612693
7.39015 ; 5.70898 ; 1.05737 ; 0.382545
5.10138 ; 7.00542 ; -0.0528181 ; 1.23905
3.54192 ; 5.80872 ; -1.13294 ; 0.566679
5.39271 ; 4.60488 ; 0.0600443 ; -0.556841
6.242 ; 6.84208 ; 0.930946 ; 1.16988
5.29685 ; 3.98065 ; -0.0988066 ; -1.24802
7.19161 ; 7.19532 ; 1.28641 ; 1.41638
5.03492 ; 4.11579 ; -0.498524 ; -1.34059
5.60566 ; 6.09323 ; 0.37585 ; 0.12983
5.80233 ; 5.69471 ; 0.000134375 ; -0.265341
6.86362 ; 6.1886 ; 1.64123 ; 0.257076
3.4042 ; 6.49829 ; -0.839179 ; 1.09146
4.67819 ; 4.85278 ; -0.900956 ; -0.129777
4.21419 ; 5.88928 ; -1.63762 ; 0.0468584
4.56838 ; 4.14159 ; -1.28764 ; -1.82852
5.86767 ; 7.50044 ; 0.286782 ; 1.18
4.00332 ; 5.54312 ; -1.53194 ; 0.291429
5.99543 ; 5.93121 ; 0.782178 ; -0.238081
6.35554 ; 4.89632 ; 0.85077 ; -0.214752
5.88926 ; 4.83057 ; 0.112526 ; -0.339857
6.71834 ; 3.7426 ; 0.155184 ; -0.921467
4.34002 ; 5.78793 ; -0.935516 ; 0.0573784
4.15931 ; 6.5227 ; -1.76033 ; 1.10578
7.41994 ; 4.35502 ; 1.39677 ; -1.44311
6.58163 ; 5.82193 ; 1.65794 ; 0.142312
5.65877 ; 5.01893 ; 0.341706 ; 0.0905185
6.33587 ; 4.90728 ; 0.653345 ; -0.822026
4.27233 ; 5.39963 ; -1.10545 ; 0.133539
4.01361 ; 5.28541 ; -1.24124 ; -0.287787
6.48469 ; 5.94898 ; 0.39792 ; -0.11634
6.50855 ; 4.10806 ; 1.23379 ; -1.42689
6.75037 ; 5.63736 ; 0.626687 ; 0.87268
5.03237 ; 5.67926 ; 0.0736046 ; 0.839946
6.46782 ; 3.41315 ; 0.450607 ; -1.06217
6.57268 ; 3.78681 ; 0.176611 ; -0.786626
4.55255 ; 6.95283 ; 0.013206 ; 0.790935
3.63238 ; 6.26416 ; -1.18699 ; 0.151181
7.35566 ; 5.65484 ; 1.10149 ; -0.451839
5.59603 ; 6.13088 ; -0.476045 ; 0.222148
5.76968 ; 3.68726 ; 0.875357 ; -1.05583
5.70453 ; 6.74118 ; 0.762668 ; 1.79515
6.52582 ; 6.27095 ; 1.37085 ; 0.0853055
5.76235 ; 3.81934 ; 0.0679064 ; -1.38337
3.53475 ; 7.17561 ; -0.777068 ; 0.673327
4.80261 ; 3.71276 ; -1.1579 ; -1.54625
6.42243 ; 5.96089 ; 1.31957 ; 0.961948
6.71908 ; 4.92194 ; 1.36767 ; -1.21548
6.75849 ; 6.48827 ; 1.07947 ; 0.957335
7.38898 ; 5.26565 ; 1.5773 ; 0.299644
5.58753 ; 4.03027 ; 0.442469 ; -0.770119
6.22957 ; 6.91074 ; 0.329236 ; 0.665922
3.4585 ; 5.26359 ; -1.0755 ; -0.975828
3.48723 ; 5.28918 ; -1.0645 ; -0.669282
6.6235 ; 3.6443 ; 0.186931 ; -1.30469
4.4919 ; 7.02242 ; -0.316729 ; 0.905181
6.13705 ; 6.6508 ; 0.983456 ; 1.39898
5.61125 ; 3.54882 ; 0.772375 ; -1.3792
6.13848 ; 3.38548 ; 1.12789 ; -0.698203
6.39611 ; 7.04381 ; 0.193034 ; 1.535
6.22907 ; 5.83701 ; 0.0722182 ; 0.491246
6.9719 ; 6.43921 ; 1.54688 ; 1.34282
5.46076 ; 6.94659 ; -0.0438156 ; 1.11467
4.53935 ; 4.31511 ; -1.00241 ; -1.72886
4.64644 ; 5.40115 ; -1.56987 ; -0.682838
6.63881 ; 6.67002 ; 1.66888 ; 1.03186
5.88323 ; 5.32304 ; -0.170117 ; -0.92338
4.19172 ; 3.93469 ; -0.240453 ; -0.507794
4.22628 ; 5.3652 ; -0.807246 ; -0.455459
4.94578 ; 7.57493 ; -0.172214 ; 0.621223
7.24552 ; 4.378 ; 0.661748 ; -1.0188
6.60512 ; 6.68901 ; 1.46214 ; 0.575242
3.67682 ; 6.6412 ; -1.03627 ; 0.714579
6.18713 ; 5.33909 ; 0.573008 ; -0.779093
6.45456 ; 4.33076 ; 0.989707 ; -0.558267
6.27604 ; 4.06891 ; 0.717486 ; -1.44011
4.13969 ; 5.13743 ; -1.00413 ; -1.07841
4.69748 ; 6.52204 ; -1.40291 ; 0.664385
4.66003 ; 3.82583 ; -0.867871 ; -1.69592
5.82453 ; 4.98694 ; 0.205389 ; -1.02626
4.57771 ; 7.44419 ; 0.0308146 ; 0.42746
5.89765 ; 4.48385 ; 0.579839 ; -1.03517
6.61264 ; 7.29802 ; 0.119941 ; 0.486703
7.61064 ; 6.97915 ; 0.369372 ; 0.55091
3.7492 ; 4.66826 ; -1.42486 ; -0.134597
6.40165 ; 6.99907 ; 0.611703 ; 0.756081
5.32671 ; 7.10536 ; 0.290072 ; 0.624425
6.32029 ; 4.80137 ; 0.722297 ; -1.19239
5.68121 ; 3.81513 ; 0.775583 ; -1.35069
6.75399 ; 4.28864 ; 1.52755 ; -1.61594
3.82135 ; 4.64048 ; -1.48511 ; -0.970296
5.08687 ; 6.39244 ; -0.113959 ; 0.546969
5.94669 ; 4.6706 ; -0.185794 ; -0.537453
6.87485 ; 5.6496 ; 1.81761 ; 0.457141
6.16587 ; 7.4558 ; 0.389848 ; 1.36988
4.1422 ; 4.00619 ; -0.540378 ; -1.13744
4.39664 ; 6.11004 ; -1.15854 ; 0.904051
7.4247 ; 7.00976 ; 0.783373 ; 1.24539
7.24056 ; 5.63751 ; 0.821067 ; 0.733515
5.57503 ; 3.87378 ; -0.0925497 ; -1.47078
4.97972 ; 5.60089 ; -0.474403 ; -0.166231
6.15372 ; 6.80701 ; 0.251511 ; 1.75948
6.39663 ; 3.71555 ; 0.590236 ; -1.23389
5.40655 ; 4.57019 ; 0.438675 ; -1.49222
7.17304 ; 6.47096 ; 0.683509 ; 0.703024
5.81057 ; 3.69935 ; 0.101314 ; -1.26032
6.97684 ; 5.69325 ; 1.33522 ; 0.213283
4.69878 ; 4.37096 ; -0.512783 ; -1.76385
4.13085 ; 7.29032 ; -0.36733 ; 0.950809
3.84053 ; 6.54941 ; -0.717502 ; 0.573711
3.81718 ; 3.63785 ; -0.839333 ; -0.694155
4.41139 ; 4.30342 ; -0.525309 ; -0.743877
6.88518 ; 5.1087 ; 1.63293 ; -0.845757
5.98472 ; 6.03998 ; -0.105714 ; 0.467817
5.88977 ; 5.26711 ; 0.137787 ; -0.533618
4.53898 ; 6.26694 ; -0.233871 ; 0.931298
3.98317 ; 4.62809 ; -1.08004 ; -0.932035
3.52121 ; 6.05045 ; -0.899975 ; -0.0723982
6.59933 ; 3.88908 ; 0.130804 ; -0.40074
5.45529 ; 4.01325 ; -0.121945 ; -1.34507
4.74142 ; 4.56569 ; -0.0984644 ; -0.470035
5.42143 ; 4.18831 ; 0.219152 ; -0.528144
4.64553 ; 5.21344 ; -1.2275 ; -0.918064
4.92881 ; 3.96707 ; -0.98971 ; -1.48207
5.85304 ; 5.94465 ; 0.359033 ; 0.981169
6.06961 ; 4.71532 ; 0.0974835 ; -1.16552
5.01826 ; 3.59736 ; -0.753894 ; -1.06126
5.41646 ; 7.23506 ; 0.385622 ; 0.920102
6.26832 ; 6.9451 ; 1.50292 ; 0.748237
4.35528 ; 6.14831 ; -1.75894 ; 0.666909
7.14153 ; 4.15452 ; 0.436512 ; -0.228402
5.40156 ; 5.09944 ; 0.488951 ; -0.567488
5.65783 ; 4.33008 ; 0.732256 ; -1.49951
4.18423 ; 4.27762 ; -1.69918 ; -1.41839
6.68626 ; 7.22559 ; 0.37481 ; 0.673869
4.9814 ; 5.99793 ; 0.138127 ; -0.12919
4.92095 ; 6.30545 ; -1.16414 ; 0.462161
4.28063 ; 6.90241 ; -1.79131 ; 1.59453
5.94419 ; 6.4933 ; 0.0956538 ; 0.579115
5.27095 ; 3.41449 ; -0.572051 ; -1.00387
6.83902 ; 4.99326 ; 1.66743 ; -0.829928
6.18533 ; 6.27245 ; 0.778347 ; 1.42484
7.52551 ; 4.93588 ; 0.848709 ; 0.395183
6.14804 ; 4.59724 ; 0.725514 ; -0.804353
7.48429 ; 4.69709 ; 0.702616 ; -1.01821
7.30823 ; 6.29313 ; 1.08072 ; -0.145938
6.29239 ; 6.45896 ; 1.05767 ; 1.4552
6.50079 ; 4.87647 ; 0.714249 ; -1.12754
5.19258 ; 7.38254 ; 0.00417379 ; 1.1899
7.01477 ; 5.92146 ; 1.49406 ; 0.944873
6.94551 ; 5.24621 ; 1.03983 ; -0.41598
4.33778 ; 3.77405 ; -0.491727 ; -1.01471
4.08276 ; 5.07269 ; -0.797147 ; -0.618825
5.40695 ; 4.39737 ; 0.527591 ; -0.943867
6.85915 ; 6.17249 ; 1.3439 ; 0.0698799
3.63794 ; 5.60121 ; -1.33762 ; -0.760403
5.44522 ; 6.17873 ; -0.519709 ; 0.625434
6.01354 ; 4.10293 ; 0.116928 ; -1.19431
5.61243 ; 5.99669 ; 0.0643706 ; 0.196172
6.80805 ; 5.82264 ; 1.63024 ; 0.257979
4.2116 ; 6.89532 ; -1.4996 ; 0.875502
4.46807 ; 4.84197 ; -0.500729 ; -0.139803
5.34548 ; 7.39594 ; -0.182771 ; 1.43942
6.33095 ; 7.70457 ; 1.00496 ; 0.587965
5.03178 ; 5.50553 ; -0.510426 ; 0.695641
5.15461 ; 7.22214 ; -1.01426 ; 1.03585
6.75718 ; 4.57767 ; 1.52921 ; -1.26966
4.58519 ; 7.04792 ; -0.0517687 ; 1.15877
6.83886 ; 4.47614 ; 1.61924 ; -0.913734
5.4685 ; 5.03164 ; -0.791755 ; -0.00431058
6.46492 ; 3.85173 ; 0.197086 ; -1.62645
5.1577 ; 5.56227 ; 0.23097 ; 0.74678
6.27752 ; 5.73511 ; 1.35261 ; -0.391422
4.2711 ; 7.53486 ; -1.20288 ; 0.724589
7.33864 ; 3.82927 ; 0.983958 ; -0.779619
3.88334 ; 6.55647 ; -0.737629 ; 0.0686655
5.65564 ; 6.35202 ; -0.0225753 ; 0.987621
6.3966 ; 5.17139 ; 1.34767 ; -0.783914
3.797 ; 6.21092 ; -0.687344 ; 1.38904
3.92145 ; 4.87596 ; -0.684859 ; -0.290106
6.84227 ; 3.92424 ; 0.657983 ; -1.38823
5.98761 ; 6.59698 ; 0.881652 ; 0.813966
6.06273 ; 4.87111 ; 1.13681 ; -0.350518
6.87276 ; 3.73888 ; 0.789028 ; -1.25347
7.06276 ; 3.86213 ; 0.743542 ; -0.430994
6.59421 ; 3.40541 ; 1.46742 ; -1.00407
6.36682 ; 7.26832 ; 0.689373 ; 0.819301
5.42591 ; 7.07495 ; 0.159746 ; 1.25836
3.95565 ; 5.14654 ; -1.55301 ; -0.340726
6.9392 ; 6.58808 ; 0.721951 ; 1.69318
4.73696 ; 5.54977 ; -1.2403 ; 0.0364198
5.39462 ; 7.55361 ; -0.62875 ; 0.779836
7.38906 ; 6.09812 ; 1.02804 ; 1.258
7.36169 ; 7.06917 ; 1.26754 ; 1.40763
3.91491 ; 6.56429 ; -0.797757 ; 1.04695
4.34424 ; 6.58599 ; -1.70689 ; 1.25535
4.39261 ; 6.18121 ; -0.599121 ; 0.292536
3.67829 ; 4.33215 ; -1.27993 ; -1.69088
7.5176 ; 5.46487 ; 1.42503 ; -0.568479
6.44896 ; 4.89121 ; 1.65298 ; -1.12061
4.89342 ; 7.47782 ; -1.28335 ; 0.873144
3.38836 ; 4.44501 ; -0.609001 ; -1.29709
6.46541 ; 4.04602 ; 1.43091 ; -1.14288
4.25295 ; 4.80569 ; -0.746366 ; -1.00979
4.60018 ; 6.98855 ; -0.118166 ; 0.436112
7.19122 ; 5.61239 ; 1.07618 ; 0.854495
3.98671 ; 5.3035 ; -0.751727 ; 0.433929
5.04957 ; 6.55563 ; 0.112319 ; 0.850779
5.16957 ; 5.42551 ; -0.714226 ; -0.269105
4.72299 ; 5.86524 ; -0.207951 ; 0.0736923
4.35513 ; 6.79212 ; -0.729349 ; 0.480089
4.34987 ; 5.18857 ; -0.501029 ; -0.113565
5.57047 ; 6.52621 ; 0.486788 ; 1.62935
7.33954 ; 3.98069 ; 1.12824 ; -1.44437
7.02781 ; 6.76539 ; 1.33352 ; 1.61578
4.96823 ; 5.97446 ; -0.333598 ; -0.131708
5.70626 ; 7.37913 ; -0.611684 ; 0.618532
5.53085 ; 7.09072 ; 0.788872 ; 1.65552
6.03659 ; 3.95755 ; 1.27697 ; -0.87481
3.6359 ; 5.77491 ; -1.3182 ; 0.403529
5.14824 ; 6.82333 ; -0.912943 ; 1.4065
3.92591 ; 6.0709 ; -0.720619 ; 0.496163
5.62237 ; 5.03019 ; 0.859726 ; -0.681425
4.46709 ; 4.74384 ; -1.13071 ; -1.42135
4.20534 ; 5.87901 ; -1.10832 ; -0.18093
4.41372 ; 5.11961 ; -0.916113 ; -0.614954
5.10521 ; 3.74426 ; -0.766917 ; -0.836704
6.68475 ; 3.39075 ; 0.527737 ; -0.486192
5.28092 ; 7.00773 ; -0.00673257 ; 1.50118
5.31709 ; 5.22906 ; -0.830466 ; 0.0138878
6.7971 ; 7.32325 ; 1.3088 ; 1.27154
5.21964 ; 4.00728 ; 0.356051 ; -1.84055
7.47844 ; 4.57869 ; 1.04381 ; -0.932967
5.45398 ; 5.74092 ; 0.298479 ; 0.31276
4.78803 ; 3.90332 ; -1.32128 ; -1.57945
7.3775 ; 5.65969 ; 1.0044 ; -0.324731
6.37858 ; 6.80394 ; 0.217619 ; 1.89061
5.75564 ; 6.76536 ; -0.543948 ; 0.53341
6.02201 ; 5.06619 ; 0.895167 ; -0.97454
6.57126 ; 4.70676 ; 0.986379 ; -1.12599
6.29253 ; 6.95315 ; 0.282274 ; 0.503228
4.72358 ; 7.30709 ; 0.0671558 ; 0.554078
5.60869 ; 4.10092 ; 0.175662 ; -1.50853
4.59747 ; 4.00451 ; -0.757885 ; -1.56041
6.86845 ; 4.07729 ; 1.05732 ; -0.674617
3.72847 ; 3.72029 ; -1.04228 ; -0.66155
6.41454 ; 4.52555 ; 1.26937 ; -1.56258
6.13149 ; 7.41 ; 0.681871 ; 0.798979
5.03784 ; 6.51018 ; 0.196252 ; 1.49973
5.63188 ; 6.85678 ; 0.533272 ; 0.891895
5.4337 ; 4.11661 ; -0.176021 ; -1.01976
6.85569 ; 5.00904 ; 0.917653 ; -0.11592
3.76034 ; 6.31468 ; -1.10339 ; 1.08349
6.54955 ; 5.17496 ; 1.45178 ; 0.192137
6.6885 ; 5.7758 ; 1.60959 ; -0.397701
4.6508 ; 7.29655 ; -0.886984 ; 1.36109
5.90913 ; 5.77387 ; 0.449634 ; 0.0648648
4.79315 ; 6.06235 ; -1.41553 ; 0.881115
7.08266 ; 5.1632 ; 0.786754 ; -0.997344
6.40296 ; 4.10025 ; 0.897947 ; -1.5002
6.12153 ; 4.19823 ; 0.376177 ; -1.05864
3.89464 ; 5.48275 ; -1.50927 ; -0.302394
6.22706 ; 5.12626 ; 1.45765 ; 0.311461
5.3493 ; 6.72755 ; -0.0561713 ; 1.02053
7.06566 ; 4.3012 ; 0.871052 ; -0.742183
6.38795 ; 4.61457 ; 0.876313 ; -1.61389
5.62017 ; 6.84406 ; 0.490875 ; 1.56808
3.57397 ; 6.42571 ; -0.899379 ; 0.877188
5.32152 ; 6.84998 ; 0.303702 ; 1.58268
4.25437 ; 6.21763 ; -1.31155 ; 0.284829
7.10241 ; 5.90918 ; 1.00547 ; 0.28608
4.41627 ; 6.59015 ; -1.24155 ; 0.875273
6.65971 ; 4.62421 ; 1.67448 ; -0.663561
5.45187 ; 3.95758 ; -0.334868 ; -1.30726
6.93302 ; 4.06961 ; 1.4418 ; -1.0139
4.51118 ; 5.08983 ; -0.903707 ; 0.151658
5.91427 ; 5.36283 ; 0.973489 ; -0.735752
5.91307 ; 5.10724 ; 0.112497 ; -0.740738
4.55635 ; 4.29949 ; -0.869462 ; -1.86431
7.60376 ; 4.71728 ; 0.759925 ; -0.871903
3.91264 ; 4.69594 ; -1.56337 ; -0.36942
5.94905 ; 5.57943 ; -0.136405 ; -0.149886
5.59543 ; 6.49681 ; -0.00645812 ; 0.499111
3.67595 ; 6.54096 ; -1.17259 ; 1.58942
6.03408 ; 3.3967 ; 0.381739 ; -1.17363
6.97446 ; 6.58997 ; 0.89272 ; 0.666206
5.33895 ; 6.43441 ; 0.44741 ; 0.579117
6.34544 ; 5.95188 ; 1.27805 ; 0.573474
6.51024 ; 4.08908 ; 1.36908 ; -1.25679
5.35722 ; 6.19367 ; 0.302359 ; 0.424823
4.46405 ; 4.46497 ; -0.616825 ; -0.402593
5.12061 ; 4.40321 ; -0.529369 ; -0.99198
6.91804 ; 6.46865 ; 0.828339 ; 1.16609
5.79728 ; 7.58466 ; -0.226094 ; 0.592633
6.23856 ; 3.46069 ; 0.682083 ; -1.09504
5.74988 ; 5.28057 ; -0.323376 ; -0.701402
5.02442 ; 4.4098 ; -0.544008 ; -0.861921
3.83869 ; 5.02675 ; -1.24799 ; 0.272394
6.78344 ; 6.2372 ; 1.66007 ; 1.04239
7.31724 ; 4.04079 ; 0.965391 ; -0.873929
3.94366 ; 4.59811 ; -1.68917 ; -0.650158
4.4624 ; 3.62005 ; -1.15482 ; -1.13681
5.19834 ; 4.8007 ; -0.110221 ; -1.21216
4.27496 ; 6.50448 ; -0.761774 ; 1.07804
5.3376 ; 4.22155 ; -0.795152 ; -1.92527
3.95912 ; 6.86051 ; -1.40259 ; 0.646116
4.58071 ; 7.52661 ; -0.92659 ; 1.06096
6.57732 ; 5.45554 ; 0.649675 ; -0.254591
4.28595 ; 4.76932 ; -1.07954 ; -0.374979
7.39189 ; 4.72017 ; 1.35947 ; 0.116312
6.71624 ; 3.6139 ; 1.01723 ; -1.39026
4.1766 ; 6.77487 ; -1.17678 ; 0.953084
7.33752 ; 4.7409 ; 1.23934 ; -1.17086
7.21149 ; 4.17817 ; 1.3278 ; -0.917623
7.07494 ; 4.82356 ; 0.849639 ; -0.360972
6.52842 ; 6.04875 ; 1.75969 ; 0.167024
7.43366 ; 4.37933 ; 0.899747 ; -1.0788
5.7338 ; 6.59653 ; 0.758146 ; 1.24832
5.5963 ; 5.00644 ; -0.341699 ; -0.825584
5.59119 ; 5.88088 ; -0.426016 ; 0.0735977
7.01626 ; 6.67014 ; 1.41042 ; 0.955246
3.99538 ; 6.97122 ; -1.59951 ; 1.44626
6.2987 ; 6.3815 ; 0.0435377 ; 0.372684
4.89052 ; 6.94932 ; -0.0965358 ; 0.750375
4.11031 ; 4.92202 ; -0.784958 ; -0.564615
6.46685 ; 7.41331 ; 0.808963 ; 1.00283
5.262 ; 5.97546 ; -0.824528 ; 0.354009
5.33758 ; 5.23595 ; -0.397021 ; -0.951679
6.01243 ; 5.51237 ; 0.0103072 ; -0.0135234
6.34445 ; 6.50985 ; 0.921398 ; 1.03508
5.15878 ; 4.56518 ; -0.668794 ; -1.61349
6.87408 ; 4.13259 ; 0.597375 ; -0.848612
5.72132 ; 6.3173 ; -0.122066 ; 0.836702
6.54429 ; 6.94126 ; 0.836661 ; 1.05328
5.33041 ; 7.05389 ; -0.784893 ; 1.43996
5.85272 ; 6.64223 ; 0.427399 ; 1.64002
7.06846 ; 4.68189 ; 1.10696 ; -0.457485
5.82665 ; 4.79574 ; -0.190217 ; -0.910792
7.28846 ; 5.23539 ; 0.94563 ; 0.628879
7.00513 ; 3.51378 ; 0.501805 ; -0.319834
3.89568 ; 6.34009 ; -1.70363 ; 0.834945
6.49795 ; 5.55725 ; 0.97889 ; -0.0170708
6.33238 ; 7.55094 ; 0.803038 ; 0.740188
4.58177 ; 6.98754 ; -1.45015 ; 1.46577
6.43318 ; 6.88479 ; 1.37838 ; 1.28434
4.96987 ; 6.80086 ; -0.436119 ; 1.27247
6.95198 ; 4.7107 ; 1.85687 ; -0.0976383
6.13774 ; 4.46584 ; 0.704417 ; -0.572748
6.23613 ; 6.27855 ; 0.011493 ; 0.288206
3.78762 ; 4.88323 ; -1.48695 ; -0.915754
4.47065 ; 4.12006 ; -0.670274 ; -1.42812
5.38508 ; 7.56848 ; 0.0593554 ; 0.864622
7.09981 ; 6.13614 ; 1.22397 ; 0.966974
6.10919 ; 3.78001 ; 0.951233 ; -1.67936
5.29351 ; 5.92725 ; 0.347857 ; 1.14789
4.6431 ; 4.17746 ; -0.897955 ; -1.4943
5.54711 ; 6.90407 ; -0.368016 ; 0.938634
3.94794 ; 5.23068 ; -1.00857 ; -0.86376
6.81714 ; 4.14399 ; 0.594152 ; -1.08208
3.66345 ; 4.66174 ; -1.09766 ; -1.27532
5.39156 ; 4.34465 ; -0.132739 ; -1.52662
5.09451 ; 7.05016 ; -1.04686 ; 0.544939
4.67405 ; 6.72484 ; -0.203528 ; 1.46421
6.91325 ; 7.21903 ; 0.987372 ; 0.949911
7.04217 ; 7.00227 ; 1.41246 ; 0.348951
3.69697 ; 4.19457 ; -1.17212 ; -0.420226
3.44264 ; 4.95858 ; -0.762224 ; -1.13832
4.70281 ; 3.46134 ; -0.499472 ; -0.698784
4.3651 ; 7.31681 ; 0.0647705 ; 0.325777
6.53054 ; 6.92411 ; 1.64081 ; 0.820324
4.2071 ; 6.47161 ; -1.69342 ; 0.300406
6.50869 ; 4.19288 ; 0.82099 ; -1.28717
6.3985 ; 6.63715 ; 1.56061 ; 1.72068
4.26046 ; 4.18059 ; -0.713416 ; -1.51267
5.51266 ; 4.51012 ; 0.700128 ; -0.523116
6.6602 ; 5.02355 ; 1.42315 ; -0.310269
5.8713 ; 4.87651 ; 0.897254 ; -1.31292
5.39575 ; 5.22487 ; -0.461012 ; -0.120474
3.45528 ; 3.83276 ; -0.233802 ; -0.69431
5.06899 ; 4.7101 ; -1.18963 ; -0.472885
6.5496 ; 5.33733 ; 0.370717 ; -0.725149
6.46587 ; 3.95004 ; 1.53045 ; -1.1739
6.41189 ; 6.03951 ; 0.706238 ; 0.0324323
3.64756 ; 5.21208 ; -1.47284 ; 0.0986076
5.70399 ; 3.3929 ; -0.0610746 ; -0.918497
3.98339 ; 4.22311 ; -1.39972 ; -0.504177
7.19987 ; 4.50293 ; 0.99695 ; -0.300186
4.31327 ; 6.07492 ; -0.356066 ; 1.29367
4.79693 ; 3.64691 ; -1.06907 ; -0.995679
6.26507 ; 6.12034 ; 1.07223 ; 0.547393
4.52063 ; 5.52199 ; -0.786564 ; 0.285789
6.56514 ; 5.43997 ; 1.60364 ; 0.634195
4.0731 ; 4.70751 ; -1.11338 ; -0.829726
4.17183 ; 6.07027 ; -1.35835 ; -0.0735683
4.771 ; 6.56382 ; -0.428609 ; 1.19135
5.94141 ; 6.57207 ; -0.0606843 ; 1.42423
4.14841 ; 6.7769 ; -1.58505 ; 1.02151
4.72675 ; 4.59353 ; -0.469061 ; -0.629755
3.32934 ; 4.54118 ; -0.582584 ; -0.657172
6.1395 ; 7.16079 ; 0.863956 ; 1.71209
4.51359 ; 3.66596 ; -0.137327 ; -0.76578
6.01873 ; 5.54509 ; 0.479939 ; -0.354701
4.41694 ; 4.82963 ; -0.903562 ; -0.250478
4.66442 ; 5.03394 ; -0.286183 ; -0.29099
5.53267 ; 4.39889 ; 0.783549 ; -0.804467
6.04417 ; 3.57328 ; 1.04132 ; -1.44108
3.52269 ; 4.41246 ; -0.823752 ; -0.625433
3.65774 ; 5.28804 ; -1.10826 ; -0.716008
3.97563 ; 6.02996 ; -0.81643 ; -0.0115108
4.12999 ; 6.56444 ; -0.737854 ; 0.973734
5.48251 ; 5.66268 ; 0.211912 ; 0.330939
4.63787 ; 5.32169 ; -1.06694 ; -0.818196
4.55438 ; 3.91315 ; -0.989894 ; -1.41323
4.93139 ; 5.62574 ; -0.861068 ; 0.00974365
5.99496 ; 4.51619 ; -0.123295 ; -1.00683
4.29309 ; 5.2477 ; -1.6489 ; 0.359836
6.45705 ; 3.41064 ; 0.362416 ; -0.651129
6.33714 ; 6.77507 ; 1.0447 ; 1.30517
7.48996 ; 6.38991 ; 1.45758 ; 1.46532
5.00961 ; 6.8559 ; -0.114781 ; 1.86751
5.11912 ; 5.75957 ; -1.0762 ; 0.660406
4.84011 ; 7.18932 ; -1.09222 ; 1.17015
6.65949 ; 5.98679 ; 1.41727 ; 0.822103
3.61631 ; 4.24513 ; -1.1282 ; -0.989913
4.22588 ; 6.4611 ; -1.12769 ; 1.51307
4.88129 ; 3.88618 ; -0.380128 ; -1.37458
4.40561 ; 3.63228 ; -0.701691 ; -1.45411
5.65816 ; 5.19626 ; -0.0557426 ; -0.831651
6.53421 ; 3.99451 ; 0.201154 ; -1.34357
6.64691 ; 6.03881 ; 0.714863 ; -0.0974897
5.73187 ; 4.21441 ; 0.477226 ; -1.48679
3.77199 ; 4.0941 ; -0.763631 ; -0.495673
5.32567 ; 5.27872 ; 0.520159 ; 0.14915
5.8767 ; 6.27701 ; 0.94588 ; 0.604591
3.98168 ; 6.61151 ; -1.45248 ; 0.146162
6.71844 ; 4.59116 ; 1.59507 ; -0.490282
6.99508 ; 3.73547 ; 1.32364 ; -0.902646
4.79887 ; 5.61263 ; -1.10076 ; -0.499928
5.63281 ; 4.88882 ; -0.598897 ; -0.534197
4.76489 ; 4.45276 ; -0.907292 ; -1.56171
4.48015 ; 4.02022 ; -1.29618 ; -0.854645
7.41468 ; 4.06837 ; 0.884724 ; -0.114286
7.339 ; 7.24383 ; 0.724262 ; 0.463749
4.94146 ; 7.31043 ; 0.182147 ; 1.41858
5.27762 ; 7.15823 ; 0.352534 ; 0.907135
6.8068 ; 5.77703 ; 1.20607 ; 0.0395464
6.54692 ; 7.07033 ; 0.552608 ; 1.4191
7.21922 ; 3.92836 ; 0.937405 ; -1.15685
5.76457 ; 6.31745 ; 0.779837 ; 1.10199
3.72047 ; 4.52442 ; -1.15467 ; -0.947415
5.62966 ; 6.61068 ; -0.0333191 ; 0.329233
3.88724 ; 3.75473 ; -0.657382 ; -0.76111
4.69923 ; 3.90331 ; -1.24642 ; -1.6648
5.43858 ; 3.79907 ; 0.103458 ; -1.41996
3.80636 ; 6.26364 ; -1.0618 ; 0.404981
6.87344 ; 5.81011 ; 1.91792 ; 0.389795
6.43031 ; 7.34144 ; 0.935911 ; 0.660587
6.78846 ; 3.6875 ; 1.08368 ; -0.697296
7.10718 ; 6.77021 ; 1.25035 ; 1.71703
4.03196 ; 5.52041 ; -0.646751 ; -0.638507
4.69397 ; 5.71809 ; -0.477512 ; -0.289878
6.80264 ; 5.9552 ; 0.769764 ; 0.435082
4.47703 ; 4.30116 ; -1.63347 ; -1.26606
5.25662 ; 4.03765 ; 0.387122 ; -1.20759
4.08763 ; 4.60213 ; -1.44392 ; -1.44837
5.85145 ; 4.08524 ; 0.398697 ; -1.18894
6.92744 ; 5.79454 ; 1.49041 ; 0.239876
4.93731 ; 6.49488 ; 0.000971936 ; 1.42134
5.17343 ; 6.66152 ; -0.341866 ; 0.624777
5.32433 ; 5.02848 ; 0.16992 ; -0.400519
5.31163 ; 6.52834 ; -0.177322 ; 1.20935
5.48037 ; 3.95614 ; -0.491678 ; -0.812791
3.99294 ; 5.41903 ; -1.5148 ; -0.0865879
5.39418 ; 3.57397 ; -0.673929 ; -1.59396
6.66296 ; 5.70612 ; 1.68245 ; 0.854659
