5.74187 ; 4.44692 ; -0.233081 ; -1.49488
7.16113 ; 5.65919 ; 0.803998 ; 0.500455
6.54033 ; 5.2484 ; 0.189567 ; -0.0876255
4.52643 ; 3.76627 ; 0.275062 ; -0.332314
5.28447 ; 5.13645 ; -0.343755 ; -1.07977
3.79033 ; 4.46235 ; -0.206361 ; 0.169922
5.55501 ; 5.34941 ; -0.520735 ; -0.446541
5.57212 ; 6.04366 ; -0.396104 ; 1.04362
6.97027 ; 5.37965 ; 1.38652 ; 0.485304
7.01919 ; 6.81647 ; 1.1472 ; 0.685823
6.88736 ; 4.82467 ; 0.623527 ; -1.0997
6.25248 ; 5.32599 ; 0.950903 ; -0.763779
4.07821 ; 4.64633 ; -1.28808 ; -1.15129
4.40126 ; 4.89799 ; -1.247 ; 0.119636
6.53302 ; 4.76141 ; 1.03417 ; -0.521741
6.41085 ; 6.56237 ; 1.23755 ; 0.327596
4.55045 ; 4.36643 ; -0.385485 ; -1.06498
7.58005 ; 6.26417 ; 0.615928 ; 0.737077
5.34372 ; 5.0961 ; -0.31045 ; -0.474806
4.54845 ; 5.69071 ; -0.962949 ; -0.278019
6.7516 ; 6.96632 ; 0.136384 ; 0.0438316
3.46432 ; 6.90306 ; -0.508146 ; 0.941239
6.05818 ; 7.58006 ; 0.290465 ; 0.880688
6.38977 ; 5.50647 ; 1.3405 ; -0.490615
4.7891 ; 7.31408 ; -0.728401 ; 1.12331
6.79115 ; 5.69206 ; 1.1049 ; 0.641873
5.08604 ; 5.16625 ; -0.435113 ; 0.317908
4.84234 ; 5.35838 ; -1.10082 ; 0.105499
3.44968 ; 3.71268 ; -0.344011 ; -0.381363
5.93242 ; 4.4265 ; 0.640192 ; -1.46396
7.1523 ; 5.54365 ; 0.932139 ; -0.337509
5.32871 ; 3.93486 ; -0.436631 ; -0.884331
7.05686 ; 6.52602 ; 1.22882 ; 0.626742
7.76923 ; 5.98153 ; 0.301544 ; 0.700685
3.99015 ; 4.51529 ; -1.5703 ; -1.14338
7.04022 ; 3.90745 ; 1.1208 ; -1.19861
4.80703 ; 4.09604 ; -0.725173 ; -1.38144
4.59842 ; 3.90382 ; -0.660328 ; -0.952272
4.31465 ; 7.47434 ; -1.06312 ; 0.743407
4.17488 ; 5.963 ; -1.47608 ; 0.834506
5.56061 ; 6.05948 ; 0.301892 ; 0.928262
5.27889 ; 7.73501 ; -0.0401908 ; 0.161756
6.16271 ; 5.62265 ; 1.04555 ; 0.579322
5.65476 ; 4.29833 ; 0.564361 ; -0.574749
3.81277 ; 5.11657 ; -0.371637 ; -0.690974
5.17076 ; 4.50903 ; 0.0224789 ; -0.266987
7.61886 ; 4.16984 ; 0.371706 ; -0.976718
4.53062 ; 5.28036 ; -0.102451 ; -0.0341607
4.17462 ; 4.8369 ; -0.91511 ; -0.635513
7.39108 ; 4.18206 ; 0.643602 ; -0.173119
4.47542 ; 3.9356 ; -0.860597 ; -1.47698
7.2029 ; 3.64517 ; 0.609538 ; -0.750492
4.6109 ; 3.95446 ; -0.236826 ; -0.813638
3.76618 ; 6.45425 ; -0.181013 ; 0.178051
5.07614 ; 4.6634 ; -0.553716 ; -0.812625
4.17128 ; 5.16405 ; -0.614334 ; -0.933211
7.68711 ; 5.23241 ; 0.915317 ; 0.144081
3.92887 ; 6.42716 ; -1.23647 ; 0.0796384
7.55611 ; 4.53326 ; 1.01316 ; -0.308505
6.88975 ; 7.09838 ; 1.39746 ; 1.44726
4.61162 ; 5.39256 ; -1.21835 ; 0.375735
4.67953 ; 4.15322 ; 0.0927849 ; -0.356337
4.17625 ; 7.23478 ; -1.16168 ; 0.65917
6.90801 ; 5.05482 ; 1.40805 ; -0.078084
7.23957 ; 7.46243 ; 0.430734 ; -0.226577
4.74744 ; 7.7538 ; -1.01189 ; 0.130512
7.21356 ; 4.30147 ; 1.26474 ; -1.27423
6.12742 ; 3.63217 ; 0.385622 ; -0.510168
4.26216 ; 3.71746 ; -1.39969 ; -1.34857
3.6691 ; 4.95742 ; -0.659337 ; -0.849222
6.89479 ; 5.00088 ; 1.5145 ; -0.113023
4.81614 ; 3.85346 ; -1.06833 ; -1.4329
6.85216 ; 3.7174 ; 0.998468 ; -1.1797
4.51014 ; 4.68843 ; -1.04227 ; -1.15391
3.85748 ; 5.86942 ; -0.716873 ; 0.234831
6.43358 ; 7.68921 ; 0.320315 ; 0.413649
6.95507 ; 4.19682 ; 0.470435 ; -1.26104
7.10951 ; 4.90636 ; 1.03005 ; -0.447807
5.62638 ; 3.57388 ; -0.122912 ; -0.948844
5.51887 ; 7.19943 ; -0.418039 ; 1.29915
7.44654 ; 4.82483 ; 0.418235 ; -0.960209
6.51029 ; 5.81909 ; 0.170028 ; -0.512226
4.00074 ; 5.83907 ; -0.841582 ; -0.116391
3.93727 ; 3.88628 ; -1.18213 ; -1.01927
7.17977 ; 6.23577 ; 0.497044 ; 0.261094
6.23726 ; 3.99337 ; 0.88274 ; -1.12995
7.2501 ; 5.76636 ; 1.39615 ; -0.387048
5.9516 ; 5.45046 ; 0.0790689 ; -0.248788
6.66833 ; 4.83995 ; 0.794798 ; -1.10835
4.32889 ; 6.42022 ; 0.0265038 ; -0.15498
3.94057 ; 6.81068 ; -1.30727 ; 0.0827995
5.54658 ; 4.10662 ; 0.120194 ; -1.17579
5.61551 ; 4.91803 ; -0.27471 ; -0.12423
5.43821 ; 3.42428 ; -0.519224 ; -0.681675
6.10095 ; 5.41575 ; 0.758633 ; 0.636078
7.22037 ; 6.42615 ; 0.184607 ; 0.00123477
4.21382 ; 6.24852 ; -1.60517 ; 1.19115
4.73908 ; 5.75667 ; -0.106957 ; 0.435893
6.42404 ; 4.27585 ; 1.18994 ; -0.259426
6.05925 ; 6.43246 ; -0.301183 ; 0.1311
3.77011 ; 6.49353 ; -0.852557 ; -0.0477912
7.1877 ; 4.36565 ; 1.32497 ; -0.402144
5.91611 ; 5.34754 ; 0.281295 ; 0.117105
7.35086 ; 5.86568 ; 1.27586 ; 0.513641
4.14061 ; 6.54772 ; -0.901932 ; 1.45167
4.14931 ; 3.37834 ; -1.09183 ; -0.867801
5.89749 ; 4.93917 ; 0.193227 ; -0.82667
5.2594 ; 6.98131 ; 0.474409 ; 1.19
5.47306 ; 6.70585 ; -0.188219 ; 0.862717
6.699 ; 6.65295 ; 0.436226 ; 1.44462
7.18109 ; 5.40231 ; 1.13584 ; -0.211313
4.63876 ; 6.68093 ; -0.993469 ; 0.846305
7.03387 ; 6.86999 ; 0.452404 ; 1.39562
5.76698 ; 3.64101 ; -0.0197278 ; -1.52963
4.6007 ; 6.54961 ; -1.13235 ; 0.0467387
6.94766 ; 6.87828 ; 1.24782 ; 1.41886
7.01007 ; 3.63927 ; 1.18681 ; -0.96061
5.37848 ; 3.84762 ; 0.457044 ; -1.60804
5.81976 ; 6.33097 ; -0.226911 ; 1.30293
4.60288 ; 6.75672 ; 0.0351904 ; 1.15696
6.44932 ; 7.60061 ; 0.878044 ; 0.631563
4.13562 ; 6.19549 ; -1.48166 ; 0.520216
6.3509 ; 6.29637 ; 1.21117 ; 0.717575
5.09299 ; 4.74477 ; -0.406808 ; -1.29726
4.47814 ; 6.59599 ; -1.19547 ; 1.52275
5.20205 ; 6.02761 ; 0.368976 ; 0.4912
5.49706 ; 5.89055 ; -0.366792 ; -0.248149
3.92079 ; 3.46379 ; -0.476019 ; -0.800454
3.63102 ; 5.78842 ; -1.2008 ; 0.866539
4.26862 ; 5.28895 ; -0.574511 ; -0.703256
7.51785 ; 4.77996 ; 1.03277 ; -0.202562
5.5451 ; 6.50638 ; -0.546582 ; 1.1825
3.68471 ; 6.33494 ; -0.885674 ; -0.172119
5.65465 ; 7.3193 ; 0.789857 ; 0.990781
6.383 ; 5.35336 ; 0.56022 ; 0.179004
6.21385 ; 3.88486 ; 1.11664 ; -1.67718
3.7931 ; 6.92136 ; -0.996279 ; 1.05857
6.37338 ; 7.40112 ; 0.679477 ; 0.499839
6.42074 ; 7.38998 ; 0.487203 ; 0.878631
5.58974 ; 6.93865 ; -0.746554 ; 0.30191
6.54358 ; 4.05202 ; 0.454454 ; -1.46732
5.52766 ; 7.57689 ; -0.625121 ; 0.32456
6.6419 ; 6.88789 ; 1.44642 ; 1.25398
5.59029 ; 6.51354 ; -0.258083 ; 1.0332
5.74009 ; 3.60361 ; -0.304335 ; -1.07874
7.62236 ; 4.985 ; 0.386438 ; -0.721674
4.79041 ; 7.07113 ; -0.794317 ; 0.263376
4.26058 ; 7.09822 ; -0.678219 ; 1.5399
3.51603 ; 5.47934 ; -0.40373 ; 0.576709
3.38384 ; 3.81227 ; -0.00133407 ; -0.95789
4.6648 ; 4.06632 ; -0.991727 ; -1.70116
5.88711 ; 4.0949 ; 0.148243 ; -1.65145
3.67755 ; 4.0536 ; -0.518135 ; 0.00412673
6.18682 ; 5.19547 ; 0.732439 ; -0.322052
6.90637 ; 6.54043 ; 0.391406 ; 0.418583
5.70618 ; 6.3241 ; -0.477923 ; 0.165955
5.81966 ; 5.55997 ; 0.609545 ; 0.169303
6.37728 ; 4.26153 ; 0.609383 ; -0.942482
7.68674 ; 4.3634 ; 0.131 ; -0.722218
4.51247 ; 3.98717 ; -0.121026 ; -1.5883
6.90192 ; 7.633 ; 0.931655 ; 0.397318
3.61893 ; 5.71327 ; -1.05116 ; 0.339609
5.59399 ; 4.45988 ; -0.392169 ; -1.14559
6.76247 ; 7.17885 ; 1.46068 ; 1.45957
6.38827 ; 6.81476 ; 0.695876 ; 0.28807
4.78957 ; 5.4169 ; -0.757905 ; -0.266241
5.78919 ; 6.29924 ; 0.887201 ; 1.33795
4.4977 ; 7.71175 ; -1.03888 ; 0.485377
5.53004 ; 4.94629 ; -0.610131 ; -1.20117
6.22804 ; 5.67995 ; 1.25006 ; 0.667619
6.09112 ; 7.26171 ; 1.07804 ; 0.455304
7.37534 ; 6.7577 ; 0.568137 ; 0.240762
6.46018 ; 4.32347 ; 0.675538 ; -0.423919
6.34032 ; 4.87084 ; 0.528962 ; -0.486089
6.18905 ; 6.19227 ; -0.0464271 ; -0.197602
5.22371 ; 4.43885 ; -0.128608 ; -0.580331
4.6504 ; 3.72 ; -1.11146 ; -1.53548
4.13442 ; 6.87733 ; -0.1327 ; 0.488963
4.28016 ; 5.33397 ; -0.882958 ; 0.0205407
5.12968 ; 6.42489 ; -0.338155 ; 0.941851
5.64812 ; 6.10872 ; 0.440631 ; -0.0271612
3.36549 ; 5.46224 ; -0.990085 ; 0.632868
6.74753 ; 4.0197 ; 1.07959 ; -1.53831
7.38721 ; 3.85231 ; 1.01554 ; -1.35412
6.13772 ; 4.24234 ; 0.0999773 ; -0.737366
4.65866 ; 5.60729 ; -0.286863 ; 0.0256483
4.66785 ; 3.96458 ; -0.294411 ; -1.45368
5.30554 ; 7.0314 ; 0.300399 ; 0.62282
4.19604 ; 4.00289 ; -0.683373 ; -1.01997
6.60837 ; 3.4322 ; 1.26616 ; -1.03739
6.09076 ; 7.40629 ; 1.07883 ; 0.41306
6.09499 ; 5.84599 ; 0.265152 ; -0.167569
3.56115 ; 4.46606 ; -1.06979 ; -0.949668
6.73922 ; 3.9871 ; 0.827147 ; -1.60023
4.22143 ; 4.52231 ; -0.517803 ; -1.47081
4.70721 ; 3.72093 ; -1.09311 ; -1.54846
7.6949 ; 4.34308 ; 0.60354 ; -0.409234
7.70071 ; 5.64858 ; 0.600632 ; 0.486604
4.46337 ; 7.39717 ; 0.129113 ; 0.880488
3.35514 ; 3.99717 ; -0.256208 ; -1.27172
7.47687 ; 3.81756 ; -0.255959 ; 0.378846
3.65954 ; 7.08357 ; -0.819555 ; 0.148825
5.05522 ; 4.46774 ; 0.176462 ; -1.46889
6.71276 ; 6.87156 ; 1.59508 ; 0.479292
3.67702 ; 3.49012 ; -0.855579 ; -0.806198
4.90978 ; 3.60689 ; 0.103617 ; -1.22535
3.48868 ; 6.98025 ; -0.24467 ; 0.0275092
4.88445 ; 6.91451 ; -0.183061 ; 0.194668
5.05497 ; 5.36441 ; -0.760594 ; -0.812928
4.62994 ; 4.874 ; -0.726298 ; -1.12289
7.24093 ; 4.10698 ; 1.14341 ; -0.122452
5.97627 ; 4.55112 ; 0.250345 ; -0.83631
6.79791 ; 5.19932 ; 1.00834 ; 0.52183
6.46225 ; 4.29463 ; 0.424069 ; -1.18983
5.10527 ; 5.69964 ; -0.0171464 ; 0.624595
4.03209 ; 5.09384 ; -1.63997 ; -0.0558117
3.80192 ; 4.37206 ; -1.39216 ; -0.0331891
4.07297 ; 7.41803 ; -1.03575 ; 0.331373
3.78709 ; 3.62875 ; -0.813431 ; -0.972695
4.86327 ; 3.88805 ; -0.163387 ; -0.834309
3.84981 ; 3.69959 ; -0.826047 ; -1.10826
6.6348 ; 6.92571 ; 1.53461 ; 0.527443
6.96558 ; 3.84114 ; 0.0525965 ; -0.71465
6.58241 ; 3.90524 ; 1.47804 ; -1.33716
7.1939 ; 6.18774 ; 0.735997 ; 0.439266
6.85619 ; 3.73622 ; 1.45958 ; -1.11293
6.35124 ; 3.3315 ; 1.24689 ; -0.810887
3.91434 ; 6.65128 ; -1.23952 ; 1.02048
7.20785 ; 5.07959 ; 0.806522 ; -0.146901
6.33689 ; 7.47786 ; 1.01756 ; 0.593546
4.83215 ; 6.65942 ; -1.28155 ; 1.39271
3.72799 ; 5.99432 ; -1.05846 ; 0.724502
4.25018 ; 6.46122 ; -1.04514 ; 1.11076
6.18855 ; 4.72158 ; 0.519342 ; 0.0156354
3.88211 ; 6.13573 ; -1.29494 ; 0.801949
4.16477 ; 5.96248 ; -1.07837 ; 0.397762
4.06999 ; 7.16322 ; -0.184931 ; 0.559263
4.70917 ; 7.6253 ; -1.16854 ; 0.857627
4.99483 ; 6.99794 ; -0.526648 ; 0.316659
4.61609 ; 3.30097 ; -0.678696 ; -0.403149
6.92618 ; 3.66719 ; 0.0313752 ; -0.198106
5.63455 ; 5.32701 ; 0.722424 ; -0.509877
7.25045 ; 6.11338 ; 0.395995 ; -0.09315
5.03776 ; 6.53926 ; -0.811294 ; 0.840579
5.23563 ; 3.3002 ; -0.364888 ; -0.966081
4.3106 ; 5.98745 ; -0.422573 ; -0.17254
5.35761 ; 6.82441 ; -0.860222 ; 1.6236
4.02224 ; 7.19798 ; -0.616951 ; 1.18228
7.43891 ; 4.43623 ; 0.129103 ; 0.15678
4.93194 ; 5.06238 ; -0.152176 ; -0.55449
6.32965 ; 7.02156 ; 0.91845 ; 1.4577
5.06206 ; 7.43399 ; -0.554632 ; 1.20956
4.2815 ; 7.24389 ; -0.3155 ; 1.3545
6.12813 ; 6.00513 ; 0.692758 ; -0.0169999
4.85216 ; 6.72208 ; -0.866751 ; 0.616738
5.14971 ; 6.1294 ; -0.908809 ; -0.0619904
3.32277 ; 6.21873 ; -0.155599 ; -0.145378
4.05074 ; 4.97346 ; -1.24161 ; -0.752526
4.24244 ; 6.50932 ; -0.750613 ; 1.10404
3.45883 ; 5.99262 ; -0.805868 ; 0.931888
6.50149 ; 7.13759 ; 0.94445 ; 0.329316
6.98463 ; 5.34117 ; 0.997509 ; -0.250002
7.22888 ; 4.41405 ; 1.01574 ; -0.367686
4.25377 ; 7.14951 ; -0.17985 ; 1.31076
7.55306 ; 6.68523 ; 0.496316 ; 0.682244
6.77485 ; 7.15973 ; 1.39739 ; 1.16369
6.20544 ; 7.25049 ; 0.558184 ; 0.343025
6.92864 ; 3.89717 ; 0.199342 ; -0.383641
3.40157 ; 4.43707 ; -0.125976 ; 0.326417
5.50152 ; 3.79206 ; 0.493237 ; -1.12419
5.96225 ; 3.76178 ; 0.452978 ; -1.62258
4.49107 ; 4.57685 ; -1.26898 ; -0.697705
4.85291 ; 7.73704 ; -0.0899598 ; 0.265907
7.36238 ; 4.18136 ; 0.982139 ; -0.0662093
6.50842 ; 6.2911 ; 1.23295 ; 0.0772325
4.18611 ; 7.11198 ; -1.56934 ; 1.27297
4.77098 ; 3.47964 ; -1.26599 ; -1.21493
5.16913 ; 4.62034 ; -0.407775 ; -0.633571
5.09179 ; 6.18467 ; 0.236949 ; 0.834748
5.31719 ; 4.26504 ; -0.404374 ; -0.80066
6.11026 ; 5.47448 ; 0.0538085 ; -0.357925
3.71276 ; 3.40055 ; -0.276241 ; -0.186634
4.09043 ; 3.64147 ; -1.34528 ; -0.743472
5.12301 ; 5.0662 ; -0.823749 ; -0.997077
7.40247 ; 4.80326 ; 0.640512 ; -0.497142
4.48996 ; 4.98686 ; -0.584936 ; -0.249058
6.93522 ; 4.98753 ; 0.66537 ; -0.223077
6.33488 ; 6.33131 ; 1.21257 ; 0.0830421
5.41748 ; 5.82945 ; 0.508277 ; 0.871338
5.07271 ; 6.27047 ; 0.143836 ; 0.517088
7.41347 ; 5.53098 ; 0.775276 ; -0.0352042
6.0564 ; 3.6441 ; 1.01661 ; -1.13058
7.52127 ; 4.89351 ; 0.189193 ; 0.33761
7.19135 ; 3.73855 ; 0.255269 ; -0.246011
3.90958 ; 3.92684 ; -0.285863 ; -0.657938
5.79951 ; 7.64004 ; -0.0320251 ; 0.956012
4.80798 ; 5.40146 ; -0.421388 ; 0.152594
3.70829 ; 3.71127 ; -0.588188 ; -0.410388
5.68781 ; 7.28018 ; -0.279994 ; 0.260809
6.10737 ; 4.7975 ; 0.900048 ; -1.32366
6.79213 ; 7.29565 ; -0.267296 ; 0.0318674
4.99939 ; 6.15625 ; 0.150991 ; -0.122177
3.27066 ; 5.35609 ; -0.178822 ; -0.14411
5.58287 ; 4.43247 ; 0.242261 ; -1.04776
7.25755 ; 4.06441 ; 1.12715 ; -0.367141
5.31999 ; 6.69369 ; -0.507115 ; 0.96205
6.27478 ; 3.66169 ; 0.362015 ; -1.02694
3.83496 ; 7.02019 ; -0.766795 ; -0.088322
6.98974 ; 4.51559 ; 1.65587 ; 0.0186401
7.76962 ; 6.37793 ; 0.139694 ; 0.910258
3.5452 ; 5.283 ; -0.777121 ; -0.616065
5.5678 ; 3.21689 ; 0.262219 ; -0.457561
5.2581 ; 7.41249 ; -0.762486 ; 0.897643
6.82318 ; 5.5743 ; 1.34891 ; 0.146357
4.10932 ; 5.36683 ; -0.375846 ; -0.389855
5.10122 ; 4.55504 ; -0.143474 ; -0.478663
5.29624 ; 4.77058 ; -0.389605 ; -0.958954
6.95241 ; 5.90968 ; 0.299685 ; 1.08736
5.73317 ; 6.59511 ; 0.801871 ; 1.3548
6.7217 ; 6.83973 ; 1.48174 ; 1.17967
6.32143 ; 4.97923 ; 1.3204 ; -0.891339
7.38309 ; 6.98195 ; 0.371247 ; 0.196698
3.49196 ; 6.878 ; -0.445229 ; 0.561276
4.39163 ; 7.16529 ; -0.449227 ; 1.39025
7.50064 ; 4.82878 ; 0.308601 ; 0.17521
4.18491 ; 5.55228 ; -1.14426 ; 0.54514
6.004 ; 6.39522 ; 1.04869 ; 0.794347
4.48767 ; 5.30437 ; -0.414859 ; -0.64337
3.48213 ; 5.46409 ; -0.571737 ; 0.0411115
4.59754 ; 4.79442 ; -0.457819 ; -1.17435
3.45493 ; 6.18285 ; -0.737549 ; 0.118854
6.08475 ; 3.54216 ; 0.0527959 ; -1.14332
4.07387 ; 4.23992 ; -0.662763 ; -0.121309
6.08864 ; 6.64422 ; 1.21542 ; 0.598659
3.76276 ; 5.87053 ; -1.37578 ; 0.534643
5.96119 ; 5.86465 ; 0.422264 ; -0.416975
6.44638 ; 5.8413 ; 0.867957 ; 0.660308
3.83778 ; 4.77763 ; -1.04308 ; -1.33444
7.36381 ; 3.85371 ; 0.973525 ; -0.861186
3.3843 ; 4.17106 ; -0.844928 ; -0.835958
6.46513 ; 6.36774 ; 0.898616 ; 0.595231
6.8204 ; 5.08343 ; 0.769286 ; 0.296601
6.90748 ; 4.15615 ; 0.755564 ; -0.567355
4.90424 ; 7.2152 ; -0.686195 ; 1.21673
5.61761 ; 4.49433 ; -0.542067 ; -0.771486
7.13395 ; 4.69677 ; 1.1673 ; -1.13589
4.78949 ; 6.73493 ; -1.01756 ; 0.222267
3.94854 ; 3.40723 ; -1.26157 ; -0.869243
3.51056 ; 4.67478 ; -0.777937 ; 0.159374
6.78196 ; 7.12649 ; 1.19768 ; 0.265653
4.18563 ; 6.9001 ; 0.167411 ; -0.139984
6.65161 ; 7.45696 ; 0.0550245 ; 0.0490896
5.38013 ; 4.17482 ; -0.569239 ; -1.73578
4.27944 ; 4.59368 ; -1.62258 ; -1.39398
5.00233 ; 6.60126 ; 0.363634 ; 1.24334
6.74327 ; 6.35334 ; 1.27944 ; -0.088259
6.87914 ; 4.15159 ; 0.725699 ; -0.704331
5.56399 ; 6.95394 ; -0.349034 ; 0.523713
6.60731 ; 3.68997 ; 0.654044 ; -0.689069
5.85201 ; 4.51933 ; -0.107476 ; -1.14346
6.19683 ; 5.55136 ; 0.289022 ; 0.175756
4.23093 ; 4.74586 ; -1.64886 ; -1.26035
3.81283 ; 6.56197 ; -1.30455 ; 1.45183
7.20917 ; 4.44893 ; 1.18835 ; -0.752435
4.51647 ; 6.65463 ; -0.326587 ; 0.381356
7.20746 ; 5.63669 ; 0.865103 ; 0.662378
3.51038 ; 4.35355 ; -0.387674 ; -1.13968
4.16302 ; 4.00592 ; -0.390871 ; -0.719501
3.99596 ; 6.19425 ; -0.942342 ; 0.494147
5.33216 ; 3.56552 ; 0.207836 ; -0.604586
3.36066 ; 5.79888 ; -0.911263 ; -0.193923
3.81698 ; 3.98706 ; -0.0109902 ; -0.606135
6.1333 ; 7.3299 ; 1.18965 ; 0.616736
5.13472 ; 4.428 ; -0.600228 ; -1.33706
5.81994 ; 6.79441 ; 0.320264 ; 1.38104
4.15794 ; 4.52757 ; -1.52637 ; 0.001921
4.6222 ; 6.69522 ; -0.196788 ; 0.984325
7.12114 ; 3.59266 ; 0.29623 ; -0.699219
4.66616 ; 5.43556 ; -0.259272 ; 0.399235
4.60267 ; 6.31638 ; -0.745983 ; 0.988712
3.91758 ; 6.27561 ; -1.14067 ; -0.110159
4.88589 ; 4.92425 ; 0.123929 ; -1.1589
3.81738 ; 4.45878 ; -0.756286 ; -1.28748
5.01721 ; 6.00881 ; 0.34651 ; 0.796798
4.57046 ; 4.74402 ; -0.493149 ; -0.152164
7.30093 ; 6.80603 ; 1.01494 ; 1.04123
7.49598 ; 4.14897 ; 0.931012 ; -0.985906
6.74911 ; 7.04869 ; 0.362525 ; 0.770956
6.09764 ; 7.51545 ; 1.13774 ; 0.584355
5.13226 ; 4.50065 ; -0.727426 ; -0.470314
7.0221 ; 7.02857 ; 0.58213 ; 1.57561
3.8788 ; 6.74627 ; -1.19832 ; 0.0440333
6.64907 ; 3.74367 ; 1.42415 ; -1.18592
4.27437 ; 6.4186 ; -1.52063 ; -0.050546
4.5072 ; 4.63398 ; -0.650161 ; -0.44284
7.33075 ; 6.52751 ; 1.38027 ; 0.647571
6.19731 ; 4.49895 ; 0.759578 ; -1.22604
6.96578 ; 5.63433 ; 1.46551 ; 0.591479
5.29683 ; 5.3927 ; -0.753283 ; -0.675859
5.39722 ; 7.43164 ; -0.620737 ; 0.25885
3.83543 ; 3.82767 ; -0.453363 ; -1.19916
3.93554 ; 5.55986 ; -0.402123 ; -0.479518
6.48127 ; 6.86552 ; 0.980662 ; 1.52448
3.3907 ; 5.25948 ; -1.00836 ; -0.40232
4.15772 ; 5.4051 ; -1.21679 ; -0.846996
3.98403 ; 4.26007 ; -0.664765 ; -1.5342
7.04157 ; 3.91884 ; 1.13557 ; -1.59302
4.4488 ; 6.99197 ; 0.0868407 ; 0.300882
4.24021 ; 4.50405 ; -0.91883 ; -0.911225
3.74539 ; 5.70918 ; -0.465435 ; -0.163873
5.17293 ; 5.39074 ; -0.258577 ; 0.456923
5.28971 ; 6.60042 ; -0.707584 ; 1.25049
5.17924 ; 3.48814 ; -0.154762 ; -0.576592
5.85654 ; 3.75012 ; -0.35304 ; -0.578085
6.77014 ; 4.08762 ; 1.46085 ; -1.73827
5.37544 ; 5.34793 ; -0.600059 ; -0.400174
7.24598 ; 6.49689 ; 1.46496 ; 0.524249
7.21508 ; 6.26924 ; 0.876002 ; 1.32105
7.08868 ; 3.79295 ; 0.470958 ; -0.381481
4.44622 ; 3.7454 ; -0.413902 ; -0.640866
6.98262 ; 5.29994 ; 0.919642 ; 0.0240464
3.36834 ; 5.40027 ; -0.734228 ; -0.0859653
5.75554 ; 4.59972 ; 0.628929 ; -1.00073
5.98217 ; 4.50236 ; -0.302358 ; -0.881532
5.90881 ; 6.80042 ; 0.20655 ; 0.959984
7.60022 ; 4.6473 ; 0.51198 ; -0.634712
4.48841 ; 4.01437 ; -0.647542 ; -1.36495
4.82149 ; 7.5877 ; -0.770117 ; 0.309702
4.1325 ; 4.55062 ; -0.644798 ; -0.849448
7.07497 ; 5.72071 ; 1.24278 ; -0.605918
7.72589 ; 5.67299 ; 0.755739 ; -0.535141
4.93894 ; 4.88056 ; 0.0207153 ; -1.18285
4.4374 ; 4.87312 ; -0.335069 ; -1.24298
6.13079 ; 5.18666 ; 0.388015 ; -0.819025
7.2496 ; 4.26919 ; 0.453911 ; -0.852592
4.28235 ; 6.40305 ; -0.848186 ; 1.39226
6.20659 ; 7.30003 ; 0.792627 ; 1.32873
3.9333 ; 6.02901 ; -1.15287 ; -0.262246
6.65222 ; 3.88958 ; 0.0865241 ; -0.645651
7.68451 ; 5.32715 ; 0.936264 ; -0.685573
4.3281 ; 5.82658 ; -1.15928 ; 0.927694
3.73972 ; 4.86611 ; -1.00547 ; -0.98311
5.13267 ; 5.88112 ; 0.0351583 ; 0.585091
7.2373 ; 6.65998 ; 1.06999 ; 0.778241
4.51838 ; 6.40329 ; -0.999684 ; 1.385
5.31998 ; 6.0194 ; 0.154875 ; -0.335796
6.12399 ; 4.57302 ; -0.321118 ; -0.015805
4.30004 ; 4.19007 ; -0.349782 ; -0.738103
6.75418 ; 6.20237 ; 0.779108 ; -0.0199313
6.98667 ; 7.07655 ; 0.504747 ; 0.892923
6.77669 ; 4.61116 ; 1.57762 ; -1.04396
5.9515 ; 4.84228 ; 0.582017 ; 0.0918992
5.57253 ; 5.68808 ; 0.598147 ; 0.0700096
4.48546 ; 4.17471 ; -0.267057 ; -0.92474
6.66276 ; 7.62677 ; 1.15707 ; 0.282954
5.56734 ; 3.61808 ; 0.0336289 ; -1.36514
6.85389 ; 7.54944 ; 1.3521 ; 0.993665
5.13264 ; 7.02659 ; 0.533008 ; 0.237014
4.74103 ; 6.01392 ; -1.27921 ; 0.3597
4.43568 ; 3.96536 ; -1.484 ; -0.378138
7.33241 ; 4.04728 ; 0.659638 ; -0.614853
6.96578 ; 3.78242 ; 1.07444 ; -1.07213
3.79048 ; 4.94009 ; -0.867482 ; 0.134062
7.31852 ; 5.1834 ; 1.48107 ; -0.0148407
7.1049 ; 5.61443 ; 1.55403 ; 0.0519018
5.31246 ; 7.5532 ; -0.327197 ; 0.471748
5.11901 ; 5.74785 ; -0.0888748 ; 0.26734
5.67052 ; 6.88237 ; 0.199577 ; 0.246293
6.02226 ; 3.82071 ; -0.490849 ; -0.70394
6.91765 ; 7.01272 ; 1.51946 ; 0.131159
7.14461 ; 3.4903 ; 0.818542 ; -0.0670469
6.99929 ; 7.60335 ; 1.15282 ; 0.187615
6.65836 ; 5.36093 ; 0.747391 ; 0.367228
6.88299 ; 5.7296 ; 1.60719 ; 0.466686
7.65665 ; 5.08709 ; 0.464881 ; -0.501452
5.81094 ; 7.08166 ; 0.75094 ; 1.30342
6.54809 ; 3.35326 ; -0.041384 ; 0.0104169
5.20449 ; 3.91034 ; 0.463278 ; -1.63008
6.38902 ; 6.91817 ; 0.249232 ; 0.310667
7.0297 ; 7.42694 ; 1.03959 ; 0.668931
3.78553 ; 7.01724 ; -0.950353 ; 0.386804
4.73226 ; 4.53884 ; -0.051987 ; -1.15689
4.95569 ; 7.57893 ; -0.980233 ; 0.20431
7.28257 ; 6.03931 ; 0.73757 ; 0.261968
4.00198 ; 4.40025 ; -0.925564 ; -1.24396
7.15423 ; 6.02838 ; 0.51122 ; 0.653423
6.07147 ; 7.12182 ; -0.311086 ; 1.10944
6.10974 ; 7.69188 ; 1.0841 ; 0.260246
5.53787 ; 4.42455 ; 0.0869701 ; -1.35911
7.5392 ; 5.51152 ; 0.905925 ; -0.57593
7.44643 ; 4.71775 ; 1.23589 ; -1.12327
6.14487 ; 5.87895 ; 0.425242 ; 0.368634
7.51364 ; 5.31981 ; 0.798969 ; -0.125692
6.88783 ; 7.18382 ; 0.0771092 ; 0.99983
3.8988 ; 6.75426 ; -0.64061 ; -0.0338446
3.82843 ; 5.78094 ; -0.749218 ; 0.294084
4.77274 ; 3.58937 ; -1.19439 ; -1.47379
5.17664 ; 3.57027 ; -1.02236 ; -1.49673
3.53209 ; 6.45748 ; -0.264937 ; 0.517818
4.6805 ; 6.76145 ; -0.519566 ; 0.699205
4.17424 ; 5.77076 ; -0.522785 ; 0.057483
4.37633 ; 3.51989 ; -0.610393 ; -0.711467
5.57825 ; 5.16073 ; -0.0877821 ; 0.361782
7.68212 ; 7.01783 ; 0.0880088 ; 0.343618
3.95656 ; 4.30053 ; -1.63792 ; -0.898495
5.54005 ; 5.17258 ; -0.298415 ; -0.334709
7.29906 ; 6.50408 ; 0.271369 ; 0.154922
3.28068 ; 6.5896 ; -0.134732 ; 0.887051
3.97226 ; 4.62336 ; -1.64336 ; -0.538581
4.22349 ; 5.32909 ; -0.201432 ; -0.716685
5.09906 ; 5.6891 ; -0.138359 ; 0.416546
4.68119 ; 7.54026 ; -0.432429 ; 0.419059
6.38341 ; 3.96475 ; 0.417862 ; -0.557173
4.62326 ; 5.50336 ; 0.00360443 ; 0.143648
3.89877 ; 3.47902 ; -0.487742 ; -0.674335
3.79149 ; 5.7636 ; -1.44379 ; -0.566495
3.77158 ; 5.09379 ; -1.13619 ; 0.221636
7.25447 ; 4.33765 ; 0.784109 ; 0.116171
6.50725 ; 4.76275 ; 1.2919 ; -0.60978
7.09887 ; 5.0444 ; 0.819614 ; -1.00904
4.71703 ; 5.91439 ; -0.792529 ; 0.243145
3.94606 ; 4.43224 ; -1.07858 ; -1.26997
6.32383 ; 5.6231 ; 1.44389 ; 0.449608
4.4695 ; 4.77398 ; -1.23551 ; -0.00852211
4.76785 ; 5.01282 ; -1.31823 ; -0.145365
5.37054 ; 5.80255 ; 0.384885 ; 0.618516
7.49589 ; 5.74724 ; 0.699524 ; 0.359879
5.09609 ; 7.12932 ; 0.0404634 ; 0.995375
3.42863 ; 5.86538 ; -0.735749 ; 0.530491
5.39872 ; 4.5492 ; 0.0916754 ; -0.442475
6.3351 ; 6.95907 ; 0.856545 ; 0.960601
5.28697 ; 3.85584 ; -0.0586119 ; -1.03458
7.32025 ; 7.33696 ; 0.932844 ; 1.04667
4.98507 ; 3.98173 ; -0.439026 ; -1.16808
5.64325 ; 6.10621 ; 0.398316 ; 0.0181696
5.80234 ; 5.66818 ; -0.0517127 ; -0.336795
7.02775 ; 6.21431 ; 1.48283 ; 0.115714
3.32028 ; 6.60743 ; -0.327739 ; 0.898473
4.5881 ; 4.8398 ; -0.813203 ; -0.0191845
4.05043 ; 5.89396 ; -1.49368 ; -0.0452482
4.43962 ; 3.95874 ; -1.1838 ; -1.67826
5.89635 ; 7.61844 ; 0.226234 ; 0.758425
3.85013 ; 5.57227 ; -1.32561 ; 0.300162
6.07365 ; 5.9074 ; 0.767676 ; -0.354599
6.44061 ; 4.87484 ; 0.763221 ; -0.119826
5.90052 ; 4.79658 ; 0.0518272 ; -0.25081
6.73386 ; 3.65046 ; -0.14458 ; -0.564013
4.24647 ; 5.79367 ; -0.774202 ; -0.00885595
3.98328 ; 6.63327 ; -1.58548 ; 0.953742
7.55962 ; 4.21071 ; 1.01631 ; -1.2724
6.74743 ; 5.83616 ; 1.58283 ; 0.0807106
5.69294 ; 5.02798 ; 0.350072 ; 0.182965
6.40121 ; 4.82508 ; 0.552257 ; -0.787748
4.16178 ; 5.41298 ; -0.943466 ; 0.159089
3.88949 ; 5.25663 ; -1.01687 ; -0.277706
6.52449 ; 5.93734 ; 0.240977 ; -0.230066
6.63193 ; 3.96537 ; 1.11363 ; -1.2381
6.81304 ; 5.72463 ; 0.429255 ; 0.918962
5.03973 ; 5.76326 ; 0.175308 ; 0.877827
6.51288 ; 3.30693 ; 0.233047 ; -0.60817
6.59034 ; 3.70815 ; -0.0752375 ; -0.442074
4.55387 ; 7.03193 ; 0.249482 ; 0.505718
3.51368 ; 6.27928 ; -0.811473 ; -0.0457301
7.46581 ; 5.60966 ; 0.760347 ; -0.543288
5.54843 ; 6.15309 ; -0.536262 ; 0.11205
5.85721 ; 3.58168 ; 0.897171 ; -0.732311
5.7808 ; 6.92069 ; 0.798889 ; 1.66781
6.6629 ; 6.27948 ; 1.2818 ; -0.0830287
5.76914 ; 3.68101 ; 0.0162312 ; -1.12884
3.45705 ; 7.24294 ; -0.253012 ; 0.21766
4.68682 ; 3.55814 ; -1.08668 ; -1.25533
6.55439 ; 6.05708 ; 1.25787 ; 0.949928
6.85585 ; 4.80039 ; 1.23413 ; -1.20961
6.86644 ; 6.58401 ; 0.898654 ; 0.807975
7.54671 ; 5.29562 ; 1.25826 ; 0.380312
5.63177 ; 3.95326 ; 0.470767 ; -0.531304
6.2625 ; 6.97733 ; 0.198972 ; 0.393194
3.35095 ; 5.16601 ; -0.643917 ; -1.01915
3.38078 ; 5.22226 ; -0.643731 ; -0.692048
6.64219 ; 3.51383 ; -0.0879392 ; -0.949494
4.46023 ; 7.11294 ; -0.0930233 ; 0.60508
6.23539 ; 6.7907 ; 0.94464 ; 1.26359
5.68849 ; 3.4109 ; 0.822985 ; -1.03285
6.25126 ; 3.31566 ; 1.06518 ; -0.218429
6.41542 ; 7.19731 ; 0.001599 ; 1.28405
6.23629 ; 5.88613 ; -0.0583426 ; 0.464506
7.12659 ; 6.5735 ; 1.34042 ; 1.22773
5.45638 ; 7.05806 ; -0.032971 ; 0.883574
4.43911 ; 4.14222 ; -0.875292 ; -1.61961
4.48945 ; 5.33287 ; -1.53247 ; -0.738707
6.8057 ; 6.77321 ; 1.55528 ; 0.84392
5.86622 ; 5.2307 ; -0.2547 ; -0.985936
4.16768 ; 3.88391 ; 0.0766193 ; -0.170691
4.14555 ; 5.31965 ; -0.607474 ; -0.480936
4.92856 ; 7.63705 ; -0.0328024 ; 0.113077
7.3117 ; 4.27612 ; 0.285439 ; -0.833617
6.75134 ; 6.74653 ; 1.34366 ; 0.342373
3.57319 ; 6.71266 ; -0.641553 ; 0.463923
6.24443 ; 5.26118 ; 0.501674 ; -0.830785
6.55353 ; 4.27493 ; 0.873691 ; -0.360118
6.34778 ; 3.9249 ; 0.610887 ; -1.25143
4.03928 ; 5.02959 ; -0.795511 ; -1.10914
4.55719 ; 6.58848 ; -1.3488 ; 0.495196
4.57324 ; 3.65624 ; -0.739132 ; -1.44613
5.84507 ; 4.88431 ; 0.168021 ; -1.03276
4.58079 ; 7.48693 ; 0.288915 ; -0.0651003
5.95563 ; 4.38033 ; 0.558594 ; -0.934244
6.62464 ; 7.34669 ; -0.154319 ; 0.0468017
7.64757 ; 7.03424 ; -0.213907 ; 0.14771
3.60671 ; 4.6548 ; -1.11099 ; 0.0503647
6.46282 ; 7.07468 ; 0.461723 ; 0.457208
5.35572 ; 7.1678 ; 0.366204 ; 0.299765
6.39252 ; 4.68213 ; 0.628993 ; -1.16725
5.75877 ; 3.68006 ; 0.811592 ; -1.09369
6.90675 ; 4.12704 ; 1.37051 ; -1.4778
3.67284 ; 4.54345 ; -1.19912 ; -0.860498
5.07548 ; 6.44713 ; -0.0349753 ; 0.407241
5.92811 ; 4.61685 ; -0.289974 ; -0.432664
7.05662 ; 5.69532 ; 1.6769 ; 0.461123
6.20486 ; 7.59279 ; 0.260713 ; 0.970566
4.08817 ; 3.89245 ; -0.241995 ; -0.876361
4.28079 ; 6.20044 ; -1.02338 ; 0.847343
7.50303 ; 7.1343 ; 0.314799 ; 0.909813
7.32267 ; 5.71087 ; 0.496142 ; 0.763583
5.56577 ; 3.7267 ; -0.115393 ; -1.24168
4.93228 ; 5.58427 ; -0.416662 ; -0.211118
6.17887 ; 6.98296 ; 0.135415 ; 1.60308
6.45566 ; 3.59216 ; 0.423999 ; -0.912424
5.45041 ; 4.42097 ; 0.50506 ; -1.44809
7.24139 ; 6.54127 ; 0.341005 ; 0.515205
5.8207 ; 3.57332 ; 0.0393346 ; -0.95649
7.11037 ; 5.71458 ; 1.13508 ; 0.18259
4.64751 ; 4.19457 ; -0.382231 ; -1.67689
4.09412 ; 7.3854 ; -0.0194677 ; 0.534127
3.76878 ; 6.60678 ; -0.360515 ; 0.348795
3.73324 ; 3.56843 ; -0.424113 ; -0.235024
4.35886 ; 4.22903 ; -0.321062 ; -0.551698
7.04847 ; 5.02412 ; 1.4763 ; -0.847083
5.97415 ; 6.08676 ; -0.20531 ; 0.398855
5.90355 ; 5.21375 ; 0.0826214 ; -0.549767
4.5156 ; 6.36007 ; -0.0454335 ; 0.844321
3.87517 ; 4.53489 ; -0.816115 ; -0.823244
3.43121 ; 6.04321 ; -0.467286 ; -0.237321
6.61241 ; 3.84901 ; -0.126996 ; -0.0519128
5.4431 ; 3.87875 ; -0.120069 ; -1.14912
4.73158 ; 4.51869 ; 0.0574002 ; -0.329862
5.44334 ; 4.1355 ; 0.262026 ; -0.310479
4.52278 ; 5.12163 ; -1.16456 ; -0.957417
4.82984 ; 3.81886 ; -0.945501 ; -1.27368
5.88895 ; 6.04277 ; 0.332407 ; 0.979839
6.07936 ; 4.59877 ; -0.0032689 ; -1.12417
4.94287 ; 3.49123 ; -0.700489 ; -0.700926
5.45502 ; 7.32707 ; 0.451021 ; 0.579544
6.41862 ; 7.01993 ; 1.46243 ; 0.471301
4.17938 ; 6.215 ; -1.65299 ; 0.578857
7.18519 ; 4.13168 ; 0.0593303 ; 0.0903653
5.45045 ; 5.04269 ; 0.560273 ; -0.556147
5.73106 ; 4.18013 ; 0.774511 ; -1.39902
4.01431 ; 4.13578 ; -1.52273 ; -1.26322
6.72374 ; 7.29298 ; 0.108626 ; 0.273457
4.99521 ; 5.98501 ; 0.258968 ; -0.249576
4.80454 ; 6.35166 ; -1.14841 ; 0.331794
4.1015 ; 7.06187 ; -1.63269 ; 1.37295
5.95375 ; 6.55121 ; 0.019053 ; 0.418607
5.21374 ; 3.3141 ; -0.564078 ; -0.574607
7.00576 ; 4.91027 ; 1.52315 ; -0.80486
6.26317 ; 6.41494 ; 0.719231 ; 1.38361
7.61038 ; 4.9754 ; 0.413972 ; 0.574963
6.22059 ; 4.5168 ; 0.666617 ; -0.704434
7.55455 ; 4.59527 ; 0.26039 ; -0.910491
7.4163 ; 6.27854 ; 0.735282 ; -0.373769
6.39816 ; 6.60448 ; 0.994714 ; 1.36883
6.57222 ; 4.76372 ; 0.580156 ; -1.10952
5.19299 ; 7.50153 ; 0.0891516 ; 0.815379
7.16418 ; 6.01595 ; 1.28972 ; 0.929253
7.04949 ; 5.20461 ; 0.825027 ; -0.407407
4.28861 ; 3.67258 ; -0.233241 ; -0.679213
4.00304 ; 5.0108 ; -0.552926 ; -0.593021
5.45971 ; 4.30298 ; 0.60294 ; -0.817158
6.99354 ; 6.17948 ; 1.16749 ; -0.0861204
3.50418 ; 5.52517 ; -0.995806 ; -0.871177
5.39325 ; 6.24127 ; -0.55484 ; 0.544203
6.02523 ; 3.9835 ; 0.0166508 ; -1.00559
5.61887 ; 6.0163 ; 0.054945 ; 0.111127
6.97107 ; 5.84844 ; 1.49527 ; 0.204883
4.06164 ; 6.98287 ; -1.30347 ; 0.597074
4.418 ; 4.82799 ; -0.326456 ; -0.0234252
5.3272 ; 7.53988 ; -0.155034 ; 1.08081
6.43144 ; 7.76336 ; 0.872375 ; 0.00912637
4.98073 ; 5.57509 ; -0.4667 ; 0.753588
5.05319 ; 7.32572 ; -1.01994 ; 0.705861
6.9101 ; 4.4507 ; 1.38513 ; -1.18416
4.58001 ; 7.1638 ; 0.173929 ; 0.87653
7.00079 ; 4.38477 ; 1.45329 ; -0.769279
5.38933 ; 5.03121 ; -0.858222 ; 0.0755545
6.48463 ; 3.68909 ; -0.0191454 ; -1.37459
5.1808 ; 5.63695 ; 0.323827 ; 0.798882
6.41278 ; 5.69597 ; 1.32815 ; -0.485111
4.15081 ; 7.60732 ; -0.956223 ; 0.200253
7.43703 ; 3.75131 ; 0.557981 ; -0.387837
3.80958 ; 6.56334 ; -0.396627 ; -0.205223
5.65338 ; 6.45078 ; -0.0502851 ; 0.900318
6.53137 ; 5.093 ; 1.29552 ; -0.800641
3.72827 ; 6.34983 ; -0.330507 ; 1.32485
3.85296 ; 4.84695 ; -0.376173 ; -0.181517
6.90807 ; 3.78542 ; 0.38214 ; -1.12067
6.07578 ; 6.67838 ; 0.869119 ; 0.648777
6.17641 ; 4.83606 ; 1.13661 ; -0.268635
6.95166 ; 3.61354 ; 0.501877 ; -0.9105
7.13711 ; 3.81903 ; 0.399679 ; -0.0429211
6.74095 ; 3.30501 ; 1.29724 ; -0.533433
6.43576 ; 7.35025 ; 0.542839 ; 0.436131
5.44188 ; 7.20079 ; 0.19961 ; 0.99892
3.80035 ; 5.11247 ; -1.33128 ; -0.302956
7.01139 ; 6.7574 ; 0.451901 ; 1.56107
4.61293 ; 5.55341 ; -1.19963 ; 0.0212038
5.33175 ; 7.6316 ; -0.65536 ; 0.306286
7.49186 ; 6.22392 ; 0.657356 ; 1.21078
7.48844 ; 7.20994 ; 0.859095 ; 1.06832
3.83514 ; 6.66899 ; -0.472267 ; 0.864799
4.17355 ; 6.71152 ; -1.57868 ; 1.10686
4.3327 ; 6.21047 ; -0.411808 ; 0.161785
3.55029 ; 4.16306 ; -0.909291 ; -1.537
7.6601 ; 5.40802 ; 1.04895 ; -0.623631
6.61426 ; 4.77915 ; 1.60456 ; -1.10628
4.76509 ; 7.56514 ; -1.23418 ; 0.425251
3.32746 ; 4.31531 ; -0.0722325 ; -1.13111
6.6085 ; 3.93173 ; 1.33342 ; -0.916963
4.17831 ; 4.70471 ; -0.538796 ; -0.961198
4.58836 ; 7.03216 ; 0.0940764 ; 0.108663
7.29884 ; 5.69784 ; 0.789917 ; 0.901886
3.91154 ; 5.34689 ; -0.478014 ; 0.511804
5.0608 ; 6.6407 ; 0.224763 ; 0.699178
5.09815 ; 5.3986 ; -0.716596 ; -0.29041
4.70219 ; 5.87261 ; -0.0683292 ; -0.00183282
4.2822 ; 6.84013 ; -0.519042 ; 0.204741
4.29977 ; 5.17721 ; -0.303322 ; -0.0682231
5.61915 ; 6.68914 ; 0.526087 ; 1.54866
7.45237 ; 3.83626 ; 0.728348 ; -1.15986
7.16116 ; 6.92697 ; 1.07609 ; 1.42101
4.93487 ; 5.96129 ; -0.257359 ; -0.247734
5.64509 ; 7.44099 ; -0.716759 ; 0.197589
5.60973 ; 7.25627 ; 0.864895 ; 1.41836
6.16428 ; 3.87007 ; 1.27297 ; -0.616356
3.50408 ; 5.81526 ; -0.971594 ; 0.362499
5.05694 ; 6.96398 ; -0.916393 ; 1.22981
3.85385 ; 6.12052 ; -0.415305 ; 0.397191
5.70835 ; 4.96205 ; 0.92373 ; -0.666898
4.35402 ; 4.6017 ; -1.01009 ; -1.39678
4.09451 ; 5.86092 ; -0.924501 ; -0.293749
4.32211 ; 5.05812 ; -0.771923 ; -0.604523
5.02852 ; 3.66059 ; -0.740969 ; -0.510851
6.73753 ; 3.34213 ; 0.248962 ; 0.0446908
5.28024 ; 7.15785 ; 0.0492421 ; 1.2787
5.23405 ; 5.23045 ; -0.871882 ; 0.0578346
6.92798 ; 7.4504 ; 1.08305 ; 0.877208
5.25524 ; 3.82323 ; 0.458924 ; -1.67166
7.58282 ; 4.48539 ; 0.627675 ; -0.784584
5.48383 ; 5.7722 ; 0.342212 ; 0.28988
4.6559 ; 3.74537 ; -1.26634 ; -1.35296
7.47794 ; 5.62721 ; 0.647388 ; -0.405194
6.40034 ; 6.993 ; 0.0438934 ; 1.73347
5.70124 ; 6.8187 ; -0.646545 ; 0.301145
6.11153 ; 4.96874 ; 0.885059 ; -0.990776
6.6699 ; 4.59416 ; 0.854484 ; -1.06746
6.32075 ; 7.00347 ; 0.130352 ; 0.199845
4.7303 ; 7.3625 ; 0.279599 ; 0.134545
5.62625 ; 3.95007 ; 0.173345 ; -1.34849
4.52168 ; 3.84846 ; -0.611063 ; -1.35611
6.97418 ; 4.00983 ; 0.819146 ; -0.394004
3.62425 ; 3.65414 ; -0.618991 ; -0.22239
6.54148 ; 4.36929 ; 1.19306 ; -1.49749
6.19967 ; 7.48989 ; 0.591834 ; 0.371974
5.05746 ; 6.66015 ; 0.318762 ; 1.41019
5.6852 ; 6.94597 ; 0.563164 ; 0.668092
5.4161 ; 4.01463 ; -0.174993 ; -0.827294
6.94746 ; 4.99745 ; 0.713682 ; -0.025382
3.65 ; 6.42302 ; -0.765402 ; 0.966018
6.69473 ; 5.19417 ; 1.37134 ; 0.27163
6.84946 ; 5.73603 ; 1.50538 ; -0.504086
4.56211 ; 7.43266 ; -0.746799 ; 1.01065
5.95409 ; 5.78035 ; 0.421564 ; 0.0106083
4.6516 ; 6.15046 ; -1.3951 ; 0.841976
7.16134 ; 5.06346 ; 0.50752 ; -1.02096
6.49276 ; 3.95023 ; 0.776786 ; -1.31913
6.15914 ; 4.09237 ; 0.278987 ; -0.882195
3.74371 ; 5.45251 ; -1.26807 ; -0.339193
6.37282 ; 5.15741 ; 1.45011 ; 0.409075
5.34368 ; 6.8296 ; -0.0233561 ; 0.84295
7.15277 ; 4.22698 ; 0.569283 ; -0.521684
6.47558 ; 4.45318 ; 0.776679 ; -1.57417
5.66925 ; 7.00086 ; 0.519157 ; 1.39964
3.48403 ; 6.51343 ; -0.468086 ; 0.699705
5.35189 ; 7.00825 ; 0.379651 ; 1.41259
4.12321 ; 6.24611 ; -1.14788 ; 0.140191
7.20295 ; 5.93779 ; 0.737328 ; 0.209466
4.29211 ; 6.67767 ; -1.10147 ; 0.697356
6.82715 ; 4.55785 ; 1.56723 ; -0.541636
5.41838 ; 3.82686 ; -0.353359 ; -1.09232
7.0772 ; 3.96821 ; 1.21298 ; -0.756876
4.4208 ; 5.10499 ; -0.781634 ; 0.242714
6.01162 ; 5.28926 ; 0.992862 ; -0.788803
5.92432 ; 5.03317 ; 0.0495462 ; -0.745103
4.4694 ; 4.11306 ; -0.734354 ; -1.75867
7.67975 ; 4.63009 ; 0.276423 ; -0.751103
3.7563 ; 4.659 ; -1.31547 ; -0.2225
5.93541 ; 5.56445 ; -0.230174 ; -0.18757
5.59479 ; 6.54673 ; -0.0208885 ; 0.333446
3.55869 ; 6.6999 ; -0.795826 ; 1.43867
6.07225 ; 3.27934 ; 0.280672 ; -0.74365
7.06373 ; 6.65659 ; 0.627209 ; 0.451721
5.38369 ; 6.49232 ; 0.53012 ; 0.435246
6.47324 ; 6.00923 ; 1.2308 ; 0.529129
6.64715 ; 3.9634 ; 1.25767 ; -1.05016
5.38746 ; 6.23616 ; 0.365903 ; 0.320896
4.40237 ; 4.42471 ; -0.441415 ; -0.222655
5.06767 ; 4.30402 ; -0.497667 ; -0.868575
7.00088 ; 6.58526 ; 0.580522 ; 1.03215
5.77468 ; 7.64392 ; -0.320819 ; 0.0868038
6.30677 ; 3.35119 ; 0.555837 ; -0.675634
5.71754 ; 5.21043 ; -0.39774 ; -0.736105
4.97002 ; 4.32361 ; -0.492764 ; -0.727093
3.71389 ; 5.05399 ; -0.965022 ; 0.402375
6.94944 ; 6.34144 ; 1.52356 ; 0.964503
7.41378 ; 3.9534 ; 0.565563 ; -0.566222
3.77474 ; 4.53309 ; -1.4544 ; -0.506325
4.34692 ; 3.50637 ; -0.982473 ; -0.764291
5.18732 ; 4.67948 ; -0.0575573 ; -1.19642
4.19879 ; 6.61228 ; -0.54616 ; 0.93433
5.25808 ; 4.02902 ; -0.83334 ; -1.82075
3.81886 ; 6.92512 ; -1.12127 ; 0.340395
4.48805 ; 7.63271 ; -0.75596 ; 0.592846
6.64229 ; 5.43008 ; 0.498316 ; -0.278221
4.178 ; 4.73182 ; -0.908775 ; -0.260418
7.52784 ; 4.7318 ; 1.00798 ; 0.321303
6.81796 ; 3.47487 ; 0.789869 ; -1.02348
4.05892 ; 6.87017 ; -0.953746 ; 0.716311
7.46145 ; 4.62381 ; 0.899463 ; -1.09465
7.34427 ; 4.0864 ; 1.00606 ; -0.666222
7.1599 ; 4.78746 ; 0.569079 ; -0.243595
6.70439 ; 6.06545 ; 1.69978 ; 0.0587931
7.52364 ; 4.27145 ; 0.476048 ; -0.886693
5.80962 ; 6.72136 ; 0.788889 ; 1.12304
5.56214 ; 4.92388 ; -0.389774 ; -0.819868
5.54858 ; 5.88824 ; -0.479935 ; -0.000571758
7.1573 ; 6.76567 ; 1.16834 ; 0.740842
3.83542 ; 7.11585 ; -1.33494 ; 1.1729
6.30305 ; 6.41877 ; -0.114238 ; 0.21219
4.88087 ; 7.02436 ; 0.0412991 ; 0.476587
4.03182 ; 4.86556 ; -0.54416 ; -0.499201
6.54775 ; 7.51359 ; 0.636711 ; 0.575395
5.17954 ; 6.01086 ; -0.853108 ; 0.288399
5.29787 ; 5.14078 ; -0.40121 ; -1.00112
6.01346 ; 5.51101 ; -0.0810418 ; -0.0249447
6.43659 ; 6.61336 ; 0.833247 ; 0.902122
5.0919 ; 4.40383 ; -0.660631 ; -1.57443
6.93382 ; 4.04773 ; 0.320032 ; -0.600009
5.70911 ; 6.40097 ; -0.172637 ; 0.743824
6.62796 ; 7.04659 ; 0.672321 ; 0.791499
5.25192 ; 7.19789 ; -0.815133 ; 1.19954
5.89545 ; 6.80623 ; 0.401027 ; 1.52862
7.17916 ; 4.63614 ; 0.844687 ; -0.313758
5.80763 ; 4.70466 ; -0.269231 ; -0.868615
7.38302 ; 5.29828 ; 0.614058 ; 0.747545
7.05531 ; 3.48179 ; 0.123673 ; 0.204372
3.72532 ; 6.42358 ; -1.45242 ; 0.69589
6.59584 ; 5.55554 ; 0.875827 ; -0.0381735
6.41268 ; 7.62496 ; 0.661161 ; 0.241898
4.43675 ; 7.13412 ; -1.35112 ; 1.22539
6.57102 ; 7.01322 ; 1.29025 ; 1.06371
4.92626 ; 6.92811 ; -0.354949 ; 1.08852
7.13767 ; 4.70093 ; 1.68115 ; 0.0693261
6.20818 ; 4.40857 ; 0.64243 ; -0.420831
6.23728 ; 6.30737 ; -0.132988 ; 0.14525
3.63893 ; 4.79166 ; -1.19978 ; -0.863302
4.40363 ; 3.97725 ; -0.487372 ; -1.24318
5.39102 ; 7.65494 ; 0.102864 ; 0.392635
7.2222 ; 6.23283 ; 0.967411 ; 0.897286
6.20431 ; 3.61207 ; 0.897162 ; -1.42255
5.32829 ; 6.04204 ; 0.427281 ; 1.16411
4.5533 ; 4.02803 ; -0.782464 ; -1.33749
5.5103 ; 6.99793 ; -0.40881 ; 0.70551
3.84708 ; 5.14431 ; -0.744886 ; -0.894808
6.87655 ; 4.03578 ; 0.334089 ; -0.860575
3.55369 ; 4.5342 ; -0.727547 ; -1.18802
5.37829 ; 4.19199 ; -0.119309 ; -1.43189
4.98982 ; 7.10465 ; -1.04464 ; 0.226469
4.6537 ; 6.87126 ; -0.0305869 ; 1.30637
7.01199 ; 7.31402 ; 0.706323 ; 0.559358
7.18341 ; 7.03717 ; 1.13865 ; -0.0303448
3.57976 ; 4.15255 ; -0.789981 ; -0.12152
3.36642 ; 4.84475 ; -0.289444 ; -1.11266
4.65286 ; 3.39146 ; -0.32972 ; -0.240934
4.37158 ; 7.34938 ; 0.382076 ; -0.141118
6.69462 ; 7.00614 ; 1.54229 ; 0.544282
4.03775 ; 6.50165 ; -1.53138 ; 0.0905726
6.59079 ; 4.06417 ; 0.670211 ; -1.11233
6.55456 ; 6.80922 ; 1.5038 ; 1.60065
4.18912 ; 4.02933 ; -0.478346 ; -1.34005
5.58267 ; 4.45781 ; 0.769894 ; -0.384575
6.80252 ; 4.99252 ; 1.31084 ; -0.246454
5.96103 ; 4.74522 ; 0.915379 ; -1.31945
5.34965 ; 5.21283 ; -0.482265 ; -0.088958
3.4319 ; 3.76333 ; 0.365736 ; -0.272664
4.95003 ; 4.66281 ; -1.20949 ; -0.371135
6.58667 ; 5.26481 ; 0.19869 ; -0.769461
6.61891 ; 3.83265 ; 1.43461 ; -0.921376
6.48251 ; 6.04275 ; 0.594142 ; -0.0850424
3.50028 ; 5.22194 ; -1.14295 ; 0.168752
5.69788 ; 3.30105 ; -0.117088 ; -0.473783
3.84342 ; 4.1727 ; -1.13793 ; -0.243108
7.29956 ; 4.47291 ; 0.673749 ; -0.0864358
4.27766 ; 6.20428 ; -0.12791 ; 1.27478
4.69002 ; 3.54734 ; -0.986268 ; -0.639726
6.37229 ; 6.17508 ; 1.02413 ; 0.464901
4.44197 ; 5.55057 ; -0.658942 ; 0.300682
6.7255 ; 5.50339 ; 1.53123 ; 0.70122
3.96176 ; 4.62454 ; -0.883165 ; -0.735678
4.036 ; 6.06291 ; -1.17976 ; -0.221049
4.72814 ; 6.68295 ; -0.306466 ; 1.05952
5.93534 ; 6.71449 ; -0.153685 ; 1.31538
3.98991 ; 6.87905 ; -1.38256 ; 0.788329
4.67985 ; 4.53055 ; -0.347096 ; -0.510909
3.27108 ; 4.47546 ; -0.0241681 ; -0.462353
6.22589 ; 7.332 ; 0.797898 ; 1.44352
4.49985 ; 3.58938 ; 0.111094 ; -0.381321
6.06672 ; 5.50962 ; 0.433745 ; -0.406136
4.32658 ; 4.80458 ; -0.753625 ; -0.141155
4.63581 ; 5.00484 ; -0.140482 ; -0.234407
5.61102 ; 4.31844 ; 0.856878 ; -0.666048
6.1483 ; 3.42917 ; 1.00441 ; -1.09911
3.44031 ; 4.34992 ; -0.360306 ; -0.401467
3.54691 ; 5.21644 ; -0.755624 ; -0.744552
3.89399 ; 6.0288 ; -0.536789 ; -0.148891
4.05621 ; 6.66181 ; -0.475097 ; 0.797623
5.5037 ; 5.69578 ; 0.241612 ; 0.324766
4.53117 ; 5.23987 ; -0.990206 ; -0.870587
4.45539 ; 3.77183 ; -0.84765 ; -1.16844
4.84529 ; 5.62672 ; -0.82954 ; -0.0224426
5.98263 ; 4.41551 ; -0.233958 ; -0.909394
4.1282 ; 5.28368 ; -1.53021 ; 0.440122
6.49329 ; 3.34553 ; 0.139149 ; -0.160339
6.44161 ; 6.90559 ; 0.959361 ; 1.12201
7.63572 ; 6.53644 ; 1.06624 ; 1.3448
4.99813 ; 7.04265 ; -0.00973516 ; 1.70607
5.0115 ; 5.82561 ; -1.09983 ; 0.66662
4.73089 ; 7.30634 ; -1.0259 ; 0.85255
6.80122 ; 6.069 ; 1.30475 ; 0.788004
3.50349 ; 4.14613 ; -0.71555 ; -0.753579
4.11311 ; 6.61241 ; -0.931918 ; 1.41092
4.84327 ; 3.74872 ; -0.265181 ; -1.13235
4.33544 ; 3.48687 ; -0.473932 ; -1.10586
5.65259 ; 5.11309 ; -0.0862657 ; -0.862457
6.55433 ; 3.86015 ; -0.0255995 ; -1.11402
6.71839 ; 6.02906 ; 0.54664 ; -0.232307
5.77959 ; 4.06573 ; 0.478333 ; -1.35506
3.69563 ; 4.04453 ; -0.366495 ; -0.177594
5.37769 ; 5.29363 ; 0.608796 ; 0.197658
5.97129 ; 6.33747 ; 0.967046 ; 0.498067
3.83643 ; 6.62612 ; -1.19885 ; -0.130068
6.87795 ; 4.54213 ; 1.46617 ; -0.341461
7.12744 ; 3.6452 ; 1.04039 ; -0.519427
4.68879 ; 5.56263 ; -1.06205 ; -0.580369
5.57292 ; 4.8354 ; -0.679179 ; -0.477951
4.67416 ; 4.29659 ; -0.831142 ; -1.48548
4.35054 ; 3.93476 ; -1.16401 ; -0.594572
7.50315 ; 4.05694 ; 0.442959 ; 0.265259
7.41143 ; 7.29021 ; 0.261268 ; -0.0210746
4.95967 ; 7.45229 ; 0.347697 ; 1.08032
5.31287 ; 7.24894 ; 0.447049 ; 0.590201
6.9274 ; 5.78099 ; 1.04258 ; -0.0252783
6.60218 ; 7.21224 ; 0.35401 ; 1.14379
7.31296 ; 3.81268 ; 0.561386 ; -0.843696
5.84256 ; 6.42765 ; 0.808633 ; 1.03161
3.605 ; 4.42968 ; -0.80245 ; -0.798457
5.62632 ; 6.64361 ; -0.0578478 ; 0.118767
3.8215 ; 3.67862 ; -0.262954 ; -0.359673
4.57459 ; 3.73683 ; -1.16303 ; -1.43996
5.44893 ; 3.65707 ; 0.132105 ; -1.16387
3.70018 ; 6.30414 ; -0.738805 ; 0.241794
7.06523 ; 5.84909 ; 1.78043 ; 0.351469
6.5239 ; 7.4075 ; 0.789762 ; 0.232346
6.89683 ; 3.61777 ; 0.844845 ; -0.294859
7.23221 ; 6.94192 ; 0.959861 ; 1.52122
3.96728 ; 5.45656 ; -0.377073 ; -0.71604
4.64622 ; 5.68911 ; -0.359386 ; -0.371518
6.87961 ; 5.99871 ; 0.567336 ; 0.369146
4.31369 ; 4.17455 ; -1.53627 ; -1.12016
5.29533 ; 3.91689 ; 0.484176 ; -1.0069
3.94323 ; 4.45729 ; -1.23858 ; -1.37807
5.89132 ; 3.96635 ; 0.363428 ; -0.998397
7.07648 ; 5.81853 ; 1.31415 ; 0.189452
4.93741 ; 6.63701 ; 0.125477 ; 1.32813
5.13924 ; 6.724 ; -0.300004 ; 0.427186
5.34132 ; 4.98842 ; 0.224588 ; -0.359248
5.2939 ; 6.64927 ; -0.150316 ; 1.09798
5.4312 ; 3.87486 ; -0.531705 ; -0.556486
3.84146 ; 5.41037 ; -1.3045 ; -0.0870489
5.32678 ; 3.41457 ; -0.709298 ; -1.27112
6.83121 ; 5.79158 ; 1.58963 ; 0.885325
