5.71856 ; 4.29744 ; -0.305595 ; -1.404
7.24153 ; 5.70923 ; 0.476849 ; 0.497929
6.55929 ; 5.23963 ; -0.0181001 ; -0.0497573
4.55393 ; 3.73304 ; 0.570915 ; 0.0801041
5.2501 ; 5.02847 ; -0.327264 ; -1.11597
3.7697 ; 4.47934 ; 0.238289 ; 0.453007
5.50294 ; 5.30476 ; -0.577621 ; -0.469608
5.53251 ; 6.14803 ; -0.444232 ; 1.01402
7.10892 ; 5.42818 ; 1.16734 ; 0.551846
7.13391 ; 6.88505 ; 0.852468 ; 0.378347
6.94971 ; 4.7147 ; 0.355215 ; -1.04818
6.34757 ; 5.24961 ; 0.885646 ; -0.810349
3.9494 ; 4.5312 ; -1.04508 ; -1.05743
4.27656 ; 4.90995 ; -1.10109 ; 0.259957
6.63644 ; 4.70924 ; 0.899334 ; -0.412217
6.5346 ; 6.59513 ; 1.14148 ; 0.0909494
4.5119 ; 4.25993 ; -0.187772 ; -0.905699
7.64164 ; 6.33787 ; 0.0986251 ; 0.575592
5.31267 ; 5.04862 ; -0.302949 ; -0.44778
4.45215 ; 5.6629 ; -0.836724 ; -0.360247
6.76524 ; 6.9707 ; -0.174761 ; -0.359621
3.41351 ; 6.99718 ; 0.0693541 ; 0.583926
6.08723 ; 7.66813 ; 0.168392 ; 0.362855
6.52382 ; 5.45741 ; 1.27436 ; -0.551044
4.71626 ; 7.42641 ; -0.598933 ; 0.723889
6.90164 ; 5.75624 ; 0.91497 ; 0.648042
5.04253 ; 5.19804 ; -0.384836 ; 0.4092
4.73226 ; 5.36893 ; -1.05666 ; 0.134954
3.41528 ; 3.67454 ; 0.283964 ; 0.134265
5.99644 ; 4.2801 ; 0.609406 ; -1.36369
7.24551 ; 5.5099 ; 0.619906 ; -0.39373
5.28505 ; 3.84643 ; -0.432341 ; -0.602967
7.17974 ; 6.58869 ; 0.944363 ; 0.402575
7.79938 ; 6.0516 ; -0.315339 ; 0.614039
3.83312 ; 4.40095 ; -1.31327 ; -1.00935
7.1523 ; 3.78759 ; 0.801012 ; -0.877555
4.73451 ; 3.95789 ; -0.618388 ; -1.17811
4.53239 ; 3.80859 ; -0.483596 ; -0.647474
4.20833 ; 7.54868 ; -0.80715 ; 0.220075
4.02728 ; 6.04645 ; -1.28363 ; 0.789337
5.5908 ; 6.15231 ; 0.325431 ; 0.885389
5.27487 ; 7.75119 ; 0.0284843 ; -0.484285
6.26727 ; 5.68058 ; 1.00887 ; 0.599326
5.7112 ; 4.24085 ; 0.589621 ; -0.369925
3.77561 ; 5.04747 ; 0.02548 ; -0.672948
5.173 ; 4.48234 ; 0.104419 ; -0.0846049
7.65603 ; 4.07217 ; -0.216708 ; -0.681948
4.52038 ; 5.27694 ; 0.109951 ; 0.000102643
4.08311 ; 4.77335 ; -0.676898 ; -0.548996
7.45544 ; 4.16475 ; 0.174847 ; 0.175843
4.38936 ; 3.78791 ; -0.668726 ; -1.21747
7.26385 ; 3.57012 ; 0.164316 ; -0.28162
4.58721 ; 3.87309 ; -0.0247872 ; -0.513301
3.74808 ; 6.47205 ; 0.27621 ; -0.0804713
5.02077 ; 4.58213 ; -0.508868 ; -0.718493
4.10985 ; 5.07073 ; -0.354187 ; -0.954487
7.77864 ; 5.24681 ; 0.399876 ; 0.222855
3.80522 ; 6.43512 ; -0.933397 ; -0.172207
7.65743 ; 4.50241 ; 0.535009 ; -0.0737285
7.0295 ; 7.24311 ; 1.14623 ; 1.11463
4.48978 ; 5.43014 ; -1.12925 ; 0.425216
4.68881 ; 4.11759 ; 0.311219 ; -0.0759501
4.06008 ; 7.30069 ; -0.885033 ; 0.213368
7.04882 ; 5.04701 ; 1.20496 ; 0.011986
7.28264 ; 7.43977 ; -0.0635747 ; -0.885763
4.64625 ; 7.76686 ; -0.873748 ; -0.546185
7.34004 ; 4.17405 ; 0.92234 ; -1.07487
6.16598 ; 3.58115 ; 0.260665 ; -0.0830456
4.12219 ; 3.5826 ; -1.17294 ; -0.992105
3.60316 ; 4.87249 ; -0.23548 ; -0.799967
7.04624 ; 4.98957 ; 1.32129 ; -0.0135957
4.70931 ; 3.71016 ; -0.986062 ; -1.15784
6.952 ; 3.59943 ; 0.717281 ; -0.803944
4.40591 ; 4.57304 ; -0.90364 ; -1.08492
3.78579 ; 5.89291 ; -0.365735 ; 0.149427
6.46561 ; 7.73058 ; 0.0817837 ; -0.213198
7.00212 ; 4.07072 ; 0.139084 ; -1.04367
7.21251 ; 4.86158 ; 0.731842 ; -0.351802
5.61409 ; 3.479 ; -0.163695 ; -0.551738
5.47707 ; 7.32934 ; -0.456498 ; 0.970485
7.48836 ; 4.72881 ; -0.0578611 ; -0.877427
6.52729 ; 5.76787 ; -0.0327796 ; -0.646429
3.91658 ; 5.82743 ; -0.548936 ; -0.226177
3.81906 ; 3.78435 ; -0.840551 ; -0.673525
7.22947 ; 6.26188 ; 0.120179 ; 0.0808459
6.32553 ; 3.88037 ; 0.787159 ; -0.874918
7.38972 ; 5.72766 ; 1.08592 ; -0.505995
5.9595 ; 5.42558 ; -0.00214306 ; -0.273503
6.74781 ; 4.72912 ; 0.604995 ; -1.06713
4.33154 ; 6.40472 ; 0.32265 ; -0.410912
3.80984 ; 6.81896 ; -0.991311 ; -0.28602
5.5586 ; 3.98904 ; 0.126498 ; -0.971107
5.58804 ; 4.9056 ; -0.321127 ; -0.0240559
5.38629 ; 3.35611 ; -0.547901 ; -0.203367
6.17681 ; 5.47936 ; 0.710797 ; 0.705943
7.23883 ; 6.42628 ; -0.245605 ; -0.262578
4.0533 ; 6.36763 ; -1.42451 ; 1.10357
4.72839 ; 5.80026 ; 0.0546329 ; 0.411057
6.54304 ; 4.24991 ; 1.08089 ; -0.000757784
6.02913 ; 6.44557 ; -0.451092 ; -0.0813509
3.68486 ; 6.48875 ; -0.458723 ; -0.340441
7.32019 ; 4.32544 ; 0.999866 ; -0.146559
5.94424 ; 5.35925 ; 0.227717 ; 0.150695
7.47845 ; 5.91704 ; 0.919287 ; 0.455246
4.05042 ; 6.69289 ; -0.633711 ; 1.29707
4.04013 ; 3.29156 ; -0.776196 ; -0.328587
5.91681 ; 4.8565 ; 0.133057 ; -0.796691
5.30684 ; 7.10031 ; 0.587686 ; 0.923166
5.45424 ; 6.79213 ; -0.193852 ; 0.6519
6.74262 ; 6.79741 ; 0.186142 ; 1.26744
7.29467 ; 5.38118 ; 0.831161 ; -0.218803
4.53942 ; 6.76556 ; -0.87087 ; 0.625439
7.07911 ; 7.00956 ; 0.0869464 ; 1.12858
5.76501 ; 3.48804 ; -0.0867886 ; -1.19964
4.48747 ; 6.55428 ; -1.01541 ; -0.215376
7.07244 ; 7.02016 ; 0.980855 ; 1.15615
7.12875 ; 3.54321 ; 0.861702 ; -0.525252
5.42418 ; 3.68682 ; 0.537984 ; -1.35477
5.79707 ; 6.46126 ; -0.313266 ; 1.2251
4.60639 ; 6.87242 ; 0.267955 ; 0.939249
6.53713 ; 7.66377 ; 0.692565 ; 0.0635694
3.98745 ; 6.24751 ; -1.27174 ; 0.384549
6.47202 ; 6.36813 ; 1.13558 ; 0.590889
5.05231 ; 4.61504 ; -0.352362 ; -1.26256
4.35859 ; 6.74827 ; -1.04889 ; 1.37353
5.23895 ; 6.07673 ; 0.475841 ; 0.414351
5.46039 ; 5.86573 ; -0.396189 ; -0.367055
3.87319 ; 3.38375 ; -0.0282117 ; -0.270558
3.51094 ; 5.87508 ; -0.812847 ; 0.858051
4.21117 ; 5.21862 ; -0.339235 ; -0.734442
7.62113 ; 4.75971 ; 0.583835 ; -0.0327648
5.49044 ; 6.62463 ; -0.604086 ; 1.05235
3.59615 ; 6.31773 ; -0.472079 ; -0.43434
5.73364 ; 7.41838 ; 0.833497 ; 0.593936
6.43903 ; 5.37126 ; 0.428588 ; 0.218945
6.32552 ; 3.71714 ; 1.04338 ; -1.42717
3.69347 ; 7.02722 ; -0.594351 ; 0.732861
6.44132 ; 7.4511 ; 0.510158 ; 0.00567147
6.46946 ; 7.47784 ; 0.286229 ; 0.421469
5.51509 ; 6.96884 ; -0.833625 ; -0.0303413
6.58903 ; 3.90529 ; 0.237214 ; -1.24241
5.46515 ; 7.60935 ; -0.685894 ; -0.234867
6.78654 ; 7.01329 ; 1.28815 ; 0.993144
5.56448 ; 6.61686 ; -0.297463 ; 0.888953
5.70966 ; 3.49574 ; -0.393216 ; -0.702327
7.66101 ; 4.91284 ; -0.156705 ; -0.657579
4.71098 ; 7.09747 ; -0.681195 ; -0.128501
4.19276 ; 7.25221 ; -0.396476 ; 1.22111
3.47566 ; 5.53701 ; 0.0964248 ; 0.624651
3.3837 ; 3.71648 ; 0.679491 ; -0.528337
4.56563 ; 3.8962 ; -0.869681 ; -1.50446
5.90194 ; 3.92976 ; 0.0749869 ; -1.47313
3.62574 ; 4.05401 ; -0.0341392 ; 0.409037
6.26006 ; 5.16327 ; 0.661983 ; -0.298476
6.94551 ; 6.58229 ; 0.0796968 ; 0.177512
5.65839 ; 6.34069 ; -0.563869 ; -0.0121216
5.88061 ; 5.5769 ; 0.608422 ; 0.163073
6.43822 ; 4.16728 ; 0.461321 ; -0.745739
7.69984 ; 4.29118 ; -0.495999 ; -0.464485
4.50037 ; 3.82834 ; 0.128646 ; -1.35406
6.99508 ; 7.67273 ; 0.595577 ; -0.241916
3.51381 ; 5.74723 ; -0.647912 ; 0.301602
5.55477 ; 4.34532 ; -0.44687 ; -1.03282
6.90854 ; 7.3248 ; 1.2495 ; 1.10757
6.45786 ; 6.84357 ; 0.550244 ; -0.0255592
4.71378 ; 5.39027 ; -0.671995 ; -0.286247
5.87791 ; 6.43304 ; 0.915672 ; 1.27063
4.39381 ; 7.76029 ; -0.824765 ; -0.152758
5.46903 ; 4.82618 ; -0.671062 ; -1.20637
6.35304 ; 5.74671 ; 1.21476 ; 0.683114
6.19893 ; 7.30724 ; 1.02988 ; 0.0210259
7.43215 ; 6.78178 ; 0.0973404 ; -0.114535
6.52774 ; 4.28108 ; 0.514206 ; -0.193105
6.39321 ; 4.82223 ; 0.3992 ; -0.40324
6.1844 ; 6.17251 ; -0.197843 ; -0.384944
5.21085 ; 4.38081 ; -0.0732529 ; -0.411498
4.53925 ; 3.56645 ; -0.980922 ; -1.21542
4.12115 ; 6.92623 ; 0.228891 ; 0.150555
4.19186 ; 5.33602 ; -0.679419 ; 0.049603
5.09586 ; 6.51907 ; -0.281736 ; 0.810122
5.69219 ; 6.10601 ; 0.459366 ; -0.172925
3.26648 ; 5.52553 ; -0.482851 ; 0.690731
6.85549 ; 3.86587 ; 0.857846 ; -1.29734
7.48876 ; 3.7169 ; 0.554376 ; -0.996715
6.14772 ; 4.1686 ; -0.0368806 ; -0.524565
4.62997 ; 5.60985 ; -0.124837 ; -0.00690816
4.63841 ; 3.81921 ; -0.104145 ; -1.21024
5.33558 ; 7.09369 ; 0.385856 ; 0.291174
4.1277 ; 3.90089 ; -0.39424 ; -0.731899
6.73499 ; 3.32846 ; 1.06574 ; -0.556821
6.19864 ; 7.4476 ; 1.026 ; -0.0794503
6.12151 ; 5.82923 ; 0.170192 ; -0.270347
3.45417 ; 4.37109 ; -0.619075 ; -0.761996
6.82194 ; 3.82707 ; 0.584327 ; -1.35341
4.16965 ; 4.37522 ; -0.246194 ; -1.373
4.5979 ; 3.56608 ; -0.977229 ; -1.23202
7.75525 ; 4.30216 ; 0.0177386 ; -0.114592
7.76078 ; 5.69724 ; 0.0510348 ; 0.479875
4.47628 ; 7.48521 ; 0.444526 ; 0.411169
3.32952 ; 3.87 ; 0.393668 ; -0.935538
7.45128 ; 3.85544 ; -0.878502 ; 0.91826
3.57759 ; 7.09845 ; -0.335871 ; -0.332718
5.07287 ; 4.32085 ; 0.300661 ; -1.37928
6.87227 ; 6.91949 ; 1.42648 ; 0.151951
3.59147 ; 3.40951 ; -0.349238 ; -0.262949
4.92014 ; 3.48435 ; 0.279659 ; -0.852875
3.46421 ; 6.983 ; 0.355419 ; -0.443289
4.86614 ; 6.93398 ; -0.0415842 ; -0.150351
4.97891 ; 5.28312 ; -0.734653 ; -0.874091
4.55731 ; 4.76171 ; -0.594113 ; -1.09846
7.35527 ; 4.09473 ; 0.768941 ; 0.245269
6.00131 ; 4.46749 ; 0.173703 ; -0.716334
6.89875 ; 5.25151 ; 0.808127 ; 0.634158
6.50466 ; 4.17565 ; 0.23714 ; -1.01964
5.10355 ; 5.7621 ; 0.0707535 ; 0.632015
3.86809 ; 5.08825 ; -1.41879 ; 0.0260907
3.6627 ; 4.36874 ; -1.05158 ; 0.255849
3.96939 ; 7.45117 ; -0.698054 ; -0.227354
3.70575 ; 3.53148 ; -0.361781 ; -0.512755
4.84693 ; 3.80462 ; -0.0105267 ; -0.524019
3.76721 ; 3.58876 ; -0.406182 ; -0.693275
6.78826 ; 6.97845 ; 1.38236 ; 0.191407
6.97084 ; 3.76968 ; -0.346632 ; -0.33443
6.73022 ; 3.77152 ; 1.3288 ; -1.05483
7.2675 ; 6.23167 ; 0.378848 ; 0.289367
7.00215 ; 3.62493 ; 1.214 ; -0.738168
6.47592 ; 3.25041 ; 1.1197 ; -0.284245
3.79039 ; 6.75332 ; -0.919456 ; 0.789345
7.28851 ; 5.0649 ; 0.460746 ; -0.0639613
6.43864 ; 7.53721 ; 0.885342 ; 0.0796747
4.704 ; 6.79869 ; -1.23303 ; 1.22794
3.62214 ; 6.06677 ; -0.689328 ; 0.64927
4.14567 ; 6.5723 ; -0.826274 ; 0.960197
6.24048 ; 4.72315 ; 0.422547 ; 0.180388
3.75262 ; 6.21593 ; -0.993216 ; 0.700112
4.05693 ; 6.00226 ; -0.853185 ; 0.311401
4.0515 ; 7.21914 ; 0.212504 ; 0.122952
4.59232 ; 7.71106 ; -1.03832 ; 0.305913
4.94216 ; 7.02961 ; -0.445 ; -0.0396159
4.54822 ; 3.26065 ; -0.477749 ; 0.178567
6.92932 ; 3.64738 ; -0.36984 ; 0.291784
5.7068 ; 5.27602 ; 0.770727 ; -0.534294
7.29005 ; 6.10406 ; -0.0100633 ; -0.277033
4.95663 ; 6.62332 ; -0.776625 ; 0.668577
5.19914 ; 3.20359 ; -0.320006 ; -0.46002
4.26834 ; 5.9702 ; -0.178621 ; -0.318567
5.27159 ; 6.98677 ; -0.902032 ; 1.43603
3.96055 ; 7.31621 ; -0.242166 ; 0.784075
7.45182 ; 4.45191 ; -0.39151 ; 0.461063
4.91672 ; 5.00693 ; -0.0388994 ; -0.525954
6.4215 ; 7.16733 ; 0.800411 ; 1.18315
5.0066 ; 7.55495 ; -0.481613 ; 0.780912
4.24995 ; 7.37934 ; 0.0039306 ; 0.971246
6.1974 ; 6.00343 ; 0.630231 ; -0.140957
4.76549 ; 6.78376 ; -0.787322 ; 0.369631
5.05883 ; 6.12321 ; -0.913604 ; -0.217286
3.30721 ; 6.20419 ; 0.46867 ; -0.387994
3.92658 ; 4.8982 ; -0.996368 ; -0.708519
4.16738 ; 6.61972 ; -0.501496 ; 0.939124
3.37824 ; 6.08581 ; -0.311443 ; 0.866867
6.59594 ; 7.17052 ; 0.775049 ; -0.0901684
7.08438 ; 5.31617 ; 0.743316 ; -0.246855
7.33046 ; 4.37729 ; 0.654673 ; -0.120857
4.23578 ; 7.28058 ; 0.155695 ; 0.957334
7.60269 ; 6.75345 ; -0.0480675 ; 0.380883
6.91459 ; 7.2761 ; 1.17924 ; 0.795803
6.26126 ; 7.28479 ; 0.432432 ; -0.102301
6.94857 ; 3.85881 ; -0.169139 ; 0.00627786
3.38898 ; 4.46972 ; 0.480748 ; 0.656631
5.55084 ; 3.67964 ; 0.546985 ; -0.818415
6.00755 ; 3.59952 ; 0.383403 ; -1.33629
4.36417 ; 4.50708 ; -1.14041 ; -0.560438
4.84391 ; 7.76364 ; 0.101549 ; -0.384327
7.46059 ; 4.17474 ; 0.554623 ; 0.291558
6.63172 ; 6.29882 ; 1.11904 ; -0.113952
4.02918 ; 7.23928 ; -1.33394 ; 0.925685
4.64438 ; 3.35815 ; -1.17172 ; -0.787889
5.12835 ; 4.55698 ; -0.369297 ; -0.513646
5.11549 ; 6.26814 ; 0.35624 ; 0.752641
5.27675 ; 4.18497 ; -0.396897 ; -0.607485
6.11564 ; 5.43869 ; -0.0642849 ; -0.398435
3.68514 ; 3.38188 ; 0.280113 ; 0.450974
3.9559 ; 3.56712 ; -1.05075 ; -0.295245
5.04064 ; 4.96649 ; -0.817595 ; -1.01086
7.46652 ; 4.75355 ; 0.201374 ; -0.367536
4.43147 ; 4.96195 ; -0.406219 ; -0.168317
7.00176 ; 4.96522 ; 0.390991 ; -0.130455
6.45613 ; 6.33962 ; 1.14026 ; -0.113708
5.46831 ; 5.91659 ; 0.582072 ; 0.874182
5.08709 ; 6.32218 ; 0.259144 ; 0.384485
7.491 ; 5.52746 ; 0.357773 ; -0.0587274
6.15806 ; 3.53105 ; 0.969802 ; -0.765623
7.54019 ; 4.92727 ; -0.33572 ; 0.528736
7.21688 ; 3.71395 ; -0.211576 ; 0.234514
3.88099 ; 3.86105 ; 0.143914 ; -0.29195
5.79631 ; 7.73564 ; -0.112634 ; 0.426059
4.76584 ; 5.41671 ; -0.307764 ; 0.17758
3.64947 ; 3.67023 ; -0.0926661 ; 0.0767204
5.65981 ; 7.30627 ; -0.349068 ; -0.190368
6.19737 ; 4.66514 ; 0.858461 ; -1.30029
6.7654 ; 7.29883 ; -0.653213 ; -0.493362
5.01448 ; 6.14403 ; 0.282133 ; -0.291381
3.25277 ; 5.34168 ; 0.445994 ; -0.132201
5.60709 ; 4.32769 ; 0.252949 ; -0.920394
7.37026 ; 4.0277 ; 0.742215 ; -0.00847498
5.26928 ; 6.7899 ; -0.508351 ; 0.762523
6.31098 ; 3.55899 ; 0.194355 ; -0.65161
3.75828 ; 7.01135 ; -0.352058 ; -0.554503
7.15532 ; 4.51745 ; 1.4263 ; 0.262141
7.78359 ; 6.46895 ; -0.513031 ; 0.717297
3.46748 ; 5.22139 ; -0.323017 ; -0.631727
5.59402 ; 3.17114 ; 0.274329 ; 0.128809
5.18185 ; 7.50226 ; -0.763385 ; 0.455823
6.95808 ; 5.58893 ; 1.16988 ; 0.13216
4.07174 ; 5.32784 ; -0.0764065 ; -0.408685
5.08687 ; 4.50717 ; -0.0629622 ; -0.327473
5.25728 ; 4.67468 ; -0.378675 ; -0.904505
6.98238 ; 6.01841 ; -0.0137529 ; 1.07781
5.81335 ; 6.73059 ; 0.833164 ; 1.2136
6.86987 ; 6.9577 ; 1.30482 ; 0.924281
6.45347 ; 4.8901 ; 1.26537 ; -0.871343
7.42021 ; 7.00162 ; -0.139911 ; -0.242762
3.44744 ; 6.93413 ; 0.124343 ; 0.180806
4.34671 ; 7.30432 ; -0.182949 ; 1.04559
7.5315 ; 4.8463 ; -0.198749 ; 0.368026
4.07048 ; 5.60679 ; -0.936102 ; 0.574222
6.10887 ; 6.47466 ; 1.04135 ; 0.656086
4.44618 ; 5.24004 ; -0.222816 ; -0.673819
3.42496 ; 5.4682 ; -0.074509 ; 0.0405596
4.55176 ; 4.67698 ; -0.290623 ; -1.13475
3.38117 ; 6.19474 ; -0.227615 ; -0.0799189
6.09003 ; 3.42783 ; -0.0964054 ; -0.741057
4.00759 ; 4.22779 ; -0.346036 ; 0.183671
6.21019 ; 6.70409 ; 1.19681 ; 0.374374
3.62518 ; 5.92399 ; -1.04695 ; 0.476136
6.00342 ; 5.82296 ; 0.372135 ; -0.547639
6.53317 ; 5.90733 ; 0.747378 ; 0.636853
3.73347 ; 4.64418 ; -0.707202 ; -1.28126
7.46116 ; 3.76759 ; 0.518023 ; -0.466335
3.29981 ; 4.08746 ; -0.279597 ; -0.528779
6.55499 ; 6.42726 ; 0.766277 ; 0.435958
6.89733 ; 5.11309 ; 0.539801 ; 0.415273
6.98304 ; 4.09941 ; 0.463851 ; -0.279931
4.83562 ; 7.33688 ; -0.58901 ; 0.865514
5.5634 ; 4.41719 ; -0.616451 ; -0.634874
7.25068 ; 4.58318 ; 0.864664 ; -1.04468
4.68773 ; 6.75716 ; -0.934842 ; -0.0686398
3.82238 ; 3.32031 ; -0.887889 ; -0.324145
3.43276 ; 4.69072 ; -0.29308 ; 0.393312
6.90172 ; 7.15306 ; 0.964576 ; -0.172868
4.20237 ; 6.88611 ; 0.54394 ; -0.545063
6.65711 ; 7.46187 ; -0.264441 ; -0.528645
5.32321 ; 4.00125 ; -0.591852 ; -1.5882
4.11718 ; 4.45428 ; -1.46027 ; -1.31196
5.03869 ; 6.72559 ; 0.52246 ; 1.08765
6.87121 ; 6.34451 ; 1.10278 ; -0.319558
6.95171 ; 4.08116 ; 0.439684 ; -0.430011
5.52909 ; 7.00631 ; -0.392076 ; 0.208438
6.67272 ; 3.62106 ; 0.417742 ; -0.277172
5.84127 ; 4.40498 ; -0.191963 ; -1.04358
6.22573 ; 5.56894 ; 0.174848 ; 0.171695
4.06605 ; 4.61982 ; -1.47913 ; -1.20617
3.68238 ; 6.70715 ; -0.959168 ; 1.27531
7.328 ; 4.37369 ; 0.8501 ; -0.553568
4.48381 ; 6.69277 ; -0.109927 ; 0.120138
7.29397 ; 5.70293 ; 0.52828 ; 0.680504
3.47161 ; 4.23958 ; 0.153343 ; -0.92919
4.12393 ; 3.93397 ; -0.0635826 ; -0.40375
3.90172 ; 6.24367 ; -0.647197 ; 0.351615
5.35294 ; 3.50506 ; 0.278871 ; -0.17246
3.26954 ; 5.77949 ; -0.390993 ; -0.314094
3.81588 ; 3.92645 ; 0.475288 ; -0.249107
6.25227 ; 7.39157 ; 1.13652 ; 0.171394
5.07469 ; 4.29429 ; -0.57037 ; -1.2293
5.85196 ; 6.93252 ; 0.283306 ; 1.18513
4.00531 ; 4.52776 ; -1.31979 ; 0.232146
4.60252 ; 6.79365 ; 0.00540373 ; 0.770957
7.15077 ; 3.52274 ; -0.153772 ; -0.212583
4.64023 ; 5.47548 ; -0.0964578 ; 0.441397
4.52807 ; 6.41525 ; -0.602846 ; 0.878268
3.80351 ; 6.26459 ; -0.833314 ; -0.338074
4.89829 ; 4.80836 ; 0.276679 ; -1.15263
3.74175 ; 4.33004 ; -0.373777 ; -1.13987
5.05186 ; 6.08849 ; 0.491536 ; 0.751512
4.52114 ; 4.7288 ; -0.321473 ; -0.00576581
7.40242 ; 6.91016 ; 0.609523 ; 0.749528
7.58908 ; 4.05038 ; 0.444278 ; -0.694597
6.78537 ; 7.12578 ; 0.069546 ; 0.410222
6.21142 ; 7.57388 ; 1.08398 ; 0.064641
5.05952 ; 4.45362 ; -0.709817 ; -0.305384
7.08031 ; 7.18614 ; 0.222244 ; 1.26682
3.75897 ; 6.75067 ; -0.856867 ; -0.311748
6.79149 ; 3.62507 ; 1.24239 ; -0.833572
4.12231 ; 6.41355 ; -1.34619 ; -0.297658
4.44218 ; 4.5897 ; -0.474401 ; -0.29633
7.46877 ; 6.59226 ; 1.01112 ; 0.409928
6.27327 ; 4.37634 ; 0.678515 ; -1.12153
7.11233 ; 5.69347 ; 1.25276 ; 0.605344
5.2215 ; 5.32512 ; -0.778174 ; -0.73009
5.33514 ; 7.45752 ; -0.645778 ; -0.249001
3.79009 ; 3.70775 ; -0.0046778 ; -0.838478
3.89532 ; 5.51191 ; -0.0510136 ; -0.554939
6.57934 ; 7.01797 ; 0.83315 ; 1.29744
3.28986 ; 5.21925 ; -0.512177 ; -0.389354
4.03604 ; 5.3204 ; -1.00684 ; -0.918042
3.91755 ; 4.10665 ; -0.319854 ; -1.35365
7.15513 ; 3.75954 ; 0.817351 ; -1.30342
4.45749 ; 7.02206 ; 0.379242 ; -0.0762557
4.14832 ; 4.41292 ; -0.688867 ; -0.76548
3.69885 ; 5.6928 ; -0.0549813 ; -0.249031
5.14707 ; 5.43644 ; -0.209845 ; 0.514148
5.21895 ; 6.72547 ; -0.72155 ; 1.09963
5.16376 ; 3.43048 ; -0.0768845 ; -0.110119
5.82123 ; 3.69231 ; -0.474902 ; -0.20603
6.91623 ; 3.9138 ; 1.26478 ; -1.52919
5.31543 ; 5.30791 ; -0.62709 ; -0.418564
7.39247 ; 6.54932 ; 1.13426 ; 0.289191
7.30268 ; 6.40135 ; 0.520951 ; 1.22442
7.13578 ; 3.7548 ; 0.0670318 ; 0.0569878
4.40483 ; 3.68131 ; -0.16157 ; -0.246535
7.07458 ; 5.30234 ; 0.659015 ; 0.0646089
3.29491 ; 5.39167 ; -0.205407 ; -0.0813014
5.81844 ; 4.49964 ; 0.639255 ; -0.909352
5.95193 ; 4.4142 ; -0.436153 ; -0.753557
5.92947 ; 6.89641 ; 0.136922 ; 0.727632
7.65141 ; 4.58383 ; -0.0234815 ; -0.463737
4.42366 ; 3.87788 ; -0.443733 ; -1.12296
4.74448 ; 7.61867 ; -0.641738 ; -0.272084
4.06802 ; 4.46568 ; -0.359769 ; -0.706418
7.19924 ; 5.66012 ; 0.9795 ; -0.73186
7.80147 ; 5.61948 ; 0.209445 ; -0.650016
4.94101 ; 4.76228 ; 0.151401 ; -1.16919
4.40389 ; 4.74883 ; -0.116394 ; -1.22414
6.1696 ; 5.10476 ; 0.297321 ; -0.841022
7.29499 ; 4.18393 ; 0.0253994 ; -0.606132
4.19753 ; 6.54227 ; -0.623871 ; 1.28036
6.28585 ; 7.43291 ; 0.686444 ; 0.952341
3.81801 ; 6.00279 ; -0.860458 ; -0.437494
6.66087 ; 3.82502 ; -0.206798 ; -0.295871
7.77813 ; 5.25859 ; 0.424888 ; -0.71526
4.21217 ; 5.91935 ; -0.989492 ; 0.927301
3.63918 ; 4.7678 ; -0.635298 ; -0.922719
5.13618 ; 5.93963 ; 0.123091 ; 0.549487
7.3443 ; 6.7378 ; 0.702862 ; 0.51634
4.41841 ; 6.54179 ; -0.854372 ; 1.28069
5.33547 ; 5.98582 ; 0.215104 ; -0.492271
6.09188 ; 4.57144 ; -0.488618 ; 0.180481
4.26506 ; 4.11626 ; -0.07102 ; -0.489141
6.8321 ; 6.20038 ; 0.562199 ; -0.204318
7.03715 ; 7.16584 ; 0.146155 ; 0.517416
6.93445 ; 4.50676 ; 1.4115 ; -0.935881
6.0097 ; 4.85147 ; 0.547053 ; 0.23307
5.63235 ; 5.69508 ; 0.648161 ; 0.0264379
4.45875 ; 4.08224 ; -0.032615 ; -0.696092
6.77846 ; 7.65506 ; 0.923961 ; -0.344706
5.5707 ; 3.48157 ; 0.0244068 ; -1.01759
6.98909 ; 7.64881 ; 1.07431 ; 0.450641
5.18594 ; 7.0503 ; 0.684588 ; -0.133191
4.61311 ; 6.04989 ; -1.22201 ; 0.268487
4.28728 ; 3.92755 ; -1.33146 ; -0.0319668
7.39837 ; 3.98579 ; 0.204506 ; -0.268572
7.07322 ; 3.67521 ; 0.766846 ; -0.702651
3.70373 ; 4.9535 ; -0.505346 ; 0.279873
7.46663 ; 5.18191 ; 1.1525 ; 0.0558917
7.2603 ; 5.61962 ; 1.30416 ; 0.0167708
5.27974 ; 7.60037 ; -0.299461 ; -0.0648838
5.11012 ; 5.77459 ; -0.0108986 ; 0.229927
5.69047 ; 6.907 ; 0.185725 ; -0.0746685
5.97317 ; 3.75032 ; -0.6681 ; -0.3635
7.0696 ; 7.02584 ; 1.27311 ; -0.28974
7.22647 ; 3.48359 ; 0.399721 ; 0.524961
7.11457 ; 7.62211 ; 0.802266 ; -0.468168
6.7331 ; 5.39766 ; 0.563601 ; 0.425221
7.04371 ; 5.77627 ; 1.42722 ; 0.446264
7.70314 ; 5.03694 ; -0.0822344 ; -0.445221
5.88603 ; 7.212 ; 0.753277 ; 1.01286
6.54395 ; 3.3543 ; -0.348242 ; 0.619027
5.25082 ; 3.74733 ; 0.58788 ; -1.39605
6.41395 ; 6.94924 ; 0.056193 ; -0.0327967
7.13365 ; 7.49383 ; 0.685092 ; 0.133374
3.6905 ; 7.05592 ; -0.533717 ; -0.0352209
4.72706 ; 4.42315 ; 0.126881 ; -1.05583
4.85767 ; 7.59936 ; -0.910561 ; -0.378563
7.35633 ; 6.06551 ; 0.355273 ; 0.133019
3.90943 ; 4.27585 ; -0.617651 ; -1.08569
7.20536 ; 6.09372 ; 0.151624 ; 0.569398
6.04037 ; 7.23276 ; -0.481933 ; 0.784064
6.21815 ; 7.7179 ; 1.01582 ; -0.366486
5.54657 ; 4.28864 ; 0.0921282 ; -1.25408
7.62979 ; 5.45392 ; 0.451971 ; -0.647532
7.57002 ; 4.60542 ; 0.828102 ; -1.02364
6.1874 ; 5.91582 ; 0.334623 ; 0.311547
7.59353 ; 5.30724 ; 0.344725 ; -0.100451
6.89554 ; 7.2838 ; -0.297962 ; 0.601711
3.83474 ; 6.75088 ; -0.257018 ; -0.398653
3.7535 ; 5.81035 ; -0.392948 ; 0.237117
4.6533 ; 3.44199 ; -1.09984 ; -1.10765
5.07441 ; 3.4206 ; -1.02684 ; -1.13746
3.50559 ; 6.50926 ; 0.273595 ; 0.277984
4.62854 ; 6.83137 ; -0.362165 ; 0.443133
4.12197 ; 5.77651 ; -0.253995 ; -0.0148658
4.31529 ; 3.44875 ; -0.340387 ; -0.234465
5.56947 ; 5.19691 ; -0.107136 ; 0.458355
7.69092 ; 7.05219 ; -0.582537 ; -0.123116
3.79277 ; 4.21068 ; -1.36297 ; -0.679535
5.5102 ; 5.13911 ; -0.330812 ; -0.309886
7.3262 ; 6.51958 ; -0.182587 ; -0.121574
3.2672 ; 6.67831 ; 0.534438 ; 0.62031
3.80792 ; 4.56951 ; -1.38977 ; -0.379849
4.20335 ; 5.25742 ; 0.0825937 ; -0.758162
5.08522 ; 5.73076 ; -0.0613632 ; 0.40611
4.63795 ; 7.58217 ; -0.232148 ; -0.139075
6.42519 ; 3.90903 ; 0.237974 ; -0.236532
4.62363 ; 5.51772 ; 0.202816 ; 0.145659
3.85 ; 3.41159 ; -0.0342607 ; -0.137066
3.64711 ; 5.70695 ; -1.13182 ; -0.7046
3.65796 ; 5.11595 ; -0.794047 ; 0.335844
7.33288 ; 4.34927 ; 0.389267 ; 0.435705
6.63644 ; 4.70177 ; 1.18419 ; -0.509592
7.18084 ; 4.9435 ; 0.510105 ; -1.00045
4.63778 ; 5.93871 ; -0.690238 ; 0.163311
3.8382 ; 4.30524 ; -0.766948 ; -1.12014
6.46822 ; 5.66806 ; 1.40061 ; 0.456418
4.34594 ; 4.77313 ; -1.10392 ; 0.147287
4.63603 ; 4.99828 ; -1.27139 ; -0.0641412
5.40903 ; 5.8644 ; 0.456445 ; 0.603863
7.56584 ; 5.78323 ; 0.241673 ; 0.316214
5.10014 ; 7.22886 ; 0.155069 ; 0.661525
3.35505 ; 5.91843 ; -0.226534 ; 0.464548
5.40788 ; 4.50495 ; 0.128586 ; -0.288498
6.42075 ; 7.05513 ; 0.734061 ; 0.66707
5.28111 ; 3.75239 ; -0.00578307 ; -0.741048
7.41354 ; 7.44163 ; 0.465459 ; 0.5539
4.94117 ; 3.86492 ; -0.348425 ; -0.919229
5.68308 ; 6.10803 ; 0.413816 ; -0.122552
5.79717 ; 5.6345 ; -0.114133 ; -0.416411
7.17603 ; 6.22588 ; 1.23972 ; -0.0671651
3.28751 ; 6.69728 ; 0.305809 ; 0.62977
4.50678 ; 4.83788 ; -0.677933 ; 0.11734
3.90106 ; 5.88944 ; -1.26686 ; -0.160789
4.32123 ; 3.79092 ; -1.01002 ; -1.43698
5.91897 ; 7.69428 ; 0.143856 ; 0.218046
3.71757 ; 5.60228 ; -1.02751 ; 0.298226
6.15042 ; 5.87194 ; 0.725117 ; -0.489343
6.51694 ; 4.86286 ; 0.630808 ; 8.84384e-05
5.9057 ; 4.7715 ; -0.0245333 ; -0.134063
6.7194 ; 3.59406 ; -0.501356 ; -0.11768
4.16905 ; 5.79278 ; -0.549211 ; -0.0922855
3.82473 ; 6.72865 ; -1.31406 ; 0.726485
7.66125 ; 4.08347 ; 0.515557 ; -1.02002
6.90571 ; 5.84423 ; 1.4382 ; -0.00166277
5.72795 ; 5.04627 ; 0.349839 ; 0.290394
6.45643 ; 4.7463 ; 0.408897 ; -0.72136
4.06743 ; 5.42889 ; -0.712091 ; 0.183864
3.7878 ; 5.22886 ; -0.706986 ; -0.256916
6.54858 ; 5.91434 ; 0.0400547 ; -0.364629
6.74329 ; 3.84156 ; 0.926089 ; -0.964866
6.85596 ; 5.81653 ; 0.171669 ; 0.942392
5.05726 ; 5.85104 ; 0.296691 ; 0.894458
6.53618 ; 3.24611 ; -0.0382054 ; -0.0429615
6.58282 ; 3.66394 ; -0.37696 ; -0.01411
4.57882 ; 7.0825 ; 0.529323 ; 0.140485
3.43254 ; 6.27471 ; -0.327609 ; -0.287246
7.54185 ; 5.55533 ; 0.321354 ; -0.638287
5.4948 ; 6.1643 ; -0.593073 ; -0.0298212
5.94693 ; 3.50845 ; 0.893091 ; -0.315493
5.86069 ; 7.08747 ; 0.815461 ; 1.45336
6.79108 ; 6.27118 ; 1.13028 ; -0.29139
5.77076 ; 3.56812 ; -0.0471286 ; -0.783317
3.43174 ; 7.26471 ; 0.387342 ; -0.341394
4.57815 ; 3.4326 ; -0.957155 ; -0.857787
6.68017 ; 6.15207 ; 1.13905 ; 0.899761
6.97926 ; 4.67943 ; 1.02716 ; -1.16164
6.9563 ; 6.6648 ; 0.644607 ; 0.59259
7.67254 ; 5.33365 ; 0.829366 ; 0.462796
5.67885 ; 3.90013 ; 0.490415 ; -0.223444
6.28239 ; 7.01665 ; 0.0325648 ; 0.0440891
3.28655 ; 5.0641 ; -0.0969043 ; -1.03591
3.31641 ; 5.15305 ; -0.110254 ; -0.696199
6.6334 ; 3.41888 ; -0.418999 ; -0.492001
4.45093 ; 7.17345 ; 0.184546 ; 0.216679
6.32985 ; 6.91705 ; 0.862476 ; 1.05042
5.77079 ; 3.30762 ; 0.85566 ; -0.579651
6.35778 ; 3.29381 ; 0.953111 ; 0.366477
6.41558 ; 7.32572 ; -0.236034 ; 0.93273
6.23045 ; 5.93258 ; -0.218022 ; 0.414347
7.26063 ; 6.69627 ; 1.03847 ; 1.03761
5.45308 ; 7.14642 ; -0.0179149 ; 0.568323
4.35158 ; 3.98026 ; -0.684133 ; -1.43155
4.33621 ; 5.259 ; -1.43514 ; -0.784297
6.96123 ; 6.8576 ; 1.3612 ; 0.576871
5.84075 ; 5.13211 ; -0.351288 ; -1.0332
4.17534 ; 3.86684 ; 0.456873 ; 0.238613
4.08481 ; 5.27156 ; -0.340664 ; -0.497548
4.92528 ; 7.64836 ; 0.137174 ; -0.504676
7.34024 ; 4.19276 ; -0.181532 ; -0.583521
6.8857 ; 6.78077 ; 1.15282 ; 0.0389588
3.50904 ; 6.75905 ; -0.138239 ; 0.138789
6.2946 ; 5.1781 ; 0.396692 ; -0.869364
6.6409 ; 4.23892 ; 0.703252 ; -0.105844
6.40887 ; 3.79975 ; 0.457674 ; -0.980296
3.95973 ; 4.91868 ; -0.510377 ; -1.10987
4.4223 ; 6.638 ; -1.23567 ; 0.265147
4.49933 ; 3.51163 ; -0.55062 ; -1.09346
5.86188 ; 4.78103 ; 0.116172 ; -1.00904
4.60968 ; 7.48042 ; 0.588812 ; -0.654742
6.01149 ; 4.2869 ; 0.513991 ; -0.780498
6.60921 ; 7.35137 ; -0.478752 ; -0.485315
7.62618 ; 7.04901 ; -0.900736 ; -0.341272
3.49561 ; 4.65984 ; -0.691759 ; 0.274677
6.50899 ; 7.1204 ; 0.262065 ; 0.0738562
5.39234 ; 7.19777 ; 0.44699 ; -0.107883
6.45542 ; 4.56541 ; 0.491929 ; -1.09911
5.83993 ; 3.57069 ; 0.827607 ; -0.74514
7.0438 ; 3.97926 ; 1.12812 ; -1.25742
3.55293 ; 4.4574 ; -0.806411 ; -0.694731
5.07198 ; 6.48786 ; 0.0642669 ; 0.219402
5.89911 ; 4.57359 ; -0.408603 ; -0.291411
7.22431 ; 5.74143 ; 1.44901 ; 0.446676
6.23093 ; 7.68984 ; 0.0920147 ; 0.449471
4.06397 ; 3.80481 ; 0.132306 ; -0.531692
4.17845 ; 6.28518 ; -0.820555 ; 0.745257
7.53451 ; 7.22528 ; -0.265991 ; 0.468633
7.37228 ; 5.78722 ; 0.0843732 ; 0.770686
5.55423 ; 3.60253 ; -0.138547 ; -0.922984
4.89061 ; 5.56315 ; -0.330875 ; -0.261681
6.19241 ; 7.14327 ; -0.0151886 ; 1.35582
6.49806 ; 3.50091 ; 0.205957 ; -0.493105
5.50092 ; 4.27616 ; 0.571169 ; -1.34834
7.27549 ; 6.59279 ; -0.0874372 ; 0.265993
5.82463 ; 3.47767 ; -0.0373164 ; -0.557393
7.22388 ; 5.73284 ; 0.852266 ; 0.135459
4.60928 ; 4.02688 ; -0.204066 ; -1.51604
4.09217 ; 7.43882 ; 0.403989 ; 0.0103124
3.73273 ; 6.64166 ; 0.0867234 ; 0.0606517
3.69083 ; 3.54493 ; 0.0914613 ; 0.32398
4.32676 ; 4.17386 ; -0.0583868 ; -0.29951
7.1961 ; 4.93942 ; 1.23464 ; -0.820358
5.95362 ; 6.12664 ; -0.321954 ; 0.298588
5.91182 ; 5.15877 ; 0.0117597 ; -0.55372
4.51105 ; 6.44451 ; 0.189743 ; 0.707432
3.79356 ; 4.45256 ; -0.46303 ; -0.661901
3.38448 ; 6.01948 ; 0.0720495 ; -0.430935
6.59971 ; 3.84382 ; -0.432329 ; 0.367092
5.43109 ; 3.76383 ; -0.112351 ; -0.873222
4.73732 ; 4.4857 ; 0.247841 ; -0.148706
5.46954 ; 4.10445 ; 0.306884 ; -0.0354739
4.40633 ; 5.02589 ; -1.04709 ; -0.97497
4.73529 ; 3.69149 ; -0.855268 ; -0.976252
5.92219 ; 6.14075 ; 0.288423 ; 0.944002
6.07903 ; 4.48635 ; -0.128251 ; -1.03869
4.87283 ; 3.42114 ; -0.608636 ; -0.240958
5.50013 ; 7.38502 ; 0.515438 ; 0.143011
6.56486 ; 7.06706 ; 1.36275 ; 0.109714
4.01408 ; 6.27288 ; -1.46621 ; 0.445116
7.19112 ; 4.14071 ; -0.394441 ; 0.467435
5.50648 ; 4.98708 ; 0.631426 ; -0.52553
5.80851 ; 4.04023 ; 0.800485 ; -1.2309
3.86204 ; 4.00946 ; -1.25017 ; -1.02642
6.7346 ; 7.32032 ; -0.217475 ; -0.221873
5.02111 ; 5.96005 ; 0.399983 ; -0.391767
4.6897 ; 6.38484 ; -1.09011 ; 0.15615
3.93823 ; 7.19916 ; -1.37647 ; 1.04519
5.95566 ; 6.59307 ; -0.0761111 ; 0.205052
5.15734 ; 3.25664 ; -0.532573 ; -0.0383229
7.15808 ; 4.82978 ; 1.295 ; -0.746507
6.33509 ; 6.5533 ; 0.620329 ; 1.28371
7.65178 ; 5.0329 ; -0.121974 ; 0.768221
6.28725 ; 4.44636 ; 0.571854 ; -0.559087
7.58059 ; 4.50422 ; -0.283857 ; -0.751282
7.48983 ; 6.24116 ; 0.293706 ; -0.640234
6.49763 ; 6.74136 ; 0.880742 ; 1.21234
6.63023 ; 4.65277 ; 0.394313 ; -1.05222
5.20191 ; 7.58307 ; 0.190745 ; 0.329905
7.29315 ; 6.10888 ; 0.995093 ; 0.873128
7.13199 ; 5.16387 ; 0.534468 ; -0.385025
4.26529 ; 3.60466 ; 0.0910689 ; -0.251864
3.94775 ; 4.9515 ; -0.233719 ; -0.542499
5.52 ; 4.22127 ; 0.676581 ; -0.636302
7.11029 ; 6.17087 ; 0.913116 ; -0.278552
3.4046 ; 5.43805 ; -0.545516 ; -0.976241
5.33777 ; 6.29569 ; -0.579737 ; 0.423787
6.02689 ; 3.88294 ; -0.106934 ; -0.743734
5.62436 ; 6.02742 ; 0.0419088 ; -1.25989e-05
7.1206 ; 5.86893 ; 1.28034 ; 0.128467
3.9313 ; 7.04258 ; -1.01703 ; 0.228658
4.38535 ; 4.82565 ; -0.100898 ; 0.118972
5.3117 ; 7.64796 ; -0.114379 ; 0.604864
6.51868 ; 7.76427 ; 0.681928 ; -0.691563
4.93406 ; 5.65045 ; -0.396459 ; 0.799329
4.95119 ; 7.39631 ; -0.989665 ; 0.275092
7.04862 ; 4.33229 ; 1.15964 ; -1.03817
4.5974 ; 7.25145 ; 0.445212 ; 0.501452
7.14611 ; 4.30784 ; 1.20083 ; -0.564395
5.3035 ; 5.03877 ; -0.912078 ; 0.17086
6.48272 ; 3.55163 ; -0.284666 ; -1.02633
5.21318 ; 5.71684 ; 0.429391 ; 0.835932
6.54559 ; 5.64746 ; 1.25483 ; -0.587545
4.05519 ; 7.62734 ; -0.62304 ; -0.446497
7.49283 ; 3.71253 ; 0.0256237 ; 0.0967427
3.76991 ; 6.54281 ; 0.0298196 ; -0.532639
5.64835 ; 6.54081 ; -0.0828677 ; 0.76066
6.66092 ; 5.01294 ; 1.18828 ; -0.795895
3.69522 ; 6.48231 ; 0.120218 ; 1.19848
3.81535 ; 4.8288 ; 0.0135104 ; -0.0441174
6.94629 ; 3.67335 ; 0.0305883 ; -0.760415
6.16269 ; 6.74325 ; 0.823903 ; 0.420051
6.29007 ; 4.8092 ; 1.09961 ; -0.159114
7.00185 ; 3.52249 ; 0.134131 ; -0.465833
7.17708 ; 3.81474 ; -0.0262605 ; 0.423729
6.87068 ; 3.25166 ; 1.04615 ; 0.056055
6.49005 ; 7.39387 ; 0.344866 ; -0.0478413
5.46184 ; 7.30068 ; 0.242176 ; 0.645577
3.66722 ; 5.08218 ; -1.01442 ; -0.246382
7.05658 ; 6.91351 ; 0.100894 ; 1.34329
4.49296 ; 5.55553 ; -1.10958 ; -3.64631e-05
5.26621 ; 7.66223 ; -0.663541 ; -0.279182
7.5576 ; 6.345 ; 0.18169 ; 1.10631
7.57435 ; 7.31677 ; 0.328252 ; 0.612052
3.78791 ; 6.75547 ; -0.0557981 ; 0.609852
4.01569 ; 6.82221 ; -1.36398 ; 0.879165
4.29151 ; 6.22664 ; -0.167091 ; -0.00677162
3.45936 ; 4.00936 ; -0.419196 ; -1.29539
7.765 ; 5.34566 ; 0.557931 ; -0.670629
6.77472 ; 4.66852 ; 1.49073 ; -1.05137
4.64167 ; 7.60766 ; -1.12925 ; -0.138415
3.32024 ; 4.2022 ; 0.580946 ; -0.894006
6.74184 ; 3.84004 ; 1.16791 ; -0.607837
4.12443 ; 4.60859 ; -0.263139 ; -0.870558
4.59777 ; 7.04302 ; 0.348663 ; -0.294062
7.37783 ; 5.78802 ; 0.414174 ; 0.925023
3.86374 ; 5.39807 ; -0.126815 ; 0.587792
5.08328 ; 6.71062 ; 0.356716 ; 0.487307
5.02649 ; 5.36956 ; -0.695911 ; -0.309027
4.69536 ; 5.87243 ; 0.106925 ; -0.0967341
4.23029 ; 6.86061 ; -0.244088 ; -0.140988
4.26944 ; 5.17039 ; -0.0494466 ; -0.0116692
5.67176 ; 6.84401 ; 0.557237 ; 1.39575
7.5252 ; 3.72027 ; 0.214034 ; -0.775564
7.26877 ; 7.06907 ; 0.718524 ; 1.12736
4.90914 ; 5.93652 ; -0.154492 ; -0.384912
5.57342 ; 7.46075 ; -0.817943 ; -0.319967
5.69622 ; 7.39811 ; 0.927476 ; 1.07799
6.29158 ; 3.80843 ; 1.22477 ; -0.279624
3.40692 ; 5.85151 ; -0.515193 ; 0.296386
4.9653 ; 7.08697 ; -0.887208 ; 0.967934
3.81232 ; 6.16024 ; -0.0272684 ; 0.260241
5.80072 ; 4.89536 ; 0.973576 ; -0.628698
4.25301 ; 4.46202 ; -0.82408 ; -1.31959
4.00206 ; 5.83154 ; -0.667471 ; -0.424855
4.24491 ; 4.99766 ; -0.567369 ; -0.572581
4.95442 ; 3.6095 ; -0.682056 ; -0.0984852
6.76242 ; 3.3466 ; -0.0920486 ; 0.674982
5.28517 ; 7.28572 ; 0.117633 ; 0.961142
5.14686 ; 5.23624 ; -0.894416 ; 0.109407
7.03629 ; 7.53813 ; 0.766754 ; 0.359854
5.30113 ; 3.65606 ; 0.571456 ; -1.41312
7.64559 ; 4.40693 ; 0.101268 ; -0.578746
5.51805 ; 5.80119 ; 0.385993 ; 0.250109
4.52927 ; 3.61008 ; -1.1507 ; -1.02931
7.54267 ; 5.58669 ; 0.193236 ; -0.491604
6.40473 ; 7.16634 ; -0.175794 ; 1.4821
5.63659 ; 6.84881 ; -0.750533 ; 0.00429869
6.20004 ; 4.86966 ; 0.843408 ; -0.979709
6.75534 ; 4.48741 ; 0.662213 ; -0.960756
6.33379 ; 7.02345 ; -0.0595576 ; -0.178935
4.75826 ; 7.37595 ; 0.52691 ; -0.37768
5.64359 ; 3.81522 ; 0.164928 ; -1.10998
4.46057 ; 3.71285 ; -0.405349 ; -1.06164
7.05609 ; 3.97043 ; 0.50275 ; -0.0395361
3.56235 ; 3.6319 ; -0.0864436 ; 0.314223
6.66079 ; 4.21954 ; 1.05653 ; -1.3672
6.25886 ; 7.52709 ; 0.461262 ; -0.161815
5.08934 ; 6.80117 ; 0.461119 ; 1.25184
5.74152 ; 7.01278 ; 0.580921 ; 0.368497
5.3986 ; 3.93191 ; -0.166792 ; -0.565788
7.01883 ; 4.99491 ; 0.440488 ; 0.0848931
3.57346 ; 6.51963 ; -0.323255 ; 0.784892
6.83186 ; 5.22133 ; 1.228 ; 0.359437
7 ; 5.68562 ; 1.3284 ; -0.621553
4.48743 ; 7.53372 ; -0.545641 ; 0.5443
5.99625 ; 5.78141 ; 0.373295 ; -0.0591259
4.51209 ; 6.23466 ; -1.32187 ; 0.761683
7.21209 ; 4.96137 ; 0.14897 ; -1.01693
6.57044 ; 3.81831 ; 0.599315 ; -1.05448
6.18704 ; 4.00415 ; 0.150129 ; -0.638694
3.61691 ; 5.41859 ; -0.929631 ; -0.374192
6.51783 ; 5.19831 ; 1.39415 ; 0.515336
5.34135 ; 6.91389 ; 0.0185399 ; 0.59414
7.2097 ; 4.17482 ; 0.183107 ; -0.237429
6.55325 ; 4.29576 ; 0.62525 ; -1.47397
5.72117 ; 7.14083 ; 0.536213 ; 1.144
3.43722 ; 6.5834 ; 0.0738877 ; 0.456152
5.38986 ; 7.14951 ; 0.46126 ; 1.15485
4.00843 ; 6.26013 ; -0.907831 ; -0.04651
7.27669 ; 5.95873 ; 0.385373 ; 0.105278
4.18197 ; 6.74741 ; -0.889982 ; 0.450011
6.98388 ; 4.50369 ; 1.38365 ; -0.372071
5.38305 ; 3.71762 ; -0.362569 ; -0.79534
7.1985 ; 3.89253 ; 0.892302 ; -0.415873
4.34264 ; 5.12926 ; -0.604995 ; 0.345812
6.11091 ; 5.21038 ; 0.985005 ; -0.830771
5.92927 ; 4.95866 ; -0.0300544 ; -0.728179
4.39597 ; 3.9372 ; -0.537661 ; -1.57116
7.7074 ; 4.55498 ; -0.316324 ; -0.58152
3.62475 ; 4.63675 ; -0.967865 ; -0.0335525
5.9124 ; 5.54569 ; -0.338735 ; -0.230307
5.5927 ; 6.58007 ; -0.0377091 ; 0.116001
3.47911 ; 6.84377 ; -0.301951 ; 1.19971
6.10032 ; 3.20497 ; 0.148378 ; -0.201257
7.12645 ; 6.70176 ; 0.281371 ; 0.170553
5.4367 ; 6.53585 ; 0.615166 ; 0.241527
6.59632 ; 6.06214 ; 1.1314 ; 0.453329
6.77292 ; 3.85839 ; 1.07709 ; -0.760433
5.42405 ; 6.26825 ; 0.433088 ; 0.179873
4.35823 ; 4.40244 ; -0.210719 ; 0.0039552
5.01791 ; 4.21716 ; -0.440391 ; -0.689257
7.05893 ; 6.68848 ; 0.254809 ; 0.829321
5.74259 ; 7.6526 ; -0.423199 ; -0.526904
6.36236 ; 3.28363 ; 0.382935 ; -0.147082
5.67776 ; 5.13682 ; -0.476836 ; -0.75723
4.92074 ; 4.2509 ; -0.411731 ; -0.53829
3.61739 ; 5.09422 ; -0.587389 ; 0.546129
7.1018 ; 6.43789 ; 1.30292 ; 0.829575
7.47034 ; 3.89678 ; 0.0622244 ; -0.175757
3.6293 ; 4.48246 ; -1.11732 ; -0.309918
4.24867 ; 3.42994 ; -0.735668 ; -0.284693
5.18157 ; 4.55984 ; 0.0110272 ; -1.13959
4.14417 ; 6.70571 ; -0.259909 ; 0.723235
5.17475 ; 3.84695 ; -0.849896 ; -1.63424
3.70674 ; 6.95916 ; -0.738876 ; -0.0506475
4.41246 ; 7.69199 ; -0.519349 ; -0.000198901
6.69212 ; 5.40226 ; 0.295488 ; -0.300427
4.08712 ; 4.70578 ; -0.667958 ; -0.110897
7.62864 ; 4.76393 ; 0.550933 ; 0.557695
6.89695 ; 3.37252 ; 0.483673 ; -0.544086
3.96355 ; 6.94181 ; -0.645585 ; 0.397037
7.5514 ; 4.51435 ; 0.453666 ; -0.964474
7.44487 ; 4.01978 ; 0.580479 ; -0.336948
7.21681 ; 4.7631 ; 0.208685 ; -0.0940206
6.87437 ; 6.07133 ; 1.57005 ; -0.081322
7.57124 ; 4.18278 ; -0.0547868 ; -0.625248
5.8885 ; 6.83367 ; 0.799872 ; 0.928371
5.52316 ; 4.84189 ; -0.436272 ; -0.787956
5.50059 ; 5.88818 ; -0.530995 ; -0.0943365
7.27414 ; 6.83975 ; 0.830999 ; 0.446287
3.70193 ; 7.23314 ; -0.959527 ; 0.789509
6.29163 ; 6.43999 ; -0.304436 ; 0.00641151
4.88499 ; 7.07201 ; 0.209458 ; 0.124221
3.9774 ; 4.81564 ; -0.229461 ; -0.40328
6.61142 ; 7.57113 ; 0.403569 ; 0.0329196
5.09423 ; 6.0397 ; -0.860426 ; 0.195299
5.25775 ; 5.04067 ; -0.393006 ; -1.03161
6.00536 ; 5.50852 ; -0.191571 ; -0.0401214
6.51991 ; 6.70357 ; 0.694935 ; 0.704271
5.02584 ; 4.24639 ; -0.626243 ; -1.47611
6.96582 ; 3.98773 ; -0.0281257 ; -0.280226
5.69185 ; 6.47536 ; -0.229569 ; 0.602488
6.69519 ; 7.12574 ; 0.445972 ; 0.44052
5.17041 ; 7.31784 ; -0.822686 ; 0.861781
5.93556 ; 6.95909 ; 0.353577 ; 1.33829
7.26363 ; 4.60477 ; 0.497116 ; -0.128709
5.7807 ; 4.6178 ; -0.358069 ; -0.790139
7.44442 ; 5.37303 ; 0.191994 ; 0.862575
7.06768 ; 3.50223 ; -0.329615 ; 0.818485
3.58008 ; 6.49317 ; -1.09394 ; 0.494521
6.68342 ; 5.55172 ; 0.720058 ; -0.0653431
6.4788 ; 7.64915 ; 0.465836 ; -0.372193
4.30164 ; 7.25666 ; -1.17882 ; 0.882236
6.70004 ; 7.11959 ; 1.13504 ; 0.750623
4.89077 ; 7.03696 ; -0.240796 ; 0.823406
7.30578 ; 4.70787 ; 1.41316 ; 0.272882
6.27242 ; 4.36649 ; 0.54555 ; -0.221096
6.22398 ; 6.32189 ; -0.306638 ; -0.0372189
3.51895 ; 4.70533 ; -0.8059 ; -0.768024
4.35489 ; 3.85293 ; -0.242249 ; -0.976333
5.4013 ; 7.6942 ; 0.152622 ; -0.193768
7.31895 ; 6.32256 ; 0.619489 ; 0.77618
6.29403 ; 3.46982 ; 0.797667 ; -1.06277
5.37102 ; 6.15845 ; 0.512725 ; 1.14464
4.47505 ; 3.89428 ; -0.609809 ; -1.1007
5.46942 ; 7.06848 ; -0.444527 ; 0.393592
3.77259 ; 5.05483 ; -0.395338 ; -0.902922
6.90996 ; 3.94973 ; 0.00475511 ; -0.564525
3.48093 ; 4.4154 ; -0.247893 ; -1.04042
5.36636 ; 4.0488 ; -0.0975052 ; -1.27002
4.88536 ; 7.1273 ; -1.00569 ; -0.173701
4.65064 ; 7.0019 ; 0.186228 ; 1.06722
7.08262 ; 7.36996 ; 0.33883 ; 0.0611177
7.29728 ; 7.03413 ; 0.769458 ; -0.495613
3.50076 ; 4.1404 ; -0.30026 ; 0.244685
3.33747 ; 4.73348 ; 0.294578 ; -1.04341
4.61989 ; 3.36737 ; -0.111888 ; 0.31624
4.40979 ; 7.33527 ; 0.748731 ; -0.696169
6.84885 ; 7.06057 ; 1.36839 ; 0.180089
3.88462 ; 6.51071 ; -1.28151 ; -0.176504
6.65781 ; 3.95293 ; 0.460803 ; -0.862181
6.70494 ; 6.96928 ; 1.37827 ; 1.39265
4.14129 ; 3.89532 ; -0.169198 ; -1.08522
5.65966 ; 4.41935 ; 0.831139 ; -0.202456
6.9336 ; 4.96788 ; 1.12978 ; -0.160237
6.05257 ; 4.61328 ; 0.907637 ; -1.28569
5.30142 ; 5.20393 ; -0.492761 ; -0.0483671
3.46848 ; 3.73606 ; 1.06672 ; 0.235377
4.82908 ; 4.62569 ; -1.19303 ; -0.233622
6.60654 ; 5.18787 ; -0.0197475 ; -0.800852
6.76237 ; 3.74051 ; 1.26787 ; -0.579664
6.54192 ; 6.03425 ; 0.436488 ; -0.229605
3.38598 ; 5.23882 ; -0.702083 ; 0.247459
5.68617 ; 3.25367 ; -0.179499 ; 0.0756809
3.72963 ; 4.14839 ; -0.780207 ; 0.0849929
7.36694 ; 4.46427 ; 0.260333 ; 0.17462
4.26487 ; 6.33176 ; 0.16 ; 1.20718
4.5914 ; 3.48337 ; -0.848703 ; -0.185402
6.4747 ; 6.22157 ; 0.930456 ; 0.344304
4.37608 ; 5.58064 ; -0.478864 ; 0.307411
6.87862 ; 5.57351 ; 1.39211 ; 0.75801
3.87344 ; 4.55097 ; -0.569102 ; -0.595308
3.91802 ; 6.04081 ; -0.921205 ; -0.398125
4.69749 ; 6.7889 ; -0.143408 ; 0.859373
5.91997 ; 6.84603 ; -0.264328 ; 1.13579
3.85165 ; 6.95788 ; -1.08454 ; 0.468207
4.64514 ; 4.47946 ; -0.184266 ; -0.349051
3.26866 ; 4.42923 ; 0.647834 ; -0.214147
6.30568 ; 7.47635 ; 0.685527 ; 1.06269
4.51096 ; 3.55125 ; 0.408512 ; 0.0920748
6.1101 ; 5.469 ; 0.362749 ; -0.458799
4.25122 ; 4.79047 ; -0.543435 ; -0.00250295
4.62176 ; 4.9814 ; 0.0448016 ; -0.158551
5.69671 ; 4.25184 ; 0.919194 ; -0.475354
6.24874 ; 3.31926 ; 0.922883 ; -0.646899
3.40428 ; 4.30977 ; 0.21273 ; -0.118114
3.47135 ; 5.14198 ; -0.299471 ; -0.754197
3.84031 ; 6.01392 ; -0.17689 ; -0.313991
4.0087 ; 6.74158 ; -0.134483 ; 0.552048
5.52786 ; 5.72825 ; 0.271208 ; 0.304746
4.43215 ; 5.15282 ; -0.861591 ; -0.907652
4.37062 ; 3.65499 ; -0.640238 ; -0.829902
4.76233 ; 5.62447 ; -0.762752 ; -0.0635116
5.95924 ; 4.32457 ; -0.362501 ; -0.761983
3.97518 ; 5.32769 ; -1.33363 ; 0.523259
6.5072 ; 3.32949 ; -0.132861 ; 0.43103
6.53754 ; 7.01779 ; 0.819244 ; 0.854576
7.74235 ; 6.67092 ; 0.548979 ; 1.14334
4.99716 ; 7.21326 ; 0.12318 ; 1.44982
4.90152 ; 5.89227 ; -1.09277 ; 0.650293
4.6283 ; 7.39159 ; -0.906445 ; 0.430309
6.9317 ; 6.1478 ; 1.12179 ; 0.715231
3.43194 ; 4.07078 ; -0.187428 ; -0.440195
4.01992 ; 6.7535 ; -0.654427 ; 1.23313
4.81676 ; 3.63549 ; -0.112241 ; -0.800657
4.28805 ; 3.37628 ; -0.175354 ; -0.647356
5.64396 ; 5.02685 ; -0.121128 ; -0.874643
6.55177 ; 3.74875 ; -0.303349 ; -0.801213
6.77306 ; 6.00583 ; 0.322283 ; -0.392809
5.82742 ; 3.93022 ; 0.463414 ; -1.15037
3.65898 ; 4.02677 ; 0.12604 ; 0.2108
5.43857 ; 5.3134 ; 0.699924 ; 0.249959
6.06799 ; 6.38727 ; 0.961105 ; 0.346936
3.71655 ; 6.61312 ; -0.850006 ; -0.467791
7.02457 ; 4.50799 ; 1.26024 ; -0.146087
7.23148 ; 3.59326 ; 0.661756 ; -0.0357315
4.58259 ; 5.5046 ; -0.978913 ; -0.662694
5.505 ; 4.78761 ; -0.755864 ; -0.394526
4.59105 ; 4.14804 ; -0.705761 ; -1.3426
4.23413 ; 3.8753 ; -0.961037 ; -0.254954
7.54745 ; 4.08347 ; -0.0993458 ; 0.70891
7.43756 ; 7.2881 ; -0.302049 ; -0.604947
4.99444 ; 7.56033 ; 0.539335 ; 0.63072
5.35757 ; 7.30796 ; 0.547562 ; 0.18198
7.03166 ; 5.77846 ; 0.807565 ; -0.107324
6.63758 ; 7.32662 ; 0.0953819 ; 0.76606
7.36909 ; 3.72831 ; 0.0845785 ; -0.436851
5.92342 ; 6.53081 ; 0.817073 ; 0.90791
3.52475 ; 4.34983 ; -0.343471 ; -0.588965
5.62054 ; 6.65548 ; -0.0858153 ; -0.146124
3.79521 ; 3.64266 ; 0.223102 ; 0.134287
4.45828 ; 3.59284 ; -1.01557 ; -1.11574
5.46214 ; 3.54068 ; 0.163887 ; -0.815018
3.6263 ; 6.32832 ; -0.319136 ; 0.030588
7.24327 ; 5.88424 ; 1.55347 ; 0.287753
6.60288 ; 7.43073 ; 0.584862 ; -0.298906
6.98131 ; 3.58829 ; 0.527936 ; 0.201735
7.3282 ; 7.09404 ; 0.565261 ; 1.22367
3.92958 ; 5.38496 ; -0.034102 ; -0.787818
4.61028 ; 5.65195 ; -0.201102 ; -0.461844
6.93635 ; 6.03563 ; 0.299687 ; 0.272789
4.16006 ; 4.06254 ; -1.36146 ; -0.900498
5.34375 ; 3.8162 ; 0.587909 ; -0.730302
3.81938 ; 4.31949 ; -0.940061 ; -1.24315
5.92766 ; 3.86651 ; 0.307955 ; -0.733722
7.2079 ; 5.83747 ; 1.05446 ; 0.117191
4.94996 ; 6.76983 ; 0.277289 ; 1.16766
5.10924 ; 6.76672 ; -0.237805 ; 0.167567
5.36378 ; 4.9525 ; 0.285921 ; -0.297988
5.27887 ; 6.75907 ; -0.110852 ; 0.921884
5.37803 ; 3.81921 ; -0.561604 ; -0.22683
3.71101 ; 5.40166 ; -1.00246 ; -0.0861539
5.25585 ; 3.28746 ; -0.724908 ; -0.838227
6.99017 ; 5.88012 ; 1.42253 ; 0.889687
