5.688 ; 4.15703 ; -0.383002 ; -1.25344
7.28922 ; 5.75902 ; 0.069546 ; 0.474863
6.55748 ; 5.23466 ; -0.266485 ; -0.00517192
4.61102 ; 3.74105 ; 0.902746 ; 0.562282
5.21737 ; 4.91687 ; -0.296333 ; -1.12697
3.79353 ; 4.52464 ; 0.756229 ; 0.770147
5.44518 ; 5.2578 ; -0.628057 ; -0.485177
5.48809 ; 6.24943 ; -0.48823 ; 0.944772
7.22566 ; 5.48336 ; 0.867658 ; 0.610427
7.21916 ; 6.92288 ; 0.469912 ; -0.00938588
6.98523 ; 4.60988 ; 0.0201641 ; -0.954439
6.43613 ; 5.16857 ; 0.779463 ; -0.842964
3.84489 ; 4.42545 ; -0.715163 ; -0.908968
4.16645 ; 4.93595 ; -0.890515 ; 0.419742
6.72637 ; 4.66802 ; 0.708798 ; -0.268035
6.64875 ; 6.60423 ; 0.989428 ; -0.201475
4.49313 ; 4.16936 ; 0.0588291 ; -0.687231
7.6515 ; 6.39543 ; -0.520946 ; 0.359534
5.28238 ; 5.00384 ; -0.283662 ; -0.403022
4.36848 ; 5.62688 ; -0.657678 ; -0.450027
6.74777 ; 6.93474 ; -0.537621 ; -0.827994
3.42044 ; 7.05558 ; 0.75737 ; 0.13542
6.10407 ; 7.70442 ; 0.0160123 ; -0.270498
6.65126 ; 5.40231 ; 1.15515 ; -0.608784
4.65637 ; 7.4988 ; -0.420341 ; 0.216471
6.99314 ; 5.82105 ; 0.65725 ; 0.631015
5.00405 ; 5.23896 ; -0.311577 ; 0.505011
4.62659 ; 5.38242 ; -0.969888 ; 0.16472
3.44367 ; 3.68797 ; 1.01346 ; 0.733349
6.05738 ; 4.14373 ; 0.552341 ; -1.20213
7.30751 ; 5.47053 ; 0.226238 ; -0.450788
5.24182 ; 3.78613 ; -0.411577 ; -0.248415
7.27418 ; 6.62895 ; 0.571234 ; 0.114058
7.76785 ; 6.113 ; -1.03234 ; 0.486804
3.7018 ; 4.30001 ; -0.957753 ; -0.812214
7.2324 ; 3.69983 ; 0.389078 ; -0.464024
4.67267 ; 3.84008 ; -0.46591 ; -0.897178
4.48403 ; 3.74384 ; -0.25284 ; -0.262122
4.12762 ; 7.57069 ; -0.471164 ; -0.419077
3.89891 ; 6.12538 ; -1.00868 ; 0.704446
5.62334 ; 6.24085 ; 0.344425 ; 0.803954
5.27772 ; 7.70276 ; 0.109022 ; -1.23027
6.36816 ; 5.74051 ; 0.933493 ; 0.60196
5.77016 ; 4.20386 ; 0.601992 ; -0.114057
3.77816 ; 4.98018 ; 0.500103 ; -0.631166
5.18345 ; 4.47387 ; 0.200609 ; 0.135198
7.63436 ; 4.00397 ; -0.906583 ; -0.31365
4.53137 ; 5.27695 ; 0.362604 ; 0.0394477
4.01542 ; 4.71845 ; -0.366796 ; -0.427982
7.47292 ; 4.18233 ; -0.384885 ; 0.58047
4.32248 ; 3.66616 ; -0.410745 ; -0.866984
7.28028 ; 3.54196 ; -0.369774 ; 0.281878
4.58473 ; 3.82176 ; 0.23207 ; -0.139539
3.7757 ; 6.464 ; 0.809831 ; -0.386549
4.96989 ; 4.51028 ; -0.437402 ; -0.584208
4.07443 ; 4.97528 ; -0.0283941 ; -0.950336
7.81863 ; 5.2691 ; -0.225799 ; 0.305381
3.71188 ; 6.4179 ; -0.539316 ; -0.472934
7.71093 ; 4.49503 ; -0.0509315 ; 0.206832
7.14412 ; 7.35457 ; 0.800257 ; 0.669518
4.37686 ; 5.47266 ; -0.986007 ; 0.469853
4.71993 ; 4.10999 ; 0.56253 ; 0.258439
3.97158 ; 7.32203 ; -0.521998 ; -0.334064
7.16931 ; 5.04821 ; 0.923717 ; 0.118593
7.27628 ; 7.3512 ; -0.638452 ; -1.62475
4.55887 ; 7.71224 ; -0.679912 ; -1.32915
7.43227 ; 4.06656 ; 0.478917 ; -0.800211
6.19205 ; 3.57285 ; 0.104304 ; 0.42533
4.0049 ; 3.48339 ; -0.855838 ; -0.528945
3.57962 ; 4.7925 ; 0.281183 ; -0.715448
7.17837 ; 4.98822 ; 1.04857 ; 0.105584
4.61071 ; 3.59438 ; -0.849872 ; -0.790437
7.02373 ; 3.51904 ; 0.354818 ; -0.328586
4.31555 ; 4.46455 ; -0.704937 ; -0.967397
3.74922 ; 5.90785 ; 0.0679503 ; 0.0394557
6.47379 ; 7.70926 ; -0.203669 ; -0.950097
7.01603 ; 3.96635 ; -0.264249 ; -0.753188
7.2857 ; 4.8264 ; 0.350976 ; -0.22666
5.59772 ; 3.42383 ; -0.205475 ; -0.0625287
5.43142 ; 7.42639 ; -0.486506 ; 0.541624
7.48258 ; 4.64107 ; -0.622282 ; -0.752983
6.52402 ; 5.70322 ; -0.274689 ; -0.788893
3.86169 ; 5.80481 ; -0.179219 ; -0.352843
3.735 ; 3.717 ; -0.399405 ; -0.235253
7.24149 ; 6.26997 ; -0.333029 ; -0.139985
6.40425 ; 3.79288 ; 0.645649 ; -0.54169
7.49831 ; 5.67706 ; 0.680463 ; -0.6352
5.95929 ; 5.39823 ; -0.0996789 ; -0.297182
6.80831 ; 4.62241 ; 0.356041 ; -0.984992
4.36381 ; 6.36363 ; 0.664638 ; -0.703888
3.71071 ; 6.79036 ; -0.581151 ; -0.722329
5.57125 ; 3.89193 ; 0.130811 ; -0.696908
5.55593 ; 4.9032 ; -0.366476 ; 0.0957357
5.3315 ; 3.33578 ; -0.561425 ; 0.369246
6.24789 ; 5.54996 ; 0.631704 ; 0.76606
7.21427 ; 6.40002 ; -0.746113 ; -0.568542
3.91085 ; 6.47799 ; -1.15739 ; 0.955469
4.73385 ; 5.84136 ; 0.248555 ; 0.366366
6.65112 ; 4.24984 ; 0.917244 ; 0.309307
5.98403 ; 6.43743 ; -0.616311 ; -0.335633
3.63899 ; 6.45471 ; 0.0263877 ; -0.680997
7.42018 ; 4.31078 ; 0.579955 ; 0.164044
5.96702 ; 5.37432 ; 0.156577 ; 0.184425
7.57038 ; 5.96257 ; 0.461957 ; 0.364972
3.98704 ; 6.8226 ; -0.284399 ; 1.06423
3.96251 ; 3.2587 ; -0.370072 ; 0.326115
5.93012 ; 4.77683 ; 0.0565064 ; -0.738063
5.36561 ; 7.19263 ; 0.704841 ; 0.570862
5.43485 ; 6.85732 ; -0.193807 ; 0.374713
6.76124 ; 6.92416 ; -0.124527 ; 1.01043
7.37779 ; 5.3593 ; 0.439554 ; -0.223215
4.45233 ; 6.82811 ; -0.693061 ; 0.334711
7.0878 ; 7.12241 ; -0.357816 ; 0.768431
5.75633 ; 3.36808 ; -0.163832 ; -0.769383
4.38593 ; 6.53274 ; -0.842325 ; -0.527019
7.17053 ; 7.13578 ; 0.622314 ; 0.79498
7.21492 ; 3.49068 ; 0.443618 ; 0.0131011
5.47798 ; 3.55134 ; 0.61865 ; -1.01114
5.76574 ; 6.58377 ; -0.408104 ; 1.09071
4.63319 ; 6.96634 ; 0.540855 ; 0.645902
6.60638 ; 7.67012 ; 0.447055 ; -0.619853
3.86028 ; 6.28596 ; -0.976581 ; 0.203182
6.58558 ; 6.42721 ; 1.0074 ; 0.414932
5.01708 ; 4.48878 ; -0.273727 ; -1.18313
4.2537 ; 6.88562 ; -0.832952 ; 1.14407
5.28653 ; 6.11816 ; 0.590509 ; 0.306845
5.42077 ; 5.82903 ; -0.419194 ; -0.501382
3.87037 ; 3.35669 ; 0.506667 ; 0.364709
3.42965 ; 5.96088 ; -0.318318 ; 0.814287
4.17725 ; 5.14518 ; -0.0443872 ; -0.74983
7.67951 ; 4.75643 ; 0.0303461 ; 0.168812
5.43003 ; 6.72987 ; -0.653515 ; 0.859951
3.54894 ; 6.27429 ; 0.036993 ; -0.734842
5.81699 ; 7.47777 ; 0.856611 ; 0.0954672
6.48188 ; 5.39315 ; 0.256844 ; 0.257925
6.42985 ; 3.57443 ; 0.917702 ; -1.08216
3.63404 ; 7.10051 ; -0.0874375 ; 0.311989
6.49234 ; 7.45167 ; 0.290773 ; -0.587119
6.49809 ; 7.51999 ; 0.0347798 ; -0.142474
5.43172 ; 6.96581 ; -0.909799 ; -0.429409
6.61275 ; 3.78105 ; -0.0338918 ; -0.936019
5.39656 ; 7.58586 ; -0.733391 ; -0.892039
6.91535 ; 7.1126 ; 1.05178 ; 0.63924
5.53473 ; 6.70575 ; -0.335204 ; 0.684769
5.67034 ; 3.4255 ; -0.484788 ; -0.232867
7.64534 ; 4.84708 ; -0.794279 ; -0.562531
4.64286 ; 7.08462 ; -0.523026 ; -0.595963
4.15311 ; 7.37432 ; -0.0383961 ; 0.794122
3.4853 ; 5.59948 ; 0.688092 ; 0.657867
3.45165 ; 3.66364 ; 1.45697 ; -0.00858611
4.47866 ; 3.74576 ; -0.68877 ; -1.22012
5.90944 ; 3.78244 ; -0.0162417 ; -1.21547
3.62233 ; 4.09492 ; 0.538906 ; 0.87042
6.32626 ; 5.13342 ; 0.556721 ; -0.262619
6.95348 ; 6.60004 ; -0.29573 ; -0.119362
5.602 ; 6.33948 ; -0.649127 ; -0.228076
5.94145 ; 5.59321 ; 0.588945 ; 0.14842
6.48435 ; 4.09271 ; 0.268092 ; -0.487469
7.65024 ; 4.24473 ; -1.21574 ; -0.149198
4.51323 ; 3.69293 ; 0.428657 ; -1.03351
7.05464 ; 7.64854 ; 0.176282 ; -0.996326
3.44902 ; 5.77739 ; -0.142195 ; 0.242741
5.51008 ; 4.24204 ; -0.498104 ; -0.867191
7.03349 ; 7.43556 ; 0.948445 ; 0.639089
6.51289 ; 6.84101 ; 0.358153 ; -0.403824
4.64658 ; 5.36165 ; -0.546652 ; -0.303305
5.96947 ; 6.5601 ; 0.920361 ; 1.14654
4.31133 ; 7.74501 ; -0.540295 ; -0.911133
5.40192 ; 4.70554 ; -0.723045 ; -1.17738
6.47452 ; 5.81502 ; 1.13423 ; 0.677295
6.30192 ; 7.30934 ; 0.937594 ; -0.503034
7.44189 ; 6.77033 ; -0.464005 ; -0.535823
6.57916 ; 4.26177 ; 0.304999 ; 0.0881482
6.43313 ; 4.78191 ; 0.230694 ; -0.292823
6.16462 ; 6.13401 ; -0.372911 ; -0.599364
5.20353 ; 4.33966 ; -0.00317533 ; -0.197421
4.44116 ; 3.44491 ; -0.785691 ; -0.791535
4.14404 ; 6.94128 ; 0.652608 ; -0.259177
4.12392 ; 5.34099 ; -0.412164 ; 0.0814286
5.06769 ; 6.60009 ; -0.203615 ; 0.623115
5.73812 ; 6.08871 ; 0.468296 ; -0.345636
3.21819 ; 5.5946 ; 0.140107 ; 0.732277
6.94128 ; 3.73614 ; 0.55957 ; -0.966936
7.5442 ; 3.61723 ; -0.0196949 ; -0.537251
6.14403 ; 4.11614 ; -0.199359 ; -0.255339
4.61749 ; 5.60916 ; 0.0751795 ; -0.0478247
4.628 ; 3.69818 ; 0.132011 ; -0.882033
5.37416 ; 7.1228 ; 0.476003 ; -0.118044
4.08828 ; 3.8277 ; -0.031471 ; -0.363899
6.84156 ; 3.27278 ; 0.789452 ; 0.0366163
6.30124 ; 7.43966 ; 0.92798 ; -0.668097
6.13853 ; 5.8022 ; 0.0506949 ; -0.3881
3.39226 ; 4.2949 ; -0.0555484 ; -0.511224
6.88037 ; 3.69173 ; 0.269506 ; -1.01588
4.14503 ; 4.23792 ; 0.0929814 ; -1.21301
4.50018 ; 3.44288 ; -0.799764 ; -0.812266
7.75703 ; 4.2907 ; -0.675115 ; 0.235397
7.76588 ; 5.74523 ; -0.602116 ; 0.451539
4.52073 ; 7.52633 ; 0.805536 ; -0.163168
3.36889 ; 3.77645 ; 1.15312 ; -0.509302
7.36343 ; 3.94727 ; -1.56308 ; 1.50344
3.544 ; 7.06518 ; 0.250107 ; -0.895757
5.10293 ; 4.18292 ; 0.44316 ; -1.23097
7.01491 ; 6.93469 ; 1.17768 ; -0.254005
3.55654 ; 3.38321 ; 0.267842 ; 0.391238
4.9481 ; 3.39907 ; 0.483007 ; -0.38342
3.49976 ; 6.93867 ; 1.04821 ; -0.982862
4.86198 ; 6.91894 ; 0.129425 ; -0.559918
4.90545 ; 5.19571 ; -0.679833 ; -0.922323
4.4979 ; 4.65187 ; -0.413659 ; -1.03551
7.43216 ; 4.11926 ; 0.300483 ; 0.673475
6.01868 ; 4.39585 ; 0.0761672 ; -0.551635
6.97956 ; 5.31492 ; 0.542987 ; 0.745748
6.52837 ; 4.07369 ; 0.00339793 ; -0.785498
5.11063 ; 5.8253 ; 0.17548 ; 0.619382
3.72621 ; 5.09086 ; -1.10718 ; 0.123503
3.55754 ; 4.39433 ; -0.610541 ; 0.593852
3.89958 ; 7.42843 ; -0.271719 ; -0.889004
3.66957 ; 3.48021 ; 0.192829 ; 0.0519416
4.84588 ; 3.75222 ; 0.174698 ; -0.138289
3.72659 ; 3.51943 ; 0.1136 ; -0.175316
6.92649 ; 6.99759 ; 1.15435 ; -0.226021
6.93618 ; 3.73624 ; -0.807229 ; 0.123154
6.8631 ; 3.66604 ; 1.10383 ; -0.680136
7.30538 ; 6.2606 ; -0.060897 ; 0.0966905
7.12355 ; 3.55111 ; 0.878603 ; -0.262665
6.58789 ; 3.22199 ; 0.930107 ; 0.352624
3.69844 ; 6.83226 ; -0.500282 ; 0.478839
7.33458 ; 5.0585 ; 0.0328713 ; 0.0349338
6.52718 ; 7.54518 ; 0.696893 ; -0.541059
4.58069 ; 6.92148 ; -1.13081 ; 0.984966
3.55321 ; 6.13169 ; -0.221339 ; 0.533033
4.06304 ; 6.66832 ; -0.532112 ; 0.742643
6.28274 ; 4.74119 ; 0.293947 ; 0.370999
3.65329 ; 6.28594 ; -0.595516 ; 0.549077
3.97161 ; 6.0334 ; -0.553277 ; 0.193865
4.07275 ; 7.23144 ; 0.678695 ; -0.402121
4.48849 ; 7.74165 ; -0.844111 ; -0.370261
4.89766 ; 7.02565 ; -0.332013 ; -0.467502
4.50044 ; 3.27851 ; -0.22192 ; 0.858231
6.89233 ; 3.67656 ; -0.82741 ; 0.853989
5.78387 ; 5.22259 ; 0.805893 ; -0.549393
7.28905 ; 6.07636 ; -0.491803 ; -0.489217
4.87897 ; 6.69018 ; -0.708751 ; 0.436434
5.16714 ; 3.15759 ; -0.253152 ; 0.155173
4.25048 ; 5.93834 ; 0.120169 ; -0.485206
5.18139 ; 7.13037 ; -0.921024 ; 1.1615
3.93633 ; 7.39461 ; 0.219685 ; 0.276988
7.41267 ; 4.49801 ; -0.988022 ; 0.799329
4.91283 ; 4.95433 ; 0.0999784 ; -0.477071
6.50154 ; 7.28565 ; 0.628246 ; 0.809427
4.95844 ; 7.63304 ; -0.374984 ; 0.237509
4.25034 ; 7.47646 ; 0.390914 ; 0.477493
6.26043 ; 5.98933 ; 0.535556 ; -0.288583
4.68676 ; 6.82072 ; -0.664931 ; 0.0562072
4.96747 ; 6.10148 ; -0.8908 ; -0.400183
3.35408 ; 6.16539 ; 1.1861 ; -0.66184
3.82694 ; 4.82735 ; -0.667596 ; -0.632406
4.11723 ; 6.71363 ; -0.181707 ; 0.706281
3.3471 ; 6.17249 ; 0.292494 ; 0.755634
6.67344 ; 7.1615 ; 0.547252 ; -0.592759
7.15871 ; 5.29149 ; 0.41475 ; -0.23745
7.39593 ; 4.3652 ; 0.203112 ; 0.176768
4.25135 ; 7.37632 ; 0.555841 ; 0.500668
7.59789 ; 6.79154 ; -0.693212 ; 0.00601962
7.03252 ; 7.35568 ; 0.874314 ; 0.319012
6.3045 ; 7.27456 ; 0.268088 ; -0.632714
6.93166 ; 3.85944 ; -0.59839 ; 0.464411
3.43705 ; 4.53538 ; 1.17414 ; 1.01737
5.60554 ; 3.5978 ; 0.594001 ; -0.428252
6.04589 ; 3.46589 ; 0.285954 ; -0.95318
4.25013 ; 4.45103 ; -0.947466 ; -0.376464
4.85407 ; 7.7252 ; 0.324635 ; -1.13984
7.51606 ; 4.2039 ; 0.0307745 ; 0.704794
6.74362 ; 6.28743 ; 0.946792 ; -0.344401
3.89578 ; 7.33185 ; -1.001 ; 0.46747
4.52721 ; 3.27936 ; -1.01442 ; -0.249953
5.09142 ; 4.50562 ; -0.310189 ; -0.354792
5.15111 ; 6.3434 ; 0.489865 ; 0.628172
5.23706 ; 4.12422 ; -0.373765 ; -0.358021
6.10921 ; 5.39885 ; -0.204538 ; -0.4374
3.71315 ; 3.42698 ; 0.922716 ; 1.17801
3.85082 ; 3.5376 ; -0.661295 ; 0.252684
4.95888 ; 4.86541 ; -0.783472 ; -0.997428
7.48666 ; 4.71679 ; -0.327744 ; -0.203446
4.39084 ; 4.94512 ; -0.177214 ; -0.0673818
7.04086 ; 4.95217 ; 0.0498738 ; -0.0175586
6.57016 ; 6.32825 ; 1.01743 ; -0.35094
5.52652 ; 6.00401 ; 0.653883 ; 0.848708
5.11301 ; 6.36062 ; 0.390592 ; 0.210662
7.52678 ; 5.52159 ; -0.151416 ; -0.0880073
6.25504 ; 3.45448 ; 0.880415 ; -0.304765
7.50662 ; 4.98014 ; -0.941165 ; 0.732258
7.19572 ; 3.73741 ; -0.752134 ; 0.788483
3.89538 ; 3.83185 ; 0.651003 ; 0.149567
5.78504 ; 7.77825 ; -0.204937 ; -0.223512
4.73506 ; 5.43447 ; -0.160238 ; 0.200567
3.64021 ; 3.6779 ; 0.498157 ; 0.648331
5.6249 ; 7.28723 ; -0.419209 ; -0.722675
6.28322 ; 4.53511 ; 0.780573 ; -1.23279
6.70008 ; 7.2495 ; -1.0824 ; -1.09428
5.0427 ; 6.11489 ; 0.43126 ; -0.487274
3.29737 ; 5.32846 ; 1.16686 ; -0.115779
5.63239 ; 4.23565 ; 0.25856 ; -0.740307
7.44449 ; 4.02685 ; 0.260572 ; 0.41873
5.21844 ; 6.86615 ; -0.492446 ; 0.495049
6.33042 ; 3.49383 ; -0.012867 ; -0.184683
3.72308 ; 6.9559 ; 0.151495 ; -1.08993
7.29795 ; 4.54367 ; 1.10858 ; 0.545726
7.73229 ; 6.54068 ; -1.2642 ; 0.461805
3.43518 ; 5.15822 ; 0.231184 ; -0.630251
5.62146 ; 3.18402 ; 0.280511 ; 0.813626
5.10551 ; 7.54784 ; -0.736811 ; -0.0917628
7.07506 ; 5.60215 ; 0.917899 ; 0.107621
4.0641 ; 5.28697 ; 0.286173 ; -0.419837
5.08057 ; 4.47443 ; 0.0371597 ; -0.137273
5.21941 ; 4.58423 ; -0.352463 ; -0.81258
6.98101 ; 6.1262 ; -0.389886 ; 1.02801
5.89667 ; 6.85195 ; 0.843249 ; 1.00185
7.00035 ; 7.05013 ; 1.04588 ; 0.578784
6.58001 ; 4.80296 ; 1.15903 ; -0.820603
7.40622 ; 6.97734 ; -0.73759 ; -0.756259
3.45988 ; 6.95221 ; 0.797041 ; -0.279853
4.32841 ; 7.40888 ; 0.147554 ; 0.594453
7.51162 ; 4.88311 ; -0.789803 ; 0.579811
3.97687 ; 5.66422 ; -0.654546 ; 0.587776
6.213 ; 6.54026 ; 0.998758 ; 0.464878
4.4239 ; 5.17266 ; 0.0168414 ; -0.690786
3.41751 ; 5.47225 ; 0.520551 ; 0.0364201
4.52269 ; 4.56351 ; -0.0774766 ; -1.05291
3.35841 ; 6.18674 ; 0.388065 ; -0.316737
6.08039 ; 3.35373 ; -0.271119 ; -0.240061
3.97299 ; 4.24616 ; 0.0435582 ; 0.539586
6.32987 ; 6.74153 ; 1.13513 ; 0.0876288
3.52048 ; 5.97161 ; -0.616146 ; 0.385463
6.04063 ; 5.76819 ; 0.300716 ; -0.690078
6.60791 ; 5.97102 ; 0.578052 ; 0.585219
3.66275 ; 4.51606 ; -0.276313 ; -1.17441
7.51296 ; 3.72095 ; -0.0430629 ; 0.0192916
3.27185 ; 4.03459 ; 0.406355 ; -0.145347
6.63162 ; 6.47086 ; 0.581626 ; 0.226172
6.95131 ; 5.15462 ; 0.248306 ; 0.541595
7.02942 ; 4.07142 ; 0.100487 ; 0.0709841
4.77672 ; 7.42343 ; -0.449409 ; 0.41117
5.50176 ; 4.3537 ; -0.685845 ; -0.452851
7.33715 ; 4.47872 ; 0.47166 ; -0.901266
4.59425 ; 6.75029 ; -0.805009 ; -0.420087
3.7336 ; 3.28789 ; -0.408829 ; 0.339162
3.40345 ; 4.73005 ; 0.293316 ; 0.65586
6.99818 ; 7.13577 ; 0.655078 ; -0.696065
4.25677 ; 6.8316 ; 0.969068 ; -1.00516
6.63066 ; 7.409 ; -0.630666 ; -1.19122
5.26402 ; 3.84243 ; -0.597898 ; -1.36319
3.97116 ; 4.32309 ; -1.21375 ; -1.16836
5.09094 ; 6.83435 ; 0.69796 ; 0.864182
6.98149 ; 6.31256 ; 0.856534 ; -0.590844
6.99567 ; 4.03816 ; 0.0831981 ; -0.0897569
5.48988 ; 7.02716 ; -0.43021 ; -0.178829
6.71449 ; 3.59334 ; 0.122532 ; 0.221049
5.82207 ; 4.30062 ; -0.287468 ; -0.893311
6.24322 ; 5.58611 ; 0.0318608 ; 0.159159
3.91813 ; 4.49921 ; -1.22412 ; -1.09983
3.58646 ; 6.83468 ; -0.505742 ; 1.0139
7.41301 ; 4.31833 ; 0.417005 ; -0.297525
4.47281 ; 6.70478 ; 0.154331 ; -0.199516
7.3468 ; 5.77098 ; 0.107769 ; 0.675853
3.48695 ; 4.14666 ; 0.79471 ; -0.650332
4.11757 ; 3.89359 ; 0.331231 ; -0.0155628
3.837 ; 6.27883 ; -0.269807 ; 0.165005
5.38083 ; 3.48781 ; 0.355251 ; 0.344337
3.23044 ; 5.74808 ; 0.243106 ; -0.448766
3.86341 ; 3.90154 ; 1.03436 ; 0.177901
6.36592 ; 7.40871 ; 1.03387 ; -0.372255
5.01766 ; 4.17136 ; -0.513914 ; -1.06261
5.88029 ; 7.05103 ; 0.228504 ; 0.908712
3.87333 ; 4.55098 ; -1.03007 ; 0.502178
4.60306 ; 6.87074 ; 0.25035 ; 0.487211
7.13539 ; 3.50148 ; -0.680278 ; 0.366571
4.63059 ; 5.51962 ; 0.103561 ; 0.476575
4.46779 ; 6.50307 ; -0.408552 ; 0.713591
3.72018 ; 6.23078 ; -0.43785 ; -0.603345
4.92596 ; 4.6931 ; 0.453586 ; -1.11122
3.70437 ; 4.21605 ; 0.101756 ; -0.926313
5.10101 ; 6.16364 ; 0.651722 ; 0.671745
4.489 ; 4.72823 ; -0.104257 ; 0.168967
7.46337 ; 6.98511 ; 0.100389 ; 0.368547
7.63351 ; 3.98092 ; -0.15282 ; -0.325187
6.79232 ; 7.16681 ; -0.284278 ; -0.0373514
6.31982 ; 7.58035 ; 0.981886 ; -0.562167
4.98854 ; 4.42308 ; -0.665168 ; -0.0986236
7.10253 ; 7.31282 ; -0.222589 ; 0.851763
3.67328 ; 6.7195 ; -0.420867 ; -0.730905
6.91573 ; 3.54172 ; 0.981707 ; -0.382193
3.98769 ; 6.38378 ; -1.0939 ; -0.589771
4.39474 ; 4.56006 ; -0.246628 ; -0.111772
7.56989 ; 6.63326 ; 0.534361 ; 0.103743
6.34112 ; 4.26419 ; 0.558211 ; -0.961693
7.23761 ; 5.75401 ; 0.957246 ; 0.598261
5.14369 ; 5.25211 ; -0.783768 ; -0.775024
5.27057 ; 7.43262 ; -0.65317 ; -0.845879
3.78963 ; 3.6239 ; 0.534909 ; -0.383309
3.89022 ; 5.45641 ; 0.371009 ; -0.62841
6.66265 ; 7.14772 ; 0.623649 ; 0.977159
3.23865 ; 5.18032 ; 0.0986869 ; -0.361754
3.93535 ; 5.22859 ; -0.721101 ; -0.974596
3.88557 ; 3.97129 ; 0.110684 ; -1.09434
7.23687 ; 3.6292 ; 0.403731 ; -0.914357
4.49541 ; 7.01443 ; 0.714094 ; -0.523623
4.07944 ; 4.33638 ; -0.387294 ; -0.56557
3.69335 ; 5.66789 ; 0.437201 ; -0.344218
5.12609 ; 5.48785 ; -0.143785 ; 0.565635
5.14679 ; 6.83543 ; -0.713741 ; 0.879914
5.15607 ; 3.41947 ; 0.0199565 ; 0.445122
5.77374 ; 3.67171 ; -0.602879 ; 0.240785
7.0427 ; 3.76088 ; 0.983075 ; -1.22774
5.25272 ; 5.26605 ; -0.640005 ; -0.429993
7.5059 ; 6.57823 ; 0.700537 ; -0.00976273
7.35477 ; 6.52379 ; 0.0745018 ; 1.06253
7.14248 ; 3.7605 ; -0.41234 ; 0.571248
4.38868 ; 3.65666 ; 0.146693 ; 0.229636
7.14048 ; 5.3088 ; 0.325615 ; 0.108564
3.27437 ; 5.38354 ; 0.431976 ; -0.0749689
5.88236 ; 4.40871 ; 0.631994 ; -0.772688
5.90832 ; 4.33885 ; -0.582834 ; -0.578877
5.94316 ; 6.96918 ; 0.0480071 ; 0.421973
7.64907 ; 4.53746 ; -0.657522 ; -0.248042
4.37928 ; 3.76558 ; -0.17962 ; -0.79768
4.6803 ; 7.59146 ; -0.466706 ; -0.956164
4.03204 ; 4.39503 ; -0.00327072 ; -0.513073
7.29719 ; 5.58693 ; 0.633153 ; -0.861648
7.82241 ; 5.55448 ; -0.444946 ; -0.766355
4.95615 ; 4.64536 ; 0.305897 ; -1.11829
4.39225 ; 4.62641 ; 0.153203 ; -1.16461
6.19933 ; 5.02066 ; 0.178687 ; -0.843419
7.29753 ; 4.12332 ; -0.486394 ; -0.29585
4.13515 ; 6.67031 ; -0.32878 ; 1.10016
6.3545 ; 7.52814 ; 0.532682 ; 0.464749
3.73197 ; 5.95904 ; -0.481864 ; -0.63591
6.64019 ; 3.79543 ; -0.548545 ; 0.126498
7.82062 ; 5.18707 ; -0.197981 ; -0.728063
4.11322 ; 6.01208 ; -0.751353 ; 0.893303
3.57565 ; 4.67553 ; -0.167448 ; -0.819495
5.14849 ; 5.99458 ; 0.22629 ; 0.487485
7.41458 ; 6.78944 ; 0.238102 ; 0.179041
4.33298 ; 6.66986 ; -0.647808 ; 1.10935
5.35698 ; 5.9366 ; 0.281488 ; -0.667214
6.04302 ; 4.58949 ; -0.672545 ; 0.407306
4.25796 ; 4.06734 ; 0.267278 ; -0.177403
6.88832 ; 6.17995 ; 0.28428 ; -0.422069
7.05176 ; 7.21759 ; -0.289144 ; 0.0479308
7.0756 ; 4.41317 ; 1.16528 ; -0.774472
6.06441 ; 4.87478 ; 0.489099 ; 0.394158
5.69717 ; 5.69772 ; 0.68909 ; -0.0291004
4.45549 ; 4.01263 ; 0.252062 ; -0.401983
6.87086 ; 7.62059 ; 0.616368 ; -1.08234
5.57314 ; 3.37981 ; 0.0136744 ; -0.571736
7.09653 ; 7.69387 ; 0.702213 ; -0.223567
5.2544 ; 7.03698 ; 0.842501 ; -0.571932
4.49091 ; 6.07674 ; -1.11361 ; 0.146346
4.15414 ; 3.92435 ; -1.10477 ; 0.385721
7.41882 ; 3.95893 ; -0.343094 ; 0.14963
7.1499 ; 3.60494 ; 0.371848 ; -0.237548
3.65319 ; 4.98148 ; -0.0552007 ; 0.443295
7.58188 ; 5.1875 ; 0.722661 ; 0.136677
7.39072 ; 5.6213 ; 0.963414 ; -0.0296623
5.24979 ; 7.59389 ; -0.255417 ; -0.703169
5.10903 ; 5.79758 ; 0.0842698 ; 0.175551
5.70905 ; 6.89954 ; 0.16354 ; -0.458841
5.90636 ; 3.71397 ; -0.855349 ; 0.0504832
7.19691 ; 6.99687 ; 0.938731 ; -0.789342
7.26644 ; 3.53609 ; -0.104748 ; 1.20049
7.1948 ; 7.57529 ; 0.360695 ; -1.233
6.78946 ; 5.44018 ; 0.325253 ; 0.478775
7.18643 ; 5.8209 ; 1.16574 ; 0.402956
7.69491 ; 4.99242 ; -0.726769 ; -0.366493
5.96136 ; 7.31329 ; 0.729346 ; 0.627119
6.50912 ; 3.4162 ; -0.693466 ; 1.3044
5.3096 ; 3.60772 ; 0.71961 ; -1.07477
6.41956 ; 6.94596 ; -0.176136 ; -0.44449
7.20216 ; 7.50717 ; 0.237772 ; -0.516162
3.63713 ; 7.0524 ; -0.0173643 ; -0.54193
4.73975 ; 4.31757 ; 0.340164 ; -0.903694
4.76661 ; 7.56151 ; -0.796491 ; -1.05963
7.39186 ; 6.07881 ; -0.112815 ; -0.0291489
3.84766 ; 4.16728 ; -0.222904 ; -0.860147
7.22052 ; 6.15066 ; -0.283903 ; 0.446679
5.99217 ; 7.31117 ; -0.670811 ; 0.366877
6.31973 ; 7.68125 ; 0.899828 ; -1.09961
5.55578 ; 4.16323 ; 0.0963246 ; -1.09089
7.67498 ; 5.38917 ; -0.103524 ; -0.713151
7.65283 ; 4.50306 ; 0.311187 ; -0.870046
6.22086 ; 5.94697 ; 0.214783 ; 0.230498
7.628 ; 5.2972 ; -0.207186 ; -0.0700788
6.86574 ; 7.34398 ; -0.736369 ; 0.105388
3.80904 ; 6.71101 ; 0.20827 ; -0.82141
3.71421 ; 5.83406 ; 0.0478451 ; 0.158321
4.54332 ; 3.33123 ; -0.943762 ; -0.632151
4.97172 ; 3.30685 ; -0.992965 ; -0.671575
3.53295 ; 6.53706 ; 0.903656 ; -0.0183522
4.59233 ; 6.87568 ; -0.159753 ; 0.117698
4.09657 ; 5.77502 ; 0.0777482 ; -0.103215
4.28125 ; 3.4253 ; -0.00524741 ; 0.339256
5.55875 ; 5.24275 ; -0.126578 ; 0.559013
7.63267 ; 7.03988 ; -1.34595 ; -0.669389
3.65647 ; 4.14272 ; -0.985544 ; -0.390346
5.47712 ; 5.10812 ; -0.359215 ; -0.272438
7.30794 ; 6.50742 ; -0.713709 ; -0.447908
3.32065 ; 6.74034 ; 1.3069 ; 0.281535
3.66894 ; 4.53152 ; -1.03919 ; -0.174162
4.21161 ; 5.1816 ; 0.421452 ; -0.7853
5.07909 ; 5.77137 ; 0.0342373 ; 0.378944
4.61473 ; 7.56826 ; 0.0147067 ; -0.799766
6.44899 ; 3.88538 ; 0.0161279 ; 0.151898
4.64391 ; 5.53229 ; 0.436978 ; 0.141826
3.84657 ; 3.39788 ; 0.506403 ; 0.50167
3.53393 ; 5.63649 ; -0.720837 ; -0.848384
3.57855 ; 5.14953 ; -0.357457 ; 0.460118
7.37181 ; 4.39284 ; -0.0902117 ; 0.797314
6.75486 ; 4.65081 ; 1.01727 ; -0.37305
7.23185 ; 4.84346 ; 0.121381 ; -0.959029
4.56876 ; 5.95504 ; -0.544446 ; 0.0592475
3.7615 ; 4.19322 ; -0.362433 ; -0.902736
6.60828 ; 5.7137 ; 1.30465 ; 0.447229
4.23555 ; 4.78786 ; -0.910568 ; 0.329843
4.50889 ; 4.99187 ; -1.17425 ; 0.0352992
5.45467 ; 5.92479 ; 0.529394 ; 0.565539
7.59001 ; 5.81485 ; -0.311288 ; 0.249643
5.11565 ; 7.29501 ; 0.288624 ; 0.236998
3.3324 ; 5.96489 ; 0.38985 ; 0.366723
5.42074 ; 4.4761 ; 0.169991 ; -0.0961694
6.49416 ; 7.12183 ; 0.561014 ; 0.287938
5.28053 ; 3.67828 ; 0.0594222 ; -0.36794
7.46008 ; 7.49702 ; -0.112099 ; -0.0598701
4.90632 ; 3.773 ; -0.225413 ; -0.592992
5.72446 ; 6.09577 ; 0.420246 ; -0.290666
5.78575 ; 5.59286 ; -0.18564 ; -0.501827
7.3 ; 6.21916 ; 0.908934 ; -0.290008
3.31809 ; 6.76026 ; 1.04826 ; 0.286774
4.43898 ; 4.84962 ; -0.49325 ; 0.276862
3.77437 ; 5.87336 ; -0.953107 ; -0.298162
4.22023 ; 3.64722 ; -0.761152 ; -1.0999
5.93336 ; 7.71609 ; 0.0404157 ; -0.436139
3.61482 ; 5.6321 ; -0.635044 ; 0.283024
6.22293 ; 5.82301 ; 0.651962 ; -0.638871
6.58002 ; 4.86287 ; 0.452509 ; 0.142614
5.90325 ; 4.75809 ; -0.114966 ; 0.00865798
6.66926 ; 3.58229 ; -0.904319 ; 0.409485
4.11413 ; 5.78355 ; -0.260261 ; -0.191864
3.69332 ; 6.8013 ; -0.94105 ; 0.420581
7.71281 ; 3.98147 ; -0.103118 ; -0.685284
7.04953 ; 5.84407 ; 1.21934 ; -0.105084
5.76293 ; 5.07531 ; 0.339689 ; 0.409261
6.49732 ; 4.67417 ; 0.223128 ; -0.620782
3.99623 ; 5.44727 ; -0.410168 ; 0.205683
3.7171 ; 5.20317 ; -0.311019 ; -0.224805
6.55259 ; 5.87787 ; -0.202018 ; -0.516802
6.8359 ; 3.74507 ; 0.668616 ; -0.605914
6.87313 ; 5.91077 ; -0.143691 ; 0.937064
5.08693 ; 5.94049 ; 0.434982 ; 0.884828
6.53236 ; 3.24182 ; -0.356701 ; 0.623477
6.54512 ; 3.66253 ; -0.719871 ; 0.489184
4.63175 ; 7.09655 ; 0.844633 ; -0.30044
3.39978 ; 6.24598 ; 0.260133 ; -0.567657
7.57398 ; 5.4915 ; -0.211385 ; -0.732374
5.43549 ; 6.16131 ; -0.642748 ; -0.202214
6.03624 ; 3.4769 ; 0.858518 ; 0.190462
5.94223 ; 7.23281 ; 0.806498 ; 1.14555
6.90411 ; 6.24204 ; 0.913079 ; -0.536295
5.76605 ; 3.48979 ; -0.120724 ; -0.347678
3.47048 ; 7.23057 ; 1.12621 ; -0.988378
4.48244 ; 3.34683 ; -0.765104 ; -0.353358
6.79408 ; 6.24205 ; 0.958273 ; 0.805852
7.08198 ; 4.56326 ; 0.743624 ; -1.06644
7.02077 ; 6.72406 ; 0.316782 ; 0.309573
7.75548 ; 5.37993 ; 0.290801 ; 0.541942
5.72789 ; 3.87779 ; 0.49877 ; 0.149775
6.28565 ; 7.02106 ; -0.167283 ; -0.37718
3.27686 ; 4.9605 ; 0.559225 ; -1.0207
3.30539 ; 5.08343 ; 0.529585 ; -0.678461
6.5915 ; 3.36968 ; -0.796682 ; 0.0626597
4.46938 ; 7.19511 ; 0.51014 ; -0.255896
6.4161 ; 7.0221 ; 0.732741 ; 0.755099
5.85635 ; 3.24965 ; 0.86538 ; -0.0222479
6.45309 ; 3.33046 ; 0.79027 ; 1.04287
6.39197 ; 7.41899 ; -0.514925 ; 0.479386
6.20865 ; 5.97402 ; -0.403526 ; 0.338886
7.36448 ; 6.80003 ; 0.637748 ; 0.767177
5.45129 ; 7.20325 ; 0.00145809 ; 0.168816
4.28317 ; 3.83711 ; -0.425829 ; -1.15999
4.19269 ; 5.18057 ; -1.27167 ; -0.815149
7.09735 ; 6.91529 ; 1.08177 ; 0.228463
5.80562 ; 5.02879 ; -0.456675 ; -1.06036
4.22103 ; 3.8907 ; 0.890244 ; 0.71037
4.05074 ; 5.2218 ; -0.00812083 ; -0.503121
4.93899 ; 7.59789 ; 0.333245 ; -1.21643
7.32209 ; 4.13441 ; -0.730211 ; -0.270963
7.00098 ; 6.78467 ; 0.886626 ; -0.33249
3.49521 ; 6.77293 ; 0.467027 ; -0.256671
6.33426 ; 5.09117 ; 0.257665 ; -0.890674
6.71123 ; 4.22834 ; 0.477522 ; 0.201139
6.45464 ; 3.70172 ; 0.25743 ; -0.625659
3.90869 ; 4.80769 ; -0.14862 ; -1.07521
4.29874 ; 6.66452 ; -1.05852 ; -0.0257689
4.44427 ; 3.40228 ; -0.300843 ; -0.636533
5.87349 ; 4.68013 ; 0.0500651 ; -0.951384
4.66856 ; 7.41495 ; 0.920166 ; -1.32417
6.06289 ; 4.20885 ; 0.444294 ; -0.57247
6.56133 ; 7.30284 ; -0.843523 ; -1.09621
7.53611 ; 7.01488 ; -1.66369 ; -0.901599
3.42643 ; 4.68731 ; -0.1682 ; 0.532194
6.5352 ; 7.12778 ; 0.0144429 ; -0.389891
5.43704 ; 7.18699 ; 0.5288 ; -0.59235
6.50461 ; 4.4555 ; 0.3101 ; -0.984124
5.92269 ; 3.49618 ; 0.819275 ; -0.305886
7.15661 ; 3.85352 ; 0.796645 ; -0.950933
3.47229 ; 4.38793 ; -0.306017 ; -0.471727
5.0784 ; 6.5098 ; 0.182253 ; -0.0158369
5.85825 ; 4.54444 ; -0.537652 ; -0.114805
7.36921 ; 5.7861 ; 1.12967 ; 0.410407
6.24013 ; 7.73479 ; -0.113878 ; -0.190796
4.0772 ; 3.75164 ; 0.575947 ; -0.106638
4.0964 ; 6.3597 ; -0.547517 ; 0.594192
7.50791 ; 7.27215 ; -0.945853 ; -0.0736454
7.38072 ; 5.86429 ; -0.409472 ; 0.749902
5.54038 ; 3.51024 ; -0.160438 ; -0.514439
4.85752 ; 5.53699 ; -0.216258 ; -0.316559
6.19089 ; 7.27885 ; -0.19859 ; 1.01288
6.51865 ; 3.4516 ; -0.0609839 ; 0.020388
5.55804 ; 4.14133 ; 0.633381 ; -1.18871
7.26675 ; 6.61939 ; -0.594398 ; -0.0426311
5.8209 ; 3.42193 ; -0.126599 ; -0.0657355
7.3091 ; 5.74638 ; 0.485605 ; 0.0706579
4.58888 ; 3.87528 ; 0.0218761 ; -1.27694
4.13257 ; 7.43985 ; 0.891467 ; -0.611776
3.7414 ; 6.64773 ; 0.616981 ; -0.286713
3.69998 ; 3.57733 ; 0.695827 ; 0.967465
4.32092 ; 4.14391 ; 0.259437 ; 0.00971559
7.31956 ; 4.85738 ; 0.904495 ; -0.761703
5.92142 ; 6.1565 ; -0.452304 ; 0.166243
5.91299 ; 5.1034 ; -0.0737819 ; -0.543471
4.53003 ; 6.51525 ; 0.467771 ; 0.518632
3.74726 ; 4.38637 ; -0.0218629 ; -0.447465
3.39169 ; 5.97638 ; 0.709014 ; -0.647509
6.55648 ; 3.88053 ; -0.776313 ; 0.845731
5.41986 ; 3.67651 ; -0.0980357 ; -0.517043
4.7621 ; 4.47083 ; 0.468942 ; 0.0711077
5.50023 ; 4.1009 ; 0.351723 ; 0.292603
4.30162 ; 4.92839 ; -0.870837 ; -0.965708
4.64977 ; 3.59387 ; -0.714533 ; -0.588259
5.95103 ; 6.23515 ; 0.226098 ; 0.868904
6.06621 ; 4.38248 ; -0.274948 ; -0.906199
4.81196 ; 3.39704 ; -0.476333 ; 0.313352
5.55167 ; 7.39932 ; 0.575129 ; -0.385144
6.70113 ; 7.07803 ; 1.19836 ; -0.334502
3.86746 ; 6.31739 ; -1.19268 ; 0.263523
7.15167 ; 4.18746 ; -0.912645 ; 0.891024
5.56962 ; 4.93452 ; 0.698536 ; -0.474227
5.88856 ; 3.91714 ; 0.805522 ; -0.991783
3.73702 ; 3.90682 ; -0.876554 ; -0.704551
6.71285 ; 7.29814 ; -0.595639 ; -0.802491
5.0611 ; 5.92087 ; 0.557575 ; -0.552338
4.58068 ; 6.40046 ; -0.984357 ; -0.0644856
3.80058 ; 7.30368 ; -1.01626 ; 0.605798
5.94805 ; 6.61358 ; -0.188032 ; -0.0604783
5.10408 ; 3.25281 ; -0.474892 ; 0.596358
7.28758 ; 4.75513 ; 0.978964 ; -0.651791
6.39712 ; 6.68167 ; 0.478945 ; 1.11866
7.63958 ; 5.10972 ; -0.748944 ; 0.96556
6.34444 ; 4.39045 ; 0.439683 ; -0.368003
7.5522 ; 4.42909 ; -0.918581 ; -0.541266
7.5192 ; 6.17714 ; -0.238806 ; -0.937037
6.5857 ; 6.86259 ; 0.711727 ; 0.979829
6.66966 ; 4.54754 ; 0.156784 ; -0.952039
5.22098 ; 7.61606 ; 0.3062 ; -0.263055
7.39266 ; 6.19619 ; 0.607768 ; 0.771166
7.18544 ; 5.12537 ; 0.169107 ; -0.34792
4.27439 ; 3.57947 ; 0.475126 ; 0.26145
3.92438 ; 4.89725 ; 0.158191 ; -0.465624
5.58766 ; 4.15764 ; 0.74417 ; -0.401166
7.2016 ; 6.14301 ; 0.579702 ; -0.504047
3.35005 ; 5.34043 ; 0.0116273 ; -1.06871
5.27979 ; 6.33807 ; -0.59126 ; 0.262785
6.0162 ; 3.80857 ; -0.251097 ; -0.409213
5.62855 ; 6.02742 ; 0.0252239 ; -0.13626
7.24863 ; 5.88178 ; 0.981639 ; 0.0278428
3.82959 ; 7.06545 ; -0.63793 ; -0.227596
4.37526 ; 4.83754 ; 0.173706 ; 0.284258
5.30026 ; 7.70845 ; -0.0606355 ; 0.0125577
6.58687 ; 7.69512 ; 0.435034 ; -1.49372
4.89442 ; 5.73038 ; -0.298571 ; 0.827726
4.85223 ; 7.42382 ; -0.918328 ; -0.254047
7.16458 ; 4.22847 ; 0.849144 ; -0.828102
4.64192 ; 7.3016 ; 0.754833 ; 0.0353409
7.2662 ; 4.2514 ; 0.858954 ; -0.298858
5.2123 ; 5.05585 ; -0.948052 ; 0.279142
6.45425 ; 3.449 ; -0.593015 ; -0.58182
5.25612 ; 5.80043 ; 0.544312 ; 0.852837
6.67108 ; 5.58871 ; 1.12785 ; -0.695082
3.99289 ; 7.58269 ; -0.20643 ; -1.20031
7.49539 ; 3.7222 ; -0.6025 ; 0.662591
3.7729 ; 6.48955 ; 0.534783 ; -0.90429
5.64007 ; 6.61688 ; -0.119302 ; 0.565954
6.77975 ; 4.93335 ; 1.02153 ; -0.765958
3.70724 ; 6.60216 ; 0.658582 ; 1.00554
3.8167 ; 4.82438 ; 0.478437 ; 0.119214
6.94935 ; 3.59731 ; -0.391039 ; -0.309538
6.24508 ; 6.78526 ; 0.742297 ; 0.127281
6.40004 ; 4.79329 ; 1.02125 ; -0.0230862
7.01526 ; 3.4759 ; -0.308565 ; 0.0756252
7.17446 ; 3.85711 ; -0.525269 ; 0.955611
6.97529 ; 3.25727 ; 0.714145 ; 0.754524
6.52453 ; 7.38908 ; 0.097245 ; -0.625654
5.48606 ; 7.36524 ; 0.285562 ; 0.198013
3.56578 ; 5.05754 ; -0.599985 ; -0.170921
7.06667 ; 7.04784 ; -0.328157 ; 1.0353
4.38201 ; 5.55552 ; -0.965567 ; -0.0277231
5.19985 ; 7.63431 ; -0.649664 ; -0.965527
7.57577 ; 6.45563 ; -0.394636 ; 0.939776
7.60718 ; 7.37797 ; -0.319794 ; 0.0407571
3.78233 ; 6.81645 ; 0.446775 ; 0.281969
3.87929 ; 6.91013 ; -1.05698 ; 0.567972
4.27481 ; 6.22597 ; 0.132413 ; -0.211099
3.41744 ; 3.87982 ; 0.188812 ; -0.963598
7.82079 ; 5.27859 ; -0.0454885 ; -0.705677
6.92379 ; 4.56338 ; 1.30515 ; -0.950938
4.52875 ; 7.59382 ; -0.964745 ; -0.809749
3.37833 ; 4.11279 ; 1.33299 ; -0.587463
6.85863 ; 3.77925 ; 0.930873 ; -0.216253
4.09812 ; 4.52153 ; 0.0793882 ; -0.735125
4.63264 ; 7.01362 ; 0.639043 ; -0.76382
7.41925 ; 5.88053 ; -0.0489201 ; 0.917705
3.85106 ; 5.45685 ; 0.298019 ; 0.657082
5.11895 ; 6.75935 ; 0.504518 ; 0.214815
4.9569 ; 5.33866 ; -0.648821 ; -0.323782
4.70605 ; 5.86275 ; 0.315103 ; -0.209672
4.20588 ; 6.84651 ; 0.0927233 ; -0.551516
4.26449 ; 5.16922 ; 0.257641 ; 0.0548036
5.72748 ; 6.98359 ; 0.576602 ; 1.1646
7.54661 ; 3.64271 ; -0.4082 ; -0.294345
7.34063 ; 7.1818 ; 0.259515 ; 0.730893
4.89369 ; 5.89803 ; -0.0253037 ; -0.539918
5.49162 ; 7.42875 ; -0.908991 ; -0.924044
5.78897 ; 7.50591 ; 0.969694 ; 0.631007
6.41406 ; 3.78047 ; 1.12727 ; 0.132674
3.3554 ; 5.88115 ; 0.0491048 ; 0.203801
4.87658 ; 7.18376 ; -0.820211 ; 0.617638
3.80959 ; 6.18626 ; 0.438668 ; 0.0855565
5.89808 ; 4.83249 ; 1.00379 ; -0.564738
4.1706 ; 4.33006 ; -0.569324 ; -1.1842
3.93531 ; 5.78906 ; -0.33687 ; -0.570486
4.18818 ; 4.9404 ; -0.301626 ; -0.517033
4.88621 ; 3.59965 ; -0.587333 ; 0.394735
6.75322 ; 3.4141 ; -0.486139 ; 1.38348
5.29693 ; 7.38183 ; 0.196973 ; 0.54615
5.05742 ; 5.24718 ; -0.893239 ; 0.166647
7.11296 ; 7.57411 ; 0.360179 ; -0.277637
5.35828 ; 3.51475 ; 0.689106 ; -1.06179
7.65572 ; 4.34906 ; -0.52803 ; -0.31716
5.55665 ; 5.8262 ; 0.427655 ; 0.192228
4.4142 ; 3.50715 ; -0.968781 ; -0.606241
7.562 ; 5.53753 ; -0.352697 ; -0.580628
6.38715 ; 7.31455 ; -0.438116 ; 1.13136
5.56153 ; 6.84924 ; -0.850206 ; -0.353649
6.28438 ; 4.77169 ; 0.766593 ; -0.937267
6.82157 ; 4.39133 ; 0.40839 ; -0.803009
6.32783 ; 7.00556 ; -0.283465 ; -0.626719
4.81095 ; 7.33818 ; 0.801155 ; -0.971213
5.66008 ; 3.70422 ; 0.150047 ; -0.791059
4.42004 ; 3.60669 ; -0.140319 ; -0.675635
7.10637 ; 3.96647 ; 0.110572 ; 0.38251
3.5537 ; 3.66332 ; 0.545565 ; 0.933571
6.76644 ; 4.08282 ; 0.855298 ; -1.16697
6.30498 ; 7.51091 ; 0.290191 ; -0.793568
5.13545 ; 6.92635 ; 0.61907 ; 1.01984
5.79961 ; 7.04963 ; 0.583053 ; -0.00607723
5.38192 ; 3.87533 ; -0.150246 ; -0.236381
7.06288 ; 5.0034 ; 0.0994862 ; 0.211946
3.54114 ; 6.59812 ; 0.220443 ; 0.537835
6.95466 ; 5.25728 ; 1.01783 ; 0.451619
7.13284 ; 5.62347 ; 1.07467 ; -0.745768
4.43286 ; 7.58815 ; -0.283063 ; -0.0368639
6.03358 ; 5.7755 ; 0.30387 ; -0.143835
4.3799 ; 6.31083 ; -1.18955 ; 0.635859
7.22699 ; 4.85967 ; -0.285173 ; -0.980933
6.63037 ; 3.71287 ; 0.364602 ; -0.704772
6.20205 ; 3.94028 ; -0.00911354 ; -0.328872
3.52394 ; 5.38117 ; -0.492276 ; -0.405255
6.65725 ; 5.24985 ; 1.28412 ; 0.625367
5.3432 ; 6.97331 ; 0.0691988 ; 0.273249
7.22801 ; 4.15107 ; -0.282238 ; 0.106314
6.61578 ; 4.14836 ; 0.420053 ; -1.30807
5.77479 ; 7.25523 ; 0.538221 ; 0.796673
3.44461 ; 6.62902 ; 0.71788 ; 0.147853
5.43598 ; 7.26499 ; 0.544775 ; 0.805767
3.91764 ; 6.25548 ; -0.589138 ; -0.273523
7.31522 ; 5.96926 ; -0.0479029 ; -0.0262513
4.09297 ; 6.79241 ; -0.604541 ; 0.132575
7.12224 ; 4.46648 ; 1.11956 ; -0.155158
5.34679 ; 3.63809 ; -0.360027 ; -0.416185
7.28773 ; 3.85094 ; 0.479521 ; 0.0062122
4.28214 ; 5.16384 ; -0.372769 ; 0.457292
6.20941 ; 5.1273 ; 0.945306 ; -0.857331
5.92627 ; 4.88584 ; -0.12498 ; -0.68747
4.3422 ; 3.78008 ; -0.277039 ; -1.2968
7.67576 ; 4.49683 ; -1.005 ; -0.364908
3.52796 ; 4.63339 ; -0.519101 ; 0.194483
5.87852 ; 5.52266 ; -0.458838 ; -0.277146
5.58893 ; 6.59167 ; -0.0563386 ; -0.151765
3.44891 ; 6.96374 ; 0.306665 ; 0.86876
6.11516 ; 3.18485 ; -0.0128884 ; 0.446083
7.15459 ; 6.71881 ; -0.141369 ; -0.174818
5.49822 ; 6.56 ; 0.698277 ; -0.00149389
6.70946 ; 6.10748 ; 0.975594 ; 0.343564
6.88063 ; 3.78235 ; 0.824018 ; -0.38733
5.46736 ; 6.28623 ; 0.501197 ; 0.00218883
4.33716 ; 4.40284 ; 0.0732694 ; 0.273343
4.97387 ; 4.14823 ; -0.355585 ; -0.453416
7.08441 ; 6.77141 ; -0.146415 ; 0.555122
5.70027 ; 7.59991 ; -0.528522 ; -1.2329
6.40065 ; 3.26892 ; 0.165204 ; 0.482667
5.63008 ; 5.0611 ; -0.55726 ; -0.761652
4.87957 ; 4.19707 ; -0.299487 ; -0.295696
3.55865 ; 5.14884 ; -0.116097 ; 0.697513
7.23209 ; 6.52085 ; 0.993441 ; 0.632752
7.47656 ; 3.8792 ; -0.535816 ; 0.290164
3.51757 ; 4.45147 ; -0.675179 ; -0.0621166
4.1751 ; 3.40148 ; -0.413963 ; 0.296747
5.18267 ; 4.44588 ; 0.0951026 ; -1.03787
4.11818 ; 6.77804 ; 0.0952145 ; 0.442995
5.08976 ; 3.68352 ; -0.838569 ; -1.36082
3.63285 ; 6.9541 ; -0.256364 ; -0.521531
4.36052 ; 7.69197 ; -0.21804 ; -0.710209
6.72167 ; 5.37222 ; 0.0425561 ; -0.320141
4.02032 ; 4.69469 ; -0.356187 ; 0.0714884
7.68373 ; 4.8197 ; -0.00847667 ; 0.816543
6.94531 ; 3.31812 ; 0.101046 ; 0.0440721
3.89899 ; 6.98151 ; -0.252029 ; -0.00392887
7.59676 ; 4.4179 ; -0.0955194 ; -0.778169
7.50292 ; 3.98609 ; 0.0537878 ; 0.06614
7.23768 ; 4.7537 ; -0.22747 ; 0.0847854
7.03137 ; 6.0632 ; 1.36496 ; -0.252553
7.56576 ; 4.12025 ; -0.683447 ; -0.297151
5.96849 ; 6.9265 ; 0.786316 ; 0.660819
5.47953 ; 4.7631 ; -0.478139 ; -0.727155
5.44749 ; 5.87875 ; -0.57591 ; -0.206744
7.35724 ; 6.88438 ; 0.397685 ; 0.0715687
3.60598 ; 7.31209 ; -0.470688 ; 0.293777
6.26119 ; 6.44063 ; -0.522511 ; -0.242577
4.90594 ; 7.08444 ; 0.404299 ; -0.303119
3.95446 ; 4.77531 ; 0.156654 ; -0.276795
6.65178 ; 7.57442 ; 0.111694 ; -0.617552
5.00819 ; 6.05923 ; -0.841971 ; 0.074304
5.21845 ; 4.93751 ; -0.370232 ; -1.03829
5.9862 ; 5.50451 ; -0.318592 ; -0.0594658
6.5894 ; 6.774 ; 0.50421 ; 0.438924
4.96321 ; 4.09878 ; -0.561817 ; -1.31291
6.96301 ; 3.9597 ; -0.441047 ; 0.106412
5.66889 ; 6.5356 ; -0.290821 ; 0.410802
6.73979 ; 7.16979 ; 0.158331 ; 0.00130168
5.08814 ; 7.40402 ; -0.80198 ; 0.424207
5.97092 ; 7.09292 ; 0.283289 ; 1.06359
7.31334 ; 4.59189 ; 0.0664007 ; 0.0948734
5.7449 ; 4.53879 ; -0.45352 ; -0.673418
7.46362 ; 5.45929 ; -0.315826 ; 0.966053
7.03471 ; 3.58408 ; -0.844247 ; 1.49896
3.47068 ; 6.54262 ; -0.625152 ; 0.229094
6.75543 ; 5.54519 ; 0.510231 ; -0.0986805
6.52538 ; 7.61193 ; 0.218912 ; -1.08877
4.18376 ; 7.34488 ; -0.927758 ; 0.432552
6.81355 ; 7.19465 ; 0.908353 ; 0.342519
4.86669 ; 7.1193 ; -0.0935052 ; 0.47511
7.4471 ; 4.73516 ; 1.04975 ; 0.507763
6.32697 ; 4.34438 ; 0.412641 ; 0.0243216
6.19332 ; 6.31817 ; -0.504907 ; -0.257018
3.43836 ; 4.62852 ; -0.30423 ; -0.627295
4.33066 ; 3.75529 ; 0.0642257 ; -0.626772
5.41656 ; 7.67483 ; 0.206805 ; -0.884109
7.38089 ; 6.40018 ; 0.180256 ; 0.600056
6.37379 ; 3.36354 ; 0.649524 ; -0.59862
5.4223 ; 6.27291 ; 0.600523 ; 1.0834
4.41407 ; 3.78421 ; -0.377972 ; -0.781551
5.42497 ; 7.10784 ; -0.472062 ; 0.00381351
3.73306 ; 4.96453 ; 0.0383695 ; -0.88378
6.91044 ; 3.89327 ; -0.388637 ; -0.19605
3.45614 ; 4.31136 ; 0.337687 ; -0.830203
5.35661 ; 3.9218 ; -0.0665154 ; -1.03787
4.78479 ; 7.10993 ; -0.925591 ; -0.649798
4.66926 ; 7.10862 ; 0.443356 ; 0.743614
7.1165 ; 7.37607 ; -0.110781 ; -0.53808
7.37422 ; 6.98457 ; 0.306936 ; -1.03591
3.47073 ; 4.16487 ; 0.291086 ; 0.669096
3.36693 ; 4.62914 ; 0.978426 ; -0.927701
4.6087 ; 3.39899 ; 0.150544 ; 0.95944
4.48466 ; 7.26565 ; 1.15137 ; -1.32229
6.98569 ; 7.07858 ; 1.11484 ; -0.270657
3.75647 ; 6.49306 ; -0.940159 ; -0.496956
6.70389 ; 3.86672 ; 0.193164 ; -0.536389
6.84276 ; 7.10855 ; 1.17666 ; 1.08953
4.12437 ; 3.7868 ; 0.211714 ; -0.74709
5.74278 ; 4.39911 ; 0.879379 ; 0.0212674
7.04658 ; 4.95186 ; 0.876921 ; -0.0524538
6.14333 ; 4.48471 ; 0.869302 ; -1.2061
5.25215 ; 5.1991 ; -0.489721 ; 0.000358
3.57515 ; 3.7596 ; 1.83846 ; 0.814065
4.70978 ; 4.60233 ; -1.13432 ; -0.0609835
6.60457 ; 5.10778 ; -0.281506 ; -0.815823
6.88916 ; 3.68255 ; 1.0262 ; -0.149381
6.58557 ; 6.01129 ; 0.233372 ; -0.398908
3.31577 ; 5.26357 ; -0.150733 ; 0.331362
5.66822 ; 3.26124 ; -0.245692 ; 0.719553
3.65161 ; 4.15688 ; -0.326991 ; 0.474022
7.39297 ; 4.48173 ; -0.238251 ; 0.476358
4.28087 ; 6.45248 ; 0.503432 ; 1.08535
4.50653 ; 3.46483 ; -0.653887 ; 0.362138
6.56775 ; 6.256 ; 0.787735 ; 0.184229
4.32819 ; 5.61138 ; -0.245913 ; 0.303726
7.01784 ; 5.64931 ; 1.18106 ; 0.798363
3.81653 ; 4.49144 ; -0.171155 ; -0.407876
3.8259 ; 6.00099 ; -0.58094 ; -0.600524
4.68315 ; 6.87484 ; 0.0598175 ; 0.588281
5.89354 ; 6.95961 ; -0.389867 ; 0.881338
3.7432 ; 7.0047 ; -0.687849 ; 0.0604911
4.62671 ; 4.44455 ; 0.0185792 ; -0.145189
3.33345 ; 4.40781 ; 1.41318 ; 0.0819518
6.37423 ; 7.58262 ; 0.523711 ; 0.566141
4.55181 ; 3.56046 ; 0.747155 ; 0.645029
6.14637 ; 5.42312 ; 0.266252 ; -0.51046
4.19687 ; 4.79022 ; -0.272761 ; 0.162951
4.62624 ; 4.96554 ; 0.267138 ; -0.0643384
5.78863 ; 4.2043 ; 0.965191 ; -0.232839
6.34103 ; 3.25457 ; 0.793167 ; -0.0863283
3.42556 ; 4.29796 ; 0.883626 ; 0.218752
3.4414 ; 5.06656 ; 0.25655 ; -0.741161
3.82262 ; 5.98252 ; 0.259601 ; -0.502779
3.99525 ; 6.79678 ; 0.280325 ; 0.236773
5.55498 ; 5.75873 ; 0.299236 ; 0.269084
4.34599 ; 5.06205 ; -0.677972 ; -0.924382
4.3066 ; 3.572 ; -0.366131 ; -0.397572
4.68606 ; 5.61812 ; -0.657711 ; -0.113168
5.92299 ; 4.24837 ; -0.505234 ; -0.563636
3.84181 ; 5.38002 ; -1.05441 ; 0.604615
6.49392 ; 3.3726 ; -0.44628 ; 1.10666
6.61947 ; 7.10325 ; 0.620989 ; 0.499899
7.79724 ; 6.78525 ; -0.093088 ; 0.856433
5.00948 ; 7.35824 ; 0.282104 ; 1.09345
4.79224 ; 5.9573 ; -1.0494 ; 0.607615
4.53765 ; 7.43462 ; -0.730433 ; -0.0954551
7.04387 ; 6.21933 ; 0.864612 ; 0.599389
3.41319 ; 4.02676 ; 0.450045 ; -0.0533861
3.95448 ; 6.87682 ; -0.293264 ; 0.974308
4.80553 ; 3.55542 ; 0.0776132 ; -0.380055
4.27051 ; 3.31155 ; 0.190809 ; -0.0813878
5.63185 ; 4.93938 ; -0.159152 ; -0.864609
6.52143 ; 3.66863 ; -0.624901 ; -0.40627
6.80528 ; 5.96655 ; 0.0432939 ; -0.575212
5.87376 ; 3.81519 ; 0.430246 ; -0.87026
3.67159 ; 4.04785 ; 0.703977 ; 0.659676
5.50856 ; 5.33839 ; 0.788961 ; 0.303755
6.1641 ; 6.42197 ; 0.923419 ; 0.15036
3.63155 ; 6.56634 ; -0.406079 ; -0.859155
7.15059 ; 4.49338 ; 0.974068 ; 0.0937096
7.29766 ; 3.58969 ; 0.190717 ; 0.539939
4.4847 ; 5.43833 ; -0.847743 ; -0.742886
5.42942 ; 4.74815 ; -0.823849 ; -0.283676
4.52047 ; 4.01378 ; -0.527761 ; -1.12855
4.13803 ; 3.84981 ; -0.684507 ; 0.161205
7.53751 ; 4.15436 ; -0.730137 ; 1.20017
7.40735 ; 7.22761 ; -0.950011 ; -1.26919
5.04837 ; 7.6234 ; 0.750411 ; 0.0708365
5.41233 ; 7.32616 ; 0.649404 ; -0.313896
7.11242 ; 5.76773 ; 0.499662 ; -0.205923
6.64712 ; 7.40323 ; -0.220122 ; 0.285435
7.37755 ; 3.68462 ; -0.485059 ; 0.0582903
6.00513 ; 6.6216 ; 0.800636 ; 0.726867
3.49041 ; 4.29093 ; 0.218847 ; -0.319705
5.61196 ; 6.64087 ; -0.116172 ; -0.461381
3.81752 ; 3.65608 ; 0.78932 ; 0.708978
4.35673 ; 3.48126 ; -0.799484 ; -0.689559
5.47853 ; 3.45918 ; 0.197806 ; -0.37404
3.59439 ; 6.33138 ; 0.19377 ; -0.225626
7.39862 ; 5.91301 ; 1.23205 ; 0.196234
6.66136 ; 7.40084 ; 0.322213 ; -0.922908
7.0341 ; 3.60846 ; 0.136587 ; 0.781611
7.38472 ; 7.2164 ; 0.066481 ; 0.820344
3.92617 ; 5.30618 ; 0.377998 ; -0.84922
4.59017 ; 5.60577 ; -0.0034941 ; -0.557827
6.96631 ; 6.0629 ; -0.0313468 ; 0.145062
4.02391 ; 3.97249 ; -1.10317 ; -0.604015
5.40254 ; 3.74317 ; 0.694027 ; -0.378255
3.72537 ; 4.19517 ; -0.545104 ; -1.03883
5.95846 ; 3.79314 ; 0.231719 ; -0.395206
7.31334 ; 5.84919 ; 0.709097 ; 0.0223668
4.97769 ; 6.88659 ; 0.453072 ; 0.935578
5.08546 ; 6.78348 ; -0.154841 ; -0.152447
5.39237 ; 4.9227 ; 0.352184 ; -0.216585
5.26778 ; 6.85126 ; -0.058522 ; 0.677833
5.32187 ; 3.79653 ; -0.577524 ; 0.17244
3.61077 ; 5.39305 ; -0.606329 ; -0.084044
5.18336 ; 3.20364 ; -0.715503 ; -0.295761
7.13242 ; 5.96909 ; 1.17596 ; 0.861039
