5.6497 ; 4.03169 ; -0.461834 ; -1.04315
7.29617 ; 5.80651 ; -0.409662 ; 0.429112
6.53083 ; 5.23414 ; -0.54868 ; 0.0442609
4.7013 ; 3.79728 ; 1.25614 ; 1.09706
5.18774 ; 4.80418 ; -0.249977 ; -1.10921
3.86915 ; 4.60166 ; 1.32802 ; 1.10745
5.38237 ; 5.20928 ; -0.668745 ; -0.491977
5.43926 ; 6.34391 ; -0.525165 ; 0.833313
7.31242 ; 5.5444 ; 0.489679 ; 0.655953
7.26615 ; 6.92195 ; 0.00530818 ; -0.469459
6.98725 ; 4.51444 ; -0.374363 ; -0.81825
6.51408 ; 5.08428 ; 0.632094 ; -0.858428
3.77338 ; 4.33456 ; -0.300275 ; -0.705513
4.0774 ; 4.97792 ; -0.616288 ; 0.593248
6.79725 ; 4.64121 ; 0.464144 ; -0.0921595
6.74769 ; 6.58408 ; 0.781191 ; -0.543366
4.49901 ; 4.10064 ; 0.349078 ; -0.412445
7.59941 ; 6.43139 ; -1.22298 ; 0.0925665
5.25401 ; 4.96354 ; -0.25196 ; -0.340975
4.30271 ; 5.58188 ; -0.426887 ; -0.544136
6.69401 ; 6.85194 ; -0.938731 ; -1.34295
3.49618 ; 7.06912 ; 1.5297 ; -0.393111
6.10567 ; 7.67737 ; -0.162339 ; -1.00339
6.76678 ; 5.34143 ; 0.981595 ; -0.660898
4.61433 ; 7.52044 ; -0.194614 ; -0.391164
7.05887 ; 5.88415 ; 0.334096 ; 0.587541
4.97289 ; 5.28946 ; -0.215734 ; 0.600914
4.5296 ; 5.39889 ; -0.839021 ; 0.19325
3.54502 ; 3.7613 ; 1.80934 ; 1.38886
6.11261 ; 4.02352 ; 0.467833 ; -0.978838
7.33013 ; 5.42545 ; -0.241428 ; -0.506317
5.20066 ; 3.76129 ; -0.37265 ; 0.172049
7.3313 ; 6.64035 ; 0.114452 ; -0.234025
7.66461 ; 6.16168 ; -1.81792 ; 0.320634
3.60602 ; 4.21879 ; -0.504821 ; -0.552178
7.27131 ; 3.65343 ; -0.107769 ; 0.0343717
4.62608 ; 3.75036 ; -0.268128 ; -0.540935
4.45875 ; 3.71763 ; 0.0281134 ; 0.196222
4.0805 ; 7.52878 ; -0.0613405 ; -1.15612
3.79805 ; 6.19582 ; -0.651218 ; 0.577165
5.65778 ; 6.32124 ; 0.35713 ; 0.682174
5.28862 ; 7.57974 ; 0.19853 ; -2.04023
6.46151 ; 5.80071 ; 0.81779 ; 0.584117
5.83036 ; 4.19245 ; 0.599189 ; 0.187249
3.82817 ; 4.91706 ; 1.03793 ; -0.564915
5.20351 ; 4.48739 ; 0.308394 ; 0.386401
7.5437 ; 3.97261 ; -1.66858 ; 0.117698
4.56763 ; 5.2809 ; 0.648186 ; 0.082157
3.97874 ; 4.67565 ; 0.0107572 ; -0.274059
7.43443 ; 4.24038 ; -1.01726 ; 1.02439
4.28141 ; 3.57946 ; -0.0892657 ; -0.428891
7.24331 ; 3.57015 ; -0.974429 ; 0.921245
4.60794 ; 3.80781 ; 0.526392 ; 0.298902
3.85668 ; 6.42535 ; 1.3994 ; -0.729985
4.92615 ; 4.45186 ; -0.338822 ; -0.411098
4.07159 ; 4.88025 ; 0.356684 ; -0.917923
7.79605 ; 5.29964 ; -0.945233 ; 0.387148
3.65795 ; 6.37061 ; -0.0599312 ; -0.813218
7.70583 ; 4.51572 ; -0.730245 ; 0.52339
7.22415 ; 7.42152 ; 0.361544 ; 0.114175
4.27825 ; 5.51964 ; -0.787701 ; 0.506129
4.77618 ; 4.13584 ; 0.83777 ; 0.63647
3.91938 ; 7.28862 ; -0.0783231 ; -0.9688
7.26169 ; 5.06007 ; 0.566491 ; 0.237881
7.21244 ; 7.18872 ; -1.26922 ; -2.39708
4.49088 ; 7.57932 ; -0.434336 ; -2.17875
7.48016 ; 3.98654 ; -0.059687 ; -0.453432
6.20248 ; 3.61538 ; -0.0791025 ; 0.998519
3.91931 ; 3.4305 ; -0.449953 ; 0.0352485
3.60773 ; 4.72095 ; 0.877434 ; -0.595826
7.28322 ; 4.99877 ; 0.697684 ; 0.240637
4.52572 ; 3.51534 ; -0.65818 ; -0.334045
7.05922 ; 3.48618 ; -0.0818459 ; 0.237195
4.24505 ; 4.36781 ; -0.446357 ; -0.800261
3.75601 ; 5.9118 ; 0.5745 ; -0.0930105
6.45342 ; 7.61425 ; -0.525868 ; -1.76608
6.9896 ; 3.89103 ; -0.728383 ; -0.39438
7.3208 ; 4.80373 ; -0.106018 ; -0.0751984
5.57717 ; 3.41757 ; -0.245896 ; 0.507565
5.38277 ; 7.48056 ; -0.505027 ; 0.0169842
7.42035 ; 4.56577 ; -1.25591 ; -0.588622
6.49655 ; 5.62433 ; -0.548807 ; -0.934057
3.84377 ; 5.76953 ; 0.260658 ; -0.492294
3.69506 ; 3.69347 ; 0.13441 ; 0.286582
7.20819 ; 6.25597 ; -0.849571 ; -0.395787
6.46881 ; 3.73871 ; 0.458898 ; -0.135295
7.56636 ; 5.61354 ; 0.184247 ; -0.769108
5.94932 ; 5.36852 ; -0.210833 ; -0.318934
6.84391 ; 4.52391 ; 0.0515617 ; -0.861022
4.43027 ; 6.29324 ; 1.04034 ; -1.02318
3.6526 ; 6.71813 ; -0.0829134 ; -1.21128
5.58433 ; 3.82224 ; 0.132886 ; -0.356894
5.51928 ; 4.91277 ; -0.4084 ; 0.231401
5.27536 ; 3.3727 ; -0.556984 ; 1.0189
6.31106 ; 5.62656 ; 0.520866 ; 0.811276
7.13966 ; 6.34317 ; -1.29798 ; -0.905922
3.79511 ; 6.57353 ; -0.802209 ; 0.743948
4.7587 ; 5.878 ; 0.469673 ; 0.30106
6.74285 ; 4.28077 ; 0.699912 ; 0.661654
5.92239 ; 6.40387 ; -0.790233 ; -0.62489
3.64162 ; 6.38661 ; 0.591354 ; -1.05671
7.47818 ; 4.32719 ; 0.0718075 ; 0.520505
5.98267 ; 5.39276 ; 0.0691937 ; 0.216261
7.61657 ; 5.99907 ; -0.0898242 ; 0.242138
3.9586 ; 6.92902 ; 0.141659 ; 0.752783
3.9255 ; 3.29132 ; 0.118026 ; 1.07676
5.93577 ; 4.70303 ; -0.0346227 ; -0.650413
5.4361 ; 7.24971 ; 0.820099 ; 0.136617
5.41547 ; 6.89479 ; -0.187136 ; 0.0347016
6.74878 ; 7.0252 ; -0.488764 ; 0.674176
7.42175 ; 5.33698 ; -0.0329377 ; -0.224473
4.38302 ; 6.86158 ; -0.460375 ; -0.0224775
7.05202 ; 7.19926 ; -0.869718 ; 0.319262
5.73994 ; 3.29114 ; -0.247693 ; -0.243972
4.30169 ; 6.48004 ; -0.613995 ; -0.879115
7.23276 ; 7.21527 ; 0.175122 ; 0.336837
7.25928 ; 3.49199 ; -0.0593471 ; 0.640874
5.53985 ; 3.45023 ; 0.694382 ; -0.579871
5.72493 ; 6.69284 ; -0.507423 ; 0.898126
4.68728 ; 7.03093 ; 0.845078 ; 0.279701
6.65109 ; 7.60814 ; 0.146725 ; -1.3965
3.76262 ; 6.30628 ; -0.597042 ; -0.022042
6.68632 ; 6.46871 ; 0.8253 ; 0.190093
4.9897 ; 4.37047 ; -0.170958 ; -1.05756
4.17041 ; 7.00003 ; -0.54673 ; 0.832479
5.34559 ; 6.14885 ; 0.708317 ; 0.169375
5.37885 ; 5.77889 ; -0.433813 ; -0.646832
3.92103 ; 3.39316 ; 1.10895 ; 1.08371
3.39782 ; 6.04231 ; 0.276022 ; 0.731829
4.17281 ; 5.07019 ; 0.3042 ; -0.74691
7.68255 ; 4.77331 ; -0.615093 ; 0.394855
5.36468 ; 6.81586 ; -0.690842 ; 0.604999
3.55264 ; 6.20081 ; 0.629656 ; -1.06167
5.90265 ; 7.48732 ; 0.854636 ; -0.496145
6.50757 ; 5.41895 ; 0.0480798 ; 0.293364
6.52162 ; 3.46621 ; 0.738192 ; -0.643905
3.6253 ; 7.13171 ; 0.514499 ; -0.197061
6.52142 ; 7.39296 ; 0.0263371 ; -1.25958
6.50157 ; 7.50574 ; -0.260767 ; -0.800142
5.34074 ; 6.92287 ; -0.969656 ; -0.884163
6.60936 ; 3.68744 ; -0.352329 ; -0.551957
5.32322 ; 7.49666 ; -0.763656 ; -1.62158
7.02053 ; 7.17653 ; 0.736781 ; 0.193645
5.50121 ; 6.77423 ; -0.368896 ; 0.421495
5.62186 ; 3.40222 ; -0.573972 ; 0.320072
7.56591 ; 4.79082 ; -1.50199 ; -0.438427
4.59056 ; 7.02502 ; -0.322038 ; -1.1245
4.14927 ; 7.45373 ; 0.389339 ; 0.261965
3.55411 ; 5.66527 ; 1.35092 ; 0.672288
3.59735 ; 3.66278 ; 2.28585 ; 0.583793
4.40979 ; 3.62375 ; -0.448433 ; -0.848934
5.90781 ; 3.6609 ; -0.123201 ; -0.879972
3.67622 ; 4.18196 ; 1.1807 ; 1.36731
6.38193 ; 5.10716 ; 0.41739 ; -0.214918
6.92391 ; 6.5881 ; -0.724004 ; -0.464668
5.53709 ; 6.31667 ; -0.729266 ; -0.476623
6.00035 ; 5.60805 ; 0.549895 ; 0.124435
6.51116 ; 4.04396 ; 0.0331626 ; -0.171981
7.52867 ; 4.22981 ; -1.99193 ; 0.213134
4.5561 ; 3.58958 ; 0.77059 ; -0.630114
7.07227 ; 7.54891 ; -0.314519 ; -1.83324
3.4348 ; 5.80166 ; 0.456818 ; 0.162724
5.46027 ; 4.15532 ; -0.542163 ; -0.649908
7.12833 ; 7.49947 ; 0.557801 ; 0.0563744
6.5487 ; 6.80063 ; 0.122885 ; -0.836317
4.59192 ; 5.33132 ; -0.382346 ; -0.316455
6.06151 ; 6.67476 ; 0.897111 ; 0.962942
4.2573 ; 7.6539 ; -0.191468 ; -1.75967
5.32962 ; 4.5878 ; -0.761702 ; -1.11147
6.58794 ; 5.88275 ; 1.00613 ; 0.646735
6.39568 ; 7.25904 ; 0.800393 ; -1.10212
7.39548 ; 6.71674 ; -1.09703 ; -1.00839
6.60966 ; 4.27059 ; 0.0521359 ; 0.412107
6.4562 ; 4.75262 ; 0.0265997 ; -0.15702
6.12733 ; 6.07407 ; -0.565953 ; -0.833857
5.20321 ; 4.31992 ; 0.080366 ; 0.0571381
4.36259 ; 3.36576 ; -0.525675 ; -0.267711
4.2093 ; 6.91536 ; 1.12295 ; -0.728699
4.08271 ; 5.34913 ; -0.0848046 ; 0.114321
5.04733 ; 6.6624 ; -0.104488 ; 0.381563
5.78495 ; 6.05415 ; 0.465735 ; -0.540583
3.2322 ; 5.66783 ; 0.86474 ; 0.752362
6.99723 ; 3.63944 ; 0.188325 ; -0.550021
7.54223 ; 3.56351 ; -0.693191 ; 0.0156339
6.12409 ; 4.09061 ; -0.382461 ; 0.0644796
4.625 ; 5.60438 ; 0.308519 ; -0.0964617
4.6412 ; 3.60998 ; 0.408723 ; -0.47287
5.42176 ; 7.111 ; 0.566753 ; -0.595558
4.08513 ; 3.79131 ; 0.397478 ; 0.0767286
6.92051 ; 3.27644 ; 0.441142 ; 0.729425
6.39404 ; 7.37285 ; 0.784469 ; -1.33403
6.1436 ; 5.76339 ; -0.0905198 ; -0.517315
3.38671 ; 4.24377 ; 0.609571 ; -0.201924
6.90732 ; 3.59015 ; -0.112385 ; -0.590855
4.15433 ; 4.11662 ; 0.492817 ; -0.99048
4.4202 ; 3.36165 ; -0.560188 ; -0.292968
7.68951 ; 4.31424 ; -1.44878 ; 0.627446
7.70567 ; 5.79038 ; -1.33671 ; 0.39972
4.60128 ; 7.51001 ; 1.19697 ; -0.827847
3.4842 ; 3.72552 ; 1.98563 ; -0.00408047
7.20712 ; 4.09761 ; -2.26775 ; 2.09861
3.56901 ; 6.9756 ; 0.92047 ; -1.51603
5.14725 ; 4.05982 ; 0.599298 ; -1.02387
7.13268 ; 6.90929 ; 0.849474 ; -0.729449
3.58333 ; 3.42233 ; 0.976316 ; 1.13367
4.9964 ; 3.36072 ; 0.706401 ; 0.174373
3.60458 ; 6.84039 ; 1.80056 ; -1.56572
4.87493 ; 6.86295 ; 0.325049 ; -1.02128
4.83747 ; 5.10348 ; -0.594648 ; -0.953817
4.45653 ; 4.54832 ; -0.186519 ; -0.932159
7.46221 ; 4.18661 ; -0.251819 ; 1.14514
6.02629 ; 4.34069 ; -0.0401341 ; -0.344543
7.03386 ; 5.3895 ; 0.216352 ; 0.849917
6.52871 ; 3.99514 ; -0.271664 ; -0.490224
5.12818 ; 5.88724 ; 0.294346 ; 0.58455
3.61549 ; 5.10321 ; -0.706036 ; 0.233245
3.49649 ; 4.45371 ; -0.074898 ; 0.96816
3.87241 ; 7.33953 ; 0.233255 ; -1.62685
3.68885 ; 3.4854 ; 0.83448 ; 0.705795
4.86335 ; 3.73839 ; 0.387278 ; 0.314146
3.73795 ; 3.5019 ; 0.719879 ; 0.433493
7.04193 ; 6.97499 ; 0.851018 ; -0.715783
6.85545 ; 3.74855 ; -1.31006 ; 0.64418
6.97348 ; 3.59803 ; 0.80286 ; -0.217075
7.29929 ; 6.27027 ; -0.572973 ; -0.135169
7.21141 ; 3.52485 ; 0.456675 ; 0.304909
6.68091 ; 3.25725 ; 0.68071 ; 1.08147
3.64842 ; 6.88014 ; 0.0133582 ; 0.0920562
7.33787 ; 5.06199 ; -0.467475 ; 0.146106
6.59687 ; 7.49108 ; 0.454938 ; -1.25013
4.46761 ; 7.01998 ; -0.97189 ; 0.662388
3.53107 ; 6.185 ; 0.33798 ; 0.375464
4.00983 ; 6.74258 ; -0.165227 ; 0.458358
6.31213 ; 4.77829 ; 0.135721 ; 0.580759
3.59374 ; 6.34084 ; -0.105447 ; 0.348813
3.91629 ; 6.05278 ; -0.182042 ; 0.0462274
4.14062 ; 7.19123 ; 1.1955 ; -0.99918
4.40408 ; 7.70463 ; -0.587256 ; -1.1537
4.86446 ; 6.9789 ; -0.189436 ; -0.954636
4.47825 ; 3.36433 ; 0.0823022 ; 1.60773
6.80959 ; 3.76196 ; -1.32093 ; 1.46378
5.86446 ; 5.16765 ; 0.82464 ; -0.553723
7.23986 ; 6.02744 ; -1.03376 ; -0.722462
4.80809 ; 6.73382 ; -0.605887 ; 0.1462
5.14183 ; 3.17311 ; -0.164686 ; 0.863526
4.2625 ; 5.88982 ; 0.466448 ; -0.666985
5.08929 ; 7.24652 ; -0.911885 ; 0.799269
3.9583 ; 7.42231 ; 0.756367 ; -0.330191
7.31387 ; 4.57794 ; -1.63408 ; 1.15613
4.92283 ; 4.90663 ; 0.261338 ; -0.407946
6.56436 ; 7.36659 ; 0.402014 ; 0.338114
4.92094 ; 7.65679 ; -0.235622 ; -0.412334
4.28944 ; 7.52421 ; 0.83378 ; -0.120039
6.31398 ; 5.96047 ; 0.40936 ; -0.456272
4.62026 ; 6.82634 ; -0.499746 ; -0.318001
4.87839 ; 6.06146 ; -0.837985 ; -0.605721
3.47269 ; 6.09921 ; 1.96211 ; -0.955642
3.76018 ; 4.76411 ; -0.257936 ; -0.523532
4.09906 ; 6.78426 ; 0.203513 ; 0.406707
3.37634 ; 6.24806 ; 0.990559 ; 0.597504
6.72817 ; 7.10223 ; 0.264922 ; -1.16282
7.20018 ; 5.26774 ; 0.0170351 ; -0.222071
7.41624 ; 4.38288 ; -0.329416 ; 0.515411
4.30693 ; 7.42638 ; 1.00727 ; -0.0528209
7.52857 ; 6.79214 ; -1.41502 ; -0.432343
7.11995 ; 7.38758 ; 0.484154 ; -0.261065
6.33131 ; 7.21129 ; 0.0686626 ; -1.23116
6.87182 ; 3.90588 ; -1.07251 ; 0.974537
3.55447 ; 4.63712 ; 1.92073 ; 1.39028
5.66494 ; 3.55498 ; 0.63098 ; 0.0394622
6.07448 ; 3.37057 ; 0.161714 ; -0.476924
4.15539 ; 4.41339 ; -0.690056 ; -0.148207
4.88653 ; 7.61122 ; 0.57067 ; -1.96535
7.51913 ; 4.27438 ; -0.576178 ; 1.15591
6.8383 ; 6.25299 ; 0.716651 ; -0.608419
3.79568 ; 7.37859 ; -0.570965 ; -0.0981624
4.42577 ; 3.25436 ; -0.793168 ; 0.389994
5.0604 ; 4.47014 ; -0.230252 ; -0.159825
5.2001 ; 6.40622 ; 0.63302 ; 0.461212
5.19968 ; 4.08842 ; -0.333664 ; -0.0568927
6.08876 ; 5.35511 ; -0.362744 ; -0.473001
3.80542 ; 3.54478 ; 1.62067 ; 1.95494
3.78469 ; 3.56287 ; -0.182666 ; 0.885081
4.88053 ; 4.76567 ; -0.718906 ; -0.954081
7.45389 ; 4.69645 ; -0.931387 ; -0.00955836
4.37312 ; 4.93838 ; 0.0979943 ; 0.0512362
7.04584 ; 4.95042 ; -0.350236 ; 0.11216
6.6719 ; 6.29315 ; 0.84341 ; -0.622641
5.5919 ; 6.08888 ; 0.719901 ; 0.791808
5.15207 ; 6.38169 ; 0.533778 ; -0.00194117
7.51164 ; 5.51279 ; -0.739419 ; -0.122837
6.34308 ; 3.42401 ; 0.747236 ; 0.2439
7.4125 ; 5.05337 ; -1.60172 ; 0.938154
7.12051 ; 3.81625 ; -1.34373 ; 1.39189
3.96048 ; 3.84681 ; 1.21674 ; 0.652994
5.76455 ; 7.75589 ; -0.305326 ; -0.977169
4.71904 ; 5.45453 ; 0.0185942 ; 0.21968
3.69002 ; 3.74273 ; 1.16304 ; 1.28105
5.58298 ; 7.21496 ; -0.48674 ; -1.31776
6.36127 ; 4.41183 ; 0.664879 ; -1.11867
6.59184 ; 7.14007 ; -1.53422 ; -1.74352
5.08582 ; 6.06617 ; 0.593716 ; -0.704028
3.41406 ; 5.31689 ; 1.94995 ; -0.0955309
5.65824 ; 4.16162 ; 0.258223 ; -0.509475
7.47054 ; 4.06872 ; -0.307131 ; 0.899397
5.1692 ; 6.91565 ; -0.457601 ; 0.162157
6.32913 ; 3.47536 ; -0.253938 ; 0.363622
3.73823 ; 6.84691 ; 0.729247 ; -1.66989
7.40881 ; 4.59824 ; 0.705339 ; 0.859128
7.60587 ; 6.58686 ; -2.07592 ; 0.149474
3.4583 ; 5.09519 ; 0.87153 ; -0.609809
5.64951 ; 3.26538 ; 0.280131 ; 1.56932
5.03183 ; 7.53866 ; -0.680183 ; -0.733677
7.16685 ; 5.61291 ; 0.594476 ; 0.0718107
4.09271 ; 5.24499 ; 0.701949 ; -0.422111
5.08429 ; 4.4607 ; 0.154804 ; 0.0875663
5.18416 ; 4.50297 ; -0.30983 ; -0.683091
6.94202 ; 6.229 ; -0.81859 ; 0.935083
5.98099 ; 6.95214 ; 0.828016 ; 0.718684
7.10494 ; 7.10801 ; 0.704788 ; 0.144818
6.69591 ; 4.7209 ; 0.999509 ; -0.737661
7.33246 ; 6.90171 ; -1.39773 ; -1.32295
3.53958 ; 6.92422 ; 1.54592 ; -0.805714
4.34317 ; 7.46832 ; 0.534223 ; 0.041756
7.43264 ; 4.94109 ; -1.44153 ; 0.800908
3.91142 ; 5.72299 ; -0.301962 ; 0.582252
6.31288 ; 6.58675 ; 0.917829 ; 0.221531
4.42559 ; 5.10358 ; 0.298998 ; -0.692052
3.46956 ; 5.47589 ; 1.19468 ; 0.0279841
4.51495 ; 4.45822 ; 0.177987 ; -0.927418
3.39722 ; 6.15507 ; 1.0914 ; -0.583779
6.05328 ; 3.32972 ; -0.464945 ; 0.349348
3.97734 ; 4.30012 ; 0.496256 ; 0.933527
6.44338 ; 6.75029 ; 1.02751 ; -0.257353
3.45887 ; 6.01015 ; -0.0874952 ; 0.262006
6.0707 ; 5.69919 ; 0.208944 ; -0.839239
6.66572 ; 6.02954 ; 0.361409 ; 0.503439
3.63512 ; 4.39861 ; 0.243755 ; -1.01249
7.50866 ; 3.72288 ; -0.695044 ; 0.581896
3.31248 ; 4.02005 ; 1.19231 ; 0.303547
6.68979 ; 6.49347 ; 0.346269 ; -0.0315985
6.97614 ; 5.20878 ; -0.0996564 ; 0.669456
7.03947 ; 4.07852 ; -0.325802 ; 0.475265
4.73178 ; 7.46455 ; -0.268279 ; -0.140702
5.43318 ; 4.30841 ; -0.745441 ; -0.228522
7.38431 ; 4.38859 ; -0.00649798 ; -0.706066
4.51375 ; 6.70828 ; -0.628097 ; -0.82213
3.69271 ; 3.32181 ; 0.166113 ; 1.10066
3.43279 ; 4.79563 ; 0.964952 ; 0.935636
7.06369 ; 7.06617 ; 0.274193 ; -1.2863
4.35367 ; 6.73108 ; 1.4244 ; -1.50093
6.5676 ; 7.28988 ; -1.02885 ; -1.90699
5.20423 ; 3.70611 ; -0.583718 ; -1.06076
3.84978 ; 4.20625 ; -0.881153 ; -0.960746
5.16073 ; 6.92077 ; 0.883156 ; 0.573738
7.06714 ; 6.25347 ; 0.542969 ; -0.893669
7.00399 ; 4.02918 ; -0.335202 ; 0.307683
5.44686 ; 7.00928 ; -0.460841 ; -0.629078
6.72674 ; 3.61545 ; -0.223729 ; 0.790976
5.79332 ; 4.21129 ; -0.390501 ; -0.693575
6.2464 ; 5.60202 ; -0.136637 ; 0.137187
3.79572 ; 4.38922 ; -0.882001 ; -0.938509
3.53589 ; 6.93607 ; 0.0525079 ; 0.666591
7.45471 ; 4.28858 ; -0.103728 ; 0.0101337
4.48825 ; 6.68483 ; 0.459188 ; -0.569574
7.35758 ; 5.83857 ; -0.388293 ; 0.644836
3.56642 ; 4.08163 ; 1.51253 ; -0.309229
4.15069 ; 3.89204 ; 0.782081 ; 0.434549
3.81002 ; 6.29533 ; 0.183637 ; -0.0628148
5.41635 ; 3.52225 ; 0.433988 ; 0.930198
3.25475 ; 5.7032 ; 0.974762 ; -0.59266
3.96684 ; 3.91933 ; 1.64122 ; 0.660989
6.46931 ; 7.37149 ; 0.880651 ; -1.00036
4.96626 ; 4.0651 ; -0.429283 ; -0.837035
5.90314 ; 7.1419 ; 0.155883 ; 0.552524
3.77032 ; 4.6012 ; -0.658886 ; 0.8028
4.62809 ; 6.91947 ; 0.531687 ; 0.136484
7.06736 ; 3.53814 ; -1.26185 ; 1.01785
4.64094 ; 5.56728 ; 0.336004 ; 0.501827
4.42694 ; 6.57443 ; -0.165005 ; 0.494644
3.6764 ; 6.17045 ; 0.0396925 ; -0.89692
4.97131 ; 4.58197 ; 0.649327 ; -1.03271
3.71455 ; 4.12342 ; 0.660323 ; -0.648673
5.16618 ; 6.23081 ; 0.821173 ; 0.556603
4.47857 ; 4.74512 ; 0.154307 ; 0.366778
7.47341 ; 7.02196 ; -0.502087 ; -0.0957117
7.61823 ; 3.9484 ; -0.844734 ; 0.113356
6.76389 ; 7.16307 ; -0.688241 ; -0.561809
6.418 ; 7.52413 ; 0.830857 ; -1.27738
4.92202 ; 4.41322 ; -0.591773 ; 0.145354
7.08027 ; 7.39799 ; -0.741648 ; 0.333776
3.63119 ; 6.64641 ; 0.102442 ; -1.19838
7.0139 ; 3.5035 ; 0.643774 ; 0.160969
3.8783 ; 6.3248 ; -0.764403 ; -0.9178
4.37008 ; 4.54889 ; 0.0292173 ; 0.106458
7.62332 ; 6.64363 ; -0.0435951 ; -0.265622
6.39694 ; 4.16802 ; 0.398953 ; -0.747192
7.33333 ; 5.81383 ; 0.580582 ; 0.566485
5.06531 ; 5.17461 ; -0.766939 ; -0.807502
5.20525 ; 7.34803 ; -0.640517 ; -1.5097
3.84312 ; 3.58557 ; 1.14743 ; 0.156092
3.92732 ; 5.39357 ; 0.852214 ; -0.696347
6.72502 ; 7.24543 ; 0.352718 ; 0.563916
3.24851 ; 5.14414 ; 0.810615 ; -0.31939
3.86324 ; 5.13113 ; -0.361563 ; -1.01151
3.89664 ; 3.86185 ; 0.617685 ; -0.758345
7.27724 ; 3.53776 ; -0.099373 ; -0.42969
4.56682 ; 6.96207 ; 1.07841 ; -1.02684
4.04071 ; 4.27982 ; -0.0180213 ; -0.31402
3.73707 ; 5.63347 ; 0.996443 ; -0.44617
5.11171 ; 5.54441 ; -0.061185 ; 0.607567
5.07542 ; 6.92342 ; -0.68105 ; 0.591394
5.15807 ; 3.46399 ; 0.133206 ; 1.07121
5.71346 ; 3.69578 ; -0.730768 ; 0.749482
7.14101 ; 3.6381 ; 0.616138 ; -0.834336
5.18872 ; 5.22305 ; -0.636062 ; -0.433262
7.57595 ; 6.57726 ; 0.168445 ; -0.367106
7.36222 ; 6.63004 ; -0.455342 ; 0.833899
7.10125 ; 3.81762 ; -0.950137 ; 1.14169
4.40334 ; 3.67962 ; 0.502481 ; 0.773772
7.17304 ; 5.31966 ; -0.0746937 ; 0.153655
3.31757 ; 5.37604 ; 1.15906 ; -0.0674342
5.94556 ; 4.33144 ; 0.605261 ; -0.591564
5.85003 ; 4.28096 ; -0.736234 ; -0.360091
5.94796 ; 7.01137 ; -0.0584077 ; 0.0467564
7.58331 ; 4.51265 ; -1.36739 ; 0.00604104
4.36132 ; 3.68582 ; 0.140652 ; -0.392766
4.63363 ; 7.49585 ; -0.248474 ; -1.71479
4.03171 ; 4.34373 ; 0.417315 ; -0.272327
7.36051 ; 5.50077 ; 0.208165 ; -0.988518
7.77792 ; 5.47784 ; -1.18726 ; -0.878313
4.98674 ; 4.53353 ; 0.480068 ; -1.02833
4.40757 ; 4.50995 ; 0.467766 ; -1.06215
6.2172 ; 4.93632 ; 0.0342178 ; -0.823981
7.24889 ; 4.09373 ; -1.06446 ; 0.0701267
4.10227 ; 6.78033 ; 0.0337977 ; 0.84988
6.40777 ; 7.57462 ; 0.332182 ; -0.12871
3.68378 ; 5.89545 ; -0.0221859 ; -0.850001
6.58534 ; 3.80808 ; -0.925491 ; 0.609111
7.80082 ; 5.11426 ; -0.91658 ; -0.721908
4.03808 ; 6.10141 ; -0.44564 ; 0.821842
3.5589 ; 4.59358 ; 0.390227 ; -0.673177
5.17112 ; 6.04332 ; 0.341786 ; 0.398391
7.43839 ; 6.80734 ; -0.31573 ; -0.2277
4.26819 ; 6.7808 ; -0.379984 ; 0.86895
5.38513 ; 5.86987 ; 0.351765 ; -0.8546
5.97577 ; 4.63022 ; -0.865601 ; 0.656978
4.28468 ; 4.0496 ; 0.655752 ; 0.189685
6.91674 ; 6.13774 ; -0.0494906 ; -0.667048
7.02285 ; 7.22238 ; -0.788276 ; -0.505028
7.19213 ; 4.33573 ; 0.839099 ; -0.560059
6.11332 ; 4.91419 ; 0.408074 ; 0.569328
5.76607 ; 5.69481 ; 0.717869 ; -0.0958662
4.4807 ; 3.97243 ; 0.579358 ; -0.0481621
6.9325 ; 7.51236 ; 0.240999 ; -1.89744
5.57451 ; 3.32264 ; 0.00216039 ; -0.0342383
7.16675 ; 7.67152 ; 0.241487 ; -1.01339
5.33865 ; 6.97978 ; 0.999512 ; -1.06548
4.37955 ; 6.09137 ; -0.951952 ; -0.00571461
4.04366 ; 3.96292 ; -0.804757 ; 0.862865
7.38451 ; 3.9739 ; -0.965692 ; 0.62628
7.18709 ; 3.58119 ; -0.103089 ; 0.31333
3.64767 ; 5.02581 ; 0.473574 ; 0.617657
7.65415 ; 5.20117 ; 0.196277 ; 0.223901
7.48706 ; 5.61833 ; 0.53406 ; -0.0870504
5.22425 ; 7.52357 ; -0.195361 ; -1.42099
5.11746 ; 5.81513 ; 0.19434 ; 0.104116
5.7254 ; 6.85365 ; 0.133107 ; -0.895408
5.82083 ; 3.71902 ; -1.04349 ; 0.527195
7.29078 ; 6.91793 ; 0.520589 ; -1.35043
7.25596 ; 3.65614 ; -0.678319 ; 1.92426
7.23087 ; 7.45199 ; -0.160374 ; -2.06889
6.82198 ; 5.48806 ; 0.0362713 ; 0.524029
7.30301 ; 5.86119 ; 0.822997 ; 0.334536
7.62223 ; 4.95577 ; -1.44501 ; -0.267415
6.03429 ; 7.376 ; 0.676141 ; 0.149215
6.43978 ; 3.54664 ; -1.06171 ; 2.03005
5.38156 ; 3.50025 ; 0.852483 ; -0.668725
6.40195 ; 6.90151 ; -0.440953 ; -0.912224
7.22594 ; 7.45555 ; -0.291698 ; -1.2591
3.63539 ; 6.99821 ; 0.586094 ; -1.11639
4.77376 ; 4.2272 ; 0.582115 ; -0.701251
4.68696 ; 7.45554 ; -0.638672 ; -1.80997
7.38057 ; 6.07589 ; -0.655279 ; -0.221037
3.82537 ; 4.08127 ; 0.252566 ; -0.569293
7.19213 ; 6.19533 ; -0.783614 ; 0.286047
5.92509 ; 7.34785 ; -0.869491 ; -0.136058
6.40971 ; 7.57129 ; 0.73708 ; -1.90722
5.56541 ; 4.05415 ; 0.0992741 ; -0.869838
7.66463 ; 5.31785 ; -0.747305 ; -0.769068
7.68395 ; 4.41605 ; -0.306822 ; -0.663645
6.24234 ; 5.97002 ; 0.0678105 ; 0.125668
7.60729 ; 5.29019 ; -0.842261 ; -0.0360578
6.79211 ; 7.35451 ; -1.22067 ; -0.478288
3.82987 ; 6.62887 ; 0.741807 ; -1.28546
3.71899 ; 5.84989 ; 0.563479 ; 0.0583677
4.44894 ; 3.26801 ; -0.724804 ; -0.0523891
4.87243 ; 3.23969 ; -0.916168 ; -0.104014
3.62332 ; 6.53522 ; 1.5999 ; -0.362994
4.57635 ; 6.88745 ; 0.0838706 ; -0.271348
4.10434 ; 5.7647 ; 0.464772 ; -0.205584
4.28073 ; 3.45923 ; 0.386121 ; 0.991936
5.5461 ; 5.29865 ; -0.145047 ; 0.658776
7.49807 ; 6.97294 ; -2.15909 ; -1.27207
3.55791 ; 4.10369 ; -0.507456 ; -0.0349583
5.4412 ; 5.08088 ; -0.381563 ; -0.22285
7.23657 ; 6.46263 ; -1.30209 ; -0.813191
3.45134 ; 6.76849 ; 2.14269 ; -0.120326
3.56502 ; 4.5141 ; -0.592957 ; 0.0747194
4.25376 ; 5.10308 ; 0.80559 ; -0.795336
5.08251 ; 5.80926 ; 0.146376 ; 0.333854
4.61621 ; 7.48828 ; 0.300852 ; -1.53807
6.4506 ; 3.90057 ; -0.241757 ; 0.597072
4.6876 ; 5.54647 ; 0.698971 ; 0.131124
3.89721 ; 3.44805 ; 1.11423 ; 1.21821
3.46184 ; 5.55165 ; -0.214429 ; -0.990574
3.54281 ; 5.19555 ; 0.166955 ; 0.588383
7.36278 ; 4.47257 ; -0.641429 ; 1.18527
6.85659 ; 4.61351 ; 0.79102 ; -0.201974
7.24398 ; 4.74755 ; -0.338918 ; -0.883113
4.51431 ; 5.96096 ; -0.356006 ; -0.0676508
3.72526 ; 4.10295 ; 0.129835 ; -0.619069
6.73874 ; 5.75843 ; 1.1538 ; 0.419464
4.1445 ; 4.82084 ; -0.655781 ; 0.533138
4.39147 ; 4.9954 ; -1.02478 ; 0.150255
5.50761 ; 5.98134 ; 0.600667 ; 0.502122
7.55888 ; 5.83981 ; -0.94395 ; 0.160101
5.14451 ; 7.31871 ; 0.436755 ; -0.271269
3.37139 ; 6.00156 ; 1.09599 ; 0.237689
5.43774 ; 4.46648 ; 0.214715 ; 0.129876
6.55026 ; 7.15063 ; 0.338591 ; -0.171709
5.28648 ; 3.64149 ; 0.135592 ; 0.0778032
7.44887 ; 7.49103 ; -0.784257 ; -0.780035
4.88378 ; 3.7137 ; -0.0712366 ; -0.194143
5.76649 ; 6.0667 ; 0.416163 ; -0.481861
5.76719 ; 5.54267 ; -0.263811 ; -0.590046
7.39089 ; 6.19016 ; 0.493707 ; -0.547492
3.42292 ; 6.78893 ; 1.86636 ; -0.122
4.38966 ; 4.87731 ; -0.261126 ; 0.453988
3.67906 ; 5.84354 ; -0.554101 ; -0.453728
4.14412 ; 3.53723 ; -0.437181 ; -0.668225
5.9374 ; 7.67247 ; -0.081191 ; -1.18536
3.55131 ; 5.66041 ; -0.152179 ; 0.252961
6.28812 ; 5.75912 ; 0.547992 ; -0.797966
6.62527 ; 4.87713 ; 0.230821 ; 0.303326
5.89175 ; 4.75896 ; -0.216928 ; 0.173424
6.57883 ; 3.62324 ; -1.33521 ; 0.999529
4.0881 ; 5.76437 ; 0.0877551 ; -0.305049
3.59922 ; 6.84336 ; -0.468223 ; 0.0386577
7.70249 ; 3.91294 ; -0.825383 ; -0.27456
7.17146 ; 5.83356 ; 0.926219 ; -0.22809
5.7969 ; 5.11624 ; 0.318901 ; 0.534886
6.51964 ; 4.61209 ; -0.00175461 ; -0.486766
3.95521 ; 5.46784 ; -0.0418905 ; 0.222553
3.686 ; 5.18069 ; 0.164825 ; -0.181791
6.53239 ; 5.82619 ; -0.478653 ; -0.681704
6.90276 ; 3.68448 ; 0.343617 ; -0.166364
6.85876 ; 6.00447 ; -0.509174 ; 0.898827
5.13043 ; 6.02897 ; 0.58569 ; 0.845767
6.49669 ; 3.30416 ; -0.710415 ; 1.36613
6.47314 ; 3.71145 ; -1.08945 ; 1.05018
4.71622 ; 7.0665 ; 1.18237 ; -0.804896
3.42579 ; 6.18922 ; 0.935754 ; -0.876445
7.55284 ; 5.41826 ; -0.823977 ; -0.820974
5.37122 ; 6.14109 ; -0.681844 ; -0.401194
6.12209 ; 3.49595 ; 0.791623 ; 0.77227
6.02288 ; 7.34736 ; 0.767856 ; 0.743596
6.99542 ; 6.18841 ; 0.631732 ; -0.810547
5.75398 ; 3.45502 ; -0.201552 ; 0.169942
3.5831 ; 7.13173 ; 1.92553 ; -1.69163
4.40593 ; 3.31149 ; -0.511059 ; 0.250125
6.8899 ; 6.32263 ; 0.715086 ; 0.665601
7.15634 ; 4.45662 ; 0.385427 ; -0.922403
7.05244 ; 6.75502 ; -0.0794904 ; -0.0372861
7.78455 ; 5.43412 ; -0.348283 ; 0.612071
5.77777 ; 3.89276 ; 0.494304 ; 0.578303
6.26892 ; 6.98334 ; -0.394679 ; -0.858734
3.33279 ; 4.85843 ; 1.30401 ; -0.970889
3.35834 ; 5.01558 ; 1.25584 ; -0.637445
6.51183 ; 3.37594 ; -1.20423 ; 0.699055
4.52039 ; 7.16952 ; 0.872353 ; -0.79985
6.48938 ; 7.09761 ; 0.554735 ; 0.378905
5.94289 ; 3.24743 ; 0.848708 ; 0.626908
6.53212 ; 3.43475 ; 0.579924 ; 1.78025
6.34048 ; 7.46693 ; -0.825367 ; -0.0696564
6.1683 ; 6.00791 ; -0.609176 ; 0.238127
7.42825 ; 6.87675 ; 0.141672 ; 0.416714
5.45144 ; 7.22013 ; 0.0247027 ; -0.308059
4.24058 ; 3.72111 ; -0.102469 ; -0.806161
4.06553 ; 5.09906 ; -1.0406 ; -0.827433
7.20553 ; 6.93813 ; 0.717873 ; -0.197075
5.75996 ; 4.92275 ; -0.566762 ; -1.0641
4.31005 ; 3.96174 ; 1.35899 ; 1.2263
4.04993 ; 5.17149 ; 0.383038 ; -0.49604
4.97232 ; 7.47625 ; 0.547829 ; -1.98815
7.24907 ; 4.10731 ; -1.33975 ; 0.0953462
7.08965 ; 6.75142 ; 0.547468 ; -0.762547
3.54192 ; 6.74726 ; 1.15487 ; -0.710311
6.36003 ; 5.0021 ; 0.0868097 ; -0.891888
6.75898 ; 4.24845 ; 0.200334 ; 0.551814
6.48038 ; 3.63916 ; 0.0137253 ; -0.192873
3.89383 ; 4.70017 ; 0.283603 ; -1.00243
4.19289 ; 6.66194 ; -0.816749 ; -0.372623
4.41418 ; 3.33863 ; 0.00689164 ; -0.0812377
5.8785 ; 4.58499 ; -0.0287216 ; -0.858618
4.76058 ; 7.28253 ; 1.26757 ; -2.03916
6.10732 ; 4.15161 ; 0.349317 ; -0.313154
6.47698 ; 7.19322 ; -1.23257 ; -1.75851
7.36974 ; 6.92472 ; -2.45296 ; -1.50669
3.40962 ; 4.74053 ; 0.449569 ; 0.81282
6.53664 ; 7.0888 ; -0.2747 ; -0.921014
5.48992 ; 7.12775 ; 0.607814 ; -1.13859
6.53562 ; 4.35708 ; 0.0860629 ; -0.821995
6.00462 ; 3.46559 ; 0.783487 ; 0.216082
7.23628 ; 3.75843 ; 0.378357 ; -0.560657
3.44169 ; 4.34076 ; 0.294301 ; -0.195191
5.09663 ; 6.50821 ; 0.31573 ; -0.293586
5.80449 ; 4.53296 ; -0.671819 ; 0.0928089
7.48217 ; 5.82714 ; 0.72026 ; 0.349376
6.22874 ; 7.71571 ; -0.35069 ; -0.934924
4.13479 ; 3.74098 ; 1.07367 ; 0.387886
4.04164 ; 6.41912 ; -0.206529 ; 0.393979
7.41333 ; 7.26478 ; -1.69427 ; -0.701485
7.33977 ; 5.93928 ; -0.971146 ; 0.698169
5.52433 ; 3.45879 ; -0.179344 ; -0.0225351
4.8359 ; 5.50533 ; -0.074434 ; -0.373873
6.17103 ; 7.38014 ; -0.410226 ; 0.575487
6.51255 ; 3.45364 ; -0.368831 ; 0.615047
5.62138 ; 4.02245 ; 0.688204 ; -0.969259
7.20731 ; 6.61512 ; -1.16256 ; -0.402852
5.80824 ; 3.41536 ; -0.225218 ; 0.507148
7.35766 ; 5.75345 ; 0.0406651 ; -0.0118014
4.59106 ; 3.74759 ; 0.291634 ; -0.960281
4.22172 ; 7.37867 ; 1.42111 ; -1.30978
3.8031 ; 6.61906 ; 1.21181 ; -0.68259
3.76956 ; 3.67407 ; 1.36399 ; 1.6644
4.34686 ; 4.14488 ; 0.623563 ; 0.367701
7.41001 ; 4.78121 ; 0.488187 ; -0.669548
5.87619 ; 6.17313 ; -0.591618 ; 0.00368886
5.90561 ; 5.04905 ; -0.17164 ; -0.518252
4.5768 ; 6.56711 ; 0.780271 ; 0.279658
3.74507 ; 4.34162 ; 0.498234 ; -0.183778
3.46259 ; 5.91163 ; 1.42052 ; -0.878052
6.47885 ; 3.9651 ; -1.1441 ; 1.36372
5.41005 ; 3.62481 ; -0.0766177 ; -0.0863159
4.80899 ; 4.47794 ; 0.713639 ; 0.323285
5.53541 ; 4.13016 ; 0.394434 ; 0.663825
4.21453 ; 4.83182 ; -0.635479 ; -0.926479
4.57831 ; 3.53504 ; -0.522672 ; -0.114733
5.97364 ; 6.32204 ; 0.145988 ; 0.752439
6.03871 ; 4.29186 ; -0.438814 ; -0.727225
4.76433 ; 3.42838 ; -0.304909 ; 0.946023
5.60918 ; 7.36081 ; 0.626493 ; -0.990556
6.82097 ; 7.04458 ; 0.968993 ; -0.850959
3.74819 ; 6.34375 ; -0.832162 ; 0.0351414
7.06041 ; 4.27656 ; -1.47292 ; 1.34192
5.63948 ; 4.8871 ; 0.75795 ; -0.402506
5.96911 ; 3.81796 ; 0.786313 ; -0.683215
3.64937 ; 3.83637 ; -0.403737 ; -0.300563
6.65329 ; 7.21789 ; -1.01112 ; -1.44603
5.11686 ; 5.86564 ; 0.72618 ; -0.726143
4.48225 ; 6.39401 ; -0.829726 ; -0.326058
3.69895 ; 7.36426 ; -0.552194 ; 0.056944
5.92924 ; 6.60753 ; -0.31343 ; -0.372423
5.05659 ; 3.31245 ; -0.390669 ; 1.30745
7.38547 ; 4.68995 ; 0.577244 ; -0.520518
6.44502 ; 6.79353 ; 0.295237 ; 0.8863
7.56469 ; 5.20627 ; -1.44338 ; 1.15568
6.38841 ; 4.35365 ; 0.27168 ; -0.134693
7.46035 ; 4.37497 ; -1.61763 ; -0.285732
7.49532 ; 6.08344 ; -0.847156 ; -1.25101
6.65688 ; 6.96058 ; 0.487397 ; 0.670459
6.68534 ; 4.45234 ; -0.127891 ; -0.808404
5.2516 ; 7.58975 ; 0.431249 ; -0.948461
7.45344 ; 6.2733 ; 0.131595 ; 0.620845
7.20235 ; 5.09058 ; -0.263815 ; -0.296506
4.32191 ; 3.60562 ; 0.905792 ; 0.845002
3.9402 ; 4.85069 ; 0.613298 ; -0.363379
5.66208 ; 4.11752 ; 0.8018 ; -0.115694
7.25957 ; 6.09261 ; 0.172009 ; -0.755799
3.35121 ; 5.23356 ; 0.664347 ; -1.14155
5.22067 ; 6.36435 ; -0.586792 ; 0.0629758
5.99109 ; 3.76764 ; -0.410942 ; -0.0083282
5.63108 ; 6.01379 ; 0.00538155 ; -0.294622
7.3468 ; 5.88456 ; 0.600995 ; -0.0961431
3.7658 ; 7.04269 ; -0.170959 ; -0.760675
4.39263 ; 4.86597 ; 0.490369 ; 0.466513
5.2942 ; 7.70971 ; 0.00517312 ; -0.684631
6.63038 ; 7.54575 ; 0.138517 ; -2.35229
4.86456 ; 5.81316 ; -0.17388 ; 0.834543
4.76039 ; 7.39841 ; -0.804026 ; -0.869127
7.24949 ; 4.14566 ; 0.4559 ; -0.555333
4.71741 ; 7.30513 ; 1.09048 ; -0.511668
7.35209 ; 4.22151 ; 0.431121 ; 0.0222799
5.11749 ; 5.08377 ; -0.962026 ; 0.396595
6.39495 ; 3.39081 ; -0.932522 ; -0.0487233
5.31055 ; 5.88572 ; 0.664129 ; 0.845818
6.78386 ; 5.5192 ; 0.946168 ; -0.803141
3.97224 ; 7.46266 ; 0.282243 ; -2.02439
7.43514 ; 3.78846 ; -1.30188 ; 1.28592
3.82637 ; 6.39912 ; 1.10113 ; -1.30427
5.62814 ; 6.67347 ; -0.158165 ; 0.317616
6.8819 ; 4.85675 ; 0.794937 ; -0.70895
3.7731 ; 6.70271 ; 1.26752 ; 0.746957
3.86454 ; 4.83631 ; 1.00421 ; 0.303088
6.91024 ; 3.56636 ; -0.868994 ; 0.22144
6.31931 ; 6.79799 ; 0.623299 ; -0.224935
6.50216 ; 4.79098 ; 0.900038 ; 0.136047
6.9844 ; 3.48346 ; -0.811555 ; 0.698536
7.12193 ; 3.95267 ; -1.07867 ; 1.52786
7.04671 ; 3.33272 ; 0.308187 ; 1.53491
6.53426 ; 7.32652 ; -0.193482 ; -1.27819
5.51462 ; 7.38504 ; 0.327656 ; -0.336248
3.50578 ; 5.04045 ; -0.0925339 ; -0.0781006
7.03386 ; 7.15137 ; -0.824163 ; 0.638852
4.28545 ; 5.55275 ; -0.766774 ; -0.0618013
5.13489 ; 7.53775 ; -0.61197 ; -1.72498
7.53631 ; 6.54961 ; -1.05572 ; 0.710916
7.5752 ; 7.38205 ; -1.06554 ; -0.632127
3.82701 ; 6.84465 ; 1.02064 ; -0.112724
3.77359 ; 6.96692 ; -0.657474 ; 0.174448
4.28805 ; 6.20486 ; 0.47932 ; -0.445776
3.43633 ; 3.78346 ; 0.90078 ; -0.545654
7.81624 ; 5.20803 ; -0.747784 ; -0.725884
7.05431 ; 4.46829 ; 1.04623 ; -0.803236
4.43227 ; 7.51285 ; -0.741842 ; -1.56506
3.51163 ; 4.05405 ; 2.14488 ; -0.219815
6.95172 ; 3.75763 ; 0.624109 ; 0.250446
4.10606 ; 4.44802 ; 0.481123 ; -0.556023
4.69654 ; 6.93724 ; 0.954488 ; -1.28355
7.41436 ; 5.9723 ; -0.589511 ; 0.875364
3.88086 ; 5.52256 ; 0.785368 ; 0.714834
5.1694 ; 6.78083 ; 0.662818 ; -0.113805
4.89201 ; 5.30628 ; -0.573959 ; -0.333753
4.73756 ; 5.84179 ; 0.550193 ; -0.337865
4.21516 ; 6.79136 ; 0.482391 ; -1.01362
4.29026 ; 5.1747 ; 0.610009 ; 0.129006
5.78514 ; 7.10005 ; 0.580775 ; 0.854497
7.50579 ; 3.61328 ; -1.11863 ; 0.272017
7.36658 ; 7.25489 ; -0.29367 ; 0.234582
4.89116 ; 5.84403 ; 0.127614 ; -0.707836
5.40072 ; 7.33635 ; -0.983962 ; -1.59118
5.88594 ; 7.56901 ; 0.985481 ; 0.0807355
6.52678 ; 3.79374 ; 0.979455 ; 0.610313
3.36031 ; 5.90153 ; 0.709109 ; 0.0856034
4.79456 ; 7.24552 ; -0.712969 ; 0.181265
3.85346 ; 6.19482 ; 0.968692 ; -0.123208
5.99846 ; 4.77601 ; 1.0105 ; -0.475055
4.11367 ; 4.21164 ; -0.247212 ; -0.989189
3.90163 ; 5.73201 ; 0.0620028 ; -0.725172
4.15801 ; 4.8887 ; 0.0214571 ; -0.43775
4.82748 ; 3.63913 ; -0.456871 ; 0.953828
6.70461 ; 3.55245 ; -0.917248 ; 2.13044
5.31663 ; 7.43644 ; 0.284792 ; 0.0379987
4.96809 ; 5.26384 ; -0.865209 ; 0.227276
7.14898 ; 7.54635 ; -0.128263 ; -1.01883
5.42719 ; 3.40857 ; 0.806076 ; -0.620389
7.60291 ; 4.31734 ; -1.23918 ; -0.00704387
5.59942 ; 5.84542 ; 0.464967 ; 0.116408
4.31732 ; 3.44652 ; -0.719689 ; -0.0885321
7.52673 ; 5.47947 ; -0.974556 ; -0.668498
6.34334 ; 7.42769 ; -0.734779 ; 0.682007
5.47651 ; 6.81388 ; -0.939453 ; -0.763188
6.36104 ; 4.67796 ; 0.65356 ; -0.86171
6.8624 ; 4.31103 ; 0.0966304 ; -0.5953
6.29949 ; 6.94289 ; -0.534141 ; -1.12855
4.89107 ; 7.24106 ; 1.09031 ; -1.62132
5.67508 ; 3.62512 ; 0.128734 ; -0.395533
4.406 ; 3.53913 ; 0.179464 ; -0.20344
7.11743 ; 4.00472 ; -0.347927 ; 0.858022
3.60826 ; 3.75668 ; 1.25306 ; 1.60616
6.85197 ; 3.96612 ; 0.589194 ; -0.896435
6.334 ; 7.43155 ; 0.0824435 ; -1.50037
5.19736 ; 7.02834 ; 0.786472 ; 0.714314
5.85792 ; 7.04903 ; 0.567287 ; -0.448287
5.3669 ; 3.85169 ; -0.124758 ; 0.154058
7.07282 ; 5.0246 ; -0.301638 ; 0.350974
3.56318 ; 6.6519 ; 0.85252 ; 0.227858
7.05644 ; 5.30244 ; 0.74164 ; 0.543227
7.2403 ; 5.54889 ; 0.745357 ; -0.871124
4.40456 ; 7.58447 ; 0.0360675 ; -0.721211
6.06396 ; 5.76112 ; 0.213987 ; -0.241624
4.26094 ; 6.37441 ; -0.995743 ; 0.463187
7.19847 ; 4.76158 ; -0.783847 ; -0.911585
6.66683 ; 3.64239 ; 0.0766789 ; -0.274768
6.20114 ; 3.90739 ; -0.194611 ; 0.0409952
3.47471 ; 5.34064 ; 0.0385051 ; -0.430381
6.78566 ; 5.31238 ; 1.11843 ; 0.733334
5.35012 ; 7.00063 ; 0.127189 ; -0.114729
7.19978 ; 4.1617 ; -0.81278 ; 0.498745
6.65778 ; 4.01756 ; 0.163036 ; -1.07626
5.82861 ; 7.3349 ; 0.522506 ; 0.35962
3.5164 ; 6.6438 ; 1.44054 ; -0.217664
5.49046 ; 7.34557 ; 0.625944 ; 0.367419
3.85873 ; 6.22813 ; -0.195599 ; -0.534857
7.31043 ; 5.96664 ; -0.552436 ; -0.182636
4.03251 ; 6.80567 ; -0.24825 ; -0.24974
7.2342 ; 4.45096 ; 0.776146 ; 0.104687
5.31079 ; 3.59647 ; -0.343796 ; 0.0385393
7.33568 ; 3.85156 ; -0.0180509 ; 0.498359
4.24486 ; 5.20957 ; -0.0881314 ; 0.57243
6.30394 ; 5.04157 ; 0.871514 ; -0.865385
5.91377 ; 4.81709 ; -0.232485 ; -0.622361
4.3145 ; 3.6504 ; 0.0446758 ; -0.936513
7.57526 ; 4.46034 ; -1.75939 ; -0.107784
3.47605 ; 4.65284 ; 0.0248833 ; 0.454581
5.83264 ; 5.49494 ; -0.586038 ; -0.326689
5.58329 ; 6.57649 ; -0.0760752 ; -0.463558
3.47958 ; 7.05062 ; 1.01464 ; 0.44907
6.11387 ; 3.22946 ; -0.197733 ; 1.17733
7.14045 ; 6.70133 ; -0.629902 ; -0.575513
5.56804 ; 6.55985 ; 0.775139 ; -0.289049
6.80702 ; 6.14183 ; 0.762771 ; 0.199467
6.96303 ; 3.74361 ; 0.500757 ; 0.062777
5.51748 ; 6.28645 ; 0.566992 ; -0.208917
4.34448 ; 4.43017 ; 0.403546 ; 0.577129
4.93831 ; 4.10289 ; -0.243304 ; -0.164658
7.06977 ; 6.82692 ; -0.613486 ; 0.212618
5.64742 ; 7.47662 ; -0.631658 ; -1.99723
6.41717 ; 3.31718 ; -0.0911862 ; 1.1927
5.57435 ; 4.98493 ; -0.635056 ; -0.747448
4.84962 ; 4.1675 ; -0.15697 ; -0.00397387
3.54704 ; 5.21859 ; 0.439861 ; 0.848793
7.33144 ; 6.58412 ; 0.596161 ; 0.37343
7.42298 ; 3.90822 ; -1.20695 ; 0.814911
3.45005 ; 4.44526 ; -0.132698 ; 0.231283
4.13371 ; 3.43115 ; -0.023436 ; 0.963176
5.19218 ; 4.34209 ; 0.192825 ; -0.890959
4.1277 ; 6.82234 ; 0.511134 ; 0.0973667
5.0059 ; 3.54744 ; -0.794347 ; -1.0006
3.60721 ; 6.90194 ; 0.316753 ; -1.05689
4.33872 ; 7.62095 ; 0.140392 ; -1.51207
6.72593 ; 5.34021 ; -0.254724 ; -0.336569
3.9847 ; 4.70184 ; 0.0215821 ; 0.281476
7.68289 ; 4.90135 ; -0.657198 ; 1.08482
6.95542 ; 3.32252 ; -0.348088 ; 0.725852
3.87378 ; 6.98112 ; 0.219804 ; -0.478159
7.58721 ; 4.34008 ; -0.735079 ; -0.538605
7.5083 ; 3.9927 ; -0.56135 ; 0.531083
7.21493 ; 4.76218 ; -0.727544 ; 0.287022
7.16787 ; 6.03794 ; 1.08413 ; -0.45145
7.49742 ; 4.09054 ; -1.38659 ; 0.0881832
6.04712 ; 6.99259 ; 0.7452 ; 0.321841
5.43172 ; 4.69038 ; -0.512444 ; -0.637067
5.3899 ; 5.85807 ; -0.611823 ; -0.335291
7.397 ; 6.89154 ; -0.124531 ; -0.376171
3.55891 ; 7.34146 ; 0.125265 ; -0.307197
6.20893 ; 6.41637 ; -0.760671 ; -0.528353
4.94637 ; 7.05412 ; 0.619378 ; -0.794119
3.97012 ; 4.74763 ; 0.604837 ; -0.122426
6.66295 ; 7.51267 ; -0.230971 ; -1.35438
4.92399 ; 6.06666 ; -0.795371 ; -0.0729377
5.18143 ; 4.83368 ; -0.331495 ; -1.01814
5.95434 ; 5.49856 ; -0.457907 ; -0.0830203
6.63982 ; 6.81789 ; 0.262943 ; 0.108698
4.90703 ; 3.96749 ; -0.465477 ; -1.08408
6.91891 ; 3.97035 ; -0.90484 ; 0.548219
5.63981 ; 6.57668 ; -0.353723 ; 0.170727
6.75562 ; 7.16992 ; -0.184215 ; -0.517267
5.00794 ; 7.44644 ; -0.749581 ; -0.108315
5.99924 ; 7.19928 ; 0.189894 ; 0.704357
7.31998 ; 4.60138 ; -0.437677 ; 0.349927
5.69955 ; 4.47145 ; -0.551435 ; -0.519531
7.43204 ; 5.5559 ; -0.89544 ; 1.05038
6.95029 ; 3.73397 ; -1.39643 ; 2.20544
3.40817 ; 6.56553 ; -0.0506694 ; -0.096661
6.80645 ; 5.53532 ; 0.249072 ; -0.137854
6.54728 ; 7.50305 ; -0.0726428 ; -1.87578
4.09098 ; 7.38814 ; -0.598049 ; -0.119473
6.90438 ; 7.2289 ; 0.610976 ; -0.155758
4.85734 ; 7.16681 ; 0.0844836 ; 0.0478712
7.55207 ; 4.78593 ; 0.593862 ; 0.76494
6.36824 ; 4.34681 ; 0.245564 ; 0.309237
6.14283 ; 6.29247 ; -0.720932 ; -0.508539
3.40794 ; 4.5658 ; 0.297676 ; -0.442506
4.33709 ; 3.69262 ; 0.425006 ; -0.199818
5.43724 ; 7.58641 ; 0.263139 ; -1.65137
7.39892 ; 6.46019 ; -0.342466 ; 0.369376
6.43875 ; 3.30368 ; 0.453525 ; -0.0363623
5.48235 ; 6.38125 ; 0.686625 ; 0.977466
4.37628 ; 3.70605 ; -0.0893478 ; -0.3835
5.37776 ; 7.10822 ; -0.488879 ; -0.456047
3.7369 ; 4.87616 ; 0.547225 ; -0.835139
6.87157 ; 3.87367 ; -0.833449 ; 0.2355
3.48991 ; 4.22834 ; 1.01366 ; -0.560435
5.34995 ; 3.81801 ; -0.0262289 ; -0.736967
4.69223 ; 7.04495 ; -0.803122 ; -1.18702
4.7136 ; 7.18298 ; 0.732915 ; 0.338589
7.10542 ; 7.32226 ; -0.629405 ; -1.2184
7.40492 ; 6.88098 ; -0.238656 ; -1.6273
3.49984 ; 4.23178 ; 0.966365 ; 1.13414
3.46478 ; 4.53637 ; 1.73404 ; -0.767035
4.62375 ; 3.49493 ; 0.449595 ; 1.66088
4.5998 ; 7.13342 ; 1.56956 ; -1.98744
7.09717 ; 7.05151 ; 0.78268 ; -0.797869
3.66245 ; 6.44336 ; -0.510303 ; -0.861269
6.72321 ; 3.81308 ; -0.127173 ; -0.140695
6.96043 ; 7.2175 ; 0.896993 ; 0.689725
4.14554 ; 3.71209 ; 0.655102 ; -0.330551
5.83072 ; 4.40123 ; 0.910476 ; 0.280828
7.13427 ; 4.94661 ; 0.55446 ; 0.0739776
6.23026 ; 4.3641 ; 0.797923 ; -1.07888
5.20318 ; 5.19913 ; -0.471285 ; 0.0555441
3.75899 ; 3.841 ; 2.62679 ; 1.43547
4.59635 ; 4.59623 ; -1.03052 ; 0.14318
6.57642 ; 5.0262 ; -0.579356 ; -0.811948
6.99178 ; 3.66761 ; 0.711209 ; 0.360935
6.60891 ; 5.9714 ; -0.0112818 ; -0.588011
3.3007 ; 5.2967 ; 0.501045 ; 0.415852
5.64365 ; 3.33319 ; -0.31227 ; 1.43334
3.61891 ; 4.20429 ; 0.213224 ; 0.910638
7.36914 ; 4.52937 ; -0.807501 ; 0.806952
4.33121 ; 6.56102 ; 0.892168 ; 0.907814
4.44114 ; 3.50104 ; -0.404158 ; 0.986908
6.64652 ; 6.27442 ; 0.596074 ; -0.0137181
4.3036 ; 5.64176 ; 0.0361735 ; 0.288065
7.13594 ; 5.72915 ; 0.897707 ; 0.816813
3.79942 ; 4.45065 ; 0.303344 ; -0.176728
3.76781 ; 5.94094 ; -0.163168 ; -0.820993
4.68914 ; 6.93367 ; 0.298864 ; 0.248766
5.85455 ; 7.04774 ; -0.526098 ; 0.553015
3.67441 ; 7.01075 ; -0.196507 ; -0.427496
4.62857 ; 4.43004 ; 0.257019 ; 0.0959161
3.47477 ; 4.41601 ; 2.22973 ; 0.415081
6.42661 ; 7.63924 ; 0.313395 ; -0.0416214
4.62653 ; 3.62496 ; 1.1137 ; 1.25696
6.173 ; 5.37208 ; 0.145849 ; -0.558896
4.1696 ; 4.80651 ; 0.0538233 ; 0.350061
4.65295 ; 4.95911 ; 0.52061 ; 0.0457792
5.88515 ; 4.18102 ; 0.990662 ; 0.0566704
6.42035 ; 3.24594 ; 0.615862 ; 0.57069
3.51392 ; 4.31983 ; 1.62473 ; 0.597026
3.46706 ; 4.99245 ; 0.898423 ; -0.70358
3.84858 ; 5.93224 ; 0.761002 ; -0.708766
4.02328 ; 6.82046 ; 0.758194 ; -0.142325
5.5849 ; 5.78564 ; 0.324258 ; 0.217131
4.2782 ; 4.96961 ; -0.440129 ; -0.917356
4.26998 ; 3.53224 ; -0.0291387 ; 0.121299
4.62029 ; 5.60681 ; -0.514254 ; -0.170376
5.87246 ; 4.192 ; -0.656244 ; -0.317563
3.73637 ; 5.44048 ; -0.693098 ; 0.678678
6.44929 ; 3.48326 ; -0.788441 ; 1.83388
6.68157 ; 7.15324 ; 0.365973 ; 0.061357
7.78793 ; 6.8709 ; -0.846381 ; 0.48617
5.03769 ; 7.46758 ; 0.462442 ; 0.63754
4.6873 ; 6.01807 ; -0.966489 ; 0.536744
4.46461 ; 7.42508 ; -0.498934 ; -0.714026
7.13034 ; 6.27926 ; 0.534475 ; 0.438994
3.4582 ; 4.02142 ; 1.17672 ; 0.395413
3.92515 ; 6.97425 ; 0.147012 ; 0.634511
4.81329 ; 3.51742 ; 0.299804 ; 0.121613
4.2896 ; 3.30341 ; 0.613935 ; 0.578671
5.61593 ; 4.85292 ; -0.198532 ; -0.83037
6.45894 ; 3.628 ; -0.977963 ; 0.062733
6.80961 ; 5.90903 ; -0.283825 ; -0.773487
5.91679 ; 3.72816 ; 0.378018 ; -0.517595
3.74198 ; 4.11382 ; 1.34517 ; 1.15045
5.58745 ; 5.36877 ; 0.871392 ; 0.356092
6.25644 ; 6.437 ; 0.851495 ; -0.0889596
3.59094 ; 6.48042 ; 0.125352 ; -1.28847
7.248 ; 4.50275 ; 0.609961 ; 0.371562
7.31673 ; 3.64368 ; -0.360762 ; 1.18663
4.39992 ; 5.36404 ; -0.667745 ; -0.816659
5.34703 ; 4.71979 ; -0.878432 ; -0.147215
4.4677 ; 3.90092 ; -0.29739 ; -0.843678
4.06958 ; 3.86593 ; -0.337724 ; 0.643081
7.4645 ; 4.27437 ; -1.42343 ; 1.71248
7.31235 ; 7.10069 ; -1.65132 ; -1.97791
5.12342 ; 7.63048 ; 0.971372 ; -0.588539
5.47727 ; 7.29477 ; 0.747405 ; -0.884477
7.16238 ; 5.74713 ; 0.123459 ; -0.318926
6.62511 ; 7.43177 ; -0.583456 ; -0.289935
7.32905 ; 3.69045 ; -1.1274 ; 0.626747
6.08519 ; 6.69429 ; 0.756496 ; 0.488476
3.51229 ; 4.25896 ; 0.870134 ; 0.00303271
5.60034 ; 6.59473 ; -0.14777 ; -0.817898
3.89645 ; 3.72698 ; 1.41185 ; 1.34032
4.27678 ; 3.41231 ; -0.514736 ; -0.165875
5.49831 ; 3.42178 ; 0.232593 ; 0.151054
3.61377 ; 6.30881 ; 0.786645 ; -0.519574
7.52182 ; 5.93264 ; 0.817055 ; 0.0766071
6.69358 ; 7.30855 ; 0.00842896 ; -1.61497
7.04776 ; 3.68662 ; -0.318411 ; 1.42137
7.39137 ; 7.29844 ; -0.527112 ; 0.314232
3.96397 ; 5.22125 ; 0.847861 ; -0.896254
4.58982 ; 5.54999 ; 0.229136 ; -0.655872
6.96318 ; 6.07741 ; -0.418175 ; -0.0124703
3.9136 ; 3.91209 ; -0.760933 ; -0.233608
5.47194 ; 3.70534 ; 0.797435 ; 0.0426972
3.67086 ; 4.09129 ; -0.057039 ; -0.765252
5.98163 ; 3.75361 ; 0.135999 ; 0.0109966
7.38425 ; 5.85143 ; 0.281918 ; -0.0941573
5.02299 ; 6.98015 ; 0.647178 ; 0.632379
5.06998 ; 6.76823 ; -0.0526387 ; -0.525656
5.42759 ; 4.90104 ; 0.420852 ; -0.116706
5.26193 ; 6.91904 ; 0.0058594 ; 0.367476
5.26412 ; 3.81377 ; -0.576791 ; 0.630469
3.55014 ; 5.38464 ; -0.120342 ; -0.0810024
5.11181 ; 3.17406 ; -0.677593 ; 0.346885
7.25002 ; 6.05519 ; 0.849459 ; 0.794677
