5.60352 ; 3.92738 ; -0.537902 ; -0.777702
7.25521 ; 5.84942 ; -0.943395 ; 0.360315
6.47596 ; 5.23857 ; -0.85335 ; 0.0962452
4.82691 ; 3.90698 ; 1.61194 ; 1.65647
5.16274 ; 4.69325 ; -0.188809 ; -1.06191
4.00195 ; 4.7124 ; 1.92213 ; 1.44656
5.3155 ; 5.16008 ; -0.696859 ; -0.48951
5.38675 ; 6.42724 ; -0.552956 ; 0.680934
7.36139 ; 5.61 ; 0.0424411 ; 0.684321
7.26668 ; 6.875 ; -0.526601 ; -0.984635
6.94981 ; 4.43262 ; -0.814183 ; -0.643529
6.57729 ; 4.99843 ; 0.447005 ; -0.855106
3.74335 ; 4.26401 ; 0.190045 ; -0.451365
4.01577 ; 5.03724 ; -0.28472 ; 0.772951
6.84367 ; 4.632 ; 0.172072 ; 0.109419
6.82581 ; 6.52974 ; 0.521633 ; -0.922572
4.53392 ; 4.05939 ; 0.672848 ; -0.0896286
7.47711 ; 6.44064 ; -1.96956 ; -0.216066
5.22881 ; 4.92944 ; -0.208146 ; -0.263621
4.26002 ; 5.52746 ; -0.150131 ; -0.638917
6.60013 ; 6.71764 ; -1.35826 ; -1.87617
3.64915 ; 7.02981 ; 2.33691 ; -0.979236
6.08943 ; 7.57703 ; -0.35921 ; -1.80097
6.86493 ; 5.27534 ; 0.757205 ; -0.704952
4.59487 ; 7.48133 ; 0.0715183 ; -1.07827
7.09227 ; 5.9429 ; -0.0461368 ; 0.516516
4.95132 ; 5.34955 ; -0.0997046 ; 0.692275
4.4457 ; 5.41822 ; -0.666249 ; 0.218723
3.72595 ; 3.90019 ; 2.61228 ; 2.0579
6.1594 ; 3.92564 ; 0.357251 ; -0.698825
7.30599 ; 5.37482 ; -0.767125 ; -0.558161
5.16339 ; 3.7785 ; -0.315517 ; 0.643981
7.34275 ; 6.61695 ; -0.412843 ; -0.630649
7.48282 ; 6.19375 ; -2.61702 ; 0.12146
3.55554 ; 4.16357 ; 0.0365205 ; -0.235347
7.26053 ; 3.65686 ; -0.672837 ; 0.600742
4.59927 ; 3.69627 ; -0.0297932 ; -0.118478
4.46156 ; 3.73725 ; 0.350075 ; 0.711365
4.07437 ; 7.41317 ; 0.407889 ; -1.95287
3.73292 ; 6.25354 ; -0.217925 ; 0.408445
5.69349 ; 6.38946 ; 0.362509 ; 0.521939
5.30847 ; 7.37571 ; 0.293193 ; -2.85249
6.54328 ; 5.85912 ; 0.663708 ; 0.544307
5.89028 ; 4.21118 ; 0.580742 ; 0.52301
3.93196 ; 4.86057 ; 1.61336 ; -0.476441
5.23435 ; 4.52603 ; 0.42393 ; 0.65892
7.37684 ; 3.98438 ; -2.45085 ; 0.593031
4.63245 ; 5.28911 ; 0.955438 ; 0.12614
3.97982 ; 4.64825 ; 0.444478 ; -0.0922847
7.33271 ; 4.34282 ; -1.68968 ; 1.48306
4.27248 ; 3.53657 ; 0.286866 ; 0.0855086
7.14586 ; 3.66227 ; -1.61775 ; 1.60308
4.66058 ; 3.8377 ; 0.846323 ; 0.785295
3.99662 ; 6.35235 ; 2.01142 ; -1.09502
4.89226 ; 4.41075 ; -0.215088 ; -0.204264
4.10726 ; 4.78846 ; 0.788112 ; -0.85738
7.70153 ; 5.33835 ; -1.72415 ; 0.463197
3.65196 ; 6.28929 ; 0.490793 ; -1.17795
7.63281 ; 4.56806 ; -1.47323 ; 0.860716
7.2603 ; 7.43294 ; -0.159439 ; -0.538385
4.19948 ; 5.57025 ; -0.53806 ; 0.530965
4.85996 ; 4.19949 ; 1.1247 ; 1.04182
3.91155 ; 7.19174 ; 0.431465 ; -1.6607
7.31834 ; 5.08386 ; 0.141933 ; 0.364427
7.08552 ; 6.94901 ; -1.91777 ; -3.1343
4.44745 ; 7.36145 ; -0.146652 ; -3.026
7.47419 ; 3.9412 ; -0.677069 ; -0.0447855
6.19457 ; 3.71523 ; -0.281965 ; 1.60805
3.87432 ; 3.43402 ; 0.0347522 ; 0.683598
3.69548 ; 4.66137 ; 1.52687 ; -0.445088
7.35299 ; 5.02284 ; 0.276686 ; 0.385483
4.4599 ; 3.48193 ; -0.414421 ; 0.199998
7.05103 ; 3.5099 ; -0.57726 ; 0.872948
4.20042 ; 4.28778 ; -0.133378 ; -0.587007
3.81346 ; 5.90249 ; 1.13444 ; -0.243585
6.40083 ; 7.43764 ; -0.869397 ; -2.60449
6.91676 ; 3.85159 ; -1.23298 ; 0.0210904
7.31019 ; 4.79622 ; -0.624166 ; 0.0967692
5.55258 ; 3.46833 ; -0.282507 ; 1.13589
5.33226 ; 7.48225 ; -0.5095 ; -0.589698
7.29476 ; 4.50691 ; -1.92472 ; -0.390662
6.44167 ; 5.53093 ; -0.844084 ; -1.07561
3.86983 ; 5.7203 ; 0.755749 ; -0.638999
3.7085 ; 3.72213 ; 0.742978 ; 0.871965
7.12323 ; 6.21639 ; -1.40588 ; -0.676908
6.5147 ; 3.72518 ; 0.23232 ; 0.331846
7.58478 ; 5.53662 ; -0.38925 ; -0.901659
5.92824 ; 5.33662 ; -0.331421 ; -0.338322
6.84907 ; 4.4378 ; -0.299422 ; -0.698094
4.53431 ; 6.19093 ; 1.43199 ; -1.35383
3.64431 ; 6.597 ; 0.487855 ; -1.72693
5.59762 ; 3.78655 ; 0.132776 ; 0.039101
5.47844 ; 4.93591 ; -0.444569 ; 0.377721
5.21966 ; 3.47459 ; -0.53351 ; 1.71353
6.36315 ; 5.70769 ; 0.380935 ; 0.837928
7.00986 ; 6.25257 ; -1.87093 ; -1.2588
3.71489 ; 6.64793 ; -0.36429 ; 0.470883
4.80567 ; 5.90811 ; 0.709727 ; 0.216435
6.81284 ; 4.34693 ; 0.434744 ; 1.04108
5.84337 ; 6.34138 ; -0.964911 ; -0.937761
3.70076 ; 6.28094 ; 1.21312 ; -1.44844
7.48536 ; 4.37924 ; -0.508792 ; 0.907418
5.98959 ; 5.41438 ; -0.0314938 ; 0.24438
7.60759 ; 6.02328 ; -0.71943 ; 0.0891814
3.97277 ; 7.0043 ; 0.632426 ; 0.368208
3.93731 ; 3.39899 ; 0.669338 ; 1.88338
5.9323 ; 4.63799 ; -0.137247 ; -0.53618
5.51811 ; 7.26337 ; 0.927449 ; -0.36839
5.39676 ; 6.89826 ; -0.173387 ; -0.358421
6.69991 ; 7.09262 ; -0.893211 ; 0.265944
7.41845 ; 5.31453 ; -0.571709 ; -0.222867
4.33699 ; 6.85933 ; -0.178199 ; -0.436094
6.96505 ; 7.23118 ; -1.42569 ; -0.206851
5.71517 ; 3.26675 ; -0.334213 ; 0.362351
4.2403 ; 6.39213 ; -0.336036 ; -1.25674
7.25027 ; 7.24896 ; -0.349286 ; -0.208233
7.25334 ; 3.55608 ; -0.62912 ; 1.33066
5.60929 ; 3.39224 ; 0.7611 ; -0.0713835
5.67419 ; 6.78265 ; -0.606797 ; 0.650531
4.77178 ; 7.0589 ; 1.16695 ; -0.149475
6.66576 ; 7.46849 ; -0.19708 ; -2.22126
3.70292 ; 6.30408 ; -0.141283 ; -0.285179
6.76885 ; 6.48772 ; 0.592701 ; -0.078791
4.97261 ; 4.26471 ; -0.0460322 ; -0.888434
4.11573 ; 7.08327 ; -0.195071 ; 0.442648
5.41642 ; 6.16578 ; 0.824138 ; 0.00544821
5.33547 ; 5.71421 ; -0.438686 ; -0.797816
4.03193 ; 3.50153 ; 1.7449 ; 1.84628
3.42542 ; 6.11549 ; 0.951407 ; 0.610975
4.20323 ; 4.9955 ; 0.695031 ; -0.72479
7.62104 ; 4.8128 ; -1.32599 ; 0.634702
5.2956 ; 6.87636 ; -0.712956 ; 0.292478
3.6156 ; 6.09464 ; 1.28174 ; -1.39834
5.98811 ; 7.43771 ; 0.825539 ; -1.16008
6.51238 ; 5.44828 ; -0.190867 ; 0.322804
6.59544 ; 3.40182 ; 0.508752 ; -0.121869
3.67675 ; 7.112 ; 1.18807 ; -0.777129
6.52405 ; 7.267 ; -0.273205 ; -1.97578
6.47549 ; 7.42573 ; -0.588536 ; -1.52299
5.24378 ; 6.83445 ; -1.00949 ; -1.37534
6.57413 ; 3.63225 ; -0.705861 ; -0.100744
5.24686 ; 7.3345 ; -0.774563 ; -2.378
7.09421 ; 7.19589 ; 0.349056 ; -0.333921
5.46432 ; 6.81638 ; -0.396366 ; 0.105085
5.56446 ; 3.43422 ; -0.655731 ; 0.936388
7.41571 ; 4.74698 ; -2.23671 ; -0.290666
4.55835 ; 6.91257 ; -0.0847202 ; -1.6884
4.18821 ; 7.47993 ; 0.871485 ; -0.362617
3.68921 ; 5.7325 ; 2.04863 ; 0.666035
3.82593 ; 3.72116 ; 3.09316 ; 1.21912
4.36494 ; 3.53885 ; -0.152816 ; -0.398372
5.89549 ; 3.5729 ; -0.241778 ; -0.474319
3.79429 ; 4.31869 ; 1.85653 ; 1.87049
6.42367 ; 5.08567 ; 0.247843 ; -0.157291
6.85151 ; 6.54164 ; -1.18649 ; -0.845067
5.46416 ; 6.26901 ; -0.80034 ; -0.749088
6.05534 ; 5.62049 ; 0.491764 ; 0.0909023
6.51447 ; 4.02676 ; -0.235534 ; 0.190539
7.32948 ; 4.25112 ; -2.76541 ; 0.605419
4.63316 ; 3.52657 ; 1.13986 ; -0.154375
7.04082 ; 7.36558 ; -0.855018 ; -2.69155
3.48048 ; 5.81793 ; 1.12755 ; 0.0632796
5.40606 ; 4.09033 ; -0.57584 ; -0.386902
7.18411 ; 7.50511 ; 0.0862694 ; -0.62694
6.56099 ; 6.717 ; -0.147576 ; -1.30466
4.55368 ; 5.29967 ; -0.183337 ; -0.32494
6.15122 ; 6.77105 ; 0.843859 ; 0.72169
4.23816 ; 7.47793 ; 0.208423 ; -2.63957
5.25345 ; 4.47666 ; -0.783661 ; -1.00926
6.68855 ; 5.94742 ; 0.832241 ; 0.589801
6.47572 ; 7.14883 ; 0.621977 ; -1.74777
7.28578 ; 6.6159 ; -1.76837 ; -1.50809
6.61487 ; 4.3118 ; -0.23572 ; 0.765677
6.45886 ; 4.73692 ; -0.206506 ; -0.000684649
6.07073 ; 5.99069 ; -0.769024 ; -1.0788
5.21125 ; 4.32564 ; 0.174871 ; 0.343147
4.31002 ; 3.33899 ; -0.206207 ; 0.343089
4.3216 ; 6.84249 ; 1.61573 ; -1.23768
4.07422 ; 5.36056 ; 0.293078 ; 0.146322
5.03688 ; 6.70055 ; 0.0130868 ; 0.0911134
5.83153 ; 6.00009 ; 0.451256 ; -0.750713
3.31868 ; 5.74306 ; 1.65916 ; 0.747902
7.01607 ; 3.58444 ; -0.245826 ; -0.0573762
7.47291 ; 3.56507 ; -1.43652 ; 0.642237
6.08585 ; 4.09706 ; -0.578844 ; 0.423604
4.65586 ; 5.59473 ; 0.567057 ; -0.151627
4.68207 ; 3.56269 ; 0.715988 ; 0.00608894
5.47844 ; 7.05144 ; 0.654159 ; -1.123
4.12488 ; 3.79898 ; 0.876717 ; 0.574504
6.96462 ; 3.34939 ; 0.0319549 ; 1.49142
6.47249 ; 7.23944 ; 0.599953 ; -2.04162
6.13454 ; 5.71166 ; -0.248411 ; -0.653359
3.44766 ; 4.22358 ; 1.35033 ; 0.15495
6.89608 ; 3.53106 ; -0.548489 ; -0.0894703
4.20361 ; 4.01757 ; 0.93921 ; -0.710834
4.36418 ; 3.33235 ; -0.263189 ; 0.313452
7.54464 ; 4.37698 ; -2.25482 ; 1.04157
7.572 ; 5.83036 ; -2.11107 ; 0.325052
4.72098 ; 7.42723 ; 1.5972 ; -1.55254
3.68276 ; 3.72511 ; 2.82645 ; 0.558919
6.98034 ; 4.30747 ; -2.935 ; 2.65849
3.66106 ; 6.824 ; 1.64119 ; -2.15416
5.20718 ; 3.95744 ; 0.76275 ; -0.762783
7.21763 ; 6.83634 ; 0.449515 ; -1.25569
3.68096 ; 3.5357 ; 1.73815 ; 1.92126
5.06704 ; 3.37816 ; 0.939733 ; 0.801234
3.78463 ; 6.68382 ; 2.55855 ; -2.15393
4.90743 ; 6.76083 ; 0.53763 ; -1.51303
4.778 ; 5.00809 ; -0.480192 ; -0.966167
4.43788 ; 4.4551 ; 0.0817056 ; -0.790116
7.43703 ; 4.30112 ; -0.867004 ; 1.63366
6.02228 ; 4.30624 ; -0.171022 ; -0.101539
7.0555 ; 5.47449 ; -0.162551 ; 0.940171
6.50154 ; 3.94612 ; -0.577928 ; -0.142591
5.15761 ; 5.94569 ; 0.423096 ; 0.527254
3.54489 ; 5.12654 ; -0.22293 ; 0.350456
3.489 ; 4.55053 ; 0.539317 ; 1.35966
3.89574 ; 7.17685 ; 0.796775 ; -2.39271
3.7723 ; 3.55598 ; 1.53202 ; 1.41764
4.90207 ; 3.76981 ; 0.619097 ; 0.81629
3.80994 ; 3.54525 ; 1.38511 ; 1.10764
7.12703 ; 6.90341 ; 0.479534 ; -1.25873
6.72445 ; 3.81297 ; -1.82652 ; 1.20434
7.05376 ; 3.57632 ; 0.43301 ; 0.322251
7.242 ; 6.25676 ; -1.13694 ; -0.398614
7.25708 ; 3.55534 ; -0.0402571 ; 0.944371
6.74898 ; 3.3654 ; 0.379614 ; 1.86516
3.64975 ; 6.88935 ; 0.607166 ; -0.360655
7.29112 ; 5.0766 ; -1.02113 ; 0.264324
6.64236 ; 7.36606 ; 0.167519 ; -2.01011
4.37042 ; 7.08622 ; -0.75693 ; 0.265084
3.56487 ; 6.22254 ; 0.969873 ; 0.180337
3.99331 ; 6.78842 ; 0.26516 ; 0.113488
6.3257 ; 4.83636 ; -0.0468179 ; 0.800681
3.5832 ; 6.37573 ; 0.464045 ; 0.103919
3.89808 ; 6.05741 ; 0.25053 ; -0.127653
4.26017 ; 7.09131 ; 1.73441 ; -1.63813
4.34535 ; 7.58926 ; -0.275408 ; -2.00506
4.84552 ; 6.88343 ; -0.0218553 ; -1.47922
4.48648 ; 3.5251 ; 0.423091 ; 2.37855
6.6775 ; 3.90834 ; -1.82198 ; 2.08401
5.94692 ; 5.11228 ; 0.825324 ; -0.546897
7.13649 ; 5.95519 ; -1.60982 ; -0.967059
4.7475 ; 6.74844 ; -0.469534 ; -0.194804
5.12536 ; 3.25946 ; -0.0571832 ; 1.63215
4.30914 ; 5.82312 ; 0.847221 ; -0.856409
4.9981 ; 7.32645 ; -0.871352 ; 0.354389
4.03394 ; 7.38929 ; 1.3434 ; -1.01572
7.15046 ; 4.69356 ; -2.28903 ; 1.5115
4.94896 ; 4.86583 ; 0.439769 ; -0.320814
6.60456 ; 7.4004 ; 0.127328 ; -0.220322
4.89738 ; 7.61555 ; -0.0674225 ; -1.14697
4.37281 ; 7.51221 ; 1.3118 ; -0.802737
6.35492 ; 5.91485 ; 0.255005 ; -0.638309
4.57029 ; 6.79454 ; -0.295856 ; -0.74055
4.7946 ; 6.00089 ; -0.755002 ; -0.826279
3.6689 ; 6.00365 ; 2.73935 ; -1.2543
3.73439 ; 4.71176 ; 0.22235 ; -0.384499
4.11941 ; 6.82493 ; 0.641943 ; 0.0477781
3.4754 ; 6.30781 ; 1.75045 ; 0.396656
6.75466 ; 6.98595 ; -0.0622838 ; -1.772
7.20189 ; 5.24553 ; -0.43758 ; -0.201517
7.3833 ; 4.43442 ; -0.922914 ; 0.88016
4.40766 ; 7.4211 ; 1.48746 ; -0.686042
7.38706 ; 6.74891 ; -2.16975 ; -0.915581
7.16836 ; 7.36148 ; 0.0189019 ; -0.926977
6.33818 ; 7.08817 ; -0.158441 ; -1.86646
6.76457 ; 4.00333 ; -1.56656 ; 1.51001
3.74654 ; 4.77614 ; 2.66679 ; 1.75342
5.72804 ; 3.55892 ; 0.655619 ; 0.56951
6.09065 ; 3.32288 ; 0.0145375 ; 0.0810338
4.08638 ; 4.39856 ; -0.37335 ; 0.117556
4.9436 ; 7.41468 ; 0.827764 ; -2.79895
7.46152 ; 4.38997 ; -1.23998 ; 1.61923
6.90997 ; 6.19214 ; 0.434266 ; -0.896499
3.73859 ; 7.36878 ; -0.0524783 ; -0.756194
4.34645 ; 3.29336 ; -0.512982 ; 1.1097
5.03738 ; 4.45416 ; -0.131392 ; 0.0647179
5.2634 ; 6.45234 ; 0.779757 ; 0.255592
5.16632 ; 4.08273 ; -0.276816 ; 0.286063
6.05248 ; 5.30781 ; -0.532717 ; -0.504009
3.96749 ; 3.74028 ; 2.32542 ; 2.72015
3.76643 ; 3.65138 ; 0.369597 ; 1.57173
4.80864 ; 4.67026 ; -0.624038 ; -0.880855
7.36075 ; 4.69549 ; -1.58115 ; 0.206018
4.38292 ; 4.9435 ; 0.410531 ; 0.18297
7.01082 ; 4.96163 ; -0.794347 ; 0.253144
6.75624 ; 6.23089 ; 0.62213 ; -0.918959
5.66389 ; 6.16806 ; 0.77662 ; 0.703404
5.20544 ; 6.3815 ; 0.682977 ; -0.247091
7.43769 ; 5.50051 ; -1.38103 ; -0.162637
6.4178 ; 3.4484 ; 0.573597 ; 0.861517
7.25233 ; 5.14718 ; -2.27641 ; 1.13532
6.98614 ; 3.95544 ; -1.9508 ; 2.00736
4.08215 ; 3.91211 ; 1.81036 ; 1.19497
5.73402 ; 7.65818 ; -0.409109 ; -1.79972
4.7209 ; 5.4765 ; 0.223108 ; 0.233424
3.80633 ; 3.87084 ; 1.86444 ; 1.93671
5.53431 ; 7.08319 ; -0.548235 ; -1.944
6.42776 ; 4.29996 ; 0.513105 ; -0.959576
6.43842 ; 6.96572 ; -1.98122 ; -2.39867
5.1452 ; 5.99576 ; 0.762787 ; -0.933162
3.60905 ; 5.30733 ; 2.738 ; -0.0727665
5.68407 ; 4.11067 ; 0.251754 ; -0.234656
7.43983 ; 4.15866 ; -0.939144 ; 1.40905
5.12344 ; 6.93187 ; -0.403754 ; -0.227477
6.30374 ; 3.51172 ; -0.518919 ; 0.972267
3.81115 ; 6.67992 ; 1.35461 ; -2.25687
7.47935 ; 4.68415 ; 0.226693 ; 1.18715
7.39828 ; 6.60181 ; -2.88448 ; -0.207686
3.54545 ; 5.03421 ; 1.56967 ; -0.570648
5.67752 ; 3.42231 ; 0.273478 ; 2.34746
4.96381 ; 7.4653 ; -0.59396 ; -1.44397
7.2263 ; 5.62009 ; 0.207336 ; 0.0247323
4.16291 ; 5.20278 ; 1.15412 ; -0.415279
5.09977 ; 4.46946 ; 0.286116 ; 0.339017
5.15318 ; 4.43466 ; -0.251132 ; -0.519537
6.86016 ; 6.3225 ; -1.28189 ; 0.800006
6.0638 ; 7.02401 ; 0.785313 ; 0.368866
7.17542 ; 7.12249 ; 0.288482 ; -0.367445
6.79586 ; 4.64714 ; 0.789267 ; -0.623619
7.19269 ; 6.76942 ; -2.08034 ; -1.9098
3.69417 ; 6.84365 ; 2.32257 ; -1.37075
4.39659 ; 7.4725 ; 0.961577 ; -0.597145
7.28849 ; 5.02118 ; -2.11582 ; 1.01979
3.88122 ; 5.78122 ; 0.113122 ; 0.555665
6.40466 ; 6.60891 ; 0.798936 ; -0.0686685
4.45549 ; 5.03437 ; 0.614041 ; -0.676944
3.58903 ; 5.47869 ; 1.91276 ; 0.0149761
4.53275 ; 4.36548 ; 0.467977 ; -0.761147
3.50636 ; 6.09669 ; 1.8465 ; -0.869469
6.00678 ; 3.36465 ; -0.66892 ; 1.00522
4.02697 ; 4.39347 ; 0.993893 ; 1.34629
6.54613 ; 6.72455 ; 0.875373 ; -0.650445
3.45012 ; 6.03635 ; 0.525143 ; 0.108214
6.0916 ; 5.61526 ; 0.0996422 ; -0.988927
6.70186 ; 6.07988 ; 0.102849 ; 0.392118
3.6595 ; 4.29737 ; 0.837305 ; -0.798802
7.43915 ; 3.78107 ; -1.40823 ; 1.19548
3.43171 ; 4.05041 ; 2.03509 ; 0.797988
6.72441 ; 6.49031 ; 0.0664995 ; -0.330136
6.96617 ; 5.27573 ; -0.492549 ; 0.792135
7.00689 ; 4.12604 ; -0.798502 ; 0.915658
4.70495 ; 7.45048 ; -0.0503256 ; -0.773981
5.35863 ; 4.28556 ; -0.791292 ; 0.0309903
7.38366 ; 4.31798 ; -0.555546 ; -0.464602
4.45094 ; 6.62607 ; -0.40843 ; -1.25795
3.70932 ; 3.43188 ; 0.815082 ; 1.91896
3.52928 ; 4.8892 ; 1.68979 ; 1.21742
7.09111 ; 6.93754 ; -0.165772 ; -1.91246
4.49611 ; 6.58099 ; 1.88396 ; -2.00388
6.46471 ; 7.09918 ; -1.43788 ; -2.62529
5.14586 ; 3.60003 ; -0.547102 ; -0.687124
3.76167 ; 4.11018 ; -0.466659 ; -0.691768
5.24905 ; 6.97815 ; 1.06941 ; 0.222644
7.12144 ; 6.1641 ; 0.170425 ; -1.21541
6.97047 ; 4.05995 ; -0.799324 ; 0.746261
5.40078 ; 6.94637 ; -0.481947 ; -1.12481
6.70437 ; 3.69455 ; -0.607013 ; 1.40602
5.75427 ; 4.14194 ; -0.496718 ; -0.449942
6.23274 ; 5.61574 ; -0.324716 ; 0.105473
3.70752 ; 4.29537 ; -0.457663 ; -0.723852
3.54114 ; 7.00273 ; 0.700791 ; 0.240048
7.44434 ; 4.28959 ; -0.695084 ; 0.358058
4.53417 ; 6.62787 ; 0.792672 ; -0.975542
7.31875 ; 5.90305 ; -0.942333 ; 0.586255
3.71767 ; 4.05071 ; 2.263 ; 0.0812333
4.2289 ; 3.93549 ; 1.26899 ; 0.927864
3.82839 ; 6.28905 ; 0.698767 ; -0.324572
5.45975 ; 3.61527 ; 0.511788 ; 1.55751
3.35223 ; 5.64394 ; 1.76922 ; -0.739187
4.13096 ; 3.98543 ; 2.25712 ; 1.1775
6.55737 ; 7.27145 ; 0.680898 ; -1.68449
4.92334 ; 3.9814 ; -0.317249 ; -0.557935
5.91873 ; 7.19715 ; 0.0670768 ; 0.123781
3.70443 ; 4.68148 ; -0.214886 ; 1.1199
4.68126 ; 6.93311 ; 0.838175 ; -0.271164
6.94118 ; 3.63993 ; -1.86408 ; 1.70616
4.67454 ; 5.61746 ; 0.592876 ; 0.51506
4.41043 ; 6.6239 ; 0.121422 ; 0.225856
3.68036 ; 6.08076 ; 0.584687 ; -1.20521
5.03625 ; 4.4787 ; 0.856398 ; -0.918744
3.78058 ; 4.05855 ; 1.27977 ; -0.31546
5.2483 ; 6.28647 ; 0.992294 ; 0.407926
4.494 ; 4.7818 ; 0.445531 ; 0.579478
7.4232 ; 7.01239 ; -1.17442 ; -0.627718
7.53375 ; 3.95974 ; -1.59886 ; 0.603459
6.69507 ; 7.10689 ; -1.12416 ; -1.14222
6.50109 ; 7.39639 ; 0.635585 ; -2.04354
4.86285 ; 4.42775 ; -0.490709 ; 0.41811
7.00611 ; 7.43137 ; -1.31278 ; -0.273855
3.64144 ; 6.52657 ; 0.695473 ; -1.68945
7.07827 ; 3.51959 ; 0.237577 ; 0.778542
3.80186 ; 6.23302 ; -0.364844 ; -1.26742
4.373 ; 4.55953 ; 0.344443 ; 0.350589
7.61896 ; 6.61707 ; -0.705042 ; -0.685415
6.43684 ; 4.0933 ; 0.204661 ; -0.483213
7.39139 ; 5.87048 ; 0.131305 ; 0.508081
4.98862 ; 5.09386 ; -0.726677 ; -0.825589
5.1412 ; 7.19706 ; -0.607284 ; -2.20182
3.95786 ; 3.60118 ; 1.80019 ; 0.758941
4.01255 ; 5.32394 ; 1.37152 ; -0.755776
6.76029 ; 7.30182 ; 0.0270967 ; 0.0656212
3.32958 ; 5.1122 ; 1.59282 ; -0.263796
3.82709 ; 5.02998 ; 0.0634283 ; -1.02518
3.95841 ; 3.78602 ; 1.18159 ; -0.35496
7.2673 ; 3.49479 ; -0.675994 ; 0.13751
4.67466 ; 6.85939 ; 1.45408 ; -1.56198
4.0389 ; 4.24842 ; 0.408135 ; -0.0184868
3.83672 ; 5.58885 ; 1.59635 ; -0.55083
5.10559 ; 5.60517 ; 0.0355373 ; 0.636999
5.00732 ; 6.98256 ; -0.622528 ; 0.239562
5.17139 ; 3.57111 ; 0.258653 ; 1.73625
5.64038 ; 3.77073 ; -0.852059 ; 1.29788
7.20263 ; 3.55467 ; 0.170873 ; -0.356569
5.12511 ; 5.17973 ; -0.614154 ; -0.428091
7.5928 ; 6.54055 ; -0.447264 ; -0.770346
7.31669 ; 6.71343 ; -1.05017 ; 0.542709
7.00623 ; 3.93179 ; -1.51875 ; 1.73638
4.45359 ; 3.757 ; 0.891147 ; 1.36106
7.16557 ; 5.33503 ; -0.528959 ; 0.197033
3.43348 ; 5.3693 ; 1.93823 ; -0.059552
6.00609 ; 4.27228 ; 0.558884 ; -0.37103
5.77641 ; 4.24495 ; -0.889349 ; -0.103983
5.94212 ; 7.01605 ; -0.178802 ; -0.387486
7.44658 ; 4.51326 ; -2.11148 ; 0.287204
4.37539 ; 3.64654 ; 0.506918 ; 0.0805818
4.60879 ; 7.32437 ; 0.00476569 ; -2.49817
4.07344 ; 4.31649 ; 0.886667 ; 0.00782883
7.38133 ; 5.40192 ; -0.283805 ; -1.10609
7.65919 ; 5.39001 ; -1.97789 ; -0.980526
5.03474 ; 4.4307 ; 0.667704 ; -0.901302
4.45435 ; 4.40374 ; 0.816357 ; -0.919011
6.22062 ; 4.85392 ; -0.131384 ; -0.782717
7.14245 ; 4.10074 ; -1.679 ; 0.477055
4.10565 ; 6.86531 ; 0.454105 ; 0.533869
6.44099 ; 7.56174 ; 0.0904063 ; -0.811219
3.68156 ; 5.81045 ; 0.505051 ; -1.07009
6.49279 ; 3.86899 ; -1.31903 ; 1.13048
7.70917 ; 5.04207 ; -1.69751 ; -0.696516
3.99352 ; 6.1836 ; -0.0787441 ; 0.712094
3.59793 ; 4.52626 ; 1.01855 ; -0.48797
5.2053 ; 6.08316 ; 0.465315 ; 0.283783
7.40682 ; 6.78457 ; -0.93863 ; -0.689878
4.2302 ; 6.86769 ; -0.0563659 ; 0.562859
5.4203 ; 5.78441 ; 0.423426 ; -1.04677
5.88921 ; 4.69592 ; -1.05883 ; 0.918543
4.35026 ; 4.06857 ; 1.07818 ; 0.598191
6.91179 ; 6.07103 ; -0.427912 ; -0.929695
6.94402 ; 7.17188 ; -1.32817 ; -1.11953
7.27604 ; 4.27972 ; 0.439553 ; -0.297769
6.15413 ; 4.97113 ; 0.306136 ; 0.75088
5.83786 ; 5.68522 ; 0.73265 ; -0.172192
4.53863 ; 3.96761 ; 0.936334 ; 0.353241
6.9566 ; 7.32261 ; -0.187854 ; -2.73068
5.57472 ; 3.31921 ; -0.0092979 ; 0.578607
7.1909 ; 7.57018 ; -0.292813 ; -1.88121
5.4386 ; 6.87324 ; 1.14802 ; -1.59079
4.28435 ; 6.0908 ; -0.739515 ; -0.183916
3.96318 ; 4.04921 ; -0.438717 ; 1.37781
7.28795 ; 4.03652 ; -1.63177 ; 1.13875
7.17678 ; 3.61252 ; -0.641279 ; 0.928885
3.69503 ; 5.08758 ; 1.06145 ; 0.794377
7.67377 ; 5.22356 ; -0.412608 ; 0.312733
7.54046 ; 5.60963 ; 0.0258438 ; -0.15433
5.20471 ; 7.38147 ; -0.121512 ; -2.17698
5.13689 ; 5.82555 ; 0.315599 ; 0.0174316
5.73871 ; 6.76411 ; 0.0955661 ; -1.36517
5.71648 ; 3.77174 ; -1.22261 ; 1.0477
7.34284 ; 6.78289 ; 0.0304379 ; -1.94219
7.18813 ; 3.84856 ; -1.29283 ; 2.64169
7.21483 ; 7.2451 ; -0.73877 ; -2.90922
6.82561 ; 5.54046 ; -0.294332 ; 0.557588
7.38531 ; 5.89464 ; 0.405886 ; 0.240731
7.47773 ; 4.92903 ; -2.1942 ; -0.152463
6.10191 ; 7.39092 ; 0.593513 ; -0.409435
6.33361 ; 3.74965 ; -1.43332 ; 2.74105
5.46681 ; 3.43337 ; 0.979632 ; -0.187318
6.35786 ; 6.81029 ; -0.727383 ; -1.41488
7.19677 ; 7.32964 ; -0.881643 ; -2.05372
3.694 ; 6.88657 ; 1.25071 ; -1.72815
4.83198 ; 4.15707 ; 0.843573 ; -0.454172
4.62309 ; 7.27455 ; -0.442684 ; -2.57907
7.31505 ; 6.05379 ; -1.2497 ; -0.435934
3.85063 ; 4.02434 ; 0.793408 ; -0.221232
7.11377 ; 6.22394 ; -1.32621 ; 0.0916739
5.83814 ; 7.33425 ; -1.06832 ; -0.70958
6.48342 ; 7.38057 ; 0.533608 ; -2.73173
5.57534 ; 3.96716 ; 0.101115 ; -0.596557
7.5899 ; 5.24095 ; -1.4517 ; -0.812544
7.65326 ; 4.34969 ; -1.00513 ; -0.410782
6.24912 ; 5.98259 ; -0.101574 ; -0.000332609
7.52306 ; 5.28658 ; -1.53185 ; -0.000563968
6.67004 ; 7.30668 ; -1.72409 ; -1.12646
3.90405 ; 6.50033 ; 1.31985 ; -1.76518
3.77534 ; 5.85573 ; 1.13442 ; -0.059822
4.37646 ; 3.26277 ; -0.447037 ; 0.615975
4.78081 ; 3.22929 ; -0.795814 ; 0.550336
3.78331 ; 6.49892 ; 2.3184 ; -0.741254
4.58474 ; 6.86031 ; 0.360662 ; -0.710876
4.15082 ; 5.74414 ; 0.892837 ; -0.318518
4.31934 ; 3.55842 ; 0.817657 ; 1.69068
5.53159 ; 5.36453 ; -0.1617 ; 0.752536
7.28216 ; 6.84574 ; -2.95355 ; -1.89466
3.50717 ; 4.10019 ; 0.06079 ; 0.375728
5.40304 ; 5.05859 ; -0.396261 ; -0.162942
7.10636 ; 6.38131 ; -1.91503 ; -1.20048
3.66561 ; 6.75646 ; 2.97367 ; -0.568455
3.50573 ; 4.52158 ; -0.0602616 ; 0.358236
4.33431 ; 5.02354 ; 1.21906 ; -0.787489
5.09715 ; 5.84265 ; 0.271299 ; 0.271329
4.64629 ; 7.33448 ; 0.613926 ; -2.30869
6.42643 ; 3.96027 ; -0.525437 ; 1.07977
4.7575 ; 5.55958 ; 0.978249 ; 0.1132
4.00863 ; 3.56987 ; 1.75495 ; 1.97039
3.4404 ; 5.45259 ; 0.374855 ; -1.1235
3.5595 ; 5.25438 ; 0.762557 ; 0.713813
7.29864 ; 4.5911 ; -1.24021 ; 1.57789
6.93569 ; 4.59331 ; 0.510492 ; -0.00168353
7.21009 ; 4.65924 ; -0.854506 ; -0.774336
4.47871 ; 5.9542 ; -0.129741 ; -0.213811
3.73824 ; 4.04104 ; 0.694918 ; -0.276954
6.85412 ; 5.80037 ; 0.950058 ; 0.371721
4.07892 ; 4.87416 ; -0.345688 ; 0.748718
4.28899 ; 5.01042 ; -0.825322 ; 0.276629
5.56768 ; 6.03156 ; 0.666802 ; 0.414032
7.46448 ; 5.85582 ; -1.62663 ; 0.0497567
5.18818 ; 7.29159 ; 0.593257 ; -0.846554
3.48098 ; 6.02533 ; 1.85673 ; 0.0812936
5.45921 ; 4.47947 ; 0.261297 ; 0.381349
6.58412 ; 7.13346 ; 0.0731429 ; -0.697878
5.30004 ; 3.64927 ; 0.220401 ; 0.581189
7.37045 ; 7.41302 ; -1.51853 ; -1.5733
4.87666 ; 3.69429 ; 0.109812 ; 0.26527
5.8081 ; 6.01852 ; 0.401243 ; -0.689396
5.74081 ; 5.48367 ; -0.345507 ; -0.677725
7.44027 ; 6.13541 ; 0.00412181 ; -0.83
3.60955 ; 6.77673 ; 2.70033 ; -0.579988
4.36354 ; 4.9227 ; 0.0118566 ; 0.64141
3.62365 ; 5.79817 ; -0.0786704 ; -0.621678
4.1004 ; 3.4704 ; -0.0445316 ; -0.150807
5.92928 ; 7.55394 ; -0.215913 ; -1.99059
3.5361 ; 5.6857 ; 0.408506 ; 0.207471
6.34292 ; 5.67932 ; 0.415801 ; -0.960189
6.64835 ; 4.90746 ; -0.0273593 ; 0.475412
5.87006 ; 4.7763 ; -0.32636 ; 0.353936
6.44531 ; 3.72319 ; -1.76876 ; 1.62199
4.09688 ; 5.73386 ; 0.483648 ; -0.427986
3.5524 ; 6.84722 ; 0.0948223 ; -0.409713
7.61996 ; 3.88548 ; -1.61854 ; 0.197764
7.26409 ; 5.81075 ; 0.564654 ; -0.36739
5.82879 ; 5.16973 ; 0.287895 ; 0.661341
6.51946 ; 4.56341 ; -0.258467 ; -0.323356
3.95102 ; 5.4901 ; 0.381911 ; 0.232786
3.70248 ; 5.16251 ; 0.705543 ; -0.129525
6.48452 ; 5.75802 ; -0.77896 ; -0.852957
6.93712 ; 3.66784 ; -0.0391847 ; 0.340448
6.80785 ; 6.09436 ; -0.911422 ; 0.826716
5.189 ; 6.11355 ; 0.742702 ; 0.776609
6.42565 ; 3.44078 ; -1.0813 ; 2.1401
6.36419 ; 3.81647 ; -1.46642 ; 1.63984
4.83445 ; 6.98601 ; 1.52549 ; -1.351
3.51937 ; 6.10157 ; 1.66711 ; -1.19877
7.47045 ; 5.33616 ; -1.48936 ; -0.899906
5.30303 ; 6.10097 ; -0.707847 ; -0.619789
6.20125 ; 3.57318 ; 0.69406 ; 1.40415
6.09967 ; 7.42172 ; 0.697901 ; 0.253658
7.05859 ; 6.10736 ; 0.293524 ; -1.1033
5.73382 ; 3.47202 ; -0.285804 ; 0.751792
3.77565 ; 6.96257 ; 2.72288 ; -2.40085
4.35482 ; 3.3365 ; -0.20142 ; 0.932566
6.96141 ; 6.38919 ; 0.414197 ; 0.480229
7.19488 ; 4.36438 ; -0.0387008 ; -0.732672
7.04449 ; 6.75129 ; -0.53158 ; -0.437417
7.74973 ; 5.49533 ; -1.066 ; 0.667824
5.8272 ; 3.95059 ; 0.476887 ; 1.04451
6.22945 ; 6.89747 ; -0.640346 ; -1.37943
3.46319 ; 4.76134 ; 2.09672 ; -0.887667
3.48393 ; 4.95184 ; 2.02941 ; -0.574425
6.39141 ; 3.44585 ; -1.61872 ; 1.38809
4.60763 ; 7.08954 ; 1.25403 ; -1.39103
6.54485 ; 7.1355 ; 0.33166 ; -0.0705061
6.02776 ; 3.31012 ; 0.804906 ; 1.34129
6.59011 ; 3.61277 ; 0.3307 ; 2.52802
6.25794 ; 7.45996 ; -1.15301 ; -0.697833
6.10738 ; 6.03172 ; -0.826258 ; 0.114252
7.44242 ; 6.91842 ; -0.436506 ; -0.00599855
5.45391 ; 7.18933 ; 0.050918 ; -0.84656
4.23034 ; 3.64049 ; 0.277591 ; -0.377803
3.96146 ; 5.01631 ; -0.745205 ; -0.818927
7.27731 ; 6.91843 ; 0.277198 ; -0.687194
5.70328 ; 4.81634 ; -0.676712 ; -1.04326
4.44595 ; 4.08437 ; 1.8367 ; 1.75738
4.08823 ; 5.12189 ; 0.819025 ; -0.476113
5.0271 ; 7.27743 ; 0.770888 ; -2.76258
7.11509 ; 4.11685 ; -1.97508 ; 0.500373
7.14439 ; 6.67516 ; 0.144584 ; -1.23385
3.6574 ; 6.67623 ; 1.88851 ; -1.20112
6.36871 ; 4.91291 ; -0.11049 ; -0.872033
6.77901 ; 4.30363 ; -0.119397 ; 0.931306
6.48176 ; 3.61987 ; -0.264809 ; 0.304856
3.92219 ; 4.59992 ; 0.772486 ; -0.892658
4.11121 ; 6.62468 ; -0.515167 ; -0.764192
4.41487 ; 3.33051 ; 0.363174 ; 0.556163
5.87563 ; 4.49913 ; -0.117374 ; -0.732946
4.88734 ; 7.07862 ; 1.61187 ; -2.74646
6.14225 ; 4.12029 ; 0.231638 ; -0.0105092
6.35372 ; 7.01737 ; -1.62469 ; -2.42837
7.12444 ; 6.77405 ; -3.19721 ; -2.11739
3.45457 ; 4.82181 ; 1.13858 ; 1.10198
6.50917 ; 6.99669 ; -0.593891 ; -1.49535
5.5507 ; 7.01389 ; 0.680355 ; -1.71975
6.54423 ; 4.27488 ; -0.173493 ; -0.61688
6.08297 ; 3.4872 ; 0.720129 ; 0.803031
7.27411 ; 3.70236 ; -0.116445 ; -0.0961034
3.47112 ; 4.32124 ; 0.974461 ; 0.125367
5.1282 ; 6.47886 ; 0.459671 ; -0.604464
5.73731 ; 4.54224 ; -0.805034 ; 0.323767
7.5542 ; 5.86208 ; 0.228447 ; 0.263223
6.19368 ; 7.62222 ; -0.607855 ; -1.74872
4.24216 ; 3.77977 ; 1.60039 ; 0.93182
4.02099 ; 6.45852 ; 0.193696 ; 0.148854
7.2439 ; 7.19463 ; -2.45889 ; -1.38515
7.24266 ; 6.0091 ; -1.57506 ; 0.615604
5.5064 ; 3.45654 ; -0.193876 ; 0.537477
4.82845 ; 5.46794 ; 0.0903686 ; -0.431642
6.13001 ; 7.43769 ; -0.641823 ; 0.0524207
6.47567 ; 3.51515 ; -0.70454 ; 1.26486
5.6902 ; 3.92553 ; 0.7324 ; -0.694847
7.09105 ; 6.57484 ; -1.76221 ; -0.800439
5.78572 ; 3.46607 ; -0.32851 ; 1.1383
7.36173 ; 5.75227 ; -0.469305 ; -0.11002
4.62023 ; 3.65156 ; 0.596525 ; -0.573569
4.36383 ; 7.24769 ; 1.96049 ; -2.04344
3.92428 ; 6.5508 ; 1.8392 ; -1.10931
3.90596 ; 3.84051 ; 2.05463 ; 2.36595
4.40922 ; 4.18165 ; 1.01892 ; 0.76009
7.45883 ; 4.71425 ; -0.00470975 ; -0.545913
5.81703 ; 6.1735 ; -0.733837 ; -0.184282
5.88845 ; 4.99723 ; -0.278164 ; -0.478855
4.65483 ; 6.59508 ; 1.11387 ; -0.00310323
3.79489 ; 4.32325 ; 1.07767 ; 0.120118
3.60464 ; 5.82383 ; 2.16506 ; -1.11153
6.36444 ; 4.10147 ; -1.5165 ; 1.89127
5.40239 ; 3.61618 ; -0.0482184 ; 0.405596
4.88036 ; 4.51027 ; 0.971732 ; 0.598014
5.57485 ; 4.19654 ; 0.433539 ; 1.06282
4.15098 ; 4.73917 ; -0.345324 ; -0.85682
4.52604 ; 3.52357 ; -0.284017 ; 0.430745
5.98824 ; 6.39729 ; 0.0501709 ; 0.596049
5.99483 ; 4.21914 ; -0.61324 ; -0.506806
4.73384 ; 3.52298 ; -0.0997997 ; 1.62661
5.67183 ; 7.26175 ; 0.666325 ; -1.6453
6.91787 ; 6.95948 ; 0.680269 ; -1.41801
3.66498 ; 6.34726 ; -0.391107 ; -0.234547
6.91312 ; 4.41075 ; -2.04163 ; 1.7939
5.71527 ; 4.84685 ; 0.806739 ; -0.312706
6.04774 ; 3.74964 ; 0.741675 ; -0.312692
3.609 ; 3.80631 ; 0.157814 ; 0.175008
6.55218 ; 7.07328 ; -1.44261 ; -2.11481
5.18948 ; 5.79303 ; 0.89897 ; -0.906358
4.39928 ; 6.3614 ; -0.629159 ; -0.62007
3.64373 ; 7.36996 ; 0.00691503 ; -0.588577
5.8979 ; 6.57029 ; -0.447148 ; -0.71994
5.01752 ; 3.44319 ; -0.282351 ; 2.05466
7.4432 ; 4.6379 ; 0.0988472 ; -0.355835
6.47454 ; 6.88216 ; 0.0731308 ; 0.590153
7.42035 ; 5.32184 ; -2.16465 ; 1.32744
6.41557 ; 4.34018 ; 0.0729368 ; 0.13305
7.29858 ; 4.34639 ; -2.33633 ; 0.00474349
7.4106 ; 5.95834 ; -1.50333 ; -1.56552
6.70562 ; 7.02762 ; 0.212213 ; 0.289452
6.67255 ; 4.3715 ; -0.450327 ; -0.625103
5.29473 ; 7.4949 ; 0.560144 ; -1.69455
7.4666 ; 6.33539 ; -0.421193 ; 0.424035
7.17597 ; 5.06093 ; -0.749303 ; -0.232909
4.41249 ; 3.69012 ; 1.36255 ; 1.47083
4.00152 ; 4.81435 ; 1.11369 ; -0.2393
5.74226 ; 4.10595 ; 0.846049 ; 0.210851
7.27677 ; 6.01703 ; -0.297753 ; -1.02318
3.41764 ; 5.1194 ; 1.38669 ; -1.19011
5.16199 ; 6.37065 ; -0.565297 ; -0.17027
5.95 ; 3.76681 ; -0.579695 ; 0.445546
5.63162 ; 5.98433 ; -0.016866 ; -0.469998
7.4069 ; 5.87495 ; 0.147378 ; -0.240519
3.74871 ; 6.96662 ; 0.370123 ; -1.3481
4.44167 ; 4.91262 ; 0.837202 ; 0.657951
5.29472 ; 7.64124 ; 0.0805967 ; -1.45927
6.64423 ; 7.31052 ; -0.194832 ; -3.19244
4.84717 ; 5.89661 ; -0.0257206 ; 0.817565
4.67999 ; 7.3115 ; -0.649199 ; -1.54393
7.29508 ; 4.09013 ; -0.0102819 ; -0.227279
4.82645 ; 7.25397 ; 1.43494 ; -1.11843
7.39521 ; 4.22374 ; -0.0715631 ; 0.387659
5.02129 ; 5.12343 ; -0.951684 ; 0.517978
6.3017 ; 3.38594 ; -1.28602 ; 0.555406
5.37697 ; 5.9703 ; 0.78378 ; 0.813436
6.87848 ; 5.43888 ; 0.71344 ; -0.907014
4.00047 ; 7.26022 ; 0.82195 ; -2.85425
7.30496 ; 3.91705 ; -2.02978 ; 1.92804
3.93649 ; 6.26869 ; 1.69997 ; -1.71071
5.61232 ; 6.70523 ; -0.197916 ; 0.0218955
6.9614 ; 4.78586 ; 0.513197 ; -0.62554
3.89985 ; 6.77741 ; 1.91545 ; 0.429379
3.96496 ; 4.86661 ; 1.56613 ; 0.499592
6.82334 ; 3.5885 ; -1.38013 ; 0.812261
6.38164 ; 6.77549 ; 0.469394 ; -0.625828
6.59216 ; 4.80458 ; 0.738605 ; 0.312332
6.90325 ; 3.55332 ; -1.35017 ; 1.37399
7.01406 ; 4.10546 ; -1.65678 ; 2.10382
7.07752 ; 3.48621 ; -0.156577 ; 2.3469
6.51491 ; 7.1987 ; -0.515648 ; -1.97033
5.54738 ; 7.35141 ; 0.366258 ; -0.939275
3.49652 ; 5.03264 ; 0.494373 ; 0.028705
6.95144 ; 7.21525 ; -1.36613 ; 0.163126
4.20877 ; 5.54657 ; -0.51724 ; -0.101673
5.07369 ; 7.36526 ; -0.551135 ; -2.50775
7.43073 ; 6.6207 ; -1.76972 ; 0.425509
7.46864 ; 7.31884 ; -1.86869 ; -1.37663
3.92907 ; 6.83338 ; 1.63748 ; -0.560358
3.70784 ; 6.98437 ; -0.172516 ; -0.292618
4.33598 ; 6.16028 ; 0.860496 ; -0.701965
3.5264 ; 3.72889 ; 1.68434 ; -0.0545356
7.74146 ; 5.13544 ; -1.51903 ; -0.730102
7.15893 ; 4.38796 ; 0.718303 ; -0.610758
4.35809 ; 7.35634 ; -0.467356 ; -2.35856
3.72612 ; 4.03207 ; 2.95127 ; 0.193534
7.01413 ; 3.78267 ; 0.256305 ; 0.775462
4.15417 ; 4.39242 ; 0.927365 ; -0.3386
4.79199 ; 6.80888 ; 1.28013 ; -1.82615
7.35541 ; 6.05983 ; -1.18713 ; 0.797037
3.95939 ; 5.59404 ; 1.31485 ; 0.756925
5.23569 ; 6.76945 ; 0.824754 ; -0.488129
4.83462 ; 5.2729 ; -0.472553 ; -0.338602
4.79258 ; 5.808 ; 0.80323 ; -0.477049
4.26339 ; 6.68999 ; 0.90937 ; -1.50549
4.35126 ; 5.1876 ; 0.993752 ; 0.207515
5.84322 ; 7.1855 ; 0.567665 ; 0.470249
7.39392 ; 3.64048 ; -1.87821 ; 0.899685
7.33721 ; 7.27835 ; -0.922154 ; -0.348733
4.90392 ; 5.77325 ; 0.299275 ; -0.881907
5.30233 ; 7.17723 ; -1.03887 ; -2.28151
5.98449 ; 7.57708 ; 0.971151 ; -0.559887
6.62473 ; 3.85477 ; 0.785296 ; 1.13408
3.43123 ; 5.91009 ; 1.43769 ; -0.0545839
4.72326 ; 7.26365 ; -0.566487 ; -0.33115
3.95033 ; 6.1825 ; 1.53841 ; -0.358653
6.09951 ; 4.72851 ; 0.992158 ; -0.3623
4.08895 ; 4.11272 ; 0.134793 ; -0.738258
3.90783 ; 5.65949 ; 0.516707 ; -0.882191
4.16016 ; 4.84493 ; 0.392107 ; -0.336903
4.78179 ; 3.73451 ; -0.294442 ; 1.5523
6.61288 ; 3.76549 ; -1.36232 ; 2.8562
5.34511 ; 7.44024 ; 0.377556 ; -0.549623
4.88157 ; 5.28657 ; -0.809721 ; 0.2884
7.13616 ; 7.44446 ; -0.679965 ; -1.82715
5.5078 ; 3.34653 ; 0.916229 ; -0.0993012
7.479 ; 4.31664 ; -1.99256 ; 0.338345
5.64591 ; 5.85706 ; 0.496049 ; 0.0242766
4.24535 ; 3.43767 ; -0.408176 ; 0.509732
7.42927 ; 5.41262 ; -1.64285 ; -0.751637
6.26986 ; 7.49589 ; -1.05325 ; 0.143002
5.38257 ; 6.73756 ; -1.01347 ; -1.20784
6.42639 ; 4.59179 ; 0.506517 ; -0.754481
6.87207 ; 4.2515 ; -0.263684 ; -0.343531
6.24607 ; 6.83003 ; -0.800842 ; -1.65965
5.0001 ; 7.07893 ; 1.37957 ; -2.28762
5.68796 ; 3.58556 ; 0.101868 ; 0.0656873
4.42395 ; 3.51878 ; 0.543393 ; 0.34108
7.08263 ; 4.09053 ; -0.85429 ; 1.3634
3.73357 ; 3.91729 ; 1.99386 ; 2.28574
6.91089 ; 3.87648 ; 0.263937 ; -0.561391
6.34225 ; 7.28152 ; -0.153683 ; -2.24022
5.27601 ; 7.09977 ; 0.955644 ; 0.341359
5.91465 ; 7.0042 ; 0.53326 ; -0.942748
5.35442 ; 3.86709 ; -0.0905537 ; 0.591877
7.04266 ; 5.05969 ; -0.748383 ; 0.49543
3.64844 ; 6.67469 ; 1.54512 ; -0.135647
7.13061 ; 5.35676 ; 0.405664 ; 0.628943
7.31484 ; 5.46178 ; 0.347559 ; -0.991657
4.40816 ; 7.51234 ; 0.400675 ; -1.48049
6.08536 ; 5.73696 ; 0.106519 ; -0.34965
4.16137 ; 6.42073 ; -0.743021 ; 0.246383
7.12009 ; 4.67042 ; -1.3256 ; -0.810857
6.6745 ; 3.61491 ; -0.255225 ; 0.222894
6.18168 ; 3.91149 ; -0.399265 ; 0.458101
3.47857 ; 5.2976 ; 0.647477 ; -0.448128
6.8975 ; 5.38572 ; 0.899815 ; 0.832845
5.36284 ; 6.98916 ; 0.19055 ; -0.557745
7.11851 ; 4.21158 ; -1.38383 ; 0.922552
6.67408 ; 3.90993 ; -0.138683 ; -0.783329
5.88086 ; 7.37086 ; 0.487809 ; -0.157699
3.66045 ; 6.62204 ; 2.19875 ; -0.625944
5.55306 ; 7.38231 ; 0.700272 ; -0.150526
3.83917 ; 6.17464 ; 0.261689 ; -0.820488
7.25519 ; 5.94837 ; -1.10843 ; -0.358875
4.00769 ; 6.78069 ; 0.169425 ; -0.68479
7.31181 ; 4.46143 ; 0.361336 ; 0.398315
5.27641 ; 3.60032 ; -0.313197 ; 0.553966
7.33387 ; 3.9014 ; -0.583657 ; 1.03987
4.23605 ; 5.26682 ; 0.240059 ; 0.685666
6.39109 ; 4.95503 ; 0.764522 ; -0.853661
5.89052 ; 4.75486 ; -0.348449 ; -0.534732
4.31896 ; 3.55675 ; 0.418709 ; -0.49801
7.39932 ; 4.44956 ; -2.52761 ; 0.178581
3.47854 ; 4.6983 ; 0.647716 ; 0.735467
5.77403 ; 5.46228 ; -0.71479 ; -0.377401
5.57568 ; 6.53014 ; -0.095935 ; -0.80807
3.58105 ; 7.09552 ; 1.78847 ; -0.0478716
6.0941 ; 3.34719 ; -0.397714 ; 1.9525
7.07746 ; 6.64378 ; -1.1636 ; -1.01519
5.64556 ; 6.53094 ; 0.841898 ; -0.611721
6.8833 ; 6.16178 ; 0.497359 ; 0.023736
7.0131 ; 3.74989 ; 0.116524 ; 0.574815
5.57417 ; 6.26556 ; 0.627472 ; -0.447049
4.38484 ; 4.48788 ; 0.767482 ; 0.902348
4.91398 ; 4.08643 ; -0.106143 ; 0.167826
7.00842 ; 6.84818 ; -1.12795 ; -0.188294
5.58426 ; 7.2769 ; -0.727355 ; -2.76378
6.40805 ; 3.43645 ; -0.375361 ; 1.94402
5.51085 ; 4.91019 ; -0.706225 ; -0.714488
4.83392 ; 4.16711 ; 0.0119374 ; 0.327015
3.59103 ; 5.30347 ; 1.06047 ; 0.991484
7.39105 ; 6.62147 ; 0.119311 ; 0.0562363
7.30228 ; 3.98971 ; -1.91301 ; 1.37155
3.43678 ; 4.46839 ; 0.495241 ; 0.558888
4.13136 ; 3.52747 ; 0.421939 ; 1.68164
5.21146 ; 4.25299 ; 0.301135 ; -0.70224
4.17881 ; 6.83207 ; 0.972017 ; -0.303332
4.92647 ; 3.44738 ; -0.715074 ; -0.559844
3.63889 ; 6.79625 ; 0.959026 ; -1.62979
4.35276 ; 7.46974 ; 0.541308 ; -2.35595
6.70045 ; 5.30655 ; -0.586065 ; -0.349257
3.98686 ; 4.72999 ; 0.453545 ; 0.51092
7.61717 ; 5.00983 ; -1.36807 ; 1.34709
6.92061 ; 3.39511 ; -0.844749 ; 1.46999
3.89576 ; 6.9333 ; 0.753438 ; -1.00782
7.5137 ; 4.28622 ; -1.43773 ; -0.254041
7.45216 ; 4.04581 ; -1.23896 ; 1.03693
7.14218 ; 4.79088 ; -1.2697 ; 0.50407
7.27628 ; 5.9928 ; 0.73254 ; -0.671472
7.35876 ; 4.09936 ; -2.12254 ; 0.51457
6.12164 ; 7.02477 ; 0.675434 ; -0.0808739
5.38047 ; 4.62667 ; -0.536824 ; -0.520103
5.32872 ; 5.82454 ; -0.63626 ; -0.475702
7.38455 ; 6.85392 ; -0.718095 ; -0.880552
3.57144 ; 7.31075 ; 0.809445 ; -0.993149
6.13287 ; 6.36354 ; -1.0087 ; -0.840148
5.00831 ; 6.97471 ; 0.844981 ; -1.32779
4.03061 ; 4.73539 ; 1.09736 ; 0.0540973
6.63985 ; 7.37723 ; -0.61008 ; -2.13542
4.84446 ; 6.05937 ; -0.720255 ; -0.242209
5.14828 ; 4.73187 ; -0.277023 ; -0.970565
5.90855 ; 5.49026 ; -0.603957 ; -0.110456
6.66612 ; 6.82876 ; -0.022227 ; -0.277631
4.86048 ; 3.85908 ; -0.337867 ; -0.793837
6.82842 ; 4.02517 ; -1.39671 ; 1.02547
5.60444 ; 6.59376 ; -0.415316 ; -0.111138
6.7372 ; 7.11819 ; -0.5691 ; -1.09538
4.93298 ; 7.43561 ; -0.665096 ; -0.720983
6.01823 ; 7.26972 ; 0.0753523 ; 0.267056
7.27621 ; 4.63637 ; -0.995599 ; 0.625383
5.6444 ; 4.41949 ; -0.64715 ; -0.333186
7.3425 ; 5.66094 ; -1.52089 ; 1.10979
6.81065 ; 3.95452 ; -1.95254 ; 2.88069
3.4031 ; 6.55587 ; 0.614374 ; -0.472565
6.83136 ; 5.52153 ; -0.0558582 ; -0.182023
6.54001 ; 7.31547 ; -0.396579 ; -2.67716
4.03118 ; 7.37619 ; -0.196644 ; -0.758827
6.96548 ; 7.21333 ; 0.249394 ; -0.730201
4.86579 ; 7.1716 ; 0.287296 ; -0.446677
7.61146 ; 4.86243 ; 0.0559945 ; 1.03139
6.3928 ; 4.37773 ; 0.0495824 ; 0.622588
6.07074 ; 6.24162 ; -0.945374 ; -0.782398
3.4377 ; 4.52154 ; 0.980052 ; -0.219248
4.37959 ; 3.67264 ; 0.826757 ; 0.291537
5.46356 ; 7.42128 ; 0.319038 ; -2.44612
7.36467 ; 6.49713 ; -0.930719 ; 0.0897187
6.4841 ; 3.30004 ; 0.215757 ; 0.60726
5.55101 ; 6.479 ; 0.767075 ; 0.827598
4.36734 ; 3.6677 ; 0.248004 ; 0.0827274
5.32888 ; 7.06262 ; -0.493514 ; -0.969346
3.79162 ; 4.79264 ; 1.11223 ; -0.757483
6.78823 ; 3.89722 ; -1.3086 ; 0.712661
3.59128 ; 4.1723 ; 1.74755 ; -0.240338
5.34733 ; 3.74431 ; 0.0227472 ; -0.374987
4.61192 ; 6.92624 ; -0.641397 ; -1.75894
4.78689 ; 7.21684 ; 1.04237 ; -0.138049
7.04248 ; 7.20042 ; -1.1931 ; -1.94264
7.38105 ; 6.71825 ; -0.845878 ; -2.23237
3.59648 ; 4.34519 ; 1.69202 ; 1.61372
3.63818 ; 4.45967 ; 2.51177 ; -0.567618
4.66871 ; 3.66102 ; 0.771743 ; 2.37421
4.75675 ; 6.93468 ; 1.97827 ; -2.64371
7.17544 ; 6.97173 ; 0.380295 ; -1.38013
3.61142 ; 6.35723 ; -0.00200254 ; -1.25357
6.71049 ; 3.79901 ; -0.488886 ; 0.311956
7.05013 ; 7.28647 ; 0.542372 ; 0.198705
4.21105 ; 3.67903 ; 1.14283 ; 0.151904
5.92176 ; 4.42931 ; 0.922445 ; 0.566625
7.18972 ; 4.95401 ; 0.170381 ; 0.214101
6.31005 ; 4.25621 ; 0.693552 ; -0.906119
5.15605 ; 5.20469 ; -0.43707 ; 0.114815
4.02167 ; 3.98455 ; 3.35634 ; 2.05919
4.49329 ; 4.61055 ; -0.882711 ; 0.371925
6.51848 ; 4.945 ; -0.901347 ; -0.788753
7.0629 ; 3.7037 ; 0.331489 ; 0.932654
6.60778 ; 5.9126 ; -0.289318 ; -0.789985
3.3508 ; 5.33829 ; 1.22926 ; 0.49624
5.61242 ; 3.47653 ; -0.37561 ; 2.17428
3.64023 ; 4.29535 ; 0.821553 ; 1.37313
7.28839 ; 4.61006 ; -1.42127 ; 1.14992
4.42043 ; 6.6518 ; 1.30974 ; 0.677964
4.40072 ; 3.59973 ; -0.107565 ; 1.65838
6.70613 ; 6.27305 ; 0.359919 ; -0.244351
4.30722 ; 5.67056 ; 0.358946 ; 0.259882
7.22571 ; 5.81083 ; 0.547317 ; 0.809175
3.82975 ; 4.43298 ; 0.838222 ; 0.090462
3.75149 ; 5.85884 ; 0.320471 ; -1.04977
4.71902 ; 6.95855 ; 0.565064 ; -0.150386
5.80194 ; 7.10305 ; -0.667034 ; 0.157808
3.65476 ; 6.968 ; 0.376095 ; -0.978512
4.65427 ; 4.43963 ; 0.522805 ; 0.365553
3.69774 ; 4.45752 ; 3.02993 ; 0.769
6.45795 ; 7.63507 ; 0.0603252 ; -0.744692
4.7379 ; 3.75066 ; 1.4887 ; 1.8937
6.18758 ; 5.31619 ; 0.00527942 ; -0.602193
4.17498 ; 4.84152 ; 0.426083 ; 0.55112
4.70501 ; 4.96369 ; 0.795434 ; 0.167439
5.98421 ; 4.18669 ; 0.993191 ; 0.383314
6.48193 ; 3.30301 ; 0.396689 ; 1.29797
3.67639 ; 4.37953 ; 2.38794 ; 0.998428
3.5569 ; 4.92209 ; 1.5975 ; -0.642202
3.92468 ; 5.86136 ; 1.30596 ; -0.922819
4.0991 ; 6.80623 ; 1.27829 ; -0.572128
5.61733 ; 5.80735 ; 0.345066 ; 0.149678
4.23418 ; 4.87788 ; -0.153543 ; -0.885289
4.26707 ; 3.54437 ; 0.359981 ; 0.709395
4.56886 ; 5.58977 ; -0.336062 ; -0.233459
5.80684 ; 4.16025 ; -0.808748 ; -0.0314434
3.66706 ; 5.50835 ; -0.256498 ; 0.740171
6.37045 ; 3.66665 ; -1.1422 ; 2.56116
6.71816 ; 7.15938 ; 0.0611002 ; -0.449342
7.7033 ; 6.91952 ; -1.67784 ; 0.0427645
5.08393 ; 7.53134 ; 0.657136 ; 0.0905188
4.59065 ; 6.07174 ; -0.844281 ; 0.437649
4.41472 ; 7.35367 ; -0.218079 ; -1.40098
7.18378 ; 6.32316 ; 0.138801 ; 0.236434
3.57587 ; 4.06096 ; 1.95286 ; 0.886082
3.93985 ; 7.0377 ; 0.653694 ; 0.220407
4.84327 ; 3.52958 ; 0.546163 ; 0.687209
4.35099 ; 3.36127 ; 1.07526 ; 1.30465
5.59608 ; 4.76988 ; -0.237566 ; -0.772493
6.36115 ; 3.63427 ; -1.34492 ; 0.589089
6.78123 ; 5.83168 ; -0.647071 ; -0.979575
5.95459 ; 3.6764 ; 0.30787 ; -0.101856
3.8765 ; 4.22886 ; 2.01268 ; 1.65606
5.67459 ; 5.40438 ; 0.943151 ; 0.403917
6.34159 ; 6.42811 ; 0.746135 ; -0.364447
3.60347 ; 6.35157 ; 0.726408 ; -1.73228
7.309 ; 4.53991 ; 0.177063 ; 0.676322
7.28065 ; 3.76234 ; -0.969594 ; 1.86752
4.33315 ; 5.28237 ; -0.442628 ; -0.880122
5.25919 ; 4.70506 ; -0.915902 ; 0.0102273
4.43796 ; 3.81656 ; -0.0197762 ; -0.494238
4.03581 ; 3.93023 ; 0.0693646 ; 1.17034
7.32216 ; 4.44562 ; -2.1369 ; 2.2107
7.14722 ; 6.9029 ; -2.35768 ; -2.67683
5.22055 ; 7.57163 ; 1.19056 ; -1.32216
5.55201 ; 7.20632 ; 0.83672 ; -1.50474
7.17473 ; 5.71524 ; -0.309807 ; -0.442643
6.56676 ; 7.40278 ; -0.979069 ; -0.940679
7.21631 ; 3.75313 ; -1.80691 ; 1.24155
6.16084 ; 6.74313 ; 0.683851 ; 0.197281
3.59931 ; 4.25927 ; 1.5805 ; 0.366822
5.58556 ; 6.51294 ; -0.179087 ; -1.20086
4.03764 ; 3.86101 ; 2.05237 ; 1.98962
4.2253 ; 3.39572 ; -0.167726 ; 0.441358
5.52157 ; 3.43688 ; 0.266812 ; 0.742599
3.69243 ; 6.25686 ; 1.43367 ; -0.839259
7.60353 ; 5.9403 ; 0.31596 ; -0.0693199
6.69443 ; 7.14705 ; -0.344648 ; -2.33179
7.01592 ; 3.82876 ; -0.817669 ; 2.08186
7.33866 ; 7.32986 ; -1.19272 ; -0.281615
4.04875 ; 5.13163 ; 1.3552 ; -0.92616
4.61274 ; 5.4844 ; 0.489009 ; -0.752144
6.92136 ; 6.07616 ; -0.846203 ; -0.195191
3.8375 ; 3.88873 ; -0.341186 ; 0.201005
5.55168 ; 3.70961 ; 0.892779 ; 0.518583
3.66516 ; 4.01476 ; 0.511138 ; -0.429037
5.99523 ; 3.75471 ; 0.023906 ; 0.47129
7.41244 ; 5.84201 ; -0.215393 ; -0.229546
5.08771 ; 7.04339 ; 0.851548 ; 0.264621
5.06472 ; 6.71567 ; 0.065807 ; -0.938016
5.46967 ; 4.88937 ; 0.489188 ; -0.00213809
5.26252 ; 6.95579 ; 0.0802494 ; -0.00172204
5.20644 ; 3.87682 ; -0.557971 ; 1.12832
3.5381 ; 5.37654 ; 0.442554 ; -0.0775297
5.04405 ; 3.20875 ; -0.610482 ; 1.06719
7.33496 ; 6.13466 ; 0.448853 ; 0.689027
