5.54973 ; 3.84961 ; -0.607379 ; -0.467265
7.16087 ; 5.88545 ; -1.50404 ; 0.271152
6.39063 ; 5.24819 ; -1.16569 ; 0.147929
4.98811 ; 4.07263 ; 1.94891 ; 2.20309
5.14386 ; 4.58706 ; -0.114915 ; -0.987963
4.19416 ; 4.85706 ; 2.49612 ; 1.76783
5.24581 ; 5.11113 ; -0.711275 ; -0.478583
5.33145 ; 6.49533 ; -0.569926 ; 0.493065
7.36564 ; 5.67843 ; -0.457222 ; 0.692717
7.21402 ; 6.77654 ; -1.09988 ; -1.5273
6.86839 ; 4.36826 ; -1.27729 ; -0.438646
6.62199 ; 4.91292 ; 0.231725 ; -0.83367
3.76235 ; 4.21887 ; 0.736826 ; -0.15677
3.9873 ; 5.11454 ; 0.0917993 ; 0.950011
6.86087 ; 4.64294 ; -0.15542 ; 0.327564
6.87798 ; 6.43749 ; 0.221144 ; -1.32117
4.6012 ; 4.05043 ; 1.01528 ; 0.267152
7.28015 ; 6.41904 ; -2.70277 ; -0.55152
5.208 ; 4.90308 ; -0.153866 ; -0.174866
4.24501 ; 5.46357 ; 0.161848 ; -0.730754
6.46431 ; 6.53003 ; -1.7718 ; -2.39102
3.88284 ; 6.93188 ; 3.10534 ; -1.58839
6.05351 ; 7.39693 ; -0.564577 ; -2.60459
6.94066 ; 5.20485 ; 0.4903 ; -0.739564
4.60202 ; 7.3735 ; 0.366397 ; -1.80825
7.08766 ; 5.99455 ; -0.468621 ; 0.419701
4.94135 ; 5.41878 ; 0.0316597 ; 0.774725
4.37907 ; 5.44009 ; -0.458116 ; 0.239592
3.98718 ; 4.10598 ; 3.34266 ; 2.68494
6.19512 ; 3.85575 ; 0.224725 ; -0.372722
7.22927 ; 5.319 ; -1.32492 ; -0.604613
5.13184 ; 3.8429 ; -0.242303 ; 1.14446
7.30146 ; 6.55389 ; -0.986877 ; -1.05746
7.22112 ; 6.20589 ; -3.35341 ; -0.100673
3.55919 ; 4.14004 ; 0.647109 ; 0.125813
7.19325 ; 3.71694 ; -1.27765 ; 1.20666
4.59629 ; 3.68442 ; 0.239943 ; 0.353747
4.49657 ; 3.80839 ; 0.698486 ; 1.25714
4.11516 ; 7.21788 ; 0.913204 ; -2.74655
3.71113 ; 6.29439 ; 0.277354 ; 0.203798
5.72974 ; 6.44165 ; 0.360333 ; 0.329157
5.33779 ; 7.09046 ; 0.388344 ; -3.58406
6.60966 ; 5.91355 ; 0.477242 ; 0.483177
5.94835 ; 4.26348 ; 0.548108 ; 0.877662
4.0933 ; 4.81293 ; 2.18964 ; -0.371065
5.27674 ; 4.59193 ; 0.542494 ; 0.939991
7.13175 ; 4.04368 ; -3.18069 ; 1.08583
4.728 ; 5.30173 ; 1.26961 ; 0.169242
4.02427 ; 4.63902 ; 0.915224 ; 0.109295
7.16374 ; 4.49112 ; -2.35433 ; 1.92716
4.30117 ; 3.54512 ; 0.701934 ; 0.655274
6.98409 ; 3.82258 ; -2.25375 ; 2.27832
4.74521 ; 3.91623 ; 1.17582 ; 1.29409
4.19777 ; 6.24285 ; 2.60005 ; -1.46225
4.87075 ; 4.39033 ; -0.0709437 ; 0.0273306
4.18607 ; 4.70272 ; 1.24586 ; -0.772364
7.52911 ; 5.38467 ; -2.50654 ; 0.529055
3.70104 ; 6.17149 ; 1.0878 ; -1.54728
7.48549 ; 4.65413 ; -2.23039 ; 1.19931
7.24436 ; 7.3791 ; -0.74173 ; -1.26025
4.14568 ; 5.62335 ; -0.245934 ; 0.542702
4.97243 ; 4.30367 ; 1.40915 ; 1.453
3.95469 ; 7.02567 ; 0.98273 ; -2.36147
7.33253 ; 5.1203 ; -0.33353 ; 0.491595
6.89374 ; 6.63558 ; -2.53503 ; -3.75684
4.43278 ; 7.05885 ; 0.168334 ; -3.77814
7.40649 ; 3.93672 ; -1.3437 ; 0.40817
6.16637 ; 3.87603 ; -0.49413 ; 2.21315
3.87779 ; 3.50238 ; 0.578455 ; 1.38491
3.84816 ; 4.61686 ; 2.18783 ; -0.271475
7.38066 ; 5.06139 ; -0.198761 ; 0.532648
4.41846 ; 3.50193 ; -0.127209 ; 0.790544
6.9933 ; 3.5972 ; -1.10679 ; 1.54434
4.18708 ; 4.22908 ; 0.222836 ; -0.335785
3.92691 ; 5.87814 ; 1.71694 ; -0.40564
6.31389 ; 7.17719 ; -1.21533 ; -3.3837
6.79346 ; 3.8537 ; -1.74865 ; 0.473862
7.24778 ; 4.80589 ; -1.17862 ; 0.280586
5.52433 ; 3.58192 ; -0.313472 ; 1.78662
5.28131 ; 7.42328 ; -0.499528 ; -1.25202
7.10229 ; 4.46784 ; -2.57993 ; -0.169795
6.35726 ; 5.42337 ; -1.14634 ; -1.20786
3.94541 ; 5.6564 ; 1.28216 ; -0.786707
3.7828 ; 3.80932 ; 1.39512 ; 1.48894
6.98264 ; 6.1487 ; -1.96819 ; -0.970177
6.53794 ; 3.75836 ; -0.0239267 ; 0.838549
7.54586 ; 5.44646 ; -1.0158 ; -1.02703
5.8951 ; 5.30279 ; -0.456101 ; -0.355153
6.81913 ; 4.368 ; -0.681873 ; -0.503487
4.6775 ; 6.05554 ; 1.81741 ; -1.67799
3.69309 ; 6.42431 ; 1.10414 ; -2.2346
5.6109 ; 3.79046 ; 0.130874 ; 0.474454
5.43398 ; 4.97368 ; -0.473455 ; 0.52805
5.16631 ; 3.64594 ; -0.492168 ; 2.40446
6.40124 ; 5.79148 ; 0.217611 ; 0.844479
6.82277 ; 6.12669 ; -2.42504 ; -1.60849
3.67846 ; 6.69502 ; 0.143823 ; 0.143945
4.87665 ; 5.92975 ; 0.958 ; 0.115667
6.85631 ; 4.45104 ; 0.133111 ; 1.42744
5.74688 ; 6.2476 ; -1.13218 ; -1.25958
3.82207 ; 6.1361 ; 1.85552 ; -1.83297
7.43448 ; 4.46998 ; -1.13431 ; 1.30321
5.98644 ; 5.43882 ; -0.141038 ; 0.267073
7.53565 ; 6.0322 ; -1.397 ; -0.087972
4.03601 ; 7.04112 ; 1.16619 ; -0.0766146
4.00424 ; 3.58733 ; 1.25372 ; 2.68191
5.91858 ; 4.58437 ; -0.246648 ; -0.401029
5.61085 ; 7.22654 ; 1.02141 ; -0.923555
5.37942 ; 6.86241 ; -0.153226 ; -0.788174
6.61059 ; 7.11921 ; -1.31777 ; -0.199337
7.36128 ; 5.29224 ; -1.15185 ; -0.219438
4.31917 ; 6.81572 ; 0.142803 ; -0.888897
6.82248 ; 7.2105 ; -1.99127 ; -0.787507
5.68175 ; 3.30298 ; -0.418937 ; 1.02376
4.20669 ; 6.26645 ; -0.0192517 ; -1.63967
7.21534 ; 7.22813 ; -0.928858 ; -0.819596
7.19043 ; 3.68915 ; -1.23594 ; 2.03815
5.6854 ; 3.3851 ; 0.815775 ; 0.49505
5.61351 ; 6.84771 ; -0.7018 ; 0.356439
4.88848 ; 7.04395 ; 1.48938 ; -0.623936
6.64605 ; 7.24636 ; -0.566839 ; -3.02315
3.68879 ; 6.27556 ; 0.374898 ; -0.575361
6.82812 ; 6.47984 ; 0.318176 ; -0.381961
4.968 ; 4.17587 ; 0.0966974 ; -0.682652
4.09623 ; 7.12754 ; 0.211154 ; -0.0145557
5.49883 ; 6.16633 ; 0.933331 ; -0.178595
5.2916 ; 5.63442 ; -0.433761 ; -0.948091
4.20642 ; 3.68616 ; 2.36706 ; 2.5923
3.52057 ; 6.17659 ; 1.67389 ; 0.456292
4.27273 ; 4.92302 ; 1.11005 ; -0.685309
7.48844 ; 4.87627 ; -2.05838 ; 0.875171
5.2243 ; 6.90561 ; -0.718481 ; -0.0664197
3.74378 ; 5.95481 ; 1.95404 ; -1.72551
6.07066 ; 7.3217 ; 0.770749 ; -1.86027
6.49329 ; 5.48056 ; -0.449527 ; 0.344452
6.64632 ; 3.38963 ; 0.237476 ; 0.465766
3.79555 ; 7.03429 ; 1.89311 ; -1.3982
6.49673 ; 7.06942 ; -0.593102 ; -2.68114
6.41664 ; 7.27343 ; -0.931845 ; -2.26341
5.14283 ; 6.69692 ; -1.02816 ; -1.87529
6.50354 ; 3.62217 ; -1.077 ; 0.398869
5.1694 ; 7.0967 ; -0.76651 ; -3.09591
7.12911 ; 7.1625 ; -0.0975706 ; -0.923502
5.42469 ; 6.82689 ; -0.416236 ; -0.252552
5.49889 ; 3.52786 ; -0.726099 ; 1.58317
7.19204 ; 4.71792 ; -2.93753 ; -0.127563
4.54988 ; 6.74373 ; 0.17844 ; -2.25099
4.27536 ; 7.44367 ; 1.3832 ; -1.05388
3.89407 ; 5.7991 ; 2.72777 ; 0.639434
4.13525 ; 3.84308 ; 3.78848 ; 1.85553
4.34966 ; 3.49902 ; 0.187737 ; 0.116503
5.87132 ; 3.52547 ; -0.366359 ; -0.0128361
3.97994 ; 4.50574 ; 2.51628 ; 2.34381
6.44846 ; 5.06994 ; 0.0554135 ; -0.0928592
6.73286 ; 6.45713 ; -1.65715 ; -1.24151
5.38413 ; 6.1941 ; -0.859695 ; -1.03336
6.10451 ; 5.62958 ; 0.41736 ; 0.0487133
6.49092 ; 4.04581 ; -0.525838 ; 0.583497
7.05294 ; 4.31167 ; -3.45977 ; 1.00591
4.74714 ; 3.51113 ; 1.51677 ; 0.374411
6.95532 ; 7.09643 ; -1.41299 ; -3.48314
3.59324 ; 5.82426 ; 1.8327 ; -0.0514402
5.34847 ; 4.05164 ; -0.596925 ; -0.088933
7.19274 ; 7.44241 ; -0.448297 ; -1.38152
6.54623 ; 6.58653 ; -0.441018 ; -1.7826
4.53535 ; 5.26718 ; 0.0423409 ; -0.328953
6.23561 ; 6.84322 ; 0.761382 ; 0.429885
4.259 ; 7.21398 ; 0.638873 ; -3.46213
5.17508 ; 4.37573 ; -0.787354 ; -0.875759
6.77178 ; 6.0064 ; 0.618734 ; 0.507393
6.53791 ; 6.97405 ; 0.410962 ; -2.39621
7.10894 ; 6.4651 ; -2.42948 ; -2.00299
6.5913 ; 4.38836 ; -0.545439 ; 1.13113
6.43821 ; 4.73685 ; -0.458263 ; 0.16886
5.99383 ; 5.88281 ; -0.972678 ; -1.32306
5.22873 ; 4.35995 ; 0.276613 ; 0.647667
4.2894 ; 3.3733 ; 0.160515 ; 1.01578
4.48317 ; 6.71873 ; 2.09907 ; -1.75682
4.10353 ; 5.37519 ; 0.705604 ; 0.175495
5.03819 ; 6.70967 ; 0.144503 ; -0.23719
5.87665 ; 5.92502 ; 0.425965 ; -0.967102
3.48459 ; 5.81785 ; 2.46852 ; 0.719045
6.99148 ; 3.5787 ; -0.724598 ; 0.492265
7.32926 ; 3.62929 ; -2.19945 ; 1.30886
6.02796 ; 4.13942 ; -0.779293 ; 0.805078
4.71256 ; 5.57957 ; 0.839229 ; -0.21155
4.75367 ; 3.5633 ; 1.03916 ; 0.53514
5.54385 ; 6.93914 ; 0.73437 ; -1.67213
4.21255 ; 3.85644 ; 1.3811 ; 1.10455
6.96782 ; 3.49853 ; -0.418833 ; 2.27142
6.53248 ; 7.03528 ; 0.383472 ; -2.73664
6.1097 ; 5.64632 ; -0.415982 ; -0.790978
3.5827 ; 4.23908 ; 2.12091 ; 0.541955
6.84123 ; 3.52211 ; -1.01826 ; 0.468859
4.29753 ; 3.94649 ; 1.41038 ; -0.385698
4.33786 ; 3.3637 ; 0.0802273 ; 0.982218
7.31915 ; 4.48114 ; -3.022 ; 1.45285
7.36089 ; 5.86286 ; -2.86226 ; 0.230906
4.8807 ; 7.27198 ; 1.98093 ; -2.28879
3.96541 ; 3.781 ; 3.58607 ; 1.14814
6.68684 ; 4.57332 ; -3.50151 ; 3.13686
3.82518 ; 6.60858 ; 2.36037 ; -2.75813
5.28345 ; 3.88116 ; 0.926584 ; -0.458026
7.26258 ; 6.71077 ; -0.00664964 ; -1.80346
3.85477 ; 3.72783 ; 2.49416 ; 2.68847
5.16102 ; 3.45828 ; 1.17135 ; 1.46475
4.04049 ; 6.46842 ; 3.25082 ; -2.70059
4.96119 ; 6.60952 ; 0.75725 ; -2.00559
4.72998 ; 4.91148 ; -0.340719 ; -0.95938
4.44605 ; 4.37609 ; 0.380801 ; -0.61558
7.35033 ; 4.46449 ; -1.51156 ; 2.10631
6.00518 ; 4.29608 ; -0.310736 ; 0.166573
7.03924 ; 5.56851 ; -0.578157 ; 1.01153
6.44375 ; 3.93186 ; -0.900926 ; 0.242213
5.19992 ; 5.99842 ; 0.556382 ; 0.449574
3.5226 ; 5.16158 ; 0.326092 ; 0.469347
3.54293 ; 4.68649 ; 1.20401 ; 1.74435
3.97542 ; 6.93758 ; 1.38718 ; -3.11654
3.9255 ; 3.69774 ; 2.23653 ; 2.13853
4.96398 ; 3.85143 ; 0.859433 ; 1.34186
3.94845 ; 3.65601 ; 2.06576 ; 1.80587
7.17498 ; 6.77754 ; 0.0545045 ; -1.82438
6.54179 ; 3.9334 ; -2.31948 ; 1.76937
7.09707 ; 3.60854 ; 0.00754052 ; 0.915761
7.1283 ; 6.2169 ; -1.72113 ; -0.681871
7.25305 ; 3.64978 ; -0.590777 ; 1.6214
6.78694 ; 3.55192 ; 0.0413818 ; 2.64382
3.71047 ; 6.85328 ; 1.25332 ; -0.85953
7.18901 ; 5.10304 ; -1.59827 ; 0.383244
6.65911 ; 7.16505 ; -0.151517 ; -2.76184
4.29473 ; 7.11273 ; -0.491214 ; -0.195604
3.66186 ; 6.24058 ; 1.64163 ; -0.0442976
4.01982 ; 6.79977 ; 0.742098 ; -0.279266
6.32102 ; 4.91643 ; -0.245527 ; 1.01995
3.6296 ; 6.38612 ; 1.08927 ; -0.176032
3.92313 ; 6.04464 ; 0.726781 ; -0.320928
4.43361 ; 6.9275 ; 2.25797 ; -2.27508
4.31781 ; 7.38875 ; 0.0768901 ; -2.85649
4.84333 ; 6.73551 ; 0.163113 ; -2.0098
4.52879 ; 3.76296 ; 0.782255 ; 3.10167
6.4953 ; 4.11674 ; -2.29527 ; 2.66617
6.02946 ; 5.05759 ; 0.808524 ; -0.530066
6.97551 ; 5.85848 ; -2.18263 ; -1.21144
4.70055 ; 6.72896 ; -0.304988 ; -0.573247
5.11964 ; 3.42268 ; 0.0641994 ; 2.40701
4.39386 ; 5.73748 ; 1.24403 ; -1.04503
4.91096 ; 7.36189 ; -0.799575 ; -0.160071
4.16827 ; 7.28772 ; 1.94362 ; -1.74085
6.92156 ; 4.84471 ; -2.8993 ; 1.84445
4.99294 ; 4.83375 ; 0.627856 ; -0.220079
6.6173 ; 7.37837 ; -0.185527 ; -0.844954
4.89063 ; 7.50086 ; 0.122206 ; -1.92603
4.50399 ; 7.43194 ; 1.79626 ; -1.5358
6.38042 ; 5.85102 ; 0.0792178 ; -0.827232
4.5407 ; 6.72049 ; -0.0615238 ; -1.19167
4.7191 ; 5.91826 ; -0.645426 ; -1.05221
3.94283 ; 5.87822 ; 3.44193 ; -1.54159
3.75662 ; 4.67331 ; 0.75447 ; -0.221362
4.18361 ; 6.82971 ; 1.11377 ; -0.356711
3.65045 ; 6.34747 ; 2.51827 ; 0.161939
6.74843 ; 6.80875 ; -0.419111 ; -2.37832
7.15813 ; 5.22538 ; -0.928808 ; -0.177466
7.291 ; 4.52243 ; -1.54499 ; 1.25077
4.55641 ; 7.3525 ; 1.96639 ; -1.36784
7.17009 ; 6.65735 ; -2.89395 ; -1.41625
7.17025 ; 7.26878 ; -0.502635 ; -1.64514
6.32234 ; 6.90153 ; -0.402154 ; -2.49334
6.60791 ; 4.15433 ; -2.04829 ; 2.03595
4.01322 ; 4.95149 ; 3.34186 ; 2.08381
5.7936 ; 3.61587 ; 0.66732 ; 1.13698
6.09211 ; 3.33098 ; -0.148728 ; 0.698906
4.04904 ; 4.41032 ; -0.00897571 ; 0.409746
5.02638 ; 7.13479 ; 1.0824 ; -3.55511
7.33752 ; 4.55189 ; -1.92001 ; 2.06404
6.95339 ; 6.10249 ; 0.11114 ; -1.1956
3.73334 ; 7.29316 ; 0.535647 ; -1.47654
4.29515 ; 3.40433 ; -0.185433 ; 1.86912
5.02424 ; 4.46063 ; -0.0174911 ; 0.309007
5.34138 ; 6.4779 ; 0.923753 ; 0.0190636
5.13863 ; 4.11134 ; -0.205406 ; 0.655488
5.99921 ; 5.25741 ; -0.706922 ; -0.529962
4.20003 ; 4.01229 ; 2.97473 ; 3.39693
3.80339 ; 3.80855 ; 0.969331 ; 2.26513
4.74624 ; 4.58217 ; -0.502098 ; -0.78115
7.20263 ; 4.71609 ; -2.23411 ; 0.432134
4.42398 ; 4.9618 ; 0.746775 ; 0.321701
6.93139 ; 4.98695 ; -1.26032 ; 0.398347
6.81846 ; 6.13899 ; 0.362525 ; -1.22659
5.74156 ; 6.2384 ; 0.821813 ; 0.586658
5.27374 ; 6.35679 ; 0.831961 ; -0.514671
7.29959 ; 5.48424 ; -2.03693 ; -0.206242
6.47516 ; 3.53455 ; 0.368202 ; 1.51647
7.02469 ; 5.26072 ; -2.91104 ; 1.31371
6.79106 ; 4.15618 ; -2.52776 ; 2.58706
4.26319 ; 4.03161 ; 2.38961 ; 1.74251
5.69311 ; 7.47821 ; -0.51106 ; -2.6306
4.74321 ; 5.49984 ; 0.444698 ; 0.240971
3.99277 ; 4.06451 ; 2.54825 ; 2.56352
5.47948 ; 6.88879 ; -0.601177 ; -2.55634
6.47907 ; 4.204 ; 0.330941 ; -0.762384
6.2403 ; 6.72585 ; -2.39296 ; -3.00442
5.22147 ; 5.90245 ; 0.93135 ; -1.16456
3.88285 ; 5.30006 ; 3.45414 ; -0.0492488
5.70924 ; 4.08721 ; 0.239691 ; 0.0723099
7.34592 ; 4.29957 ; -1.59976 ; 1.9144
5.08307 ; 6.90912 ; -0.332852 ; -0.658283
6.25185 ; 3.60895 ; -0.794017 ; 1.60751
3.94661 ; 6.45423 ; 1.98781 ; -2.8034
7.50202 ; 4.80287 ; -0.309869 ; 1.51057
7.10983 ; 6.58104 ; -3.60604 ; -0.591787
3.70242 ; 4.97715 ; 2.27999 ; -0.515537
5.70487 ; 3.65706 ; 0.261812 ; 3.07977
4.90442 ; 7.3209 ; -0.482043 ; -2.1788
7.24704 ; 5.62256 ; -0.228909 ; -0.0327078
4.27832 ; 5.16125 ; 1.61856 ; -0.400502
5.12838 ; 4.50336 ; 0.425637 ; 0.605664
5.12807 ; 4.38271 ; -0.17825 ; -0.329365
6.73197 ; 6.40251 ; -1.75449 ; 0.628259
6.14233 ; 7.06089 ; 0.715644 ; -0.0363034
7.20427 ; 7.08575 ; -0.188459 ; -0.938249
6.87479 ; 4.58478 ; 0.5359 ; -0.483092
6.98466 ; 6.57844 ; -2.73066 ; -2.47336
3.92643 ; 6.70658 ; 3.05794 ; -1.9381
4.49275 ; 7.41278 ; 1.4071 ; -1.29275
7.07691 ; 5.12316 ; -2.76037 ; 1.22463
3.89254 ; 5.83678 ; 0.574671 ; 0.508458
6.48456 ; 6.60204 ; 0.646441 ; -0.395317
4.51689 ; 4.96668 ; 0.947962 ; -0.646964
3.78031 ; 5.48019 ; 2.62135 ; -0.00239009
4.57954 ; 4.28936 ; 0.780454 ; -0.561407
3.69101 ; 6.00975 ; 2.59728 ; -1.15876
5.93989 ; 3.46518 ; -0.8724 ; 1.69124
4.12636 ; 4.5281 ; 1.50951 ; 1.75325
6.63367 ; 6.65951 ; 0.684821 ; -1.07444
3.50263 ; 6.04717 ; 1.19524 ; -0.0699738
6.10156 ; 5.51637 ; -0.0221137 ; -1.13318
6.71214 ; 6.11909 ; -0.187554 ; 0.254738
3.74323 ; 4.21748 ; 1.47558 ; -0.54273
7.29833 ; 3.90062 ; -2.13458 ; 1.82084
3.63522 ; 4.1302 ; 2.86427 ; 1.30897
6.73106 ; 6.4573 ; -0.246319 ; -0.657414
6.91692 ; 5.35494 ; -0.912531 ; 0.90339
6.92704 ; 4.21761 ; -1.29269 ; 1.36792
4.69992 ; 7.37308 ; 0.195128 ; -1.4589
5.2795 ; 4.28866 ; -0.82103 ; 0.314469
7.32811 ; 4.27152 ; -1.15021 ; -0.187893
4.41009 ; 6.50027 ; -0.155252 ; -1.70425
3.79083 ; 3.62377 ; 1.50112 ; 2.72722
3.69826 ; 5.01094 ; 2.41709 ; 1.48491
7.07453 ; 6.74629 ; -0.644243 ; -2.52822
4.68451 ; 6.3806 ; 2.31762 ; -2.47934
6.32092 ; 6.83665 ; -1.83314 ; -3.27955
5.09115 ; 3.53132 ; -0.488051 ; -0.254376
3.715 ; 4.041 ; 0.0174168 ; -0.369955
5.35599 ; 7.00041 ; 1.24768 ; -0.176271
7.13848 ; 6.04256 ; -0.245863 ; -1.53975
6.89054 ; 4.13458 ; -1.28485 ; 1.20266
5.35258 ; 6.83389 ; -0.492828 ; -1.63962
6.64367 ; 3.83515 ; -1.00727 ; 2.02656
5.7046 ; 4.09694 ; -0.600864 ; -0.172775
6.20027 ; 5.62629 ; -0.523993 ; 0.065073
3.66175 ; 4.22299 ; 0.0364442 ; -0.463055
3.61122 ; 7.02674 ; 1.41036 ; -0.251201
7.37483 ; 4.3254 ; -1.32742 ; 0.728711
4.61343 ; 6.53032 ; 1.1385 ; -1.39661
7.22451 ; 5.96167 ; -1.52618 ; 0.502204
3.94397 ; 4.05883 ; 2.98194 ; 0.501808
4.3558 ; 4.02828 ; 1.76315 ; 1.43696
3.89826 ; 6.25659 ; 1.25092 ; -0.608633
5.51093 ; 3.77102 ; 0.585606 ; 2.18489
3.52915 ; 5.57002 ; 2.56847 ; -0.881564
4.35667 ; 4.10318 ; 2.83243 ; 1.69607
6.62546 ; 7.103 ; 0.444218 ; -2.37885
4.89161 ; 3.9256 ; -0.181436 ; -0.235859
5.92544 ; 7.20953 ; -0.0344442 ; -0.36275
3.68294 ; 4.79347 ; 0.285686 ; 1.43628
4.76508 ; 6.906 ; 1.1549 ; -0.718287
6.75477 ; 3.81054 ; -2.44191 ; 2.38065
4.73383 ; 5.66897 ; 0.862745 ; 0.515656
4.42258 ; 6.64648 ; 0.439235 ; -0.0829221
3.73883 ; 5.96023 ; 1.17191 ; -1.51148
5.12189 ; 4.38683 ; 1.06584 ; -0.775261
3.90856 ; 4.027 ; 1.92387 ; 0.0586593
5.34753 ; 6.32726 ; 1.15757 ; 0.23145
4.53855 ; 4.83975 ; 0.756541 ; 0.797024
7.30576 ; 6.94962 ; -1.87697 ; -1.20136
7.37387 ; 4.02008 ; -2.36189 ; 1.11826
6.58265 ; 6.99267 ; -1.56758 ; -1.74548
6.56465 ; 7.19204 ; 0.405806 ; -2.80059
4.81378 ; 4.46956 ; -0.366243 ; 0.707548
6.87483 ; 7.40399 ; -1.90109 ; -0.945714
3.71099 ; 6.35763 ; 1.32836 ; -2.17138
7.10203 ; 3.59745 ; -0.220527 ; 1.43984
3.76538 ; 6.10628 ; 0.0900499 ; -1.61999
4.40745 ; 4.59459 ; 0.685496 ; 0.609165
7.54846 ; 6.54853 ; -1.41783 ; -1.13524
6.4573 ; 4.04498 ; -0.0167142 ; -0.180526
7.40452 ; 5.92129 ; -0.374688 ; 0.424168
4.91595 ; 5.0113 ; -0.664554 ; -0.829143
5.08047 ; 6.97688 ; -0.555907 ; -2.86683
4.13788 ; 3.67708 ; 2.44476 ; 1.39195
4.1497 ; 5.24836 ; 1.89876 ; -0.804697
6.763 ; 7.30839 ; -0.341262 ; -0.501191
3.48886 ; 5.08582 ; 2.3922 ; -0.198361
3.83343 ; 4.92746 ; 0.538065 ; -1.01502
4.07657 ; 3.75052 ; 1.77114 ; 0.0990631
7.1997 ; 3.50854 ; -1.29831 ; 0.763729
4.82007 ; 6.70319 ; 1.81945 ; -2.0955
4.07972 ; 4.24657 ; 0.872618 ; 0.308188
3.99635 ; 5.53377 ; 2.19827 ; -0.65394
5.10915 ; 5.66887 ; 0.142385 ; 0.652554
4.94506 ; 7.00652 ; -0.5395 ; -0.163543
5.19726 ; 3.74473 ; 0.390625 ; 2.39341
5.55517 ; 3.90052 ; -0.960934 ; 1.85351
7.21971 ; 3.51901 ; -0.337789 ; 0.190193
5.0637 ; 5.13692 ; -0.575225 ; -0.415465
7.54807 ; 6.46351 ; -1.11928 ; -1.19971
7.21167 ; 6.7677 ; -1.67875 ; 0.200116
6.85436 ; 4.10543 ; -2.08019 ; 2.31236
4.54271 ; 3.89311 ; 1.29172 ; 1.95462
7.11268 ; 5.35473 ; -1.01638 ; 0.236024
3.6273 ; 5.36335 ; 2.70958 ; -0.0523416
6.06198 ; 4.23518 ; 0.494903 ; -0.120445
5.68748 ; 4.23455 ; -1.03481 ; 0.178111
5.92424 ; 6.9773 ; -0.307846 ; -0.862342
7.23543 ; 4.54198 ; -2.8292 ; 0.580367
4.42608 ; 3.6546 ; 0.90281 ; 0.602253
4.60926 ; 7.07455 ; 0.279933 ; -3.23431
4.16211 ; 4.31728 ; 1.38115 ; 0.314391
7.35294 ; 5.29131 ; -0.822229 ; -1.209
7.4614 ; 5.29196 ; -2.75481 ; -1.06934
5.10151 ; 4.34057 ; 0.861039 ; -0.743798
4.53599 ; 4.31183 ; 1.18297 ; -0.741933
6.20748 ; 4.77565 ; -0.311062 ; -0.722474
6.97455 ; 4.14845 ; -2.28763 ; 0.904004
4.15106 ; 6.9187 ; 0.9149 ; 0.162922
6.45003 ; 7.48062 ; -0.181843 ; -1.55089
3.73207 ; 5.70344 ; 1.0765 ; -1.28531
6.36088 ; 3.98204 ; -1.70616 ; 1.66013
7.53941 ; 4.97242 ; -2.48529 ; -0.654458
3.98565 ; 6.25481 ; 0.336545 ; 0.567221
3.69978 ; 4.47747 ; 1.68432 ; -0.272485
5.25183 ; 6.11154 ; 0.591683 ; 0.148002
7.31296 ; 6.71558 ; -1.5968 ; -1.18403
4.22456 ; 6.92398 ; 0.312013 ; 0.200553
5.46265 ; 5.67974 ; 0.493779 ; -1.23552
5.78332 ; 4.78777 ; -1.24341 ; 1.17941
4.45808 ; 4.12839 ; 1.51177 ; 1.02758
6.869 ; 5.97807 ; -0.833705 ; -1.19791
6.81121 ; 7.05992 ; -1.87517 ; -1.76061
7.31999 ; 4.24994 ; -0.0195102 ; 0.00163057
6.18474 ; 5.04622 ; 0.188104 ; 0.930207
5.91113 ; 5.668 ; 0.733405 ; -0.255521
4.63227 ; 4.00294 ; 1.30485 ; 0.783183
6.93781 ; 7.04955 ; -0.648082 ; -3.49747
5.57379 ; 3.37707 ; -0.0195769 ; 1.23819
7.16161 ; 7.38206 ; -0.874373 ; -2.75933
5.5534 ; 6.71416 ; 1.28169 ; -2.11573
4.2104 ; 6.07241 ; -0.483834 ; -0.381659
3.91931 ; 4.18699 ; -0.0213264 ; 1.89984
7.12477 ; 4.1504 ; -2.29436 ; 1.65551
7.11265 ; 3.70541 ; -1.21503 ; 1.57495
3.80118 ; 5.16702 ; 1.67644 ; 0.964358
7.63251 ; 5.25483 ; -1.07827 ; 0.398212
7.54305 ; 5.59419 ; -0.542605 ; -0.229783
5.19256 ; 7.16377 ; -0.0375581 ; -2.90913
5.16845 ; 5.82729 ; 0.442998 ; -0.0810366
5.74827 ; 6.62759 ; 0.0529567 ; -1.84159
5.59422 ; 3.87651 ; -1.38328 ; 1.58358
7.34589 ; 6.58867 ; -0.510293 ; -2.52153
7.05885 ; 4.11273 ; -1.9083 ; 3.28329
7.14095 ; 6.95418 ; -1.34154 ; -3.66292
6.79618 ; 5.59622 ; -0.652494 ; 0.577596
7.4259 ; 5.91872 ; -0.0712993 ; 0.12403
7.25831 ; 4.91378 ; -2.91223 ; -0.0285306
6.16126 ; 7.34998 ; 0.484349 ; -1.02695
6.19028 ; 4.02375 ; -1.78587 ; 3.37011
5.56478 ; 3.41464 ; 1.09461 ; 0.35176
6.28512 ; 6.6688 ; -1.0213 ; -1.92293
7.10861 ; 7.12427 ; -1.49782 ; -2.83459
3.81907 ; 6.71375 ; 1.93499 ; -2.33377
4.91633 ; 4.11166 ; 1.11267 ; -0.17345
4.57883 ; 7.01664 ; -0.218783 ; -3.29571
7.19008 ; 6.0102 ; -1.86144 ; -0.664334
3.92997 ; 4.00222 ; 1.37312 ; 0.1693
6.98114 ; 6.2331 ; -1.88003 ; -0.128086
5.73131 ; 7.26329 ; -1.25671 ; -1.32688
6.53678 ; 7.10739 ; 0.300446 ; -3.49126
5.58545 ; 3.90751 ; 0.102241 ; -0.281674
7.44473 ; 5.15969 ; -2.17184 ; -0.84279
7.55275 ; 4.30861 ; -1.74675 ; -0.123456
6.23896 ; 5.98256 ; -0.286061 ; -0.142765
7.36987 ; 5.28653 ; -2.23055 ; 0.0337924
6.49763 ; 7.19404 ; -2.2121 ; -1.80167
4.03603 ; 6.32381 ; 1.90693 ; -2.22857
3.88878 ; 5.84975 ; 1.72925 ; -0.191138
4.33176 ; 3.32437 ; -0.121126 ; 1.34286
4.70123 ; 3.28433 ; -0.635965 ; 1.26301
4.01515 ; 6.4248 ; 2.99793 ; -1.13338
4.62081 ; 6.78923 ; 0.658292 ; -1.17992
4.2401 ; 5.71229 ; 1.34052 ; -0.437457
4.40111 ; 3.72749 ; 1.26621 ; 2.3856
5.51542 ; 5.43978 ; -0.175782 ; 0.836036
6.98681 ; 6.65627 ; -3.64515 ; -2.48988
3.51325 ; 4.13777 ; 0.698389 ; 0.823113
5.36342 ; 5.0423 ; -0.402643 ; -0.0958517
6.91486 ; 6.26126 ; -2.50793 ; -1.58813
3.96297 ; 6.69961 ; 3.71008 ; -1.03866
3.4997 ; 4.5574 ; 0.539899 ; 0.663378
4.45622 ; 4.94479 ; 1.6401 ; -0.763134
5.12428 ; 5.86978 ; 0.403911 ; 0.193905
4.70768 ; 7.10361 ; 0.937602 ; -3.04432
6.37389 ; 4.06825 ; -0.820845 ; 1.57308
4.85533 ; 5.5709 ; 1.26143 ; 0.0886042
4.18413 ; 3.76691 ; 2.38085 ; 2.69674
3.47789 ; 5.34024 ; 1.02326 ; -1.24038
3.63576 ; 5.32577 ; 1.40072 ; 0.829705
7.17462 ; 4.74889 ; -1.85081 ; 1.95043
6.98674 ; 4.59314 ; 0.186473 ; 0.219037
7.12464 ; 4.58181 ; -1.39962 ; -0.638448
4.46574 ; 5.93282 ; 0.125359 ; -0.373547
3.80774 ; 4.01335 ; 1.30637 ; 0.109734
6.94913 ; 5.83754 ; 0.700785 ; 0.304496
4.04435 ; 4.94903 ; 0.0080004 ; 0.966643
4.20646 ; 5.03808 ; -0.58357 ; 0.408903
5.63436 ; 6.07296 ; 0.725217 ; 0.304645
7.30182 ; 5.8608 ; -2.31348 ; -0.0767274
5.24751 ; 7.20693 ; 0.750857 ; -1.46026
3.66666 ; 6.03346 ; 2.6158 ; -0.0951453
5.48534 ; 4.51761 ; 0.30812 ; 0.646689
6.59143 ; 7.06367 ; -0.223913 ; -1.26613
5.32208 ; 3.70739 ; 0.310462 ; 1.11812
7.21859 ; 7.25569 ; -2.26242 ; -2.38254
4.88764 ; 3.72081 ; 0.310224 ; 0.765099
5.84823 ; 5.94958 ; 0.376565 ; -0.904546
5.70626 ; 5.4159 ; -0.427169 ; -0.761816
7.44068 ; 6.05241 ; -0.540931 ; -1.1245
3.87959 ; 6.71873 ; 3.46591 ; -1.06254
4.36473 ; 4.98684 ; 0.314393 ; 0.830287
3.61578 ; 5.736 ; 0.456405 ; -0.794687
4.09595 ; 3.45532 ; 0.40268 ; 0.434072
5.90769 ; 7.35488 ; -0.357095 ; -2.78858
3.57695 ; 5.70645 ; 1.02381 ; 0.147764
6.3845 ; 5.58331 ; 0.261313 ; -1.119
6.64561 ; 4.955 ; -0.310829 ; 0.65073
5.83742 ; 4.81169 ; -0.438264 ; 0.541861
6.26844 ; 3.88539 ; -2.17633 ; 2.23429
4.14525 ; 5.69106 ; 0.910038 ; -0.555666
3.56188 ; 6.80625 ; 0.72728 ; -0.905745
7.4581 ; 3.90526 ; -2.42627 ; 0.708092
7.32055 ; 5.77401 ; 0.147516 ; -0.518208
5.85758 ; 5.23586 ; 0.248417 ; 0.782663
6.49361 ; 4.53108 ; -0.535778 ; -0.138085
3.98921 ; 5.51338 ; 0.843112 ; 0.235253
3.77304 ; 5.14956 ; 1.28546 ; -0.0708521
6.40663 ; 5.67273 ; -1.08844 ; -1.02332
6.9332 ; 3.70189 ; -0.463607 ; 0.892391
6.7167 ; 6.17703 ; -1.33113 ; 0.723626
5.26327 ; 6.19121 ; 0.899296 ; 0.680154
6.31752 ; 3.65479 ; -1.44759 ; 2.88028
6.21755 ; 3.98045 ; -1.82781 ; 2.21822
4.987 ; 6.85091 ; 1.85353 ; -1.90653
3.68608 ; 5.9817 ; 2.40336 ; -1.51664
7.32151 ; 5.24617 ; -2.16481 ; -0.966398
5.23225 ; 6.039 ; -0.720047 ; -0.848774
6.27066 ; 3.71359 ; 0.571203 ; 2.04668
6.16946 ; 7.44709 ; 0.598168 ; -0.309929
7.08795 ; 5.99703 ; -0.0881858 ; -1.40035
5.70524 ; 3.54719 ; -0.369165 ; 1.36857
4.04794 ; 6.72249 ; 3.43725 ; -3.05202
4.33468 ; 3.42976 ; 0.150829 ; 1.6583
7.00283 ; 6.43722 ; 0.0660711 ; 0.254972
7.19101 ; 4.29111 ; -0.512119 ; -0.505338
6.99134 ; 6.70755 ; -1.0184 ; -0.873126
7.64313 ; 5.56211 ; -1.82309 ; 0.705587
5.87489 ; 4.05504 ; 0.448006 ; 1.52328
6.16542 ; 6.75953 ; -0.892433 ; -1.90874
3.67286 ; 4.67258 ; 2.87353 ; -0.776937
3.68687 ; 4.8944 ; 2.78941 ; -0.493742
6.22953 ; 3.58466 ; -2.01332 ; 2.08523
4.73303 ; 6.95044 ; 1.63363 ; -1.9934
6.57802 ; 7.12845 ; 0.0722359 ; -0.576487
6.10825 ; 3.44425 ; 0.736888 ; 2.07658
6.62318 ; 3.86558 ; 0.0553083 ; 3.21756
6.14264 ; 7.39018 ; -1.47868 ; -1.37599
6.02475 ; 6.04314 ; -1.04463 ; -0.0276957
7.39877 ; 6.91782 ; -1.07283 ; -0.484778
5.459 ; 7.10467 ; 0.0791529 ; -1.41999
4.2581 ; 3.60271 ; 0.699201 ; 0.109456
3.88694 ; 4.93442 ; -0.394805 ; -0.789348
7.30503 ; 6.84971 ; -0.22359 ; -1.21956
5.63561 ; 4.71202 ; -0.781629 ; -0.999972
4.62962 ; 4.26011 ; 2.2914 ; 2.26742
4.17013 ; 5.07427 ; 1.27886 ; -0.444978
5.10419 ; 7.00118 ; 0.991445 ; -3.46381
6.91758 ; 4.16689 ; -2.58811 ; 0.922892
7.15885 ; 6.55178 ; -0.305458 ; -1.72056
3.84625 ; 6.55612 ; 2.61187 ; -1.69939
6.35766 ; 4.82571 ; -0.325915 ; -0.832964
6.76707 ; 4.39676 ; -0.467282 ; 1.31973
6.45528 ; 3.65036 ; -0.565182 ; 0.844996
3.99944 ; 4.51066 ; 1.29527 ; -0.751304
4.05969 ; 6.54826 ; -0.164532 ; -1.18245
4.45119 ; 3.38612 ; 0.75201 ; 1.24594
5.86389 ; 4.42584 ; -0.211997 ; -0.580464
5.04852 ; 6.80397 ; 1.93286 ; -3.38021
6.16542 ; 4.11924 ; 0.0964529 ; 0.322334
6.19125 ; 6.77453 ; -1.99537 ; -3.04856
6.80472 ; 6.56231 ; -3.81692 ; -2.68642
3.56843 ; 4.93201 ; 1.8597 ; 1.38314
6.44978 ; 6.84716 ; -0.927124 ; -2.07672
5.61874 ; 6.84192 ; 0.743561 ; -2.29771
6.52688 ; 4.2132 ; -0.457611 ; -0.377833
6.15498 ; 3.5675 ; 0.632591 ; 1.42535
7.26247 ; 3.69275 ; -0.668533 ; 0.424831
3.56856 ; 4.33378 ; 1.69878 ; 0.474797
5.17417 ; 6.41841 ; 0.607906 ; -0.934672
5.6568 ; 4.57462 ; -0.931133 ; 0.567449
7.57705 ; 5.8884 ; -0.329603 ; 0.154037
6.13289 ; 7.44735 ; -0.871709 ; -2.57303
4.4022 ; 3.87295 ; 2.12161 ; 1.49445
4.04036 ; 6.4734 ; 0.63735 ; -0.132078
6.99801 ; 7.05612 ; -3.16806 ; -2.0787
7.08515 ; 6.07066 ; -2.18315 ; 0.505872
5.48701 ; 3.51029 ; -0.202965 ; 1.13938
4.83749 ; 5.42478 ; 0.271311 ; -0.488012
6.06583 ; 7.44293 ; -0.882156 ; -0.53856
6.40522 ; 3.64163 ; -1.05008 ; 1.92998
5.76344 ; 3.85604 ; 0.764167 ; -0.375889
6.91483 ; 6.4948 ; -2.35164 ; -1.21484
5.75287 ; 3.5799 ; -0.431167 ; 1.79128
7.3148 ; 5.74127 ; -1.02165 ; -0.220406
4.67988 ; 3.5942 ; 0.923489 ; -0.131116
4.55988 ; 7.04335 ; 2.46936 ; -2.75338
4.1082 ; 6.43987 ; 2.45403 ; -1.54283
4.11142 ; 4.07711 ; 2.71161 ; 3.0096
4.51111 ; 4.25766 ; 1.42463 ; 1.16666
7.45836 ; 4.65966 ; -0.555516 ; -0.39639
5.74365 ; 6.15507 ; -0.8727 ; -0.390136
5.86063 ; 4.94934 ; -0.388692 ; -0.427812
4.76622 ; 6.59477 ; 1.45141 ; -0.318055
3.90266 ; 4.33526 ; 1.68482 ; 0.44983
3.82115 ; 5.71267 ; 2.88151 ; -1.3357
6.21279 ; 4.2906 ; -1.87163 ; 2.39213
5.39757 ; 3.65674 ; -0.0136202 ; 0.936303
4.97753 ; 4.57007 ; 1.23117 ; 0.882245
5.6182 ; 4.30283 ; 0.467932 ; 1.46828
4.11645 ; 4.65349 ; -0.0104686 ; -0.759534
4.49764 ; 3.56664 ; -0.00763252 ; 1.02433
5.99326 ; 6.45689 ; -0.0575347 ; 0.405529
5.93351 ; 4.16846 ; -0.790288 ; -0.254598
4.72386 ; 3.68564 ; 0.129332 ; 2.30876
5.73846 ; 7.09722 ; 0.693159 ; -2.30627
6.9859 ; 6.81768 ; 0.343504 ; -2.00217
3.62587 ; 6.32381 ; 0.116598 ; -0.535034
6.70895 ; 4.59014 ; -2.57687 ; 2.2173
5.79595 ; 4.81558 ; 0.843239 ; -0.20919
6.12191 ; 3.71837 ; 0.673225 ; 0.105534
3.62478 ; 3.82381 ; 0.78655 ; 0.701989
6.40792 ; 6.8618 ; -1.86342 ; -2.75627
5.27938 ; 5.70239 ; 1.06855 ; -1.08549
4.33636 ; 6.2994 ; -0.390285 ; -0.933896
3.64442 ; 7.3111 ; 0.641134 ; -1.30346
5.85319 ; 6.49829 ; -0.583124 ; -1.08683
4.98929 ; 3.64866 ; -0.155513 ; 2.77847
7.45308 ; 4.60232 ; -0.438457 ; -0.165387
6.48185 ; 6.94118 ; -0.179209 ; 0.239659
7.20388 ; 5.45459 ; -2.85493 ; 1.47225
6.42287 ; 4.35348 ; -0.14807 ; 0.423364
7.06495 ; 4.34687 ; -3.01353 ; 0.314463
7.26027 ; 5.80178 ; -2.16493 ; -1.86283
6.72684 ; 7.05657 ; -0.103775 ; -0.150724
6.62752 ; 4.30899 ; -0.796208 ; -0.410581
5.35074 ; 7.32545 ; 0.686662 ; -2.4497
7.42448 ; 6.37779 ; -1.02766 ; 0.187243
7.10104 ; 5.03763 ; -1.2634 ; -0.160895
4.54874 ; 3.8372 ; 1.81779 ; 2.09791
4.11289 ; 4.79042 ; 1.63251 ; -0.0997043
5.82686 ; 4.12703 ; 0.875418 ; 0.563893
7.24699 ; 5.91471 ; -0.809379 ; -1.29346
3.55631 ; 5.00039 ; 2.13472 ; -1.21258
5.10546 ; 6.35362 ; -0.528004 ; -0.427687
5.89203 ; 3.81137 ; -0.74942 ; 0.93124
5.62993 ; 5.93733 ; -0.0404663 ; -0.655259
7.42163 ; 5.85089 ; -0.362588 ; -0.400124
3.78572 ; 6.83181 ; 0.960594 ; -1.95449
4.52539 ; 4.97842 ; 1.19741 ; 0.849702
5.30278 ; 7.49532 ; 0.162144 ; -2.26216
6.62474 ; 6.99127 ; -0.547442 ; -3.91868
4.8446 ; 5.97837 ; 0.1402 ; 0.77745
4.61507 ; 7.15711 ; -0.460904 ; -2.23576
7.29406 ; 4.0674 ; -0.531642 ; 0.142575
4.96995 ; 7.14212 ; 1.76824 ; -1.75106
7.38805 ; 4.26251 ; -0.628374 ; 0.779919
4.92612 ; 5.17522 ; -0.917794 ; 0.638046
6.17309 ; 3.44148 ; -1.63227 ; 1.20169
5.45534 ; 6.05164 ; 0.898548 ; 0.756862
6.94982 ; 5.34818 ; 0.43871 ; -1.00258
4.08266 ; 6.9748 ; 1.38167 ; -3.60154
7.10198 ; 4.10986 ; -2.72672 ; 2.53826
4.10648 ; 6.09762 ; 2.2908 ; -2.09814
5.59253 ; 6.70742 ; -0.236716 ; -0.309944
7.01272 ; 4.7233 ; 0.186689 ; -0.519342
4.09139 ; 6.82035 ; 2.55523 ; 0.0659163
4.12157 ; 4.91657 ; 2.12849 ; 0.698936
6.68533 ; 3.66973 ; -1.89176 ; 1.43106
6.42858 ; 6.71291 ; 0.28715 ; -1.05779
6.66603 ; 4.83582 ; 0.543742 ; 0.497695
6.76823 ; 3.69072 ; -1.88952 ; 2.05763
6.84838 ; 4.31584 ; -2.22 ; 2.639
7.06187 ; 3.7209 ; -0.656514 ; 3.11604
6.46334 ; 7.00166 ; -0.852866 ; -2.64953
5.58401 ; 7.25748 ; 0.399475 ; -1.58072
3.54596 ; 5.03551 ; 1.13518 ; 0.144273
6.81483 ; 7.23157 ; -1.92169 ; -0.373632
4.15705 ; 5.53641 ; -0.226021 ; -0.146329
5.01858 ; 7.11448 ; -0.471062 ; -3.24222
7.25376 ; 6.66325 ; -2.48572 ; 0.096025
7.28177 ; 7.18117 ; -2.66434 ; -2.14226
4.09282 ; 6.77734 ; 2.25554 ; -1.03884
3.69059 ; 6.95511 ; 0.381418 ; -0.815413
4.42203 ; 6.09008 ; 1.25721 ; -0.967837
3.69484 ; 3.72344 ; 2.48403 ; 0.487201
7.58956 ; 5.06243 ; -2.30808 ; -0.719157
7.23076 ; 4.32689 ; 0.332219 ; -0.380844
4.31135 ; 7.12049 ; -0.154496 ; -3.12046
4.02125 ; 4.05142 ; 3.66658 ; 0.630925
7.03976 ; 3.86022 ; -0.157465 ; 1.33195
4.24691 ; 4.35856 ; 1.39603 ; -0.0928283
4.92 ; 6.62627 ; 1.5978 ; -2.35494
7.2367 ; 6.13954 ; -1.80858 ; 0.68586
4.09088 ; 5.66973 ; 1.85631 ; 0.781379
5.31816 ; 6.72064 ; 0.98297 ; -0.891826
4.78736 ; 5.23904 ; -0.348722 ; -0.338689
4.87291 ; 5.7603 ; 1.0627 ; -0.621564
4.35433 ; 6.53944 ; 1.35109 ; -1.99693
4.45063 ; 5.20835 ; 1.38953 ; 0.286353
5.89998 ; 7.23252 ; 0.537056 ; 0.0234847
7.2061 ; 3.73045 ; -2.62649 ; 1.55129
7.24499 ; 7.24348 ; -1.59268 ; -0.994184
4.93385 ; 5.68506 ; 0.482421 ; -1.05482
5.19844 ; 6.94908 ; -1.0718 ; -2.93878
6.0816 ; 7.52109 ; 0.926566 ; -1.26458
6.70326 ; 3.96818 ; 0.553822 ; 1.67451
3.57499 ; 5.90463 ; 2.18879 ; -0.210511
4.66661 ; 7.23053 ; -0.385967 ; -0.899754
4.10417 ; 6.14663 ; 2.11158 ; -0.609726
6.19872 ; 4.69228 ; 0.949622 ; -0.231746
4.10243 ; 4.0389 ; 0.562474 ; -0.440704
3.9595 ; 5.57127 ; 1.00694 ; -1.03462
4.19937 ; 4.81124 ; 0.794492 ; -0.219384
4.75235 ; 3.88974 ; -0.10771 ; 2.15167
6.47665 ; 4.05111 ; -1.79395 ; 3.48945
5.38286 ; 7.38528 ; 0.471086 ; -1.19113
4.8006 ; 5.31541 ; -0.729236 ; 0.347273
7.06816 ; 7.26175 ; -1.26507 ; -2.6412
5.59942 ; 3.3366 ; 1.01422 ; 0.482462
7.27974 ; 4.35047 ; -2.7286 ; 0.700464
5.69552 ; 5.85949 ; 0.519958 ; -0.0807792
4.20453 ; 3.48864 ; -0.0459703 ; 1.16241
7.26499 ; 5.33746 ; -2.31254 ; -0.826756
6.16453 ; 7.51019 ; -1.37595 ; -0.467922
5.28122 ; 6.61678 ; -1.06948 ; -1.66422
6.47704 ; 4.51634 ; 0.331279 ; -0.620174
6.8457 ; 4.21715 ; -0.657009 ; -0.0588956
6.16599 ; 6.66407 ; -1.07031 ; -2.18615
5.13805 ; 6.85017 ; 1.65285 ; -2.91616
5.69814 ; 3.59213 ; 0.0710687 ; 0.573777
4.47829 ; 3.55289 ; 0.934697 ; 0.93352
6.9972 ; 4.22687 ; -1.38092 ; 1.86686
3.93295 ; 4.14587 ; 2.70773 ; 2.9128
6.93728 ; 3.82034 ; -0.108104 ; -0.174758
6.32688 ; 7.05749 ; -0.406066 ; -2.9514
5.37157 ; 7.13391 ; 1.1185 ; -0.0863708
5.96797 ; 6.90992 ; 0.482408 ; -1.4648
5.34537 ; 3.92628 ; -0.0487625 ; 1.05593
6.96782 ; 5.10924 ; -1.21874 ; 0.638021
3.80295 ; 6.66112 ; 2.25259 ; -0.536111
7.17117 ; 5.41965 ; 0.0221617 ; 0.703954
7.3496 ; 5.36261 ; -0.104428 ; -1.1018
4.44823 ; 7.3643 ; 0.793022 ; -2.26533
6.09601 ; 5.70199 ; -0.0137129 ; -0.46392
4.08707 ; 6.44537 ; -0.438935 ; -0.00762825
6.98753 ; 4.58933 ; -1.87853 ; -0.684635
6.64897 ; 3.6372 ; -0.616026 ; 0.766378
6.14176 ; 3.9573 ; -0.613444 ; 0.902758
3.54331 ; 5.25279 ; 1.30667 ; -0.458276
6.98748 ; 5.469 ; 0.636197 ; 0.918517
5.3819 ; 6.93339 ; 0.256661 ; -1.03626
6.98012 ; 4.30383 ; -1.95928 ; 1.35373
6.66022 ; 3.8316 ; -0.472907 ; -0.440851
5.92964 ; 7.35509 ; 0.435124 ; -0.736462
3.88033 ; 6.55944 ; 2.92893 ; -1.05548
5.62308 ; 7.36726 ; 0.76376 ; -0.729044
3.86534 ; 6.09259 ; 0.763405 ; -1.11688
7.14435 ; 5.91249 ; -1.68524 ; -0.547712
4.02463 ; 6.71221 ; 0.631472 ; -1.15241
7.34795 ; 4.50127 ; -0.109277 ; 0.712126
5.24509 ; 3.65572 ; -0.268944 ; 1.10589
7.27551 ; 4.00538 ; -1.18888 ; 1.59919
4.26006 ; 5.33538 ; 0.598223 ; 0.791264
6.46754 ; 4.86966 ; 0.628973 ; -0.823232
5.85568 ; 4.70138 ; -0.467557 ; -0.42929
4.36083 ; 3.50695 ; 0.829928 ; 0.00328523
7.14656 ; 4.46742 ; -3.23846 ; 0.478598
3.54331 ; 4.77184 ; 1.32048 ; 1.02203
5.70256 ; 5.42453 ; -0.839474 ; -0.427803
5.56609 ; 6.44933 ; -0.115014 ; -1.16911
3.75989 ; 7.09074 ; 2.57159 ; -0.600646
6.05433 ; 3.54244 ; -0.602197 ; 2.71063
6.9611 ; 6.54226 ; -1.71175 ; -1.47006
5.72975 ; 6.46977 ; 0.896397 ; -0.955122
6.93304 ; 6.16415 ; 0.189394 ; -0.177629
7.02476 ; 3.80737 ; -0.313046 ; 1.12433
5.63692 ; 6.22086 ; 0.680401 ; -0.701913
4.46159 ; 4.57812 ; 1.14738 ; 1.23233
4.90336 ; 4.10321 ; 0.0504793 ; 0.52939
6.89562 ; 6.82935 ; -1.66122 ; -0.630266
5.51152 ; 7.00052 ; -0.811592 ; -3.45833
6.37051 ; 3.63086 ; -0.672059 ; 2.67769
5.44023 ; 4.83874 ; -0.767516 ; -0.665201
4.83512 ; 4.19981 ; 0.200091 ; 0.682358
3.69708 ; 5.40262 ; 1.71226 ; 1.11773
7.40298 ; 6.62709 ; -0.420361 ; -0.307541
7.11098 ; 4.12687 ; -2.59892 ; 1.9232
3.4863 ; 4.52427 ; 1.18157 ; 0.904092
4.17356 ; 3.69563 ; 0.899932 ; 2.40091
5.24157 ; 4.18277 ; 0.416088 ; -0.480091
4.27602 ; 6.80174 ; 1.45393 ; -0.742007
4.85496 ; 3.3914 ; -0.602257 ; -0.0520927
3.73479 ; 6.63327 ; 1.63434 ; -2.2014
4.40689 ; 7.23415 ; 0.963126 ; -3.16496
6.64185 ; 5.27162 ; -0.935759 ; -0.35843
4.03222 ; 4.78108 ; 0.919967 ; 0.748759
7.48036 ; 5.14454 ; -2.09687 ; 1.58756
6.83613 ; 3.54211 ; -1.36065 ; 2.22561
3.97111 ; 6.83252 ; 1.3218 ; -1.56436
7.36993 ; 4.26082 ; -2.15849 ; 0.0610139
7.32827 ; 4.1495 ; -1.93687 ; 1.55343
7.01521 ; 4.84129 ; -1.82207 ; 0.724732
7.34954 ; 5.92565 ; 0.322702 ; -0.903553
7.1465 ; 4.15081 ; -2.83052 ; 0.958764
6.18919 ; 7.01668 ; 0.579188 ; -0.532544
5.32679 ; 4.57466 ; -0.54996 ; -0.381787
5.26509 ; 5.77697 ; -0.648516 ; -0.622285
7.31274 ; 6.76586 ; -1.35294 ; -1.41513
3.65238 ; 7.21143 ; 1.54637 ; -1.7264
6.032 ; 6.27952 ; -1.25417 ; -1.16323
5.09281 ; 6.84193 ; 1.0701 ; -1.87342
4.14034 ; 4.7408 ; 1.60786 ; 0.243999
6.57884 ; 7.16369 ; -1.0056 ; -2.89574
4.77243 ; 6.03515 ; -0.619692 ; -0.426996
5.12058 ; 4.63481 ; -0.20868 ; -0.898415
5.84816 ; 5.47921 ; -0.750309 ; -0.141139
6.6639 ; 6.801 ; -0.339472 ; -0.704274
4.8267 ; 3.7797 ; -0.182718 ; -0.452539
6.68875 ; 4.12771 ; -1.8862 ; 1.51077
5.5629 ; 6.58264 ; -0.47321 ; -0.423339
6.68029 ; 7.00866 ; -0.977142 ; -1.70125
4.86647 ; 7.36351 ; -0.551593 ; -1.38573
6.02577 ; 7.29642 ; -0.0560188 ; -0.234239
7.17665 ; 4.69891 ; -1.57679 ; 0.906912
5.57969 ; 4.38618 ; -0.736097 ; -0.122759
7.19041 ; 5.77191 ; -2.15313 ; 1.14115
6.61539 ; 4.24259 ; -2.4718 ; 3.45948
3.46454 ; 6.50861 ; 1.34018 ; -0.881415
6.82577 ; 5.50333 ; -0.391872 ; -0.23031
6.50035 ; 7.04776 ; -0.736103 ; -3.41459
4.01152 ; 7.30031 ; 0.261681 ; -1.45619
6.99042 ; 7.14031 ; -0.162034 ; -1.35466
4.89452 ; 7.12693 ; 0.505891 ; -0.98713
7.61706 ; 4.96556 ; -0.544466 ; 1.29186
6.39775 ; 4.43999 ; -0.166512 ; 0.949534
5.9762 ; 6.16338 ; -1.16744 ; -1.06617
3.53571 ; 4.49962 ; 1.70754 ; 0.0319055
4.46226 ; 3.70179 ; 1.24964 ; 0.82467
5.49546 ; 7.17666 ; 0.371982 ; -3.19647
7.2716 ; 6.5061 ; -1.55406 ; -0.227701
6.50567 ; 3.36077 ; -0.05327 ; 1.30265
5.62772 ; 6.56176 ; 0.838217 ; 0.638854
4.39214 ; 3.67598 ; 0.619786 ; 0.597549
5.27952 ; 6.96568 ; -0.48539 ; -1.51012
3.90284 ; 4.71689 ; 1.70316 ; -0.655279
6.65737 ; 3.96849 ; -1.78521 ; 1.21017
3.76603 ; 4.14826 ; 2.48765 ; 0.114915
5.34961 ; 3.70681 ; 0.0788643 ; 0.0343125
4.54778 ; 6.75035 ; -0.448093 ; -2.32791
4.89112 ; 7.20304 ; 1.35593 ; -0.667443
6.92317 ; 7.00616 ; -1.76677 ; -2.65439
7.29646 ; 6.49501 ; -1.48137 ; -2.80194
3.76568 ; 4.50656 ; 2.41604 ; 2.07568
3.88936 ; 4.4029 ; 3.24053 ; -0.34077
4.74589 ; 3.89844 ; 1.09977 ; 3.03802
4.95458 ; 6.67031 ; 2.35143 ; -3.23385
7.21347 ; 6.83371 ; -0.0763328 ; -1.9824
3.61122 ; 6.23188 ; 0.565295 ; -1.65205
6.6616 ; 3.8302 ; -0.874343 ; 0.800314
7.10437 ; 7.30634 ; 0.12339 ; -0.369965
4.32533 ; 3.69423 ; 1.64768 ; 0.678857
6.01401 ; 4.48598 ; 0.915566 ; 0.865332
7.20676 ; 4.97542 ; -0.260308 ; 0.360919
6.37941 ; 4.1656 ; 0.559966 ; -0.694789
5.11234 ; 5.21617 ; -0.388627 ; 0.175378
4.35731 ; 4.19047 ; 3.94718 ; 2.63706
4.40502 ; 4.64774 ; -0.696772 ; 0.615355
6.42835 ; 4.86613 ; -1.23191 ; -0.748478
7.09605 ; 3.79697 ; -0.0975677 ; 1.53542
6.57885 ; 5.8336 ; -0.588353 ; -0.996186
3.47373 ; 5.38791 ; 1.99169 ; 0.567896
5.57486 ; 3.69396 ; -0.43278 ; 2.88172
3.72238 ; 4.43266 ; 1.46582 ; 1.83268
7.14627 ; 4.72505 ; -2.04085 ; 1.48572
4.55141 ; 6.71959 ; 1.73322 ; 0.40485
4.38997 ; 3.76557 ; 0.222249 ; 2.3308
6.74212 ; 6.24862 ; 0.0886539 ; -0.498818
4.34311 ; 5.69655 ; 0.708586 ; 0.219749
7.28044 ; 5.89175 ; 0.141506 ; 0.773875
3.91357 ; 4.44203 ; 1.40655 ; 0.381098
3.78354 ; 5.75386 ; 0.849494 ; -1.27571
4.77553 ; 6.94351 ; 0.846377 ; -0.592597
5.73524 ; 7.11883 ; -0.805757 ; -0.29011
3.69237 ; 6.87015 ; 1.00439 ; -1.5636
4.70655 ; 4.47618 ; 0.804021 ; 0.651288
4.00073 ; 4.53442 ; 3.72831 ; 1.12407
6.46398 ; 7.5606 ; -0.224502 ; -1.51161
4.88677 ; 3.94003 ; 1.84945 ; 2.50816
6.18811 ; 5.25597 ; -0.149282 ; -0.639302
4.21759 ; 4.89663 ; 0.827478 ; 0.756912
4.78456 ; 4.98043 ; 1.07894 ; 0.294871
6.08353 ; 4.22502 ; 0.972971 ; 0.732606
6.5216 ; 3.43281 ; 0.146252 ; 2.05139
3.91519 ; 4.47938 ; 3.10511 ; 1.39945
3.71665 ; 4.85787 ; 2.30764 ; -0.560845
4.05527 ; 5.76908 ; 1.86264 ; -1.13468
4.22693 ; 6.74901 ; 1.81046 ; -1.0326
5.65183 ; 5.82232 ; 0.361053 ; 0.0691753
4.21883 ; 4.78935 ; 0.171481 ; -0.829873
4.30307 ; 3.61531 ; 0.783447 ; 1.33729
4.53525 ; 5.56642 ; -0.129968 ; -0.300525
5.72596 ; 4.1571 ; -0.95547 ; 0.282198
3.64141 ; 5.58237 ; 0.240955 ; 0.785004
6.25623 ; 3.92277 ; -1.48702 ; 3.22158
6.72427 ; 7.11444 ; -0.281112 ; -1.01047
7.53551 ; 6.92379 ; -2.52817 ; -0.454409
5.14965 ; 7.54039 ; 0.856947 ; -0.529842
4.50622 ; 6.1155 ; -0.686924 ; 0.313245
4.39291 ; 7.21358 ; 0.100107 ; -2.11435
7.19766 ; 6.34681 ; -0.307683 ; -0.00162339
3.77116 ; 4.14957 ; 2.71693 ; 1.38995
4.00522 ; 7.05974 ; 1.20382 ; -0.253613
4.89789 ; 3.5983 ; 0.805101 ; 1.2886
4.45851 ; 3.49174 ; 1.54856 ; 2.0506
5.57232 ; 4.69263 ; -0.274286 ; -0.694257
6.22666 ; 3.69318 ; -1.7038 ; 1.1464
6.71652 ; 5.73372 ; -1.02924 ; -1.18414
5.98538 ; 3.66622 ; 0.222858 ; 0.360451
4.07777 ; 4.39447 ; 2.65451 ; 2.14221
5.76891 ; 5.44477 ; 1.00162 ; 0.44478
6.41621 ; 6.39166 ; 0.611472 ; -0.66537
3.67612 ; 6.17835 ; 1.36728 ; -2.16121
7.3267 ; 4.60754 ; -0.307169 ; 0.99269
7.18369 ; 3.9491 ; -1.60009 ; 2.53005
4.28888 ; 5.19436 ; -0.180683 ; -0.930693
5.1676 ; 4.70609 ; -0.934611 ; 0.181733
4.43598 ; 3.76713 ; 0.295035 ; -0.0928485
4.04274 ; 4.04727 ; 0.51892 ; 1.71255
7.10847 ; 4.66669 ; -2.8127 ; 2.65728
6.91145 ; 6.63521 ; -3.00739 ; -3.29948
5.33961 ; 7.43941 ; 1.39601 ; -2.08625
5.63568 ; 7.05585 ; 0.91333 ; -2.13614
7.14375 ; 5.67098 ; -0.781448 ; -0.572327
6.46885 ; 7.30871 ; -1.38578 ; -1.63203
7.03561 ; 3.87728 ; -2.47264 ; 1.86287
6.22923 ; 6.76286 ; 0.584915 ; -0.136874
3.75735 ; 4.29595 ; 2.30187 ; 0.752732
5.56765 ; 6.39286 ; -0.208777 ; -1.59049
4.24287 ; 4.05998 ; 2.66074 ; 2.60623
4.20853 ; 3.43986 ; 0.228208 ; 1.10603
5.54825 ; 3.51114 ; 0.299407 ; 1.37104
3.8358 ; 6.17293 ; 2.09425 ; -1.16822
7.63512 ; 5.93337 ; -0.255561 ; -0.236684
6.65996 ; 6.91387 ; -0.719025 ; -3.01243
6.93415 ; 4.03694 ; -1.33355 ; 2.70993
7.21939 ; 7.3017 ; -1.8914 ; -0.942047
4.18427 ; 5.03901 ; 1.87115 ; -0.938663
4.66164 ; 5.40918 ; 0.76495 ; -0.842883
6.83674 ; 6.05664 ; -1.29413 ; -0.395525
3.80339 ; 3.90883 ; 0.14175 ; 0.681926
5.64096 ; 3.76147 ; 0.975912 ; 1.02707
3.71627 ; 3.97186 ; 1.13505 ; -0.0430772
5.99762 ; 3.80184 ; -0.0993228 ; 0.964396
7.3909 ; 5.81906 ; -0.762929 ; -0.378863
5.17287 ; 7.06985 ; 1.05664 ; -0.154565
5.0713 ; 6.62186 ; 0.195454 ; -1.36911
5.51859 ; 4.88916 ; 0.554759 ; 0.121555
5.27054 ; 6.95562 ; 0.161882 ; -0.415678
5.15064 ; 3.98965 ; -0.521786 ; 1.63837
3.58236 ; 5.36879 ; 1.05833 ; -0.0743438
4.983 ; 3.31547 ; -0.516675 ; 1.82525
7.37985 ; 6.20356 ; -0.0131364 ; 0.546278
