5.48899 ; 3.80288 ; -0.667029 ; -0.127541
7.01046 ; 5.91257 ; -2.05491 ; 0.166698
6.27406 ; 5.26298 ; -1.46911 ; 0.196518
5.183 ; 4.29294 ; 2.24864 ; 2.69585
5.13237 ; 4.48827 ; -0.0317447 ; -0.894293
4.44378 ; 5.03384 ; 3.00403 ; 2.05436
5.17468 ; 5.06327 ; -0.713074 ; -0.461435
5.27446 ; 6.54464 ; -0.576321 ; 0.279638
7.31991 ; 5.7477 ; -0.984688 ; 0.680931
7.10403 ; 6.62381 ; -1.67906 ; -2.06122
6.74066 ; 4.3244 ; -1.73593 ; -0.216461
6.64516 ; 4.82956 ; -0.00257458 ; -0.797761
3.83604 ; 4.20319 ; 1.31145 ; 0.163411
3.99648 ; 5.20954 ; 0.494984 ; 1.11574
6.84533 ; 4.6757 ; -0.501219 ; 0.550758
6.90009 ; 6.30537 ; -0.104163 ; -1.71715
4.70273 ; 4.07715 ; 1.35798 ; 0.638658
7.00988 ; 6.36388 ; -3.35175 ; -0.894701
5.19261 ; 4.88559 ; -0.092172 ; -0.0802635
4.26119 ; 5.3905 ; 0.493405 ; -0.816539
6.28713 ; 6.29093 ; -2.15388 ; -2.84874
4.19338 ; 6.77305 ; 3.74979 ; -2.17604
5.99706 ; 7.13647 ; -0.767346 ; -3.33577
6.98969 ; 5.13089 ; 0.194586 ; -0.764691
4.63866 ; 7.19268 ; 0.674173 ; -2.52628
7.0408 ; 6.03652 ; -0.911757 ; 0.302345
4.94451 ; 5.49625 ; 0.171506 ; 0.845692
4.33326 ; 5.46405 ; -0.225505 ; 0.254855
4.32145 ; 4.37447 ; 3.92102 ; 3.21458
6.21759 ; 3.81848 ; 0.0777291 ; -0.0173342
7.09678 ; 5.25854 ; -1.87944 ; -0.64544
5.10761 ; 3.95734 ; -0.157452 ; 1.64347
7.20278 ; 6.44814 ; -1.57344 ; -1.48946
6.88578 ; 6.19582 ; -3.94721 ; -0.332815
3.6239 ; 4.15262 ; 1.29728 ; 0.513492
7.06548 ; 3.8376 ; -1.88221 ; 1.81254
4.62029 ; 3.71979 ; 0.528184 ; 0.851479
4.56641 ; 3.9341 ; 1.05412 ; 1.79876
4.20648 ; 6.94323 ; 1.42289 ; -3.45528
3.73887 ; 6.31476 ; 0.812318 ; -0.0272707
5.76578 ; 6.47457 ; 0.351553 ; 0.113948
5.37663 ; 6.73206 ; 0.479855 ; -4.15206
6.65738 ; 5.96187 ; 0.26828 ; 0.403943
6.00316 ; 4.35124 ; 0.504761 ; 1.2319
4.31226 ; 4.77582 ; 2.72297 ; -0.256668
5.33099 ; 4.68593 ; 0.659412 ; 1.21503
6.81369 ; 4.15226 ; -3.77945 ; 1.56381
4.85496 ; 5.31865 ; 1.57419 ; 0.209314
4.11579 ; 4.64995 ; 1.3966 ; 0.32004
6.92831 ; 4.68384 ; -2.95398 ; 2.32647
4.37136 ; 3.61065 ; 1.13367 ; 1.24982
6.75871 ; 4.05041 ; -2.82822 ; 2.88744
4.8628 ; 4.04564 ; 1.4967 ; 1.79302
4.45777 ; 6.09662 ; 3.11542 ; -1.81018
4.86366 ; 4.39306 ; 0.0862786 ; 0.271647
4.31066 ; 4.62548 ; 1.70332 ; -0.670029
7.27846 ; 5.43758 ; -3.21857 ; 0.582192
3.80982 ; 6.01676 ; 1.69551 ; -1.89894
7.26245 ; 4.77406 ; -2.93514 ; 1.51877
7.17019 ; 7.25308 ; -1.35264 ; -2.00609
4.12109 ; 5.67762 ; 0.0749571 ; 0.540837
5.11335 ; 4.44897 ; 1.67661 ; 1.84527
4.05297 ; 6.78952 ; 1.54085 ; -3.009
7.29918 ; 5.16946 ; -0.836649 ; 0.61248
6.64024 ; 6.2599 ; -3.06846 ; -4.20229
4.44962 ; 6.68103 ; 0.491902 ; -4.3446
7.27212 ; 3.97753 ; -2.01607 ; 0.880615
6.11696 ; 4.09735 ; -0.704181 ; 2.76562
3.93564 ; 3.64087 ; 1.15167 ; 2.09202
4.06695 ; 4.58971 ; 2.80663 ; -0.0859643
7.36079 ; 5.11465 ; -0.706289 ; 0.674242
4.40574 ; 3.58099 ; 0.189038 ; 1.40611
6.88263 ; 3.75163 ; -1.63644 ; 2.20302
4.20936 ; 4.19551 ; 0.605127 ; -0.0595638
4.0986 ; 5.83757 ; 2.28125 ; -0.571209
6.19236 ; 6.83882 ; -1.54284 ; -4.01399
6.6186 ; 3.90109 ; -2.23925 ; 0.93885
7.12991 ; 4.83395 ; -1.73501 ; 0.4658
5.49299 ; 3.76058 ; -0.337601 ; 2.41123
5.23136 ; 7.29808 ; -0.476814 ; -1.93013
6.84429 ; 4.45086 ; -3.16252 ; 0.0597323
6.24262 ; 5.30258 ; -1.43982 ; -1.32701
4.07362 ; 5.57773 ; 1.80744 ; -0.92917
3.92231 ; 3.95822 ; 2.046 ; 2.09389
6.78583 ; 6.05168 ; -2.49526 ; -1.26022
6.53554 ; 3.84222 ; -0.296228 ; 1.35622
7.44428 ; 5.34376 ; -1.65894 ; -1.14067
5.84949 ; 5.26727 ; -0.579219 ; -0.369996
6.75094 ; 4.31765 ; -1.07533 ; -0.289375
4.85925 ; 5.88774 ; 2.17367 ; -1.97835
3.80351 ; 6.20085 ; 1.72838 ; -2.69441
5.62399 ; 3.8379 ; 0.12828 ; 0.925956
5.38664 ; 5.02649 ; -0.494723 ; 0.675129
5.11709 ; 3.88639 ; -0.437233 ; 3.03145
6.423 ; 5.87593 ; 0.0394836 ; 0.831987
6.58027 ; 5.96584 ; -2.91676 ; -1.93555
3.69284 ; 6.70941 ; 0.701283 ; -0.223455
4.97245 ; 5.94132 ; 1.20279 ; 0.00426047
6.86962 ; 4.59378 ; -0.188377 ; 1.79788
5.63366 ; 6.12165 ; -1.28547 ; -1.57348
4.00762 ; 5.9528 ; 2.4701 ; -2.1858
7.32105 ; 4.6003 ; -1.76617 ; 1.68313
5.97234 ; 5.46553 ; -0.253836 ; 0.283548
7.39595 ; 6.0234 ; -2.07805 ; -0.280408
4.15263 ; 7.03346 ; 1.7118 ; -0.561076
4.12961 ; 3.85552 ; 1.83088 ; 3.39049
5.89391 ; 4.54427 ; -0.357604 ; -0.253512
5.71299 ; 7.13418 ; 1.0985 ; -1.49888
5.3641 ; 6.7836 ; -0.127941 ; -1.23147
6.47881 ; 7.09928 ; -1.73764 ; -0.698214
7.2461 ; 5.2703 ; -1.73787 ; -0.21516
4.33345 ; 6.72683 ; 0.486771 ; -1.35675
6.62335 ; 7.13175 ; -2.52324 ; -1.38956
5.63986 ; 3.40536 ; -0.497535 ; 1.70119
4.20477 ; 6.10249 ; 0.3202 ; -2.00505
7.12246 ; 7.14617 ; -1.53065 ; -1.46391
7.06684 ; 3.89296 ; -1.83863 ; 2.70356
5.76697 ; 3.4346 ; 0.857168 ; 1.09169
5.54333 ; 6.88335 ; -0.788489 ; 0.0298302
5.03742 ; 6.98156 ; 1.7942 ; -1.11881
6.58937 ; 6.94405 ; -0.940534 ; -3.71463
3.72628 ; 6.21802 ; 0.926659 ; -0.878813
6.85993 ; 6.44164 ; 0.0155555 ; -0.705386
4.97767 ; 4.1076 ; 0.250905 ; -0.452053
4.11734 ; 7.12608 ; 0.654313 ; -0.520455
5.59216 ; 6.14847 ; 1.03234 ; -0.373718
5.24822 ; 5.53962 ; -0.420467 ; -1.09206
4.44312 ; 3.94539 ; 2.92207 ; 3.24932
3.68795 ; 6.22222 ; 2.39249 ; 0.27658
4.38373 ; 4.85449 ; 1.52644 ; -0.633188
7.2826 ; 4.96379 ; -2.75197 ; 1.10291
5.15245 ; 6.89897 ; -0.708176 ; -0.454869
3.93918 ; 5.78226 ; 2.59444 ; -2.0241
6.14774 ; 7.13567 ; 0.695856 ; -2.54484
6.44834 ; 5.51501 ; -0.714677 ; 0.357767
6.67007 ; 3.43621 ; -0.0626484 ; 1.09163
3.98486 ; 6.89447 ; 2.5734 ; -2.01782
6.43742 ; 6.80131 ; -0.915074 ; -3.30872
6.32345 ; 7.04709 ; -1.27043 ; -2.95715
5.04001 ; 6.50939 ; -1.02756 ; -2.35048
6.39584 ; 3.66206 ; -1.44436 ; 0.920943
5.09275 ; 6.78711 ; -0.743291 ; -3.7012
7.11936 ; 7.07015 ; -0.582434 ; -1.54351
5.38306 ; 6.80163 ; -0.428386 ; -0.633782
5.42628 ; 3.68618 ; -0.782777 ; 2.2154
6.89829 ; 4.70516 ; -3.53518 ; 0.0396334
4.56772 ; 6.51863 ; 0.453652 ; -2.76884
4.41368 ; 7.33828 ; 1.8918 ; -1.77067
4.16684 ; 5.86304 ; 3.32592 ; 0.596941
4.5141 ; 4.02863 ; 4.29305 ; 2.4439
4.36844 ; 3.51067 ; 0.557334 ; 0.672787
5.83468 ; 3.52418 ; -0.490553 ; 0.482864
4.23157 ; 4.74012 ; 3.10123 ; 2.75245
6.454 ; 5.06065 ; -0.149392 ; -0.0257656
6.56714 ; 6.33298 ; -2.10557 ; -1.63129
5.29816 ; 6.09077 ; -0.906471 ; -1.31545
6.14625 ; 5.63446 ; 0.332152 ; -0.000199445
6.43834 ; 4.10416 ; -0.822043 ; 0.984774
6.70696 ; 4.41226 ; -3.99967 ; 1.39086
4.89882 ; 3.54857 ; 1.87854 ; 0.929316
6.81402 ; 6.74811 ; -1.94901 ; -4.11311
3.77651 ; 5.81912 ; 2.51915 ; -0.175268
5.28878 ; 4.04274 ; -0.605108 ; 0.22867
7.14791 ; 7.30426 ; -1.01797 ; -2.1583
6.50213 ; 6.40827 ; -0.741732 ; -2.23843
4.53958 ; 5.23428 ; 0.283368 ; -0.329349
6.31175 ; 6.88621 ; 0.654236 ; 0.100595
4.32289 ; 6.86776 ; 1.07385 ; -4.12658
5.09635 ; 4.28815 ; -0.773773 ; -0.71987
6.83365 ; 6.05714 ; 0.376458 ; 0.403209
6.57901 ; 6.73443 ; 0.180913 ; -2.99322
6.866 ; 6.2648 ; -3.02202 ; -2.45717
6.53675 ; 4.50148 ; -0.860287 ; 1.48771
6.39239 ; 4.75374 ; -0.715682 ; 0.342447
5.89656 ; 5.7505 ; -1.16755 ; -1.55539
5.25639 ; 4.42472 ; 0.381361 ; 0.954616
4.30545 ; 3.47487 ; 0.556139 ; 1.71111
4.69308 ; 6.54304 ; 2.53823 ; -2.25024
4.17409 ; 5.39274 ; 1.13097 ; 0.200258
5.05264 ; 6.68595 ; 0.283436 ; -0.586882
5.91925 ; 5.82831 ; 0.392742 ; -1.18012
3.73145 ; 5.88976 ; 3.21658 ; 0.669577
6.91902 ; 3.62793 ; -1.22172 ; 1.07033
7.10931 ; 3.76018 ; -2.91292 ; 1.96799
5.95004 ; 4.21992 ; -0.973962 ; 1.1877
4.79649 ; 5.55841 ; 1.11158 ; -0.273738
4.85759 ; 3.61682 ; 1.36083 ; 1.08618
5.61729 ; 6.77193 ; 0.805081 ; -2.20605
4.35066 ; 3.96689 ; 1.87784 ; 1.63371
6.92593 ; 3.72567 ; -0.884929 ; 2.99888
6.57083 ; 6.76162 ; 0.149315 ; -3.35403
6.0681 ; 5.56722 ; -0.585037 ; -0.92507
3.79479 ; 4.29327 ; 2.85557 ; 0.936279
6.73941 ; 3.569 ; -1.49412 ; 1.05526
4.43857 ; 3.90792 ; 1.87753 ; -0.032996
4.34588 ; 3.46192 ; 0.452681 ; 1.67506
7.01695 ; 4.62642 ; -3.66938 ; 1.83464
7.07466 ; 5.88595 ; -3.51549 ; 0.124008
5.07879 ; 7.0431 ; 2.32274 ; -2.97235
4.32402 ; 3.89581 ; 4.17422 ; 1.72364
6.33669 ; 4.88701 ; -3.91941 ; 3.50031
4.06122 ; 6.33277 ; 3.01311 ; -3.27255
5.37611 ; 3.83536 ; 1.08389 ; -0.125526
7.26192 ; 6.53043 ; -0.496016 ; -2.33507
4.10419 ; 3.99667 ; 3.1707 ; 3.35654
5.27815 ; 3.60476 ; 1.38968 ; 2.11936
4.36557 ; 6.19836 ; 3.80559 ; -3.16062
5.03692 ; 6.40896 ; 0.972994 ; -2.4648
4.69591 ; 4.81554 ; -0.183719 ; -0.936549
4.48413 ; 4.31453 ; 0.696417 ; -0.418693
7.19917 ; 4.67512 ; -2.14038 ; 2.52836
5.9741 ; 4.31274 ; -0.452483 ; 0.44527
6.98143 ; 5.66966 ; -1.00909 ; 1.06166
6.35366 ; 3.95608 ; -1.22286 ; 0.643012
5.25556 ; 6.04337 ; 0.688609 ; 0.356679
3.55521 ; 5.20852 ; 0.916025 ; 0.583695
3.66333 ; 4.86093 ; 1.87777 ; 2.09672
4.11413 ; 6.62592 ; 1.96329 ; -3.7209
4.14916 ; 3.9116 ; 2.88531 ; 2.80516
5.04993 ; 3.98562 ; 1.0961 ; 1.85722
4.15503 ; 3.8366 ; 2.70442 ; 2.47232
7.18043 ; 6.5951 ; -0.40239 ; -2.37319
6.30985 ; 4.11034 ; -2.75233 ; 2.29873
7.09782 ; 3.70012 ; -0.453181 ; 1.53012
6.95619 ; 6.14871 ; -2.28443 ; -0.97011
7.19397 ; 3.81192 ; -1.16413 ; 2.28656
6.79108 ; 3.8163 ; -0.313807 ; 3.34072
3.8358 ; 6.76733 ; 1.9116 ; -1.37672
7.02918 ; 5.14136 ; -2.15946 ; 0.496612
6.64396 ; 6.88887 ; -0.483572 ; -3.43075
4.24561 ; 7.09317 ; -0.185856 ; -0.700786
3.82602 ; 6.23615 ; 2.30647 ; -0.286396
4.09403 ; 6.77184 ; 1.24042 ; -0.70098
6.29647 ; 5.01843 ; -0.450101 ; 1.22831
3.73853 ; 6.36851 ; 1.73414 ; -0.477274
3.99581 ; 6.01255 ; 1.22133 ; -0.52402
4.6594 ; 6.69999 ; 2.72597 ; -2.85706
4.3255 ; 7.1031 ; 0.449423 ; -3.61672
4.85964 ; 6.53453 ; 0.355213 ; -2.50806
4.60702 ; 4.07313 ; 1.1385 ; 3.70185
6.26578 ; 4.38336 ; -2.70758 ; 3.16149
6.11031 ; 5.00458 ; 0.777555 ; -0.505988
6.75724 ; 5.73734 ; -2.70789 ; -1.44399
4.67005 ; 6.67163 ; -0.120907 ; -0.969815
5.12606 ; 3.66338 ; 0.192425 ; 3.11638
4.51827 ; 5.63298 ; 1.63455 ; -1.22486
4.831 ; 7.34588 ; -0.699697 ; -0.723848
4.36264 ; 7.11364 ; 2.51016 ; -2.44971
6.63163 ; 5.02915 ; -3.41063 ; 2.13654
5.05572 ; 4.81174 ; 0.817109 ; -0.112109
6.59874 ; 7.29387 ; -0.521145 ; -1.50376
4.90285 ; 7.30825 ; 0.322994 ; -2.68799
4.68362 ; 7.27836 ; 2.25295 ; -2.26748
6.38834 ; 5.76829 ; -0.108251 ; -1.01497
4.53455 ; 6.60132 ; 0.191322 ; -1.64567
4.65455 ; 5.81304 ; -0.516565 ; -1.27338
4.28703 ; 5.72406 ; 3.99516 ; -1.80244
3.83207 ; 4.65117 ; 1.31004 ; -0.0434756
4.29498 ; 6.79404 ; 1.59178 ; -0.786362
3.90227 ; 6.36367 ; 3.22267 ; -0.0924799
6.70652 ; 6.57091 ; -0.785691 ; -2.93118
7.06525 ; 5.20764 ; -1.42848 ; -0.152383
7.13651 ; 4.64751 ; -2.15253 ; 1.60476
4.75305 ; 7.21571 ; 2.40949 ; -2.05289
6.88069 ; 6.51573 ; -3.51489 ; -1.90088
7.11999 ; 7.10427 ; -1.05216 ; -2.36435
6.28212 ; 6.65219 ; -0.648808 ; -3.05831
6.40308 ; 4.35793 ; -2.48359 ; 2.51381
4.3474 ; 5.15987 ; 3.87777 ; 2.36397
5.86033 ; 3.72957 ; 0.667478 ; 1.70723
6.07723 ; 3.40087 ; -0.319289 ; 1.34415
4.04815 ; 4.45129 ; 0.385153 ; 0.713252
5.13462 ; 6.77928 ; 1.32158 ; -4.14629
7.14552 ; 4.7583 ; -2.56311 ; 2.45869
6.96451 ; 5.98293 ; -0.235981 ; -1.49092
3.7869 ; 7.1455 ; 1.16269 ; -2.21067
4.27661 ; 3.59125 ; 0.171418 ; 2.60938
5.02249 ; 4.49153 ; 0.105594 ; 0.56044
5.43375 ; 6.47981 ; 1.05947 ; -0.236545
5.11809 ; 4.17689 ; -0.123358 ; 1.03153
5.92852 ; 5.20441 ; -0.877422 ; -0.5515
4.4975 ; 4.35198 ; 3.50745 ; 3.91584
3.90032 ; 4.03506 ; 1.57907 ; 2.90466
4.69603 ; 4.50406 ; -0.359661 ; -0.661878
6.97922 ; 4.75931 ; -2.83577 ; 0.655668
4.49865 ; 4.99397 ; 1.08894 ; 0.460476
6.80535 ; 5.02678 ; -1.71995 ; 0.540186
6.85471 ; 6.01633 ; 0.0788606 ; -1.53002
5.82374 ; 6.29706 ; 0.855085 ; 0.448551
5.35694 ; 6.30532 ; 0.974589 ; -0.791462
7.0959 ; 5.46362 ; -2.65567 ; -0.252284
6.51198 ; 3.6862 ; 0.143033 ; 2.16386
6.73358 ; 5.39209 ; -3.44775 ; 1.46678
6.53828 ; 4.41488 ; -3.02679 ; 3.0824
4.50215 ; 4.20586 ; 2.90665 ; 2.25616
5.642 ; 7.21515 ; -0.606396 ; -3.38668
4.78768 ; 5.52394 ; 0.672515 ; 0.242435
4.24759 ; 4.32086 ; 3.15172 ; 3.10616
5.41937 ; 6.63315 ; -0.64464 ; -3.10296
6.51217 ; 4.12777 ; 0.127769 ; -0.538316
6.001 ; 6.42541 ; -2.74231 ; -3.50615
5.31461 ; 5.78599 ; 1.09283 ; -1.38781
4.22827 ; 5.29513 ; 4.01991 ; -0.0269959
5.73321 ; 4.09444 ; 0.223888 ; 0.395238
7.18594 ; 4.49101 ; -2.24125 ; 2.37881
5.04978 ; 6.84329 ; -0.249287 ; -1.10778
6.17245 ; 3.7697 ; -1.06374 ; 2.22416
4.14539 ; 6.17389 ; 2.57903 ; -3.2622
7.47103 ; 4.95393 ; -0.87929 ; 1.80952
6.74922 ; 6.52186 ; -4.15995 ; -0.979489
3.93042 ; 4.92559 ; 2.94157 ; -0.449952
5.73105 ; 3.96504 ; 0.246931 ; 3.69068
4.85621 ; 7.10302 ; -0.35205 ; -2.87723
7.22414 ; 5.61929 ; -0.692653 ; -0.0984402
4.44018 ; 5.1212 ; 2.06621 ; -0.380313
5.17094 ; 4.56392 ; 0.567117 ; 0.87361
5.11024 ; 4.34977 ; -0.0950337 ; -0.123202
6.55652 ; 6.46533 ; -2.20624 ; 0.430031
6.21389 ; 7.05726 ; 0.623149 ; -0.479232
7.18542 ; 6.99192 ; -0.703288 ; -1.53681
6.92838 ; 4.53647 ; 0.252693 ; -0.324435
6.71159 ; 6.3311 ; -3.28866 ; -2.96711
4.23222 ; 6.51277 ; 3.67336 ; -2.46457
4.63346 ; 7.28351 ; 1.84229 ; -2.00038
6.80087 ; 5.24562 ; -3.3172 ; 1.40677
3.95 ; 5.88763 ; 1.05934 ; 0.443447
6.5492 ; 6.56251 ; 0.469153 ; -0.742789
4.61169 ; 4.90198 ; 1.28337 ; -0.606192
4.04244 ; 5.47995 ; 3.25465 ; -0.0235153
4.65759 ; 4.23322 ; 1.09998 ; -0.339915
3.95074 ; 5.89387 ; 3.27224 ; -1.43565
5.85265 ; 3.6343 ; -1.06453 ; 2.35672
4.27731 ; 4.70342 ; 2.00954 ; 2.12818
6.70215 ; 6.55207 ; 0.467115 ; -1.50643
3.62216 ; 6.04018 ; 1.88268 ; -0.26354
6.09935 ; 5.40305 ; -0.149705 ; -1.26723
6.69339 ; 6.14457 ; -0.495404 ; 0.0981174
3.89079 ; 4.16321 ; 2.11697 ; -0.258755
7.08487 ; 4.08271 ; -2.8108 ; 2.40875
3.92165 ; 4.2611 ; 3.59023 ; 1.80145
6.70643 ; 6.39156 ; -0.576026 ; -0.996899
6.82566 ; 5.44528 ; -1.33673 ; 0.999005
6.79777 ; 4.3544 ; -1.77676 ; 1.80324
4.71943 ; 7.22719 ; 0.455537 ; -2.15071
5.1974 ; 4.32011 ; -0.834777 ; 0.607373
7.21309 ; 4.25273 ; -1.75482 ; 0.108921
4.39457 ; 6.32985 ; 0.118188 ; -2.13284
3.94094 ; 3.89649 ; 2.17276 ; 3.44021
3.93997 ; 5.15943 ; 3.08183 ; 1.72437
7.01011 ; 6.49347 ; -1.133 ; -3.08018
4.91627 ; 6.13267 ; 2.6963 ; -2.89241
6.13761 ; 6.5087 ; -2.18959 ; -3.80404
5.04235 ; 3.50588 ; -0.40914 ; 0.218683
3.71674 ; 4.00401 ; 0.551678 ; -0.00987583
5.48076 ; 6.98278 ; 1.41032 ; -0.603901
7.1139 ; 5.88859 ; -0.684485 ; -1.84858
6.76206 ; 4.25484 ; -1.76097 ; 1.64831
5.3033 ; 6.66993 ; -0.49449 ; -2.14016
6.54294 ; 4.0378 ; -1.4007 ; 2.60383
5.64451 ; 4.07966 ; -0.698455 ; 0.123064
6.14787 ; 5.63279 ; -0.724651 ; 0.0181329
3.6654 ; 4.17668 ; 0.5804 ; -0.167975
3.75225 ; 7.00162 ; 2.13542 ; -0.783578
7.24209 ; 4.39827 ; -1.95948 ; 1.10142
4.72728 ; 6.39066 ; 1.47729 ; -1.80765
7.0719 ; 6.0119 ; -2.10109 ; 0.39844
4.24216 ; 4.10901 ; 3.59582 ; 0.926705
4.53211 ; 4.17197 ; 2.2305 ; 1.92811
4.02336 ; 6.19573 ; 1.80573 ; -0.900406
5.56949 ; 3.98951 ; 0.653286 ; 2.76203
3.786 ; 5.48186 ; 3.29497 ; -1.01382
4.63992 ; 4.27278 ; 3.31665 ; 2.18072
6.66989 ; 6.86512 ; 0.185183 ; -3.02367
4.87347 ; 3.90202 ; -0.0282955 ; 0.112886
5.92199 ; 7.17326 ; -0.14371 ; -0.884358
3.71151 ; 4.93709 ; 0.818902 ; 1.73335
4.88057 ; 6.83417 ; 1.46498 ; -1.18104
6.51058 ; 4.04861 ; -2.9461 ; 2.98153
4.82011 ; 5.72054 ; 1.13227 ; 0.504636
4.4665 ; 6.63819 ; 0.773306 ; -0.416671
3.85602 ; 5.80909 ; 1.76516 ; -1.79864
5.22847 ; 4.3093 ; 1.26866 ; -0.612399
4.10094 ; 4.03287 ; 2.54321 ; 0.452405
5.46329 ; 6.35041 ; 1.31055 ; 0.0365849
4.61421 ; 4.91945 ; 1.07121 ; 1.00869
7.11807 ; 6.82948 ; -2.55434 ; -1.77946
7.13768 ; 4.13191 ; -3.06304 ; 1.6236
6.4259 ; 6.81812 ; -1.98972 ; -2.32795
6.60523 ; 6.91198 ; 0.156177 ; -3.47315
4.77715 ; 4.54032 ; -0.225515 ; 0.998819
6.68472 ; 7.30941 ; -2.46176 ; -1.64259
3.84382 ; 6.14049 ; 1.95996 ; -2.60789
7.07998 ; 3.74143 ; -0.706646 ; 2.10004
3.77438 ; 5.94428 ; 0.57867 ; -1.95466
4.476 ; 4.65551 ; 1.03443 ; 0.868537
7.40667 ; 6.435 ; -2.1332 ; -1.58778
6.45563 ; 4.02693 ; -0.253732 ; 0.144453
7.36705 ; 5.96371 ; -0.913364 ; 0.319033
4.84949 ; 4.92838 ; -0.585057 ; -0.820188
5.02488 ; 6.6902 ; -0.491936 ; -3.44226
4.38236 ; 3.81627 ; 3.02404 ; 2.01052
4.33957 ; 5.16789 ; 2.39758 ; -0.843313
6.72887 ; 7.25827 ; -0.734897 ; -1.10982
3.72808 ; 5.06599 ; 3.13493 ; -0.128146
3.88724 ; 4.82596 ; 1.03895 ; -0.98415
4.25368 ; 3.76043 ; 2.34399 ; 0.579898
7.06987 ; 3.58492 ; -1.92552 ; 1.41303
5.00202 ; 6.49364 ; 2.15238 ; -2.58812
4.16698 ; 4.27739 ; 1.34943 ; 0.64844
4.21618 ; 5.46838 ; 2.75515 ; -0.751727
5.12338 ; 5.73413 ; 0.254134 ; 0.655217
4.89111 ; 6.99016 ; -0.436883 ; -0.599492
5.23632 ; 3.98407 ; 0.52271 ; 2.9866
5.45908 ; 4.08587 ; -1.05407 ; 2.3775
7.18593 ; 3.53803 ; -0.886175 ; 0.782054
5.00618 ; 5.09537 ; -0.522746 ; -0.397363
7.43614 ; 6.34354 ; -1.80626 ; -1.62946
7.0438 ; 6.78772 ; -2.29742 ; -0.175978
6.64634 ; 4.33666 ; -2.59174 ; 2.82288
4.67188 ; 4.08857 ; 1.67997 ; 2.50886
7.01104 ; 5.37833 ; -1.50877 ; 0.268643
3.89826 ; 5.35811 ; 3.39717 ; -0.046751
6.11147 ; 4.22314 ; 0.417789 ; 0.146742
5.58399 ; 4.25236 ; -1.16639 ; 0.47114
5.89346 ; 6.89107 ; -0.439203 ; -1.35176
6.95251 ; 4.60001 ; -3.4504 ; 0.868223
4.51636 ; 3.71482 ; 1.3066 ; 1.14357
4.63726 ; 6.75112 ; 0.561703 ; -3.84349
4.30023 ; 4.34872 ; 1.86985 ; 0.63055
7.27072 ; 5.17041 ; -1.37742 ; -1.29472
7.18592 ; 5.18502 ; -3.44031 ; -1.14356
5.18762 ; 4.26619 ; 1.05188 ; -0.566035
4.65428 ; 4.23764 ; 1.54795 ; -0.542042
6.17637 ; 4.7034 ; -0.495868 ; -0.648878
6.74578 ; 4.23885 ; -2.84033 ; 1.3248
4.24255 ; 6.93499 ; 1.39197 ; -0.246642
6.43184 ; 7.32553 ; -0.470083 ; -2.29709
3.83972 ; 5.57491 ; 1.65831 ; -1.48538
6.19027 ; 4.14805 ; -2.06273 ; 2.16184
7.29089 ; 4.90697 ; -3.20573 ; -0.601302
4.0193 ; 6.31153 ; 0.780378 ; 0.39482
3.86821 ; 4.45022 ; 2.34021 ; -0.0398852
5.311 ; 6.12634 ; 0.715839 ; -0.00164981
7.15328 ; 6.59718 ; -2.24341 ; -1.6798
4.25576 ; 6.94403 ; 0.708696 ; -0.202674
5.51203 ; 5.55619 ; 0.560623 ; -1.41318
5.65898 ; 4.90571 ; -1.41186 ; 1.42688
4.60925 ; 4.23115 ; 1.92958 ; 1.4523
6.78563 ; 5.85827 ; -1.24423 ; -1.45833
6.62369 ; 6.88386 ; -2.38828 ; -2.37957
7.31804 ; 4.25011 ; -0.517004 ; 0.323445
6.20355 ; 5.13924 ; 0.0611227 ; 1.09906
5.98447 ; 5.64245 ; 0.722477 ; -0.342606
4.76275 ; 4.08126 ; 1.66383 ; 1.21704
6.873 ; 6.6998 ; -1.11112 ; -4.10821
5.57184 ; 3.50089 ; -0.027957 ; 1.90289
7.07418 ; 7.10612 ; -1.46588 ; -3.553
5.68157 ; 6.50258 ; 1.39621 ; -2.60241
4.16202 ; 6.03424 ; -0.197207 ; -0.590133
3.91718 ; 4.37697 ; 0.425638 ; 2.39205
6.89533 ; 4.31595 ; -2.89622 ; 2.14016
6.99115 ; 3.8629 ; -1.78668 ; 2.20449
3.96882 ; 5.26345 ; 2.27556 ; 1.11957
7.52469 ; 5.29465 ; -1.76128 ; 0.47566
7.48879 ; 5.57122 ; -1.14308 ; -0.310777
5.1888 ; 6.87286 ; 0.0512742 ; -3.54367
5.21275 ; 5.81918 ; 0.571055 ; -0.186556
5.75356 ; 6.44344 ; 0.00782878 ; -2.29309
5.45589 ; 4.03486 ; -1.51955 ; 2.09978
7.29486 ; 6.33652 ; -1.07172 ; -3.03963
6.86802 ; 4.44106 ; -2.47755 ; 3.78422
7.0068 ; 6.58789 ; -1.9263 ; -4.23889
6.73093 ; 5.65398 ; -1.0193 ; 0.583633
7.41877 ; 5.93112 ; -0.587499 ; -0.010701
6.96709 ; 4.91093 ; -3.52775 ; 0.0962549
6.20969 ; 7.24728 ; 0.355613 ; -1.66875
6.01169 ; 4.36076 ; -2.09971 ; 3.85726
5.67424 ; 3.44982 ; 1.19363 ; 0.922577
6.18299 ; 6.47651 ; -1.30683 ; -2.40118
6.95882 ; 6.84081 ; -2.09529 ; -3.51956
4.01257 ; 6.48037 ; 2.58361 ; -2.8818
5.0276 ; 4.09431 ; 1.37643 ; 0.125844
4.55695 ; 6.68707 ; 0.0196359 ; -3.88286
7.00393 ; 5.94376 ; -2.44529 ; -0.895007
4.06728 ; 4.01915 ; 1.95433 ; 0.580653
6.79314 ; 6.22029 ; -2.40555 ; -0.361683
5.60564 ; 7.1306 ; -1.42555 ; -1.94924
6.56683 ; 6.75827 ; 0.0531243 ; -4.09854
5.59568 ; 3.87934 ; 0.103493 ; 0.0586833
7.22755 ; 5.07541 ; -2.84738 ; -0.861185
7.37808 ; 4.29626 ; -2.47641 ; 0.181798
6.21035 ; 5.96828 ; -0.476414 ; -0.29485
7.14682 ; 5.2899 ; -2.87951 ; 0.0647846
6.27642 ; 7.01387 ; -2.64915 ; -2.45232
4.22673 ; 6.10095 ; 2.45966 ; -2.64224
4.06171 ; 5.83063 ; 2.30594 ; -0.328831
4.31964 ; 3.45866 ; 0.23608 ; 2.08118
4.63763 ; 3.41063 ; -0.445902 ; 1.98944
4.31494 ; 6.31146 ; 3.57064 ; -1.51613
4.68664 ; 6.67124 ; 0.961566 ; -1.65074
4.37415 ; 5.66855 ; 1.78129 ; -0.557318
4.52773 ; 3.96605 ; 1.70312 ; 3.01456
5.49784 ; 5.52338 ; -0.186944 ; 0.906907
6.62229 ; 6.40728 ; -4.15907 ; -3.00784
3.58309 ; 4.22008 ; 1.37244 ; 1.28198
5.32315 ; 5.03271 ; -0.40137 ; -0.0257768
6.66407 ; 6.10245 ; -3.03161 ; -1.95327
4.33398 ; 6.59575 ; 4.26534 ; -1.50157
3.55369 ; 4.62374 ; 1.17846 ; 0.973744
4.62023 ; 4.86848 ; 2.0433 ; -0.726933
5.16467 ; 5.88917 ; 0.5383 ; 0.105946
4.80144 ; 6.79917 ; 1.25344 ; -3.66838
6.2918 ; 4.22556 ; -1.11189 ; 2.04451
4.98147 ; 5.57976 ; 1.53439 ; 0.0585892
4.42221 ; 4.03658 ; 2.93799 ; 3.32626
3.58021 ; 5.2162 ; 1.69407 ; -1.33737
3.77583 ; 5.40874 ; 2.04012 ; 0.930829
6.98954 ; 4.94393 ; -2.42832 ; 2.2795
7.00539 ; 4.61505 ; -0.164423 ; 0.448562
6.98468 ; 4.51796 ; -1.93917 ; -0.485684
4.47827 ; 5.89546 ; 0.396535 ; -0.539493
3.93837 ; 4.02432 ; 1.92568 ; 0.520073
7.01921 ; 5.86799 ; 0.418378 ; 0.220398
4.04515 ; 5.04569 ; 0.387596 ; 1.17583
4.1481 ; 5.07897 ; -0.311868 ; 0.540929
5.70688 ; 6.10342 ; 0.77486 ; 0.180062
7.07047 ; 5.85313 ; -2.94663 ; -0.212355
5.3226 ; 7.0609 ; 0.902256 ; -2.07187
3.92824 ; 6.02394 ; 3.30034 ; -0.281061
5.51616 ; 4.58228 ; 0.35378 ; 0.912161
6.56904 ; 6.93706 ; -0.537108 ; -1.84145
5.35312 ; 3.8192 ; 0.401783 ; 1.65584
6.99235 ; 7.01744 ; -2.94746 ; -3.12941
4.91866 ; 3.79732 ; 0.519947 ; 1.27746
5.88588 ; 5.85912 ; 0.344805 ; -1.11766
5.66354 ; 5.33972 ; -0.505446 ; -0.840584
7.38658 ; 5.93996 ; -1.11353 ; -1.41574
4.22618 ; 6.61248 ; 4.0742 ; -1.53871
4.39617 ; 5.06987 ; 0.630983 ; 1.01212
3.66142 ; 5.65654 ; 1.02512 ; -0.964851
4.13621 ; 3.49873 ; 0.882405 ; 1.05837
5.87198 ; 7.07602 ; -0.496941 ; -3.49781
3.67933 ; 5.72123 ; 1.65849 ; 0.0768995
6.41063 ; 5.47141 ; 0.0936423 ; -1.2685
6.61453 ; 5.02008 ; -0.604869 ; 0.820873
5.79359 ; 4.86588 ; -0.547478 ; 0.727713
6.0508 ; 4.10882 ; -2.53077 ; 2.78719
4.23625 ; 5.6355 ; 1.34362 ; -0.682725
3.63461 ; 6.71567 ; 1.39696 ; -1.42237
7.21547 ; 3.97607 ; -3.17085 ; 1.22461
7.3353 ; 5.72219 ; -0.305954 ; -0.674118
5.88242 ; 5.31413 ; 0.203543 ; 0.893894
6.44004 ; 4.51727 ; -0.819391 ; 0.0584039
4.07352 ; 5.5369 ; 1.31663 ; 0.23
3.90158 ; 5.14247 ; 1.86824 ; -0.00971883
6.29778 ; 5.57039 ; -1.39073 ; -1.18605
6.88684 ; 3.79113 ; -0.907039 ; 1.45748
6.58359 ; 6.24939 ; -1.7444 ; 0.59678
5.3532 ; 6.25922 ; 1.04931 ; 0.562622
6.17276 ; 3.94282 ; -1.78715 ; 3.51186
6.03477 ; 4.20227 ; -2.15208 ; 2.74044
5.17236 ; 6.66026 ; 2.14751 ; -2.43169
3.92641 ; 5.83003 ; 3.07793 ; -1.81195
7.10503 ; 5.14953 ; -2.79561 ; -1.0204
5.16025 ; 5.95412 ; -0.719916 ; -1.07756
6.32778 ; 3.91826 ; 0.43285 ; 2.64979
6.22927 ; 7.4161 ; 0.474438 ; -0.923718
7.07913 ; 5.85699 ; -0.49392 ; -1.68609
5.66833 ; 3.68405 ; -0.447727 ; 1.97967
4.39167 ; 6.41728 ; 3.99018 ; -3.58218
4.34976 ; 3.59559 ; 0.526537 ; 2.37418
7.00944 ; 6.46271 ; -0.313034 ; -0.000306875
7.1398 ; 4.24058 ; -1.01052 ; -0.253078
6.8895 ; 6.62024 ; -1.51087 ; -1.31961
7.46082 ; 5.63267 ; -2.56166 ; 0.72428
5.91969 ; 4.20737 ; 0.410884 ; 1.98422
6.07618 ; 6.56865 ; -1.13814 ; -2.40943
3.96021 ; 4.59488 ; 3.55501 ; -0.648945
3.96581 ; 4.84502 ; 3.46021 ; -0.402729
6.0282 ; 3.79318 ; -2.36118 ; 2.73291
4.8964 ; 6.7511 ; 1.98795 ; -2.56121
6.58524 ; 7.0708 ; -0.210984 ; -1.11363
6.18194 ; 3.65191 ; 0.651613 ; 2.77223
6.62871 ; 4.18733 ; -0.229372 ; 3.77821
5.99477 ; 7.25258 ; -1.78302 ; -2.05999
5.92029 ; 6.04038 ; -1.25418 ; -0.180502
7.29149 ; 6.86934 ; -1.73003 ; -0.995617
5.46692 ; 6.96267 ; 0.108272 ; -1.99166
4.32802 ; 3.61366 ; 1.14064 ; 0.632208
3.84746 ; 4.85548 ; -0.00428042 ; -0.741721
7.28267 ; 6.72775 ; -0.760259 ; -1.76327
5.55745 ; 4.61202 ; -0.877341 ; -0.939722
4.85876 ; 4.48685 ; 2.69159 ; 2.71905
4.29802 ; 5.02978 ; 1.73515 ; -0.405981
5.20333 ; 6.6548 ; 1.19877 ; -4.01621
6.65877 ; 4.25918 ; -3.12529 ; 1.33704
7.1283 ; 6.37972 ; -0.778453 ; -2.1904
4.10744 ; 6.38618 ; 3.25579 ; -2.17036
6.32507 ; 4.74241 ; -0.548672 ; -0.779607
6.72034 ; 4.52874 ; -0.824154 ; 1.69425
6.39876 ; 3.73486 ; -0.871023 ; 1.39679
4.12897 ; 4.43553 ; 1.8206 ; -0.58788
4.04324 ; 6.43001 ; 0.218133 ; -1.60397
4.52639 ; 3.51072 ; 1.15114 ; 1.94326
5.84269 ; 4.36779 ; -0.308014 ; -0.41105
5.24181 ; 6.46595 ; 2.2136 ; -3.87884
6.17506 ; 4.15147 ; -0.0487307 ; 0.667758
5.99171 ; 6.46967 ; -2.32236 ; -3.56146
6.42303 ; 6.29367 ; -4.25142 ; -3.16677
3.7544 ; 5.07032 ; 2.55741 ; 1.64037
6.35707 ; 6.63949 ; -1.25578 ; -2.62084
5.69309 ; 6.61215 ; 0.79645 ; -2.82725
6.48112 ; 4.17541 ; -0.751686 ; -0.118337
6.21824 ; 3.71004 ; 0.527921 ; 2.04177
7.19561 ; 3.73523 ; -1.24884 ; 0.975913
3.73844 ; 4.38126 ; 2.41405 ; 0.833149
5.23496 ; 6.32494 ; 0.754058 ; -1.2671
5.56369 ; 4.63137 ; -1.04525 ; 0.811415
7.54409 ; 5.9038 ; -0.928842 ; 0.0262636
6.04572 ; 7.19004 ; -1.12744 ; -3.32684
4.61436 ; 4.0224 ; 2.59819 ; 2.03672
4.1041 ; 6.4602 ; 1.10151 ; -0.435027
6.68121 ; 6.84825 ; -3.74617 ; -2.72324
6.86684 ; 6.12125 ; -2.74744 ; 0.376563
5.46671 ; 3.62422 ; -0.205991 ; 1.74598
4.86462 ; 5.37598 ; 0.459496 ; -0.541595
5.97761 ; 7.38908 ; -1.11918 ; -1.16924
6.30021 ; 3.83463 ; -1.38519 ; 2.55819
5.83985 ; 3.81846 ; 0.783523 ; -0.0284535
6.67967 ; 6.37331 ; -2.88281 ; -1.62103
5.70975 ; 3.75903 ; -0.528338 ; 2.4176
7.21263 ; 5.71923 ; -1.58412 ; -0.338233
4.77223 ; 3.58109 ; 1.25563 ; 0.346171
4.80682 ; 6.76801 ; 2.90805 ; -3.37081
4.3536 ; 6.28558 ; 3.00427 ; -1.95573
4.38259 ; 4.37807 ; 3.27479 ; 3.53408
4.65357 ; 4.37433 ; 1.81636 ; 1.56329
7.40281 ; 4.62002 ; -1.13699 ; -0.230162
5.65638 ; 6.11606 ; -1.00278 ; -0.604087
5.82176 ; 4.90656 ; -0.498023 ; -0.369513
4.91136 ; 6.56296 ; 1.77394 ; -0.648883
4.07114 ; 4.38024 ; 2.27607 ; 0.786232
4.1093 ; 5.5791 ; 3.49967 ; -1.54058
6.02562 ; 4.52981 ; -2.18922 ; 2.83015
5.39621 ; 3.75037 ; 0.0258123 ; 1.4749
5.10065 ; 4.6583 ; 1.47948 ; 1.16106
5.665 ; 4.44965 ; 0.497587 ; 1.85608
4.11541 ; 4.57754 ; 0.353254 ; -0.640704
4.49688 ; 3.66908 ; 0.292116 ; 1.63133
5.9875 ; 6.49744 ; -0.172003 ; 0.190768
5.85448 ; 4.143 ; -0.961719 ; 0.0153072
4.73679 ; 3.91652 ; 0.369054 ; 2.93443
5.80778 ; 6.86659 ; 0.707959 ; -2.91875
7.02025 ; 6.61746 ; -0.0228944 ; -2.56024
3.63753 ; 6.2703 ; 0.668662 ; -0.852445
6.45127 ; 4.81187 ; -3.03703 ; 2.5849
5.88027 ; 4.79466 ; 0.868097 ; -0.0986017
6.18923 ; 3.72892 ; 0.585835 ; 0.551223
3.70343 ; 3.89401 ; 1.44898 ; 1.25159
6.22157 ; 6.58618 ; -2.24635 ; -3.31125
5.38623 ; 5.59384 ; 1.22833 ; -1.25635
4.29733 ; 6.20601 ; -0.125135 ; -1.25168
3.70854 ; 7.18075 ; 1.31702 ; -2.04227
5.79487 ; 6.38961 ; -0.715254 ; -1.45318
4.97374 ; 3.9265 ; -0.0184019 ; 3.40858
7.40924 ; 4.58578 ; -1.00882 ; 0.0401557
6.46393 ; 6.96514 ; -0.450321 ; -0.149176
6.91839 ; 5.60181 ; -3.44938 ; 1.58646
6.40806 ; 4.39582 ; -0.379504 ; 0.720613
6.7636 ; 4.37831 ; -3.58134 ; 0.625564
7.04378 ; 5.6155 ; -2.7791 ; -2.12789
6.71646 ; 7.04149 ; -0.445664 ; -0.629688
6.5479 ; 4.26793 ; -1.14695 ; -0.177752
5.41941 ; 7.08048 ; 0.805274 ; -3.145
7.32171 ; 6.39652 ; -1.65322 ; -0.0778087
6.9747 ; 5.02154 ; -1.77417 ; -0.0854808
4.73052 ; 4.04699 ; 2.24037 ; 2.6753
4.27614 ; 4.78045 ; 2.13564 ; 0.0468139
5.9144 ; 4.18342 ; 0.890957 ; 0.924927
7.16606 ; 5.78536 ; -1.33412 ; -1.55317
3.76979 ; 4.87913 ; 2.84658 ; -1.21192
5.05266 ; 6.31085 ; -0.477843 ; -0.696871
5.81708 ; 3.90449 ; -0.911387 ; 1.42055
5.62588 ; 5.8718 ; -0.0642231 ; -0.842146
7.38538 ; 5.81088 ; -0.904245 ; -0.568011
3.88178 ; 6.63636 ; 1.56447 ; -2.53351
4.64513 ; 5.06339 ; 1.55112 ; 1.03292
5.31899 ; 7.2691 ; 0.245386 ; -3.02206
6.57 ; 6.5994 ; -0.898275 ; -4.44584
4.85862 ; 6.05611 ; 0.315835 ; 0.717917
4.56898 ; 6.93353 ; -0.25051 ; -2.88728
7.24089 ; 4.08166 ; -1.08159 ; 0.535683
5.14677 ; 6.96702 ; 2.07036 ; -2.36389
7.32521 ; 4.3405 ; -1.20948 ; 1.17742
4.83434 ; 5.23903 ; -0.864733 ; 0.751817
6.00987 ; 3.56165 ; -1.94952 ; 1.84907
5.5452 ; 6.12733 ; 1.00436 ; 0.680717
6.99369 ; 5.24792 ; 0.135873 ; -1.08714
4.22083 ; 6.61464 ; 1.92274 ; -4.17786
6.82931 ; 4.36368 ; -3.32559 ; 3.06318
4.33556 ; 5.88781 ; 2.82643 ; -2.44209
5.56886 ; 6.67643 ; -0.272894 ; -0.661349
7.03139 ; 4.67137 ; -0.168375 ; -0.397242
4.34692 ; 6.82694 ; 3.13069 ; -0.323853
4.33442 ; 4.98647 ; 2.64912 ; 0.890952
6.49615 ; 3.81284 ; -2.36633 ; 2.03462
6.4573 ; 6.60713 ; 0.0867847 ; -1.49678
6.7204 ; 4.88559 ; 0.326768 ; 0.68307
6.57928 ; 3.89648 ; -2.38889 ; 2.6924
6.62638 ; 4.57974 ; -2.72478 ; 3.09052
6.99621 ; 4.03251 ; -1.16086 ; 3.7583
6.37806 ; 6.73671 ; -1.1859 ; -3.25313
5.62395 ; 7.09941 ; 0.426429 ; -2.21691
3.65948 ; 5.04993 ; 1.79172 ; 0.262036
6.62266 ; 7.1942 ; -2.44972 ; -0.943783
4.13445 ; 5.52177 ; 0.092706 ; -0.194287
4.97147 ; 6.79026 ; -0.378842 ; -3.84974
7.00519 ; 6.67285 ; -3.1399 ; -0.258862
7.01534 ; 6.96695 ; -3.36998 ; -2.86
4.31838 ; 6.67346 ; 2.82414 ; -1.51941
3.72873 ; 6.87356 ; 0.978437 ; -1.36722
4.54775 ; 5.9933 ; 1.64671 ; -1.23008
3.94324 ; 3.77216 ; 3.22287 ; 1.04763
7.35875 ; 4.99051 ; -3.04395 ; -0.696734
7.26398 ; 4.2888 ; -0.0944514 ; -0.125178
4.2959 ; 6.80844 ; 0.17916 ; -3.76798
4.3879 ; 4.11451 ; 4.20946 ; 1.06567
7.02401 ; 3.99341 ; -0.595498 ; 1.88463
4.38651 ; 4.34927 ; 1.85835 ; 0.167386
5.07978 ; 6.39077 ; 1.89015 ; -2.82966
7.05584 ; 6.20812 ; -2.40959 ; 0.549251
4.27651 ; 5.74787 ; 2.37226 ; 0.789438
5.41646 ; 6.63146 ; 1.13123 ; -1.30287
4.75249 ; 5.20518 ; -0.209603 ; -0.335104
4.97918 ; 5.69814 ; 1.31605 ; -0.765262
4.48944 ; 6.33975 ; 1.78056 ; -2.45309
4.58959 ; 5.23699 ; 1.77456 ; 0.361802
5.95369 ; 7.23487 ; 0.490604 ; -0.467344
6.94345 ; 3.88558 ; -3.28924 ; 2.17796
7.08573 ; 7.14406 ; -2.25718 ; -1.66261
4.98209 ; 5.57958 ; 0.668488 ; -1.21952
5.09126 ; 6.6552 ; -1.08532 ; -3.50133
6.17426 ; 7.39464 ; 0.855848 ; -1.99106
6.75864 ; 4.13563 ; 0.299427 ; 2.19501
3.79387 ; 5.88358 ; 2.89827 ; -0.373726
4.62802 ; 7.14056 ; -0.180208 ; -1.49435
4.31533 ; 6.08566 ; 2.64451 ; -0.863259
6.29368 ; 4.6691 ; 0.887561 ; -0.0908863
4.15868 ; 3.99483 ; 1.01456 ; -0.112205
4.06019 ; 5.46781 ; 1.50457 ; -1.17634
4.27882 ; 4.7893 ; 1.20712 ; -0.0924009
4.74158 ; 4.10491 ; 0.0920535 ; 2.70507
6.29725 ; 4.40006 ; -2.18482 ; 3.96788
5.42997 ; 7.26617 ; 0.560934 ; -1.84833
4.72768 ; 5.35014 ; -0.62993 ; 0.401554
6.94165 ; 6.99763 ; -1.84324 ; -3.37814
5.70084 ; 3.38485 ; 1.09679 ; 1.09653
7.00688 ; 4.42052 ; -3.37544 ; 1.05774
5.74751 ; 5.85141 ; 0.537086 ; -0.193732
4.19993 ; 3.60488 ; 0.34874 ; 1.83008
7.03373 ; 5.25478 ; -2.92738 ; -0.892786
6.02694 ; 7.4634 ; -1.68404 ; -1.12278
5.17427 ; 6.45035 ; -1.10752 ; -2.10367
6.51017 ; 4.45432 ; 0.137331 ; -0.467384
6.78 ; 4.21126 ; -1.06213 ; 0.243007
6.05896 ; 6.44545 ; -1.32864 ; -2.66927
5.30334 ; 6.55855 ; 1.89715 ; -3.44986
5.70525 ; 3.64951 ; 0.0384768 ; 1.10145
4.57176 ; 3.64624 ; 1.33125 ; 1.53891
6.85911 ; 4.41355 ; -1.89294 ; 2.33286
4.20373 ; 4.43715 ; 3.32604 ; 3.42902
6.92647 ; 3.80287 ; -0.509918 ; 0.245881
6.28627 ; 6.76235 ; -0.660368 ; -3.56246
5.48342 ; 7.12527 ; 1.26778 ; -0.549246
6.01621 ; 6.76344 ; 0.419078 ; -1.98141
5.34049 ; 4.03187 ; -0.00139574 ; 1.5191
6.84595 ; 5.17304 ; -1.68452 ; 0.771863
4.02821 ; 6.60751 ; 2.91447 ; -0.950902
7.17339 ; 5.49005 ; -0.3903 ; 0.764776
7.33915 ; 5.25243 ; -0.58912 ; -1.19798
4.52753 ; 7.13776 ; 1.1896 ; -3.00604
6.09464 ; 5.6556 ; -0.140047 ; -0.579883
4.04317 ; 6.44461 ; -0.0968505 ; -0.287887
6.79967 ; 4.52087 ; -2.40307 ; -0.542947
6.58737 ; 3.71384 ; -0.986266 ; 1.32542
6.08041 ; 4.04758 ; -0.826288 ; 1.34929
3.67398 ; 5.20696 ; 1.97466 ; -0.461727
7.0511 ; 5.56085 ; 0.340792 ; 0.986531
5.40756 ; 6.82976 ; 0.322716 ; -1.523
6.7842 ; 4.43921 ; -2.49586 ; 1.76527
6.61293 ; 3.78751 ; -0.822451 ; -0.0662446
5.97316 ; 7.28144 ; 0.367757 ; -1.3475
4.17322 ; 6.45389 ; 3.55635 ; -1.4798
5.69946 ; 7.29436 ; 0.813829 ; -1.33933
3.94168 ; 5.9809 ; 1.28219 ; -1.40808
6.97582 ; 5.85771 ; -2.24265 ; -0.739894
4.08778 ; 6.59697 ; 1.11272 ; -1.62516
7.33702 ; 4.57248 ; -0.612558 ; 1.02888
5.21819 ; 3.76631 ; -0.213813 ; 1.66094
7.15662 ; 4.1653 ; -1.79447 ; 2.13688
4.31988 ; 5.41451 ; 0.96803 ; 0.884985
6.53044 ; 4.78734 ; 0.473227 ; -0.778026
5.80892 ; 4.65845 ; -0.584477 ; -0.313382
4.44383 ; 3.50728 ; 1.25694 ; 0.544546
6.82272 ; 4.51528 ; -3.8173 ; 0.774246
3.67536 ; 4.87405 ; 1.99964 ; 1.29821
5.61861 ; 5.38175 ; -0.955675 ; -0.476724
5.55459 ; 6.33242 ; -0.132513 ; -1.52729
4.01705 ; 7.03067 ; 3.28753 ; -1.17776
5.99411 ; 3.8135 ; -0.800182 ; 3.37678
6.78993 ; 6.39526 ; -2.23541 ; -1.91117
5.81939 ; 6.37426 ; 0.937669 ; -1.30154
6.95198 ; 6.14639 ; -0.145703 ; -0.395594
6.99345 ; 3.9198 ; -0.765149 ; 1.67808
5.70496 ; 6.15066 ; 0.724857 ; -0.961285
4.57633 ; 4.70135 ; 1.52217 ; 1.54867
4.90841 ; 4.15615 ; 0.218369 ; 0.900871
6.7295 ; 6.76633 ; -2.17645 ; -1.08867
5.43036 ; 6.65469 ; -0.882629 ; -4.00688
6.30331 ; 3.89862 ; -0.964001 ; 3.32288
5.36347 ; 4.77222 ; -0.817588 ; -0.604416
4.85512 ; 4.26804 ; 0.39813 ; 1.04294
3.8683 ; 5.51439 ; 2.34892 ; 1.22251
7.36095 ; 6.59634 ; -0.997196 ; -0.70057
6.85109 ; 4.31919 ; -3.20059 ; 2.42815
3.60446 ; 4.61468 ; 1.88394 ; 1.24703
4.26355 ; 3.93572 ; 1.38099 ; 3.05556
5.28318 ; 4.13476 ; 0.533221 ; -0.237011
4.42141 ; 6.72754 ; 1.92642 ; -1.19438
4.79474 ; 3.38619 ; -0.460978 ; 0.502084
3.89822 ; 6.41313 ; 2.29316 ; -2.72547
4.5032 ; 6.91765 ; 1.38011 ; -3.84676
6.54827 ; 5.23578 ; -1.28483 ; -0.365028
4.12421 ; 4.85595 ; 1.39455 ; 0.982754
7.27067 ; 5.3033 ; -2.78337 ; 1.79381
6.70007 ; 3.76467 ; -1.86033 ; 2.92515
4.10329 ; 6.67608 ; 1.88741 ; -2.10962
7.15408 ; 4.26692 ; -2.83706 ; 0.388391
7.13458 ; 4.30485 ; -2.59885 ; 2.04423
6.833 ; 4.91376 ; -2.3455 ; 0.93729
7.38181 ; 5.83529 ; -0.127147 ; -1.13698
6.86345 ; 4.24669 ; -3.44016 ; 1.39308
6.24711 ; 6.96343 ; 0.462297 ; -1.01103
5.27179 ; 4.53648 ; -0.552148 ; -0.230726
5.20024 ; 5.71474 ; -0.649677 ; -0.768947
7.17745 ; 6.62435 ; -1.98668 ; -1.94496
3.80702 ; 7.03879 ; 2.28174 ; -2.45024
5.90658 ; 6.1632 ; -1.48515 ; -1.48069
5.19982 ; 6.65459 ; 1.28391 ; -2.39222
4.30113 ; 4.7652 ; 2.10272 ; 0.436951
6.47828 ; 6.87411 ; -1.39363 ; -3.55682
4.71046 ; 5.99245 ; -0.500309 ; -0.618997
5.09971 ; 4.54497 ; -0.129971 ; -0.808268
5.77313 ; 5.4651 ; -0.890769 ; -0.174132
6.62995 ; 6.73057 ; -0.67268 ; -1.14883
4.80842 ; 3.73444 ; -0.00714023 ; -0.0766537
6.50013 ; 4.27879 ; -2.33904 ; 1.97193
5.51558 ; 6.54031 ; -0.525389 ; -0.750583
6.58258 ; 6.83853 ; -1.38466 ; -2.29166
4.81131 ; 7.22494 ; -0.415706 ; -2.06115
6.02017 ; 7.273 ; -0.197841 ; -0.7775
7.01897 ; 4.7896 ; -2.14114 ; 1.17839
5.50608 ; 4.3739 ; -0.81495 ; 0.10011
6.97509 ; 5.88603 ; -2.7433 ; 1.14614
6.36821 ; 4.58854 ; -2.91591 ; 3.89004
3.59855 ; 6.42047 ; 2.0794 ; -1.30006
6.78659 ; 5.4803 ; -0.741455 ; -0.281189
6.42674 ; 6.7063 ; -1.07139 ; -4.0058
4.03768 ; 7.15469 ; 0.754114 ; -2.16549
6.97422 ; 7.00484 ; -0.602328 ; -1.98942
4.9451 ; 7.02822 ; 0.729263 ; -1.5428
7.56261 ; 5.09475 ; -1.17773 ; 1.53121
6.3811 ; 4.53495 ; -0.391045 ; 1.27191
5.85945 ; 6.05676 ; -1.37678 ; -1.34573
3.70646 ; 4.50281 ; 2.42718 ; 0.296337
4.58723 ; 3.78426 ; 1.66839 ; 1.36795
5.53266 ; 6.85702 ; 0.420463 ; -3.82156
7.1162 ; 6.48333 ; -2.16996 ; -0.565788
6.50035 ; 3.49103 ; -0.339091 ; 2.00493
5.71154 ; 6.62564 ; 0.898292 ; 0.421777
4.45412 ; 3.73573 ; 1.00678 ; 1.13292
5.23099 ; 6.81467 ; -0.466398 ; -2.04358
4.07316 ; 4.65137 ; 2.27907 ; -0.536762
6.47885 ; 4.0895 ; -2.23068 ; 1.69666
4.0148 ; 4.15975 ; 3.16534 ; 0.48432
5.35749 ; 3.71025 ; 0.139956 ; 0.47054
4.50297 ; 6.51756 ; -0.234278 ; -2.84932
5.02672 ; 7.13629 ; 1.65613 ; -1.22155
6.7465 ; 6.74072 ; -2.30764 ; -3.28496
7.14832 ; 6.21482 ; -2.1006 ; -3.28553
4.00729 ; 4.71413 ; 3.07312 ; 2.48649
4.21341 ; 4.36883 ; 3.84214 ; -0.102234
4.85586 ; 4.20225 ; 1.41497 ; 3.58732
5.18972 ; 6.34693 ; 2.66665 ; -3.7044
7.20584 ; 6.63547 ; -0.563701 ; -2.56
3.66775 ; 6.06667 ; 1.16237 ; -2.03213
6.57417 ; 3.91023 ; -1.26157 ; 1.29643
7.1167 ; 7.26935 ; -0.34322 ; -0.992709
4.4901 ; 3.76211 ; 2.13588 ; 1.21961
6.10557 ; 4.57251 ; 0.89299 ; 1.16152
7.18073 ; 5.01151 ; -0.715716 ; 0.506601
6.4354 ; 4.09612 ; 0.40478 ; -0.456679
5.07348 ; 5.2337 ; -0.329615 ; 0.234157
4.75202 ; 4.45418 ; 4.34488 ; 3.12254
4.33535 ; 4.70928 ; -0.483445 ; 0.861646
6.30516 ; 4.79128 ; -1.55331 ; -0.696186
7.08629 ; 3.95051 ; -0.553408 ; 2.12821
6.52002 ; 5.73398 ; -0.892651 ; -1.19756
3.6729 ; 5.4447 ; 2.72681 ; 0.627857
5.53158 ; 3.98213 ; -0.482118 ; 3.48617
3.86897 ; 4.61593 ; 2.10197 ; 2.25716
6.94218 ; 4.87363 ; -2.61823 ; 1.79456
4.72473 ; 6.76008 ; 2.13664 ; 0.102343
4.41219 ; 3.99865 ; 0.565998 ; 2.94658
6.75099 ; 6.19873 ; -0.203608 ; -0.765345
4.41397 ; 5.71852 ; 1.06698 ; 0.170139
7.2946 ; 5.96913 ; -0.301526 ; 0.71318
4.05423 ; 4.48014 ; 1.97098 ; 0.678756
3.86849 ; 5.62629 ; 1.3946 ; -1.48785
4.86017 ; 6.88425 ; 1.12869 ; -1.05514
5.65466 ; 7.08982 ; -0.936004 ; -0.769321
3.79281 ; 6.71379 ; 1.65093 ; -2.14268
4.78695 ; 4.54131 ; 1.08634 ; 0.937994
4.37356 ; 4.64682 ; 4.24726 ; 1.45925
6.44153 ; 7.40944 ; -0.525929 ; -2.29028
5.07171 ; 4.19084 ; 2.17483 ; 3.04825
6.17318 ; 5.19204 ; -0.309772 ; -0.670491
4.30034 ; 4.97232 ; 1.23583 ; 0.957287
4.89245 ; 5.00992 ; 1.35711 ; 0.421714
6.18083 ; 4.29828 ; 0.934172 ; 1.08621
6.53623 ; 3.63795 ; -0.120568 ; 2.76831
4.2257 ; 4.61932 ; 3.70132 ; 1.77475
3.94741 ; 4.80178 ; 2.96761 ; -0.466922
4.24154 ; 5.65561 ; 2.39144 ; -1.33466
4.40798 ; 6.64575 ; 2.31712 ; -1.49635
5.68794 ; 5.82924 ; 0.372525 ; -0.0202021
4.23598 ; 4.70636 ; 0.519323 ; -0.756103
4.38141 ; 3.74904 ; 1.21738 ; 1.96324
4.52226 ; 5.53637 ; 0.0934968 ; -0.369012
5.63042 ; 4.18532 ; -1.09011 ; 0.606822
3.66551 ; 5.66087 ; 0.77672 ; 0.811199
6.10752 ; 4.24492 ; -1.80326 ; 3.75001
6.69616 ; 7.01339 ; -0.643299 ; -1.59033
7.28269 ; 6.87835 ; -3.31289 ; -0.976725
5.23534 ; 7.4874 ; 1.05196 ; -1.19561
4.43753 ; 6.14683 ; -0.502861 ; 0.169696
4.40292 ; 7.00214 ; 0.438426 ; -2.79551
7.16689 ; 6.34665 ; -0.783547 ; -0.264517
4.04285 ; 4.28856 ; 3.39246 ; 1.87274
4.1256 ; 7.03438 ; 1.76456 ; -0.764732
4.9784 ; 3.72716 ; 1.06311 ; 1.8868
4.61337 ; 3.6968 ; 2.00195 ; 2.75284
5.54489 ; 4.62321 ; -0.307119 ; -0.602228
6.05628 ; 3.80782 ; -2.03245 ; 1.70022
6.6136 ; 5.61531 ; -1.40896 ; -1.37834
6.00766 ; 3.70226 ; 0.12827 ; 0.845829
4.34322 ; 4.60869 ; 3.21317 ; 2.57343
5.86907 ; 5.48925 ; 1.04695 ; 0.477691
6.47735 ; 6.32512 ; 0.455783 ; -0.977379
3.81284 ; 5.96223 ; 2.0059 ; -2.54539
7.29599 ; 4.70681 ; -0.818208 ; 1.30282
7.02368 ; 4.2021 ; -2.2056 ; 3.11285
4.27082 ; 5.10129 ; 0.105038 ; -0.96796
5.07414 ; 4.72426 ; -0.936092 ; 0.358636
4.46548 ; 3.75785 ; 0.632145 ; 0.340742
4.09464 ; 4.21852 ; 0.985988 ; 2.23164
6.8272 ; 4.93242 ; -3.38807 ; 3.02053
6.61071 ; 6.30527 ; -3.53884 ; -3.78548
5.47921 ; 7.23079 ; 1.57792 ; -2.81783
5.72702 ; 6.84224 ; 0.975674 ; -2.72922
7.06561 ; 5.61374 ; -1.2652 ; -0.702611
6.33027 ; 7.14551 ; -1.77791 ; -2.31481
6.78835 ; 4.06357 ; -3.06412 ; 2.44217
6.28772 ; 6.74917 ; 0.465649 ; -0.497952
3.98754 ; 4.37122 ; 2.97113 ; 1.13794
5.54678 ; 6.23381 ; -0.235906 ; -1.96395
4.50895 ; 4.3206 ; 3.18368 ; 3.13656
4.23135 ; 3.55046 ; 0.652712 ; 1.78813
5.57819 ; 3.64825 ; 0.329969 ; 1.99493
4.04522 ; 6.05611 ; 2.71541 ; -1.48732
7.60957 ; 5.9097 ; -0.872553 ; -0.418429
6.58806 ; 6.61263 ; -1.09261 ; -3.58922
6.8008 ; 4.30794 ; -1.83194 ; 3.24779
7.03025 ; 7.2075 ; -2.5681 ; -1.62697
4.37139 ; 4.94515 ; 2.36079 ; -0.936815
4.73813 ; 5.3249 ; 1.04316 ; -0.925657
6.70733 ; 6.01709 ; -1.73536 ; -0.603717
3.81756 ; 3.97702 ; 0.665159 ; 1.18398
5.73855 ; 3.86418 ; 1.04538 ; 1.5383
3.82978 ; 3.96755 ; 1.77851 ; 0.372903
5.98769 ; 3.89828 ; -0.226714 ; 1.46139
7.31461 ; 5.78117 ; -1.33081 ; -0.535187
5.27853 ; 7.05439 ; 1.25265 ; -0.605112
5.09084 ; 6.48495 ; 0.329609 ; -1.79359
5.57407 ; 4.90131 ; 0.61606 ; 0.247841
5.28673 ; 6.91405 ; 0.247106 ; -0.85361
5.09846 ; 4.15349 ; -0.471765 ; 2.12714
3.68819 ; 5.36136 ; 1.69114 ; -0.0723956
4.93134 ; 3.49799 ; -0.402635 ; 2.56256
7.37854 ; 6.25819 ; -0.517349 ; 0.371965
