5.42229 ; 3.79013 ; -0.715235 ; 0.22208
6.80497 ; 5.92924 ; -2.55527 ; 0.055183
6.12715 ; 5.28264 ; -1.74818 ; 0.239982
5.40786 ; 4.56252 ; 2.49933 ; 3.1008
5.12919 ; 4.39884 ; 0.0559983 ; -0.791618
4.74418 ; 5.23928 ; 3.40811 ; 2.29496
5.10338 ; 5.01713 ; -0.705988 ; -0.441704
5.21683 ; 6.5726 ; -0.574263 ; 0.0545722
7.22144 ; 5.8158 ; -1.50972 ; 0.652518
6.93613 ; 6.41769 ; -2.2218 ; -2.54646
6.56707 ; 4.30275 ; -2.16049 ; 0.00686471
6.6449 ; 4.74978 ; -0.241234 ; -0.753972
3.96718 ; 4.21953 ; 1.87794 ; 0.49038
4.04598 ; 5.32112 ; 0.902553 ; 1.26339
6.79521 ; 4.73077 ; -0.844601 ; 0.766543
6.88968 ; 6.13365 ; -0.434011 ; -2.08658
4.83853 ; 4.14101 ; 1.68197 ; 1.00198
6.6747 ; 6.27441 ; -3.8529 ; -1.22425
5.1834 ; 4.87757 ; -0.027364 ; 0.0135557
4.31053 ; 5.30884 ; 0.825515 ; -0.895174
6.07174 ; 6.00605 ; -2.48242 ; -3.21802
4.56836 ; 6.55544 ; 4.20445 ; -2.69474
5.92032 ; 6.80289 ; -0.956796 ; -3.91519
7.00914 ; 5.05442 ; -0.111893 ; -0.782757
4.70608 ; 6.94005 ; 0.976336 ; -3.16608
6.94962 ; 6.06676 ; -1.34955 ; 0.173084
4.96166 ; 5.58082 ; 0.311522 ; 0.905323
4.31071 ; 5.48953 ; 0.0168938 ; 0.26445
4.71355 ; 4.69593 ; 4.29954 ; 3.60721
6.22537 ; 3.81675 ; -0.0743817 ; 0.348095
6.90884 ; 5.194 ; -2.39029 ; -0.681666
5.09187 ; 4.12169 ; -0.0673884 ; 2.10745
7.04543 ; 6.2992 ; -2.13139 ; -1.89941
6.49106 ; 6.16254 ; -4.34573 ; -0.560301
3.75363 ; 4.20397 ; 1.94564 ; 0.905762
6.87726 ; 4.01886 ; -2.43935 ; 2.37149
4.6731 ; 3.80494 ; 0.818925 ; 1.34572
4.67183 ; 4.11398 ; 1.3958 ; 2.29697
4.34877 ; 6.5977 ; 1.90113 ; -4.00151
3.8201 ; 6.31204 ; 1.3583 ; -0.272867
5.80093 ; 6.48596 ; 0.338185 ; -0.109616
5.42461 ; 6.31685 ; 0.564873 ; -4.51059
6.68421 ; 6.00226 ; 0.0502976 ; 0.312312
6.05364 ; 4.47443 ; 0.456926 ; 1.56546
4.58456 ; 4.75015 ; 3.17186 ; -0.142726
5.39693 ; 4.80743 ; 0.770753 ; 1.4705
6.43574 ; 4.30865 ; -4.19172 ; 1.9951
5.01238 ; 5.33958 ; 1.85458 ; 0.244944
4.25545 ; 4.68195 ; 1.8576 ; 0.527265
6.63291 ; 4.91649 ; -3.43678 ; 2.65787
4.48473 ; 3.73563 ; 1.55584 ; 1.83007
6.47589 ; 4.33915 ; -3.29203 ; 3.37624
5.01247 ; 4.22494 ; 1.79197 ; 2.24726
4.76931 ; 5.91561 ; 3.51772 ; -2.12001
4.87229 ; 4.42023 ; 0.247424 ; 0.514236
4.48099 ; 4.55848 ; 2.13086 ; -0.560844
6.9566 ; 5.4958 ; -3.78684 ; 0.622817
3.97937 ; 5.82687 ; 2.26947 ; -2.21231
6.96893 ; 4.92594 ; -3.51801 ; 1.80171
7.03492 ; 7.05247 ; -1.94931 ; -2.7137
4.12858 ; 5.73171 ; 0.406297 ; 0.527863
5.28101 ; 4.63349 ; 1.91621 ; 2.19607
4.20705 ; 6.48862 ; 2.06567 ; -3.54071
7.21551 ; 5.23071 ; -1.3377 ; 0.722118
6.33339 ; 5.83967 ; -3.47924 ; -4.45392
4.49881 ; 6.24657 ; 0.804501 ; -4.68035
7.07051 ; 4.0656 ; -2.63962 ; 1.34264
6.04654 ; 4.37391 ; -0.900858 ; 3.22119
4.05081 ; 3.85007 ; 1.71609 ; 2.74519
4.34761 ; 4.58112 ; 3.32817 ; 0.0975933
7.29016 ; 5.18208 ; -1.2171 ; 0.804001
4.42464 ; 3.7216 ; 0.515933 ; 2.00595
6.71898 ; 3.97193 ; -2.12804 ; 2.79262
4.26987 ; 4.18955 ; 0.992179 ; 0.224878
4.32673 ; 5.78045 ; 2.78343 ; -0.732123
6.03808 ; 6.43742 ; -1.83479 ; -4.43396
6.39467 ; 3.99497 ; -2.66922 ; 1.3868
6.95641 ; 4.88053 ; -2.254 ; 0.64179
5.45923 ; 4.0017 ; -0.354916 ; 2.95742
5.18368 ; 7.10507 ; -0.444724 ; -2.57197
6.52804 ; 4.45684 ; -3.62073 ; 0.282543
6.09864 ; 5.16988 ; -1.71009 ; -1.43234
4.25437 ; 5.48481 ; 2.29476 ; -1.06151
4.12691 ; 4.16761 ; 2.64217 ; 2.63775
6.5363 ; 5.92566 ; -2.94712 ; -1.53227
6.50592 ; 3.97784 ; -0.568251 ; 1.85165
7.27838 ; 5.22969 ; -2.27241 ; -1.24084
5.79156 ; 5.23027 ; -0.695834 ; -0.384291
6.64341 ; 4.28871 ; -1.45661 ; -0.0712529
5.07661 ; 5.68991 ; 2.48235 ; -2.2418
3.97634 ; 5.93141 ; 2.31413 ; -3.07368
5.63681 ; 3.9305 ; 0.126062 ; 1.36623
5.33716 ; 5.094 ; -0.509858 ; 0.812969
5.07337 ; 4.18953 ; -0.375554 ; 3.53725
6.42695 ; 5.95913 ; -0.142708 ; 0.805043
6.28859 ; 5.77229 ; -3.31008 ; -2.22363
3.76297 ; 6.68707 ; 1.28146 ; -0.614115
5.09272 ; 5.94174 ; 1.4327 ; -0.110334
6.85079 ; 4.77357 ; -0.509811 ; 2.13072
5.50511 ; 5.9643 ; -1.42182 ; -1.86398
4.25463 ; 5.73422 ; 3.00514 ; -2.4873
7.14443 ; 4.76861 ; -2.35752 ; 2.02404
5.94696 ; 5.49388 ; -0.363831 ; 0.294379
7.18814 ; 5.99536 ; -2.70739 ; -0.476839
4.32381 ; 6.97735 ; 2.23235 ; -1.05839
4.3127 ; 4.19457 ; 2.35621 ; 3.93293
5.85815 ; 4.51891 ; -0.464721 ; -0.10481
5.82284 ; 6.98429 ; 1.15874 ; -2.0568
5.3513 ; 6.66045 ; -0.10007 ; -1.66083
6.30505 ; 7.02946 ; -2.1269 ; -1.20314
7.07231 ; 5.24878 ; -2.2878 ; -0.212052
4.38212 ; 6.59116 ; 0.833884 ; -1.81045
6.37103 ; 6.99279 ; -2.97988 ; -1.97165
5.59011 ; 3.57548 ; -0.567304 ; 2.34436
4.23679 ; 5.90198 ; 0.661844 ; -2.3319
6.96939 ; 6.99978 ; -2.11193 ; -2.09565
6.88298 ; 4.16332 ; -2.38983 ; 3.26434
5.85269 ; 3.54377 ; 0.88664 ; 1.68205
5.46448 ; 6.88633 ; -0.865134 ; -0.311107
5.21684 ; 6.86968 ; 2.06619 ; -1.60343
6.49532 ; 6.57258 ; -1.29451 ; -4.22046
3.81894 ; 6.13014 ; 1.4822 ; -1.17946
6.86149 ; 6.3711 ; -0.296935 ; -1.03174
5.00276 ; 4.0624 ; 0.408863 ; -0.212862
4.18277 ; 7.07404 ; 1.11193 ; -1.05026
5.6954 ; 6.1111 ; 1.12009 ; -0.569153
5.20617 ; 5.43041 ; -0.402051 ; -1.22578
4.73533 ; 4.27033 ; 3.36418 ; 3.75327
3.9272 ; 6.24988 ; 3.04423 ; 0.0848276
4.53638 ; 4.79117 ; 1.91857 ; -0.575617
7.00741 ; 5.07408 ; -3.34085 ; 1.30709
5.08164 ; 6.85348 ; -0.685729 ; -0.851475
4.19862 ; 5.57985 ; 3.14661 ; -2.28006
6.21732 ; 6.88119 ; 0.609785 ; -3.15241
6.37687 ; 5.55078 ; -0.971959 ; 0.363871
6.6638 ; 3.54537 ; -0.374788 ; 1.71831
4.2422 ; 6.69268 ; 3.16543 ; -2.58548
6.34591 ; 6.47043 ; -1.21952 ; -3.79833
6.19641 ; 6.75137 ; -1.5842 ; -3.53549
4.93726 ; 6.27434 ; -1.01454 ; -2.76766
6.2514 ; 3.75415 ; -1.78663 ; 1.43367
5.01842 ; 6.41699 ; -0.712122 ; -4.13798
7.06111 ; 6.9158 ; -1.07781 ; -2.15224
5.34022 ; 6.73825 ; -0.434288 ; -1.01634
5.348 ; 3.90772 ; -0.825912 ; 2.78157
6.54477 ; 4.70912 ; -3.97531 ; 0.19943
4.61309 ; 6.24175 ; 0.724416 ; -3.20152
4.60286 ; 7.16121 ; 2.36042 ; -2.45766
4.49944 ; 5.92274 ; 3.78905 ; 0.546312
4.9434 ; 4.27302 ; 4.57799 ; 2.93788
4.42417 ; 3.57795 ; 0.936438 ; 1.24028
5.78562 ; 3.57247 ; -0.608369 ; 0.98631
4.54169 ; 5.01536 ; 3.56161 ; 3.0734
6.43906 ; 5.05808 ; -0.353896 ; 0.0392999
6.35659 ; 6.16985 ; -2.50188 ; -1.99085
5.20751 ; 5.95922 ; -0.94284 ; -1.58162
6.17946 ; 5.63444 ; 0.243675 ; -0.0526095
6.35613 ; 4.20264 ; -1.10793 ; 1.37058
6.30699 ; 4.55134 ; -4.34478 ; 1.73825
5.08667 ; 3.6415 ; 2.20408 ; 1.47647
6.61912 ; 6.3368 ; -2.42349 ; -4.51909
4.02842 ; 5.80159 ; 3.12509 ; -0.30075
5.22827 ; 4.06561 ; -0.602533 ; 0.546996
7.04611 ; 7.08843 ; -1.58541 ; -2.8895
6.42796 ; 6.18443 ; -1.0325 ; -2.64115
4.56792 ; 5.20135 ; 0.525582 ; -0.32794
6.37717 ; 6.89627 ; 0.530483 ; -0.24959
4.43027 ; 6.45511 ; 1.48518 ; -4.5624
5.01897 ; 4.21617 ; -0.747068 ; -0.554096
6.8713 ; 6.09746 ; 0.121035 ; 0.284579
6.5971 ; 6.43511 ; -0.0518173 ; -3.48519
6.5638 ; 6.01908 ; -3.49455 ; -2.83991
6.45073 ; 4.65025 ; -1.16192 ; 1.81499
6.32082 ; 4.78798 ; -0.964453 ; 0.510333
5.77981 ; 5.59496 ; -1.34668 ; -1.76717
5.29453 ; 4.52018 ; 0.484399 ; 1.24719
4.36107 ; 3.64598 ; 0.957167 ; 2.37744
4.9469 ; 6.31802 ; 2.90479 ; -2.6826
4.28719 ; 5.41277 ; 1.54359 ; 0.219851
5.08098 ; 6.62726 ; 0.422456 ; -0.937609
5.95852 ; 5.7103 ; 0.356444 ; -1.38116
4.0531 ; 5.95672 ; 3.82331 ; 0.607681
6.79685 ; 3.73496 ; -1.70554 ; 1.64061
6.81802 ; 3.95698 ; -3.50403 ; 2.56441
5.85264 ; 4.33869 ; -1.15423 ; 1.54885
4.90764 ; 5.53104 ; 1.3706 ; -0.335613
4.99367 ; 3.72543 ; 1.66346 ; 1.62434
5.6978 ; 6.55133 ; 0.865997 ; -2.6851
4.53844 ; 4.13026 ; 2.33169 ; 2.12454
6.83744 ; 4.02556 ; -1.33534 ; 3.59881
6.58576 ; 6.42621 ; -0.0856561 ; -3.83482
6.0096 ; 5.47471 ; -0.747318 ; -1.05199
4.08034 ; 4.3869 ; 3.48007 ; 1.31252
6.58999 ; 3.67452 ; -1.94487 ; 1.63276
4.62632 ; 3.90462 ; 2.31016 ; 0.325785
4.39115 ; 3.62943 ; 0.832399 ; 2.34105
6.65002 ; 4.80989 ; -4.13244 ; 2.16559
6.72311 ; 5.89835 ; -4.00603 ; 0.0131606
5.31107 ; 6.74586 ; 2.60513 ; -3.53669
4.74144 ; 4.06818 ; 4.53903 ; 2.24296
5.94475 ; 5.23704 ; -4.17494 ; 3.7399
4.36253 ; 6.00552 ; 3.53833 ; -3.65663
5.4845 ; 3.8228 ; 1.22952 ; 0.215319
7.21232 ; 6.29692 ; -0.990417 ; -2.8103
4.42126 ; 4.33233 ; 3.69975 ; 3.8583
5.41712 ; 3.81669 ; 1.58573 ; 2.71159
4.74613 ; 5.8823 ; 4.1793 ; -3.50457
5.13422 ; 6.16248 ; 1.17497 ; -2.85871
4.67754 ; 4.72188 ; -0.019286 ; -0.903739
4.55377 ; 4.27266 ; 1.01126 ; -0.213808
6.98514 ; 4.92795 ; -2.7035 ; 2.87234
5.92886 ; 4.35727 ; -0.589035 ; 0.717821
6.88052 ; 5.77583 ; -1.43009 ; 1.09221
6.23137 ; 4.02038 ; -1.52592 ; 1.03656
5.32442 ; 6.07904 ; 0.81498 ; 0.256373
3.64681 ; 5.26689 ; 1.51351 ; 0.688378
3.85111 ; 5.0706 ; 2.50847 ; 2.39637
4.31046 ; 6.25383 ; 2.48094 ; -4.14793
4.43769 ; 4.19211 ; 3.41666 ; 3.35415
5.15954 ; 4.17134 ; 1.31797 ; 2.32609
4.42547 ; 4.08383 ; 3.24228 ; 3.04661
7.1402 ; 6.35778 ; -0.864021 ; -2.86316
6.03461 ; 4.34021 ; -3.09748 ; 2.75412
7.0525 ; 3.85313 ; -0.922718 ; 2.12318
6.72775 ; 6.0517 ; -2.78262 ; -1.24748
7.07756 ; 4.04057 ; -1.72123 ; 2.88238
6.7597 ; 4.15037 ; -0.66226 ; 3.88341
4.02696 ; 6.62966 ; 2.53065 ; -1.87736
6.81324 ; 5.19102 ; -2.66205 ; 0.599653
6.5956 ; 6.54579 ; -0.807329 ; -3.94816
4.22702 ; 7.02309 ; 0.14447 ; -1.2255
4.05667 ; 6.20751 ; 2.90848 ; -0.531109
4.21808 ; 6.70174 ; 1.72946 ; -1.12794
6.25146 ; 5.14126 ; -0.648965 ; 1.41721
3.91194 ; 6.32079 ; 2.3521 ; -0.782879
4.11795 ; 5.96015 ; 1.70307 ; -0.726033
4.932 ; 6.41428 ; 3.10562 ; -3.33423
4.37044 ; 6.74143 ; 0.818323 ; -4.19613
4.89516 ; 6.28373 ; 0.54353 ; -2.9374
4.72086 ; 4.44331 ; 1.46994 ; 4.12417
5.99502 ; 4.6995 ; -3.03606 ; 3.53612
6.18806 ; 4.95398 ; 0.7388 ; -0.479127
6.48645 ; 5.59294 ; -3.14506 ; -1.65523
4.65796 ; 6.57465 ; 0.0715772 ; -1.36218
5.1453 ; 3.97502 ; 0.319502 ; 3.68807
4.68172 ; 5.51049 ; 1.99577 ; -1.39007
4.76103 ; 7.2735 ; -0.578492 ; -1.31027
4.61365 ; 6.86867 ; 2.99583 ; -3.07671
6.29056 ; 5.24281 ; -3.78558 ; 2.37765
5.13743 ; 4.80053 ; 0.999336 ; -0.00468361
6.54663 ; 7.1435 ; -0.860422 ; -2.1525
4.93515 ; 7.03945 ; 0.523025 ; -3.35804
4.90892 ; 7.05161 ; 2.64909 ; -2.93307
6.37752 ; 5.6668 ; -0.295527 ; -1.19443
4.55368 ; 6.43675 ; 0.448006 ; -2.07343
4.6029 ; 5.6857 ; -0.378871 ; -1.48043
4.68654 ; 5.54381 ; 4.35501 ; -2.02808
3.96307 ; 4.64683 ; 1.85364 ; 0.137691
4.45416 ; 6.7154 ; 2.04471 ; -1.21573
4.22454 ; 6.35442 ; 3.79064 ; -0.349896
6.62795 ; 6.2778 ; -1.13926 ; -3.3842
6.9224 ; 5.1924 ; -1.9038 ; -0.128885
6.92125 ; 4.80799 ; -2.69691 ; 1.92145
4.994 ; 7.01042 ; 2.78578 ; -2.68537
6.5292 ; 6.32564 ; -3.97288 ; -2.33549
7.01477 ; 6.86783 ; -1.59295 ; -3.01995
6.21724 ; 6.34636 ; -0.884528 ; -3.51308
6.15472 ; 4.60931 ; -2.84544 ; 2.91147
4.73518 ; 5.39627 ; 4.23577 ; 2.58617
5.92708 ; 3.90029 ; 0.659916 ; 2.23985
6.04531 ; 3.53529 ; -0.487335 ; 1.97393
4.08666 ; 4.52262 ; 0.786348 ; 1.0116
5.26677 ; 6.36465 ; 1.53577 ; -4.52169
6.88921 ; 5.00417 ; -3.11363 ; 2.77942
6.94091 ; 5.83384 ; -0.586504 ; -1.76746
3.90317 ; 6.92444 ; 1.78665 ; -2.89436
4.29375 ; 3.85218 ; 0.53471 ; 3.26047
5.03305 ; 4.54757 ; 0.230735 ; 0.805055
5.5397 ; 6.45615 ; 1.18321 ; -0.49579
5.10576 ; 4.28004 ; -0.0365393 ; 1.39219
5.84078 ; 5.14926 ; -1.03737 ; -0.57069
4.84825 ; 4.74357 ; 3.88469 ; 4.24381
4.05823 ; 4.32553 ; 2.15339 ; 3.43031
4.66006 ; 4.43787 ; -0.206633 ; -0.533214
6.69565 ; 4.82487 ; -3.33406 ; 0.86446
4.60755 ; 5.04002 ; 1.41782 ; 0.592496
6.63336 ; 5.0808 ; -2.14306 ; 0.672037
6.86259 ; 5.86333 ; -0.210624 ; -1.81456
5.90925 ; 6.34192 ; 0.878325 ; 0.299582
5.4544 ; 6.22617 ; 1.10668 ; -1.06231
6.83033 ; 5.43839 ; -3.18375 ; -0.299403
6.52628 ; 3.90258 ; -0.0865468 ; 2.75165
6.38881 ; 5.53877 ; -3.84406 ; 1.5937
6.2356 ; 4.72312 ; -3.41243 ; 3.45984
4.79282 ; 4.43147 ; 3.3209 ; 2.69847
5.58136 ; 6.87648 ; -0.692024 ; -3.98327
4.85493 ; 5.54818 ; 0.894833 ; 0.239056
4.56277 ; 4.63148 ; 3.62089 ; 3.52114
5.3549 ; 6.32286 ; -0.680133 ; -3.53849
6.52494 ; 4.07393 ; -0.0835978 ; -0.303127
5.72677 ; 6.07479 ; -3.01348 ; -3.86776
5.42389 ; 5.64721 ; 1.24237 ; -1.59425
4.63026 ; 5.29243 ; 4.3892 ; -0.00781654
5.7556 ; 4.13396 ; 0.20687 ; 0.715197
6.96181 ; 4.72889 ; -2.81024 ; 2.76936
5.02485 ; 6.73251 ; -0.159231 ; -1.54901
6.06607 ; 3.99212 ; -1.31404 ; 2.77252
4.4033 ; 5.84767 ; 3.08029 ; -3.60138
7.3831 ; 5.13488 ; -1.44858 ; 2.06808
6.33323 ; 6.42391 ; -4.50281 ; -1.34709
4.22458 ; 4.8806 ; 3.49181 ; -0.381646
5.75574 ; 4.3341 ; 0.231966 ; 4.12406
4.82101 ; 6.8153 ; -0.214893 ; -3.47175
7.15488 ; 5.60945 ; -1.15755 ; -0.169421
4.6468 ; 5.08317 ; 2.4678 ; -0.358519
5.22766 ; 4.65128 ; 0.704655 ; 1.12878
5.10074 ; 4.33745 ; -0.00686042 ; 0.0854558
6.3359 ; 6.50833 ; -2.60732 ; 0.221131
6.27621 ; 7.00934 ; 0.515565 ; -0.937785
7.11509 ; 6.83824 ; -1.22631 ; -2.12263
6.95365 ; 4.50402 ; -0.0427166 ; -0.158694
6.38272 ; 6.03439 ; -3.70876 ; -3.35581
4.59956 ; 6.26631 ; 4.11068 ; -2.91004
4.81769 ; 7.08347 ; 2.23798 ; -2.66228
6.46915 ; 5.3863 ; -3.74027 ; 1.56248
4.05594 ; 5.93197 ; 1.53854 ; 0.366687
6.59611 ; 6.48823 ; 0.279654 ; -1.09224
4.74002 ; 4.84136 ; 1.602 ; -0.560865
4.36791 ; 5.4776 ; 3.75211 ; -0.0468863
4.76759 ; 4.19923 ; 1.40973 ; -0.112647
4.27796 ; 5.75031 ; 3.80344 ; -1.68644
5.7462 ; 3.86997 ; -1.23723 ; 2.94471
4.47826 ; 4.91624 ; 2.45835 ; 2.44994
6.74886 ; 6.40142 ; 0.237852 ; -1.92055
3.81043 ; 6.01382 ; 2.53463 ; -0.461396
6.08438 ; 5.27633 ; -0.275426 ; -1.38879
6.64385 ; 6.15438 ; -0.802918 ; -0.067841
4.10248 ; 4.13734 ; 2.71159 ; 0.0343805
6.80379 ; 4.32358 ; -3.37189 ; 2.91023
4.28067 ; 4.44125 ; 4.13148 ; 2.24051
6.64883 ; 6.29187 ; -0.902607 ; -1.32939
6.69199 ; 5.54518 ; -1.73885 ; 1.07766
6.6201 ; 4.53473 ; -2.21742 ; 2.19369
4.76498 ; 7.01212 ; 0.715796 ; -2.79229
5.11392 ; 4.38084 ; -0.836128 ; 0.893746
7.03761 ; 4.26363 ; -2.32609 ; 0.40787
4.40639 ; 6.11656 ; 0.395146 ; -2.5157
4.15822 ; 4.24052 ; 2.77153 ; 3.9797
4.24815 ; 5.33187 ; 3.62011 ; 1.92672
6.89681 ; 6.18545 ; -1.60006 ; -3.52153
5.1859 ; 5.84343 ; 3.00054 ; -3.21896
5.91865 ; 6.12829 ; -2.48929 ; -4.15919
5.00143 ; 3.52775 ; -0.315587 ; 0.70905
3.77191 ; 4.00302 ; 1.11147 ; 0.371328
5.62179 ; 6.92239 ; 1.55166 ; -1.03733
7.04545 ; 5.70373 ; -1.11926 ; -2.12672
6.58596 ; 4.41967 ; -2.19514 ; 2.05445
5.25385 ; 6.45591 ; -0.489787 ; -2.59017
6.40287 ; 4.29819 ; -1.76254 ; 3.09012
5.57467 ; 4.09197 ; -0.785861 ; 0.419659
6.0754 ; 5.63461 ; -0.916921 ; -0.0322531
3.72344 ; 4.15988 ; 1.14906 ; 0.146181
3.9658 ; 6.92326 ; 2.81496 ; -1.325
7.04614 ; 4.50841 ; -2.54232 ; 1.45319
4.87501 ; 6.20989 ; 1.7906 ; -2.18286
6.86179 ; 6.05174 ; -2.62362 ; 0.283774
4.60175 ; 4.20168 ; 4.04561 ; 1.32875
4.75517 ; 4.36478 ; 2.63814 ; 2.36697
4.20393 ; 6.10569 ; 2.32343 ; -1.18358
5.63482 ; 4.26571 ; 0.715074 ; 3.24131
4.11549 ; 5.38048 ; 3.87117 ; -1.13284
4.97158 ; 4.49086 ; 3.67516 ; 2.59874
6.6884 ; 6.56275 ; -0.0781707 ; -3.55814
4.87064 ; 3.91331 ; 0.133233 ; 0.468373
5.90762 ; 7.08482 ; -0.254905 ; -1.41148
3.7934 ; 5.11043 ; 1.35462 ; 1.99569
5.02707 ; 6.71606 ; 1.7521 ; -1.63015
6.21597 ; 4.34676 ; -3.33959 ; 3.45698
4.93333 ; 5.771 ; 1.38835 ; 0.485788
4.54383 ; 6.59652 ; 1.10577 ; -0.756518
4.03254 ; 5.62922 ; 2.32132 ; -2.05292
5.35534 ; 4.24806 ; 1.45806 ; -0.443672
4.35526 ; 4.07811 ; 3.08533 ; 0.841692
5.59434 ; 6.35407 ; 1.44735 ; -0.164072
4.72133 ; 5.02032 ; 1.37224 ; 1.20558
6.86263 ; 6.65154 ; -3.1441 ; -2.31804
6.83137 ; 4.29427 ; -3.63081 ; 2.08354
6.22692 ; 6.58533 ; -2.36389 ; -2.84186
6.62085 ; 6.56466 ; -0.0949458 ; -3.99238
4.7546 ; 4.6402 ; -0.0790083 ; 1.27682
6.43855 ; 7.14516 ; -2.94844 ; -2.31205
4.03982 ; 5.8797 ; 2.5406 ; -2.96939
7.00931 ; 3.95144 ; -1.19064 ; 2.7055
3.83225 ; 5.74882 ; 1.07385 ; -2.2529
4.57944 ; 4.74236 ; 1.37113 ; 1.11524
7.19335 ; 6.27623 ; -2.78968 ; -2.0127
6.43026 ; 4.04137 ; -0.492569 ; 0.472638
7.27572 ; 5.99561 ; -1.45484 ; 0.199182
4.79099 ; 4.84636 ; -0.496003 ; -0.803508
4.97568 ; 6.34597 ; -0.423268 ; -3.87734
4.68476 ; 4.01732 ; 3.48724 ; 2.56528
4.57933 ; 5.08356 ; 2.83201 ; -0.874398
6.65539 ; 7.14728 ; -1.13141 ; -1.72474
4.04157 ; 5.05317 ; 3.74235 ; -0.0592483
3.99113 ; 4.72755 ; 1.53688 ; -0.939244
4.48808 ; 3.81842 ; 2.85488 ; 1.0581
6.87732 ; 3.72622 ; -2.50769 ; 2.03862
5.21725 ; 6.23483 ; 2.43637 ; -3.00411
4.30192 ; 4.34223 ; 1.80793 ; 0.981756
4.49169 ; 5.3932 ; 3.22175 ; -0.842124
5.1488 ; 5.79965 ; 0.365004 ; 0.648766
4.84742 ; 6.93021 ; -0.32144 ; -1.04539
5.28859 ; 4.28273 ; 0.649146 ; 3.46415
5.35367 ; 4.32362 ; -1.13083 ; 2.83101
7.09732 ; 3.61624 ; -1.44277 ; 1.38565
4.9539 ; 5.05563 ; -0.462883 ; -0.377008
7.25551 ; 6.1806 ; -2.45451 ; -2.03172
6.81406 ; 6.77012 ; -2.85657 ; -0.563269
6.38717 ; 4.61895 ; -3.01565 ; 3.23115
4.83988 ; 4.33946 ; 2.03218 ; 2.97969
6.86016 ; 5.4052 ; -1.97362 ; 0.294076
4.23797 ; 5.35344 ; 3.92928 ; -0.0436883
6.15325 ; 4.23781 ; 0.335018 ; 0.413881
5.46736 ; 4.29948 ; -1.28064 ; 0.758214
5.84953 ; 6.75589 ; -0.566232 ; -1.82466
6.60747 ; 4.68683 ; -3.91554 ; 1.13472
4.64702 ; 3.82918 ; 1.69365 ; 1.66993
4.69343 ; 6.36677 ; 0.833051 ; -4.26736
4.48721 ; 4.41177 ; 2.31879 ; 0.937001
7.13298 ; 5.04094 ; -1.91311 ; -1.36429
6.84189 ; 5.07067 ; -3.96443 ; -1.20561
5.29281 ; 4.20958 ; 1.23337 ; -0.382157
4.80908 ; 4.18344 ; 1.89116 ; -0.335262
6.12679 ; 4.63851 ; -0.676233 ; -0.570554
6.46175 ; 4.37133 ; -3.29157 ; 1.71284
4.38175 ; 6.91033 ; 1.85633 ; -0.672994
6.38483 ; 7.09582 ; -0.757103 ; -2.98382
4.00555 ; 5.42637 ; 2.20976 ; -1.66293
5.984 ; 4.36424 ; -2.3692 ; 2.60068
6.97031 ; 4.84684 ; -3.78343 ; -0.545234
4.09734 ; 6.35101 ; 1.22867 ; 0.205851
4.10223 ; 4.44623 ; 2.93098 ; 0.194114
5.38258 ; 6.12618 ; 0.833632 ; -0.155537
6.92894 ; 6.4292 ; -2.82425 ; -2.14234
4.32663 ; 6.92377 ; 1.1131 ; -0.626684
5.56809 ; 5.41487 ; 0.623113 ; -1.57488
5.51779 ; 5.0484 ; -1.56012 ; 1.65097
4.80221 ; 4.37638 ; 2.30481 ; 1.84557
6.66121 ; 5.71244 ; -1.63434 ; -1.69904
6.38486 ; 6.64591 ; -2.82926 ; -2.92384
7.26634 ; 4.28245 ; -1.02777 ; 0.650964
6.20966 ; 5.24914 ; -0.0660288 ; 1.2516
6.05671 ; 5.60819 ; 0.704955 ; -0.429882
4.92913 ; 4.20296 ; 1.99305 ; 1.62719
6.76189 ; 6.28898 ; -1.54665 ; -4.50383
5.56904 ; 3.69118 ; -0.0336722 ; 2.52076
6.92759 ; 6.75082 ; -2.02268 ; -4.16584
5.82119 ; 6.24234 ; 1.49205 ; -3.01591
4.1423 ; 5.97523 ; 0.103138 ; -0.799141
3.95974 ; 4.61618 ; 0.876151 ; 2.81843
6.60571 ; 4.52997 ; -3.38384 ; 2.55856
6.81248 ; 4.08335 ; -2.31296 ; 2.7648
4.19638 ; 5.37541 ; 2.81087 ; 1.25491
7.34856 ; 5.34222 ; -2.41057 ; 0.541866
7.37448 ; 5.54014 ; -1.73834 ; -0.39437
5.19393 ; 6.51849 ; 0.13887 ; -4.01875
5.26986 ; 5.80053 ; 0.694668 ; -0.293197
5.75435 ; 6.21413 ; -0.0368559 ; -2.68948
5.30393 ; 4.24484 ; -1.63026 ; 2.55983
7.18769 ; 6.03255 ; -1.6181 ; -3.45403
6.62026 ; 4.81948 ; -2.95604 ; 4.11178
6.81417 ; 6.164 ; -2.44861 ; -4.58833
6.629 ; 5.71234 ; -1.37362 ; 0.578387
7.36002 ; 5.93005 ; -1.11635 ; -0.1567
6.61431 ; 4.92056 ; -3.98309 ; 0.213697
6.24525 ; 7.08041 ; 0.216451 ; -2.2898
5.80172 ; 4.74649 ; -2.36271 ; 4.17373
5.7936 ; 3.54208 ; 1.27534 ; 1.49212
6.0523 ; 6.23639 ; -1.56936 ; -2.81516
6.7493 ; 6.48886 ; -2.62549 ; -4.03435
4.27093 ; 6.19219 ; 3.1387 ; -3.32582
5.16524 ; 4.1069 ; 1.62265 ; 0.424596
4.55891 ; 6.29878 ; 0.256572 ; -4.28684
6.7594 ; 5.85426 ; -2.95387 ; -1.11638
4.26271 ; 4.07721 ; 2.49393 ; 0.988552
6.55259 ; 6.18413 ; -2.86342 ; -0.594991
5.46308 ; 6.93568 ; -1.57011 ; -2.52975
6.57214 ; 6.34841 ; -0.190391 ; -4.49715
5.60603 ; 3.88521 ; 0.105495 ; 0.40407
6.94281 ; 4.9893 ; -3.41469 ; -0.872239
7.13044 ; 4.31444 ; -3.12688 ; 0.485512
6.16271 ; 5.93879 ; -0.66261 ; -0.448432
6.85887 ; 5.29638 ; -3.41917 ; 0.0909331
6.01151 ; 6.76864 ; -3.00448 ; -3.02301
4.47269 ; 5.83673 ; 2.93494 ; -2.97987
4.2923 ; 5.79775 ; 2.81918 ; -0.465466
4.34325 ; 3.66678 ; 0.602828 ; 2.76951
4.59304 ; 3.60957 ; -0.239494 ; 2.67154
4.67201 ; 6.15984 ; 3.98601 ; -1.86636
4.78279 ; 6.50616 ; 1.25373 ; -2.09256
4.55228 ; 5.61281 ; 2.18701 ; -0.673335
4.69804 ; 4.2675 ; 2.09947 ; 3.519
5.47915 ; 5.61407 ; -0.195504 ; 0.965788
6.20638 ; 6.1065 ; -4.46407 ; -3.4113
3.72033 ; 4.34828 ; 2.0374 ; 1.72322
5.28302 ; 5.03013 ; -0.394738 ; 0.0425209
6.36091 ; 5.90712 ; -3.44548 ; -2.27622
4.76052 ; 6.44559 ; 4.59623 ; -1.92737
3.67154 ; 4.72111 ; 1.81561 ; 1.27185
4.82456 ; 4.79579 ; 2.40441 ; -0.685793
5.2185 ; 5.89977 ; 0.668759 ; 0.0137094
4.92679 ; 6.43234 ; 1.54409 ; -4.11987
6.18061 ; 4.43001 ; -1.38279 ; 2.4621
5.13491 ; 5.58562 ; 1.78474 ; 0.0255249
4.71601 ; 4.36921 ; 3.38052 ; 3.7998
3.74962 ; 5.08247 ; 2.33934 ; -1.41404
3.97984 ; 5.50182 ; 2.63048 ; 1.0151
6.74671 ; 5.17188 ; -2.92737 ; 2.54862
6.98895 ; 4.6599 ; -0.52105 ; 0.673723
6.79076 ; 4.46939 ; -2.43396 ; -0.329107
4.51793 ; 5.84152 ; 0.668448 ; -0.703584
4.13094 ; 4.07633 ; 2.50648 ; 0.929624
7.06105 ; 5.89003 ; 0.120106 ; 0.124525
4.08391 ; 5.16328 ; 0.771953 ; 1.36674
4.11691 ; 5.13307 ; -0.027247 ; 0.666455
5.78437 ; 6.12143 ; 0.816872 ; 0.0490737
6.77581 ; 5.83189 ; -3.46768 ; -0.349056
5.41282 ; 6.85372 ; 1.04157 ; -2.63458
4.25827 ; 5.99584 ; 3.84073 ; -0.464427
5.55153 ; 4.67349 ; 0.397494 ; 1.16382
6.51533 ; 6.75291 ; -0.848344 ; -2.38178
5.3933 ; 3.98478 ; 0.490743 ; 2.15707
6.6976 ; 6.7045 ; -3.50495 ; -3.7319
4.97066 ; 3.92507 ; 0.727788 ; 1.76922
5.92036 ; 5.74736 ; 0.310385 ; -1.31989
5.613 ; 5.25566 ; -0.577863 ; -0.913482
7.27523 ; 5.79839 ; -1.67796 ; -1.68927
4.6336 ; 6.45861 ; 4.46797 ; -1.97693
4.45927 ; 5.17108 ; 0.943257 ; 1.17939
3.76394 ; 5.56005 ; 1.59349 ; -1.12546
4.22446 ; 3.60457 ; 1.3668 ; 1.68377
5.82228 ; 6.72624 ; -0.62797 ; -4.04171
3.84518 ; 5.72892 ; 2.26756 ; -0.000229478
6.42 ; 5.34456 ; -0.0758104 ; -1.40521
6.55404 ; 5.10216 ; -0.892539 ; 0.978156
5.73885 ; 4.93865 ; -0.650109 ; 0.902806
5.79773 ; 4.38754 ; -2.8152 ; 3.23811
4.37061 ; 5.56722 ; 1.75741 ; -0.804642
3.7743 ; 6.57344 ; 2.05811 ; -1.92549
6.89839 ; 4.09853 ; -3.77136 ; 1.71128
7.30471 ; 5.65478 ; -0.772354 ; -0.828921
5.90278 ; 5.40352 ; 0.157625 ; 0.992862
6.3581 ; 4.52311 ; -1.09354 ; 0.252997
4.20519 ; 5.5599 ; 1.77267 ; 0.218887
4.08841 ; 5.1415 ; 2.41112 ; 0.0493821
6.15871 ; 5.45179 ; -1.67034 ; -1.3365
6.79614 ; 3.93688 ; -1.34239 ; 1.99758
6.40915 ; 6.30907 ; -2.12627 ; 0.457205
5.45813 ; 6.31549 ; 1.18827 ; 0.434332
5.99404 ; 4.294 ; -2.08249 ; 3.97537
5.81956 ; 4.47632 ; -2.42448 ; 3.16791
5.38711 ; 6.41709 ; 2.39552 ; -2.88699
4.23421 ; 5.64884 ; 3.62503 ; -2.0704
6.82547 ; 5.04749 ; -3.32508 ; -1.06451
5.08825 ; 5.84636 ; -0.711491 ; -1.29569
6.37106 ; 4.18324 ; 0.29111 ; 3.16244
6.27672 ; 7.32372 ; 0.334295 ; -1.55537
7.02974 ; 5.68838 ; -0.899502 ; -1.9473
5.62355 ; 3.88202 ; -0.518356 ; 2.5384
4.79068 ; 6.05907 ; 4.34047 ; -3.95162
4.40242 ; 3.83301 ; 0.901997 ; 3.01655
6.97814 ; 6.46268 ; -0.703345 ; -0.271232
7.03875 ; 4.21527 ; -1.50561 ; 0.00887173
6.73841 ; 6.48828 ; -1.97645 ; -1.74911
7.20465 ; 5.7051 ; -3.21274 ; 0.726647
5.96078 ; 4.4058 ; 0.370708 ; 2.39708
5.96236 ; 6.32771 ; -1.36493 ; -2.84417
4.31571 ; 4.52999 ; 4.06995 ; -0.517423
4.31183 ; 4.80475 ; 3.97334 ; -0.310878
5.79208 ; 4.06647 ; -2.6446 ; 3.27401
5.09519 ; 6.49498 ; 2.29737 ; -3.04826
6.56414 ; 6.95943 ; -0.502087 ; -1.6509
6.2471 ; 3.92913 ; 0.559358 ; 3.3624
6.60578 ; 4.56515 ; -0.504674 ; 4.1627
5.81647 ; 7.04658 ; -2.05052 ; -2.69442
5.79487 ; 6.02233 ; -1.44676 ; -0.335077
7.11849 ; 6.76978 ; -2.35927 ; -1.50684
5.47774 ; 6.76351 ; 0.136595 ; -2.51932
4.44208 ; 3.67688 ; 1.57598 ; 1.16127
3.84704 ; 4.78131 ; 0.407164 ; -0.681573
7.20665 ; 6.55142 ; -1.30123 ; -2.28052
5.46971 ; 4.51805 ; -0.961623 ; -0.871823
5.12792 ; 4.75876 ; 3.01485 ; 3.08409
4.47153 ; 4.98918 ; 2.15828 ; -0.36473
5.32321 ; 6.25317 ; 1.386 ; -4.37608
6.34624 ; 4.39288 ; -3.54294 ; 1.71736
7.05046 ; 6.16068 ; -1.24585 ; -2.6109
4.43302 ; 6.16915 ; 3.75787 ; -2.58087
6.2702 ; 4.66445 ; -0.76669 ; -0.7199
6.63793 ; 4.69816 ; -1.16856 ; 2.03303
6.31165 ; 3.87453 ; -1.16523 ; 1.92323
4.31103 ; 4.37674 ; 2.3121 ; -0.416278
4.06505 ; 6.26961 ; 0.610619 ; -2.00354
4.6415 ; 3.70504 ; 1.53576 ; 2.59177
5.81189 ; 4.32668 ; -0.400753 ; -0.23784
5.46317 ; 6.07806 ; 2.4459 ; -4.20852
6.17019 ; 4.21825 ; -0.194157 ; 1.00503
5.75948 ; 6.11353 ; -2.59078 ; -3.92877
5.99789 ; 5.97699 ; -4.48811 ; -3.5289
4.01014 ; 5.23436 ; 3.16837 ; 1.86251
6.23149 ; 6.3774 ; -1.56169 ; -3.08402
5.77274 ; 6.32942 ; 0.840243 ; -3.26632
6.40595 ; 4.16358 ; -1.03949 ; 0.144338
6.27103 ; 3.91422 ; 0.416543 ; 2.60479
7.07073 ; 3.83282 ; -1.81995 ; 1.523
3.97985 ; 4.46457 ; 3.05539 ; 1.17818
5.31037 ; 6.19823 ; 0.892592 ; -1.5834
5.45916 ; 4.71251 ; -1.14527 ; 1.04367
7.4512 ; 5.90643 ; -1.53524 ; -0.113131
5.93297 ; 6.85736 ; -1.36195 ; -3.92671
4.87418 ; 4.22607 ; 2.99568 ; 2.51768
4.21425 ; 6.41669 ; 1.55852 ; -0.743255
6.30659 ; 6.57593 ; -4.14196 ; -3.26041
6.59209 ; 6.1589 ; -3.22214 ; 0.238736
5.44611 ; 3.79882 ; -0.203353 ; 2.31311
4.91057 ; 5.32182 ; 0.645148 ; -0.591936
5.86569 ; 7.27215 ; -1.34101 ; -1.80134
6.16169 ; 4.09045 ; -1.69085 ; 3.0951
5.9182 ; 3.81561 ; 0.792812 ; 0.327764
6.39139 ; 6.21121 ; -3.31366 ; -1.99397
5.65692 ; 4.00079 ; -0.616297 ; 2.96472
7.05422 ; 5.6854 ; -2.11801 ; -0.457452
4.89779 ; 3.61571 ; 1.57495 ; 0.832626
5.09762 ; 6.43093 ; 3.24871 ; -3.83885
4.65403 ; 6.09001 ; 3.44375 ; -2.32203
4.71006 ; 4.73148 ; 3.69796 ; 3.90083
4.83521 ; 4.53065 ; 2.17068 ; 1.92638
7.28911 ; 4.59701 ; -1.71394 ; -0.0584446
5.5561 ; 6.05565 ; -1.12095 ; -0.814895
5.77196 ; 4.86961 ; -0.601509 ; -0.310202
5.08875 ; 6.49807 ; 2.06478 ; -0.9759
4.29875 ; 4.45886 ; 2.80414 ; 1.10909
4.45927 ; 5.42505 ; 3.96139 ; -1.71977
5.8067 ; 4.81283 ; -2.45599 ; 3.17842
5.39879 ; 3.89786 ; 0.0678978 ; 1.98532
5.2486 ; 4.7744 ; 1.70667 ; 1.42053
5.71475 ; 4.63526 ; 0.523859 ; 2.20365
4.15073 ; 4.51347 ; 0.726102 ; -0.510116
4.52609 ; 3.83221 ; 0.596881 ; 2.20877
5.9703 ; 6.51652 ; -0.287577 ; -0.0338899
5.75831 ; 4.14453 ; -1.12022 ; 0.285783
4.7737 ; 4.20996 ; 0.604188 ; 3.4465
5.87858 ; 6.57472 ; 0.71444 ; -3.42762
7.01796 ; 6.36144 ; -0.396509 ; -3.04811
3.70439 ; 6.18506 ; 1.23654 ; -1.17034
6.14757 ; 5.07036 ; -3.39246 ; 2.87898
5.96708 ; 4.7848 ; 0.884797 ; 0.0110372
6.24782 ; 3.78405 ; 0.48796 ; 0.999874
3.84833 ; 4.01917 ; 2.09898 ; 1.78734
5.99694 ; 6.25505 ; -2.56965 ; -3.73318
5.50906 ; 5.46821 ; 1.37418 ; -1.41404
4.28482 ; 6.08084 ; 0.149621 ; -1.55677
3.84024 ; 6.97653 ; 1.98754 ; -2.74269
5.72335 ; 6.24429 ; -0.838875 ; -1.79794
4.9719 ; 4.26736 ; 0.11855 ; 3.88533
7.30835 ; 4.5898 ; -1.57904 ; 0.248378
6.4189 ; 6.95023 ; -0.725991 ; -0.555319
6.57345 ; 5.76046 ; -3.89589 ; 1.67218
6.37011 ; 4.46788 ; -0.607496 ; 1.00757
6.40546 ; 4.44087 ; -3.99093 ; 0.919098
6.76587 ; 5.40271 ; -3.29201 ; -2.35017
6.67189 ; 6.97853 ; -0.795831 ; -1.12222
6.4332 ; 4.25016 ; -1.48271 ; 0.0570344
5.49994 ; 6.76598 ; 0.912431 ; -3.70971
7.15639 ; 6.38874 ; -2.25419 ; -0.355146
6.79728 ; 5.013 ; -2.24628 ; -0.0122642
4.95456 ; 4.31452 ; 2.60318 ; 3.15491
4.48971 ; 4.78513 ; 2.58699 ; 0.190834
6.0035 ; 4.27592 ; 0.896532 ; 1.27272
7.03264 ; 5.63005 ; -1.83756 ; -1.79065
4.05444 ; 4.75794 ; 3.45355 ; -1.19587
5.00488 ; 6.24117 ; -0.420613 ; -0.963345
5.72594 ; 4.04655 ; -1.05896 ; 1.8818
5.61946 ; 5.78759 ; -0.0868608 ; -1.02252
7.29495 ; 5.75408 ; -1.44645 ; -0.736532
4.03822 ; 6.38301 ; 2.13834 ; -3.03606
4.80024 ; 5.16668 ; 1.87857 ; 1.20038
5.34353 ; 6.96689 ; 0.325913 ; -3.65881
6.48017 ; 6.15482 ; -1.22714 ; -4.73909
4.8902 ; 6.1279 ; 0.491846 ; 0.646252
4.54393 ; 6.6448 ; -0.032612 ; -3.438
7.13273 ; 4.13523 ; -1.62723 ; 0.930061
5.35381 ; 6.73063 ; 2.32725 ; -2.90674
7.20426 ; 4.45824 ; -1.77836 ; 1.55643
4.74787 ; 5.31421 ; -0.800679 ; 0.856042
5.81492 ; 3.74656 ; -2.2212 ; 2.44823
5.64563 ; 6.1954 ; 1.09933 ; 0.593475
7.00728 ; 5.13921 ; -0.177004 ; -1.16033
4.4131 ; 6.19686 ; 2.40549 ; -4.53443
6.49675 ; 4.67 ; -3.77334 ; 3.46408
4.61821 ; 5.6436 ; 3.26521 ; -2.72513
5.54157 ; 6.61029 ; -0.305755 ; -1.01183
7.01455 ; 4.63165 ; -0.531273 ; -0.268973
4.65999 ; 6.79455 ; 3.5911 ; -0.716345
4.59934 ; 5.07556 ; 3.08823 ; 1.06717
6.25952 ; 4.0163 ; -2.76998 ; 2.57562
6.46597 ; 6.45745 ; -0.118751 ; -1.91554
6.75308 ; 4.95389 ; 0.102775 ; 0.859311
6.34039 ; 4.16572 ; -2.81137 ; 3.22163
6.35391 ; 4.88879 ; -3.13526 ; 3.43077
6.88013 ; 4.40834 ; -1.63521 ; 4.20881
6.25947 ; 6.4114 ; -1.49521 ; -3.72511
5.6666 ; 6.87772 ; 0.447936 ; -2.79654
3.83865 ; 5.07614 ; 2.41493 ; 0.375177
6.37768 ; 7.09982 ; -2.90963 ; -1.51315
4.14372 ; 5.50234 ; 0.420484 ; -0.243782
4.93359 ; 6.40529 ; -0.283872 ; -4.27335
6.6912 ; 6.64697 ; -3.66918 ; -0.615962
6.67834 ; 6.68095 ; -3.90983 ; -3.45632
4.60079 ; 6.52152 ; 3.29447 ; -1.96941
3.82658 ; 6.73684 ; 1.58353 ; -1.91257
4.71242 ; 5.87029 ; 2.00612 ; -1.47594
4.26553 ; 3.87692 ; 3.82009 ; 1.58804
7.05436 ; 4.92084 ; -3.65062 ; -0.66939
7.25454 ; 4.27628 ; -0.542089 ; 0.143032
4.31382 ; 6.43164 ; 0.51154 ; -4.23472
4.80885 ; 4.22108 ; 4.53846 ; 1.47052
6.96446 ; 4.18188 ; -1.03141 ; 2.39365
4.57234 ; 4.36601 ; 2.28342 ; 0.425172
5.2688 ; 6.10781 ; 2.14502 ; -3.21661
6.81488 ; 6.26305 ; -2.94169 ; 0.399278
4.51374 ; 5.82681 ; 2.82498 ; 0.785771
5.52958 ; 6.50117 ; 1.26521 ; -1.69638
4.73153 ; 5.17167 ; -0.0651532 ; -0.329729
5.11078 ; 5.62161 ; 1.5519 ; -0.902852
4.6675 ; 6.09444 ; 2.17086 ; -2.84224
4.76704 ; 5.27317 ; 2.12635 ; 0.430989
6.00275 ; 7.18813 ; 0.432521 ; -0.978219
6.61453 ; 4.10337 ; -3.79975 ; 2.72685
6.86001 ; 6.9778 ; -2.85874 ; -2.3027
5.04894 ; 5.45762 ; 0.84888 ; -1.37135
4.98273 ; 6.30506 ; -1.08619 ; -3.92094
6.25984 ; 7.19553 ; 0.76751 ; -2.68299
6.78858 ; 4.35513 ; 0.039409 ; 2.65764
4.0837 ; 5.84621 ; 3.4962 ; -0.534767
4.61 ; 6.99112 ; 0.0384041 ; -2.07677
4.57978 ; 5.99934 ; 3.09548 ; -1.10584
6.38244 ; 4.66001 ; 0.814764 ; 0.0510625
4.26013 ; 3.98361 ; 1.46538 ; 0.228881
4.21065 ; 5.35018 ; 1.97726 ; -1.30403
4.39953 ; 4.78006 ; 1.60466 ; 0.0357602
4.75078 ; 4.37541 ; 0.291409 ; 3.1686
6.07877 ; 4.79684 ; -2.51506 ; 4.26551
5.48606 ; 7.08134 ; 0.643736 ; -2.47192
4.66468 ; 5.39029 ; -0.521622 ; 0.450238
6.75733 ; 6.65982 ; -2.3692 ; -3.95518
5.81052 ; 3.4945 ; 1.1634 ; 1.70549
6.66934 ; 4.52629 ; -3.8685 ; 1.38835
5.80122 ; 5.83204 ; 0.549509 ; -0.308341
4.23481 ; 3.78789 ; 0.752782 ; 2.46253
6.741 ; 5.1655 ; -3.43244 ; -0.950834
5.85854 ; 7.35112 ; -1.96112 ; -1.7825
5.06352 ; 6.23999 ; -1.13182 ; -2.49797
6.5239 ; 4.40759 ; -0.0625349 ; -0.308211
6.67379 ; 4.23556 ; -1.45446 ; 0.543298
5.92609 ; 6.17853 ; -1.56327 ; -3.07358
5.49305 ; 6.21357 ; 2.10536 ; -3.8457
5.7091 ; 3.75965 ; 0.00682765 ; 1.61595
4.70489 ; 3.80013 ; 1.70859 ; 2.11401
6.66982 ; 4.64684 ; -2.35369 ; 2.72931
4.53633 ; 4.78005 ; 3.79267 ; 3.79615
6.87548 ; 3.82745 ; -0.92012 ; 0.679098
6.22024 ; 6.40611 ; -0.90195 ; -4.01532
5.6102 ; 7.07034 ; 1.39808 ; -1.02388
6.05812 ; 6.5653 ; 0.349997 ; -2.45597
5.34035 ; 4.18378 ; 0.048726 ; 1.95139
6.6775 ; 5.25022 ; -2.11514 ; 0.892315
4.31965 ; 6.51242 ; 3.46733 ; -1.35376
7.13436 ; 5.56653 ; -0.80885 ; 0.81017
7.28024 ; 5.13263 ; -1.0803 ; -1.27986
4.64649 ; 6.83716 ; 1.56562 ; -3.6249
6.08064 ; 5.59761 ; -0.264858 ; -0.693296
4.03349 ; 6.41582 ; 0.264952 ; -0.580307
6.55937 ; 4.46658 ; -2.85994 ; -0.398403
6.48874 ; 3.84638 ; -1.34367 ; 1.86305
5.99778 ; 4.1825 ; -1.02657 ; 1.76923
3.87145 ; 5.16079 ; 2.59906 ; -0.46085
7.08518 ; 5.65951 ; 0.0308986 ; 1.03549
5.43983 ; 6.67746 ; 0.385934 ; -1.98596
6.53461 ; 4.61573 ; -2.95216 ; 2.13198
6.53068 ; 3.78089 ; -1.16865 ; 0.320875
6.00993 ; 7.14669 ; 0.291475 ; -1.95196
4.52885 ; 6.30591 ; 4.01956 ; -1.87176
5.78084 ; 7.16042 ; 0.85096 ; -1.94274
4.0699 ; 5.84009 ; 1.78434 ; -1.67903
6.75156 ; 5.78373 ; -2.73782 ; -0.926359
4.19905 ; 6.43446 ; 1.58278 ; -2.07172
7.27576 ; 4.67537 ; -1.12173 ; 1.33087
5.19681 ; 3.9324 ; -0.152534 ; 2.18047
6.97717 ; 4.37899 ; -2.35427 ; 2.61204
4.41668 ; 5.50301 ; 1.32848 ; 0.965078
6.57776 ; 4.70954 ; 0.309079 ; -0.724847
5.75047 ; 4.62712 ; -0.69459 ; -0.196325
4.56952 ; 3.56173 ; 1.6745 ; 1.09576
6.44099 ; 4.5927 ; -4.21306 ; 1.04945
3.87533 ; 5.00387 ; 2.63095 ; 1.54946
5.52304 ; 5.33408 ; -1.0606 ; -0.523866
5.54134 ; 6.17969 ; -0.148015 ; -1.86219
4.3458 ; 6.91289 ; 3.85848 ; -1.73946
5.91409 ; 4.15118 ; -0.982036 ; 3.88497
6.56639 ; 6.20414 ; -2.69559 ; -2.3095
5.91315 ; 6.24411 ; 0.968359 ; -1.63209
6.93741 ; 6.10683 ; -0.488489 ; -0.619128
6.91694 ; 4.08761 ; -1.21226 ; 2.19751
5.77745 ; 6.05454 ; 0.762459 ; -1.21208
4.72854 ; 4.85622 ; 1.86978 ; 1.83519
4.93025 ; 4.24623 ; 0.38826 ; 1.26046
6.51186 ; 6.65746 ; -2.63587 ; -1.53449
5.3421 ; 6.254 ; -0.942136 ; -4.36599
6.20691 ; 4.23091 ; -1.23507 ; 3.81736
5.28172 ; 4.71178 ; -0.85704 ; -0.539276
4.89494 ; 4.37234 ; 0.595268 ; 1.38788
4.10319 ; 5.63664 ; 2.91762 ; 1.30528
7.26123 ; 6.52628 ; -1.57773 ; -1.10134
6.53103 ; 4.562 ; -3.6636 ; 2.84995
3.79286 ; 4.73939 ; 2.54706 ; 1.56747
4.40165 ; 4.24128 ; 1.83232 ; 3.58238
5.33651 ; 4.11106 ; 0.648127 ; 0.0108178
4.61405 ; 6.6081 ; 2.35738 ; -1.63141
4.74864 ; 3.4364 ; -0.299932 ; 1.07541
4.12754 ; 6.14059 ; 2.87918 ; -3.15917
4.64121 ; 6.53298 ; 1.76551 ; -4.32739
6.41979 ; 5.19928 ; -1.61344 ; -0.37093
4.26367 ; 4.95423 ; 1.84694 ; 1.2015
6.99233 ; 5.48268 ; -3.36415 ; 1.96098
6.51404 ; 4.05718 ; -2.30741 ; 3.49883
4.29203 ; 6.46512 ; 2.408 ; -2.60182
6.87038 ; 4.30576 ; -3.40887 ; 0.707508
6.8747 ; 4.50927 ; -3.16478 ; 2.47475
6.59845 ; 5.00749 ; -2.80092 ; 1.13171
7.36909 ; 5.7216 ; -0.594796 ; -1.36203
6.51944 ; 4.386 ; -3.8943 ; 1.78924
6.29334 ; 6.86233 ; 0.33402 ; -1.48896
5.21658 ; 4.51341 ; -0.545849 ; -0.0776882
5.13527 ; 5.63785 ; -0.643415 ; -0.910119
6.97878 ; 6.42986 ; -2.5689 ; -2.43058
4.03519 ; 6.79377 ; 2.9478 ; -3.0957
5.75807 ; 6.01513 ; -1.69266 ; -1.77608
5.32821 ; 6.41537 ; 1.4783 ; -2.84516
4.5114 ; 4.8089 ; 2.54707 ; 0.622357
6.33892 ; 6.51843 ; -1.75017 ; -4.05088
4.66043 ; 5.93055 ; -0.371877 ; -0.808942
5.08671 ; 4.46414 ; -0.0459153 ; -0.710171
5.68405 ; 5.44769 ; -1.02091 ; -0.208334
6.56268 ; 6.61569 ; -1.00248 ; -1.58405
4.80771 ; 3.72678 ; 0.179477 ; 0.314266
6.26623 ; 4.47599 ; -2.72524 ; 2.37905
5.46304 ; 6.46525 ; -0.571013 ; -1.07404
6.44411 ; 6.60936 ; -1.76667 ; -2.81828
4.76974 ; 7.01882 ; -0.267316 ; -2.69456
6.00038 ; 7.19525 ; -0.342237 ; -1.33312
6.80486 ; 4.90744 ; -2.64554 ; 1.42626
5.42458 ; 4.38391 ; -0.88237 ; 0.321558
6.70076 ; 6.00064 ; -3.24216 ; 1.13217
6.07662 ; 4.97754 ; -3.26008 ; 4.15541
3.80649 ; 6.29046 ; 2.76947 ; -1.70203
6.71244 ; 5.45218 ; -1.084 ; -0.333093
6.3196 ; 6.30572 ; -1.38254 ; -4.39711
4.11309 ; 6.93814 ; 1.25083 ; -2.8274
6.91399 ; 6.8059 ; -1.04541 ; -2.58602
5.01803 ; 6.87394 ; 0.94645 ; -2.07622
7.44484 ; 5.24787 ; -1.80444 ; 1.73834
6.342 ; 4.66214 ; -0.610548 ; 1.57206
5.72178 ; 5.92218 ; -1.56595 ; -1.60772
3.94918 ; 4.53244 ; 3.07363 ; 0.557576
4.75407 ; 3.92105 ; 2.05623 ; 1.88492
5.57471 ; 6.47486 ; 0.464369 ; -4.26092
6.8992 ; 6.42675 ; -2.72958 ; -0.904064
6.46644 ; 3.69152 ; -0.62408 ; 2.65694
5.80137 ; 6.66782 ; 0.947071 ; 0.190666
4.5548 ; 3.84902 ; 1.38592 ; 1.65517
5.18435 ; 6.61031 ; -0.440821 ; -2.53096
4.30106 ; 4.59769 ; 2.7951 ; -0.413132
6.25578 ; 4.25917 ; -2.61533 ; 2.13927
4.33133 ; 4.20819 ; 3.71266 ; 0.844074
5.37149 ; 3.7573 ; 0.203147 ; 0.908994
4.47954 ; 6.23263 ; -0.0149043 ; -3.28253
5.19233 ; 7.01414 ; 1.92766 ; -1.76586
6.51573 ; 6.41222 ; -2.77371 ; -3.77298
6.93826 ; 5.88627 ; -2.65451 ; -3.64662
4.3146 ; 4.96278 ; 3.60043 ; 2.82132
4.59762 ; 4.3586 ; 4.26084 ; 0.130704
4.99736 ; 4.56098 ; 1.70158 ; 3.97805
5.45639 ; 5.97649 ; 2.91361 ; -4.02606
7.14947 ; 6.37947 ; -1.05222 ; -3.06539
3.78399 ; 5.86346 ; 1.75191 ; -2.37027
6.44801 ; 4.03988 ; -1.62745 ; 1.76848
7.08238 ; 7.17007 ; -0.833542 ; -1.63554
4.70369 ; 3.88407 ; 2.57286 ; 1.73806
6.19486 ; 4.68866 ; 0.86139 ; 1.43981
7.10915 ; 5.06217 ; -1.16953 ; 0.643496
6.47588 ; 4.05045 ; 0.238869 ; -0.207869
5.04052 ; 5.25712 ; -0.265717 ; 0.288744
5.18651 ; 4.76643 ; 4.54618 ; 3.48626
4.287 ; 4.79544 ; -0.257964 ; 1.09883
6.14983 ; 4.72166 ; -1.84875 ; -0.63972
7.03095 ; 4.16333 ; -1.00846 ; 2.66485
6.43075 ; 5.61422 ; -1.1851 ; -1.38627
3.94558 ; 5.50749 ; 3.36305 ; 0.675397
5.48337 ; 4.33074 ; -0.523303 ; 3.9334
4.07916 ; 4.84165 ; 2.67865 ; 2.61862
6.68036 ; 5.05308 ; -3.10615 ; 2.06131
4.93839 ; 6.77031 ; 2.4951 ; -0.210237
4.46879 ; 4.29331 ; 0.901922 ; 3.44974
6.73063 ; 6.1222 ; -0.499032 ; -1.03035
4.52067 ; 5.73554 ; 1.41393 ; 0.115363
7.26444 ; 6.04045 ; -0.760598 ; 0.632147
4.25133 ; 4.54801 ; 2.48964 ; 0.966135
4.00795 ; 5.47751 ; 1.92022 ; -1.67783
4.97303 ; 6.77873 ; 1.39741 ; -1.5096
5.56106 ; 7.01288 ; -1.05359 ; -1.2535
3.9579 ; 6.49952 ; 2.26784 ; -2.66961
4.89559 ; 4.63511 ; 1.35546 ; 1.21035
4.79829 ; 4.79275 ; 4.554 ; 1.75748
6.38893 ; 7.18042 ; -0.825937 ; -3.01075
5.2892 ; 4.49567 ; 2.45008 ; 3.47189
6.1422 ; 5.12499 ; -0.467233 ; -0.697735
4.42392 ; 5.06805 ; 1.62599 ; 1.143
5.02816 ; 5.05209 ; 1.61667 ; 0.541891
6.27425 ; 4.4069 ; 0.884741 ; 1.42382
6.52417 ; 3.91478 ; -0.385877 ; 3.37905
4.59583 ; 4.7968 ; 4.12285 ; 2.10321
4.24417 ; 4.75509 ; 3.51482 ; -0.370219
4.48068 ; 5.52215 ; 2.85259 ; -1.51586
4.63969 ; 6.49612 ; 2.76046 ; -1.93254
5.72519 ; 5.82722 ; 0.381001 ; -0.112758
4.28791 ; 4.63075 ; 0.869788 ; -0.671876
4.50315 ; 3.94536 ; 1.63362 ; 2.53816
4.53161 ; 5.49947 ; 0.320848 ; -0.436625
5.5214 ; 4.24601 ; -1.20852 ; 0.923522
3.74318 ; 5.74199 ; 1.32201 ; 0.82012
5.9272 ; 4.61993 ; -2.07716 ; 4.10849
6.63183 ; 6.85436 ; -1.00461 ; -2.14924
6.95141 ; 6.78068 ; -3.94217 ; -1.48856
5.34054 ; 7.36784 ; 1.23336 ; -1.86634
4.38724 ; 6.1638 ; -0.304085 ; 0.0156144
4.44676 ; 6.72259 ; 0.776293 ; -3.3799
7.08854 ; 6.32019 ; -1.26209 ; -0.537742
4.38209 ; 4.47584 ; 3.90936 ; 2.30045
4.30206 ; 6.9579 ; 2.29683 ; -1.28351
5.08471 ; 3.91584 ; 1.30711 ; 2.43659
4.81356 ; 3.97208 ; 2.40375 ; 3.34385
5.51418 ; 4.56299 ; -0.335204 ; -0.505857
5.85303 ; 3.97785 ; -2.31336 ; 2.21176
6.4727 ; 5.47747 ; -1.76377 ; -1.55569
6.02049 ; 3.78684 ; 0.0311063 ; 1.32549
4.66454 ; 4.86603 ; 3.6426 ; 2.92325
5.97377 ; 5.53702 ; 1.08204 ; 0.503061
6.52293 ; 6.22739 ; 0.290974 ; -1.28391
4.01343 ; 5.70769 ; 2.59202 ; -2.86095
7.21416 ; 4.83709 ; -1.32661 ; 1.58919
6.80312 ; 4.51339 ; -2.73674 ; 3.56481
4.28132 ; 5.0045 ; 0.397475 ; -0.994505
4.98053 ; 4.76012 ; -0.925325 ; 0.531446
4.5287 ; 3.79192 ; 0.973179 ; 0.783015
4.19324 ; 4.44169 ; 1.44054 ; 2.68934
6.48839 ; 5.23447 ; -3.81601 ; 3.28535
6.25683 ; 5.92672 ; -3.91354 ; -4.10547
5.637 ; 6.949 ; 1.73106 ; -3.44505
5.82458 ; 6.56931 ; 1.0255 ; -3.23362
6.93909 ; 5.54348 ; -1.7301 ; -0.828671
6.15248 ; 6.91403 ; -2.13062 ; -2.93009
6.48194 ; 4.30779 ; -3.52839 ; 2.93172
6.33428 ; 6.69938 ; 0.334831 ; -0.866257
4.28465 ; 4.48501 ; 3.52293 ; 1.49777
5.52319 ; 6.03741 ; -0.260092 ; -2.29978
4.82732 ; 4.63425 ; 3.58118 ; 3.53993
4.29662 ; 3.72927 ; 1.08031 ; 2.43591
5.61119 ; 3.84774 ; 0.358453 ; 2.56571
4.31676 ; 5.90738 ; 3.24187 ; -1.7794
7.52231 ; 5.86785 ; -1.50023 ; -0.605886
6.4788 ; 6.25371 ; -1.44312 ; -4.00933
6.6176 ; 4.63272 ; -2.27802 ; 3.65264
6.77344 ; 7.0448 ; -3.16026 ; -2.28405
4.60747 ; 4.85147 ; 2.78964 ; -0.927118
4.84245 ; 5.23233 ; 1.30967 ; -1.00033
6.53379 ; 5.95672 ; -2.14147 ; -0.808782
3.88408 ; 4.09542 ; 1.20019 ; 1.67677
5.84309 ; 4.01801 ; 1.10217 ; 2.01843
4.00763 ; 4.00484 ; 2.39467 ; 0.794608
5.96502 ; 4.04442 ; -0.350494 ; 1.92968
7.18153 ; 5.72765 ; -1.88246 ; -0.691061
5.4038 ; 6.99388 ; 1.43146 ; -1.06287
5.1238 ; 6.30559 ; 0.460966 ; -2.18423
5.63567 ; 4.9261 ; 0.672548 ; 0.36944
5.31144 ; 6.82869 ; 0.331604 ; -1.28999
5.05129 ; 4.3662 ; -0.414454 ; 2.56095
3.8573 ; 5.35412 ; 2.29545 ; -0.0725095
4.89107 ; 3.75425 ; -0.278495 ; 3.20992
7.3268 ; 6.29539 ; -1.03935 ; 0.175823
