5.78842 ; 5.6753 ; -0.0401836 ; -0.851152
5.98464 ; 5.3243 ; 0.88949 ; 0.209402
6.0328 ; 5.39085 ; 0.386359 ; -0.111643
4.93377 ; 4.86187 ; -0.464177 ; -0.999257
5.5557 ; 5.85089 ; -0.186338 ; -0.485026
4.849 ; 4.93461 ; -0.991453 ; -0.508576
5.83224 ; 5.63651 ; -0.196477 ; -0.19362
5.77471 ; 5.26059 ; -0.142648 ; 0.532822
5.59826 ; 5.16383 ; 0.96865 ; 0.138291
5.68358 ; 5.80424 ; 0.972588 ; 0.749955
5.96875 ; 5.69624 ; 0.675305 ; -0.595701
5.46926 ; 5.79722 ; 0.52636 ; -0.320248
5.40339 ; 5.61475 ; -0.938017 ; -0.666695
5.53929 ; 5.057 ; -0.793442 ; -0.119709
5.57 ; 5.32021 ; 0.660327 ; -0.379941
5.37179 ; 5.93176 ; 0.712388 ; 0.462792
5.15821 ; 5.40391 ; -0.4333 ; -0.722515
6.13079 ; 5.47597 ; 1.22003 ; 0.565017
5.57549 ; 5.48341 ; -0.160401 ; -0.255574
5.4462 ; 5.75689 ; -0.618213 ; -0.0438345
6.031 ; 6.13246 ; 0.659908 ; 0.794186
4.92951 ; 5.58951 ; -1.2463 ; 1.01772
5.6392 ; 5.96988 ; 0.309749 ; 1.2994
5.32536 ; 5.76241 ; 0.727647 ; -0.173871
5.51446 ; 5.80371 ; -0.513156 ; 1.13001
5.68187 ; 5.26393 ; 0.766178 ; 0.287784
5.47768 ; 5.09934 ; -0.265177 ; 0.0450784
5.69771 ; 5.33659 ; -0.588313 ; 0.0201393
4.96338 ; 5.02799 ; -1.37952 ; -1.17289
5.43009 ; 5.64351 ; 0.33822 ; -0.84128
5.91786 ; 5.69014 ; 0.912149 ; -0.0868528
5.63453 ; 5.08072 ; -0.200441 ; -0.83785
5.68437 ; 5.71284 ; 0.985835 ; 0.582061
6.28052 ; 5.36294 ; 1.38819 ; 0.412253
5.54331 ; 5.54056 ; -1.11345 ; -0.706618
5.6815 ; 5.33729 ; 0.995547 ; -1.05542
5.48763 ; 5.43346 ; -0.467628 ; -0.937382
5.36593 ; 5.1357 ; -0.550435 ; -0.904459
5.51256 ; 5.98099 ; -0.88383 ; 1.20353
5.54891 ; 5.31218 ; -0.966371 ; 0.448315
5.38412 ; 5.33526 ; 0.117776 ; 0.496753
5.43946 ; 6.29233 ; -0.142391 ; 1.37473
5.35709 ; 5.25123 ; 0.546161 ; 0.256103
5.29984 ; 5.0757 ; 0.230707 ; -0.555976
4.83538 ; 5.63206 ; -0.859409 ; -0.334251
5.29608 ; 5.02911 ; -0.100507 ; -0.382373
6.18343 ; 5.43141 ; 1.2788 ; -0.97886
4.97958 ; 5.37127 ; -0.346966 ; -0.0652235
5.23472 ; 5.43485 ; -0.750223 ; -0.406902
5.99575 ; 5.001 ; 1.18601 ; -0.731277
5.39557 ; 5.44258 ; -0.645769 ; -1.07705
5.91407 ; 5.09821 ; 1.06482 ; -1.19861
5.15808 ; 5.09669 ; -0.429295 ; -0.865075
4.80653 ; 5.83289 ; -0.951333 ; 0.543824
5.53966 ; 5.40254 ; -0.315569 ; -0.496676
5.06902 ; 5.78387 ; -0.66462 ; -0.403612
6.02027 ; 5.2996 ; 1.36187 ; -0.0893511
5.3574 ; 5.93588 ; -1.0577 ; 0.389302
5.90733 ; 5.19513 ; 1.31863 ; -0.530797
5.4894 ; 5.51448 ; 0.992578 ; 1.15235
5.62713 ; 5.2127 ; -0.699339 ; 0.12674
5.02956 ; 4.95522 ; -0.337079 ; -0.668152
5.48738 ; 5.96596 ; -0.968956 ; 0.999114
5.55232 ; 5.26783 ; 0.951606 ; -0.14648
5.91402 ; 6.25469 ; 1.19227 ; 1.25006
5.69136 ; 6.28985 ; -0.656514 ; 1.40085
5.71415 ; 5.54993 ; 1.09037 ; -0.891044
5.61718 ; 4.84267 ; 0.392544 ; -1.02099
5.62491 ; 5.30383 ; -0.975277 ; -1.16093
4.93421 ; 5.63654 ; -1.01265 ; -0.454504
5.47959 ; 5.25186 ; 0.996067 ; -0.170923
5.69337 ; 5.35967 ; -0.607812 ; -1.07885
5.65075 ; 5.24685 ; 0.880036 ; -1.14788
5.47624 ; 5.62293 ; -0.66599 ; -0.6385
5.01123 ; 5.56186 ; -0.881959 ; 0.227285
5.75515 ; 6.14238 ; 0.554623 ; 1.38793
6.02118 ; 5.49672 ; 0.724571 ; -0.949432
5.83996 ; 5.39806 ; 0.922512 ; -0.350908
5.62966 ; 5.01283 ; 0.0165326 ; -1.11636
5.74409 ; 5.696 ; -0.154714 ; 1.0953
6.21016 ; 5.65347 ; 1.07438 ; -0.572293
6.01604 ; 5.93884 ; 0.398284 ; -0.0248871
5.12538 ; 5.7339 ; -0.831064 ; 0.0936914
5.37611 ; 5.22558 ; -1.06753 ; -0.99215
6.10277 ; 5.72811 ; 0.882419 ; 0.40263
5.45339 ; 5.24959 ; 0.541901 ; -0.89258
5.69204 ; 5.83839 ; 1.13425 ; -0.0284682
5.76317 ; 5.59437 ; 0.114298 ; -0.0972745
5.78466 ; 5.70042 ; 0.605484 ; -0.590791
4.89259 ; 6.03276 ; -0.54087 ; 0.400311
5.45309 ; 6.08711 ; -1.13694 ; 0.615021
5.47001 ; 5.30646 ; 0.0515234 ; -0.837161
5.72878 ; 5.18301 ; -0.0746494 ; -0.181628
5.72612 ; 4.86883 ; -0.156299 ; -1.2161
5.47944 ; 5.0887 ; 0.418867 ; 0.219842
6.21312 ; 5.91091 ; 0.934383 ; 0.48962
5.65526 ; 5.27829 ; -1.01809 ; 0.671991
5.09044 ; 5.4115 ; -0.251241 ; 0.236949
5.38515 ; 4.93117 ; 0.722976 ; -0.511768
5.99483 ; 5.95474 ; 0.0978513 ; 0.39379
5.12703 ; 5.98711 ; -1.07913 ; 0.455069
5.64523 ; 5.11122 ; 1.14734 ; -0.564132
5.62731 ; 5.3261 ; 0.18736 ; 0.0191746
5.79445 ; 5.42397 ; 1.1445 ; 0.301034
5.22877 ; 5.27041 ; -0.775572 ; 0.901125
5.47937 ; 5.02539 ; -0.996874 ; -1.33354
5.66267 ; 5.58314 ; 0.148337 ; -0.434861
5.12373 ; 5.66864 ; 0.0688456 ; 0.946698
5.59591 ; 5.73962 ; -0.0881945 ; 0.672934
5.96219 ; 5.33447 ; 0.539741 ; 0.927089
5.82431 ; 5.54827 ; 0.980049 ; -0.100158
5.54449 ; 5.71638 ; -0.630403 ; 0.675242
6.05626 ; 5.41613 ; 0.770398 ; 1.05683
5.66345 ; 5.34434 ; 0.0750608 ; -1.2508
5.60639 ; 6.05904 ; -0.702752 ; 0.398661
5.62056 ; 5.44126 ; 0.937104 ; 1.0305
5.58098 ; 5.1289 ; 1.06963 ; -1.15082
5.19332 ; 5.45435 ; 0.118048 ; -1.1515
5.84071 ; 5.2826 ; -0.0189266 ; 0.718441
4.98749 ; 5.55401 ; -0.313482 ; 0.867001
5.50655 ; 6.06705 ; 0.682326 ; 1.2869
5.5484 ; 5.61766 ; -1.00216 ; 0.396647
5.3686 ; 5.58966 ; 0.671665 ; 0.481507
5.46747 ; 5.73068 ; -0.253379 ; -0.675621
5.55868 ; 5.27914 ; -0.749905 ; 0.925444
5.12055 ; 5.55572 ; 0.0468591 ; 0.322499
5.7086 ; 5.87204 ; -0.14683 ; 0.0202602
5.10513 ; 5.08058 ; -0.988234 ; -1.34832
5.18988 ; 5.18695 ; -1.1701 ; 0.401533
5.09081 ; 5.73307 ; -0.599595 ; -0.287299
5.91853 ; 5.24514 ; 1.25964 ; -0.372609
5.83838 ; 5.45412 ; -0.206604 ; 0.725098
5.10765 ; 5.97201 ; -1.13583 ; 0.348363
5.19086 ; 5.88923 ; 0.287 ; 1.09441
5.76226 ; 5.304 ; 0.418047 ; 0.0302369
5.31259 ; 5.52147 ; 0.620579 ; -1.17083
5.21258 ; 5.61152 ; -1.07279 ; 0.969491
5.59116 ; 6.1043 ; 0.572635 ; 1.0897
5.7232 ; 5.91572 ; 0.516341 ; 1.16292
5.9404 ; 6.09787 ; -0.178885 ; 0.713313
5.85413 ; 5.50596 ; 0.489813 ; -1.04669
5.82506 ; 6.2224 ; -0.140413 ; 1.23579
5.36263 ; 5.574 ; 0.893855 ; 0.930715
5.70942 ; 5.54479 ; -0.0902681 ; 0.666633
5.78217 ; 5.0926 ; 0.00489323 ; -1.13971
6.24594 ; 5.61278 ; 1.23694 ; -0.434405
5.54981 ; 6.1525 ; -0.53841 ; 0.776221
5.21149 ; 5.44967 ; -0.689668 ; 1.21067
4.80104 ; 5.19374 ; -1.13984 ; 0.137908
4.76167 ; 5.34958 ; -1.33162 ; -1.25552
5.55473 ; 5.61882 ; -0.615241 ; -1.10029
5.66305 ; 5.58978 ; 0.146588 ; -1.0543
5.02207 ; 4.8771 ; -1.1802 ; -0.792928
5.55071 ; 5.46897 ; 0.423386 ; -0.18038
6.04279 ; 5.80835 ; 0.695936 ; 0.573946
5.89331 ; 5.89902 ; -0.109303 ; 0.322664
5.38318 ; 5.43571 ; 0.292775 ; 0.0879269
5.69214 ; 5.28224 ; 0.475787 ; -0.719637
6.29482 ; 5.38828 ; 1.33528 ; -0.816724
5.02424 ; 5.54605 ; -0.39333 ; -1.12212
5.62036 ; 6.10984 ; 0.988401 ; 1.34393
5.10773 ; 5.42075 ; -1.12801 ; 0.204601
5.77859 ; 5.47333 ; -0.129812 ; -0.694446
5.38923 ; 5.54899 ; 0.969742 ; 1.18904
5.63708 ; 6.04445 ; 0.535485 ; 0.61721
5.46942 ; 5.57833 ; -0.461775 ; -0.10719
5.20843 ; 5.24363 ; 0.38976 ; 0.72821
5.60261 ; 6.12936 ; -0.80603 ; 1.38248
5.86316 ; 5.79984 ; -0.227909 ; -0.577063
5.27884 ; 5.23968 ; 0.646846 ; 0.301925
5.26355 ; 6.12313 ; 0.545233 ; 0.948501
6.04136 ; 5.9163 ; 1.132 ; 0.724499
5.68959 ; 5.04806 ; 0.556272 ; -0.5437
5.74523 ; 5.36448 ; 0.401192 ; -0.337675
5.94489 ; 5.99391 ; 0.211724 ; 0.199899
5.40568 ; 5.15031 ; -0.126329 ; -0.492686
5.63622 ; 5.38398 ; -0.688178 ; -1.20926
4.92296 ; 5.88857 ; -0.69824 ; 0.813732
5.25712 ; 5.37344 ; -0.683053 ; -0.0229244
5.45973 ; 5.54345 ; -0.224583 ; 0.604704
5.36612 ; 5.88634 ; 0.18415 ; 0.16136
5.04743 ; 5.15058 ; -1.35669 ; 0.171074
5.61613 ; 5.53719 ; 0.791508 ; -1.08748
5.82894 ; 5.46961 ; 1.19927 ; -1.22104
5.82042 ; 5.15952 ; 0.241557 ; -0.667354
5.13847 ; 5.53945 ; -0.33591 ; 0.0502726
5.19202 ; 5.43705 ; -0.3751 ; -1.05293
5.25149 ; 5.98389 ; 0.00551377 ; 0.808856
5.18854 ; 5.25085 ; -0.73851 ; -0.91851
5.36883 ; 5.07367 ; 0.889998 ; -1.28303
5.25779 ; 6.16754 ; 0.546029 ; 1.06785
5.74906 ; 5.79803 ; 0.227123 ; 0.0375093
5.14549 ; 5.46084 ; -1.21472 ; -0.709333
5.74879 ; 5.5695 ; 0.696397 ; -1.14416
5.05608 ; 5.73416 ; -0.617745 ; -0.835426
5.65526 ; 5.38862 ; -0.660676 ; -1.21142
6.08473 ; 5.21033 ; 1.40113 ; -0.722129
6.16707 ; 5.32773 ; 1.32814 ; 0.186464
4.97097 ; 5.86816 ; -0.480398 ; 1.24605
4.81138 ; 5.53621 ; -1.32149 ; -1.17289
6.25904 ; 4.77067 ; 1.34473 ; -1.10441
5.18062 ; 6.06159 ; -1.25626 ; 0.908308
5.13551 ; 5.67325 ; -0.0633354 ; -0.831375
5.29331 ; 5.97063 ; 0.998188 ; 0.685623
5.23337 ; 5.10739 ; -1.25939 ; -1.3266
5.1488 ; 5.18806 ; -0.207174 ; -1.19954
4.89577 ; 6.01839 ; -1.3164 ; 0.916636
5.27708 ; 6.12818 ; -0.317566 ; 0.670272
5.63886 ; 5.84715 ; -0.399354 ; -0.325981
5.36125 ; 5.71472 ; -0.498939 ; -0.573676
5.70091 ; 4.89947 ; 1.20601 ; -0.691395
5.66977 ; 5.3558 ; 0.203189 ; -0.549151
5.72242 ; 5.04287 ; 0.767139 ; 0.0743573
5.8435 ; 5.44802 ; 0.434095 ; -0.815164
5.26182 ; 5.27338 ; -0.106833 ; 0.293415
5.58559 ; 5.27053 ; -1.10806 ; -0.115945
5.4263 ; 4.92607 ; -1.22443 ; -0.466949
5.4306 ; 6.12157 ; -1.04521 ; 1.12617
5.19334 ; 5.1887 ; -1.11188 ; -1.23136
5.24814 ; 5.06241 ; -0.298494 ; -0.88445
5.19214 ; 5.25895 ; -1.03991 ; -1.20022
5.28945 ; 5.97192 ; 0.941365 ; 0.726299
6.13646 ; 5.11759 ; 0.768554 ; -1.06271
5.28977 ; 5.34606 ; 0.910288 ; -1.03029
6.00603 ; 5.62399 ; 0.91499 ; 0.412832
5.39509 ; 5.19612 ; 1.05729 ; -1.0821
5.26247 ; 4.93567 ; 0.753723 ; -1.32451
5.34665 ; 5.55229 ; -1.04179 ; 0.783079
5.98662 ; 5.34631 ; 0.93376 ; -0.210473
5.39719 ; 6.08574 ; 0.656954 ; 1.15536
5.81206 ; 5.40678 ; -0.679236 ; 0.873256
5.14427 ; 5.37174 ; -1.05407 ; 0.432614
5.35694 ; 5.4354 ; -0.777661 ; 0.716217
5.64503 ; 5.00935 ; 0.383015 ; -0.225388
5.32717 ; 5.41491 ; -1.04179 ; 0.501479
5.31762 ; 5.54633 ; -0.811795 ; 0.287645
4.96739 ; 5.92728 ; -0.791495 ; 1.03664
5.73712 ; 5.98298 ; -0.717403 ; 1.33411
5.51003 ; 6.11428 ; -0.366438 ; 0.724903
5.4598 ; 4.77922 ; -0.636375 ; -1.33489
6.06938 ; 4.84489 ; 0.836933 ; -1.12337
5.19996 ; 5.65514 ; 0.291591 ; -0.220513
6.1629 ; 5.83263 ; 0.939487 ; 0.275803
5.66705 ; 5.66337 ; -0.434037 ; 0.601927
5.55744 ; 4.98597 ; -0.218559 ; -1.36302
5.05373 ; 5.85038 ; -0.569776 ; 0.134918
5.89226 ; 5.35576 ; -0.366058 ; 1.03405
5.12298 ; 5.64317 ; -0.848827 ; 1.18262
6.24224 ; 4.97751 ; 1.1701 ; -0.584588
5.22783 ; 5.50866 ; -0.200947 ; -0.297327
5.49702 ; 5.52279 ; 0.567815 ; 1.07279
5.5681 ; 5.7973 ; -0.355822 ; 1.23624
5.06446 ; 5.58586 ; -0.609747 ; 1.25456
5.53309 ; 5.81677 ; 0.396421 ; 0.12915
5.59749 ; 5.86484 ; -0.517495 ; 0.614831
5.78512 ; 5.91478 ; -0.429582 ; 0.164394
4.73798 ; 5.83697 ; -1.36446 ; 0.400501
5.35433 ; 5.57805 ; -0.922732 ; -0.409961
5.19755 ; 5.45706 ; -0.681113 ; 0.740137
4.96936 ; 5.25111 ; -1.22272 ; 0.498423
5.53132 ; 6.12258 ; 0.696506 ; 0.850827
5.82632 ; 5.53254 ; 0.819828 ; -0.131544
5.82695 ; 5.13484 ; 1.07431 ; -0.56403
4.98011 ; 5.57465 ; -0.589518 ; 1.18931
6.12946 ; 5.65587 ; 1.22788 ; 0.803894
5.42549 ; 5.70806 ; 0.956336 ; 1.06348
5.58429 ; 6.15654 ; 0.45198 ; 0.935024
6.04856 ; 4.96312 ; 0.794222 ; -0.936875
4.78589 ; 4.92036 ; -1.36851 ; -0.573145
5.24994 ; 5.15734 ; 0.15554 ; -1.00076
5.52976 ; 5.43922 ; 0.295284 ; -1.21308
5.60546 ; 5.30235 ; -0.775346 ; -0.493079
5.28774 ; 6.22283 ; -0.387311 ; 1.40946
5.82043 ; 4.92669 ; 1.24727 ; -0.668904
5.43942 ; 5.9184 ; 0.734308 ; 0.274362
5.68855 ; 5.63078 ; -1.08288 ; 1.07545
5.79654 ; 5.13965 ; -0.700425 ; -1.26822
5.51884 ; 5.27821 ; -0.236948 ; -0.442547
5.12403 ; 5.45952 ; -0.0292784 ; 0.497378
5.61085 ; 5.17672 ; -0.197954 ; -0.635296
5.87548 ; 5.6689 ; 0.154285 ; -0.129542
5.0392 ; 4.86893 ; -1.22037 ; -1.39793
5.56395 ; 4.9992 ; -1.08699 ; -1.07183
5.71803 ; 5.75802 ; -0.40953 ; -0.469749
6.09642 ; 5.4043 ; 1.06804 ; -0.454201
5.21147 ; 5.30558 ; -0.504849 ; -0.21576
5.96106 ; 5.32329 ; 0.726512 ; -0.254333
5.35252 ; 5.94354 ; 0.668551 ; 0.288769
5.1785 ; 5.22083 ; 0.155813 ; 0.413973
5.16835 ; 5.68299 ; -0.0777222 ; 0.40733
6.06063 ; 5.52679 ; 1.07473 ; 0.0027445
5.26968 ; 5.12426 ; 0.533773 ; -1.10666
6.27998 ; 5.07497 ; 1.19441 ; -0.273832
6.05283 ; 4.91144 ; 1.04707 ; -1.08813
4.9443 ; 5.11463 ; -0.899852 ; -0.972815
5.67424 ; 5.94847 ; 0.104909 ; 1.36412
5.29629 ; 5.33973 ; -0.331993 ; 0.0480746
5.09533 ; 4.9709 ; -1.18048 ; -1.09637
5.7432 ; 6.21016 ; 0.00426 ; 0.953058
5.40217 ; 5.78221 ; 0.47525 ; -0.675357
6.16264 ; 6.17166 ; 0.702634 ; 1.12222
5.12837 ; 5.94572 ; -0.12374 ; 0.185018
4.69551 ; 5.4869 ; -1.36106 ; -0.0916155
5.42755 ; 5.39964 ; 0.10405 ; -0.658518
5.72091 ; 5.0011 ; 1.19502 ; -0.764735
5.67416 ; 5.67897 ; -0.246121 ; 0.704261
5.71654 ; 5.10487 ; 0.420148 ; -1.10223
5.19209 ; 6.17461 ; -1.12032 ; 0.81176
5.38823 ; 4.93792 ; 1.15817 ; -0.347457
6.31895 ; 5.40526 ; 1.3985 ; 0.699533
4.96212 ; 5.68093 ; -1.1366 ; -0.247262
5.40923 ; 4.76478 ; 0.092553 ; -1.40352
5.77665 ; 5.95429 ; -0.339892 ; 1.14554
5.55904 ; 5.45823 ; 0.873074 ; 0.0798118
4.9263 ; 5.60984 ; -0.642375 ; -0.149306
5.33785 ; 5.16257 ; -0.166103 ; -0.419928
5.58863 ; 5.54819 ; -0.201685 ; -0.52448
6.14844 ; 5.15629 ; 0.673344 ; 0.468456
5.21897 ; 5.4018 ; 0.347045 ; 0.829846
5.38356 ; 5.59024 ; 0.937271 ; 0.882948
5.29243 ; 5.64776 ; 0.704365 ; -0.45278
6.08499 ; 5.98225 ; 1.1622 ; 0.903357
4.92321 ; 5.76985 ; -1.24663 ; 0.90574
5.16371 ; 5.56633 ; -0.572192 ; 1.18485
6.22995 ; 5.1153 ; 1.173 ; -0.325591
5.35606 ; 5.22506 ; -0.822576 ; 0.223992
5.25118 ; 5.61048 ; 0.51048 ; 0.535939
5.11443 ; 5.71076 ; -0.449706 ; -0.265285
4.86092 ; 5.44401 ; -1.16257 ; 0.0121106
5.20084 ; 5.69845 ; -0.420245 ; -0.61608
4.96934 ; 5.73932 ; -1.25125 ; 0.369919
5.77362 ; 5.12993 ; 0.252647 ; -1.22265
5.14697 ; 4.91849 ; -0.857181 ; -0.594042
5.20399 ; 5.84366 ; 0.593455 ; 0.572727
5.32441 ; 5.4097 ; -1.1369 ; 0.320361
5.57754 ; 5.94346 ; 0.253792 ; -0.0389119
5.63222 ; 5.3453 ; 0.545987 ; 0.337508
5.17046 ; 5.8008 ; -0.983531 ; -0.695299
5.81613 ; 5.20424 ; 1.21972 ; -1.05628
5.06331 ; 5.32536 ; -1.37366 ; -0.879064
5.60952 ; 5.68768 ; 0.579902 ; 0.467983
5.85543 ; 5.10109 ; 0.708416 ; -0.0509071
5.82889 ; 5.09873 ; 0.823203 ; -0.730707
5.54388 ; 5.73493 ; -0.447517 ; 1.08323
5.86966 ; 5.28636 ; -0.162002 ; -0.550442
5.77448 ; 5.65598 ; 0.975106 ; -0.667091
5.65009 ; 6.0615 ; -0.594956 ; 0.536294
5.50963 ; 5.05215 ; -1.18272 ; -1.32477
5.01991 ; 5.02485 ; -1.25771 ; -0.350927
5.5124 ; 6.12678 ; 0.925474 ; 0.848103
4.85022 ; 6.16375 ; -0.708225 ; 0.770796
5.96036 ; 6.22907 ; 0.657531 ; 1.20253
5.7416 ; 5.67549 ; -0.250562 ; -1.05614
5.70021 ; 5.71303 ; -1.00339 ; -0.771943
5.01737 ; 5.45387 ; -0.0360348 ; 0.805355
5.52369 ; 6.01658 ; 0.857555 ; 0.280121
5.83935 ; 5.16308 ; 0.785995 ; -0.767105
5.72904 ; 6.0099 ; -0.0987384 ; 0.732076
5.70483 ; 4.97551 ; 0.690888 ; -1.03442
5.78813 ; 5.51073 ; 0.0368171 ; -0.679947
5.80287 ; 5.42868 ; 0.257462 ; 0.0823564
5.68693 ; 5.72406 ; -1.02931 ; -0.671627
5.32898 ; 5.25797 ; -1.10432 ; 0.925455
5.75286 ; 5.33454 ; 1.0725 ; -0.640414
5.14173 ; 5.91548 ; -0.485202 ; 0.57365
5.9664 ; 5.22883 ; 0.943399 ; 0.2489
4.83189 ; 5.54615 ; -1.14924 ; -0.868032
5.04904 ; 5.11982 ; -0.717143 ; -0.871516
5.18566 ; 5.61074 ; -0.866067 ; 0.415295
5.31963 ; 4.85638 ; -0.0256787 ; -1.07843
5.0158 ; 5.71786 ; -1.34432 ; 0.0992042
4.80171 ; 5.14011 ; -0.943699 ; -0.969745
5.22272 ; 6.06395 ; 0.60251 ; 1.02887
5.60419 ; 5.56651 ; -0.321901 ; -0.781793
5.5363 ; 5.48702 ; 0.186281 ; 0.916892
5.60952 ; 4.93534 ; -1.03603 ; -0.331453
5.11168 ; 5.62948 ; -0.365587 ; 0.762172
6.02549 ; 5.07161 ; 0.962375 ; -1.25686
5.12995 ; 5.23197 ; -0.331002 ; 0.133156
5.36625 ; 5.44117 ; -0.524613 ; 0.603902
5.29051 ; 5.95377 ; -1.02255 ; 0.277123
5.05772 ; 5.76186 ; -0.139136 ; -0.5601
5.03827 ; 5.62479 ; -0.931333 ; -0.816885
5.01893 ; 5.37192 ; -0.0209053 ; 0.434427
5.2206 ; 5.11551 ; -0.468729 ; -0.27277
5.85129 ; 5.57455 ; 1.09252 ; 0.903398
5.9174 ; 5.38375 ; 1.24964 ; -0.932628
5.95423 ; 5.83825 ; 0.631159 ; 0.944371
5.22663 ; 6.10786 ; 0.571734 ; 1.18614
5.67246 ; 5.12496 ; -0.364226 ; -0.435223
5.98019 ; 5.37116 ; 0.793797 ; 1.21597
5.36725 ; 6.06974 ; -1.13417 ; 0.581503
5.33363 ; 5.21463 ; 0.9353 ; -1.07978
5.66259 ; 6.03274 ; -0.985681 ; 0.317417
5.27043 ; 5.20639 ; -0.539321 ; -0.400004
5.68366 ; 5.67971 ; 1.21649 ; 0.612004
5.52759 ; 5.55116 ; 0.451165 ; -0.72159
5.55483 ; 5.25513 ; 0.990283 ; 0.257307
5.79236 ; 5.79003 ; -0.341483 ; -0.26663
5.76565 ; 6.23933 ; -0.209291 ; 1.084
4.98485 ; 5.36175 ; -0.938959 ; -1.17428
4.88666 ; 5.75645 ; -0.781762 ; -0.0910382
5.55683 ; 5.40809 ; 0.629418 ; 1.03635
5.05141 ; 5.56273 ; -1.31373 ; -0.198641
5.38735 ; 5.8817 ; -0.870318 ; -0.310122
5.05614 ; 5.66427 ; -0.806309 ; -0.994139
5.69409 ; 5.56917 ; 0.971668 ; -1.20757
4.96161 ; 6.04494 ; -0.500433 ; 0.827846
5.2828 ; 5.39973 ; -0.737324 ; -0.618699
4.86563 ; 5.66946 ; -0.931844 ; 0.0651292
5.43578 ; 5.16625 ; -0.177587 ; 0.156217
5.76497 ; 5.46636 ; -0.330101 ; 0.785576
5.42629 ; 4.83367 ; -0.1912 ; -1.14184
5.85786 ; 4.8991 ; 0.0709835 ; -0.951652
5.4168 ; 5.68184 ; 0.950246 ; -1.13874
5.75826 ; 5.6092 ; -0.268093 ; -0.176152
5.61183 ; 5.74163 ; 1.19497 ; 0.543509
5.95239 ; 5.19988 ; 0.955899 ; 0.724457
5.95225 ; 4.94659 ; 0.973472 ; -1.01144
5.20578 ; 4.96753 ; -0.60461 ; -0.990661
5.86266 ; 5.36662 ; 0.804091 ; -0.0568989
4.92138 ; 5.47555 ; -1.28756 ; -0.0493077
5.32573 ; 5.46914 ; 0.290756 ; -0.587869
5.96171 ; 5.36462 ; 0.0336044 ; -0.606159
5.64814 ; 5.72499 ; 0.172032 ; 0.756563
6.16796 ; 5.42578 ; 1.24108 ; -0.594157
5.28406 ; 5.41253 ; -0.562401 ; -0.995479
5.58624 ; 6.21967 ; -0.545901 ; 1.23107
5.09242 ; 5.40466 ; -0.707627 ; -0.598254
5.71617 ; 5.92964 ; 0.979275 ; -0.110266
6.08909 ; 5.82571 ; 1.39144 ; -0.0375586
5.14228 ; 5.74877 ; -0.148994 ; -0.586679
5.05272 ; 5.78595 ; -0.456161 ; -0.610805
5.70825 ; 5.7391 ; 0.274019 ; -0.37572
6.10394 ; 5.34741 ; 0.955037 ; -0.825623
5.25621 ; 5.24087 ; -0.685053 ; 0.812109
5.48055 ; 5.69286 ; 0.498258 ; 1.18387
5.28228 ; 5.91066 ; -0.992576 ; 0.12037
6.01928 ; 5.04409 ; 0.564863 ; -0.946643
6.01782 ; 5.74793 ; 1.35483 ; -0.259247
5.43593 ; 5.18115 ; -0.769462 ; 0.442717
5.12013 ; 5.65711 ; -1.03289 ; -0.537607
5.25174 ; 5.41318 ; -0.0798909 ; 0.3195
5.81564 ; 5.66674 ; 1.05799 ; 0.727167
5.46035 ; 5.25893 ; -0.648608 ; 0.797761
5.31466 ; 5.99008 ; -0.0100084 ; 0.0490443
6.02509 ; 4.97056 ; 0.153374 ; -0.362832
5.05463 ; 5.17893 ; -0.593514 ; -0.744341
5.81213 ; 5.89569 ; 0.679148 ; 0.249216
5.96897 ; 5.7574 ; 0.805687 ; 1.02222
5.37601 ; 5.52842 ; 0.982032 ; -0.627903
5.47428 ; 5.02609 ; 0.323723 ; -0.138147
5.22914 ; 5.57412 ; 0.231004 ; 0.0763009
5.08805 ; 5.25009 ; -0.460145 ; -0.782492
5.42738 ; 6.20112 ; 0.902989 ; 1.28634
5.52347 ; 5.23578 ; 0.0319892 ; -1.18987
5.42458 ; 5.85974 ; 1.03921 ; 1.33212
5.05877 ; 6.14075 ; -0.0455441 ; 0.782437
5.74552 ; 5.61903 ; -0.696878 ; 0.265717
5.74486 ; 4.87418 ; -0.909919 ; -0.741701
5.98209 ; 5.15379 ; 1.11303 ; -0.894978
5.65545 ; 5.22067 ; 0.968544 ; -1.08161
5.08434 ; 5.12199 ; -1.00013 ; -0.172581
5.66667 ; 5.32536 ; 1.2047 ; -0.10597
5.561 ; 5.53188 ; 1.09295 ; 0.0564311
5.58423 ; 6.16669 ; -0.184306 ; 1.20011
5.30975 ; 5.50293 ; -0.127347 ; 0.166677
5.50561 ; 6.11627 ; 0.109409 ; 0.628325
6.01302 ; 4.99701 ; 0.107699 ; -0.955354
5.39262 ; 6.15228 ; 1.10701 ; 0.74389
5.72327 ; 4.75731 ; 1.18157 ; -1.21666
5.52639 ; 6.192 ; 1.13159 ; 1.29146
5.80622 ; 5.21492 ; 0.59632 ; 0.0850931
5.43074 ; 5.37966 ; 1.01678 ; 0.239875
6.21792 ; 5.55088 ; 1.27345 ; -0.329899
5.29353 ; 5.65409 ; 0.346788 ; 1.02467
5.9252 ; 4.67596 ; 0.634287 ; -1.35639
5.08976 ; 5.49972 ; 0.0615679 ; -1.13776
5.85396 ; 6.05424 ; 0.426546 ; 0.721782
5.65063 ; 5.95905 ; 1.04678 ; 1.20014
5.24001 ; 5.96991 ; -1.14576 ; 0.861137
5.07235 ; 5.54049 ; -0.250232 ; -0.687665
5.74726 ; 6.26967 ; -0.522312 ; 1.21956
6.03504 ; 5.63526 ; 0.977438 ; 0.303478
5.18903 ; 5.55204 ; -0.860846 ; -0.806538
6.11294 ; 5.43626 ; 0.835082 ; 0.404939
5.98354 ; 5.74256 ; 0.104403 ; 1.03298
5.25215 ; 6.25108 ; 0.558817 ; 1.33632
5.48341 ; 5.57627 ; 0.0348596 ; -0.791494
6.0145 ; 5.78291 ; 1.22086 ; -0.147389
5.82263 ; 5.67878 ; 1.21616 ; -0.671134
5.6956 ; 5.5314 ; 0.291732 ; 0.234806
6.06437 ; 5.46826 ; 1.16738 ; -0.115935
6.12207 ; 5.72288 ; 0.676287 ; 1.15251
5.09708 ; 6.08007 ; -0.987091 ; 0.627142
5.01372 ; 5.48327 ; -0.903632 ; 0.213118
5.75213 ; 5.30366 ; -0.678454 ; -1.26652
5.86471 ; 5.30363 ; -0.456801 ; -1.29035
4.79076 ; 5.64806 ; -1.13582 ; 0.641734
5.31913 ; 5.82361 ; -0.457505 ; 0.679956
5.02741 ; 5.60886 ; -0.636723 ; 0.125518
5.30054 ; 4.95813 ; -0.716826 ; -1.18219
5.60473 ; 5.07357 ; -0.016889 ; 0.0537413
6.22044 ; 5.85165 ; 1.41822 ; 1.03739
5.59617 ; 5.30032 ; -1.18786 ; -0.699742
5.69838 ; 5.45737 ; -0.114884 ; -0.187358
6.18975 ; 5.86423 ; 1.00311 ; 0.566724
4.73143 ; 5.47839 ; -1.37698 ; 0.845666
5.584 ; 5.26571 ; -1.16052 ; -0.440783
4.89175 ; 5.75842 ; -0.551014 ; -0.259256
5.32347 ; 5.38175 ; -0.150741 ; 0.212708
5.35668 ; 6.14977 ; -0.530752 ; 1.21573
5.75172 ; 4.97337 ; 0.486221 ; -0.797687
4.9721 ; 5.41181 ; -0.27456 ; 0.0625517
5.11176 ; 5.02684 ; -1.0213 ; -1.31369
5.38506 ; 5.924 ; -1.17225 ; -0.0784781
5.20581 ; 5.14906 ; -1.07054 ; -0.0629021
5.9097 ; 4.89512 ; 1.10829 ; -0.54649
5.40754 ; 5.36378 ; 0.757956 ; -0.403951
5.95458 ; 5.77008 ; 0.853496 ; -0.483092
5.44996 ; 5.61802 ; -0.500208 ; 0.199263
5.24673 ; 5.58394 ; -0.940002 ; -0.804945
5.22303 ; 5.32326 ; 0.755405 ; 0.207094
5.57282 ; 5.05061 ; -0.766833 ; -0.201991
5.78094 ; 5.25344 ; -0.696641 ; -0.160186
5.21462 ; 5.34482 ; 0.104294 ; 0.313618
6.1065 ; 5.43681 ; 1.13773 ; 0.204782
5.26768 ; 5.82431 ; -0.13965 ; 0.967845
4.93165 ; 5.39323 ; -1.23343 ; 0.327679
5.39434 ; 5.13553 ; 9.06643e-05 ; -0.404032
5.52925 ; 5.77577 ; 0.553138 ; 0.851155
5.41537 ; 5.13117 ; -0.0935684 ; -0.927527
5.8094 ; 5.70234 ; 1.17459 ; 1.28065
5.44062 ; 5.25713 ; -0.314239 ; -0.904312
5.38601 ; 5.86105 ; 0.16813 ; 0.173656
5.7371 ; 5.78143 ; 0.0350125 ; -0.0755343
5.54411 ; 5.83293 ; 1.05678 ; 0.277065
4.80786 ; 5.49115 ; -1.34129 ; 0.84628
5.39785 ; 5.09335 ; -0.563621 ; -0.181744
5.50929 ; 5.74241 ; -1.03998 ; 0.107453
5.55243 ; 5.57112 ; -0.779247 ; -1.15223
5.59024 ; 6.03958 ; 0.226405 ; 1.30391
5.31948 ; 5.36709 ; -1.06011 ; 0.143345
5.45687 ; 5.93646 ; 0.412466 ; -0.00664984
5.66849 ; 5.173 ; 0.5322 ; -0.211039
5.73099 ; 5.18226 ; 0.117752 ; -0.267596
6.1106 ; 4.97669 ; 0.632783 ; -1.16256
5.18893 ; 5.66286 ; -0.671363 ; 0.098413
5.57488 ; 5.59795 ; -1.1512 ; 0.728173
5.90564 ; 5.56434 ; 1.29579 ; -0.99501
5.37597 ; 5.65512 ; 0.954305 ; 0.120621
5.44043 ; 5.08518 ; 0.168831 ; -0.0405115
5.76979 ; 5.50464 ; 0.424064 ; -0.464298
5.23347 ; 5.34855 ; -0.756596 ; 0.046433
5.16468 ; 5.49097 ; -0.928404 ; -0.156049
5.98844 ; 5.86265 ; 0.413713 ; 0.0921875
5.52746 ; 5.32695 ; 0.777703 ; -0.976288
6.03654 ; 5.14316 ; 0.6042 ; 0.355728
5.11971 ; 5.17543 ; -0.067463 ; 0.39319
5.81781 ; 4.89927 ; 0.59804 ; -1.39403
6.03133 ; 4.90516 ; 0.554922 ; -1.0605
4.9237 ; 5.96906 ; -0.394031 ; 0.888686
5.02946 ; 5.86707 ; -1.24131 ; 0.370644
6.06707 ; 5.81352 ; 1.14008 ; -0.0880898
5.83275 ; 5.83718 ; -0.190916 ; 0.227649
5.2322 ; 4.91397 ; 0.399156 ; -1.07912
5.24915 ; 5.3715 ; 0.358731 ; 1.10254
5.48992 ; 5.9841 ; 0.815603 ; 0.237575
5.64077 ; 5.13217 ; 0.10105 ; -1.08066
4.93742 ; 5.97798 ; -1.37303 ; 1.15798
5.65484 ; 5.18142 ; -0.674781 ; -1.2154
5.4665 ; 5.31449 ; 0.744305 ; 0.509439
5.63205 ; 5.7389 ; 0.847435 ; -0.64793
5.78885 ; 5.65231 ; 0.766304 ; 0.66525
5.83426 ; 5.19952 ; 1.31845 ; 0.0299258
5.33635 ; 4.91605 ; 0.184754 ; -0.755982
5.81542 ; 6.04691 ; 0.353213 ; 0.762273
4.88551 ; 5.826 ; -1.31215 ; -0.399561
4.88409 ; 5.68894 ; -1.27029 ; -0.289637
6.05837 ; 5.1142 ; 0.552492 ; -1.31992
5.04911 ; 5.9507 ; -0.510786 ; 0.943627
5.43955 ; 5.54433 ; 0.54098 ; 0.873626
5.18545 ; 5.02896 ; 0.309402 ; -1.28377
5.30732 ; 4.6875 ; 0.64662 ; -1.30473
5.99503 ; 5.64441 ; 0.341271 ; 1.16667
6.00202 ; 5.48084 ; 0.176645 ; 0.272706
5.65867 ; 5.40534 ; 1.04866 ; 0.823378
5.50542 ; 5.87225 ; -0.0400647 ; 0.870619
5.36704 ; 5.61881 ; -0.646 ; -1.04395
5.74431 ; 5.78526 ; -0.87529 ; -0.305839
5.37646 ; 5.74034 ; 1.00938 ; 0.732924
5.88608 ; 5.85705 ; -0.00956938 ; -0.412236
4.89487 ; 4.86533 ; -0.734795 ; -0.93216
5.05253 ; 5.63204 ; -0.668797 ; -0.200477
5.28805 ; 6.28707 ; -0.334883 ; 1.29739
6.18977 ; 5.3561 ; 0.988935 ; -0.838115
5.46616 ; 5.98007 ; 0.909323 ; 0.587606
4.99656 ; 5.79002 ; -1.18301 ; 0.741681
5.71631 ; 5.79299 ; 0.348257 ; -0.359474
5.62392 ; 4.99774 ; 0.67058 ; -0.553809
5.65587 ; 5.30525 ; 0.484351 ; -0.994228
5.10829 ; 5.80532 ; -0.787808 ; -0.513296
5.70355 ; 5.85686 ; -0.801764 ; 0.522604
5.40253 ; 5.32832 ; -0.587261 ; -1.23095
5.64208 ; 5.66516 ; 0.127782 ; -0.531245
5.0078 ; 6.28856 ; -0.501385 ; 1.22591
5.48471 ; 5.31217 ; 0.318679 ; -0.638282
6.05907 ; 6.20922 ; 0.59718 ; 1.12208
6.3157 ; 5.92406 ; 1.40638 ; 1.05576
5.19384 ; 5.03894 ; -1.2402 ; -0.335149
5.77216 ; 6.03548 ; 0.524005 ; 0.847847
5.25708 ; 6.17054 ; 0.0184645 ; 0.860992
5.7219 ; 5.63297 ; 0.448064 ; -0.65388
5.22459 ; 5.10896 ; 0.34731 ; -1.06989
5.52931 ; 5.55488 ; 0.974269 ; -1.01583
5.23032 ; 5.43282 ; -1.16239 ; -0.625963
5.27212 ; 5.83812 ; -0.147201 ; 0.435964
5.9201 ; 5.18458 ; 0.031382 ; -0.412049
5.46523 ; 5.361 ; 1.12827 ; 0.228694
5.72305 ; 5.91358 ; 0.364589 ; 1.34806
4.96493 ; 5.1828 ; -0.743523 ; -1.01528
5.34787 ; 5.44215 ; -0.745502 ; 0.524269
6.14161 ; 5.65994 ; 1.20819 ; 1.18486
6.16414 ; 5.22118 ; 0.977053 ; 0.287188
5.60115 ; 5.19985 ; -0.0193255 ; -1.07624
5.36963 ; 5.65764 ; -0.294765 ; -0.0507771
5.83988 ; 5.41609 ; 0.230942 ; 1.12379
5.75435 ; 5.05192 ; 0.543243 ; -1.15213
5.20168 ; 5.62837 ; 0.165831 ; -0.832508
6.1616 ; 5.71957 ; 0.932624 ; 0.647825
5.6477 ; 5.02228 ; 0.142468 ; -1.1251
5.79948 ; 5.51901 ; 0.936809 ; 0.133555
5.20762 ; 5.67225 ; -0.392309 ; -1.04225
4.94077 ; 5.97013 ; -0.791429 ; 1.23158
4.8956 ; 5.82015 ; -0.973314 ; 0.650913
5.06781 ; 4.88335 ; -1.1857 ; -1.21746
5.06878 ; 5.09608 ; -0.565947 ; -0.669309
5.58093 ; 5.66905 ; 1.03344 ; -0.442563
5.92342 ; 5.64029 ; 0.0368768 ; 0.307811
5.72986 ; 5.60539 ; 0.105084 ; -0.264077
4.9642 ; 5.52809 ; -0.357211 ; 0.589285
5.08975 ; 5.4013 ; -0.913425 ; -0.61411
4.84891 ; 5.835 ; -1.25286 ; 0.242372
6.05993 ; 4.77713 ; 0.586458 ; -0.921756
5.53512 ; 5.19869 ; -0.0614657 ; -0.946868
5.03784 ; 5.09288 ; -0.267175 ; -0.441617
5.33884 ; 4.87954 ; 0.0511926 ; -0.600115
5.5443 ; 5.77387 ; -0.704346 ; -0.443754
5.63541 ; 5.25637 ; -0.556589 ; -1.03502
5.58196 ; 5.29528 ; 0.20029 ; 0.511984
5.8731 ; 5.55415 ; 0.137765 ; -0.657892
5.58366 ; 4.89167 ; -0.442155 ; -1.15123
5.26605 ; 6.08502 ; 0.0889773 ; 1.02055
5.22238 ; 6.04212 ; 0.816312 ; 0.773978
5.67451 ; 5.60191 ; -1.06373 ; 0.419275
6.18276 ; 4.87509 ; 0.992887 ; -0.774124
5.16944 ; 5.49388 ; 0.188219 ; -0.299387
5.22943 ; 5.47105 ; 0.338338 ; -0.897504
5.55513 ; 5.42783 ; -1.11061 ; -0.912462
5.99831 ; 6.10871 ; 0.663388 ; 1.07755
5.06498 ; 5.91339 ; -0.08829 ; 0.0869792
5.71557 ; 5.82977 ; -0.628784 ; 0.36457
5.68514 ; 5.54892 ; -1.14591 ; 1.09457
5.77486 ; 5.88453 ; 0.129104 ; 0.487764
5.64504 ; 4.81481 ; -0.275236 ; -1.30833
5.52982 ; 5.57757 ; 1.03906 ; -0.456839
5.59834 ; 5.2761 ; 0.443249 ; 0.790363
6.19559 ; 4.99902 ; 1.30263 ; -0.174729
5.58649 ; 5.27017 ; 0.431744 ; -0.515596
6.27008 ; 5.54425 ; 1.17751 ; -0.697078
6.01174 ; 6.02737 ; 1.17343 ; 0.308467
5.51536 ; 5.38261 ; 0.598036 ; 0.854309
5.84689 ; 5.65515 ; 0.498538 ; -0.61264
5.31717 ; 6.00015 ; -0.120693 ; 1.20941
5.72916 ; 5.28893 ; 1.02865 ; 0.494678
5.93716 ; 5.5398 ; 0.814418 ; -0.231989
5.07086 ; 5.00344 ; -0.668755 ; -1.10263
4.97629 ; 5.52016 ; -0.744749 ; -0.345357
5.16148 ; 5.20795 ; 0.187032 ; -0.635668
5.70632 ; 5.90981 ; 0.927869 ; 0.221781
5.07296 ; 5.92937 ; -1.24906 ; -0.213085
5.74533 ; 5.6606 ; -0.246288 ; 0.393309
5.79072 ; 5.18324 ; 0.183073 ; -0.875702
5.55755 ; 5.75907 ; 0.0359723 ; 0.171823
5.53654 ; 5.59054 ; 1.00516 ; 0.174296
5.4934 ; 5.91867 ; -1.0538 ; 0.811853
5.05852 ; 5.11099 ; -0.494889 ; -0.232773
5.50379 ; 5.88585 ; -0.130173 ; 1.28549
5.46717 ; 6.3199 ; 0.709166 ; 1.41816
5.4273 ; 5.12228 ; -0.302491 ; 0.308861
5.80525 ; 6.02571 ; -0.498268 ; 1.04082
5.54627 ; 5.53578 ; 0.957806 ; -0.754866
4.96669 ; 5.83622 ; -0.371441 ; 1.04528
5.52509 ; 5.28138 ; 1.05781 ; -0.632077
5.90176 ; 5.14849 ; -0.332104 ; -0.0937952
6.01329 ; 5.34236 ; 0.399984 ; -1.26121
5.12865 ; 5.13918 ; 0.0206089 ; 0.329609
5.34468 ; 5.87567 ; 0.728609 ; -0.115112
5.44913 ; 6.19608 ; -1.00949 ; 1.29257
5.9726 ; 5.00061 ; 1.27412 ; -1.10049
4.94456 ; 6.06433 ; -1.00002 ; 0.518401
5.63642 ; 5.58481 ; 0.00326997 ; 0.592298
5.43277 ; 5.67257 ; 0.751256 ; -0.394336
4.81656 ; 5.21435 ; -0.94113 ; 0.775848
4.87023 ; 5.2427 ; -0.859015 ; -0.323854
5.98533 ; 5.27666 ; 0.744502 ; -1.15464
5.38858 ; 5.83362 ; 0.463695 ; 0.598388
5.30454 ; 5.21337 ; 0.594443 ; -0.252645
5.90276 ; 5.1297 ; 0.850635 ; -1.22079
5.9777 ; 4.82105 ; 1.03799 ; -0.972964
5.36747 ; 4.84972 ; 1.00898 ; -1.34298
5.68921 ; 6.11236 ; 0.566283 ; 1.05376
5.37782 ; 5.85674 ; 0.0309064 ; 1.00012
5.31029 ; 5.42311 ; -1.09593 ; -0.209816
6.06473 ; 5.28284 ; 0.744623 ; 1.04763
5.61623 ; 5.50953 ; -0.692552 ; 0.0326387
5.75174 ; 6.2374 ; -0.24779 ; 1.27674
6.11251 ; 5.22427 ; 1.1423 ; 0.667617
5.89385 ; 5.63202 ; 1.2738 ; 1.22862
4.94419 ; 5.60362 ; -0.900865 ; 0.798101
5.6528 ; 5.56508 ; -1.05722 ; 0.806016
5.06616 ; 5.80132 ; -0.55916 ; 0.316518
5.07994 ; 5.67248 ; -1.19392 ; -1.08941
5.96167 ; 5.75692 ; 1.35412 ; -0.210705
5.28404 ; 5.65419 ; 0.925207 ; -0.597672
5.79547 ; 6.17294 ; -0.697081 ; 1.22316
4.70431 ; 5.56308 ; -1.32525 ; -0.924396
5.37932 ; 5.13175 ; 0.869649 ; -0.874991
5.04473 ; 5.54462 ; -0.640782 ; -0.576789
5.02871 ; 6.15812 ; -0.441354 ; 0.812575
6.02397 ; 5.14055 ; 1.00629 ; 0.332666
4.91697 ; 5.14549 ; -0.82161 ; 0.0878555
5.13383 ; 5.77736 ; -0.0769225 ; 0.621416
5.64176 ; 5.58029 ; -0.373359 ; -0.12111
5.05854 ; 5.71369 ; -0.271817 ; 0.123459
5.16596 ; 6.04878 ; -0.701386 ; 0.672084
4.97273 ; 5.33325 ; -0.517956 ; -0.116448
5.29901 ; 5.33425 ; 0.214615 ; 0.951467
5.9677 ; 5.38692 ; 1.20378 ; -1.20392
5.78186 ; 5.42753 ; 1.00804 ; 1.09043
5.29635 ; 5.90561 ; -0.257638 ; 0.0569587
5.92335 ; 6.25159 ; -0.0934082 ; 1.12025
5.12053 ; 5.64208 ; 0.312153 ; 1.18792
5.19236 ; 4.9383 ; 0.64745 ; -0.839419
5.05066 ; 5.45774 ; -1.20598 ; 0.254959
5.74525 ; 5.64787 ; -0.476802 ; 0.933723
4.88302 ; 5.59928 ; -0.846837 ; 0.393305
5.13457 ; 5.50399 ; 0.385716 ; -0.360953
5.37567 ; 5.72208 ; -0.709162 ; -0.774385
5.21053 ; 5.84265 ; -0.812864 ; 0.0398585
5.21958 ; 5.54288 ; -0.627359 ; -0.325902
5.63898 ; 4.83344 ; -0.407155 ; -0.982541
5.85126 ; 4.67557 ; 0.812599 ; -1.36461
5.36107 ; 5.69063 ; -0.0634685 ; 1.06451
5.81482 ; 5.28037 ; -0.395018 ; -0.0322372
5.60536 ; 5.88192 ; 0.980397 ; 1.24454
5.12298 ; 5.48934 ; 0.0761777 ; -1.20071
6.10454 ; 5.42959 ; 1.24441 ; -0.714336
5.31171 ; 5.5082 ; 0.116007 ; 0.178662
5.72726 ; 5.28292 ; -0.746294 ; -1.11673
6.12196 ; 5.75182 ; 1.12929 ; -0.0396089
6 ; 5.31887 ; 0.307003 ; 1.20688
5.95532 ; 6.05229 ; -0.115791 ; 0.637257
5.41506 ; 5.6962 ; 0.468944 ; -0.495195
5.74122 ; 5.53825 ; 0.637664 ; -0.65343
5.86627 ; 6.13271 ; 0.386567 ; 0.768373
5.03902 ; 6.22069 ; -0.368629 ; 1.0892
5.48864 ; 5.33801 ; 0.0926789 ; -0.982186
5.29615 ; 5.34368 ; -0.553196 ; -1.08282
5.78874 ; 4.9706 ; 0.92585 ; -0.792897
5.12377 ; 4.89509 ; -1.29669 ; -1.13268
5.47568 ; 5.65487 ; 0.73209 ; -0.897846
5.54734 ; 6.18363 ; 0.475965 ; 1.14522
5.07187 ; 5.39022 ; -0.0262062 ; 0.891862
5.32441 ; 5.93944 ; 0.230583 ; 0.750998
5.54772 ; 5.08127 ; -0.0864947 ; -0.772628
5.93737 ; 5.22733 ; 0.75607 ; -0.191128
5.00722 ; 5.43872 ; -1.06486 ; 0.707695
5.47051 ; 5.15736 ; 0.849333 ; 0.0229717
5.47183 ; 5.9007 ; 0.961327 ; -0.100006
5.43183 ; 5.86391 ; -0.633919 ; 1.21426
5.5759 ; 5.66543 ; 0.246681 ; 0.0743811
5.76205 ; 5.43413 ; -0.772089 ; 0.488549
6.12021 ; 5.78578 ; 0.846034 ; -0.466204
5.64535 ; 5.36315 ; 0.592308 ; -1.01661
5.73271 ; 5.16577 ; 0.309786 ; -0.777587
5.25359 ; 5.63374 ; -1.10682 ; -0.115498
5.24335 ; 5.05274 ; 0.771037 ; 0.0597781
5.43161 ; 5.80354 ; -0.0669198 ; 0.729762
6.0049 ; 5.14826 ; 0.937041 ; -0.74087
5.68178 ; 5.74805 ; 0.535532 ; -0.905188
5.33478 ; 5.56868 ; 0.223781 ; 1.01861
4.8696 ; 5.58305 ; -1.19015 ; 0.7111
5.22287 ; 5.55829 ; 0.0788876 ; 1.03694
5.36214 ; 5.83479 ; -0.890665 ; 0.304652
6.02005 ; 5.616 ; 0.91138 ; 0.239143
5.43486 ; 5.77036 ; -0.813847 ; 0.648658
5.39268 ; 5.2281 ; 1.01501 ; -0.463863
5.64245 ; 5.151 ; -0.14598 ; -0.964379
5.63038 ; 5.1257 ; 1.07899 ; -0.876433
5.283 ; 5.11784 ; -0.608922 ; -0.0198781
5.29182 ; 5.7871 ; 0.485407 ; -0.336217
5.76006 ; 5.5983 ; 0.0984814 ; -0.381569
5.30512 ; 5.69313 ; -0.581979 ; -1.12461
6.26957 ; 5.49003 ; 1.30534 ; -0.648186
5.3246 ; 5.14811 ; -1.16691 ; -0.36225
5.9179 ; 5.63448 ; 0.0101667 ; -0.0455377
5.58071 ; 5.93632 ; 0.00641754 ; 0.445537
5.0211 ; 5.28334 ; -1.15826 ; 1.02267
5.62396 ; 4.90292 ; 0.353708 ; -1.37347
5.97086 ; 5.83053 ; 0.85904 ; 0.648811
5.15958 ; 5.85041 ; 0.129189 ; 0.465298
5.4357 ; 5.52097 ; 0.708064 ; 0.33159
5.4475 ; 5.21957 ; 0.848616 ; -0.904547
5.24226 ; 5.77434 ; 0.0900419 ; 0.321656
5.13829 ; 5.00972 ; -0.571103 ; -0.470342
5.51106 ; 5.23603 ; -0.302328 ; -0.642831
6.00339 ; 5.51066 ; 0.759195 ; 0.769515
5.78057 ; 6.31171 ; 0.0731503 ; 1.29942
5.59344 ; 4.88991 ; 0.542785 ; -1.30239
5.87006 ; 5.70634 ; -0.108975 ; -0.333688
5.45189 ; 5.17342 ; -0.33146 ; -0.591061
5.1117 ; 5.04981 ; -1.08583 ; -0.0560312
5.49523 ; 5.45503 ; 1.02211 ; 0.613062
6.01978 ; 5.12324 ; 1.18747 ; -0.974527
5.41321 ; 5.22468 ; -1.20749 ; -0.490931
5.47621 ; 4.96766 ; -0.83323 ; -1.1796
5.33776 ; 5.63104 ; -0.100617 ; -0.648791
5.08774 ; 5.58911 ; -0.662178 ; 0.737121
5.81178 ; 5.66058 ; -0.381529 ; -1.15885
5.32293 ; 5.98026 ; -1.1579 ; 0.76603
5.44375 ; 6.071 ; -0.720487 ; 1.32645
5.93286 ; 5.59803 ; 0.502544 ; -0.111727
5.24792 ; 5.18081 ; -0.771299 ; -0.323676
5.90185 ; 4.97781 ; 1.32327 ; -0.286019
5.70285 ; 5.12219 ; 0.848804 ; -1.30451
5.28166 ; 5.80607 ; -0.907945 ; 0.796373
5.98684 ; 5.62746 ; 1.15345 ; -0.709912
5.82497 ; 5.17304 ; 1.18801 ; -0.845837
6.06409 ; 5.25285 ; 0.881306 ; -0.375981
5.27332 ; 5.80297 ; 0.998918 ; 0.183351
6.14197 ; 5.40101 ; 1.19073 ; -0.869606
5.27378 ; 5.60189 ; 0.360904 ; 0.778944
5.76263 ; 5.56683 ; -0.145039 ; -0.432673
5.80554 ; 5.7387 ; -0.181018 ; 0.102377
5.7255 ; 5.74158 ; 1.0532 ; 0.753963
5.43326 ; 5.63266 ; -1.18766 ; 1.09934
6.03231 ; 5.89563 ; 0.248654 ; 0.420838
5.16526 ; 6.02737 ; -0.25635 ; 0.806268
4.99077 ; 5.39337 ; -0.734223 ; -0.372971
5.67518 ; 6.06349 ; 0.66019 ; 1.22377
5.77369 ; 5.65973 ; -0.411182 ; 0.23587
5.59665 ; 5.80879 ; -0.206168 ; -0.453882
5.88783 ; 5.51168 ; 0.0791596 ; -0.00103496
5.62056 ; 5.64877 ; 0.553711 ; 0.672068
5.61041 ; 5.69769 ; -0.354999 ; -0.898537
6.03273 ; 5.10328 ; 0.762854 ; -0.857995
5.73958 ; 5.64225 ; -0.0307081 ; 0.518809
5.75604 ; 5.85737 ; 0.63456 ; 0.901959
5.80311 ; 5.74962 ; -0.374263 ; 1.06175
5.53945 ; 5.40211 ; 0.235296 ; 0.989764
5.92493 ; 5.20809 ; 0.964947 ; -0.44684
5.85005 ; 5.46443 ; -0.0327862 ; -0.518491
6.10542 ; 5.03229 ; 1.08132 ; 0.0794819
5.99707 ; 4.68677 ; 1.03308 ; -1.29138
5.39444 ; 5.60995 ; -1.23133 ; 0.577053
5.7117 ; 5.54687 ; 0.596344 ; 0.00605452
5.58454 ; 6.22806 ; 0.626219 ; 1.2823
5.67187 ; 5.68336 ; -0.876185 ; 1.05342
5.40508 ; 5.73114 ; 0.813152 ; 0.923256
5.36661 ; 5.70027 ; -0.309511 ; 0.876151
5.44597 ; 5.01293 ; 1.23476 ; -0.250676
5.58001 ; 5.06677 ; 0.438517 ; -0.475437
6.01458 ; 5.87828 ; 0.203725 ; 0.344265
5.20149 ; 5.5579 ; -1.16589 ; -0.528589
5.16917 ; 5.34347 ; -0.560836 ; -0.989056
5.41561 ; 6.2041 ; -0.0442315 ; 1.29675
5.90716 ; 5.41199 ; 0.975757 ; 0.568546
5.41026 ; 5.28459 ; 0.552555 ; -1.23271
5.16608 ; 5.18895 ; 0.10255 ; 0.581069
5.38856 ; 5.39344 ; -0.583616 ; -0.966218
5.73094 ; 5.93814 ; -0.14148 ; 0.797155
5.01608 ; 5.75295 ; -0.896806 ; -0.392741
6.01948 ; 5.21871 ; 0.70105 ; -0.916555
4.96524 ; 5.6275 ; -1.1336 ; -0.766384
5.4955 ; 5.49626 ; -0.0810628 ; -0.906351
5.78056 ; 6.1867 ; -0.519411 ; 0.801672
5.04953 ; 5.52588 ; -0.307727 ; 0.970186
5.82447 ; 5.9755 ; 0.93826 ; 1.11577
5.66548 ; 6.17427 ; 1.18102 ; 0.799552
5.10471 ; 4.957 ; -1.27232 ; -0.717263
4.74671 ; 5.73466 ; -1.26895 ; -0.584783
5.30511 ; 4.72784 ; -0.542026 ; -1.2563
4.8874 ; 6.2654 ; -0.628046 ; 1.14346
5.30489 ; 5.98625 ; 0.978574 ; 0.785428
5.57392 ; 5.98433 ; -1.11615 ; 0.405619
5.75403 ; 5.30715 ; 0.596748 ; -0.898449
5.29439 ; 5.33894 ; 0.874968 ; 1.04345
5.0673 ; 5.44386 ; -0.662688 ; -1.02605
5.14815 ; 5.06071 ; 0.269572 ; -0.442178
5.55852 ; 5.31717 ; 0.865373 ; -0.221183
5.29923 ; 5.74497 ; 0.447407 ; -0.684263
5.67437 ; 5.34807 ; -0.224829 ; -0.0855551
4.68609 ; 5.04811 ; -1.37021 ; -1.21789
5.82953 ; 5.16473 ; -0.594472 ; -0.350319
6.0519 ; 5.75886 ; 0.415878 ; -0.316438
5.31628 ; 5.09945 ; 0.922285 ; -0.938631
5.787 ; 5.85762 ; 0.484242 ; 0.147989
5.13929 ; 5.25423 ; -1.26298 ; -0.0418482
5.64543 ; 4.77637 ; 0.079197 ; -1.32164
5.32026 ; 4.95702 ; -1.1329 ; -0.644044
6.00516 ; 5.05116 ; 1.07033 ; -0.516297
4.88679 ; 5.19966 ; -0.508192 ; 0.675489
5.61405 ; 4.88367 ; -0.646168 ; -1.10095
5.49272 ; 5.65594 ; 0.594237 ; 0.350533
5.2172 ; 5.35582 ; -0.538131 ; 0.1352
5.39548 ; 5.11412 ; 0.925557 ; 0.261448
5.14604 ; 5.38973 ; -0.870502 ; -0.535913
5.33791 ; 5.91613 ; -0.945654 ; 0.134252
5.21931 ; 5.59362 ; -0.348806 ; 0.767456
5.86257 ; 5.47812 ; 0.0456729 ; 0.86521
5.49148 ; 5.78197 ; -1.09902 ; 0.802367
5.20837 ; 5.18285 ; -0.381875 ; -0.461662
4.69583 ; 5.30233 ; -1.40995 ; -0.685716
5.48814 ; 5.63408 ; 0.506152 ; 1.25316
5.01868 ; 4.84535 ; -0.525028 ; -1.13902
5.64249 ; 5.71892 ; 0.276107 ; -0.143784
5.23098 ; 5.15231 ; -0.649446 ; -0.254037
5.05863 ; 5.30916 ; -0.314653 ; -0.211922
5.11769 ; 5.13563 ; 0.31189 ; -0.585232
5.31111 ; 5.07139 ; 0.575447 ; -1.27585
4.84998 ; 5.1937 ; -1.26996 ; -0.7053
4.95295 ; 5.71255 ; -1.13319 ; -0.311862
4.95853 ; 5.83095 ; -0.860953 ; 0.198115
5.01127 ; 5.66331 ; -0.748046 ; 0.742196
5.37959 ; 5.43836 ; 0.0829327 ; 0.177049
5.4486 ; 5.79862 ; -0.630661 ; -0.377792
5.40292 ; 5.2158 ; -0.677946 ; -1.06206
5.54507 ; 5.58243 ; -0.477854 ; 0.029353
5.92217 ; 5.33171 ; 0.058695 ; -0.645589
5.55961 ; 5.11911 ; -1.01206 ; 0.10894
5.83512 ; 4.72148 ; 0.60899 ; -1.33708
5.53681 ; 5.66148 ; 0.620259 ; 0.883752
5.91699 ; 5.27262 ; 1.3549 ; 0.891907
5.22148 ; 5.3824 ; -0.159863 ; 1.19852
5.80491 ; 5.33356 ; -0.545154 ; 0.333773
5.64942 ; 5.94005 ; -0.64458 ; 1.05282
5.56835 ; 5.40639 ; 0.850332 ; 0.45373
5.02177 ; 5.26553 ; -1.25066 ; -0.867491
5.23905 ; 5.3239 ; -0.804363 ; 0.91299
5.29137 ; 5.16934 ; -0.330937 ; -1.05198
5.20345 ; 5.15603 ; -0.674397 ; -1.31138
5.6571 ; 5.71407 ; -0.0115186 ; -0.408785
6.05371 ; 5.26118 ; 0.43977 ; -1.07468
5.92122 ; 5.90801 ; 0.595402 ; 0.131125
5.41799 ; 5.39253 ; 0.244642 ; -0.929063
4.94742 ; 4.96026 ; -1.12145 ; -0.837942
5.09849 ; 5.246 ; 0.176965 ; 0.0310754
5.27777 ; 5.73949 ; 0.467516 ; 0.409852
5.3455 ; 6.10019 ; -1.15635 ; 0.482105
5.46955 ; 5.12334 ; 1.00289 ; -0.416011
5.66729 ; 4.9479 ; 1.1446 ; -1.08982
5.58336 ; 5.84348 ; -0.615069 ; -0.188253
5.92162 ; 5.3259 ; -0.228312 ; -0.337871
5.46184 ; 5.59769 ; -0.541197 ; -0.905769
5.5283 ; 4.97837 ; -0.845102 ; -0.803848
6.04299 ; 4.81071 ; 1.34616 ; -0.815756
6.05755 ; 6.11303 ; 1.26369 ; 1.15417
5.07034 ; 5.83551 ; -0.145693 ; 1.27148
5.19261 ; 6.05686 ; 0.0301513 ; 0.970731
5.77438 ; 5.66903 ; 0.809581 ; 0.0810287
5.8983 ; 5.71447 ; 0.53229 ; 1.13441
5.9971 ; 5.20295 ; 1.096 ; -1.12034
5.28492 ; 5.49663 ; 0.377046 ; 0.638992
5.03218 ; 5.37203 ; -1.12983 ; -0.691158
5.61602 ; 6.08222 ; 0.0117611 ; 0.457829
4.98063 ; 4.94549 ; -1.05014 ; -1.14056
5.62772 ; 5.33731 ; -0.737697 ; -1.16167
5.4082 ; 5.13708 ; 0.0222342 ; -1.09788
5.01784 ; 5.75754 ; -1.04961 ; 0.4341
5.39997 ; 5.51143 ; 1.18635 ; 0.230259
5.58807 ; 6.20653 ; 0.698832 ; 1.07843
5.68281 ; 4.82052 ; 0.9619 ; -1.07308
5.86329 ; 5.36047 ; 1.02187 ; 1.15392
4.88587 ; 5.82214 ; -0.761243 ; -0.198294
5.17598 ; 5.80085 ; -0.379285 ; -0.061429
5.99306 ; 5.58029 ; 0.658989 ; 0.296199
5.6923 ; 5.3382 ; -0.976681 ; -0.814574
5.14118 ; 5.14642 ; 0.0737707 ; -0.903747
5.32992 ; 5.65613 ; -0.995546 ; -0.83736
5.53733 ; 5.15768 ; 0.245916 ; -0.855245
5.68604 ; 5.57637 ; 0.982312 ; 0.166343
5.10319 ; 5.4236 ; -0.127192 ; 0.851215
5.45915 ; 5.96505 ; -0.228426 ; 0.565921
5.28231 ; 5.35058 ; 0.0394569 ; -0.236772
5.46328 ; 5.57893 ; -0.116892 ; 0.741343
5.73577 ; 4.90507 ; -0.175627 ; -0.823803
5.30371 ; 5.47812 ; -1.05498 ; -0.0419479
5.77464 ; 5.14869 ; -0.284475 ; -1.33514
5.41521 ; 5.18803 ; 0.989594 ; 0.411847
