5.35076 ; 3.81233 ; -0.753485 ; 0.562428
6.54944 ; 5.93476 ; -2.97054 ; -0.0538415
5.95233 ; 5.30663 ; -1.99237 ; 0.277495
5.65779 ; 4.8726 ; 2.70004 ; 3.40103
5.13479 ; 4.31968 ; 0.143082 ; -0.693757
5.08499 ; 5.46878 ; 3.69237 ; 2.48897
5.03278 ; 4.97296 ; -0.696785 ; -0.424361
5.1594 ; 6.57806 ; -0.567982 ; -0.166182
7.07047 ; 5.88105 ; -1.99989 ; 0.614247
6.71395 ; 6.16304 ; -2.68745 ; -2.94907
6.35102 ; 4.30344 ; -2.52513 ; 0.215403
6.62078 ; 4.67438 ; -0.468273 ; -0.711482
4.15498 ; 4.26857 ; 2.39745 ; 0.805139
4.13623 ; 5.44745 ; 1.29113 ; 1.391
6.71075 ; 4.80743 ; -1.1647 ; 0.963726
6.84627 ; 5.925 ; -0.748603 ; -2.41094
5.00672 ; 4.24121 ; 1.9714 ; 1.33526
6.28941 ; 6.15199 ; -4.17578 ; -1.52125
5.18066 ; 4.87892 ; 0.0351879 ; 0.0996331
4.39309 ; 5.21932 ; 1.13866 ; -0.968005
5.8235 ; 5.68425 ; -2.74597 ; -3.48602
4.9888 ; 6.28597 ; 4.45456 ; -3.10758
5.82464 ; 6.41137 ; -1.1258 ; -4.29439
6.99795 ; 4.97614 ; -0.410819 ; -0.798035
4.80371 ; 6.62344 ; 1.25577 ; -3.66783
6.81467 ; 6.08407 ; -1.75708 ; 0.041503
4.99282 ; 5.67135 ; 0.443281 ; 0.957639
4.3124 ; 5.51598 ; 0.252309 ; 0.269641
5.1435 ; 5.05665 ; 4.48643 ; 3.85734
6.21793 ; 3.85156 ; -0.223029 ; 0.704606
6.66981 ; 5.12583 ; -2.82118 ; -0.716508
5.08513 ; 4.33243 ; 0.0198183 ; 2.50683
6.83229 ; 6.10925 ; -2.61931 ; -2.26254
6.05648 ; 6.10651 ; -4.54878 ; -0.768865
3.94819 ; 4.29454 ; 2.5432 ; 1.27956
6.63333 ; 4.25601 ; -2.90549 ; 2.84048
4.755 ; 3.93951 ; 1.09597 ; 1.80586
4.81141 ; 4.34368 ; 1.70381 ; 2.71802
4.53888 ; 6.19755 ; 2.31586 ; -4.34489
3.95593 ; 6.28475 ; 1.88343 ; -0.51994
5.83475 ; 6.475 ; 0.323354 ; -0.326512
5.4811 ; 5.86579 ; 0.642167 ; -4.67061
6.68924 ; 6.03349 ; -0.161436 ; 0.217154
6.09933 ; 4.63098 ; 0.413037 ; 1.86123
4.90174 ; 4.73588 ; 3.50887 ; -0.040451
5.47401 ; 4.95448 ; 0.874686 ; 1.69688
6.01657 ; 4.50816 ; -4.41251 ; 2.35667
5.19783 ; 5.36408 ; 2.1003 ; 0.27594
4.44121 ; 4.73468 ; 2.26864 ; 0.719372
6.28923 ; 5.18227 ; -3.7752 ; 2.91269
4.64031 ; 3.91864 ; 1.94236 ; 2.35384
6.14669 ; 4.67678 ; -3.62025 ; 3.71771
5.19166 ; 4.44967 ; 2.0497 ; 2.62886
5.12108 ; 5.7036 ; 3.79169 ; -2.38077
4.89703 ; 4.47165 ; 0.401763 ; 0.7408
4.69408 ; 4.5024 ; 2.50303 ; -0.457715
6.57792 ; 5.55808 ; -4.16746 ; 0.654501
4.20632 ; 5.60564 ; 2.76574 ; -2.47506
6.61713 ; 5.10611 ; -3.93109 ; 2.03901
6.83999 ; 6.7811 ; -2.48494 ; -3.31499
4.16921 ; 5.78449 ; 0.729759 ; 0.508162
5.47263 ; 4.8531 ; 2.12334 ; 2.48983
4.41362 ; 6.13455 ; 2.5197 ; -3.91538
7.08174 ; 5.30292 ; -1.80676 ; 0.817858
5.98547 ; 5.39428 ; -3.75533 ; -4.54391
4.57926 ; 5.77854 ; 1.08789 ; -4.80628
6.80655 ; 4.19986 ; -3.16114 ; 1.76408
5.95645 ; 4.69603 ; -1.07637 ; 3.55482
4.22241 ; 4.12459 ; 2.22989 ; 3.28536
4.68043 ; 4.59088 ; 3.71492 ; 0.265755
7.16845 ; 5.26248 ; -1.70131 ; 0.918172
4.47623 ; 3.92219 ; 0.83361 ; 2.5466
6.50618 ; 4.25119 ; -2.54696 ; 3.26455
4.36909 ; 4.21204 ; 1.36341 ; 0.501452
4.60507 ; 5.70724 ; 3.18774 ; -0.88105
5.8546 ; 5.99402 ; -2.08102 ; -4.64062
6.12775 ; 4.13365 ; -3.01392 ; 1.78989
6.73101 ; 4.94471 ; -2.6987 ; 0.800089
5.42373 ; 4.29745 ; -0.367527 ; 3.38409
5.13921 ; 6.84787 ; -0.408957 ; -3.12329
6.16597 ; 4.48509 ; -3.93051 ; 0.483136
5.92763 ; 5.02665 ; -1.94743 ; -1.52818
4.48384 ; 5.37866 ; 2.71112 ; -1.18233
4.39113 ; 4.43138 ; 3.1331 ; 3.07899
6.24159 ; 5.77243 ; -3.29576 ; -1.77465
6.44909 ; 4.16301 ; -0.823717 ; 2.29276
7.05114 ; 5.10561 ; -2.80833 ; -1.3294
5.72198 ; 5.19185 ; -0.802442 ; -0.400026
6.49775 ; 4.28158 ; -1.80448 ; 0.136145
5.32485 ; 5.46573 ; 2.73451 ; -2.46281
4.20776 ; 5.62404 ; 2.81559 ; -3.35462
5.64942 ; 4.06712 ; 0.125761 ; 1.76874
5.28618 ; 5.1753 ; -0.522625 ; 0.938126
5.03581 ; 4.54326 ; -0.316636 ; 3.8898
6.41268 ; 6.03963 ; -0.316879 ; 0.771995
5.95758 ; 5.54993 ; -3.58879 ; -2.46424
3.89112 ; 6.62565 ; 1.85021 ; -1.00782
5.23599 ; 5.93071 ; 1.63983 ; -0.21923
6.79981 ; 4.98664 ; -0.811664 ; 2.4107
5.36293 ; 5.7779 ; -1.54236 ; -2.1193
4.55515 ; 5.48549 ; 3.42035 ; -2.72892
6.90868 ; 4.97102 ; -2.86145 ; 2.31002
5.91057 ; 5.52332 ; -0.465488 ; 0.301804
6.9174 ; 5.94768 ; -3.23112 ; -0.665946
4.54705 ; 6.87151 ; 2.6917 ; -1.53827
4.54832 ; 4.58786 ; 2.79164 ; 4.27232
5.81168 ; 4.50843 ; -0.562997 ; 0.032341
5.93872 ; 6.77861 ; 1.20627 ; -2.55816
5.34129 ; 6.49437 ; -0.0727706 ; -2.05063
6.09236 ; 6.90914 ; -2.4636 ; -1.68413
6.84353 ; 5.22758 ; -2.76077 ; -0.212074
4.46551 ; 6.41011 ; 1.16426 ; -2.2218
6.07304 ; 6.79563 ; -3.3317 ; -2.49133
5.53338 ; 3.80991 ; -0.627128 ; 2.9004
4.30297 ; 5.66879 ; 0.985343 ; -2.60615
6.7582 ; 6.79022 ; -2.62791 ; -2.66449
6.64399 ; 4.48975 ; -2.84756 ; 3.67605
5.94135 ; 3.71198 ; 0.908503 ; 2.22634
5.37797 ; 6.85522 ; -0.932519 ; -0.649032
5.42346 ; 6.70934 ; 2.29608 ; -2.04791
6.36587 ; 6.15054 ; -1.60845 ; -4.51286
3.96716 ; 6.0122 ; 2.00588 ; -1.46231
6.8318 ; 6.26793 ; -0.601828 ; -1.34433
5.04365 ; 4.04111 ; 0.562888 ; 0.0181223
4.29397 ; 6.96901 ; 1.55877 ; -1.57473
5.80741 ; 6.05418 ; 1.19906 ; -0.753443
5.16597 ; 5.30783 ; -0.38351 ; -1.3485
5.07175 ; 4.64565 ; 3.67195 ; 4.07626
4.23163 ; 6.25836 ; 3.56988 ; -0.104166
4.72824 ; 4.73361 ; 2.26359 ; -0.522289
6.67332 ; 5.20478 ; -3.77555 ; 1.48334
5.01306 ; 6.76834 ; -0.656423 ; -1.23666
4.51329 ; 5.35184 ; 3.5677 ; -2.48853
6.2783 ; 6.56595 ; 0.524452 ; -3.63039
6.27967 ; 5.58717 ; -1.20806 ; 0.36577
6.62632 ; 3.7172 ; -0.680781 ; 2.30234
4.55875 ; 6.43414 ; 3.61797 ; -3.05473
6.22396 ; 6.0906 ; -1.4905 ; -4.11971
6.03799 ; 6.39782 ; -1.85841 ; -3.94952
4.8358 ; 5.99757 ; -0.998607 ; -3.10347
6.07274 ; 3.89752 ; -2.08635 ; 1.90425
4.94721 ; 6.00319 ; -0.68244 ; -4.39118
6.95333 ; 6.70058 ; -1.55277 ; -2.70274
5.29679 ; 6.63662 ; -0.437202 ; -1.37941
5.26541 ; 4.18588 ; -0.860055 ; 3.23796
6.14724 ; 4.72906 ; -4.24107 ; 0.341206
4.68553 ; 5.9216 ; 0.974529 ; -3.52354
4.8389 ; 6.91545 ; 2.75672 ; -3.05371
4.87834 ; 5.97737 ; 4.09253 ; 0.497783
5.4012 ; 4.56681 ; 4.67561 ; 3.30982
4.51781 ; 3.70197 ; 1.30397 ; 1.78409
5.72479 ; 3.6711 ; -0.715898 ; 1.46903
4.89785 ; 5.3227 ; 3.87532 ; 3.30289
6.40367 ; 5.06201 ; -0.544663 ; 0.0974187
6.1064 ; 5.97077 ; -2.82498 ; -2.30139
5.11323 ; 5.80106 ; -0.974523 ; -1.82045
6.20383 ; 5.62917 ; 0.161101 ; -0.105101
6.24534 ; 4.3397 ; -1.36829 ; 1.71851
5.87252 ; 4.72517 ; -4.50621 ; 2.03334
5.30708 ; 3.78915 ; 2.47922 ; 1.97963
6.37677 ; 5.88489 ; -2.80797 ; -4.70486
4.34093 ; 5.77152 ; 3.59772 ; -0.419631
5.16802 ; 4.12031 ; -0.593782 ; 0.847332
6.88757 ; 6.79948 ; -2.10891 ; -3.5016
6.32471 ; 5.92031 ; -1.29658 ; -2.96908
4.62048 ; 5.16855 ; 0.753704 ; -0.327756
6.43022 ; 6.87131 ; 0.399975 ; -0.605486
4.57879 ; 5.99887 ; 1.84783 ; -4.76619
4.94426 ; 4.16076 ; -0.713375 ; -0.393375
6.8834 ; 6.12592 ; -0.132319 ; 0.16037
6.59192 ; 6.08659 ; -0.269439 ; -3.8392
6.21434 ; 5.73509 ; -3.82086 ; -3.13564
6.33453 ; 4.83175 ; -1.4341 ; 2.09794
6.22437 ; 4.83902 ; -1.19176 ; 0.663574
5.64514 ; 5.41825 ; -1.50683 ; -1.95443
5.34297 ; 4.6449 ; 0.581718 ; 1.51045
4.45678 ; 3.88373 ; 1.33878 ; 2.95857
5.23738 ; 6.04976 ; 3.18381 ; -3.02817
4.44155 ; 5.43475 ; 1.91862 ; 0.235091
5.12323 ; 6.5335 ; 0.555094 ; -1.26933
5.99417 ; 5.57218 ; 0.323373 ; -1.56472
4.43543 ; 6.01748 ; 4.2365 ; 0.545712
6.6263 ; 3.89902 ; -2.14404 ; 2.16356
6.46762 ; 4.21342 ; -3.92169 ; 3.04897
5.73722 ; 4.49358 ; -1.31472 ; 1.8686
5.0447 ; 5.49748 ; 1.6053 ; -0.395007
5.16001 ; 3.88787 ; 1.93345 ; 2.11303
5.7844 ; 6.28282 ; 0.919952 ; -3.07673
4.77161 ; 4.34272 ; 2.71367 ; 2.54336
6.70391 ; 4.38544 ; -1.74019 ; 4.01959
6.5772 ; 6.04273 ; -0.303782 ; -4.15095
5.93487 ; 5.36952 ; -0.895917 ; -1.17033
4.42835 ; 4.51815 ; 3.93625 ; 1.64785
6.39551 ; 3.8378 ; -2.34154 ; 2.1607
4.85734 ; 3.9372 ; 2.68295 ; 0.669356
4.47439 ; 3.86353 ; 1.19594 ; 2.92484
6.23677 ; 5.02644 ; -4.3959 ; 2.43532
6.32251 ; 5.89967 ; -4.30814 ; -0.0916592
5.57158 ; 6.39219 ; 2.82314 ; -3.93816
5.19534 ; 4.29248 ; 4.6941 ; 2.67128
5.52726 ; 5.61103 ; -4.29314 ; 3.8735
4.71636 ; 5.63985 ; 3.90105 ; -3.90057
5.60745 ; 3.84434 ; 1.36165 ; 0.545274
7.11327 ; 6.01589 ; -1.45939 ; -3.19675
4.79123 ; 4.71816 ; 4.04703 ; 4.16787
5.5757 ; 4.08785 ; 1.75664 ; 3.19377
5.16406 ; 5.53185 ; 4.37622 ; -3.73034
5.25172 ; 5.87661 ; 1.35737 ; -3.16729
4.67561 ; 4.63151 ; 0.13966 ; -0.870477
4.6549 ; 4.25128 ; 1.30898 ; -0.0163505
6.71479 ; 5.21519 ; -3.15818 ; 3.12737
5.86995 ; 4.42905 ; -0.713995 ; 0.968138
6.73751 ; 5.88505 ; -1.81677 ; 1.10978
6.07878 ; 4.12403 ; -1.79622 ; 1.39966
5.40592 ; 6.10468 ; 0.932144 ; 0.159621
3.79816 ; 5.33573 ; 2.07999 ; 0.780753
4.10196 ; 5.31024 ; 3.04457 ; 2.63386
4.55856 ; 5.83904 ; 2.90455 ; -4.38519
4.77935 ; 4.52753 ; 3.79243 ; 3.7448
5.29133 ; 4.40395 ; 1.51801 ; 2.7184
4.7497 ; 4.38849 ; 3.6387 ; 3.48255
7.05379 ; 6.07146 ; -1.3027 ; -3.25972
5.72487 ; 4.61563 ; -3.34595 ; 3.1104
6.96023 ; 4.06545 ; -1.37236 ; 2.65084
6.44949 ; 5.92695 ; -3.1814 ; -1.50024
6.90544 ; 4.32881 ; -2.22151 ; 3.35791
6.69347 ; 4.53871 ; -0.98135 ; 4.23405
4.28003 ; 6.44192 ; 3.05807 ; -2.32614
6.54703 ; 5.25099 ; -3.07036 ; 0.690425
6.51487 ; 6.15098 ; -1.1029 ; -4.27946
4.24147 ; 6.90054 ; 0.483206 ; -1.74232
4.34752 ; 6.1544 ; 3.39619 ; -0.763568
4.39102 ; 6.58895 ; 2.17861 ; -1.53495
6.18656 ; 5.28298 ; -0.831269 ; 1.5828
4.14715 ; 6.2425 ; 2.89366 ; -1.07527
4.28825 ; 5.88754 ; 2.14088 ; -0.917061
5.24256 ; 6.08086 ; 3.38261 ; -3.67719
4.45227 ; 6.32182 ; 1.1593 ; -4.54916
4.94952 ; 5.98999 ; 0.717664 ; -3.27215
4.86786 ; 4.85573 ; 1.76008 ; 4.36109
5.69141 ; 5.05312 ; -3.27545 ; 3.78353
6.26194 ; 4.90607 ; 0.70231 ; -0.455641
6.17195 ; 5.42742 ; -3.4695 ; -1.84107
4.66512 ; 6.43844 ; 0.260188 ; -1.72781
5.17725 ; 4.34382 ; 0.437649 ; 4.07716
4.8813 ; 5.37148 ; 2.30904 ; -1.5386
4.70319 ; 7.14247 ; -0.444944 ; -1.88675
4.91324 ; 6.561 ; 3.36674 ; -3.56524
5.912 ; 5.48057 ; -4.01867 ; 2.56875
5.23737 ; 4.80006 ; 1.16822 ; 0.0935407
6.46059 ; 6.92825 ; -1.1833 ; -2.74002
4.98746 ; 6.70365 ; 0.710326 ; -3.86979
5.17382 ; 6.7583 ; 2.96339 ; -3.4705
6.34796 ; 5.54735 ; -0.469716 ; -1.36047
4.59848 ; 6.22941 ; 0.692044 ; -2.44877
4.56501 ; 5.53766 ; -0.245746 ; -1.66754
5.12204 ; 5.341 ; 4.5302 ; -2.21795
4.14844 ; 4.66059 ; 2.34867 ; 0.310686
4.65863 ; 6.59383 ; 2.44462 ; -1.61858
4.6036 ; 6.31943 ; 4.17679 ; -0.592309
6.51402 ; 5.93938 ; -1.45881 ; -3.71146
6.73202 ; 5.17951 ; -2.32314 ; -0.109652
6.65156 ; 5.00013 ; -3.13743 ; 2.1879
5.27257 ; 6.74189 ; 3.07711 ; -3.21077
6.13192 ; 6.09209 ; -4.24942 ; -2.69464
6.85548 ; 6.56583 ; -2.08649 ; -3.54956
6.12879 ; 5.99505 ; -1.09712 ; -3.83154
5.87018 ; 4.90046 ; -3.12121 ; 3.2127
5.15876 ; 5.65488 ; 4.42217 ; 2.75581
5.99307 ; 4.12428 ; 0.651484 ; 2.6973
5.99657 ; 3.73268 ; -0.644168 ; 2.54074
4.1653 ; 4.62378 ; 1.17248 ; 1.29021
5.42035 ; 5.91248 ; 1.72185 ; -4.69043
6.57784 ; 5.28211 ; -3.53094 ; 3.0192
6.88226 ; 5.6571 ; -0.919415 ; -2.01503
4.08184 ; 6.635 ; 2.35924 ; -3.46133
4.34722 ; 4.17823 ; 0.880788 ; 3.76182
5.05612 ; 4.62808 ; 0.350269 ; 1.0298
5.65802 ; 6.40657 ; 1.29417 ; -0.742192
5.1021 ; 4.41926 ; 0.0478976 ; 1.71746
5.73704 ; 5.09219 ; -1.18242 ; -0.591001
5.23672 ; 5.16795 ; 4.10771 ; 4.39884
4.27357 ; 4.66856 ; 2.64797 ; 3.80364
4.6394 ; 4.38455 ; -0.0554275 ; -0.407585
6.36224 ; 4.91132 ; -3.69514 ; 1.04944
4.74933 ; 5.09927 ; 1.71512 ; 0.712541
6.41905 ; 5.14801 ; -2.50423 ; 0.789464
6.84153 ; 5.68188 ; -0.487398 ; -2.06868
5.99708 ; 6.37188 ; 0.895852 ; 0.153568
5.56506 ; 6.11994 ; 1.22671 ; -1.31226
6.51196 ; 5.40845 ; -3.58167 ; -0.345829
6.51763 ; 4.17775 ; -0.303681 ; 3.23282
6.0044 ; 5.69814 ; -4.09005 ; 1.70052
5.89436 ; 5.06911 ; -3.67496 ; 3.7124
5.12491 ; 4.70132 ; 3.61482 ; 3.04573
5.51216 ; 6.47815 ; -0.767801 ; -4.36988
4.94442 ; 5.57209 ; 1.10094 ; 0.233894
4.92486 ; 4.98359 ; 3.93256 ; 3.79548
5.28689 ; 5.96901 ; -0.712354 ; -3.84017
6.51658 ; 4.04362 ; -0.291198 ; -0.0704298
5.42542 ; 5.68802 ; -3.20918 ; -4.08715
5.54813 ; 5.48778 ; 1.37834 ; -1.77936
5.06918 ; 5.29165 ; 4.5686 ; 0.00738112
5.77629 ; 4.20548 ; 0.191852 ; 1.01298
6.68079 ; 5.00582 ; -3.26224 ; 3.06796
5.00893 ; 6.57761 ; -0.0699757 ; -1.95623
5.93467 ; 4.26937 ; -1.53468 ; 3.21094
4.71132 ; 5.48754 ; 3.45904 ; -3.81745
7.23824 ; 5.34169 ; -1.98193 ; 2.27851
5.88295 ; 6.2892 ; -4.65044 ; -1.67403
4.57376 ; 4.84243 ; 3.88758 ; -0.320152
5.77894 ; 4.74651 ; 0.220378 ; 4.36953
4.79952 ; 6.46812 ; -0.0830763 ; -3.91073
7.03912 ; 5.59251 ; -1.59634 ; -0.242242
4.89358 ; 5.04732 ; 2.801 ; -0.340451
5.29812 ; 4.76416 ; 0.833117 ; 1.35887
5.10005 ; 4.346 ; 0.0803407 ; 0.281516
6.07516 ; 6.53045 ; -2.93682 ; 0.0191267
6.32776 ; 6.91556 ; 0.402043 ; -1.38902
6.99246 ; 6.62598 ; -1.72379 ; -2.65168
6.94938 ; 4.48815 ; -0.335142 ; 0.00378001
6.01185 ; 5.69881 ; -3.97738 ; -3.62694
5.01063 ; 5.97531 ; 4.35774 ; -3.24944
5.04149 ; 6.81724 ; 2.5717 ; -3.21917
6.09512 ; 5.54255 ; -4.01325 ; 1.6945
4.20979 ; 5.96864 ; 1.98287 ; 0.286909
6.62408 ; 6.379 ; 0.0927593 ; -1.42486
4.90022 ; 4.78528 ; 1.88821 ; -0.519401
4.74312 ; 5.47291 ; 4.08344 ; -0.070202
4.90856 ; 4.18796 ; 1.69416 ; 0.103085
4.6583 ; 5.58166 ; 4.15368 ; -1.9037
5.62247 ; 4.16444 ; -1.38705 ; 3.40716
4.7241 ; 5.16123 ; 2.82839 ; 2.70849
6.77264 ; 6.20937 ; 0.0140386 ; -2.29357
4.06389 ; 5.96768 ; 3.09565 ; -0.651871
6.05684 ; 5.13745 ; -0.391553 ; -1.49967
6.56356 ; 6.14759 ; -1.09265 ; -0.231266
4.37364 ; 4.14077 ; 3.21135 ; 0.316934
6.4666 ; 4.6146 ; -3.77386 ; 3.2919
4.69382 ; 4.6653 ; 4.45266 ; 2.60033
6.55857 ; 6.15893 ; -1.20748 ; -1.63707
6.51811 ; 5.65295 ; -2.09577 ; 1.14294
6.39836 ; 4.75409 ; -2.58738 ; 2.51897
4.83656 ; 6.73289 ; 0.960968 ; -3.32666
5.03031 ; 4.47022 ; -0.832244 ; 1.15794
6.805 ; 4.30441 ; -2.82134 ; 0.690789
4.4459 ; 5.865 ; 0.657453 ; -2.83294
4.43537 ; 4.63849 ; 3.24726 ; 4.31039
4.61016 ; 5.52454 ; 3.99344 ; 2.09226
6.7368 ; 5.8333 ; -2.01522 ; -3.82831
5.48595 ; 5.52153 ; 3.22735 ; -3.45394
5.66972 ; 5.71237 ; -2.72641 ; -4.34913
4.96987 ; 3.59865 ; -0.214778 ; 1.19181
3.88306 ; 4.04015 ; 1.66603 ; 0.753881
5.77696 ; 6.81866 ; 1.67129 ; -1.45332
6.93352 ; 5.49106 ; -1.52517 ; -2.36465
6.36645 ; 4.62512 ; -2.56057 ; 2.39877
5.20487 ; 6.19689 ; -0.484074 ; -2.96103
6.22662 ; 4.6072 ; -2.0747 ; 3.45468
5.49608 ; 4.13394 ; -0.862461 ; 0.69883
5.98371 ; 5.63138 ; -1.09302 ; -0.0817224
3.83834 ; 4.1745 ; 1.71088 ; 0.46297
4.24729 ; 6.79076 ; 3.38549 ; -1.83828
6.79191 ; 4.65373 ; -3.02896 ; 1.76469
5.05407 ; 5.9916 ; 2.06424 ; -2.50202
6.59943 ; 6.08012 ; -3.05699 ; 0.169673
5.00631 ; 4.33456 ; 4.31301 ; 1.68339
5.01898 ; 4.60148 ; 2.96461 ; 2.72792
4.43627 ; 5.98733 ; 2.76692 ; -1.44334
5.70633 ; 4.58984 ; 0.772856 ; 3.59314
4.50261 ; 5.2672 ; 4.25089 ; -1.23959
5.3391 ; 4.75073 ; 3.90344 ; 2.92996
6.68059 ; 6.20694 ; -0.326774 ; -3.94211
4.88396 ; 3.96014 ; 0.293568 ; 0.811258
5.88213 ; 6.94367 ; -0.361834 ; -1.91181
3.92886 ; 5.31 ; 1.86003 ; 2.21455
5.20228 ; 6.55305 ; 2.00465 ; -2.03809
5.88201 ; 4.69246 ; -3.61053 ; 3.78353
5.07217 ; 5.81958 ; 1.62039 ; 0.465736
4.65441 ; 6.52087 ; 1.4187 ; -1.08292
4.26467 ; 5.42393 ; 2.79878 ; -2.2672
5.50114 ; 4.20369 ; 1.62952 ; -0.284747
4.6638 ; 4.16228 ; 3.50808 ; 1.20132
5.73908 ; 6.33766 ; 1.56808 ; -0.355954
4.85855 ; 5.14088 ; 1.64429 ; 1.38157
6.54822 ; 6.41974 ; -3.59551 ; -2.77575
6.46829 ; 4.50262 ; -4.01979 ; 2.46909
5.99054 ; 6.30114 ; -2.67102 ; -3.25027
6.61135 ; 6.16542 ; -0.328796 ; -4.32366
4.7467 ; 4.76788 ; 0.0604664 ; 1.52817
6.1437 ; 6.91395 ; -3.32658 ; -2.89723
4.29388 ; 5.58276 ; 3.02428 ; -3.24074
6.89025 ; 4.22199 ; -1.64057 ; 3.20551
3.93963 ; 5.52353 ; 1.54728 ; -2.5033
4.71655 ; 4.85389 ; 1.67587 ; 1.33782
6.91439 ; 6.07496 ; -3.32762 ; -2.38336
6.381 ; 4.08864 ; -0.720299 ; 0.786351
7.13023 ; 6.01553 ; -1.96529 ; 0.0734778
4.74139 ; 4.76601 ; -0.40813 ; -0.78618
4.93336 ; 5.95824 ; -0.359077 ; -4.15273
5.03348 ; 4.27385 ; 3.80769 ; 3.01396
4.86253 ; 4.99612 ; 3.17645 ; -0.904115
6.54224 ; 6.97481 ; -1.50771 ; -2.3028
4.41581 ; 5.04725 ; 4.16053 ; 0.00177595
4.14482 ; 4.63362 ; 2.00206 ; -0.889474
4.77357 ; 3.92423 ; 3.26705 ; 1.50325
6.62655 ; 3.93008 ; -2.9969 ; 2.59048
5.46089 ; 5.93442 ; 2.66616 ; -3.32177
4.48272 ; 4.44041 ; 2.21914 ; 1.2894
4.81387 ; 5.30899 ; 3.56897 ; -0.92589
5.1853 ; 5.86453 ; 0.469368 ; 0.639986
4.81528 ; 6.82568 ; -0.201527 ; -1.47846
5.3535 ; 4.62915 ; 0.765805 ; 3.79897
5.24059 ; 4.60672 ; -1.19606 ; 3.18758
6.95304 ; 3.7548 ; -1.97061 ; 1.96068
4.90761 ; 5.01793 ; -0.404582 ; -0.35885
7.01006 ; 5.97742 ; -3.00853 ; -2.38251
6.5284 ; 6.71379 ; -3.31294 ; -0.937729
6.0856 ; 4.94207 ; -3.33166 ; 3.52155
5.0431 ; 4.63742 ; 2.33165 ; 3.33884
6.6628 ; 5.4346 ; -2.38048 ; 0.31299
4.6309 ; 5.34907 ; 4.2699 ; -0.0434218
6.18675 ; 4.2792 ; 0.25526 ; 0.664803
5.33929 ; 4.3753 ; -1.37853 ; 1.02285
5.79291 ; 6.57343 ; -0.684045 ; -2.25019
6.21591 ; 4.80031 ; -4.20305 ; 1.36831
4.81638 ; 3.99617 ; 2.04148 ; 2.14567
4.77673 ; 5.94003 ; 1.0791 ; -4.49671
4.71909 ; 4.50547 ; 2.69974 ; 1.2166
6.94167 ; 4.90451 ; -2.3928 ; -1.42296
6.44545 ; 4.95011 ; -4.29358 ; -1.26179
5.41614 ; 4.17137 ; 1.40054 ; -0.208206
4.99819 ; 4.14991 ; 2.19604 ; -0.139478
6.05916 ; 4.58146 ; -0.843128 ; -0.499027
6.13259 ; 4.54261 ; -3.61585 ; 2.04782
4.56738 ; 6.84303 ; 2.28038 ; -1.09276
6.30912 ; 6.79744 ; -1.0256 ; -3.54504
4.22653 ; 5.26008 ; 2.69046 ; -1.81667
5.74708 ; 4.6243 ; -2.61701 ; 2.95248
6.59197 ; 4.79232 ; -4.17194 ; -0.496208
4.22021 ; 6.37159 ; 1.65773 ; 0.0129188
4.39533 ; 4.46564 ; 3.40743 ; 0.413286
5.46595 ; 6.11062 ; 0.94252 ; -0.301931
6.64651 ; 6.21497 ; -3.29109 ; -2.54023
4.43794 ; 6.8611 ; 1.50427 ; -1.05045
5.6304 ; 5.25738 ; 0.682198 ; -1.72044
5.36178 ; 5.2135 ; -1.68974 ; 1.8469
5.03269 ; 4.56094 ; 2.61875 ; 2.18549
6.49778 ; 5.54254 ; -1.98061 ; -1.9126
6.10194 ; 6.35352 ; -3.17239 ; -3.35143
7.16357 ; 4.34755 ; -1.5237 ; 0.967133
6.20306 ; 5.3743 ; -0.183494 ; 1.38632
6.12721 ; 5.5652 ; 0.688771 ; -0.514205
5.12844 ; 4.36568 ; 2.27716 ; 1.98896
6.60722 ; 5.8386 ; -1.92831 ; -4.68809
5.56567 ; 3.94326 ; -0.0362641 ; 3.04065
6.72532 ; 6.33424 ; -2.50191 ; -4.54283
5.9704 ; 5.94075 ; 1.57546 ; -3.33471
4.15261 ; 5.89531 ; 0.399507 ; -0.999298
4.04736 ; 4.89802 ; 1.30428 ; 3.15479
6.26733 ; 4.78582 ; -3.72833 ; 2.88988
6.58119 ; 4.35983 ; -2.75498 ; 3.2119
4.47746 ; 5.5009 ; 3.24224 ; 1.37093
7.1075 ; 5.39641 ; -2.97222 ; 0.596369
7.20065 ; 5.5007 ; -2.28688 ; -0.477438
5.20782 ; 6.11662 ; 0.219157 ; -4.30989
5.33932 ; 5.77121 ; 0.809889 ; -0.394637
5.75066 ; 5.94518 ; -0.0774681 ; -3.00932
5.14091 ; 4.50082 ; -1.7209 ; 2.93607
7.02588 ; 5.68715 ; -2.11232 ; -3.74385
6.32466 ; 5.23066 ; -3.31904 ; 4.27699
6.56931 ; 5.70517 ; -2.87351 ; -4.72901
6.49164 ; 5.77018 ; -1.69565 ; 0.567666
7.24838 ; 5.91438 ; -1.6274 ; -0.305773
6.21601 ; 4.94193 ; -4.25921 ; 0.316921
6.2669 ; 6.85143 ; 0.0778067 ; -2.84213
5.56545 ; 5.16386 ; -2.57397 ; 4.33271
5.92113 ; 3.69129 ; 1.34243 ; 2.02411
5.89537 ; 5.95487 ; -1.79897 ; -3.14211
6.48675 ; 6.08542 ; -3.0496 ; -4.34731
4.5848 ; 5.85961 ; 3.55749 ; -3.64121
5.32751 ; 4.14936 ; 1.84325 ; 0.704191
4.58457 ; 5.8701 ; 0.47564 ; -4.50174
6.46402 ; 5.74262 ; -3.35076 ; -1.31921
4.51211 ; 4.17607 ; 2.95186 ; 1.36724
6.26624 ; 6.12463 ; -3.22513 ; -0.813322
5.30607 ; 6.6827 ; -1.69146 ; -3.02318
6.5531 ; 5.8987 ; -0.412572 ; -4.68815
5.61658 ; 3.92561 ; 0.109164 ; 0.734925
6.60134 ; 4.90207 ; -3.82799 ; -0.883137
6.81775 ; 4.363 ; -3.63796 ; 0.768374
6.09645 ; 5.89395 ; -0.835226 ; -0.5946
6.51695 ; 5.30548 ; -3.80854 ; 0.1113
5.71106 ; 6.46634 ; -3.26542 ; -3.4677
4.76619 ; 5.53874 ; 3.30282 ; -3.23157
4.57422 ; 5.7512 ; 3.23142 ; -0.593219
4.40354 ; 3.94373 ; 0.955628 ; 3.34525
4.56909 ; 3.87673 ; -0.033421 ; 3.24951
5.07061 ; 5.97321 ; 4.23241 ; -2.16726
4.90816 ; 6.2969 ; 1.51988 ; -2.47651
4.77098 ; 5.54548 ; 2.53392 ; -0.7815
4.90799 ; 4.6194 ; 2.4328 ; 3.86704
5.4596 ; 5.71065 ; -0.202766 ; 1.01737
5.75998 ; 5.76537 ; -4.58504 ; -3.68838
3.92407 ; 4.5206 ; 2.64003 ; 2.11869
5.24354 ; 5.03439 ; -0.38685 ; 0.10437
6.01636 ; 5.6795 ; -3.73097 ; -2.54438
5.22014 ; 6.25285 ; 4.72384 ; -2.29135
3.8531 ; 4.8483 ; 2.40478 ; 1.54294
5.065 ; 4.72721 ; 2.70671 ; -0.649088
5.28537 ; 5.90114 ; 0.790514 ; -0.074663
5.0812 ; 6.02035 ; 1.79776 ; -4.38113
6.04233 ; 4.67622 ; -1.62233 ; 2.80303
5.31338 ; 5.58817 ; 2.00521 ; -0.00741167
5.05407 ; 4.74919 ; 3.68761 ; 4.09641
3.98355 ; 4.94106 ; 2.90705 ; -1.47533
4.24289 ; 5.60333 ; 3.12421 ; 1.08523
6.45397 ; 5.42674 ; -3.31554 ; 2.756
6.93684 ; 4.72727 ; -0.864256 ; 0.883618
6.54737 ; 4.43648 ; -2.85157 ; -0.182645
4.58477 ; 5.77116 ; 0.924858 ; -0.858261
4.38159 ; 4.16929 ; 3.00258 ; 1.31262
7.07306 ; 5.90249 ; -0.178002 ; 0.0232794
4.1611 ; 5.29995 ; 1.13934 ; 1.5343
4.11419 ; 5.19971 ; 0.253959 ; 0.78092
5.86605 ; 6.12634 ; 0.854581 ; -0.0768278
6.42904 ; 5.79698 ; -3.83962 ; -0.477891
5.51698 ; 6.59026 ; 1.16637 ; -3.10442
4.64235 ; 5.9494 ; 4.19748 ; -0.634064
5.59128 ; 4.78987 ; 0.43989 ; 1.39049
6.43049 ; 6.51473 ; -1.13891 ; -2.84788
5.44237 ; 4.20049 ; 0.575071 ; 2.58763
6.34711 ; 6.33131 ; -3.89166 ; -4.13728
5.04344 ; 4.10199 ; 0.923296 ; 2.20797
5.9514 ; 5.61537 ; 0.279076 ; -1.50513
5.55521 ; 5.16431 ; -0.643716 ; -0.982554
7.10744 ; 5.62946 ; -2.19522 ; -1.93396
5.08039 ; 6.26092 ; 4.65103 ; -2.35075
4.55359 ; 5.28902 ; 1.23292 ; 1.32818
3.92329 ; 5.4475 ; 2.12422 ; -1.27215
4.36114 ; 3.77294 ; 1.82514 ; 2.26525
5.75949 ; 6.32207 ; -0.745647 ; -4.3809
4.07193 ; 5.72889 ; 2.80358 ; -0.0778902
6.41242 ; 5.20403 ; -0.234163 ; -1.52938
6.46479 ; 5.19998 ; -1.15715 ; 1.11838
5.67383 ; 5.02893 ; -0.743435 ; 1.06105
5.5162 ; 4.71135 ; -3.02738 ; 3.5653
4.54635 ; 5.48676 ; 2.12629 ; -0.917871
3.98011 ; 6.38089 ; 2.6576 ; -2.3798
6.52125 ; 4.26966 ; -4.1758 ; 2.13503
7.22747 ; 5.57189 ; -1.22643 ; -0.977616
5.91854 ; 5.5028 ; 0.115657 ; 1.0806
6.24874 ; 4.54841 ; -1.34414 ; 0.43246
4.38245 ; 5.58179 ; 2.18243 ; 0.204899
4.32952 ; 5.14644 ; 2.87365 ; 0.102228
5.99168 ; 5.31814 ; -1.91603 ; -1.47376
6.6619 ; 4.13663 ; -1.74227 ; 2.47431
6.19652 ; 6.35479 ; -2.45706 ; 0.321021
5.57696 ; 6.35892 ; 1.31452 ; 0.30992
5.78579 ; 4.69154 ; -2.3259 ; 4.25324
5.57711 ; 4.79311 ; -2.64131 ; 3.48132
5.62666 ; 6.12839 ; 2.59529 ; -3.24439
4.59671 ; 5.4418 ; 4.00354 ; -2.2861
6.49296 ; 4.94104 ; -3.71433 ; -1.10505
5.01711 ; 5.71679 ; -0.702045 ; -1.49507
6.40017 ; 4.49948 ; 0.159961 ; 3.54931
6.31015 ; 7.16819 ; 0.187716 ; -2.16486
6.93979 ; 5.49365 ; -1.28227 ; -2.17512
5.57172 ; 4.13586 ; -0.579755 ; 3.0021
5.22473 ; 5.6639 ; 4.50336 ; -4.16219
4.49262 ; 4.13466 ; 1.25319 ; 3.52766
6.9078 ; 6.43556 ; -1.08487 ; -0.542489
6.88819 ; 4.21616 ; -1.9681 ; 0.265063
6.54077 ; 6.31336 ; -2.38491 ; -2.13439
6.88338 ; 5.77776 ; -3.71623 ; 0.719917
5.99785 ; 4.6455 ; 0.335042 ; 2.73895
5.82587 ; 6.04329 ; -1.56533 ; -3.18736
4.72271 ; 4.47825 ; 4.38791 ; -0.397731
4.70917 ; 4.77366 ; 4.29665 ; -0.229051
5.52762 ; 4.39387 ; -2.85981 ; 3.6705
5.32493 ; 6.19015 ; 2.55187 ; -3.42136
6.51393 ; 6.79434 ; -0.784438 ; -2.1545
6.30304 ; 4.26537 ; 0.472363 ; 3.79877
6.55531 ; 4.98142 ; -0.753262 ; 4.37037
5.61142 ; 6.77714 ; -2.27284 ; -3.22475
5.6502 ; 5.98882 ; -1.61853 ; -0.481343
6.88256 ; 6.6191 ; -2.90876 ; -1.98362
5.4914 ; 6.51157 ; 0.163164 ; -2.96402
4.59968 ; 3.79301 ; 1.97949 ; 1.66336
3.88775 ; 4.71316 ; 0.821004 ; -0.615604
7.07653 ; 6.32337 ; -1.81107 ; -2.73397
5.37355 ; 4.43087 ; -1.03523 ; -0.808518
5.4294 ; 5.06717 ; 3.25537 ; 3.3519
4.68736 ; 4.95271 ; 2.52261 ; -0.327697
5.46181 ; 5.81557 ; 1.55067 ; -4.55025
5.99195 ; 4.56462 ; -3.82349 ; 2.04449
6.92587 ; 5.89959 ; -1.67822 ; -2.95744
4.80881 ; 5.91106 ; 4.08683 ; -2.90877
6.19353 ; 4.59246 ; -0.968707 ; -0.664971
6.52107 ; 4.90146 ; -1.47986 ; 2.32018
6.19513 ; 4.06686 ; -1.43244 ; 2.38812
4.54224 ; 4.33511 ; 2.73749 ; -0.251919
4.12612 ; 6.06926 ; 0.991132 ; -2.35853
4.79508 ; 3.96422 ; 1.88273 ; 3.13488
5.77181 ; 4.3029 ; -0.485755 ; -0.0759719
5.70776 ; 5.65721 ; 2.63165 ; -4.37841
6.15077 ; 4.31875 ; -0.330456 ; 1.31505
5.5004 ; 5.72065 ; -2.79991 ; -4.14759
5.54908 ; 5.6241 ; -4.5628 ; -3.76858
4.32698 ; 5.42061 ; 3.63894 ; 2.04601
6.07532 ; 6.069 ; -1.83015 ; -3.43672
5.85676 ; 6.00279 ; 0.879928 ; -3.59011
6.302 ; 4.17801 ; -1.30618 ; 0.393537
6.31268 ; 4.17469 ; 0.309996 ; 3.07211
6.88873 ; 3.98512 ; -2.34075 ; 2.029
4.28539 ; 4.58239 ; 3.56344 ; 1.48971
5.39963 ; 6.03989 ; 1.01967 ; -1.86687
5.34464 ; 4.81688 ; -1.23336 ; 1.25393
7.29768 ; 5.89512 ; -2.10882 ; -0.255823
5.79678 ; 6.46469 ; -1.56711 ; -4.32002
5.17375 ; 4.47783 ; 3.29555 ; 2.90686
4.3701 ; 6.34237 ; 1.98098 ; -1.03926
5.89239 ; 6.24988 ; -4.3544 ; -3.65247
6.26988 ; 6.18278 ; -3.57764 ; 0.106595
5.42578 ; 4.03013 ; -0.197082 ; 2.79808
4.97509 ; 5.26262 ; 0.818684 ; -0.640091
5.73159 ; 7.09202 ; -1.53944 ; -2.3901
5.9926 ; 4.39996 ; -1.95418 ; 3.50135
5.99749 ; 3.84839 ; 0.796907 ; 0.673994
6.06002 ; 6.01181 ; -3.62265 ; -2.31398
5.59529 ; 4.29726 ; -0.693555 ; 3.39119
6.84242 ; 5.63966 ; -2.5853 ; -0.572621
5.05529 ; 3.69897 ; 1.86629 ; 1.30034
5.42249 ; 6.04704 ; 3.48594 ; -4.13533
4.99841 ; 5.85781 ; 3.75041 ; -2.62454
5.07986 ; 5.12156 ; 3.96926 ; 4.11169
5.05228 ; 4.72329 ; 2.47071 ; 2.23744
7.11772 ; 4.59116 ; -2.24814 ; 0.107421
5.444 ; 5.97416 ; -1.2275 ; -1.01135
5.71181 ; 4.83859 ; -0.696005 ; -0.257546
5.29523 ; 6.40048 ; 2.31378 ; -1.27948
4.57916 ; 4.56977 ; 3.22966 ; 1.40042
4.85541 ; 5.25307 ; 4.24607 ; -1.87477
5.5611 ; 5.13067 ; -2.66906 ; 3.42921
5.40558 ; 4.09639 ; 0.110144 ; 2.43279
5.41926 ; 4.91646 ; 1.90751 ; 1.65044
5.76714 ; 4.85563 ; 0.5495 ; 2.49551
4.22334 ; 4.46246 ; 1.08894 ; -0.378747
4.58578 ; 4.05309 ; 0.887995 ; 2.71435
5.94154 ; 6.51313 ; -0.398097 ; -0.253008
5.64629 ; 4.17311 ; -1.26129 ; 0.540035
4.83412 ; 4.55461 ; 0.819365 ; 3.81088
5.95002 ; 6.23196 ; 0.719312 ; -3.79685
6.97831 ; 6.05663 ; -0.75442 ; -3.43248
3.82805 ; 6.06802 ; 1.78605 ; -1.47287
5.80832 ; 5.35826 ; -3.63677 ; 3.09753
6.05556 ; 4.7859 ; 0.899838 ; 0.11148
6.29661 ; 3.88403 ; 0.388633 ; 1.4275
4.05823 ; 4.1979 ; 2.68391 ; 2.2713
5.73997 ; 5.88173 ; -2.82361 ; -4.00599
5.64648 ; 5.3268 ; 1.50613 ; -1.55753
4.29978 ; 5.92516 ; 0.416461 ; -1.83488
4.03899 ; 6.70226 ; 2.59733 ; -3.33699
5.63946 ; 6.0645 ; -0.951536 ; -2.10241
4.98375 ; 4.6559 ; 0.244663 ; 4.18598
7.15045 ; 4.61463 ; -2.11207 ; 0.447542
6.3463 ; 6.89469 ; -0.99219 ; -0.959793
6.18386 ; 5.92767 ; -4.17625 ; 1.74027
6.30936 ; 4.56864 ; -0.818683 ; 1.26895
6.00637 ; 4.53278 ; -4.23168 ; 1.17938
6.43667 ; 5.16769 ; -3.66816 ; -2.52965
6.59231 ; 6.8663 ; -1.13567 ; -1.60171
6.28493 ; 4.25586 ; -1.78588 ; 0.277758
5.59118 ; 6.39501 ; 1.00852 ; -4.09877
6.93097 ; 6.35322 ; -2.78481 ; -0.626806
6.57265 ; 5.01177 ; -2.64842 ; 0.0527471
5.21487 ; 4.63001 ; 2.89166 ; 3.50923
4.74841 ; 4.80422 ; 2.95763 ; 0.321917
6.09315 ; 4.40319 ; 0.900236 ; 1.58807
6.84889 ; 5.45098 ; -2.28635 ; -1.99916
4.3998 ; 4.63835 ; 3.90273 ; -1.17644
4.96281 ; 6.14483 ; -0.363764 ; -1.21226
5.62005 ; 4.23473 ; -1.18927 ; 2.28567
5.61077 ; 5.68534 ; -0.107175 ; -1.18987
7.15031 ; 5.68043 ; -1.95424 ; -0.898753
4.25206 ; 6.07941 ; 2.63834 ; -3.42485
4.9881 ; 5.28672 ; 2.16473 ; 1.34904
5.37612 ; 6.60101 ; 0.400077 ; -4.11156
6.35746 ; 5.68091 ; -1.51703 ; -4.83242
4.93939 ; 6.19253 ; 0.659401 ; 0.573483
4.54067 ; 6.30101 ; 0.175691 ; -3.84427
6.97001 ; 4.22823 ; -2.13258 ; 1.30299
5.58653 ; 6.43995 ; 2.53443 ; -3.33925
7.02643 ; 4.61388 ; -2.29477 ; 1.89528
4.6678 ; 5.39981 ; -0.737741 ; 0.950436
5.5928 ; 3.99138 ; -2.4401 ; 2.95231
5.75557 ; 6.25475 ; 1.18499 ; 0.507912
6.98958 ; 5.02318 ; -0.481058 ; -1.22513
4.65365 ; 5.74341 ; 2.80052 ; -4.68408
6.11941 ; 5.01641 ; -4.05502 ; 3.73113
4.94473 ; 5.37109 ; 3.58487 ; -2.9439
5.51099 ; 6.50911 ; -0.335781 ; -1.34114
6.96142 ; 4.60475 ; -0.883688 ; -0.14443
5.0191 ; 6.72292 ; 3.90931 ; -1.08833
4.90816 ; 5.18228 ; 3.42078 ; 1.22339
5.98252 ; 4.27386 ; -3.08234 ; 3.01477
6.4541 ; 6.2659 ; -0.314483 ; -2.28887
6.76335 ; 5.03982 ; -0.111406 ; 1.01928
6.05925 ; 4.48788 ; -3.1357 ; 3.60848
6.04038 ; 5.23187 ; -3.43511 ; 3.65648
6.71661 ; 4.82922 ; -2.04929 ; 4.45434
6.10995 ; 6.03889 ; -1.76605 ; -4.03833
5.71139 ; 6.59807 ; 0.466509 ; -3.27205
4.08015 ; 5.11366 ; 2.95399 ; 0.478167
6.08672 ; 6.94851 ; -3.27098 ; -2.04369
4.18576 ; 5.47797 ; 0.737845 ; -0.293045
4.9052 ; 5.97795 ; -0.196462 ; -4.50349
6.32428 ; 6.58537 ; -4.03548 ; -0.95232
6.28736 ; 6.33532 ; -4.2472 ; -3.87989
4.93024 ; 6.32458 ; 3.63733 ; -2.35946
3.98493 ; 6.54559 ; 2.15445 ; -2.41242
4.91303 ; 5.7227 ; 2.31684 ; -1.69621
4.64754 ; 4.03573 ; 4.22283 ; 2.06995
6.6893 ; 4.8539 ; -4.07494 ; -0.645685
7.20033 ; 4.29059 ; -0.990565 ; 0.410565
4.36497 ; 6.00817 ; 0.821448 ; -4.50079
5.2627 ; 4.36813 ; 4.67319 ; 1.8223
6.86132 ; 4.42124 ; -1.43816 ; 2.82384
4.80069 ; 4.40853 ; 2.64581 ; 0.664151
5.4833 ; 5.78614 ; 2.35838 ; -3.49976
6.52071 ; 6.30298 ; -3.36629 ; 0.251764
4.79623 ; 5.90539 ; 3.18643 ; 0.778464
5.6561 ; 6.33153 ; 1.38433 ; -2.04899
4.72502 ; 5.13869 ; 0.0725503 ; -0.325597
5.26597 ; 5.53133 ; 1.76283 ; -1.03096
4.88458 ; 5.81022 ; 2.5007 ; -3.14512
4.97968 ; 5.31627 ; 2.42794 ; 0.492674
6.046 ; 7.09031 ; 0.369044 ; -1.48257
6.23456 ; 4.37606 ; -4.12501 ; 3.15764
6.57413 ; 6.74753 ; -3.3443 ; -2.86034
5.13383 ; 5.32049 ; 1.01611 ; -1.50917
4.87411 ; 5.91297 ; -1.08438 ; -4.18214
6.3366 ; 6.92723 ; 0.672881 ; -3.27871
6.79252 ; 4.62089 ; -0.207622 ; 3.03521
4.43332 ; 5.79273 ; 3.93058 ; -0.684374
4.61384 ; 6.78345 ; 0.255838 ; -2.60504
4.88933 ; 5.88875 ; 3.43721 ; -1.32574
6.46392 ; 4.66512 ; 0.743781 ; 0.184296
4.40667 ; 4.0065 ; 1.88945 ; 0.563164
4.40837 ; 5.21977 ; 2.39405 ; -1.41816
4.56 ; 4.78363 ; 1.9637 ; 0.154682
4.77992 ; 4.69227 ; 0.475389 ; 3.515
5.82727 ; 5.2234 ; -2.77699 ; 4.40217
5.55044 ; 6.83415 ; 0.718548 ; -3.01067
4.61252 ; 5.43532 ; -0.41667 ; 0.493289
6.52041 ; 6.2643 ; -2.80385 ; -4.32483
5.92686 ; 3.66505 ; 1.21719 ; 2.26766
6.28249 ; 4.66513 ; -4.18014 ; 1.67586
5.85617 ; 5.8012 ; 0.561396 ; -0.41796
4.31009 ; 4.03414 ; 1.14131 ; 3.0077
6.39775 ; 5.07042 ; -3.79318 ; -1.00527
5.66242 ; 7.17287 ; -2.19599 ; -2.40004
4.95034 ; 5.99019 ; -1.1504 ; -2.82565
6.51765 ; 4.37677 ; -0.254368 ; -0.15601
6.52834 ; 4.28989 ; -1.81218 ; 0.825611
5.76977 ; 5.87117 ; -1.76788 ; -3.37918
5.70359 ; 5.829 ; 2.27862 ; -4.09309
5.70978 ; 3.92125 ; -0.0212944 ; 2.08383
4.87574 ; 4.01153 ; 2.04516 ; 2.61564
6.43445 ; 4.91977 ; -2.73463 ; 3.03751
4.9156 ; 5.15966 ; 4.08787 ; 4.0141
6.78347 ; 3.89536 ; -1.31681 ; 1.10216
6.13004 ; 6.00458 ; -1.11843 ; -4.28995
5.75001 ; 6.96796 ; 1.50892 ; -1.48457
6.09312 ; 6.3197 ; 0.284077 ; -2.85676
5.34523 ; 4.37892 ; 0.0981908 ; 2.3265
6.46598 ; 5.33946 ; -2.48426 ; 0.998077
4.66639 ; 6.37704 ; 3.86769 ; -1.71923
7.05348 ; 5.64754 ; -1.21113 ; 0.841995
7.17221 ; 5.00465 ; -1.55079 ; -1.35033
4.80305 ; 6.47467 ; 1.89903 ; -4.06456
6.05415 ; 5.52828 ; -0.380107 ; -0.801127
4.05998 ; 6.35779 ; 0.629873 ; -0.871242
6.27337 ; 4.42674 ; -3.22041 ; -0.266617
6.35438 ; 4.03269 ; -1.66831 ; 2.34193
5.89513 ; 4.35943 ; -1.20653 ; 2.13779
4.13135 ; 5.11471 ; 3.12726 ; -0.45965
7.08827 ; 5.76306 ; -0.277243 ; 1.06831
5.47843 ; 6.47886 ; 0.444442 ; -2.39576
6.23939 ; 4.82893 ; -3.30084 ; 2.43663
6.41382 ; 3.81298 ; -1.49415 ; 0.700438
6.03908 ; 6.9515 ; 0.213798 ; -2.50707
4.93081 ; 6.11874 ; 4.29732 ; -2.20887
5.86594 ; 6.96615 ; 0.878462 ; -2.49642
4.24833 ; 5.67219 ; 2.23635 ; -1.9193
6.47777 ; 5.69109 ; -3.1359 ; -1.09905
4.35733 ; 6.22729 ; 2.01189 ; -2.46343
7.16359 ; 4.80845 ; -1.60661 ; 1.6042
5.18156 ; 4.15045 ; -0.0911309 ; 2.62802
6.74174 ; 4.6402 ; -2.82542 ; 2.99362
4.54953 ; 5.59952 ; 1.65888 ; 1.03408
6.60867 ; 4.63705 ; 0.150552 ; -0.672992
5.68101 ; 4.60748 ; -0.794654 ; -0.089356
4.73697 ; 3.67131 ; 2.0578 ; 1.62325
6.01968 ; 4.69765 ; -4.42351 ; 1.29083
4.13842 ; 5.15881 ; 3.16066 ; 1.76664
5.41698 ; 5.2817 ; -1.15516 ; -0.56977
5.52654 ; 5.99347 ; -0.16191 ; -2.15681
4.73165 ; 6.73895 ; 4.23771 ; -2.24454
5.81588 ; 4.53968 ; -1.14207 ; 4.20578
6.29683 ; 5.97319 ; -3.06359 ; -2.64326
6.00999 ; 6.0809 ; 0.994614 ; -1.92957
6.88856 ; 6.04492 ; -0.819889 ; -0.837007
6.79571 ; 4.30736 ; -1.62599 ; 2.64607
5.85369 ; 5.93333 ; 0.796934 ; -1.44295
4.91552 ; 5.03974 ; 2.17256 ; 2.08206
4.96907 ; 4.37228 ; 0.549652 ; 1.58751
6.24827 ; 6.50401 ; -3.01105 ; -1.9388
5.24788 ; 5.8174 ; -0.995992 ; -4.5421
6.0834 ; 4.61265 ; -1.47322 ; 4.13365
5.19601 ; 4.65785 ; -0.88975 ; -0.479453
4.95446 ; 4.51113 ; 0.780253 ; 1.6984
4.39496 ; 5.76717 ; 3.37347 ; 1.37205
7.10345 ; 6.41615 ; -2.12313 ; -1.48658
6.16467 ; 4.84699 ; -3.96682 ; 3.16978
4.04756 ; 4.89613 ; 3.11251 ; 1.84945
4.58488 ; 4.59952 ; 2.22464 ; 3.94442
5.40132 ; 4.11214 ; 0.757597 ; 0.245946
4.84979 ; 6.44496 ; 2.72065 ; -2.02537
4.71865 ; 3.54394 ; -0.12988 ; 1.63629
4.41546 ; 5.82467 ; 3.34402 ; -3.47826
4.81776 ; 6.10024 ; 2.09809 ; -4.58732
6.25844 ; 5.16218 ; -1.90465 ; -0.379237
4.44836 ; 5.07438 ; 2.24812 ; 1.39654
6.65592 ; 5.67878 ; -3.79292 ; 2.09223
6.28329 ; 4.40707 ; -2.67424 ; 3.90119
4.53283 ; 6.20494 ; 2.84587 ; -3.00574
6.52949 ; 4.37651 ; -3.82669 ; 0.998253
6.55822 ; 4.75674 ; -3.58917 ; 2.82018
6.31836 ; 5.12066 ; -3.1604 ; 1.30277
7.30961 ; 5.58539 ; -1.05576 ; -1.57078
6.13001 ; 4.56492 ; -4.17373 ; 2.12686
6.32674 ; 6.71343 ; 0.205524 ; -1.9383
5.16199 ; 4.50564 ; -0.536181 ; 0.0649961
5.07093 ; 5.54684 ; -0.636042 ; -1.04155
6.72189 ; 6.1868 ; -3.0521 ; -2.83785
4.32997 ; 6.4842 ; 3.48031 ; -3.60061
5.5888 ; 5.83752 ; -1.87376 ; -2.03709
5.47604 ; 6.13085 ; 1.64973 ; -3.20355
4.76611 ; 4.87113 ; 2.91248 ; 0.790553
6.1639 ; 6.11334 ; -2.05672 ; -4.35004
4.62324 ; 5.84965 ; -0.246743 ; -0.988159
5.08212 ; 4.39312 ; 0.0375494 ; -0.617164
5.58196 ; 5.42685 ; -1.1389 ; -0.242423
6.46243 ; 6.45728 ; -1.31079 ; -1.983
4.82566 ; 3.7582 ; 0.367144 ; 0.700578
5.9937 ; 4.71389 ; -3.02709 ; 2.71135
5.40594 ; 6.35785 ; -0.612146 ; -1.37463
6.26744 ; 6.32754 ; -2.10105 ; -3.24146
4.74301 ; 6.74937 ; -0.119271 ; -3.232
5.96616 ; 7.06194 ; -0.482309 ; -1.86807
6.54031 ; 5.05007 ; -3.05495 ; 1.64148
5.33635 ; 4.41607 ; -0.940104 ; 0.527487
6.37655 ; 6.11386 ; -3.61635 ; 1.11173
5.75061 ; 5.39308 ; -3.50105 ; 4.27806
4.08344 ; 6.12026 ; 3.34532 ; -2.06273
6.60404 ; 5.41887 ; -1.39929 ; -0.384767
6.18135 ; 5.86601 ; -1.65494 ; -4.5898
4.23818 ; 6.6554 ; 1.71899 ; -3.38136
6.80944 ; 6.5473 ; -1.46293 ; -3.09552
5.11268 ; 6.66632 ; 1.14762 ; -2.54998
7.26439 ; 5.42171 ; -2.38027 ; 1.90859
6.28094 ; 4.81934 ; -0.812203 ; 1.83673
5.56518 ; 5.76141 ; -1.7327 ; -1.84216
4.25654 ; 4.5882 ; 3.58699 ; 0.799445
4.95969 ; 4.10954 ; 2.39124 ; 2.33958
5.62114 ; 6.04877 ; 0.504816 ; -4.50182
6.62624 ; 6.33634 ; -3.1896 ; -1.22131
6.40403 ; 3.95722 ; -0.890752 ; 3.2018
5.89608 ; 6.68689 ; 0.986491 ; -0.0400018
4.69339 ; 4.01454 ; 1.73549 ; 2.12974
5.14026 ; 6.35722 ; -0.414841 ; -2.93881
4.58057 ; 4.55638 ; 3.21439 ; -0.297496
5.99425 ; 4.4731 ; -2.92084 ; 2.51187
4.7026 ; 4.29259 ; 4.08768 ; 1.17127
5.3918 ; 3.8482 ; 0.265859 ; 1.32466
4.47805 ; 5.90437 ; 0.19311 ; -3.60207
5.3851 ; 6.83755 ; 2.16033 ; -2.26409
6.23836 ; 6.03493 ; -3.13756 ; -4.09009
6.67281 ; 5.5216 ; -3.10239 ; -3.87807
4.67464 ; 5.24491 ; 3.96257 ; 3.07209
5.02371 ; 4.37167 ; 4.48846 ; 0.341233
5.16752 ; 4.95878 ; 1.94988 ; 4.20604
5.74775 ; 5.57388 ; 3.09672 ; -4.20578
7.04424 ; 6.07293 ; -1.51139 ; -3.46155
3.95918 ; 5.62643 ; 2.29222 ; -2.65073
6.28527 ; 4.21673 ; -1.95171 ; 2.18579
6.99903 ; 7.00652 ; -1.31929 ; -2.25499
4.96097 ; 4.05788 ; 2.93134 ; 2.19841
6.281 ; 4.83264 ; 0.831517 ; 1.68819
6.9922 ; 5.12652 ; -1.59458 ; 0.766862
6.49977 ; 4.02966 ; 0.0737202 ; 0.0380467
5.01394 ; 5.28599 ; -0.204609 ; 0.337891
5.64113 ; 5.11506 ; 4.5968 ; 3.72715
4.26121 ; 4.90533 ; -0.0378047 ; 1.31738
5.96495 ; 4.65769 ; -2.10599 ; -0.589705
6.93011 ; 4.42981 ; -1.4343 ; 3.1055
6.31224 ; 5.4756 ; -1.44986 ; -1.55777
4.28188 ; 5.57503 ; 3.84109 ; 0.713734
5.43104 ; 4.72408 ; -0.558307 ; 4.20696
4.34703 ; 5.10351 ; 3.15041 ; 2.90212
6.36974 ; 5.25921 ; -3.47357 ; 2.28098
5.1879 ; 6.74929 ; 2.79184 ; -0.515151
4.55898 ; 4.63828 ; 1.20932 ; 3.80728
6.68072 ; 6.01916 ; -0.779613 ; -1.28061
4.66206 ; 5.74708 ; 1.72988 ; 0.0610962
7.18838 ; 6.10367 ; -1.21303 ; 0.538463
4.50029 ; 4.64463 ; 2.92489 ; 1.2277
4.19997 ; 5.30972 ; 2.39017 ; -1.84293
5.11278 ; 6.62777 ; 1.64118 ; -1.92845
5.45571 ; 6.88753 ; -1.15756 ; -1.71407
4.18469 ; 6.23256 ; 2.80445 ; -3.10324
5.03113 ; 4.75615 ; 1.5991 ; 1.45497
5.25369 ; 4.9685 ; 4.6734 ; 2.01067
6.30634 ; 6.87934 ; -1.10658 ; -3.60067
5.5342 ; 4.84286 ; 2.67219 ; 3.7627
6.09548 ; 5.05522 ; -0.612536 ; -0.72528
4.58652 ; 5.18235 ; 1.97537 ; 1.30874
5.18983 ; 5.10628 ; 1.84816 ; 0.650919
6.36272 ; 4.54928 ; 0.836137 ; 1.72779
6.48558 ; 4.25268 ; -0.631501 ; 3.8307
5.00811 ; 5.00712 ; 4.36079 ; 2.3746
4.59566 ; 4.71807 ; 3.907 ; -0.282063
4.76594 ; 5.37056 ; 3.217 ; -1.67614
4.91573 ; 6.30286 ; 3.1137 ; -2.3132
5.76329 ; 5.81594 ; 0.389351 ; -0.20178
4.37489 ; 4.56356 ; 1.20446 ; -0.587537
4.66651 ; 4.19918 ; 2.00634 ; 3.0169
4.56369 ; 5.45581 ; 0.536955 ; -0.501577
5.40055 ; 4.33836 ; -1.31083 ; 1.21417
3.87538 ; 5.824 ; 1.84505 ; 0.816252
5.71948 ; 5.03077 ; -2.30414 ; 4.30155
6.53137 ; 6.63944 ; -1.34383 ; -2.64675
6.55719 ; 6.63182 ; -4.35773 ; -1.95361
5.46387 ; 7.18121 ; 1.39539 ; -2.49281
4.35684 ; 6.16536 ; -0.105226 ; -0.138912
4.52439 ; 6.3846 ; 1.092 ; -3.81746
6.96233 ; 6.26642 ; -1.7155 ; -0.805762
4.77303 ; 4.70588 ; 4.23555 ; 2.64955
4.53174 ; 6.82955 ; 2.76235 ; -1.77658
5.21542 ; 4.1595 ; 1.52715 ; 2.89642
5.05394 ; 4.30647 ; 2.73185 ; 3.77409
5.48066 ; 4.5124 ; -0.35854 ; -0.417254
5.6217 ; 4.19902 ; -2.5392 ; 2.64639
6.29633 ; 5.3219 ; -2.07443 ; -1.71422
6.0236 ; 3.91939 ; -0.0614793 ; 1.77088
5.0288 ; 5.15836 ; 3.92605 ; 3.18412
6.08197 ; 5.58732 ; 1.11371 ; 0.523575
6.55203 ; 6.099 ; 0.13213 ; -1.5695
4.27264 ; 5.42159 ; 3.07901 ; -3.09912
7.0815 ; 4.99601 ; -1.80097 ; 1.83986
6.52945 ; 4.86987 ; -3.15556 ; 3.86471
4.32107 ; 4.90505 ; 0.679695 ; -1.01573
4.888 ; 4.81327 ; -0.911176 ; 0.691672
4.62602 ; 3.87022 ; 1.30041 ; 1.20949
4.33729 ; 4.71062 ; 1.85349 ; 3.0572
6.10679 ; 5.56301 ; -4.08424 ; 3.45902
5.86547 ; 5.51617 ; -4.13073 ; -4.27116
5.81011 ; 6.6045 ; 1.85806 ; -3.9109
5.92713 ; 6.24595 ; 1.06848 ; -3.61361
6.76608 ; 5.46062 ; -2.14671 ; -0.947439
5.93942 ; 6.62102 ; -2.42709 ; -3.42403
6.1291 ; 4.60096 ; -3.84132 ; 3.30232
6.36777 ; 6.61275 ; 0.203837 ; -1.22196
4.63695 ; 4.63479 ; 3.91427 ; 1.81281
5.49718 ; 5.80744 ; -0.281933 ; -2.58331
5.18543 ; 4.98825 ; 3.84311 ; 3.80597
4.40465 ; 3.97286 ; 1.48406 ; 2.99502
5.64703 ; 4.10431 ; 0.386177 ; 3.03886
4.64095 ; 5.72944 ; 3.6346 ; -2.03266
7.37229 ; 5.80727 ; -2.09676 ; -0.790165
6.33449 ; 5.85277 ; -1.75167 ; -4.25985
6.3898 ; 4.99798 ; -2.64626 ; 3.9127
6.45741 ; 6.81639 ; -3.61487 ; -2.85707
4.88643 ; 4.75875 ; 3.1326 ; -0.918671
4.97342 ; 5.1323 ; 1.55269 ; -1.0697
6.31964 ; 5.87584 ; -2.48867 ; -1.00007
4.0041 ; 4.26309 ; 1.71385 ; 2.12879
5.95331 ; 4.21985 ; 1.15179 ; 2.43633
4.24709 ; 4.0843 ; 2.9338 ; 1.1961
5.92997 ; 4.23739 ; -0.463679 ; 2.33892
6.99328 ; 5.65855 ; -2.37886 ; -0.840208
5.54694 ; 6.8876 ; 1.58908 ; -1.50263
5.1699 ; 6.08717 ; 0.583425 ; -2.51878
5.70293 ; 4.96304 ; 0.726061 ; 0.479887
5.3446 ; 6.69969 ; 0.411458 ; -1.69983
5.00984 ; 4.6223 ; -0.359023 ; 2.91574
4.08685 ; 5.34687 ; 2.82365 ; -0.0749613
4.86322 ; 4.07524 ; -0.15722 ; 3.70825
7.22287 ; 6.31297 ; -1.55128 ; -0.0297439
