5.27541 ; 3.86858 ; -0.785086 ; 0.880142
6.25239 ; 5.92937 ; -3.28347 ; -0.149351
5.75309 ; 5.33438 ; -2.19855 ; 0.309416
5.9278 ; 5.21271 ; 2.86199 ; 3.60283
5.1491 ; 4.2503 ; 0.223944 ; -0.613901
5.45423 ; 5.71767 ; 3.86885 ; 2.64868
4.9631 ; 4.93052 ; -0.696189 ; -0.4164
5.1026 ; 6.56144 ; -0.562277 ; -0.373933
6.87048 ; 5.94247 ; -2.42753 ; 0.574638
6.4452 ; 5.86813 ; -3.04946 ; -3.25241
6.09851 ; 4.32498 ; -2.81863 ; 0.397424
6.57395 ; 4.60323 ; -0.674014 ; -0.679292
4.39472 ; 4.34909 ; 2.83629 ; 1.09135
4.26535 ; 5.58656 ; 1.64266 ; 1.50267
6.59428 ; 4.9038 ; -1.44748 ; 1.13703
6.77141 ; 5.6839 ; -1.03221 ; -2.68108
5.20386 ; 4.37474 ; 2.21851 ; 1.62356
5.87183 ; 5.99986 ; -4.3372 ; -1.77255
5.18418 ; 4.88889 ; 0.0890544 ; 0.170389
4.50695 ; 5.12252 ; 1.41761 ; -1.0385
5.5489 ; 5.33565 ; -2.9495 ; -3.66351
5.43426 ; 5.97521 ; 4.54074 ; -3.40158
5.71206 ; 5.98194 ; -1.27282 ; -4.48086
6.95687 ; 4.89634 ; -0.691435 ; -0.81534
4.92929 ; 6.25666 ; 1.49962 ; -4.00233
6.63896 ; 6.08822 ; -2.11567 ; -0.0809998
5.03715 ; 5.76712 ; 0.559141 ; 1.01062
4.33763 ; 5.54294 ; 0.46833 ; 0.272995
5.59215 ; 5.44238 ; 4.53683 ; 3.99436
6.19563 ; 3.92202 ; -0.361247 ; 1.03797
6.38769 ; 5.05418 ; -3.15083 ; -0.755588
5.08711 ; 4.58312 ; 0.0952246 ; 2.82525
6.57036 ; 5.883 ; -3.00677 ; -2.56298
5.6016 ; 6.02963 ; -4.60327 ; -0.946173
4.20251 ; 4.4225 ; 3.04376 ; 1.61472
6.34278 ; 4.54005 ; -3.25452 ; 3.19434
4.86459 ; 4.1201 ; 1.34701 ; 2.2065
4.98179 ; 4.61548 ; 1.96672 ; 3.04307
4.77046 ; 5.76306 ; 2.6477 ; -4.5017
4.14427 ; 6.23276 ; 2.35681 ; -0.756478
5.86709 ; 6.44235 ; 0.311378 ; -0.525184
5.54532 ; 5.39873 ; 0.713945 ; -4.6901
6.67309 ; 6.05521 ; -0.356563 ; 0.126851
6.14064 ; 4.8171 ; 0.383196 ; 2.11065
5.25263 ; 4.73184 ; 3.73454 ; 0.040814
5.56147 ; 5.12417 ; 0.971731 ; 1.89082
5.57532 ; 4.74382 ; -4.48522 ; 2.63982
5.40786 ; 5.39167 ; 2.30895 ; 0.303974
4.66807 ; 4.80661 ; 2.60915 ; 0.888441
5.91171 ; 5.47354 ; -3.97701 ; 3.10109
4.83455 ; 4.15402 ; 2.27355 ; 2.78641
5.78466 ; 5.04855 ; -3.82194 ; 3.922
5.39663 ; 4.71255 ; 2.26739 ; 2.92468
5.50025 ; 5.46553 ; 3.95288 ; -2.59319
4.93721 ; 4.54573 ; 0.539846 ; 0.939996
4.94438 ; 4.45662 ; 2.8063 ; -0.374155
6.16117 ; 5.62353 ; -4.3658 ; 0.685564
4.48289 ; 5.35813 ; 3.15358 ; -2.68607
6.22402 ; 5.31001 ; -4.17 ; 2.23379
6.5915 ; 6.4496 ; -2.92041 ; -3.75872
4.24219 ; 5.83531 ; 1.03193 ; 0.487528
5.68496 ; 5.10208 ; 2.30144 ; 2.72315
4.66559 ; 5.74301 ; 2.87824 ; -4.13244
6.90106 ; 5.38471 ; -2.21749 ; 0.900385
5.60993 ; 4.93989 ; -3.91688 ; -4.53566
4.68805 ; 5.29791 ; 1.33057 ; -4.79062
6.49043 ; 4.37627 ; -3.54604 ; 2.12135
5.84881 ; 5.05151 ; -1.22782 ; 3.76979
4.4454 ; 4.45313 ; 2.65741 ; 3.67539
5.05192 ; 4.61745 ; 3.96079 ; 0.406342
6.99831 ; 5.35429 ; -2.13177 ; 1.01697
4.5596 ; 4.17685 ; 1.12493 ; 2.9918
6.25148 ; 4.57765 ; -2.87314 ; 3.59553
4.50543 ; 4.26218 ; 1.70278 ; 0.757748
4.92384 ; 5.61913 ; 3.47886 ; -1.01379
5.64649 ; 5.52996 ; -2.28383 ; -4.68734
5.82636 ; 4.31264 ; -3.26641 ; 2.12875
6.46114 ; 5.02472 ; -3.04552 ; 0.93705
5.38698 ; 4.63585 ; -0.379498 ; 3.67635
5.09831 ; 6.53554 ; -0.3771 ; -3.54426
5.77292 ; 4.53341 ; -4.10382 ; 0.650811
5.73289 ; 4.87383 ; -2.14867 ; -1.62388
4.75495 ; 5.26043 ; 3.03605 ; -1.29429
4.70444 ; 4.73928 ; 3.48942 ; 3.39762
5.91201 ; 5.59497 ; -3.53677 ; -1.98207
6.36672 ; 4.39228 ; -1.05042 ; 2.65706
6.77031 ; 4.97266 ; -3.23053 ; -1.41238
5.64174 ; 5.15184 ; -0.897837 ; -0.420727
6.3173 ; 4.2952 ; -2.1066 ; 0.321581
5.5983 ; 5.21945 ; 2.93446 ; -2.64672
4.48931 ; 5.28858 ; 3.2026 ; -3.54346
5.662 ; 4.244 ; 0.129188 ; 2.11286
5.23392 ; 5.26911 ; -0.539388 ; 1.05058
5.00415 ; 4.93224 ; -0.272601 ; 4.09598
6.38099 ; 6.11683 ; -0.473897 ; 0.74448
5.5987 ; 5.3035 ; -3.7649 ; -2.66105
4.07614 ; 6.52487 ; 2.37152 ; -1.38444
5.39998 ; 5.90879 ; 1.82224 ; -0.312429
6.71864 ; 5.22771 ; -1.08001 ; 2.63586
5.2087 ; 5.56597 ; -1.65476 ; -2.33433
4.89718 ; 5.2126 ; 3.70291 ; -2.91679
6.62253 ; 5.20202 ; -3.24715 ; 2.53833
5.86402 ; 5.5535 ; -0.553899 ; 0.310274
6.59429 ; 5.88108 ; -3.61486 ; -0.837045
4.81622 ; 6.71768 ; 3.06302 ; -1.9723
4.82748 ; 5.01509 ; 3.11736 ; 4.42938
5.75538 ; 4.51167 ; -0.649861 ; 0.146099
6.05934 ; 6.5228 ; 1.24957 ; -2.9722
5.33402 ; 6.2893 ; -0.0494413 ; -2.38174
5.846 ; 6.74073 ; -2.73695 ; -2.11309
6.56745 ; 5.20637 ; -3.12914 ; -0.217312
4.58194 ; 6.18793 ; 1.4617 ; -2.57003
5.73987 ; 6.54649 ; -3.57358 ; -2.91431
5.47066 ; 4.09995 ; -0.679184 ; 3.32974
4.40151 ; 5.40818 ; 1.27456 ; -2.82583
6.49541 ; 6.52377 ; -3.04254 ; -3.1266
6.35924 ; 4.85736 ; -3.18852 ; 3.93176
6.0322 ; 3.93461 ; 0.928982 ; 2.6901
5.28471 ; 6.79032 ; -0.992803 ; -0.97071
5.65306 ; 6.50454 ; 2.48501 ; -2.42831
6.20502 ; 5.69925 ; -1.86958 ; -4.6238
4.16775 ; 5.86596 ; 2.46428 ; -1.71627
6.77161 ; 6.1335 ; -0.88474 ; -1.6305
5.09994 ; 4.04293 ; 0.707811 ; 0.229692
4.44984 ; 6.81154 ; 1.97035 ; -2.06288
5.92731 ; 5.97884 ; 1.27592 ; -0.917021
5.12762 ; 5.17298 ; -0.372391 ; -1.46379
5.43894 ; 5.05328 ; 3.86029 ; 4.24053
4.58861 ; 6.24794 ; 3.93655 ; -0.275457
4.9546 ; 4.68138 ; 2.54969 ; -0.483855
6.29577 ; 5.35312 ; -4.04414 ; 1.63431
4.94742 ; 6.64467 ; -0.627178 ; -1.59403
4.87006 ; 5.10299 ; 3.84522 ; -2.65849
6.33075 ; 6.20291 ; 0.453741 ; -3.9549
6.15887 ; 5.62375 ; -1.41323 ; 0.369005
6.55824 ; 3.94744 ; -0.964231 ; 2.80293
4.92054 ; 6.12866 ; 3.9125 ; -3.39891
6.07491 ; 5.67863 ; -1.71829 ; -4.28667
5.85215 ; 6.00287 ; -2.08652 ; -4.1912
4.73594 ; 5.68722 ; -0.993379 ; -3.35104
5.86411 ; 4.08795 ; -2.33535 ; 2.30622
4.87896 ; 5.56408 ; -0.666203 ; -4.49211
6.79806 ; 6.4303 ; -1.97777 ; -3.15503
5.25307 ; 6.49868 ; -0.440701 ; -1.70651
5.1794 ; 4.50967 ; -0.89342 ; 3.56351
5.72313 ; 4.76319 ; -4.36006 ; 0.456881
4.78298 ; 5.56924 ; 1.1918 ; -3.7355
5.11457 ; 6.61008 ; 3.06324 ; -3.51034
5.28759 ; 6.02715 ; 4.25192 ; 0.464168
5.86876 ; 4.89779 ; 4.65748 ; 3.56168
4.64821 ; 3.88038 ; 1.64119 ; 2.27027
5.6532 ; 3.818 ; -0.811829 ; 1.90464
5.28538 ; 5.65299 ; 4.05621 ; 3.45938
6.3492 ; 5.07175 ; -0.710143 ; 0.144703
5.8239 ; 5.74063 ; -3.06932 ; -2.5542
5.01578 ; 5.61901 ; -1.01106 ; -2.02705
6.21994 ; 5.61866 ; 0.094861 ; -0.153278
6.10851 ; 4.51155 ; -1.59374 ; 2.01409
5.42189 ; 4.9285 ; -4.53751 ; 2.27381
5.55501 ; 3.98711 ; 2.70073 ; 2.40864
6.09597 ; 5.41441 ; -3.09247 ; -4.73184
4.7007 ; 5.72955 ; 3.91368 ; -0.524808
5.10864 ; 4.20504 ; -0.585973 ; 1.11652
6.67668 ; 6.44932 ; -2.55133 ; -3.94102
6.19505 ; 5.62341 ; -1.5222 ; -3.21609
4.69585 ; 5.13578 ; 0.95563 ; -0.332859
6.47021 ; 6.81076 ; 0.270073 ; -0.955383
4.76357 ; 5.52225 ; 2.1476 ; -4.79541
4.87293 ; 4.12142 ; -0.681224 ; -0.246113
6.87017 ; 6.14196 ; -0.374357 ; 0.038582
6.56497 ; 5.70267 ; -0.457327 ; -4.05739
5.83225 ; 5.42153 ; -4.00971 ; -3.34728
6.19112 ; 5.04154 ; -1.66587 ; 2.33096
6.1052 ; 4.90537 ; -1.38889 ; 0.795493
5.49446 ; 5.22281 ; -1.6499 ; -2.12026
5.40114 ; 4.79594 ; 0.671155 ; 1.73545
4.59066 ; 4.17959 ; 1.67903 ; 3.41031
5.55576 ; 5.74694 ; 3.38215 ; -3.28087
4.63341 ; 5.45826 ; 2.23731 ; 0.248311
5.17874 ; 6.40656 ; 0.67627 ; -1.56794
6.0265 ; 5.41571 ; 0.302444 ; -1.73024
4.85908 ; 6.07206 ; 4.45662 ; 0.496942
6.41189 ; 4.11538 ; -2.51226 ; 2.60455
6.07545 ; 4.51832 ; -4.16064 ; 3.39698
5.60574 ; 4.68044 ; -1.45592 ; 2.13534
5.20523 ; 5.45798 ; 1.8093 ; -0.449851
5.35336 ; 4.09917 ; 2.16456 ; 2.52272
5.8764 ; 5.97514 ; 0.974111 ; -3.36691
5.04298 ; 4.59705 ; 3.00931 ; 2.87092
6.52989 ; 4.7874 ; -2.0781 ; 4.25731
6.54682 ; 5.62764 ; -0.490403 ; -4.31768
5.84528 ; 5.25248 ; -1.02641 ; -1.2826
4.82198 ; 4.68294 ; 4.20883 ; 1.92806
6.16135 ; 4.05387 ; -2.66545 ; 2.60427
5.12563 ; 4.00414 ; 2.98283 ; 0.979099
4.59399 ; 4.15602 ; 1.52275 ; 3.38197
5.79718 ; 5.26998 ; -4.49704 ; 2.64789
5.8917 ; 5.8905 ; -4.44517 ; -0.178798
5.85389 ; 5.99838 ; 2.98841 ; -4.17366
5.66475 ; 4.5596 ; 4.70455 ; 2.99451
5.09794 ; 5.99838 ; -4.32309 ; 3.93975
5.10646 ; 5.2498 ; 4.10867 ; -4.03042
5.74362 ; 3.89886 ; 1.48183 ; 0.850573
6.96733 ; 5.69622 ; -1.87586 ; -3.48103
5.19594 ; 5.13495 ; 4.22861 ; 4.3133
5.75136 ; 4.40723 ; 1.90748 ; 3.54026
5.60168 ; 5.15881 ; 4.44349 ; -3.86379
5.38745 ; 5.55988 ; 1.5187 ; -3.3891
4.68958 ; 4.54446 ; 0.283734 ; -0.846544
4.7858 ; 4.24965 ; 1.57914 ; 0.162224
6.39897 ; 5.52793 ; -3.4851 ; 3.30475
5.79855 ; 4.52586 ; -0.824197 ; 1.18475
6.55583 ; 5.99603 ; -2.15261 ; 1.12568
5.89916 ; 4.264 ; -2.02665 ; 1.7151
5.49913 ; 6.12064 ; 1.03989 ; 0.0795853
4.00616 ; 5.4138 ; 2.57799 ; 0.861302
4.40641 ; 5.57363 ; 3.45003 ; 2.8147
4.84901 ; 5.40052 ; 3.21807 ; -4.4707
5.1586 ; 4.90201 ; 4.0148 ; 3.97814
5.44313 ; 4.67579 ; 1.69461 ; 3.0198
5.11357 ; 4.73675 ; 3.88779 ; 3.76725
6.92352 ; 5.74549 ; -1.69353 ; -3.54845
5.39027 ; 4.92667 ; -3.51216 ; 3.36473
6.82299 ; 4.33053 ; -1.7755 ; 3.0776
6.13135 ; 5.77693 ; -3.46687 ; -1.71905
6.68329 ; 4.6646 ; -2.63269 ; 3.68919
6.59533 ; 4.96212 ; -1.25511 ; 4.40715
4.58583 ; 6.20931 ; 3.45718 ; -2.69595
6.23999 ; 5.32003 ; -3.36824 ; 0.769615
6.40458 ; 5.72303 ; -1.35537 ; -4.44071
4.28979 ; 6.72631 ; 0.814481 ; -2.22264
4.68714 ; 6.07804 ; 3.74245 ; -0.970494
4.60888 ; 6.43545 ; 2.56297 ; -1.89992
6.10343 ; 5.44126 ; -0.989484 ; 1.7285
4.43652 ; 6.13497 ; 3.32063 ; -1.33918
4.50234 ; 5.79584 ; 2.51084 ; -1.09004
5.58082 ; 5.71314 ; 3.5683 ; -3.88964
4.5682 ; 5.8669 ; 1.45451 ; -4.69548
5.02128 ; 5.66277 ; 0.869865 ; -3.50762
5.04387 ; 5.29183 ; 2.00212 ; 4.4515
5.36387 ; 5.43147 ; -3.44115 ; 3.92685
6.33217 ; 4.86051 ; 0.679738 ; -0.442628
5.825 ; 5.24331 ; -3.68367 ; -2.00528
4.69114 ; 6.26565 ; 0.43351 ; -2.05178
5.22102 ; 4.75154 ; 0.540875 ; 4.28837
5.1122 ; 5.21762 ; 2.56515 ; -1.67395
4.65869 ; 6.9538 ; -0.308465 ; -2.41946
5.24991 ; 6.20447 ; 3.6171 ; -3.88979
5.51014 ; 5.73745 ; -4.13825 ; 2.72415
5.35419 ; 4.80942 ; 1.32109 ; 0.173678
6.34226 ; 6.65425 ; -1.4734 ; -3.22071
5.05849 ; 6.31667 ; 0.875401 ; -4.19418
5.47016 ; 6.41125 ; 3.1931 ; -3.84391
6.30099 ; 5.4113 ; -0.619548 ; -1.51243
4.66769 ; 5.98453 ; 0.911194 ; -2.75627
4.54043 ; 5.3709 ; -0.131014 ; -1.8348
5.57506 ; 5.11921 ; 4.5728 ; -2.38152
4.3833 ; 4.69166 ; 2.76461 ; 0.465852
4.9031 ; 6.43197 ; 2.77258 ; -1.97347
5.02128 ; 6.2602 ; 4.38465 ; -0.804608
6.36814 ; 5.56823 ; -1.7297 ; -3.91667
6.49971 ; 5.16854 ; -2.66515 ; -0.0976392
6.33782 ; 5.21892 ; -3.45437 ; 2.40382
5.58029 ; 6.42081 ; 3.28492 ; -3.5952
5.70697 ; 5.82262 ; -4.37174 ; -2.96849
6.64683 ; 6.21088 ; -2.50013 ; -3.91688
6.01907 ; 5.6119 ; -1.27844 ; -4.02107
5.55806 ; 5.22173 ; -3.3178 ; 3.42355
5.60097 ; 5.93046 ; 4.48144 ; 2.89129
6.05822 ; 4.39401 ; 0.650153 ; 3.0557
5.93216 ; 3.98675 ; -0.783834 ; 3.00432
4.28254 ; 4.7528 ; 1.5248 ; 1.53889
5.59254 ; 5.44344 ; 1.88485 ; -4.71171
6.22475 ; 5.58403 ; -3.80511 ; 3.19092
6.79032 ; 5.45559 ; -1.21877 ; -2.22989
4.31776 ; 6.28887 ; 2.83692 ; -3.86657
4.4353 ; 4.55441 ; 1.18873 ; 4.08805
5.09115 ; 4.73106 ; 0.456183 ; 1.22539
5.78744 ; 6.33236 ; 1.39582 ; -0.964503
5.10689 ; 4.59101 ; 0.121574 ; 1.99477
5.6188 ; 5.03309 ; -1.31167 ; -0.618067
5.64749 ; 5.60783 ; 4.2128 ; 4.4371
4.53836 ; 5.04892 ; 3.03306 ; 4.02595
4.63386 ; 4.34379 ; 0.0857361 ; -0.294675
5.99273 ; 5.01626 ; -3.91909 ; 1.20697
4.92084 ; 5.17052 ; 1.96903 ; 0.818156
6.16863 ; 5.22695 ; -2.78992 ; 0.891717
6.79279 ; 5.47501 ; -0.737785 ; -2.28861
6.08666 ; 6.38724 ; 0.914576 ; 0.0203254
5.68773 ; 5.98872 ; 1.33757 ; -1.53072
6.15379 ; 5.37387 ; -3.83988 ; -0.390665
6.48726 ; 4.50103 ; -0.494215 ; 3.58267
5.5954 ; 5.86819 ; -4.21278 ; 1.80216
5.52686 ; 5.44035 ; -3.83333 ; 3.86171
5.48639 ; 5.00589 ; 3.80061 ; 3.29533
5.43538 ; 6.04116 ; -0.837887 ; -4.55416
5.05451 ; 5.59548 ; 1.28265 ; 0.231688
5.31811 ; 5.36314 ; 4.10482 ; 3.95152
5.21565 ; 5.58499 ; -0.747768 ; -4.01741
6.48746 ; 4.03658 ; -0.488075 ; 0.150941
5.10451 ; 5.2793 ; -3.34914 ; -4.19415
5.68596 ; 5.30985 ; 1.50477 ; -1.94482
5.52604 ; 5.29239 ; 4.61018 ; 0.0178235
5.79547 ; 4.30678 ; 0.182653 ; 1.27481
6.35457 ; 5.31262 ; -3.5783 ; 3.27949
5.00193 ; 6.38199 ; 0.0106198 ; -2.30969
5.7812 ; 4.59046 ; -1.72268 ; 3.5214
5.05723 ; 5.10579 ; 3.71169 ; -3.93679
7.04005 ; 5.56954 ; -2.44767 ; 2.4435
5.4179 ; 6.1218 ; -4.66092 ; -1.94854
4.96252 ; 4.81042 ; 4.12473 ; -0.274511
5.80098 ; 5.18346 ; 0.216836 ; 4.46486
4.79121 ; 6.07705 ; 0.0307157 ; -4.18052
6.87949 ; 5.56828 ; -1.98611 ; -0.3132
5.17368 ; 5.01327 ; 3.05771 ; -0.332342
5.38143 ; 4.90005 ; 0.950162 ; 1.55711
5.10809 ; 4.37415 ; 0.159328 ; 0.453289
5.78148 ; 6.53236 ; -3.18837 ; -0.163357
6.36797 ; 6.77666 ; 0.291732 ; -1.81199
6.82008 ; 6.36081 ; -2.16386 ; -3.08683
6.91586 ; 4.48853 ; -0.614639 ; 0.156523
5.61411 ; 5.33612 ; -4.11712 ; -3.79506
5.4464 ; 5.65036 ; 4.45275 ; -3.48315
5.29866 ; 6.49533 ; 2.83374 ; -3.62983
5.6938 ; 5.712 ; -4.15744 ; 1.81405
4.40808 ; 5.99733 ; 2.36979 ; 0.212425
6.63336 ; 6.23652 ; -0.080014 ; -1.7284
5.08904 ; 4.73334 ; 2.13342 ; -0.492246
5.15146 ; 5.46589 ; 4.25987 ; -0.0908858
5.07798 ; 4.19827 ; 1.94585 ; 0.295262
5.07367 ; 5.39129 ; 4.33411 ; -2.08857
5.48377 ; 4.50516 ; -1.51715 ; 3.72363
5.00694 ; 5.43208 ; 3.10929 ; 2.90803
6.77405 ; 5.98001 ; -0.190675 ; -2.61108
4.37345 ; 5.9025 ; 3.52405 ; -0.825193
6.01768 ; 4.98748 ; -0.49064 ; -1.60711
6.45429 ; 6.12447 ; -1.35343 ; -0.381039
4.69478 ; 4.17247 ; 3.58646 ; 0.571754
6.08922 ; 4.94379 ; -4.01366 ; 3.54951
5.13909 ; 4.92533 ; 4.5823 ; 2.87414
6.43782 ; 5.99522 ; -1.47705 ; -1.90721
6.30853 ; 5.76724 ; -2.39326 ; 1.20364
6.13962 ; 5.00599 ; -2.87477 ; 2.77317
4.93266 ; 6.40022 ; 1.17944 ; -3.71655
4.94708 ; 4.58601 ; -0.834651 ; 1.38973
6.52286 ; 4.37349 ; -3.21056 ; 0.94206
4.51165 ; 5.5817 ; 0.890712 ; -3.07845
4.7601 ; 5.06952 ; 3.57769 ; 4.45669
5.00951 ; 5.73377 ; 4.20555 ; 2.2342
6.53528 ; 5.45047 ; -2.35814 ; -4.01025
5.80869 ; 5.17614 ; 3.39091 ; -3.61286
5.39708 ; 5.27746 ; -2.91141 ; -4.41599
4.9484 ; 3.71783 ; -0.114127 ; 1.64394
4.04966 ; 4.11554 ; 2.18201 ; 1.11867
5.94409 ; 6.67333 ; 1.77415 ; -1.83253
6.781 ; 5.25459 ; -1.88103 ; -2.56278
6.11039 ; 4.865 ; -2.8456 ; 2.67179
5.15646 ; 5.90079 ; -0.484398 ; -3.24015
6.01915 ; 4.95267 ; -2.32783 ; 3.69557
5.40984 ; 4.20382 ; -0.930983 ; 0.947069
5.87441 ; 5.62321 ; -1.24815 ; -0.125186
4.00943 ; 4.2208 ; 2.23232 ; 0.766828
4.58584 ; 6.60693 ; 3.80224 ; -2.2888
6.48901 ; 4.8302 ; -3.39094 ; 2.02546
5.2605 ; 5.7414 ; 2.2935 ; -2.7559
6.29373 ; 6.09708 ; -3.38199 ; 0.0701136
5.43761 ; 4.5029 ; 4.42828 ; 1.97633
5.31544 ; 4.87427 ; 3.20734 ; 3.002
4.71297 ; 5.843 ; 3.11298 ; -1.66984
5.78361 ; 4.94916 ; 0.831324 ; 3.81787
4.9277 ; 5.14324 ; 4.44185 ; -1.34004
5.72944 ; 5.04373 ; 4.028 ; 3.17343
6.64791 ; 5.81273 ; -0.54442 ; -4.17318
4.91332 ; 4.04127 ; 0.444778 ; 1.12673
5.84595 ; 6.75249 ; -0.460438 ; -2.35592
4.11486 ; 5.53145 ; 2.30635 ; 2.39108
5.40274 ; 6.34924 ; 2.21879 ; -2.38408
5.52095 ; 5.07081 ; -3.77604 ; 3.97474
5.23421 ; 5.86615 ; 1.82322 ; 0.454259
4.79628 ; 6.41258 ; 1.6999 ; -1.38144
4.54455 ; 5.19721 ; 3.17008 ; -2.44518
5.66409 ; 4.17522 ; 1.78437 ; -0.147457
5.01461 ; 4.28241 ; 3.7967 ; 1.51234
5.89589 ; 6.30207 ; 1.6774 ; -0.528896
5.02298 ; 5.27904 ; 1.87711 ; 1.53632
6.18867 ; 6.14216 ; -3.89084 ; -3.12678
6.06631 ; 4.74953 ; -4.23238 ; 2.7675
5.72343 ; 5.97611 ; -2.90733 ; -3.5386
6.57847 ; 5.73306 ; -0.529905 ; -4.48394
4.75275 ; 4.9207 ; 0.180539 ; 1.74764
5.81105 ; 6.62423 ; -3.58716 ; -3.35328
4.5963 ; 5.25869 ; 3.38447 ; -3.42872
6.72619 ; 4.54254 ; -2.02963 ; 3.5703
4.09436 ; 5.2732 ; 1.97386 ; -2.70448
4.88414 ; 4.98767 ; 1.93658 ; 1.53211
6.58162 ; 5.83662 ; -3.71031 ; -2.68357
6.30897 ; 4.16727 ; -0.92767 ; 1.07212
6.9337 ; 6.02288 ; -2.41481 ; -0.0479041
4.70057 ; 4.6874 ; -0.333856 ; -0.777512
4.89745 ; 5.54297 ; -0.310527 ; -4.28912
5.41425 ; 4.57525 ; 3.99541 ; 3.33763
5.18018 ; 4.90571 ; 3.42536 ; -0.941724
6.39147 ; 6.74453 ; -1.84387 ; -2.80208
4.83186 ; 5.04742 ; 4.38623 ; 0.0499297
4.34503 ; 4.54467 ; 2.41019 ; -0.84539
5.10027 ; 4.07455 ; 3.56468 ; 1.88895
6.32686 ; 4.18913 ; -3.3629 ; 3.02914
5.72751 ; 5.60224 ; 2.84939 ; -3.54182
4.70463 ; 4.56935 ; 2.56239 ; 1.55765
5.17076 ; 5.2164 ; 3.79525 ; -1.00642
5.23223 ; 5.92852 ; 0.562628 ; 0.639973
4.79513 ; 6.67783 ; -0.0857569 ; -1.87831
5.43008 ; 5.00904 ; 0.871258 ; 3.99797
5.12098 ; 4.92548 ; -1.26063 ; 3.44248
6.75598 ; 3.95087 ; -2.43422 ; 2.46696
4.86716 ; 4.98205 ; -0.359737 ; -0.348961
6.70921 ; 5.73917 ; -3.42819 ; -2.66868
6.1971 ; 6.62002 ; -3.64378 ; -1.27947
5.75243 ; 5.29422 ; -3.54531 ; 3.70667
5.27626 ; 4.97131 ; 2.57397 ; 3.5837
6.42475 ; 5.4659 ; -2.70969 ; 0.328516
5.05789 ; 5.34473 ; 4.43418 ; -0.0453997
6.21227 ; 4.34568 ; 0.187128 ; 0.888884
5.20144 ; 4.47758 ; -1.46739 ; 1.25394
5.72451 ; 6.34841 ; -0.790276 ; -2.60545
5.79561 ; 4.93714 ; -4.33773 ; 1.56447
5.02053 ; 4.21074 ; 2.33589 ; 2.54232
4.88464 ; 5.49036 ; 1.28946 ; -4.57088
4.98906 ; 4.62713 ; 2.99831 ; 1.45667
6.70239 ; 4.76221 ; -2.79032 ; -1.47964
6.01609 ; 4.82393 ; -4.44728 ; -1.32401
5.5562 ; 4.15055 ; 1.55328 ; -0.0562899
5.2178 ; 4.13596 ; 2.45585 ; 0.0331075
5.97485 ; 4.53155 ; -0.99042 ; -0.446177
5.77101 ; 4.7474 ; -3.81843 ; 2.31918
4.79542 ; 6.73375 ; 2.64195 ; -1.48401
6.20656 ; 6.44294 ; -1.26257 ; -3.93916
4.49557 ; 5.07841 ; 3.07266 ; -1.95195
5.48537 ; 4.91955 ; -2.81085 ; 3.21162
6.17478 ; 4.7427 ; -4.37613 ; -0.464484
4.38598 ; 6.37289 ; 2.04806 ; -0.173136
4.73607 ; 4.50697 ; 3.74432 ; 0.603917
5.5602 ; 6.08043 ; 1.04324 ; -0.428885
6.3174 ; 5.96094 ; -3.62021 ; -2.85527
4.58837 ; 6.75605 ; 1.86394 ; -1.45324
5.69862 ; 5.08534 ; 0.741671 ; -1.85557
5.19281 ; 5.39819 ; -1.80934 ; 2.01788
5.29457 ; 4.77949 ; 2.8664 ; 2.46067
6.29972 ; 5.35128 ; -2.26846 ; -2.09851
5.7847 ; 6.01838 ; -3.41337 ; -3.64619
7.0112 ; 4.44426 ; -1.97717 ; 1.25751
6.18471 ; 5.51293 ; -0.282134 ; 1.50707
6.19609 ; 5.51378 ; 0.685559 ; -0.593466
5.35616 ; 4.56458 ; 2.51229 ; 2.2881
6.41439 ; 5.36979 ; -2.2405 ; -4.71832
5.56205 ; 4.24732 ; -0.036133 ; 3.42913
6.47513 ; 5.87996 ; -2.876 ; -4.70004
6.12794 ; 5.60728 ; 1.65885 ; -3.55933
4.19256 ; 5.79538 ; 0.678606 ; -1.18593
4.17779 ; 5.2135 ; 1.68852 ; 3.39604
5.89449 ; 5.07481 ; -3.93541 ; 3.13305
6.30569 ; 4.68102 ; -3.09007 ; 3.52692
4.80169 ; 5.63799 ; 3.55144 ; 1.47572
6.81028 ; 5.45604 ; -3.40535 ; 0.641832
6.97196 ; 5.45296 ; -2.75171 ; -0.557533
5.22973 ; 5.68563 ; 0.287136 ; -4.43991
5.42031 ; 5.73175 ; 0.91457 ; -0.483719
5.74291 ; 5.64425 ; -0.110866 ; -3.24805
4.96882 ; 4.79443 ; -1.80583 ; 3.21953
6.81464 ; 5.31277 ; -2.52546 ; -3.91861
5.99276 ; 5.65836 ; -3.56669 ; 4.32792
6.28196 ; 5.23227 ; -3.18664 ; -4.72799
6.32207 ; 5.82695 ; -1.97237 ; 0.560646
7.08564 ; 5.8838 ; -2.09169 ; -0.450049
5.79008 ; 4.97362 ; -4.38277 ; 0.401099
6.27468 ; 6.56722 ; -0.0485593 ; -3.28701
5.30805 ; 5.59713 ; -2.7452 ; 4.38215
6.05538 ; 3.8937 ; 1.40116 ; 2.48719
5.71547 ; 5.64066 ; -1.99428 ; -3.37857
6.18179 ; 5.65069 ; -3.35357 ; -4.48401
4.94055 ; 5.49549 ; 3.82944 ; -3.83505
5.51183 ; 4.21977 ; 2.03656 ; 0.951077
4.63213 ; 5.41992 ; 0.66428 ; -4.56833
6.12894 ; 5.6107 ; -3.62387 ; -1.49789
4.80729 ; 4.31279 ; 3.30335 ; 1.69683
5.94373 ; 6.04329 ; -3.48313 ; -1.00344
5.13693 ; 6.38038 ; -1.7974 ; -3.40064
6.51184 ; 5.42988 ; -0.59996 ; -4.72634
5.62749 ; 3.99911 ; 0.115516 ; 1.03609
6.21854 ; 4.81376 ; -4.07963 ; -0.904436
6.45395 ; 4.43983 ; -3.98007 ; 1.01472
6.01293 ; 5.83449 ; -0.987395 ; -0.725323
6.1361 ; 5.31661 ; -4.04339 ; 0.126577
5.38452 ; 6.11957 ; -3.44323 ; -3.76861
5.09647 ; 5.21558 ; 3.5582 ; -3.40821
4.89736 ; 5.69188 ; 3.52648 ; -0.706608
4.4991 ; 4.27825 ; 1.27364 ; 3.76516
4.56575 ; 4.20168 ; 0.155617 ; 3.68189
5.49385 ; 5.75648 ; 4.34083 ; -2.41231
5.06015 ; 6.04925 ; 1.75046 ; -2.78603
5.02438 ; 5.46733 ; 2.8106 ; -0.88021
5.15127 ; 5.00611 ; 2.69644 ; 4.06729
5.43932 ; 5.81239 ; -0.211413 ; 1.0714
5.30147 ; 5.39653 ; -4.58671 ; -3.85686
4.18807 ; 4.73247 ; 3.13237 ; 2.4488
5.20486 ; 5.04482 ; -0.384207 ; 0.155073
5.64326 ; 5.42506 ; -3.90136 ; -2.75821
5.69252 ; 6.02372 ; 4.71522 ; -2.58286
4.09358 ; 5.00259 ; 2.90237 ; 1.77833
5.33567 ; 4.6623 ; 2.9463 ; -0.628959
5.36443 ; 5.89367 ; 0.900994 ; -0.149164
5.26097 ; 5.58224 ; 2.01179 ; -4.48461
5.8801 ; 4.95652 ; -1.8252 ; 3.06119
5.5139 ; 5.58743 ; 2.19524 ; -0.0352375
5.42283 ; 5.15883 ; 3.87469 ; 4.24326
4.27426 ; 4.79353 ; 3.35709 ; -1.53014
4.55531 ; 5.71185 ; 3.4924 ; 1.14913
6.12242 ; 5.70234 ; -3.58477 ; 2.9143
6.85042 ; 4.81564 ; -1.17886 ; 1.07229
6.26221 ; 4.41822 ; -3.17447 ; -0.0581958
4.67726 ; 5.68533 ; 1.15266 ; -0.998675
4.68185 ; 4.30055 ; 3.38318 ; 1.64852
7.05526 ; 5.90481 ; -0.464995 ; -0.0783129
4.27504 ; 5.45338 ; 1.47249 ; 1.67999
4.13958 ; 5.2778 ; 0.518901 ; 0.884068
5.95151 ; 6.11866 ; 0.893652 ; -0.187021
6.04508 ; 5.7492 ; -4.06182 ; -0.590583
5.63362 ; 6.27982 ; 1.27908 ; -3.45426
5.06209 ; 5.88599 ; 4.38043 ; -0.779957
5.63527 ; 4.92892 ; 0.482473 ; 1.58528
6.3166 ; 6.22995 ; -1.39461 ; -3.21319
5.49988 ; 4.45925 ; 0.653948 ; 2.92634
5.95794 ; 5.91758 ; -4.11087 ; -4.34914
5.13577 ; 4.32279 ; 1.09908 ; 2.5705
5.97931 ; 5.46486 ; 0.258646 ; -1.67161
5.49084 ; 5.06605 ; -0.704827 ; -1.05323
6.88791 ; 5.43606 ; -2.63215 ; -2.14585
5.5455 ; 6.02584 ; 4.68051 ; -2.64733
4.67689 ; 5.42184 ; 1.48717 ; 1.46002
4.13571 ; 5.32029 ; 2.5833 ; -1.40469
4.54365 ; 3.99947 ; 2.22939 ; 2.76043
5.68492 ; 5.88398 ; -0.849012 ; -4.53354
4.35229 ; 5.7211 ; 3.22953 ; -0.149439
6.389 ; 5.0511 ; -0.370006 ; -1.64618
6.34908 ; 5.31182 ; -1.38619 ; 1.24215
5.59949 ; 5.13504 ; -0.82755 ; 1.1998
5.21347 ; 5.06788 ; -3.18245 ; 3.77533
4.75898 ; 5.39497 ; 2.43289 ; -1.02261
4.24587 ; 6.14291 ; 3.14742 ; -2.75737
6.10367 ; 4.48316 ; -4.38545 ; 2.47525
7.10483 ; 5.47413 ; -1.64523 ; -1.11718
5.93011 ; 5.61086 ; 0.0840993 ; 1.16303
6.11433 ; 4.59165 ; -1.56174 ; 0.586808
4.60069 ; 5.60228 ; 2.52495 ; 0.192746
4.61689 ; 5.15666 ; 3.22951 ; 0.1461
5.80007 ; 5.17076 ; -2.12385 ; -1.6023
6.48767 ; 4.38407 ; -2.08517 ; 2.86012
5.95082 ; 6.38689 ; -2.72784 ; 0.201789
5.70841 ; 6.38991 ; 1.42943 ; 0.199951
5.5532 ; 5.11686 ; -2.52231 ; 4.37697
5.31298 ; 5.14124 ; -2.81263 ; 3.68732
5.88619 ; 5.80395 ; 2.75664 ; -3.49825
4.99706 ; 5.21319 ; 4.21591 ; -2.46537
6.12153 ; 4.83054 ; -3.95801 ; -1.15293
4.9469 ; 5.56729 ; -0.701614 ; -1.67205
6.41617 ; 4.85441 ; 0.0530767 ; 3.80543
6.32892 ; 6.9517 ; 0.0453782 ; -2.71088
6.81156 ; 5.27614 ; -1.62249 ; -2.3694
5.51374 ; 4.43607 ; -0.633864 ; 3.34657
5.67507 ; 5.24769 ; 4.53803 ; -4.25433
4.61794 ; 4.48743 ; 1.56062 ; 3.87759
6.79931 ; 6.38131 ; -1.44161 ; -0.803029
6.69138 ; 4.24266 ; -2.3738 ; 0.501494
6.30227 ; 6.09993 ; -2.71671 ; -2.45647
6.51176 ; 5.84976 ; -4.04603 ; 0.715415
6.03135 ; 4.9194 ; 0.31202 ; 3.00176
5.66934 ; 5.72456 ; -1.73931 ; -3.43321
5.1615 ; 4.43848 ; 4.53164 ; -0.305228
5.13883 ; 4.75076 ; 4.44938 ; -0.167277
5.24164 ; 4.76092 ; -3.01982 ; 3.91997
5.58011 ; 5.84801 ; 2.75425 ; -3.67367
6.43549 ; 6.5789 ; -1.04376 ; -2.59344
6.35027 ; 4.64525 ; 0.404754 ; 4.07092
6.47998 ; 5.41846 ; -0.965663 ; 4.44089
5.38413 ; 6.45466 ; -2.45315 ; -3.61559
5.48834 ; 5.94068 ; -1.77217 ; -0.608394
6.59168 ; 6.42073 ; -3.33843 ; -2.3951
5.50772 ; 6.21517 ; 0.186986 ; -3.30171
4.79763 ; 3.95934 ; 2.33008 ; 2.10797
3.96985 ; 4.6516 ; 1.22164 ; -0.550103
6.89542 ; 6.04997 ; -2.25665 ; -3.09775
5.27003 ; 4.35001 ; -1.10254 ; -0.762196
5.75494 ; 5.40236 ; 3.42613 ; 3.53377
4.93962 ; 4.91994 ; 2.81424 ; -0.302062
5.61688 ; 5.36054 ; 1.69823 ; -4.58961
5.6096 ; 4.76906 ; -3.98311 ; 2.30995
6.75805 ; 5.60385 ; -2.05194 ; -3.22153
5.21749 ; 5.62018 ; 4.25717 ; -3.15089
6.09666 ; 4.52596 ; -1.14656 ; -0.626889
6.37309 ; 5.13348 ; -1.74583 ; 2.55186
6.05189 ; 4.30567 ; -1.66354 ; 2.76544
4.81599 ; 4.30992 ; 3.07752 ; -0.108636
4.22523 ; 5.83341 ; 1.3401 ; -2.65569
4.98335 ; 4.27771 ; 2.17633 ; 3.53507
5.72324 ; 4.2953 ; -0.560766 ; 0.0628996
5.97092 ; 5.21937 ; 2.78566 ; -4.43333
6.11773 ; 4.45026 ; -0.449616 ; 1.58529
5.22041 ; 5.30589 ; -2.96338 ; -4.24934
5.0928 ; 5.24724 ; -4.54289 ; -3.90992
4.69087 ; 5.62521 ; 3.94876 ; 2.19901
5.8923 ; 5.72533 ; -2.0547 ; -3.67477
5.94475 ; 5.64378 ; 0.924395 ; -3.80123
6.17138 ; 4.21737 ; -1.54359 ; 0.61753
6.34368 ; 4.48191 ; 0.22095 ; 3.42047
6.65466 ; 4.18802 ; -2.77585 ; 2.46142
4.64173 ; 4.73136 ; 3.90774 ; 1.75471
5.50159 ; 5.8532 ; 1.13554 ; -2.10728
5.2213 ; 4.94227 ; -1.31714 ; 1.43684
7.08679 ; 5.86953 ; -2.61122 ; -0.393448
5.64007 ; 6.03269 ; -1.74288 ; -4.51233
5.5033 ; 4.76852 ; 3.50388 ; 3.19423
4.5682 ; 6.23844 ; 2.3476 ; -1.30878
5.45695 ; 5.88464 ; -4.42607 ; -3.89794
5.91211 ; 6.19344 ; -3.81221 ; -0.00409891
5.40607 ; 4.30994 ; -0.190602 ; 3.17229
5.05695 ; 5.19862 ; 0.971657 ; -0.689257
5.57765 ; 6.85301 ; -1.71198 ; -2.89305
5.79718 ; 4.75009 ; -2.17154 ; 3.76791
6.07718 ; 3.91579 ; 0.80071 ; 0.997228
5.69775 ; 5.78041 ; -3.81603 ; -2.57198
5.52593 ; 4.63638 ; -0.761851 ; 3.68253
6.58389 ; 5.5824 ; -2.95891 ; -0.679532
5.24192 ; 3.829 ; 2.12065 ; 1.72425
5.77109 ; 5.63351 ; 3.6391 ; -4.28251
5.37345 ; 5.59535 ; 3.93475 ; -2.86032
5.47679 ; 5.53273 ; 4.11453 ; 4.2059
5.29935 ; 4.94704 ; 2.71201 ; 2.48957
6.8929 ; 4.60191 ; -2.70518 ; 0.257709
5.32125 ; 5.87302 ; -1.32754 ; -1.18395
5.64221 ; 4.81284 ; -0.780363 ; -0.220409
5.52661 ; 6.27254 ; 2.51981 ; -1.54704
4.90213 ; 4.70982 ; 3.53439 ; 1.64828
5.28001 ; 5.06559 ; 4.37847 ; -2.01407
5.2942 ; 5.47359 ; -2.83946 ; 3.5971
5.41659 ; 4.33967 ; 0.149887 ; 2.79286
5.61001 ; 5.0815 ; 2.08342 ; 1.84679
5.82209 ; 5.10518 ; 0.580244 ; 2.72814
4.33224 ; 4.42458 ; 1.42779 ; -0.256373
4.67458 ; 4.32452 ; 1.14984 ; 3.1165
5.90173 ; 6.48783 ; -0.499407 ; -0.454943
5.52016 ; 4.22711 ; -1.38554 ; 0.765059
4.91605 ; 4.9357 ; 1.00444 ; 4.03037
6.02195 ; 5.85227 ; 0.732479 ; -4.02465
6.90286 ; 5.71338 ; -1.07782 ; -3.7027
4.00665 ; 5.92074 ; 2.28261 ; -1.74734
5.44464 ; 5.66801 ; -3.78876 ; 3.25732
6.14554 ; 4.79705 ; 0.923571 ; 0.195249
6.33547 ; 4.02678 ; 0.296746 ; 1.8149
4.32662 ; 4.42503 ; 3.15745 ; 2.67293
5.45761 ; 5.48113 ; -3.01712 ; -4.15048
5.7971 ; 5.17105 ; 1.63034 ; -1.69127
4.34143 ; 5.74167 ; 0.661385 ; -2.07879
4.29873 ; 6.36856 ; 3.09609 ; -3.77457
5.54431 ; 5.85426 ; -1.05439 ; -2.35659
5.00822 ; 5.07449 ; 0.349335 ; 4.33339
6.93924 ; 4.65939 ; -2.57392 ; 0.628207
6.24708 ; 6.79872 ; -1.23929 ; -1.34376
5.76624 ; 6.1017 ; -4.31462 ; 1.80905
6.22749 ; 4.69553 ; -1.00259 ; 1.4955
5.5832 ; 4.65072 ; -4.33519 ; 1.39802
6.06985 ; 4.91473 ; -3.9047 ; -2.67847
6.47874 ; 6.70613 ; -1.44847 ; -2.04133
6.10634 ; 4.28364 ; -2.0476 ; 0.472983
5.69203 ; 5.98513 ; 1.09706 ; -4.31198
6.65249 ; 6.29054 ; -3.21035 ; -0.877492
6.30781 ; 5.01705 ; -2.96238 ; 0.104723
5.50404 ; 4.98093 ; 3.10944 ; 3.73915
5.04417 ; 4.83641 ; 3.23679 ; 0.433116
6.18318 ; 4.562 ; 0.911998 ; 1.8594
6.62025 ; 5.25107 ; -2.65502 ; -2.17928
4.79007 ; 4.52071 ; 4.18047 ; -1.16877
4.92644 ; 6.0236 ; -0.316517 ; -1.43274
5.50112 ; 4.46329 ; -1.30404 ; 2.61392
5.60006 ; 5.56635 ; -0.124298 ; -1.34016
6.95488 ; 5.59055 ; -2.39643 ; -1.04985
4.51589 ; 5.73692 ; 3.03239 ; -3.68902
5.20457 ; 5.42162 ; 2.40256 ; 1.48231
5.41613 ; 6.18986 ; 0.4662 ; -4.36788
6.20576 ; 5.19767 ; -1.7582 ; -4.79866
5.00533 ; 6.24988 ; 0.812066 ; 0.51274
4.55824 ; 5.91658 ; 0.35991 ; -4.09784
6.75675 ; 4.35853 ; -2.56605 ; 1.63539
5.83998 ; 6.10603 ; 2.69983 ; -3.64342
6.79695 ; 4.80341 ; -2.72483 ; 2.18092
4.59403 ; 5.49486 ; -0.689026 ; 1.03683
5.34879 ; 4.28661 ; -2.61197 ; 3.33179
5.87407 ; 6.30554 ; 1.2655 ; 0.435162
6.94147 ; 4.90066 ; -0.765302 ; -1.28679
4.9337 ; 5.275 ; 3.09734 ; -4.69093
5.71391 ; 5.38952 ; -4.19659 ; 3.88623
5.30322 ; 5.0767 ; 3.79085 ; -3.1103
5.47742 ; 6.375 ; -0.364423 ; -1.63409
6.87305 ; 4.59031 ; -1.21205 ; -0.0300525
5.41003 ; 6.61409 ; 4.09224 ; -1.42169
5.25024 ; 5.30462 ; 3.6461 ; 1.36075
5.67429 ; 4.57534 ; -3.30404 ; 3.33409
6.42265 ; 6.03701 ; -0.487875 ; -2.60171
6.75221 ; 5.14175 ; -0.303229 ; 1.16102
5.74568 ; 4.84873 ; -3.36266 ; 3.85139
5.69687 ; 5.59752 ; -3.63373 ; 3.7913
6.51168 ; 5.27465 ; -2.38598 ; 4.53594
5.93334 ; 5.63505 ; -1.99162 ; -4.20642
5.75804 ; 6.27086 ; 0.485773 ; -3.61582
4.37554 ; 5.16147 ; 3.37058 ; 0.56811
5.75962 ; 6.74414 ; -3.52527 ; -2.50127
4.25955 ; 5.44866 ; 1.03028 ; -0.340843
4.88555 ; 5.5276 ; -0.12732 ; -4.57953
5.92073 ; 6.49014 ; -4.24243 ; -1.25079
5.86264 ; 5.94733 ; -4.40304 ; -4.12646
5.29397 ; 6.08863 ; 3.85392 ; -2.67209
4.20038 ; 6.30434 ; 2.64975 ; -2.83338
5.14472 ; 5.55308 ; 2.57033 ; -1.8874
5.06982 ; 4.24272 ; 4.43307 ; 2.4638
6.2818 ; 4.78933 ; -4.3125 ; -0.635611
7.10127 ; 4.33164 ; -1.41974 ; 0.666314
4.44712 ; 5.55809 ; 1.0926 ; -4.5988
5.73001 ; 4.55036 ; 4.67714 ; 2.11075
6.71751 ; 4.70363 ; -1.79383 ; 3.15535
5.06527 ; 4.47495 ; 2.93431 ; 0.870945
5.71914 ; 5.43617 ; 2.53728 ; -3.68722
6.18408 ; 6.32815 ; -3.66893 ; 0.122645
5.11488 ; 5.98324 ; 3.4481 ; 0.780197
5.79453 ; 6.12663 ; 1.49322 ; -2.34678
4.73227 ; 5.10613 ; 0.190979 ; -0.327014
5.44225 ; 5.42823 ; 1.94752 ; -1.14866
5.13465 ; 5.49571 ; 2.76193 ; -3.36264
5.22247 ; 5.36554 ; 2.67228 ; 0.548522
6.08291 ; 6.94206 ; 0.306163 ; -1.9544
5.82205 ; 4.69182 ; -4.28496 ; 3.4578
6.2397 ; 6.46149 ; -3.68552 ; -3.29371
5.23544 ; 5.16957 ; 1.16556 ; -1.63695
4.76567 ; 5.49476 ; -1.09395 ; -4.30808
6.40388 ; 6.59936 ; 0.586025 ; -3.73173
6.77176 ; 4.92442 ; -0.427896 ; 3.31673
4.82638 ; 5.72429 ; 4.18961 ; -0.815904
4.63942 ; 6.52294 ; 0.459175 ; -3.04516
5.23305 ; 5.75618 ; 3.66771 ; -1.51648
6.53829 ; 4.68355 ; 0.686946 ; 0.300942
4.59562 ; 4.06281 ; 2.26596 ; 0.87402
4.64778 ; 5.07796 ; 2.73422 ; -1.52413
4.75637 ; 4.7991 ; 2.26854 ; 0.257284
4.82746 ; 5.04377 ; 0.633103 ; 3.74398
5.54957 ; 5.66361 ; -2.97822 ; 4.43067
5.62229 ; 6.53308 ; 0.787141 ; -3.42676
4.57086 ; 5.48464 ; -0.327802 ; 0.53256
6.24002 ; 5.83181 ; -3.12884 ; -4.49949
6.04858 ; 3.89182 ; 1.26473 ; 2.74659
5.86447 ; 4.83271 ; -4.3309 ; 1.91359
5.91231 ; 5.75941 ; 0.57918 ; -0.515313
4.42422 ; 4.33491 ; 1.49161 ; 3.4278
6.01843 ; 4.96989 ; -4.01051 ; -1.06427
5.44282 ; 6.93287 ; -2.38672 ; -2.93025
4.8353 ; 5.70762 ; -1.17547 ; -3.07882
6.49221 ; 4.36116 ; -0.430255 ; -0.0184737
6.34712 ; 4.37245 ; -2.12021 ; 1.07693
5.59298 ; 5.53325 ; -1.94425 ; -3.58842
5.93145 ; 5.41969 ; 2.4286 ; -4.2177
5.70765 ; 4.12963 ; -0.0436792 ; 2.47852
5.08026 ; 4.2731 ; 2.32777 ; 3.01219
6.16099 ; 5.22352 ; -3.0245 ; 3.25912
5.32438 ; 5.56107 ; 4.23764 ; 4.11902
6.65179 ; 4.00558 ; -1.68074 ; 1.49432
6.0182 ; 5.57558 ; -1.30187 ; -4.41309
5.9009 ; 6.8195 ; 1.60408 ; -1.90919
6.12153 ; 6.03403 ; 0.231368 ; -3.16705
5.35504 ; 4.61157 ; 0.14318 ; 2.62974
6.21756 ; 5.43926 ; -2.77753 ; 1.09243
5.05315 ; 6.20512 ; 4.10953 ; -2.02926
6.93236 ; 5.73174 ; -1.57891 ; 0.866607
7.01713 ; 4.86962 ; -1.97669 ; -1.41418
4.99296 ; 6.06821 ; 2.17648 ; -4.31419
6.01614 ; 5.44817 ; -0.478405 ; -0.902132
4.12297 ; 6.27066 ; 0.983381 ; -1.15037
5.95133 ; 4.40007 ; -3.47861 ; -0.159452
6.18755 ; 4.26688 ; -1.94667 ; 2.73404
5.77447 ; 4.57321 ; -1.36358 ; 2.43975
4.44408 ; 5.06874 ; 3.52343 ; -0.463574
7.06055 ; 5.86989 ; -0.573346 ; 1.09077
5.52287 ; 6.23929 ; 0.497734 ; -2.73138
5.90931 ; 5.07259 ; -3.53975 ; 2.67648
6.2644 ; 3.88302 ; -1.78628 ; 1.05508
6.06046 ; 6.70079 ; 0.142077 ; -2.97402
5.36054 ; 5.89785 ; 4.41797 ; -2.48028
5.95378 ; 6.71651 ; 0.902673 ; -2.96249
4.47197 ; 5.48026 ; 2.61233 ; -2.1251
6.16419 ; 5.58118 ; -3.42279 ; -1.2533
4.55852 ; 5.98094 ; 2.3764 ; -2.78206
7.00293 ; 4.96887 ; -2.03958 ; 1.84077
5.17245 ; 4.41325 ; -0.0370114 ; 2.98074
6.4592 ; 4.93956 ; -3.18222 ; 3.27101
4.71542 ; 5.70292 ; 1.94472 ; 1.09916
6.62373 ; 4.56975 ; 0.0073148 ; -0.631174
5.60155 ; 4.59855 ; -0.884757 ; -0.00346727
4.94275 ; 3.83363 ; 2.38857 ; 2.0945
5.57733 ; 4.82673 ; -4.49166 ; 1.49384
4.45449 ; 5.33548 ; 3.55268 ; 1.94976
5.30146 ; 5.22472 ; -1.24476 ; -0.616366
5.51035 ; 5.77779 ; -0.175116 ; -2.40183
5.15542 ; 6.51449 ; 4.42984 ; -2.6609
5.70168 ; 4.96025 ; -1.28061 ; 4.36012
5.99047 ; 5.70886 ; -3.32991 ; -2.90352
6.10945 ; 5.88794 ; 1.02618 ; -2.18446
6.80657 ; 5.96122 ; -1.12539 ; -1.04054
6.63311 ; 4.57197 ; -1.98413 ; 3.00069
5.93339 ; 5.78903 ; 0.835295 ; -1.64603
5.13278 ; 5.24794 ; 2.42225 ; 2.28783
5.02404 ; 4.53103 ; 0.693527 ; 1.86896
5.94717 ; 6.31013 ; -3.28979 ; -2.28126
5.14829 ; 5.36319 ; -1.05233 ; -4.58395
5.93608 ; 5.02601 ; -1.67346 ; 4.29175
5.10704 ; 4.60991 ; -0.923628 ; -0.435467
5.03249 ; 4.68097 ; 0.944013 ; 1.96256
4.7323 ; 5.90437 ; 3.69591 ; 1.43476
6.89114 ; 6.26749 ; -2.59687 ; -1.83586
5.76799 ; 5.16397 ; -4.12901 ; 3.39268
4.35881 ; 5.08108 ; 3.53792 ; 2.08569
4.80734 ; 4.99396 ; 2.54 ; 4.14839
5.47708 ; 4.13674 ; 0.860392 ; 0.455931
5.12185 ; 6.24242 ; 3.00393 ; -2.35695
4.70566 ; 3.70757 ; 0.0384004 ; 2.15298
4.74986 ; 5.47684 ; 3.66559 ; -3.68589
5.02757 ; 5.64151 ; 2.36748 ; -4.66745
6.06798 ; 5.12426 ; -2.14944 ; -0.393721
4.67317 ; 5.21403 ; 2.57876 ; 1.5659
6.27663 ; 5.888 ; -4.06037 ; 2.20297
6.01587 ; 4.79719 ; -2.95147 ; 4.13205
4.81742 ; 5.90436 ; 3.17905 ; -3.30457
6.14682 ; 4.47633 ; -4.08193 ; 1.24681
6.1993 ; 5.03876 ; -3.86139 ; 3.07566
6.00232 ; 5.25094 ; -3.41663 ; 1.45094
7.20404 ; 5.42831 ; -1.4877 ; -1.75912
5.71263 ; 4.77761 ; -4.30408 ; 2.39746
6.34729 ; 6.5196 ; 0.0870847 ; -2.33602
5.10838 ; 4.51214 ; -0.530194 ; 0.186795
5.00733 ; 5.44268 ; -0.637582 ; -1.16186
6.41668 ; 5.90301 ; -3.40839 ; -3.1488
4.678 ; 6.12414 ; 3.84394 ; -3.93433
5.40142 ; 5.63382 ; -2.03257 ; -2.25703
5.64101 ; 5.8105 ; 1.8016 ; -3.4595
5.05735 ; 4.95019 ; 3.18866 ; 0.936019
5.95823 ; 5.67834 ; -2.30537 ; -4.47989
4.59857 ; 5.75084 ; -0.137177 ; -1.1508
5.08588 ; 4.33141 ; 0.113593 ; -0.541825
5.46807 ; 5.40261 ; -1.24753 ; -0.275148
6.33136 ; 6.25898 ; -1.58324 ; -2.32674
4.86237 ; 3.82826 ; 0.54773 ; 1.06632
5.691 ; 4.98503 ; -3.24599 ; 2.96495
5.34473 ; 6.22038 ; -0.652585 ; -1.63979
6.05734 ; 6.00339 ; -2.3753 ; -3.54369
4.73109 ; 6.42617 ; 0.0159375 ; -3.63696
5.91793 ; 6.87513 ; -0.612384 ; -2.34987
6.23481 ; 5.21422 ; -3.3535 ; 1.82427
5.24234 ; 4.46882 ; -0.994066 ; 0.706954
6.01491 ; 6.22503 ; -3.86317 ; 1.10259
5.40051 ; 5.82089 ; -3.65861 ; 4.3092
4.41797 ; 5.91399 ; 3.76209 ; -2.36494
6.46411 ; 5.38039 ; -1.67242 ; -0.43569
6.01586 ; 5.40703 ; -1.88109 ; -4.63533
4.41008 ; 6.31726 ; 2.12905 ; -3.78529
6.66315 ; 6.23775 ; -1.8307 ; -3.48451
5.22744 ; 6.41132 ; 1.32672 ; -2.93556
7.02637 ; 5.61256 ; -2.86605 ; 2.04589
6.19972 ; 5.00302 ; -0.985653 ; 2.05976
5.39191 ; 5.5772 ; -1.88106 ; -2.04398
4.61524 ; 4.66815 ; 3.93593 ; 1.00971
5.19881 ; 4.3435 ; 2.6632 ; 2.70659
5.67163 ; 5.59859 ; 0.545023 ; -4.58384
6.30728 ; 6.21421 ; -3.52646 ; -1.50088
6.31496 ; 4.2774 ; -1.12518 ; 3.60247
5.99472 ; 6.68289 ; 1.02167 ; -0.260696
4.86694 ; 4.22751 ; 2.03917 ; 2.52817
5.09878 ; 6.06333 ; -0.396026 ; -3.24956
4.90201 ; 4.52663 ; 3.52025 ; -0.203453
5.70216 ; 4.72428 ; -3.14673 ; 2.80215
5.11136 ; 4.40972 ; 4.29413 ; 1.44928
5.41839 ; 3.98066 ; 0.326254 ; 1.69716
4.49736 ; 5.54417 ; 0.37593 ; -3.80994
5.60113 ; 6.61114 ; 2.35348 ; -2.68569
5.9246 ; 5.62592 ; -3.39284 ; -4.25327
6.36258 ; 5.1338 ; -3.42503 ; -4.00308
5.0709 ; 5.55212 ; 4.16678 ; 3.25107
5.47255 ; 4.4058 ; 4.5666 ; 0.51639
5.36251 ; 5.37939 ; 2.15889 ; 4.305
6.05742 ; 5.1533 ; 3.23536 ; -4.28121
6.89311 ; 5.72678 ; -1.91442 ; -3.73602
4.1884 ; 5.36136 ; 2.74747 ; -2.87054
6.0901 ; 4.43531 ; -2.22295 ; 2.52796
6.8671 ; 6.78102 ; -1.77133 ; -2.80474
5.25411 ; 4.27772 ; 3.20176 ; 2.57416
6.36416 ; 5.00146 ; 0.817049 ; 1.90158
6.83274 ; 5.20321 ; -1.96961 ; 0.875148
6.50714 ; 4.03347 ; -0.0840843 ; 0.272763
4.99348 ; 5.31978 ; -0.156238 ; 0.382114
6.10081 ; 5.48777 ; 4.56285 ; 3.86935
4.25742 ; 5.03706 ; 0.166317 ; 1.51266
5.75435 ; 4.59872 ; -2.3216 ; -0.558177
6.78668 ; 4.74036 ; -1.80724 ; 3.43008
6.16725 ; 5.31982 ; -1.67672 ; -1.71308
4.66599 ; 5.6464 ; 4.14043 ; 0.750131
5.37521 ; 5.14478 ; -0.5933 ; 4.33436
4.66207 ; 5.39372 ; 3.49292 ; 3.11026
6.02239 ; 5.48731 ; -3.71687 ; 2.46046
5.46708 ; 6.69777 ; 3.02309 ; -0.798695
4.67991 ; 5.01901 ; 1.47278 ; 4.02303
6.60276 ; 5.8911 ; -1.03188 ; -1.50743
4.83505 ; 5.75318 ; 2.00233 ; 0.0145849
7.06708 ; 6.15751 ; -1.63919 ; 0.441228
4.79278 ; 4.7674 ; 3.25514 ; 1.45329
4.43898 ; 5.12543 ; 2.77775 ; -1.98729
5.27689 ; 6.43493 ; 1.85398 ; -2.28958
5.33995 ; 6.71613 ; -1.25015 ; -2.12712
4.46513 ; 5.92224 ; 3.22261 ; -3.42228
5.19104 ; 4.90164 ; 1.81043 ; 1.66536
5.72103 ; 5.16956 ; 4.67071 ; 2.21948
6.19568 ; 6.51927 ; -1.35416 ; -4.01296
5.80142 ; 5.21913 ; 2.84998 ; 3.93516
6.03423 ; 4.98269 ; -0.73856 ; -0.759398
4.78405 ; 5.31322 ; 2.26898 ; 1.45419
5.37464 ; 5.17137 ; 2.04854 ; 0.746419
6.44634 ; 4.72206 ; 0.802342 ; 1.98951
6.42243 ; 4.63575 ; -0.843463 ; 4.10992
5.44419 ; 5.24458 ; 4.45371 ; 2.59099
4.98636 ; 4.68986 ; 4.14109 ; -0.213568
5.08764 ; 5.20295 ; 3.47652 ; -1.82022
5.2271 ; 6.07154 ; 3.36932 ; -2.62128
5.80223 ; 5.79576 ; 0.402073 ; -0.278919
4.49533 ; 4.50481 ; 1.50987 ; -0.513439
4.86715 ; 4.50087 ; 2.31767 ; 3.37236
4.61739 ; 5.40565 ; 0.728656 ; -0.563674
5.26947 ; 4.45978 ; -1.40303 ; 1.46689
4.05989 ; 5.90562 ; 2.31695 ; 0.806396
5.48907 ; 5.46093 ; -2.49048 ; 4.37212
6.39699 ; 6.37476 ; -1.64344 ; -3.05132
6.12142 ; 6.43646 ; -4.56215 ; -2.34396
5.60341 ; 6.93193 ; 1.53719 ; -3.0269
4.34631 ; 6.15147 ; 0.0852353 ; -0.287195
4.63359 ; 6.00286 ; 1.36908 ; -4.09302
6.79078 ; 6.18584 ; -2.11954 ; -1.05549
5.19659 ; 4.97084 ; 4.39054 ; 2.9144
4.80798 ; 6.6519 ; 3.1335 ; -2.21329
5.36814 ; 4.44914 ; 1.71982 ; 3.24253
5.32712 ; 4.68387 ; 2.98192 ; 4.03494
5.44481 ; 4.47067 ; -0.379161 ; -0.348537
5.36777 ; 4.46366 ; -2.71582 ; 2.98487
6.08888 ; 5.15048 ; -2.33133 ; -1.85818
6.01745 ; 4.09648 ; -0.143695 ; 2.15883
5.4214 ; 5.47677 ; 4.0835 ; 3.36747
6.19334 ; 5.63968 ; 1.15343 ; 0.544488
6.56524 ; 5.94205 ; -0.00849298 ; -1.82487
4.58054 ; 5.11168 ; 3.44027 ; -3.26939
6.90141 ; 5.17999 ; -2.21456 ; 2.05104
6.21389 ; 5.25634 ; -3.45034 ; 4.02952
4.38904 ; 4.80347 ; 0.939876 ; -1.03864
4.79688 ; 4.88244 ; -0.907298 ; 0.833882
4.75606 ; 3.99117 ; 1.59951 ; 1.59838
4.52264 ; 5.01634 ; 2.20314 ; 3.32696
5.69836 ; 5.90891 ; -4.21979 ; 3.56994
5.4524 ; 5.08906 ; -4.22827 ; -4.32918
5.99591 ; 6.21341 ; 1.96913 ; -4.19754
6.03398 ; 5.88459 ; 1.11532 ; -3.86278
6.5514 ; 5.36587 ; -2.49279 ; -1.05862
5.69671 ; 6.27861 ; -2.66253 ; -3.76728
5.74497 ; 4.93119 ; -4.01766 ; 3.553
6.38815 ; 6.49056 ; 0.0823959 ; -1.55148
5.02837 ; 4.81607 ; 4.14268 ; 2.07289
5.46898 ; 5.54911 ; -0.302962 ; -2.80984
5.56974 ; 5.36884 ; 3.99223 ; 3.95745
4.55306 ; 4.27237 ; 1.84044 ; 3.42477
5.68565 ; 4.4082 ; 0.415928 ; 3.38898
5.00441 ; 5.52617 ; 3.88647 ; -2.24456
7.16261 ; 5.72825 ; -2.62068 ; -0.963775
6.15932 ; 5.42679 ; -2.00672 ; -4.37094
6.12518 ; 5.38925 ; -2.9285 ; 4.05089
6.09592 ; 6.53069 ; -3.91234 ; -3.30239
5.19969 ; 4.66689 ; 3.38466 ; -0.924262
5.12868 ; 5.02533 ; 1.76416 ; -1.14055
6.07078 ; 5.77584 ; -2.76548 ; -1.16961
4.17548 ; 4.47597 ; 2.17335 ; 2.51451
6.06849 ; 4.46348 ; 1.20296 ; 2.77273
4.54047 ; 4.20391 ; 3.35736 ; 1.5543
5.8836 ; 4.47128 ; -0.562002 ; 2.66994
6.7554 ; 5.57453 ; -2.78912 ; -0.978359
5.70585 ; 6.73733 ; 1.7271 ; -1.90254
5.22824 ; 5.83529 ; 0.691878 ; -2.7859
5.77553 ; 5.01103 ; 0.78157 ; 0.5741
5.38575 ; 6.5297 ; 0.485161 ; -2.06219
4.97394 ; 4.91387 ; -0.317393 ; 3.18332
4.36921 ; 5.33937 ; 3.23958 ; -0.0796809
4.8475 ; 4.44607 ; -0.0530351 ; 4.03373
7.06774 ; 6.30999 ; -2.02687 ; -0.233574
