5.19691 ; 3.95659 ; -0.814765 ; 1.16934
5.92404 ; 5.91444 ; -3.5015 ; -0.222195
5.53324 ; 5.36532 ; -2.37519 ; 0.340836
6.214 ; 5.57299 ; 3.00875 ; 3.73699
5.1715 ; 4.18891 ; 0.297965 ; -0.554007
5.84111 ; 5.98254 ; 3.9731 ; 2.79669
4.89348 ; 4.88888 ; -0.713396 ; -0.421755
5.04638 ; 6.52405 ; -0.55988 ; -0.56668
6.62773 ; 5.99994 ; -2.77867 ; 0.543423
6.14026 ; 5.54289 ; -3.30492 ; -3.46366
5.81665 ; 4.36472 ; -3.04487 ; 0.546712
6.50655 ; 4.53531 ; -0.858418 ; -0.66014
4.67835 ; 4.45822 ; 3.17589 ; 1.33827
4.42961 ; 5.73682 ; 1.94976 ; 1.60609
6.44953 ; 5.0175 ; -1.68758 ; 1.28809
6.66819 ; 5.41579 ; -1.27656 ; -2.89936
5.42571 ; 4.53709 ; 2.42745 ; 1.86145
5.43811 ; 5.82261 ; -4.38998 ; -1.97745
5.19308 ; 4.90593 ; 0.129463 ; 0.222312
4.64871 ; 5.01867 ; 1.65757 ; -1.11169
5.25395 ; 4.9693 ; -3.11378 ; -3.78288
5.88833 ; 5.63505 ; 4.53549 ; -3.59396
5.58478 ; 5.53385 ; -1.40301 ; -4.53009
6.88773 ; 4.81481 ; -0.950264 ; -0.836649
5.07925 ; 5.85642 ; 1.70315 ; -4.18333
6.42739 ; 6.08012 ; -2.41707 ; -0.187425
5.09306 ; 5.86818 ; 0.657314 ; 1.07519
4.38447 ; 5.57024 ; 0.662056 ; 0.277424
6.04583 ; 5.84182 ; 4.5232 ; 4.0698
6.1595 ; 4.02582 ; -0.486261 ; 1.34011
6.07261 ; 4.97862 ; -3.38261 ; -0.80563
5.09663 ; 4.86564 ; 0.152237 ; 3.06531
6.26969 ; 5.6267 ; -3.28557 ; -2.79998
5.14128 ; 5.93501 ; -4.58076 ; -1.09212
4.50689 ; 4.58397 ; 3.41917 ; 1.89887
6.01732 ; 4.85949 ; -3.48952 ; 3.43558
4.99929 ; 4.34075 ; 1.56613 ; 2.5334
5.17846 ; 4.91979 ; 2.18265 ; 3.27609
5.03523 ; 5.31289 ; 2.8957 ; -4.53254
4.37995 ; 6.15711 ; 2.7559 ; -0.973847
5.89822 ; 6.38983 ; 0.305075 ; -0.70337
5.61671 ; 4.92972 ; 0.785959 ; -4.64583
6.63744 ; 6.06789 ; -0.534113 ; 0.0445486
6.17895 ; 5.02817 ; 0.374924 ; 2.31715
5.62609 ; 4.73592 ; 3.87638 ; 0.093873
5.65865 ; 5.31325 ; 1.06676 ; 2.06019
5.1268 ; 5.0078 ; -4.47936 ; 2.85612
5.63876 ; 5.42207 ; 2.48915 ; 0.332509
4.92899 ; 4.89546 ; 2.87387 ; 1.03114
5.51401 ; 5.78365 ; -4.08312 ; 3.2521
5.0619 ; 4.43266 ; 2.54158 ; 3.11133
5.40247 ; 5.44075 ; -3.93663 ; 4.0312
5.62337 ; 5.00502 ; 2.45338 ; 3.14108
5.89554 ; 5.20621 ; 4.04437 ; -2.7716
4.99119 ; 4.63973 ; 0.658223 ; 1.11036
5.22501 ; 4.41921 ; 3.04449 ; -0.318102
5.72459 ; 5.69209 ; -4.43341 ; 0.728247
4.79825 ; 5.08953 ; 3.42768 ; -2.85788
5.80702 ; 5.53339 ; -4.27528 ; 2.4013
6.29946 ; 6.07373 ; -3.23853 ; -4.03304
4.34538 ; 5.88406 ; 1.30912 ; 0.469578
5.91511 ; 5.3744 ; 2.46557 ; 2.90954
4.95341 ; 5.32977 ; 3.13767 ; -4.23047
6.67932 ; 5.47474 ; -2.55499 ; 0.975535
5.21825 ; 4.48632 ; -4.00807 ; -4.49618
4.8211 ; 4.81885 ; 1.53302 ; -4.71391
6.13583 ; 4.5884 ; -3.79241 ; 2.40508
5.72603 ; 5.42849 ; -1.3576 ; 3.89744
4.71114 ; 4.82067 ; 2.98137 ; 3.91613
5.448 ; 4.65809 ; 4.09617 ; 0.513856
6.78514 ; 5.45599 ; -2.49125 ; 1.10566
4.67209 ; 4.47603 ; 1.37768 ; 3.32474
5.96417 ; 4.9372 ; -3.10907 ; 3.79831
4.67571 ; 4.33796 ; 2.00056 ; 0.985139
5.27173 ; 5.51775 ; 3.66947 ; -1.12937
5.41811 ; 5.06123 ; -2.45692 ; -4.6525
5.49972 ; 4.52552 ; -3.4418 ; 2.3979
6.15659 ; 5.11842 ; -3.2934 ; 1.05419
5.34903 ; 5.00349 ; -0.397903 ; 3.85311
5.0606 ; 6.18112 ; -0.357194 ; -3.82614
5.36254 ; 4.59849 ; -4.18262 ; 0.78397
5.51802 ; 4.71144 ; -2.3224 ; -1.73294
5.05856 ; 5.131 ; 3.27146 ; -1.40357
5.05338 ; 5.07904 ; 3.71544 ; 3.60565
5.55834 ; 5.39676 ; -3.69359 ; -2.16013
6.26168 ; 4.65799 ; -1.24217 ; 2.93894
6.44726 ; 4.83143 ; -3.52935 ; -1.49863
5.55195 ; 5.10977 ; -0.986315 ; -0.450327
6.10664 ; 4.32736 ; -2.35999 ; 0.478775
5.89175 ; 4.95478 ; 3.10158 ; -2.81054
4.80958 ; 4.93423 ; 3.47291 ; -3.66816
5.67492 ; 4.45528 ; 0.136707 ; 2.39192
5.17998 ; 5.37417 ; -0.568944 ; 1.15662
4.97689 ; 5.34184 ; -0.253167 ; 4.19691
6.3336 ; 6.19128 ; -0.613644 ; 0.727462
5.22221 ; 5.0374 ; -3.87487 ; -2.83007
4.31329 ; 6.38643 ; 2.81524 ; -1.72751
5.5822 ; 5.87754 ; 1.98548 ; -0.385284
6.61064 ; 5.4913 ; -1.31102 ; 2.81613
5.04322 ; 5.33254 ; -1.77275 ; -2.51683
5.26747 ; 4.92092 ; 3.87316 ; -3.07155
6.29782 ; 5.45585 ; -3.51107 ; 2.72089
5.80863 ; 5.58453 ; -0.62851 ; 0.325994
6.23281 ; 5.79738 ; -3.85829 ; -0.983508
5.12252 ; 6.52045 ; 3.33879 ; -2.33998
5.13922 ; 5.45803 ; 3.34224 ; 4.46834
5.6904 ; 4.52628 ; -0.726173 ; 0.232752
6.1843 ; 6.22557 ; 1.29989 ; -3.28782
5.32907 ; 6.05113 ; -0.0328877 ; -2.64775
5.5723 ; 6.52942 ; -2.95039 ; -2.47214
6.25454 ; 5.18464 ; -3.38922 ; -0.229261
4.72811 ; 5.93093 ; 1.71691 ; -2.84837
5.38251 ; 6.25506 ; -3.72693 ; -3.22757
5.40274 ; 4.43292 ; -0.729017 ; 3.6221
4.52896 ; 5.12559 ; 1.52353 ; -3.00162
6.19115 ; 6.21111 ; -3.3424 ; -3.46054
6.04038 ; 5.25053 ; -3.41852 ; 4.06456
6.1251 ; 4.20362 ; 0.955809 ; 3.05492
5.18543 ; 6.69325 ; -1.04923 ; -1.27119
5.90156 ; 6.26171 ; 2.64363 ; -2.73499
6.01806 ; 5.23687 ; -2.0772 ; -4.62346
4.41418 ; 5.69434 ; 2.83561 ; -1.93701
6.68314 ; 5.97045 ; -1.13766 ; -1.88585
5.17072 ; 4.0659 ; 0.842386 ; 0.418419
4.64688 ; 6.60525 ; 2.32782 ; -2.48831
6.0549 ; 5.88714 ; 1.36157 ; -1.05913
5.09038 ; 5.0266 ; -0.377099 ; -1.58085
5.82497 ; 5.47733 ; 3.96943 ; 4.30268
4.98227 ; 6.2204 ; 4.15212 ; -0.419366
5.20956 ; 4.633 ; 2.77985 ; -0.469119
5.89135 ; 5.51655 ; -4.17727 ; 1.77224
4.8847 ; 6.48527 ; -0.602883 ; -1.91572
5.25458 ; 4.83714 ; 4.00367 ; -2.80817
6.37612 ; 5.80742 ; 0.409403 ; -4.14201
6.01754 ; 5.66065 ; -1.58749 ; 0.381443
6.46182 ; 4.22773 ; -1.21382 ; 3.19411
5.31179 ; 5.78877 ; 4.07116 ; -3.62295
5.90308 ; 5.24996 ; -1.9043 ; -4.34871
5.6435 ; 5.58375 ; -2.27533 ; -4.29761
4.63661 ; 5.35212 ; -1.00881 ; -3.5279
5.63057 ; 4.31857 ; -2.5379 ; 2.6259
4.81234 ; 5.11486 ; -0.673793 ; -4.50352
6.60028 ; 6.1148 ; -2.33209 ; -3.48865
5.209 ; 6.32803 ; -0.449057 ; -1.98944
5.09006 ; 4.86602 ; -0.938769 ; 3.77135
5.28713 ; 4.80887 ; -4.3896 ; 0.54437
4.90216 ; 5.19569 ; 1.37242 ; -3.8659
5.42089 ; 6.25904 ; 3.2837 ; -3.81158
5.71279 ; 6.07356 ; 4.31497 ; 0.453206
6.33451 ; 5.25396 ; 4.59934 ; 3.72242
4.81233 ; 4.10741 ; 1.93546 ; 2.67361
5.57201 ; 4.00847 ; -0.898283 ; 2.27592
5.691 ; 5.99893 ; 4.14725 ; 3.57959
6.27819 ; 5.08622 ; -0.847011 ; 0.180223
5.51697 ; 5.48521 ; -3.25082 ; -2.75491
4.91467 ; 5.41631 ; -1.06382 ; -2.2063
6.22943 ; 5.60334 ; 0.0513367 ; -0.193572
5.94914 ; 4.71296 ; -1.78389 ; 2.25502
4.96814 ; 5.15588 ; -4.51085 ; 2.47107
5.82508 ; 4.22798 ; 2.87872 ; 2.74961
5.78672 ; 4.94122 ; -3.29211 ; -4.6828
5.09207 ; 5.67707 ; 4.09048 ; -0.611662
5.05004 ; 4.3167 ; -0.585364 ; 1.35145
6.42155 ; 6.05522 ; -2.8921 ; -4.19916
6.04283 ; 5.3018 ; -1.70728 ; -3.39632
4.79141 ; 5.10249 ; 1.12779 ; -0.344708
6.49722 ; 6.71522 ; 0.144708 ; -1.29287
4.97833 ; 5.04271 ; 2.38465 ; -4.73708
4.8048 ; 4.09681 ; -0.652331 ; -0.111421
6.83273 ; 6.14582 ; -0.603066 ; -0.0793039
6.51924 ; 5.29693 ; -0.609061 ; -4.17179
5.43128 ; 5.0868 ; -4.10449 ; -3.50013
6.02454 ; 5.27464 ; -1.85763 ; 2.52275
5.96631 ; 4.98492 ; -1.55503 ; 0.905513
5.32947 ; 5.01078 ; -1.78628 ; -2.27633
5.46826 ; 4.96949 ; 0.753016 ; 1.92338
4.75856 ; 4.52062 ; 1.96458 ; 3.71797
5.89398 ; 5.41885 ; 3.52712 ; -3.45909
4.85714 ; 5.48309 ; 2.49532 ; 0.264016
5.24636 ; 6.24977 ; 0.784698 ; -1.8259
6.05675 ; 5.24269 ; 0.30066 ; -1.88449
5.30475 ; 6.12175 ; 4.53316 ; 0.47183
6.16067 ; 4.37583 ; -2.80038 ; 2.94533
5.65938 ; 4.85801 ; -4.26379 ; 3.61909
5.46015 ; 4.89397 ; -1.58493 ; 2.35111
5.38616 ; 5.41299 ; 1.9857 ; -0.499441
5.56982 ; 4.35144 ; 2.36106 ; 2.84042
5.97381 ; 5.63845 ; 1.03994 ; -3.56566
5.34391 ; 4.88414 ; 3.22544 ; 3.10958
6.32208 ; 5.21313 ; -2.34369 ; 4.35468
6.49778 ; 5.19587 ; -0.640015 ; -4.38055
5.74264 ; 5.12422 ; -1.13939 ; -1.39481
5.24286 ; 4.87574 ; 4.33157 ; 2.15198
5.89481 ; 4.3143 ; -2.91422 ; 2.94545
5.42392 ; 4.10205 ; 3.21197 ; 1.2464
4.74626 ; 4.49421 ; 1.79969 ; 3.69642
5.34748 ; 5.53477 ; -4.50467 ; 2.82445
5.44718 ; 5.87262 ; -4.47738 ; -0.240481
6.15273 ; 5.58101 ; 3.12821 ; -4.2826
6.13521 ; 4.85905 ; 4.65026 ; 3.22486
4.66563 ; 6.39235 ; -4.31039 ; 3.97116
5.51733 ; 4.84675 ; 4.2062 ; -4.09714
5.8918 ; 3.98392 ; 1.59376 ; 1.12679
6.77975 ; 5.34811 ; -2.22369 ; -3.67291
5.6188 ; 5.56628 ; 4.30066 ; 4.35938
5.94211 ; 4.76126 ; 2.05008 ; 3.75999
6.04603 ; 4.77243 ; 4.44918 ; -3.94987
5.53932 ; 5.22097 ; 1.66475 ; -3.54559
4.71795 ; 4.45981 ; 0.412602 ; -0.835984
4.94371 ; 4.26587 ; 1.81904 ; 0.316142
6.05046 ; 5.8584 ; -3.69715 ; 3.43472
5.71613 ; 4.64434 ; -0.920194 ; 1.3657
6.34057 ; 6.10859 ; -2.4345 ; 1.15147
5.69649 ; 4.43551 ; -2.22046 ; 1.97625
5.60312 ; 6.1286 ; 1.14213 ; 0.0200296
4.26396 ; 5.49993 ; 2.98195 ; 0.934345
4.75142 ; 5.8551 ; 3.72294 ; 2.95966
5.17082 ; 4.95345 ; 3.43292 ; -4.47349
5.56008 ; 5.29982 ; 4.12581 ; 4.09556
5.61259 ; 4.97777 ; 1.85401 ; 3.23651
5.50235 ; 5.11347 ; 4.02356 ; 3.92829
6.75417 ; 5.39065 ; -2.02269 ; -3.73984
5.03905 ; 5.26314 ; -3.6313 ; 3.53994
6.64544 ; 4.63829 ; -2.11427 ; 3.38975
5.78466 ; 5.60502 ; -3.65241 ; -1.90279
6.42002 ; 5.03352 ; -2.94202 ; 3.88827
6.46982 ; 5.40283 ; -1.47986 ; 4.45753
4.93155 ; 5.93971 ; 3.72147 ; -2.97727
5.90317 ; 5.39699 ; -3.56656 ; 0.843406
6.26904 ; 5.27896 ; -1.5592 ; -4.48684
4.37124 ; 6.50404 ; 1.1251 ; -2.64275
5.06138 ; 5.98099 ; 3.95501 ; -1.1452
4.86518 ; 6.24546 ; 2.86959 ; -2.20921
6.00449 ; 5.61411 ; -1.12269 ; 1.86614
4.76858 ; 6.00105 ; 3.62046 ; -1.56618
4.75343 ; 5.68683 ; 2.80368 ; -1.24234
5.93765 ; 5.32418 ; 3.69664 ; -4.0085
4.71365 ; 5.39735 ; 1.69623 ; -4.70407
5.10827 ; 5.31201 ; 0.996786 ; -3.66426
5.24408 ; 5.73699 ; 2.20068 ; 4.46193
5.01975 ; 5.82416 ; -3.56799 ; 4.01299
6.40015 ; 4.81624 ; 0.676727 ; -0.443965
5.45663 ; 5.04278 ; -3.81648 ; -2.15936
4.73449 ; 6.06048 ; 0.585607 ; -2.32791
5.27511 ; 5.18038 ; 0.625098 ; 4.37053
5.36872 ; 5.05023 ; 2.77054 ; -1.80708
4.62784 ; 6.71185 ; -0.177337 ; -2.88024
5.61162 ; 5.81549 ; 3.77124 ; -4.06739
5.09631 ; 6.00986 ; -4.19452 ; 2.86966
5.4863 ; 4.82679 ; 1.46124 ; 0.230836
6.19492 ; 6.33218 ; -1.72149 ; -3.57093
5.14603 ; 5.89725 ; 1.01473 ; -4.35184
5.78947 ; 6.02686 ; 3.35766 ; -4.06041
6.23904 ; 5.26006 ; -0.740651 ; -1.65481
4.75881 ; 5.7089 ; 1.09807 ; -2.99618
4.52733 ; 5.18742 ; -0.0389946 ; -1.98867
6.03234 ; 4.88106 ; 4.55377 ; -2.53794
4.65976 ; 4.73825 ; 3.08728 ; 0.597362
5.18035 ; 6.23462 ; 3.0255 ; -2.26838
5.45975 ; 6.17974 ; 4.45971 ; -0.980904
6.19517 ; 5.17656 ; -1.94828 ; -4.03118
6.23319 ; 5.15878 ; -2.92602 ; -0.09425
5.99238 ; 5.4593 ; -3.65833 ; 2.58218
5.90878 ; 6.06129 ; 3.43189 ; -3.84024
5.2698 ; 5.52578 ; -4.40216 ; -3.16904
6.39682 ; 5.81919 ; -2.81808 ; -4.12818
5.89123 ; 5.20979 ; -1.42911 ; -4.11929
5.22628 ; 5.56408 ; -3.46468 ; 3.5734
6.04912 ; 6.21959 ; 4.47533 ; 3.01535
6.12323 ; 4.69958 ; 0.66489 ; 3.31515
5.85377 ; 4.28718 ; -0.904936 ; 3.3454
4.43502 ; 4.90669 ; 1.83155 ; 1.75538
5.78102 ; 4.97227 ; 2.03949 ; -4.66511
5.84424 ; 5.90312 ; -3.96317 ; 3.32527
6.66844 ; 5.2326 ; -1.47734 ; -2.4163
4.60145 ; 5.90221 ; 3.1946 ; -4.10684
4.55417 ; 4.96322 ; 1.44722 ; 4.25997
5.13677 ; 4.8536 ; 0.544236 ; 1.39148
5.92702 ; 6.23591 ; 1.49609 ; -1.16012
5.11905 ; 4.79048 ; 0.179197 ; 2.22333
5.48763 ; 4.97129 ; -1.43226 ; -0.659145
6.06877 ; 6.05154 ; 4.25506 ; 4.42745
4.84167 ; 5.45152 ; 3.30496 ; 4.13462
4.64243 ; 4.31432 ; 0.216174 ; -0.19461
5.60082 ; 5.13696 ; -4.03861 ; 1.34117
5.11774 ; 5.25234 ; 2.17934 ; 0.913221
5.88964 ; 5.31612 ; -3.0052 ; 0.983663
6.71901 ; 5.24615 ; -0.956074 ; -2.47857
6.17812 ; 6.38927 ; 0.939215 ; -0.100724
5.82149 ; 5.83564 ; 1.44774 ; -1.71725
5.7698 ; 5.3348 ; -3.98432 ; -0.434257
6.43784 ; 4.8593 ; -0.650522 ; 3.80866
5.17412 ; 6.0484 ; -4.26354 ; 1.9153
5.14353 ; 5.82652 ; -3.93154 ; 3.95499
5.86645 ; 5.33543 ; 3.9143 ; 3.46813
5.35159 ; 5.58575 ; -0.909691 ; -4.59444
5.18277 ; 5.61864 ; 1.43947 ; 0.238989
5.72859 ; 5.75829 ; 4.1865 ; 4.03862
5.14088 ; 5.18325 ; -0.796121 ; -4.10886
6.43866 ; 4.05167 ; -0.672516 ; 0.3587
4.76959 ; 4.85989 ; -3.46277 ; -4.23752
5.83644 ; 5.11537 ; 1.63263 ; -2.1002
5.98706 ; 5.29417 ; 4.58517 ; 0.0234638
5.81374 ; 4.43426 ; 0.1812 ; 1.4969
5.99674 ; 5.64057 ; -3.77371 ; 3.43043
5.00299 ; 6.15102 ; 0.0769506 ; -2.60062
5.60893 ; 4.9426 ; -1.88334 ; 3.71767
5.4284 ; 4.71211 ; 3.86591 ; -4.00596
6.79528 ; 5.81389 ; -2.82804 ; 2.57636
4.95181 ; 5.92695 ; -4.60954 ; -2.17455
5.37499 ; 4.78297 ; 4.23975 ; -0.254109
5.82266 ; 5.62995 ; 0.225794 ; 4.47628
4.79428 ; 5.659 ; 0.117482 ; -4.31081
6.68088 ; 5.53696 ; -2.31358 ; -0.378932
5.47945 ; 4.98004 ; 3.25082 ; -0.340048
5.47645 ; 5.05576 ; 1.05731 ; 1.7253
5.12402 ; 4.41948 ; 0.227015 ; 0.59821
5.46265 ; 6.51602 ; -3.37409 ; -0.322955
6.39714 ; 6.59546 ; 0.191202 ; -2.19266
6.60369 ; 6.05213 ; -2.52461 ; -3.41021
6.8544 ; 4.50418 ; -0.876691 ; 0.296967
5.2024 ; 4.95661 ; -4.18114 ; -3.90037
5.89168 ; 5.30205 ; 4.46429 ; -3.63887
5.58203 ; 6.13234 ; 3.03284 ; -3.88911
5.27806 ; 5.8934 ; -4.22292 ; 1.94078
4.64506 ; 6.01858 ; 2.68931 ; 0.150374
6.62535 ; 6.06368 ; -0.233084 ; -1.99918
5.30238 ; 4.68411 ; 2.34113 ; -0.488168
5.57745 ; 5.4568 ; 4.32868 ; -0.105708
5.27256 ; 4.2278 ; 2.16577 ; 0.457407
5.50708 ; 5.18243 ; 4.39635 ; -2.25255
5.33205 ; 4.87752 ; -1.63897 ; 3.91089
5.31786 ; 5.72289 ; 3.31217 ; 3.07178
6.75498 ; 5.7189 ; -0.369356 ; -2.87173
4.72586 ; 5.81998 ; 3.80941 ; -0.975197
5.96862 ; 4.82677 ; -0.570283 ; -1.72222
6.31895 ; 6.08636 ; -1.5815 ; -0.513023
5.05342 ; 4.22964 ; 3.83667 ; 0.787236
5.68785 ; 5.29874 ; -4.13013 ; 3.71021
5.59732 ; 5.21275 ; 4.59373 ; 3.07576
6.29011 ; 5.8045 ; -1.70496 ; -2.1374
6.0692 ; 5.8876 ; -2.63242 ; 1.27369
5.85214 ; 5.28331 ; -3.08642 ; 2.96834
5.0506 ; 6.02857 ; 1.36538 ; -3.95972
4.86362 ; 4.72499 ; -0.852889 ; 1.59001
6.20181 ; 4.4677 ; -3.48682 ; 1.15382
4.60072 ; 5.27386 ; 1.08919 ; -3.26408
5.11787 ; 5.51519 ; 3.77904 ; 4.48639
5.43006 ; 5.95719 ; 4.29972 ; 2.37336
6.29946 ; 5.04944 ; -2.62382 ; -4.10338
6.14778 ; 4.81485 ; 3.52213 ; -3.72814
5.10594 ; 4.83586 ; -3.06707 ; -4.42157
4.93698 ; 3.88223 ; -0.0196612 ; 2.0484
4.26786 ; 4.22741 ; 2.6303 ; 1.45012
6.1215 ; 6.49008 ; 1.86945 ; -2.16564
6.5929 ; 4.99831 ; -2.1783 ; -2.72957
5.82583 ; 5.13217 ; -3.05699 ; 2.88054
5.10802 ; 5.57677 ; -0.499409 ; -3.4379
5.78637 ; 5.32222 ; -2.5293 ; 3.84017
5.31674 ; 4.29853 ; -0.997514 ; 1.16064
5.74959 ; 5.61069 ; -1.38506 ; -0.157811
4.23266 ; 4.29748 ; 2.68434 ; 1.04548
4.96607 ; 6.37805 ; 4.05872 ; -2.65345
6.14992 ; 5.03274 ; -3.62928 ; 2.23708
5.48985 ; 5.46581 ; 2.48408 ; -2.95322
5.95553 ; 6.1041 ; -3.60595 ; -0.00539292
5.88044 ; 4.70053 ; 4.45332 ; 2.2091
5.63617 ; 5.17447 ; 3.3847 ; 3.20136
5.02426 ; 5.67601 ; 3.36031 ; -1.86161
5.86675 ; 5.33094 ; 0.89973 ; 3.94722
5.37188 ; 5.00923 ; 4.49901 ; -1.444
6.13224 ; 5.36107 ; 4.09607 ; 3.34984
6.59347 ; 5.39541 ; -0.723537 ; -4.28607
4.9578 ; 4.15394 ; 0.582348 ; 1.40753
5.79991 ; 6.5169 ; -0.548555 ; -2.72398
4.3455 ; 5.77056 ; 2.67806 ; 2.53627
5.62462 ; 6.11083 ; 2.40093 ; -2.65986
5.14335 ; 5.46829 ; -3.87903 ; 4.07578
5.41653 ; 5.91158 ; 2.00018 ; 0.460394
4.96627 ; 6.27444 ; 1.94412 ; -1.64393
4.86156 ; 4.95269 ; 3.43255 ; -2.59994
5.84253 ; 4.16047 ; 1.92826 ; -0.033862
5.39428 ; 4.43365 ; 3.96931 ; 1.76597
6.06363 ; 6.24918 ; 1.78478 ; -0.681902
5.21069 ; 5.43267 ; 2.07207 ; 1.67901
5.79959 ; 5.82948 ; -4.05196 ; -3.3714
5.64308 ; 5.02628 ; -4.31647 ; 2.98628
5.4327 ; 5.62225 ; -3.08914 ; -3.72145
6.52548 ; 5.28466 ; -0.691955 ; -4.52814
4.7708 ; 5.09546 ; 0.274999 ; 1.93721
5.45233 ; 6.2889 ; -3.74975 ; -3.66495
4.93475 ; 4.91581 ; 3.62466 ; -3.55999
6.52323 ; 4.89957 ; -2.34354 ; 3.80301
4.29175 ; 5.00275 ; 2.33887 ; -2.86548
5.0778 ; 5.14088 ; 2.15237 ; 1.69947
6.21059 ; 5.56826 ; -3.94004 ; -2.91485
6.2162 ; 4.27448 ; -1.11149 ; 1.32392
6.69222 ; 6.01809 ; -2.78587 ; -0.157201
4.66719 ; 4.60964 ; -0.274816 ; -0.781701
4.8664 ; 5.11406 ; -0.286232 ; -4.33703
5.81379 ; 4.90901 ; 4.09378 ; 3.54999
5.52271 ; 4.81153 ; 3.59842 ; -0.997913
6.20709 ; 6.46432 ; -2.1287 ; -3.19438
5.27048 ; 5.05242 ; 4.46657 ; 0.0826757
4.58605 ; 4.46014 ; 2.74974 ; -0.815208
5.45674 ; 4.26345 ; 3.75893 ; 2.20271
5.99057 ; 4.49204 ; -3.60575 ; 3.34022
6.01245 ; 5.24806 ; 3.00841 ; -3.69097
4.96087 ; 4.72511 ; 2.8315 ; 1.78232
5.55029 ; 5.11576 ; 3.93019 ; -1.09136
5.2885 ; 5.99252 ; 0.643987 ; 0.657005
4.78655 ; 6.49 ; 0.0201053 ; -2.23272
5.51721 ; 5.40884 ; 0.966827 ; 4.10074
4.99492 ; 5.26973 ; -1.341 ; 3.61596
6.51256 ; 4.19757 ; -2.80914 ; 2.87532
4.83118 ; 4.94715 ; -0.335078 ; -0.3508
6.36639 ; 5.47231 ; -3.70477 ; -2.89216
5.83273 ; 6.49207 ; -3.85635 ; -1.57524
5.3979 ; 5.66489 ; -3.68682 ; 3.8258
5.53366 ; 5.32968 ; 2.7694 ; 3.73907
6.15378 ; 5.49876 ; -2.95931 ; 0.346575
5.50131 ; 5.34019 ; 4.47889 ; -0.0473208
6.23099 ; 4.43457 ; 0.134694 ; 1.0851
5.0547 ; 4.60298 ; -1.55921 ; 1.45108
5.64548 ; 6.08786 ; -0.886163 ; -2.88305
5.36184 ; 5.09358 ; -4.37607 ; 1.72848
5.25412 ; 4.46497 ; 2.57476 ; 2.84722
5.01359 ; 5.03328 ; 1.46368 ; -4.5601
5.28889 ; 4.7728 ; 3.21954 ; 1.65491
6.42336 ; 4.61425 ; -3.09777 ; -1.54375
5.57136 ; 4.69153 ; -4.48558 ; -1.40558
5.71153 ; 4.14492 ; 1.69624 ; 0.0709847
5.46338 ; 4.13927 ; 2.67423 ; 0.177288
5.87581 ; 4.48694 ; -1.11973 ; -0.416672
5.38916 ; 4.97931 ; -3.93371 ; 2.53286
5.05961 ; 6.58535 ; 2.93186 ; -1.83045
6.08031 ; 6.04902 ; -1.46123 ; -4.16706
4.80284 ; 4.88321 ; 3.35016 ; -2.08001
5.20429 ; 5.24071 ; -2.97197 ; 3.39586
5.73716 ; 4.69625 ; -4.44691 ; -0.458891
4.59078 ; 6.35557 ; 2.38808 ; -0.345756
5.11051 ; 4.56736 ; 3.95142 ; 0.758707
5.66452 ; 6.03754 ; 1.1404 ; -0.533266
5.95538 ; 5.67542 ; -3.82171 ; -3.08885
4.77476 ; 6.61073 ; 2.17986 ; -1.81866
5.77279 ; 4.89978 ; 0.807916 ; -1.99315
5.01187 ; 5.59998 ; -1.93464 ; 2.17736
5.58121 ; 5.02555 ; 3.05991 ; 2.67582
6.07287 ; 5.14143 ; -2.49668 ; -2.26578
5.44336 ; 5.65376 ; -3.57574 ; -3.82463
6.81348 ; 4.57001 ; -2.36689 ; 1.51361
6.1565 ; 5.66364 ; -0.358135 ; 1.62483
6.26464 ; 5.45444 ; 0.703565 ; -0.667792
5.60738 ; 4.79339 ; 2.70696 ; 2.52358
6.19034 ; 4.89795 ; -2.48391 ; -4.67083
5.55843 ; 4.59023 ; -0.034027 ; 3.68446
6.18753 ; 5.40995 ; -3.14218 ; -4.7115
6.29383 ; 5.25135 ; 1.75816 ; -3.71239
4.26042 ; 5.67679 ; 0.934929 ; -1.35853
4.34664 ; 5.5531 ; 2.01767 ; 3.55788
5.50095 ; 5.38812 ; -4.04393 ; 3.30978
5.99668 ; 5.03371 ; -3.32263 ; 3.72367
5.15683 ; 5.78557 ; 3.75136 ; 1.58369
6.46975 ; 5.52023 ; -3.69838 ; 0.685535
6.69679 ; 5.3972 ; -3.1114 ; -0.633355
5.25845 ; 5.24164 ; 0.339353 ; -4.46796
5.51177 ; 5.68337 ; 1.0113 ; -0.55655
5.73183 ; 5.31944 ; -0.13373 ; -3.42158
4.78824 ; 5.11638 ; -1.90374 ; 3.42379
6.5621 ; 4.92091 ; -2.84726 ; -4.0112
5.63609 ; 6.09115 ; -3.72806 ; 4.33108
5.96329 ; 4.75947 ; -3.40099 ; -4.66629
6.12483 ; 5.88301 ; -2.20349 ; 0.567299
6.87647 ; 5.8388 ; -2.48856 ; -0.583594
5.35181 ; 5.01373 ; -4.41228 ; 0.464941
6.26982 ; 6.23851 ; -0.153232 ; -3.60829
5.03353 ; 6.03535 ; -2.89904 ; 4.38504
6.19549 ; 4.14242 ; 1.46029 ; 2.86368
5.51604 ; 5.30281 ; -2.16399 ; -3.54311
5.84643 ; 5.20229 ; -3.5501 ; -4.50826
5.32349 ; 5.11199 ; 3.98136 ; -3.94592
5.71549 ; 4.31488 ; 2.20906 ; 1.16111
4.69856 ; 4.96309 ; 0.819331 ; -4.55401
5.76655 ; 5.46091 ; -3.79216 ; -1.65356
5.13763 ; 4.48248 ; 3.54803 ; 1.96672
5.59542 ; 5.94295 ; -3.65486 ; -1.16127
4.95719 ; 6.04032 ; -1.9012 ; -3.66068
6.45185 ; 4.95725 ; -0.750169 ; -4.68339
5.63904 ; 4.10272 ; 0.124139 ; 1.30145
5.81058 ; 4.72331 ; -4.20361 ; -0.946407
6.05594 ; 4.54131 ; -4.16764 ; 1.21722
5.91419 ; 5.76196 ; -1.11804 ; -0.836299
5.73176 ; 5.32926 ; -4.15897 ; 0.138705
5.04019 ; 5.74271 ; -3.56929 ; -3.94599
5.45229 ; 4.87476 ; 3.72311 ; -3.54003
5.25001 ; 5.62122 ; 3.71765 ; -0.802058
4.62646 ; 4.65477 ; 1.54302 ; 4.02592
4.58131 ; 4.56987 ; 0.315644 ; 3.96263
5.92793 ; 5.51525 ; 4.37007 ; -2.6106
5.2352 ; 5.77065 ; 1.94529 ; -3.02101
5.30544 ; 5.37931 ; 3.02154 ; -0.971197
5.42091 ; 5.41284 ; 2.90005 ; 4.16377
5.41818 ; 5.91953 ; -0.224609 ; 1.14022
4.8428 ; 5.01084 ; -4.54491 ; -3.9571
4.50131 ; 4.97735 ; 3.48851 ; 2.709
5.16644 ; 5.06033 ; -0.394809 ; 0.193064
5.25312 ; 5.14924 ; -3.99791 ; -2.93359
6.16405 ; 5.76543 ; 4.65035 ; -2.81037
4.38381 ; 5.18043 ; 3.28158 ; 1.97806
5.6303 ; 4.5994 ; 3.13605 ; -0.635406
5.45453 ; 5.87875 ; 1.00144 ; -0.204573
5.46215 ; 5.13377 ; 2.19305 ; -4.49576
5.69758 ; 5.26264 ; -1.99654 ; 3.24965
5.73343 ; 5.58391 ; 2.36551 ; -0.0530405
5.8103 ; 5.58316 ; 3.98248 ; 4.29828
4.60997 ; 4.64051 ; 3.6757 ; -1.59016
4.90455 ; 5.82676 ; 3.73697 ; 1.21886
5.76394 ; 5.99377 ; -3.75757 ; 3.05193
6.73253 ; 4.92286 ; -1.4564 ; 1.23909
5.94476 ; 4.4124 ; -3.40714 ; 0.0365913
4.79252 ; 5.58546 ; 1.34767 ; -1.12472
5.02016 ; 4.46541 ; 3.64405 ; 1.92527
7.00876 ; 5.89698 ; -0.737153 ; -0.17705
4.42229 ; 5.62138 ; 1.76424 ; 1.81167
4.19147 ; 5.36621 ; 0.764009 ; 0.978695
6.04088 ; 6.09995 ; 0.941876 ; -0.278814
5.6389 ; 5.69014 ; -4.17093 ; -0.681391
5.76152 ; 5.93439 ; 1.38732 ; -3.68612
5.50014 ; 5.80799 ; 4.44068 ; -0.899495
5.68352 ; 5.08745 ; 0.528562 ; 1.75116
6.17714 ; 5.90863 ; -1.60905 ; -3.47326
5.56528 ; 4.75189 ; 0.72925 ; 3.17274
5.54686 ; 5.48267 ; -4.20782 ; -4.42066
5.24567 ; 4.57984 ; 1.25297 ; 2.85025
6.00517 ; 5.2977 ; 0.25602 ; -1.82543
5.42036 ; 4.96073 ; -0.766235 ; -1.13461
6.6247 ; 5.22148 ; -2.97181 ; -2.32865
6.01355 ; 5.76111 ; 4.63562 ; -2.87427
4.8256 ; 5.56784 ; 1.70282 ; 1.5851
4.39404 ; 5.17982 ; 2.95022 ; -1.52726
4.76659 ; 4.27551 ; 2.5615 ; 3.14246
5.60002 ; 5.43062 ; -0.940932 ; -4.56128
4.67524 ; 5.70616 ; 3.53316 ; -0.209777
6.352 ; 4.88648 ; -0.480013 ; -1.76499
6.21046 ; 5.43603 ; -1.57759 ; 1.35618
5.51674 ; 5.25502 ; -0.907188 ; 1.32435
4.89522 ; 5.44541 ; -3.31291 ; 3.90458
5.00227 ; 5.29271 ; 2.67556 ; -1.12204
4.56062 ; 5.86717 ; 3.50194 ; -3.04701
5.66513 ; 4.73068 ; -4.45371 ; 2.73119
6.94031 ; 5.36241 ; -2.01293 ; -1.2477
5.93852 ; 5.72717 ; 0.0666635 ; 1.25133
5.95816 ; 4.65034 ; -1.74825 ; 0.713857
4.85319 ; 5.62156 ; 2.79469 ; 0.187833
4.93984 ; 5.17127 ; 3.47702 ; 0.180753
5.58769 ; 5.01053 ; -2.30087 ; -1.73154
6.27916 ; 4.67008 ; -2.36217 ; 3.14707
5.67803 ; 6.40707 ; -2.94472 ; 0.104001
5.85135 ; 6.40991 ; 1.53958 ; 0.106999
5.30097 ; 5.55456 ; -2.69141 ; 4.40985
5.03172 ; 5.50997 ; -2.96393 ; 3.82
6.16185 ; 5.45413 ; 2.90252 ; -3.669
5.41865 ; 4.96665 ; 4.30601 ; -2.62502
5.72573 ; 4.71524 ; -4.08781 ; -1.21995
4.87674 ; 5.40008 ; -0.720107 ; -1.8307
6.42148 ; 5.23495 ; -0.0233773 ; 3.95588
6.33346 ; 6.68061 ; -0.0839555 ; -3.16104
6.64931 ; 5.0392 ; -1.91243 ; -2.53703
5.45036 ; 4.77073 ; -0.685709 ; 3.57611
6.12887 ; 4.82225 ; 4.51981 ; -4.28863
4.774 ; 4.87519 ; 1.81373 ; 4.07896
6.65515 ; 6.30101 ; -1.7625 ; -1.04525
6.454 ; 4.29281 ; -2.70884 ; 0.710425
6.0306 ; 5.85428 ; -2.96848 ; -2.71126
6.10715 ; 5.9213 ; -4.22191 ; 0.726714
6.06255 ; 5.21957 ; 0.309717 ; 3.19708
5.4954 ; 5.38124 ; -1.89447 ; -3.59981
5.61466 ; 4.40795 ; 4.56361 ; -0.247221
5.58377 ; 4.73403 ; 4.49211 ; -0.134401
4.93966 ; 5.15292 ; -3.15495 ; 4.05716
5.85554 ; 5.48065 ; 2.92309 ; -3.82901
6.33111 ; 6.31955 ; -1.27115 ; -2.94849
6.39075 ; 5.05234 ; 0.366075 ; 4.2105
6.38342 ; 5.86255 ; -1.14381 ; 4.4362
5.13882 ; 6.09311 ; -2.60628 ; -3.86645
5.31113 ; 5.87984 ; -1.91712 ; -0.713067
6.25784 ; 6.18122 ; -3.6349 ; -2.72378
5.52642 ; 5.885 ; 0.208942 ; -3.53359
5.03064 ; 4.17014 ; 2.61782 ; 2.47468
4.09202 ; 4.59658 ; 1.59833 ; -0.48908
6.66975 ; 5.7402 ; -2.61689 ; -3.36577
5.15977 ; 4.27379 ; -1.17072 ; -0.736969
6.09755 ; 5.75573 ; 3.55727 ; 3.6628
5.22105 ; 4.88973 ; 3.03755 ; -0.294916
5.7867 ; 4.90158 ; 1.8421 ; -4.56564
5.21129 ; 5.00006 ; -4.06484 ; 2.521
6.55286 ; 5.2817 ; -2.35548 ; -3.41259
5.64321 ; 5.30509 ; 4.3214 ; -3.32599
5.98201 ; 4.46327 ; -1.30295 ; -0.610285
6.1985 ; 5.38867 ; -1.96379 ; 2.73951
5.88553 ; 4.58221 ; -1.85794 ; 3.04784
5.12374 ; 4.29906 ; 3.33309 ; 0.00512578
4.35924 ; 5.56784 ; 1.64554 ; -2.89422
5.20098 ; 4.63121 ; 2.41325 ; 3.78963
5.66716 ; 4.30159 ; -0.627734 ; 0.175231
6.24949 ; 4.77604 ; 2.93026 ; -4.43385
6.07277 ; 4.60879 ; -0.548272 ; 1.81346
4.92407 ; 4.88096 ; -3.1053 ; -4.28601
4.63851 ; 4.85625 ; -4.49403 ; -3.99288
5.08575 ; 5.84511 ; 4.11982 ; 2.34098
5.68684 ; 5.35785 ; -2.24122 ; -3.82236
6.03719 ; 5.26366 ; 0.985489 ; -3.92916
6.01702 ; 4.27912 ; -1.75051 ; 0.811398
6.36578 ; 4.82395 ; 0.158377 ; 3.65629
6.37707 ; 4.43417 ; -3.10688 ; 2.80184
5.0325 ; 4.90683 ; 4.09993 ; 1.9711
5.61515 ; 5.64248 ; 1.24521 ; -2.3072
5.08959 ; 5.08595 ; -1.40957 ; 1.59582
6.82567 ; 5.83019 ; -3.01638 ; -0.519351
5.46578 ; 5.58146 ; -1.89874 ; -4.56027
5.85369 ; 5.08794 ; 3.64781 ; 3.39296
4.80296 ; 6.10756 ; 2.64776 ; -1.54441
5.01435 ; 5.49484 ; -4.42839 ; -4.0307
5.53089 ; 6.19303 ; -3.95205 ; -0.0877995
5.38701 ; 4.62717 ; -0.187886 ; 3.43345
5.15412 ; 5.12969 ; 1.10187 ; -0.744094
5.40645 ; 6.5637 ; -1.863 ; -3.28363
5.58003 ; 5.12689 ; -2.35133 ; 3.92132
6.15725 ; 4.01551 ; 0.808522 ; 1.2919
5.31615 ; 5.52321 ; -3.92973 ; -2.77473
5.44975 ; 5.00464 ; -0.828102 ; 3.85723
6.288 ; 5.51444 ; -3.23182 ; -0.775439
5.45398 ; 4.00143 ; 2.33745 ; 2.08753
6.135 ; 5.20526 ; 3.74839 ; -4.33773
5.76692 ; 5.30932 ; 4.03617 ; -3.04376
5.88824 ; 5.95332 ; 4.18386 ; 4.24401
5.57055 ; 5.19599 ; 2.9054 ; 2.69003
6.62238 ; 4.62768 ; -3.06545 ; 0.385962
5.1885 ; 5.75463 ; -1.43128 ; -1.33275
5.56417 ; 4.7908 ; -0.857907 ; -0.204926
5.77859 ; 6.11783 ; 2.69337 ; -1.77404
5.25557 ; 4.87464 ; 3.73036 ; 1.85159
5.71786 ; 4.86418 ; 4.41844 ; -2.15457
5.01025 ; 5.8333 ; -2.99062 ; 3.71784
5.43158 ; 4.61895 ; 0.185189 ; 3.06166
5.81836 ; 5.26618 ; 2.24633 ; 2.01633
5.88011 ; 5.37799 ; 0.623177 ; 2.91422
4.47501 ; 4.39894 ; 1.73539 ; -0.147771
4.78956 ; 4.63617 ; 1.37314 ; 3.4072
5.85179 ; 6.44234 ; -0.591482 ; -0.636586
5.3816 ; 4.30362 ; -1.50053 ; 0.957235
5.0165 ; 5.33874 ; 1.1554 ; 4.14234
6.0952 ; 5.44981 ; 0.76586 ; -4.14343
6.79508 ; 5.34311 ; -1.35729 ; -3.87411
4.23491 ; 5.746 ; 2.69948 ; -1.98758
5.06577 ; 5.99374 ; -3.88799 ; 3.39032
6.2379 ; 4.81658 ; 0.964629 ; 0.259322
6.36515 ; 4.20827 ; 0.218483 ; 2.15148
4.64236 ; 4.69232 ; 3.49631 ; 2.97921
5.1559 ; 5.06608 ; -3.17413 ; -4.21515
5.96013 ; 5.00192 ; 1.75915 ; -1.82577
4.40757 ; 5.5338 ; 0.878259 ; -2.29023
4.60834 ; 5.9911 ; 3.45609 ; -4.04415
5.43887 ; 5.6186 ; -1.15359 ; -2.56301
5.04315 ; 5.50783 ; 0.427747 ; 4.38246
6.68185 ; 4.72221 ; -2.94342 ; 0.78497
6.12315 ; 6.66434 ; -1.46232 ; -1.69373
5.33478 ; 6.28261 ; -4.36417 ; 1.89377
6.12723 ; 4.84508 ; -1.15791 ; 1.68724
5.14968 ; 4.79052 ; -4.35837 ; 1.57839
5.67938 ; 4.64688 ; -4.03454 ; -2.81877
6.33389 ; 6.502 ; -1.72421 ; -2.42097
5.90158 ; 4.33093 ; -2.26841 ; 0.637375
5.80174 ; 5.55393 ; 1.18837 ; -4.39346
6.33145 ; 6.20279 ; -3.51831 ; -1.09702
6.01157 ; 5.02752 ; -3.19153 ; 0.140803
5.81498 ; 5.35485 ; 3.27727 ; 3.87548
5.36785 ; 4.87972 ; 3.43565 ; 0.519096
6.27438 ; 4.74794 ; 0.940759 ; 2.08874
6.35475 ; 5.03314 ; -2.93669 ; -2.34008
5.20812 ; 4.40383 ; 4.31944 ; -1.18688
4.89479 ; 5.88033 ; -0.285496 ; -1.62631
5.37072 ; 4.72469 ; -1.41212 ; 2.86468
5.58763 ; 5.43233 ; -0.138452 ; -1.47547
6.71524 ; 5.48557 ; -2.75432 ; -1.18848
4.81913 ; 5.36802 ; 3.31244 ; -3.84874
5.44483 ; 5.56985 ; 2.59863 ; 1.61155
5.46275 ; 5.75307 ; 0.524218 ; -4.46614
6.02994 ; 4.7178 ; -1.95569 ; -4.71749
5.08654 ; 6.30115 ; 0.950281 ; 0.466027
4.59423 ; 5.50679 ; 0.511182 ; -4.22746
6.50015 ; 4.52207 ; -2.90954 ; 1.91675
6.10996 ; 5.74169 ; 2.84506 ; -3.83448
6.52447 ; 5.0215 ; -3.05213 ; 2.4126
4.52512 ; 5.59854 ; -0.659229 ; 1.12185
5.08759 ; 4.61979 ; -2.75597 ; 3.58852
6.00062 ; 6.34905 ; 1.34734 ; 0.377397
6.86494 ; 4.77199 ; -1.02696 ; -1.34844
5.24344 ; 4.80591 ; 3.30793 ; -4.63614
5.29425 ; 5.77815 ; -4.25439 ; 3.97871
5.6823 ; 4.76567 ; 3.91766 ; -3.25183
5.44097 ; 6.21159 ; -0.39359 ; -1.88494
6.75185 ; 4.5873 ; -1.50892 ; 0.0703261
5.81925 ; 6.47192 ; 4.17595 ; -1.7098
5.61485 ; 5.44069 ; 3.79062 ; 1.48875
5.34388 ; 4.90874 ; -3.45893 ; 3.54556
6.37386 ; 5.77684 ; -0.631869 ; -2.85319
6.72189 ; 5.25785 ; -0.470477 ; 1.28795
5.40942 ; 5.23387 ; -3.51818 ; 3.98502
5.3335 ; 5.97665 ; -3.7654 ; 3.88149
6.27308 ; 5.72825 ; -2.6472 ; 4.52559
5.73418 ; 5.21441 ; -2.17775 ; -4.2766
5.80662 ; 5.90928 ; 0.512215 ; -3.8336
4.7126 ; 5.21828 ; 3.65417 ; 0.646519
5.4071 ; 6.49401 ; -3.68893 ; -2.86699
4.36258 ; 5.41458 ; 1.2918 ; -0.386965
4.87282 ; 5.06965 ; -0.0837607 ; -4.56981
5.49649 ; 6.36506 ; -4.32996 ; -1.50374
5.42234 ; 5.53468 ; -4.44194 ; -4.23737
5.67936 ; 5.82142 ; 3.97559 ; -2.90881
4.46535 ; 6.02101 ; 3.04085 ; -3.15765
5.40175 ; 5.36434 ; 2.77269 ; -2.05436
5.51313 ; 4.4891 ; 4.50215 ; 2.75997
5.85055 ; 4.72577 ; -4.40708 ; -0.648688
6.9593 ; 4.39828 ; -1.81317 ; 0.903087
4.55638 ; 5.09821 ; 1.32005 ; -4.59476
6.19773 ; 4.76144 ; 4.62324 ; 2.34163
6.53812 ; 5.01916 ; -2.08704 ; 3.39068
5.3587 ; 4.56204 ; 3.15445 ; 1.04059
5.97287 ; 5.06745 ; 2.70105 ; -3.81087
5.81719 ; 6.34042 ; -3.86267 ; 0.0187913
5.45969 ; 6.06126 ; 3.62686 ; 0.801288
5.94386 ; 5.89195 ; 1.60327 ; -2.58734
4.75137 ; 5.07343 ; 0.286061 ; -0.335923
5.63701 ; 5.31337 ; 2.11382 ; -1.25995
5.41085 ; 5.15944 ; 2.96361 ; -3.51661
5.4897 ; 5.42039 ; 2.86803 ; 0.603346
6.11352 ; 6.74661 ; 0.249501 ; -2.37386
5.39356 ; 5.0376 ; -4.33664 ; 3.64748
5.87115 ; 6.13212 ; -3.89213 ; -3.5895
5.35199 ; 5.00588 ; 1.29832 ; -1.76537
4.65628 ; 5.06395 ; -1.12553 ; -4.35026
6.46249 ; 6.22619 ; 0.519318 ; -4.03074
6.72897 ; 5.25609 ; -0.61636 ; 3.51334
5.24534 ; 5.6427 ; 4.30831 ; -0.926102
4.68534 ; 6.21843 ; 0.638886 ; -3.37995
5.59982 ; 5.60453 ; 3.81163 ; -1.67861
6.60699 ; 4.71364 ; 0.645753 ; 0.402897
4.82221 ; 4.15021 ; 2.58323 ; 1.1493
4.9212 ; 4.92554 ; 2.99448 ; -1.63147
4.98322 ; 4.82483 ; 2.51664 ; 0.3381
4.89077 ; 5.41817 ; 0.759245 ; 3.88401
5.25174 ; 6.10668 ; -3.143 ; 4.41872
5.70101 ; 6.1904 ; 0.853638 ; -3.70953
4.53807 ; 5.5379 ; -0.259705 ; 0.572597
5.92714 ; 5.38187 ; -3.3502 ; -4.54022
6.17505 ; 4.16648 ; 1.31467 ; 3.12253
5.43138 ; 5.02407 ; -4.37676 ; 2.10625
5.97023 ; 5.70787 ; 0.609641 ; -0.597551
4.57338 ; 4.67769 ; 1.78872 ; 3.71417
5.61738 ; 4.86347 ; -4.1205 ; -1.13857
5.20415 ; 6.63984 ; -2.54127 ; -3.34439
4.71775 ; 5.39974 ; -1.21895 ; -3.27033
6.44919 ; 4.35932 ; -0.588785 ; 0.101724
6.1351 ; 4.48014 ; -2.37498 ; 1.29078
5.39855 ; 5.17441 ; -2.10297 ; -3.72736
6.17431 ; 4.99792 ; 2.57585 ; -4.2709
5.70328 ; 4.37748 ; -0.0598307 ; 2.78848
5.31304 ; 4.57432 ; 2.55636 ; 3.29535
5.85854 ; 5.54943 ; -3.23283 ; 3.41846
5.74815 ; 5.97297 ; 4.29693 ; 4.1693
6.48372 ; 4.15501 ; -1.99896 ; 1.84024
5.88801 ; 5.13427 ; -1.45379 ; -4.44321
6.06131 ; 6.62858 ; 1.69135 ; -2.28306
6.14467 ; 5.71732 ; 0.200554 ; -3.39163
5.36936 ; 4.87455 ; 0.179601 ; 2.86258
5.9398 ; 5.54851 ; -2.99873 ; 1.18498
5.46411 ; 6.00219 ; 4.22562 ; -2.27866
6.77447 ; 5.8184 ; -1.90279 ; 0.891542
6.81946 ; 4.7282 ; -2.34411 ; -1.4776
5.21061 ; 5.63679 ; 2.3979 ; -4.41325
5.9683 ; 5.35795 ; -0.557006 ; -0.997873
4.22131 ; 6.15563 ; 1.3146 ; -1.41123
5.60347 ; 4.38413 ; -3.65174 ; -0.0828348
5.99288 ; 4.54028 ; -2.1755 ; 3.02956
5.63811 ; 4.81718 ; -1.50088 ; 2.67553
4.79642 ; 5.02238 ; 3.78244 ; -0.477408
7.00321 ; 5.97896 ; -0.855624 ; 1.10778
5.57264 ; 5.96615 ; 0.548826 ; -2.98806
5.55534 ; 5.34024 ; -3.69276 ; 2.86568
6.08577 ; 3.98853 ; -2.03987 ; 1.37302
6.07467 ; 6.40339 ; 0.0839614 ; -3.33175
5.80234 ; 5.64982 ; 4.44283 ; -2.69285
6.04405 ; 6.42026 ; 0.932267 ; -3.32045
4.7332 ; 5.26775 ; 2.90301 ; -2.30299
5.82191 ; 5.45585 ; -3.61129 ; -1.38995
4.79616 ; 5.70274 ; 2.66526 ; -3.02581
6.79897 ; 5.15295 ; -2.40228 ; 2.04176
5.16874 ; 4.71133 ; 0.00307487 ; 3.23819
6.14098 ; 5.26666 ; -3.4255 ; 3.45994
4.90989 ; 5.81284 ; 2.18471 ; 1.17046
6.62446 ; 4.50663 ; -0.121815 ; -0.599875
5.51307 ; 4.5982 ; -0.968237 ; 0.0564695
5.18161 ; 4.04308 ; 2.65965 ; 2.48615
5.12816 ; 4.97611 ; -4.48497 ; 1.66291
4.80976 ; 5.53045 ; 3.80459 ; 2.10985
5.17699 ; 5.16308 ; -1.34061 ; -0.667526
5.49283 ; 5.53761 ; -0.189542 ; -2.60178
5.59841 ; 6.2484 ; 4.48691 ; -2.97617
5.57362 ; 5.39627 ; -1.40437 ; 4.40647
5.65748 ; 5.41851 ; -3.51053 ; -3.09969
6.21207 ; 5.66949 ; 1.07558 ; -2.39912
6.69403 ; 5.85716 ; -1.39672 ; -1.22633
6.4347 ; 4.87204 ; -2.27495 ; 3.25899
6.01692 ; 5.62443 ; 0.887255 ; -1.82267
5.375 ; 5.47673 ; 2.62497 ; 2.46565
5.09339 ; 4.71793 ; 0.81688 ; 2.10242
5.61819 ; 6.082 ; -3.48345 ; -2.55374
5.04305 ; 4.90479 ; -1.12215 ; -4.55955
5.76873 ; 5.45519 ; -1.84084 ; 4.34658
5.01467 ; 4.56636 ; -0.967143 ; -0.412039
5.12689 ; 4.87722 ; 1.0842 ; 2.1812
5.10189 ; 6.04785 ; 3.89918 ; 1.5082
6.63145 ; 6.0839 ; -2.97458 ; -2.13608
5.35509 ; 5.50324 ; -4.20063 ; 3.54766
4.7126 ; 5.28965 ; 3.81328 ; 2.28128
5.06134 ; 5.4088 ; 2.77949 ; 4.23907
5.56312 ; 4.18233 ; 0.958748 ; 0.637163
5.42225 ; 6.00673 ; 3.21366 ; -2.61945
4.7095 ; 3.92287 ; 0.196073 ; 2.60025
5.11642 ; 5.10825 ; 3.85905 ; -3.81388
5.26432 ; 5.17476 ; 2.58023 ; -4.64562
5.85303 ; 5.08489 ; -2.3496 ; -0.418681
4.93105 ; 5.37062 ; 2.8346 ; 1.7173
5.87059 ; 6.1083 ; -4.2 ; 2.31591
5.72072 ; 5.21039 ; -3.15188 ; 4.23434
5.13532 ; 5.57391 ; 3.41002 ; -3.507
5.73863 ; 4.60102 ; -4.20683 ; 1.44853
5.81316 ; 5.34633 ; -4.00873 ; 3.26004
5.66065 ; 5.39603 ; -3.5876 ; 1.58565
7.05527 ; 5.2524 ; -1.87486 ; -1.92779
5.28223 ; 5.01735 ; -4.34301 ; 2.60922
6.356 ; 6.286 ; -0.0134713 ; -2.66957
5.05536 ; 4.53082 ; -0.535046 ; 0.284664
4.94357 ; 5.3265 ; -0.657764 ; -1.27492
6.07584 ; 5.58813 ; -3.64045 ; -3.36866
5.0624 ; 5.7307 ; 4.04846 ; -4.11328
5.19817 ; 5.40811 ; -2.18322 ; -2.44247
5.82117 ; 5.46455 ; 1.94633 ; -3.63124
5.37622 ; 5.04379 ; 3.38644 ; 1.05786
5.72769 ; 5.23035 ; -2.50372 ; -4.50355
4.58485 ; 5.63576 ; -0.0488266 ; -1.29899
5.09724 ; 4.27723 ; 0.180786 ; -0.487174
5.34331 ; 5.3751 ; -1.35553 ; -0.305223
6.17303 ; 6.02631 ; -1.81388 ; -2.60678
4.91715 ; 3.93489 ; 0.716435 ; 1.40133
5.3664 ; 5.28152 ; -3.40507 ; 3.15415
5.27947 ; 6.0564 ; -0.697135 ; -1.8655
5.81981 ; 5.64902 ; -2.59134 ; -3.73618
4.73268 ; 6.06247 ; 0.128442 ; -3.90415
5.85669 ; 6.64014 ; -0.729374 ; -2.75424
5.89946 ; 5.39664 ; -3.55226 ; 1.98369
5.14293 ; 4.53951 ; -1.05321 ; 0.857702
5.6286 ; 6.33529 ; -4.00896 ; 1.11473
5.03465 ; 6.25181 ; -3.7689 ; 4.30693
4.79418 ; 5.67749 ; 4.01489 ; -2.60521
6.29687 ; 5.33683 ; -1.89948 ; -0.486118
5.82775 ; 4.94349 ; -2.06693 ; -4.60743
4.62298 ; 5.93873 ; 2.46234 ; -4.03452
6.48008 ; 5.8893 ; -2.13411 ; -3.74732
5.36011 ; 6.11776 ; 1.48413 ; -3.22275
6.73976 ; 5.81715 ; -3.24123 ; 2.16332
6.10116 ; 5.20899 ; -1.12902 ; 2.24739
5.20381 ; 5.3728 ; -2.02446 ; -2.21893
5.00884 ; 4.76912 ; 4.13174 ; 1.18321
5.46513 ; 4.61416 ; 2.87816 ; 2.98017
5.72613 ; 5.1402 ; 0.592111 ; -4.57689
5.95464 ; 6.06412 ; -3.74633 ; -1.73571
6.20244 ; 4.63764 ; -1.32061 ; 3.85734
6.09689 ; 6.65682 ; 1.05679 ; -0.471416
5.07086 ; 4.48033 ; 2.29098 ; 2.83766
5.05918 ; 5.73838 ; -0.392669 ; -3.4683
5.25404 ; 4.50628 ; 3.72453 ; -0.139029
5.38749 ; 5.0045 ; -3.31214 ; 3.0185
5.54078 ; 4.55465 ; 4.37781 ; 1.67331
5.45101 ; 4.15038 ; 0.383017 ; 2.01486
4.53496 ; 5.16317 ; 0.5281 ; -3.93432
5.83648 ; 6.34258 ; 2.5161 ; -3.01625
5.58532 ; 5.20059 ; -3.5626 ; -4.31486
6.02007 ; 4.73349 ; -3.63535 ; -4.06723
5.48758 ; 5.87723 ; 4.2588 ; 3.39202
5.92921 ; 4.45744 ; 4.56127 ; 0.65445
5.57839 ; 5.80989 ; 2.33838 ; 4.33583
6.38096 ; 4.72518 ; 3.35571 ; -4.30499
6.70166 ; 5.35318 ; -2.24695 ; -3.90519
4.46315 ; 5.0743 ; 3.09963 ; -3.04075
5.8678 ; 4.6881 ; -2.44174 ; 2.7909
6.68997 ; 6.50055 ; -2.16525 ; -3.24778
5.57428 ; 4.53514 ; 3.39659 ; 2.85826
6.44586 ; 5.19162 ; 0.825312 ; 2.08538
6.63578 ; 5.29072 ; -2.28254 ; 0.97118
6.49873 ; 4.06075 ; -0.232774 ; 0.494799
4.97786 ; 5.35799 ; -0.128732 ; 0.424429
6.5571 ; 5.87471 ; 4.50486 ; 3.95385
4.27406 ; 5.18833 ; 0.350407 ; 1.6871
5.52219 ; 4.5429 ; -2.50289 ; -0.55195
6.60595 ; 5.08337 ; -2.11468 ; 3.64568
5.99958 ; 5.14851 ; -1.86562 ; -1.86005
5.08004 ; 5.72141 ; 4.28774 ; 0.795612
5.31588 ; 5.57822 ; -0.637199 ; 4.37449
5.01136 ; 5.70475 ; 3.7145 ; 3.2678
5.6507 ; 5.73336 ; -3.864 ; 2.6201
5.76939 ; 6.6179 ; 3.1976 ; -1.05638
4.82719 ; 5.42131 ; 1.6891 ; 4.13252
6.49958 ; 5.74036 ; -1.24959 ; -1.70828
5.03528 ; 5.75464 ; 2.22951 ; -0.0179487
6.90316 ; 6.20163 ; -2.02629 ; 0.346547
5.11829 ; 4.91272 ; 3.48386 ; 1.64091
4.71676 ; 4.9267 ; 3.07375 ; -2.121
5.46229 ; 6.20597 ; 2.03844 ; -2.58214
5.21493 ; 6.50342 ; -1.33715 ; -2.47853
4.78739 ; 5.58001 ; 3.51112 ; -3.633
5.37209 ; 5.06818 ; 1.99269 ; 1.84269
6.1881 ; 5.39151 ; 4.62074 ; 2.39757
6.06027 ; 6.11798 ; -1.56181 ; -4.24625
6.08642 ; 5.61264 ; 3.00642 ; 4.03171
5.96037 ; 4.90675 ; -0.842942 ; -0.807755
5.01095 ; 5.45864 ; 2.50523 ; 1.58892
5.5795 ; 5.24601 ; 2.22464 ; 0.831275
6.52657 ; 4.92101 ; 0.78904 ; 2.21211
6.33809 ; 5.04674 ; -1.01521 ; 4.24776
5.88956 ; 5.50368 ; 4.46658 ; 2.77035
5.40046 ; 4.66851 ; 4.25456 ; -0.174284
5.43529 ; 5.02092 ; 3.64916 ; -1.96025
5.56403 ; 5.80942 ; 3.54386 ; -2.85704
5.84243 ; 5.76787 ; 0.42385 ; -0.339797
4.64632 ; 4.45347 ; 1.78219 ; -0.454666
5.09891 ; 4.8381 ; 2.56333 ; 3.60787
4.69025 ; 5.34928 ; 0.891813 ; -0.623548
5.12917 ; 4.60646 ; -1.49657 ; 1.68023
4.29158 ; 5.98626 ; 2.7181 ; 0.797775
5.24002 ; 5.89814 ; -2.65673 ; 4.3854
6.23264 ; 6.06963 ; -1.89476 ; -3.35038
5.6652 ; 6.20207 ; -4.61344 ; -2.6482
5.75713 ; 6.62924 ; 1.6638 ; -3.43681
4.35484 ; 6.12275 ; 0.265705 ; -0.429517
4.7705 ; 5.59355 ; 1.59913 ; -4.23257
6.57883 ; 6.08029 ; -2.45949 ; -1.27974
5.63564 ; 5.26228 ; 4.43561 ; 3.11036
5.12133 ; 6.43057 ; 3.40358 ; -2.57277
5.54012 ; 4.77339 ; 1.88983 ; 3.47827
5.62532 ; 5.08737 ; 3.17091 ; 4.163
5.40689 ; 4.43582 ; -0.400726 ; -0.30523
5.09619 ; 4.76215 ; -2.86399 ; 3.23042
5.85575 ; 4.96466 ; -2.53784 ; -1.99968
6.00308 ; 4.31236 ; -0.211638 ; 2.47761
5.82975 ; 5.81352 ; 4.16094 ; 3.50652
6.30868 ; 5.69413 ; 1.21049 ; 0.572076
6.56439 ; 5.75956 ; -0.124975 ; -2.04943
4.92456 ; 4.78474 ; 3.68031 ; -3.39659
6.67995 ; 5.3851 ; -2.55232 ; 2.22859
5.86886 ; 5.65929 ; -3.63964 ; 4.10939
4.48302 ; 4.69961 ; 1.1752 ; -1.06833
4.70615 ; 4.96582 ; -0.922792 ; 0.958781
4.91601 ; 4.15101 ; 1.86226 ; 1.93525
4.74295 ; 5.34904 ; 2.48158 ; 3.51177
5.27639 ; 6.2659 ; -4.27739 ; 3.65651
5.02957 ; 4.65614 ; -4.26352 ; -4.33943
6.19283 ; 5.79365 ; 2.08258 ; -4.33649
6.14551 ; 5.49831 ; 1.18011 ; -4.00678
6.30212 ; 5.26001 ; -2.76203 ; -1.165
5.43046 ; 5.90189 ; -2.84994 ; -3.96965
5.3432 ; 5.28649 ; -4.10439 ; 3.71111
6.39639 ; 6.33541 ; -0.0238816 ; -1.84775
5.44264 ; 5.02336 ; 4.24815 ; 2.28106
5.43869 ; 5.26812 ; -0.326591 ; -2.99133
5.96897 ; 5.76459 ; 4.07445 ; 4.04244
4.7371 ; 4.61484 ; 2.13533 ; 3.71493
5.72724 ; 4.7471 ; 0.450318 ; 3.62005
5.39306 ; 5.30171 ; 4.02495 ; -2.42345
6.90055 ; 5.63187 ; -3.04203 ; -1.1224
5.95865 ; 4.9897 ; -2.21134 ; -4.39925
5.83233 ; 5.79434 ; -3.13665 ; 4.11775
5.70469 ; 6.20045 ; -4.07448 ; -3.60546
5.53816 ; 4.57446 ; 3.56395 ; -0.955542
5.3051 ; 4.91127 ; 1.9466 ; -1.22213
5.79423 ; 5.65887 ; -2.97724 ; -1.3143
4.39281 ; 4.72742 ; 2.55476 ; 2.82179
6.18878 ; 4.74076 ; 1.2665 ; 3.02944
4.87621 ; 4.35934 ; 3.65304 ; 1.85436
5.8274 ; 4.73828 ; -0.643621 ; 2.92184
6.47649 ; 5.47669 ; -3.09985 ; -1.10405
5.87856 ; 6.54708 ; 1.85141 ; -2.2496
5.29743 ; 5.5567 ; 0.784488 ; -2.99216
5.85369 ; 5.06844 ; 0.84624 ; 0.651807
5.43426 ; 6.32349 ; 0.552304 ; -2.36591
4.9422 ; 5.2322 ; -0.298993 ; 3.37742
4.69317 ; 5.3314 ; 3.53188 ; -0.0860412
4.8422 ; 4.84944 ; 0.0231981 ; 4.20832
6.86505 ; 6.28664 ; -2.44519 ; -0.427416
