5.11543 ; 4.07352 ; -0.846495 ; 1.43356
5.57389 ; 5.89222 ; -3.65581 ; -0.274903
5.29572 ; 5.39941 ; -2.54415 ; 0.376436
6.51487 ; 5.94669 ; 3.14244 ; 3.83586
5.20129 ; 4.13351 ; 0.368561 ; -0.504733
6.23842 ; 6.26221 ; 4.04149 ; 2.93172
4.82214 ; 4.84671 ; -0.743985 ; -0.436501
4.99039 ; 6.46738 ; -0.558905 ; -0.753205
6.34986 ; 6.05428 ; -3.05658 ; 0.52463
5.80976 ; 5.19652 ; -3.47923 ; -3.61305
5.51216 ; 4.41939 ; -3.22218 ; 0.669016
6.42071 ; 4.46929 ; -1.02886 ; -0.650912
4.99594 ; 4.59205 ; 3.42128 ; 1.54471
4.62459 ; 5.89743 ; 2.21885 ; 1.70688
6.28077 ; 5.14631 ; -1.89102 ; 1.42532
6.54054 ; 5.12586 ; -1.48683 ; -3.07801
5.66846 ; 4.72324 ; 2.61073 ; 2.05844
4.99912 ; 5.62486 ; -4.40124 ; -2.1554
5.20603 ; 4.92816 ; 0.158934 ; 0.263074
4.81447 ; 4.9075 ; 1.8661 ; -1.19121
4.94257 ; 4.59101 ; -3.26154 ; -3.87545
6.34188 ; 5.27565 ; 4.51174 ; -3.73157
5.44448 ; 5.08084 ; -1.52963 ; -4.52091
6.7927 ; 4.73114 ; -1.19195 ; -0.861143
5.24957 ; 5.43809 ; 1.87486 ; -4.26265
6.18569 ; 6.06137 ; -2.66616 ; -0.277486
5.15879 ; 5.9757 ; 0.747143 ; 1.14886
4.45067 ; 5.59799 ; 0.841601 ; 0.28234
6.49815 ; 6.2488 ; 4.48785 ; 4.1119
6.11088 ; 4.15983 ; -0.599945 ; 1.61099
5.73435 ; 4.89806 ; -3.54618 ; -0.869511
5.11186 ; 5.17217 ; 0.190186 ; 3.25082
5.94113 ; 5.3467 ; -3.47458 ; -2.98887
4.6832 ; 5.8258 ; -4.53451 ; -1.22755
4.84881 ; 4.77386 ; 3.67076 ; 2.13201
5.66837 ; 5.20305 ; -3.64318 ; 3.59678
5.15591 ; 4.59409 ; 1.75527 ; 2.78988
5.39672 ; 5.24739 ; 2.36581 ; 3.44627
5.3248 ; 4.85963 ; 3.08573 ; -4.51608
4.65554 ; 6.05972 ; 3.07321 ; -1.16921
5.92873 ; 6.3195 ; 0.304652 ; -0.867662
5.69531 ; 4.46514 ; 0.865196 ; -4.59623
6.58403 ; 6.07235 ; -0.699813 ; -0.033303
6.21645 ; 5.25988 ; 0.385294 ; 2.49962
6.01372 ; 4.74531 ; 3.97521 ; 0.127353
5.76532 ; 5.51927 ; 1.16699 ; 2.22444
4.67886 ; 5.29342 ; -4.45993 ; 3.04095
5.88767 ; 5.45532 ; 2.66033 ; 0.365765
5.21638 ; 4.99857 ; 3.07808 ; 1.15443
5.1057 ; 6.10886 ; -4.14935 ; 3.38949
5.31606 ; 4.74379 ; 2.75458 ; 3.33888
5.00881 ; 5.84387 ; -4.02085 ; 4.10696
5.86871 ; 5.31913 ; 2.62767 ; 3.31009
6.29998 ; 4.92905 ; 4.11116 ; -2.93954
5.05701 ; 4.75076 ; 0.761002 ; 1.25915
5.52946 ; 4.3874 ; 3.23581 ; -0.287105
5.28125 ; 5.76491 ; -4.44681 ; 0.788334
5.14102 ; 4.80374 ; 3.61361 ; -3.01005
5.3795 ; 5.77352 ; -4.31866 ; 2.56729
5.9756 ; 5.67042 ; -3.45257 ; -4.17204
4.47629 ; 5.93102 ; 1.56519 ; 0.454045
6.16166 ; 5.66535 ; 2.62903 ; 3.07608
5.26718 ; 4.90672 ; 3.32458 ; -4.27171
6.42382 ; 5.5723 ; -2.82303 ; 1.05257
4.81744 ; 4.0367 ; -4.0607 ; -4.43744
4.9744 ; 4.34746 ; 1.71748 ; -4.62703
5.75659 ; 4.82891 ; -3.93401 ; 2.62446
5.59027 ; 5.81824 ; -1.48389 ; 3.99045
5.00928 ; 5.21228 ; 3.21011 ; 4.04643
5.85762 ; 4.70947 ; 4.17193 ; 0.595567
6.53601 ; 5.56656 ; -2.77978 ; 1.19342
4.80986 ; 4.80851 ; 1.59011 ; 3.55598
5.65326 ; 5.31703 ; -3.28203 ; 3.91876
4.87577 ; 4.43647 ; 2.25714 ; 1.18352
5.63868 ; 5.40482 ; 3.7986 ; -1.23841
5.17242 ; 4.59598 ; -2.62154 ; -4.6037
5.15554 ; 4.76531 ; -3.57397 ; 2.61243
5.82725 ; 5.22384 ; -3.46786 ; 1.16145
5.30924 ; 5.3888 ; -0.428728 ; 3.96458
5.02488 ; 5.7985 ; -0.353788 ; -3.9946
4.94427 ; 4.67688 ; -4.22056 ; 0.897572
5.28578 ; 4.53815 ; -2.48554 ; -1.85424
5.38571 ; 4.99064 ; 3.44413 ; -1.51843
5.42493 ; 5.43961 ; 3.85199 ; 3.74558
5.18898 ; 5.18075 ; -3.81001 ; -2.3247
6.13746 ; 4.95188 ; -1.40296 ; 3.15125
6.09432 ; 4.68156 ; -3.72627 ; -1.59688
5.45332 ; 5.06474 ; -1.07654 ; -0.487801
5.87064 ; 4.37523 ; -2.57344 ; 0.610724
6.2019 ; 4.67372 ; 3.25443 ; -2.96777
5.15687 ; 4.56741 ; 3.65733 ; -3.7616
5.68859 ; 4.69448 ; 0.148299 ; 2.61586
5.12308 ; 5.48983 ; -0.611834 ; 1.26642
4.95157 ; 5.76153 ; -0.252477 ; 4.24987
6.27224 ; 6.26403 ; -0.744673 ; 0.716014
4.83473 ; 4.75439 ; -3.95854 ; -2.98635
4.59481 ; 6.21368 ; 3.16576 ; -2.02811
5.78075 ; 5.83902 ; 2.14389 ; -0.446179
6.47954 ; 5.77291 ; -1.51463 ; 2.97001
4.86595 ; 5.08085 ; -1.90075 ; -2.68528
5.65479 ; 4.61376 ; 3.98299 ; -3.21723
5.94671 ; 5.72794 ; -3.68318 ; 2.88354
5.74578 ; 5.61713 ; -0.697389 ; 0.351687
5.84698 ; 5.69903 ; -3.99655 ; -1.10738
5.4564 ; 6.28646 ; 3.53298 ; -2.63632
5.47344 ; 5.90487 ; 3.50537 ; 4.46758
5.61778 ; 4.54955 ; -0.79905 ; 0.300346
6.31429 ; 5.89679 ; 1.36484 ; -3.5182
5.32578 ; 5.78635 ; -0.0230368 ; -2.86085
5.27726 ; 6.28221 ; -3.11901 ; -2.76235
5.91562 ; 5.16171 ; -3.56573 ; -0.246753
4.8998 ; 5.64609 ; 1.93115 ; -3.06571
5.00982 ; 5.93231 ; -3.82834 ; -3.45025
5.32984 ; 4.79513 ; -0.785014 ; 3.80315
4.68131 ; 4.82543 ; 1.74158 ; -3.14794
5.85691 ; 5.86506 ; -3.544 ; -3.67694
5.69853 ; 5.65699 ; -3.57486 ; 4.13695
6.22068 ; 4.50911 ; 0.995469 ; 3.32611
5.08051 ; 6.56613 ; -1.10291 ; -1.55367
6.16593 ; 5.98822 ; 2.78838 ; -2.97961
5.81034 ; 4.77452 ; -2.25329 ; -4.5898
4.69774 ; 5.50064 ; 3.11777 ; -2.12936
6.56937 ; 5.78186 ; -1.36016 ; -2.11239
5.25496 ; 4.10774 ; 0.969456 ; 0.590039
4.87966 ; 6.35642 ; 2.62362 ; -2.83656
6.19106 ; 5.78122 ; 1.45795 ; -1.19082
5.05267 ; 4.86852 ; -0.394762 ; -1.70374
6.22192 ; 5.9076 ; 4.04729 ; 4.33158
5.39748 ; 6.17846 ; 4.2584 ; -0.536436
5.48755 ; 4.58609 ; 2.97302 ; -0.477733
5.47363 ; 5.69377 ; -4.23942 ; 1.91636
4.82441 ; 6.29369 ; -0.585427 ; -2.20336
5.65494 ; 4.55632 ; 4.09836 ; -2.95772
6.41706 ; 5.39322 ; 0.392901 ; -4.23792
5.85879 ; 5.69879 ; -1.74419 ; 0.405034
6.34044 ; 4.54714 ; -1.42649 ; 3.47494
5.71891 ; 5.42648 ; 4.1514 ; -3.76471
5.71265 ; 4.81509 ; -2.06749 ; -4.37075
5.41596 ; 5.15399 ; -2.44597 ; -4.33548
4.53573 ; 4.99933 ; -1.0403 ; -3.66033
5.37678 ; 4.58116 ; -2.71027 ; 2.87077
4.74496 ; 4.66451 ; -0.697002 ; -4.48165
6.36707 ; 5.76593 ; -2.6113 ; -3.71189
5.1641 ; 6.12908 ; -0.463985 ; -2.23341
4.99618 ; 5.24316 ; -1.00554 ; 3.90343
4.84817 ; 4.86331 ; -4.3912 ; 0.619573
5.03941 ; 4.8091 ; 1.52906 ; -3.95361
5.74926 ; 5.87788 ; 3.44467 ; -3.98394
6.14428 ; 6.11888 ; 4.33555 ; 0.454987
6.79444 ; 5.6262 ; 4.53229 ; 3.83904
5.00588 ; 4.37477 ; 2.18371 ; 2.98642
5.48219 ; 4.23606 ; -0.980494 ; 2.57994
6.10573 ; 6.35689 ; 4.19802 ; 3.67341
6.19349 ; 5.10424 ; -0.964657 ; 0.209354
5.19189 ; 5.20972 ; -3.40257 ; -2.92667
4.80829 ; 5.19568 ; -1.13252 ; -2.37416
6.23456 ; 5.58398 ; 0.0233013 ; -0.228941
5.77075 ; 4.93846 ; -1.94943 ; 2.45322
4.51706 ; 5.40299 ; -4.47577 ; 2.65396
6.11295 ; 4.50294 ; 3.0293 ; 3.01246
5.45751 ; 4.47294 ; -3.44637 ; -4.62483
5.50112 ; 5.61591 ; 4.17858 ; -0.685248
4.9915 ; 4.45184 ; -0.595312 ; 1.56014
6.13234 ; 5.6353 ; -3.13611 ; -4.31665
5.8721 ; 4.96217 ; -1.86745 ; -3.53957
4.90419 ; 5.06802 ; 1.27839 ; -0.362532
6.51169 ; 6.58593 ; 0.0231158 ; -1.61707
5.2168 ; 4.569 ; 2.58297 ; -4.6628
4.73957 ; 4.08567 ; -0.623396 ; 0.0212218
6.77243 ; 6.13789 ; -0.822832 ; -0.195823
6.45834 ; 4.87975 ; -0.735332 ; -4.22624
5.02083 ; 4.73678 ; -4.16286 ; -3.62599
5.83877 ; 5.52691 ; -2.02474 ; 2.69594
5.8108 ; 5.07548 ; -1.70345 ; 1.00443
5.15084 ; 4.78315 ; -1.92742 ; -2.43245
5.54356 ; 5.16183 ; 0.833241 ; 2.09185
4.95502 ; 4.89241 ; 2.1954 ; 3.90361
6.24669 ; 5.07295 ; 3.65257 ; -3.60002
5.10668 ; 5.50949 ; 2.70504 ; 0.285133
5.32483 ; 6.06718 ; 0.884401 ; -2.04824
6.08681 ; 5.05424 ; 0.315435 ; -2.03752
5.75806 ; 6.16893 ; 4.53672 ; 0.468299
5.88063 ; 4.67037 ; -3.01772 ; 3.1913
5.23301 ; 5.21992 ; -4.30102 ; 3.76063
5.30166 ; 5.12908 ; -1.71582 ; 2.5362
5.58473 ; 5.36305 ; 2.14986 ; -0.547908
5.80592 ; 4.63549 ; 2.53551 ; 3.07721
6.0778 ; 5.28189 ; 1.12308 ; -3.70787
5.66646 ; 5.1951 ; 3.39125 ; 3.28682
6.08771 ; 5.6486 ; -2.55302 ; 4.3815
6.43378 ; 4.75781 ; -0.765898 ; -4.39176
5.6287 ; 4.98474 ; -1.2473 ; -1.51532
5.67601 ; 5.09094 ; 4.37324 ; 2.33623
5.60339 ; 4.60884 ; -3.1039 ; 3.19073
5.74511 ; 4.22669 ; 3.38561 ; 1.47636
4.92623 ; 4.86385 ; 2.0261 ; 3.88867
4.89701 ; 5.81721 ; -4.49137 ; 2.99105
4.99944 ; 5.84857 ; -4.4717 ; -0.287131
6.46556 ; 5.15275 ; 3.26196 ; -4.33114
6.60023 ; 5.18154 ; 4.586 ; 3.40303
4.23459 ; 6.78947 ; -4.23475 ; 3.9288
5.93795 ; 4.43704 ; 4.26094 ; -4.14567
6.05118 ; 4.0966 ; 1.70052 ; 1.37925
6.55738 ; 4.98082 ; -2.50539 ; -3.79824
6.04886 ; 6.00221 ; 4.33178 ; 4.37694
6.14711 ; 5.13726 ; 2.19786 ; 3.89631
6.49095 ; 4.37745 ; 4.43252 ; -4.00922
5.7058 ; 4.86641 ; 1.81057 ; -3.67258
4.75921 ; 4.37621 ; 0.535382 ; -0.834833
5.12562 ; 4.29748 ; 2.03323 ; 0.448121
5.68074 ; 6.20187 ; -3.83997 ; 3.54638
5.62411 ; 4.78091 ; -1.01067 ; 1.52169
6.09712 ; 6.22374 ; -2.67291 ; 1.18851
5.47445 ; 4.63313 ; -2.3914 ; 2.19132
5.71733 ; 6.1306 ; 1.24552 ; -0.026703
4.56215 ; 5.59337 ; 3.2879 ; 1.00558
5.12371 ; 6.15106 ; 3.89835 ; 3.08757
5.51411 ; 4.5061 ; 3.5905 ; -4.45602
5.97266 ; 5.70938 ; 4.18879 ; 4.16439
5.798 ; 5.30142 ; 2.01065 ; 3.40149
5.9047 ; 5.5063 ; 4.10478 ; 4.02585
6.5519 ; 5.01666 ; -2.29286 ; -3.8617
4.67592 ; 5.61713 ; -3.73345 ; 3.67821
6.43402 ; 4.97727 ; -2.3855 ; 3.60119
5.41942 ; 5.41474 ; -3.78094 ; -2.06589
6.12582 ; 5.42235 ; -3.16317 ; 4.00045
6.32184 ; 5.84858 ; -1.67113 ; 4.45303
5.3037 ; 5.64199 ; 3.87821 ; -3.18307
5.54651 ; 5.48133 ; -3.70424 ; 0.923214
6.11312 ; 4.83028 ; -1.72961 ; -4.48294
4.48375 ; 6.23977 ; 1.40753 ; -2.99016
5.45688 ; 5.86647 ; 4.07247 ; -1.29234
5.15214 ; 6.02454 ; 3.10347 ; -2.46192
5.89222 ; 5.80072 ; -1.24417 ; 2.00835
5.13063 ; 5.84444 ; 3.81079 ; -1.75828
5.03379 ; 5.5626 ; 3.02825 ; -1.37932
6.30732 ; 4.92333 ; 3.80488 ; -4.08749
4.88328 ; 4.92695 ; 1.89508 ; -4.65564
5.20795 ; 4.94558 ; 1.10873 ; -3.78038
5.46415 ; 6.18318 ; 2.38066 ; 4.44929
4.66295 ; 6.22545 ; -3.66769 ; 4.06518
6.46782 ; 4.77185 ; 0.68507 ; -0.453342
5.07498 ; 4.82685 ; -3.9135 ; -2.31463
4.79305 ; 5.82768 ; 0.716769 ; -2.562
5.33762 ; 5.61743 ; 0.695974 ; 4.39864
5.64577 ; 4.86952 ; 2.94894 ; -1.94691
4.61011 ; 6.42383 ; -0.0563677 ; -3.25466
5.98874 ; 5.40875 ; 3.87819 ; -4.15573
4.67686 ; 6.29683 ; -4.21551 ; 2.99642
5.63242 ; 4.84987 ; 1.59886 ; 0.272252
6.02277 ; 5.97508 ; -1.92891 ; -3.79824
5.2475 ; 5.46207 ; 1.13344 ; -4.40398
6.12524 ; 5.62082 ; 3.49104 ; -4.17064
6.16497 ; 5.09458 ; -0.843174 ; -1.79592
4.86861 ; 5.40929 ; 1.25574 ; -3.18517
4.52343 ; 4.98856 ; 0.0400239 ; -2.13446
6.48772 ; 4.62726 ; 4.51928 ; -2.69063
4.96849 ; 4.79798 ; 3.32346 ; 0.705868
5.4829 ; 6.00778 ; 3.21874 ; -2.50663
5.90572 ; 6.08165 ; 4.46825 ; -1.13041
6.00035 ; 4.77345 ; -2.13275 ; -4.10144
5.94059 ; 5.14936 ; -3.12372 ; -0.0972314
5.62655 ; 5.71752 ; -3.79209 ; 2.74963
6.25197 ; 5.67727 ; 3.5512 ; -3.98683
4.82958 ; 5.20887 ; -4.40652 ; -3.33025
6.11501 ; 5.40637 ; -3.04826 ; -4.22824
5.74832 ; 4.79786 ; -1.56427 ; -4.17896
4.87981 ; 5.92142 ; -3.59153 ; 3.69723
6.49665 ; 6.52113 ; 4.43546 ; 3.1076
6.18972 ; 5.03109 ; 0.699892 ; 3.50052
5.76328 ; 4.62172 ; -1.01084 ; 3.57467
4.61818 ; 5.08223 ; 2.09124 ; 1.94553
5.98497 ; 4.50575 ; 2.19795 ; -4.61254
5.44792 ; 6.23565 ; -4.06215 ; 3.44616
6.52071 ; 4.99097 ; -1.70107 ; -2.58294
4.92091 ; 5.49153 ; 3.43741 ; -4.22211
4.6989 ; 5.38921 ; 1.65943 ; 4.33136
5.19119 ; 4.99275 ; 0.618746 ; 1.53962
6.07663 ; 6.11989 ; 1.60042 ; -1.33851
5.13697 ; 5.01282 ; 0.2206 ; 2.41751
5.3444 ; 4.90537 ; -1.55398 ; -0.712064
6.49427 ; 6.49429 ; 4.26116 ; 4.38625
5.17216 ; 5.86498 ; 3.49387 ; 4.19105
4.66405 ; 4.29486 ; 0.341519 ; -0.102772
5.19696 ; 5.27108 ; -4.11066 ; 1.46924
5.33568 ; 5.34366 ; 2.36216 ; 1.0073
5.58912 ; 5.41449 ; -3.17694 ; 1.07743
6.62341 ; 4.99829 ; -1.14909 ; -2.64692
6.27204 ; 6.3792 ; 0.967264 ; -0.218407
5.96627 ; 5.66392 ; 1.56574 ; -1.88529
5.37137 ; 5.29137 ; -4.0699 ; -0.476467
6.37279 ; 5.24016 ; -0.775727 ; 3.94525
4.74777 ; 6.23993 ; -4.27813 ; 2.02749
4.75037 ; 6.22202 ; -3.99987 ; 4.01817
6.25788 ; 5.68224 ; 3.99949 ; 3.60642
5.26062 ; 5.1263 ; -0.990012 ; -4.57395
5.32672 ; 5.64254 ; 1.58307 ; 0.254347
6.14724 ; 6.16215 ; 4.23175 ; 4.09824
5.06126 ; 4.77236 ; -0.857693 ; -4.16371
6.3714 ; 4.08754 ; -0.847438 ; 0.555543
4.42332 ; 4.43614 ; -3.54771 ; -4.24764
5.9997 ; 4.90535 ; 1.76933 ; -2.25812
6.44557 ; 5.29652 ; 4.55025 ; 0.0263957
5.83186 ; 4.58395 ; 0.187103 ; 1.68809
5.61937 ; 5.98361 ; -3.89878 ; 3.55878
5.01069 ; 5.89096 ; 0.128147 ; -2.83666
5.4206 ; 5.31437 ; -2.03507 ; 3.84485
5.81499 ; 4.31152 ; 3.97363 ; -4.05844
6.51248 ; 6.07152 ; -3.12891 ; 2.69155
4.49086 ; 5.70949 ; -4.54098 ; -2.37857
5.79896 ; 4.75756 ; 4.29399 ; -0.25744
5.84524 ; 6.07758 ; 0.240102 ; 4.46654
4.80603 ; 5.22792 ; 0.177919 ; -4.36026
6.44952 ; 5.49907 ; -2.58053 ; -0.438178
5.80453 ; 4.94603 ; 3.41099 ; -0.362377
5.58218 ; 5.22829 ; 1.16327 ; 1.88187
5.14672 ; 4.4793 ; 0.285705 ; 0.723223
5.12524 ; 6.48373 ; -3.51043 ; -0.471199
6.41626 ; 6.37619 ; 0.102437 ; -2.52611
6.35123 ; 5.71111 ; -2.80278 ; -3.63101
6.76673 ; 4.53388 ; -1.12259 ; 0.428069
4.78428 ; 4.56658 ; -4.21867 ; -3.97726
6.33811 ; 4.93816 ; 4.45892 ; -3.76151
5.88531 ; 5.74343 ; 3.19443 ; -4.0331
4.85576 ; 6.08748 ; -4.25503 ; 2.07227
4.91399 ; 6.03361 ; 2.94627 ; 0.10195
6.60205 ; 5.86376 ; -0.36705 ; -2.24014
5.5365 ; 4.63529 ; 2.52706 ; -0.505637
6.01032 ; 5.44623 ; 4.35638 ; -0.116375
5.48914 ; 4.27354 ; 2.36132 ; 0.595565
5.94672 ; 4.95718 ; 4.41457 ; -2.41464
5.16816 ; 5.26861 ; -1.76943 ; 4.01992
5.64908 ; 6.03006 ; 3.47115 ; 3.22124
6.71805 ; 5.43173 ; -0.524349 ; -3.08423
5.1068 ; 5.72246 ; 3.97708 ; -1.10395
5.91159 ; 4.65455 ; -0.640956 ; -1.84716
6.1608 ; 6.03506 ; -1.78296 ; -0.629993
5.43709 ; 4.30837 ; 3.98952 ; 0.964753
5.27484 ; 5.66976 ; -4.19181 ; 3.82773
6.05669 ; 5.52032 ; 4.57018 ; 3.24218
6.11962 ; 5.59076 ; -1.8969 ; -2.33543
5.80596 ; 6.01497 ; -2.83254 ; 1.35844
5.5435 ; 5.58014 ; -3.25365 ; 3.13534
5.18714 ; 5.63259 ; 1.52308 ; -4.09092
4.77833 ; 4.88399 ; -0.886958 ; 1.77024
5.85313 ; 4.58308 ; -3.67106 ; 1.32873
4.70964 ; 4.94745 ; 1.2615 ; -3.41019
5.49577 ; 5.96383 ; 3.90436 ; 4.47945
5.86003 ; 6.19452 ; 4.33835 ; 2.51397
6.03708 ; 4.6391 ; -2.8349 ; -4.15457
6.49999 ; 4.44204 ; 3.62714 ; -3.8151
4.79923 ; 4.39371 ; -3.20647 ; -4.40731
4.93502 ; 4.08707 ; 0.0653161 ; 2.39844
4.53089 ; 4.37242 ; 2.99412 ; 1.74016
6.30845 ; 6.27351 ; 1.96379 ; -2.45649
6.37507 ; 4.72536 ; -2.42618 ; -2.87673
5.52013 ; 5.42023 ; -3.22429 ; 3.05437
5.05808 ; 5.23298 ; -0.530291 ; -3.58575
5.53344 ; 5.70624 ; -2.705 ; 3.94174
5.21699 ; 4.41459 ; -1.06832 ; 1.34796
5.61109 ; 5.59491 ; -1.51621 ; -0.180633
4.5011 ; 4.40203 ; 3.05051 ; 1.293
5.37194 ; 6.1127 ; 4.18931 ; -2.92965
5.78699 ; 5.25645 ; -3.77754 ; 2.41705
5.73826 ; 5.17049 ; 2.65796 ; -3.12007
5.59493 ; 6.10356 ; -3.75868 ; -0.05825
6.32577 ; 4.92144 ; 4.44594 ; 2.40582
5.97464 ; 5.49461 ; 3.53064 ; 3.36219
5.36029 ; 5.48985 ; 3.53256 ; -2.03039
5.95672 ; 5.72566 ; 0.979711 ; 4.03439
5.82178 ; 4.86483 ; 4.50191 ; -1.56146
6.54185 ; 5.69605 ; 4.14081 ; 3.49441
6.52111 ; 4.9668 ; -0.873379 ; -4.32911
5.01603 ; 4.2947 ; 0.706859 ; 1.65585
5.74505 ; 6.2445 ; -0.62754 ; -3.01382
4.61331 ; 6.02419 ; 2.98042 ; 2.66144
5.86471 ; 5.84485 ; 2.56732 ; -2.87839
4.75545 ; 5.87586 ; -3.95963 ; 4.14304
5.61655 ; 5.95762 ; 2.1664 ; 0.479949
5.16068 ; 6.11004 ; 2.15532 ; -1.8713
5.20481 ; 4.6927 ; 3.61417 ; -2.74801
6.03536 ; 4.15709 ; 2.0638 ; 0.068226
5.79121 ; 4.61024 ; 4.06888 ; 1.97156
6.24211 ; 6.18099 ; 1.89294 ; -0.825882
5.4179 ; 5.60057 ; 2.2466 ; 1.82316
5.39439 ; 5.49234 ; -4.1352 ; -3.53783
5.21143 ; 5.32491 ; -4.3438 ; 3.16083
5.12379 ; 5.25011 ; -3.24652 ; -3.84215
6.45629 ; 4.83185 ; -0.826888 ; -4.51634
4.7983 ; 5.28919 ; 0.349709 ; 2.11173
5.07735 ; 5.9224 ; -3.85343 ; -3.85778
5.29722 ; 4.55982 ; 3.78349 ; -3.66598
6.28888 ; 5.27987 ; -2.58666 ; 3.9393
4.52564 ; 4.7162 ; 2.64464 ; -2.99842
5.29303 ; 5.31083 ; 2.33715 ; 1.85607
5.81659 ; 5.27678 ; -4.0589 ; -3.09619
6.10505 ; 4.40688 ; -1.27515 ; 1.54435
6.41363 ; 6.00237 ; -3.07701 ; -0.251496
4.63971 ; 4.53147 ; -0.221753 ; -0.793169
4.83777 ; 4.68035 ; -0.27782 ; -4.34818
6.22317 ; 5.26401 ; 4.15548 ; 3.6957
5.88256 ; 4.71174 ; 3.73131 ; -1.07351
5.99422 ; 6.14488 ; -2.36302 ; -3.47516
5.71714 ; 5.06069 ; 4.47837 ; 0.103315
4.86102 ; 4.37861 ; 3.02389 ; -0.803443
5.83263 ; 4.48372 ; 3.88254 ; 2.45231
5.63 ; 4.82606 ; -3.75678 ; 3.54321
6.31329 ; 4.87896 ; 3.16018 ; -3.80698
5.24402 ; 4.90334 ; 3.03911 ; 1.96963
5.94331 ; 5.00663 ; 4.02319 ; -1.18685
5.3529 ; 6.05822 ; 0.721676 ; 0.685862
4.78856 ; 6.26673 ; 0.114494 ; -2.53908
5.61389 ; 5.81892 ; 1.06066 ; 4.16709
4.86082 ; 5.63133 ; -1.43859 ; 3.74696
6.23164 ; 4.4851 ; -3.09066 ; 3.17827
4.79767 ; 4.91207 ; -0.324523 ; -0.360494
5.99591 ; 5.18309 ; -3.86693 ; -3.07106
5.44709 ; 6.33455 ; -3.98271 ; -1.82724
5.02922 ; 6.04747 ; -3.79941 ; 3.91985
5.8106 ; 5.70358 ; 2.94184 ; 3.85393
5.85785 ; 5.53341 ; -3.15016 ; 0.372197
5.9492 ; 5.33545 ; 4.47958 ; -0.0497609
6.24446 ; 4.54308 ; 0.0954796 ; 1.26071
4.89878 ; 4.74808 ; -1.66181 ; 1.62692
5.55686 ; 5.79956 ; -0.976673 ; -3.09572
4.92423 ; 5.26643 ; -4.38723 ; 1.88597
5.5116 ; 4.74969 ; 2.77136 ; 3.07203
5.15996 ; 4.57726 ; 1.61941 ; -4.52567
5.61085 ; 4.93829 ; 3.38963 ; 1.82162
6.11358 ; 4.45987 ; -3.32897 ; -1.62147
5.1228 ; 4.55097 ; -4.47836 ; -1.5049
5.88115 ; 4.15202 ; 1.83255 ; 0.184056
5.73081 ; 4.157 ; 2.86011 ; 0.301637
5.76384 ; 4.44527 ; -1.24044 ; -0.405296
4.99579 ; 5.2326 ; -4.01434 ; 2.71709
5.3528 ; 6.40231 ; 3.15644 ; -2.12702
5.93418 ; 5.63232 ; -1.62674 ; -4.27215
5.13785 ; 4.67521 ; 3.54619 ; -2.21266
4.90709 ; 5.5803 ; -3.1258 ; 3.54649
5.29247 ; 4.65036 ; -4.45479 ; -0.476416
4.82959 ; 6.321 ; 2.67613 ; -0.504527
5.50565 ; 4.64323 ; 4.06948 ; 0.880225
5.77856 ; 5.98421 ; 1.24082 ; -0.624494
5.57321 ; 5.36653 ; -3.9398 ; -3.26415
4.99275 ; 6.42886 ; 2.44903 ; -2.13841
5.85358 ; 4.70047 ; 0.882962 ; -2.13822
4.81841 ; 5.81771 ; -2.06634 ; 2.33348
5.8872 ; 5.29314 ; 3.2263 ; 2.85705
5.8232 ; 4.91485 ; -2.68552 ; -2.42842
5.08578 ; 5.2713 ; -3.70069 ; -3.93508
6.57679 ; 4.72137 ; -2.68454 ; 1.73542
6.12068 ; 5.82612 ; -0.421989 ; 1.74783
6.335 ; 5.38766 ; 0.738258 ; -0.741269
5.87808 ; 5.04574 ; 2.88175 ; 2.7159
5.94195 ; 4.43087 ; -2.68624 ; -4.60659
5.55503 ; 4.95868 ; -0.0320833 ; 3.83967
5.87331 ; 4.9388 ; -3.3275 ; -4.66476
6.46965 ; 4.88011 ; 1.8707 ; -3.82561
4.35391 ; 5.54094 ; 1.17079 ; -1.52076
4.54841 ; 5.90889 ; 2.30068 ; 3.66642
5.09656 ; 5.71909 ; -4.11572 ; 3.46092
5.66442 ; 5.40608 ; -3.48446 ; 3.84814
5.53197 ; 5.94393 ; 3.88171 ; 1.70261
6.09991 ; 5.58878 ; -3.87649 ; 0.73681
6.38565 ; 5.33387 ; -3.36994 ; -0.70479
5.29238 ; 4.79484 ; 0.382868 ; -4.4622
5.6129 ; 5.62772 ; 1.10904 ; -0.620727
5.71845 ; 4.97728 ; -0.149331 ; -3.56227
4.59786 ; 5.45876 ; -2.01453 ; 3.58137
6.27737 ; 4.51978 ; -3.09525 ; -4.05925
5.26328 ; 6.52426 ; -3.84682 ; 4.31351
5.62319 ; 4.29284 ; -3.55987 ; -4.59824
5.90449 ; 5.93974 ; -2.40279 ; 0.589159
6.62761 ; 5.78044 ; -2.81143 ; -0.705187
4.91058 ; 5.06022 ; -4.41549 ; 0.523195
6.2545 ; 5.87769 ; -0.233684 ; -3.82016
4.74363 ; 6.47385 ; -3.03153 ; 4.35488
6.34152 ; 4.42879 ; 1.52672 ; 3.15718
5.29964 ; 4.94849 ; -2.32764 ; -3.67207
5.49142 ; 4.75146 ; -3.68658 ; -4.49794
5.72163 ; 4.7174 ; 4.07223 ; -4.02312
5.9364 ; 4.43099 ; 2.36936 ; 1.34375
4.78049 ; 4.50769 ; 0.958176 ; -4.5095
5.38734 ; 5.29556 ; -3.90336 ; -1.79824
5.49243 ; 4.67915 ; 3.71199 ; 2.18247
5.22993 ; 5.82682 ; -3.77814 ; -1.29805
4.76707 ; 5.67425 ; -2.01336 ; -3.83226
6.37683 ; 4.48891 ; -0.883704 ; -4.61419
5.65146 ; 4.23286 ; 0.13413 ; 1.5347
5.39022 ; 4.62867 ; -4.25927 ; -1.01009
5.63918 ; 4.66303 ; -4.25153 ; 1.38113
5.80238 ; 5.67833 ; -1.23763 ; -0.935084
5.31586 ; 5.34313 ; -4.2175 ; 0.153775
4.68326 ; 5.34811 ; -3.67274 ; -4.05239
5.8246 ; 4.52076 ; 3.84534 ; -3.65635
5.62178 ; 5.54101 ; 3.84384 ; -0.8874
4.78076 ; 5.05736 ; 1.76322 ; 4.16338
4.61287 ; 4.96613 ; 0.443847 ; 4.12248
6.36494 ; 5.25419 ; 4.37953 ; -2.7886
5.42973 ; 5.46855 ; 2.1172 ; -3.20224
5.60759 ; 5.28219 ; 3.1932 ; -1.0619
5.71092 ; 5.82921 ; 3.07198 ; 4.22011
5.39572 ; 6.03355 ; -0.240741 ; 1.22033
4.38831 ; 4.61514 ; -4.48882 ; -4.02213
4.85016 ; 5.24825 ; 3.71687 ; 2.91276
5.12696 ; 5.07964 ; -0.418635 ; 0.22554
4.85333 ; 4.85588 ; -4.0677 ; -3.09127
6.62908 ; 5.48439 ; 4.58064 ; -3.00576
4.71197 ; 5.37823 ; 3.5443 ; 2.1528
5.94391 ; 4.53586 ; 3.29718 ; -0.661757
5.55467 ; 5.8583 ; 1.10106 ; -0.247973
5.68146 ; 4.6842 ; 2.36466 ; -4.48304
5.49793 ; 5.58761 ; -2.15731 ; 3.40538
5.96998 ; 5.57861 ; 2.53077 ; -0.0642446
6.20854 ; 6.01299 ; 4.05776 ; 4.32423
4.97754 ; 4.4815 ; 3.88263 ; -1.66535
5.27825 ; 5.94865 ; 3.89083 ; 1.3019
5.38818 ; 6.29896 ; -3.8792 ; 3.17995
6.58689 ; 5.04677 ; -1.69762 ; 1.38968
5.60405 ; 4.41606 ; -3.57354 ; 0.105003
4.92729 ; 5.47299 ; 1.51718 ; -1.24343
5.38457 ; 4.65793 ; 3.80979 ; 2.1465
6.93504 ; 5.87928 ; -0.997277 ; -0.274792
4.59871 ; 5.80255 ; 2.02162 ; 1.93626
4.26787 ; 5.46408 ; 0.994971 ; 1.06804
6.13506 ; 6.07207 ; 0.998251 ; -0.361498
5.22181 ; 5.622 ; -4.22786 ; -0.758049
5.90026 ; 5.56578 ; 1.50245 ; -3.83365
5.9442 ; 5.71804 ; 4.44916 ; -1.00328
5.73638 ; 5.26257 ; 0.58133 ; 1.90622
6.01624 ; 5.5613 ; -1.78739 ; -3.64949
5.6382 ; 5.06916 ; 0.804903 ; 3.35324
5.12607 ; 5.0406 ; -4.25513 ; -4.43153
5.37097 ; 4.86486 ; 1.39015 ; 3.06167
6.03078 ; 5.11515 ; 0.269234 ; -1.97696
5.34373 ; 4.84727 ; -0.832514 ; -1.22846
6.32752 ; 4.98861 ; -3.22196 ; -2.49317
6.47711 ; 5.47368 ; 4.58075 ; -3.06349
4.99588 ; 5.72635 ; 1.89135 ; 1.71227
4.68906 ; 5.0271 ; 3.22609 ; -1.64658
5.02274 ; 4.58976 ; 2.81999 ; 3.41136
5.50593 ; 4.9745 ; -1.03071 ; -4.5427
5.02856 ; 5.68518 ; 3.732 ; -0.257331
6.304 ; 4.70998 ; -0.576694 ; -1.88699
6.0527 ; 5.57165 ; -1.74412 ; 1.47282
5.42602 ; 5.38745 ; -0.991714 ; 1.44928
4.56393 ; 5.83587 ; -3.4287 ; 3.99489
5.26983 ; 5.18051 ; 2.87131 ; -1.22228
4.91081 ; 5.56247 ; 3.72914 ; -3.25895
5.21976 ; 5.0038 ; -4.45662 ; 2.92711
6.73901 ; 5.23764 ; -2.32575 ; -1.37102
5.94518 ; 5.8523 ; 0.0580377 ; 1.35028
5.78333 ; 4.72172 ; -1.91401 ; 0.819418
5.13266 ; 5.64034 ; 3.0062 ; 0.192099
5.28754 ; 5.18934 ; 3.64385 ; 0.209663
5.3576 ; 4.83738 ; -2.46646 ; -1.86896
6.04294 ; 4.98478 ; -2.58012 ; 3.35074
5.38356 ; 6.41747 ; -3.12279 ; 0.0204464
6.00531 ; 6.42061 ; 1.64821 ; 0.0195512
5.03183 ; 5.99554 ; -2.8546 ; 4.4178
4.73533 ; 5.89197 ; -3.10725 ; 3.91878
6.4521 ; 5.08723 ; 3.0459 ; -3.79578
5.84926 ; 4.70415 ; 4.34543 ; -2.78479
5.31695 ; 4.59325 ; -4.15721 ; -1.30651
4.80473 ; 5.21701 ; -0.755427 ; -1.98374
6.41914 ; 5.63054 ; -0.0776652 ; 4.0456
6.32506 ; 6.36451 ; -0.195586 ; -3.50284
6.45807 ; 4.7855 ; -2.15963 ; -2.68736
5.38178 ; 5.12834 ; -0.744023 ; 3.72718
6.58085 ; 4.39339 ; 4.48314 ; -4.29742
4.95537 ; 5.28308 ; 2.01792 ; 4.1795
6.4789 ; 6.19648 ; -2.04487 ; -1.26713
6.18311 ; 4.36386 ; -2.97465 ; 0.890796
5.73376 ; 5.58315 ; -3.159 ; -2.91098
5.68496 ; 5.99397 ; -4.30024 ; 0.760633
6.09352 ; 5.53928 ; 0.324818 ; 3.35599
5.30596 ; 5.02125 ; -2.04797 ; -3.72507
6.07102 ; 4.38323 ; 4.54616 ; -0.212703
6.03298 ; 4.72059 ; 4.49215 ; -0.123718
4.62417 ; 5.55864 ; -3.28394 ; 4.14055
6.14785 ; 5.09775 ; 3.08333 ; -3.93487
6.204 ; 6.0247 ; -1.4663 ; -3.21859
6.42736 ; 5.47339 ; 0.352464 ; 4.27372
6.26904 ; 6.30617 ; -1.31122 ; 4.40068
4.87819 ; 5.70646 ; -2.74997 ; -4.01475
5.11942 ; 5.80854 ; -2.062 ; -0.806996
5.89435 ; 5.90885 ; -3.81877 ; -2.97161
5.54731 ; 5.53164 ; 0.231211 ; -3.68952
5.29242 ; 4.41761 ; 2.84719 ; 2.76043
4.25185 ; 4.54768 ; 1.94681 ; -0.433858
6.40806 ; 5.40362 ; -2.89112 ; -3.5543
5.0427 ; 4.2001 ; -1.24095 ; -0.72028
6.45328 ; 6.12201 ; 3.66172 ; 3.76086
5.5248 ; 4.86024 ; 3.21672 ; -0.305559
5.97091 ; 4.44502 ; 1.99149 ; -4.53173
4.80481 ; 5.25216 ; -4.12158 ; 2.70774
6.31731 ; 4.94044 ; -2.59738 ; -3.55456
6.07535 ; 4.97249 ; 4.34994 ; -3.47256
5.85171 ; 4.40224 ; -1.44723 ; -0.611397
6.00213 ; 5.66262 ; -2.14912 ; 2.90631
5.69974 ; 4.887 ; -2.02577 ; 3.25247
5.45705 ; 4.29957 ; 3.52243 ; 0.0911791
4.52379 ; 5.27842 ; 1.90782 ; -3.08557
5.44231 ; 5.01018 ; 2.60733 ; 3.93464
5.60439 ; 4.31912 ; -0.692432 ; 0.268635
6.54252 ; 4.33265 ; 3.05722 ; -4.40817
6.01794 ; 4.79013 ; -0.630613 ; 2.00886
4.61354 ; 4.45236 ; -3.2298 ; -4.29438
4.18911 ; 4.45696 ; -4.41728 ; -4.03511
5.49773 ; 6.07921 ; 4.2076 ; 2.4849
5.46271 ; 4.97562 ; -2.41041 ; -3.92431
6.13574 ; 4.87074 ; 1.06524 ; -4.01731
5.84197 ; 4.36026 ; -1.93412 ; 0.978786
6.38162 ; 5.18958 ; 0.121209 ; 3.81028
6.06638 ; 4.71435 ; -3.34064 ; 3.05366
5.4425 ; 5.10394 ; 4.19141 ; 2.15234
5.73967 ; 5.41176 ; 1.35848 ; -2.48392
4.94863 ; 5.24553 ; -1.51738 ; 1.74816
6.52404 ; 5.77825 ; -3.31952 ; -0.631028
5.27591 ; 5.12543 ; -2.05116 ; -4.54653
6.21847 ; 5.42724 ; 3.76444 ; 3.54379
5.06773 ; 5.95312 ; 2.88597 ; -1.74774
4.57151 ; 5.09177 ; -4.41306 ; -4.11034
5.13569 ; 6.18425 ; -4.03729 ; -0.153998
5.36822 ; 4.97051 ; -0.193876 ; 3.60888
5.26431 ; 5.05528 ; 1.22063 ; -0.805497
5.22015 ; 6.23534 ; -2.00157 ; -3.56249
5.3449 ; 5.51902 ; -2.51856 ; 4.01843
6.2381 ; 4.1447 ; 0.82081 ; 1.56139
4.92318 ; 5.24574 ; -4.01163 ; -2.94851
5.36693 ; 5.39036 ; -0.900836 ; 3.96698
5.96482 ; 5.4369 ; -3.42352 ; -0.86253
5.68773 ; 4.21018 ; 2.52381 ; 2.3885
6.50983 ; 4.77149 ; 3.8388 ; -4.35977
6.17054 ; 5.00495 ; 4.10794 ; -3.20616
6.30663 ; 6.37772 ; 4.21855 ; 4.25283
5.86109 ; 5.465 ; 3.0755 ; 2.86657
6.31584 ; 4.66627 ; -3.33133 ; 0.491575
5.04537 ; 5.62135 ; -1.54317 ; -1.47096
5.47838 ; 4.7703 ; -0.935803 ; -0.204872
6.04793 ; 5.94043 ; 2.8509 ; -1.97299
5.6286 ; 5.0598 ; 3.85835 ; 2.02368
6.1597 ; 4.64873 ; 4.42822 ; -2.3036
4.71119 ; 6.20508 ; -3.12499 ; 3.80574
5.4501 ; 4.92512 ; 0.214499 ; 3.25895
6.04299 ; 5.46781 ; 2.40988 ; 2.17842
5.94243 ; 5.66941 ; 0.6771 ; 3.08088
4.64855 ; 4.38417 ; 2.01193 ; -0.05361
4.92688 ; 4.97689 ; 1.55909 ; 3.60458
5.79265 ; 6.37868 ; -0.677561 ; -0.803376
5.23155 ; 4.39934 ; -1.61501 ; 1.1254
5.13204 ; 5.75297 ; 1.28634 ; 4.20442
6.17179 ; 5.03546 ; 0.820709 ; -4.20786
6.65935 ; 4.9557 ; -1.59798 ; -3.97623
4.50486 ; 5.54725 ; 3.02671 ; -2.19585
4.67697 ; 6.33277 ; -3.95154 ; 3.49325
6.33436 ; 4.84251 ; 1.01891 ; 0.31463
6.387 ; 4.42342 ; 0.154824 ; 2.43839
4.992 ; 4.99024 ; 3.71193 ; 3.2008
4.83849 ; 4.64457 ; -3.31595 ; -4.24903
6.13605 ; 4.81934 ; 1.89654 ; -1.9665
4.49539 ; 5.30477 ; 1.07173 ; -2.4778
4.95395 ; 5.58668 ; 3.68515 ; -4.17966
5.32351 ; 5.3623 ; -1.25719 ; -2.74127
5.08593 ; 5.94608 ; 0.492328 ; 4.39551
6.38751 ; 4.8007 ; -3.21991 ; 0.919143
5.97692 ; 6.49497 ; -1.66227 ; -2.00485
4.89836 ; 6.47198 ; -4.36812 ; 1.97594
6.01144 ; 5.01381 ; -1.29217 ; 1.85602
4.71385 ; 4.94836 ; -4.35844 ; 1.74252
5.27593 ; 4.36501 ; -4.11018 ; -2.95705
6.16147 ; 6.2599 ; -1.96166 ; -2.73268
5.67474 ; 4.39467 ; -2.45898 ; 0.77592
5.92057 ; 5.11459 ; 1.2921 ; -4.41436
5.97962 ; 6.09309 ; -3.72361 ; -1.2839
5.69242 ; 5.0416 ; -3.36195 ; 0.165526
6.14271 ; 5.7424 ; 3.42414 ; 3.97213
5.71141 ; 4.93163 ; 3.58694 ; 0.586813
6.36845 ; 4.95681 ; 0.986627 ; 2.28869
6.06108 ; 4.79913 ; -3.14954 ; -2.49421
5.64006 ; 4.28515 ; 4.37813 ; -1.23184
4.86624 ; 5.7177 ; -0.26986 ; -1.80271
5.22951 ; 5.01115 ; -1.5271 ; 3.05992
5.57378 ; 5.28478 ; -0.152033 ; -1.60668
6.43981 ; 5.36672 ; -3.02821 ; -1.31647
5.15037 ; 4.98314 ; 3.50257 ; -3.94789
5.70469 ; 5.73101 ; 2.77441 ; 1.74772
5.51517 ; 5.30645 ; 0.579421 ; -4.48116
5.83437 ; 4.24606 ; -2.13519 ; -4.63278
5.18156 ; 6.34775 ; 1.08215 ; 0.427865
4.64535 ; 5.08405 ; 0.635057 ; -4.28425
6.20919 ; 4.71374 ; -3.16487 ; 2.14844
6.39447 ; 5.35824 ; 2.98773 ; -3.95801
6.21925 ; 5.26276 ; -3.28515 ; 2.60419
4.4592 ; 5.71073 ; -0.635956 ; 1.20548
4.81199 ; 4.97864 ; -2.89567 ; 3.75939
6.13535 ; 6.38679 ; 1.43022 ; 0.32303
6.76225 ; 4.63714 ; -1.27177 ; -1.41014
5.57423 ; 4.3423 ; 3.47405 ; -4.57894
4.86881 ; 6.17602 ; -4.28365 ; 4.04493
6.07407 ; 4.44048 ; 4.00906 ; -3.38265
5.40161 ; 6.02309 ; -0.425067 ; -2.10066
6.60096 ; 4.59433 ; -1.77488 ; 0.15841
6.23685 ; 6.30094 ; 4.20367 ; -1.96538
5.99391 ; 5.58957 ; 3.8972 ; 1.62119
4.99799 ; 5.2633 ; -3.58725 ; 3.69297
6.31068 ; 5.49152 ; -0.749271 ; -3.0566
6.67484 ; 5.38665 ; -0.619313 ; 1.40865
5.0576 ; 5.63237 ; -3.64731 ; 4.07278
4.95696 ; 6.3648 ; -3.86337 ; 3.94421
6.00836 ; 6.18081 ; -2.86059 ; 4.48853
5.5164 ; 4.78675 ; -2.34528 ; -4.31014
5.85784 ; 5.52592 ; 0.550613 ; -3.96292
5.07802 ; 5.28294 ; 3.82922 ; 0.719627
5.0382 ; 6.20731 ; -3.79265 ; -3.148
4.49176 ; 5.37588 ; 1.52652 ; -0.432846
4.86445 ; 4.61267 ; -0.0551188 ; -4.53278
5.0635 ; 6.21468 ; -4.35239 ; -1.72249
4.97814 ; 5.11094 ; -4.4437 ; -4.28352
6.07692 ; 5.53054 ; 4.05399 ; -3.09547
4.76943 ; 5.70524 ; 3.32301 ; -3.39062
5.67902 ; 5.1589 ; 2.94777 ; -2.21431
5.96334 ; 4.7651 ; 4.5038 ; 2.97873
5.40984 ; 4.6609 ; -4.42868 ; -0.68498
6.77798 ; 4.48858 ; -2.16134 ; 1.11896
4.68838 ; 4.63873 ; 1.51963 ; -4.54884
6.66005 ; 4.9956 ; 4.55619 ; 2.54439
6.32942 ; 5.35823 ; -2.32236 ; 3.55587
5.67414 ; 4.6661 ; 3.32832 ; 1.18037
6.24297 ; 4.68636 ; 2.8613 ; -3.90673
5.43092 ; 6.3423 ; -3.98308 ; -0.063773
5.82237 ; 6.14139 ; 3.75625 ; 0.838098
6.10418 ; 5.63322 ; 1.72352 ; -2.78854
4.77997 ; 5.03984 ; 0.364624 ; -0.350569
5.84839 ; 5.18737 ; 2.27785 ; -1.37381
5.70721 ; 4.80778 ; 3.13555 ; -3.64296
5.7765 ; 5.48072 ; 3.03894 ; 0.663438
6.13847 ; 6.50923 ; 0.201798 ; -2.73151
4.95989 ; 5.40235 ; -4.35488 ; 3.7808
5.48194 ; 5.77317 ; -4.00756 ; -3.77059
5.48182 ; 4.82934 ; 1.4259 ; -1.9022
4.54372 ; 4.62892 ; -1.16749 ; -4.35232
6.51442 ; 5.82311 ; 0.478126 ; -4.2021
6.66734 ; 5.60742 ; -0.780345 ; 3.65053
5.67617 ; 5.55009 ; 4.35113 ; -1.02351
4.74923 ; 5.88043 ; 0.792253 ; -3.61685
5.98098 ; 5.43667 ; 3.91493 ; -1.82838
6.67156 ; 4.75393 ; 0.613216 ; 0.498136
5.08053 ; 4.26514 ; 2.8418 ; 1.38777
5.22065 ; 4.7624 ; 3.195 ; -1.74863
5.23489 ; 4.85864 ; 2.72115 ; 0.400387
4.9667 ; 5.80657 ; 0.866721 ; 3.97816
4.93744 ; 6.54855 ; -3.28251 ; 4.37983
5.78637 ; 5.81945 ; 0.925875 ; -3.88327
4.5121 ; 5.59516 ; -0.201795 ; 0.613175
5.59212 ; 4.92785 ; -3.50575 ; -4.52769
6.30652 ; 4.47873 ; 1.37481 ; 3.40099
4.99371 ; 5.2347 ; -4.38815 ; 2.28112
6.03119 ; 5.64812 ; 0.653037 ; -0.672164
4.75225 ; 5.04911 ; 2.0307 ; 3.89076
5.20533 ; 4.74961 ; -4.1798 ; -1.22876
4.95003 ; 6.3054 ; -2.67226 ; -3.64313
4.59586 ; 5.07271 ; -1.27852 ; -3.42414
6.39031 ; 4.36949 ; -0.735685 ; 0.210548
5.8976 ; 4.60922 ; -2.58494 ; 1.47146
5.18826 ; 4.80167 ; -2.26102 ; -3.83354
6.4319 ; 4.57083 ; 2.72099 ; -4.2939
5.6973 ; 4.65633 ; -0.0707153 ; 3.02333
5.56867 ; 4.90385 ; 2.74616 ; 3.48703
5.53525 ; 5.89128 ; -3.3954 ; 3.55451
6.17784 ; 6.3899 ; 4.31985 ; 4.19103
6.28382 ; 4.33903 ; -2.26839 ; 2.13421
5.74263 ; 4.68995 ; -1.59045 ; -4.4437
6.23044 ; 6.40028 ; 1.77702 ; -2.60584
6.16472 ; 5.37816 ; 0.191826 ; -3.55702
5.38732 ; 5.16081 ; 0.208089 ; 3.04811
5.63993 ; 5.667 ; -3.17521 ; 1.28778
5.88667 ; 5.77433 ; 4.27566 ; -2.48157
6.58419 ; 5.90756 ; -2.18558 ; 0.920724
6.58505 ; 4.58044 ; -2.65326 ; -1.54469
5.4504 ; 5.19547 ; 2.58211 ; -4.43378
5.9126 ; 5.25817 ; -0.622188 ; -1.09372
4.35277 ; 6.0145 ; 1.61926 ; -1.65269
5.23829 ; 4.37585 ; -3.77145 ; -0.0286376
5.77533 ; 4.84324 ; -2.36515 ; 3.24281
5.48803 ; 5.08474 ; -1.63182 ; 2.86625
5.17466 ; 4.97464 ; 3.93601 ; -0.503518
6.91765 ; 6.08974 ; -1.1301 ; 1.11916
5.62753 ; 5.66734 ; 0.601898 ; -3.18399
5.18606 ; 5.62681 ; -3.80881 ; 3.03663
5.88179 ; 4.12583 ; -2.25882 ; 1.65128
6.08306 ; 6.07021 ; 0.0423792 ; -3.58518
6.24662 ; 5.38054 ; 4.44063 ; -2.87392
6.13728 ; 6.08821 ; 0.974086 ; -3.57645
5.0235 ; 5.03745 ; 3.12182 ; -2.46572
5.46078 ; 5.31686 ; -3.74297 ; -1.51822
5.06268 ; 5.40016 ; 2.88695 ; -3.21202
6.55874 ; 5.35713 ; -2.69261 ; 2.2166
5.16905 ; 5.03515 ; 0.0261958 ; 3.42387
5.79843 ; 5.61265 ; -3.5885 ; 3.6002
5.12836 ; 5.92989 ; 2.39116 ; 1.25101
6.61228 ; 4.44665 ; -0.245029 ; -0.573476
5.41625 ; 4.60385 ; -1.05329 ; 0.098276
5.44757 ; 4.2917 ; 2.87708 ; 2.79278
4.67967 ; 5.1424 ; -4.46401 ; 1.8232
5.19021 ; 5.74144 ; 3.95344 ; 2.26461
5.04293 ; 5.09633 ; -1.44874 ; -0.723141
5.47388 ; 5.27743 ; -0.20617 ; -2.77654
6.0471 ; 5.95079 ; 4.48049 ; -3.20758
5.43318 ; 5.83691 ; -1.53013 ; 4.42024
5.30643 ; 5.10854 ; -3.64623 ; -3.26059
6.31963 ; 5.42958 ; 1.14359 ; -2.5899
6.55436 ; 5.73453 ; -1.63506 ; -1.39696
6.20721 ; 5.19794 ; -2.50429 ; 3.44268
6.10564 ; 5.44216 ; 0.955397 ; -1.98722
5.6375 ; 5.72329 ; 2.80241 ; 2.63615
5.17508 ; 4.92817 ; 0.923252 ; 2.29952
5.26984 ; 5.82663 ; -3.62458 ; -2.76926
4.93084 ; 4.44884 ; -1.20185 ; -4.5193
5.58465 ; 5.88985 ; -1.99831 ; 4.36868
4.91796 ; 4.52516 ; -1.02008 ; -0.401154
5.23531 ; 5.09534 ; 1.20701 ; 2.36906
5.49181 ; 6.19867 ; 4.02285 ; 1.59568
6.334 ; 5.87029 ; -3.25349 ; -2.38502
4.93503 ; 5.85801 ; -4.2439 ; 3.67704
5.09393 ; 5.51778 ; 3.97076 ; 2.45517
5.33929 ; 5.83271 ; 2.97034 ; 4.28245
5.65899 ; 4.24605 ; 1.05508 ; 0.796991
5.74361 ; 5.74478 ; 3.37598 ; -2.82647
4.7291 ; 4.18289 ; 0.338199 ; 2.9663
5.50232 ; 4.72687 ; 3.97502 ; -3.90585
5.52234 ; 4.7102 ; 2.76225 ; -4.60021
5.61808 ; 5.04302 ; -2.52519 ; -0.45341
5.21451 ; 5.54235 ; 3.03384 ; 1.86508
5.45059 ; 6.33989 ; -4.26991 ; 2.43498
5.40554 ; 5.63382 ; -3.31171 ; 4.28134
5.47632 ; 5.22321 ; 3.56959 ; -3.64881
5.31795 ; 4.74587 ; -4.25935 ; 1.6148
5.41229 ; 5.67233 ; -4.09225 ; 3.41295
5.30189 ; 5.5546 ; -3.71643 ; 1.72473
6.86778 ; 5.05962 ; -2.21274 ; -2.08003
4.84792 ; 5.27828 ; -4.35704 ; 2.79442
6.35465 ; 6.01904 ; -0.0945466 ; -2.94049
5.00185 ; 4.55929 ; -0.550571 ; 0.367307
4.87779 ; 5.199 ; -0.693881 ; -1.38874
5.7118 ; 5.25127 ; -3.7836 ; -3.52636
5.46724 ; 5.31937 ; 4.14597 ; -4.19439
4.97985 ; 5.16387 ; -2.3372 ; -2.61313
6.0158 ; 5.10142 ; 2.09795 ; -3.75774
5.71486 ; 5.14957 ; 3.53866 ; 1.16905
5.47732 ; 4.77999 ; -2.67702 ; -4.49434
4.57997 ; 5.50586 ; 0.0246588 ; -1.44104
5.11531 ; 4.22851 ; 0.243498 ; -0.444884
5.20776 ; 5.34457 ; -1.47252 ; -0.333653
5.99164 ; 5.76563 ; -2.00847 ; -2.83025
4.98879 ; 4.07503 ; 0.872828 ; 1.70323
5.02589 ; 5.59693 ; -3.54245 ; 3.31727
5.20976 ; 5.86985 ; -0.748689 ; -2.06227
5.56067 ; 5.2754 ; -2.77189 ; -3.85863
4.74552 ; 5.67206 ; 0.215132 ; -4.06163
5.78375 ; 6.36472 ; -0.834543 ; -3.07377
5.54424 ; 5.59501 ; -3.69129 ; 2.14151
5.03761 ; 4.62528 ; -1.12265 ; 0.990193
5.2277 ; 6.44677 ; -4.09399 ; 1.13907
4.65776 ; 6.6825 ; -3.83347 ; 4.26003
5.19567 ; 5.41697 ; 4.14207 ; -2.79759
6.10692 ; 5.28821 ; -2.09153 ; -0.536232
5.62105 ; 4.48275 ; -2.23456 ; -4.56623
4.86922 ; 5.53528 ; 2.71856 ; -4.16389
6.26667 ; 5.51456 ; -2.37484 ; -3.90921
5.50852 ; 5.79549 ; 1.62834 ; -3.42643
6.41564 ; 6.03349 ; -3.51473 ; 2.27442
5.98826 ; 5.43373 ; -1.2532 ; 2.41864
5.00136 ; 5.15091 ; -2.17337 ; -2.38428
5.42201 ; 4.88744 ; 4.22439 ; 1.32521
5.75295 ; 4.91218 ; 3.05615 ; 3.18064
5.78534 ; 4.68252 ; 0.649318 ; -4.55014
5.58 ; 5.89055 ; -3.88325 ; -1.93061
6.07038 ; 5.02338 ; -1.48139 ; 4.00137
6.20257 ; 6.60968 ; 1.09113 ; -0.680784
5.29995 ; 4.7641 ; 2.498 ; 3.06727
5.01991 ; 5.39155 ; -0.40683 ; -3.62471
5.62649 ; 4.49238 ; 3.86191 ; -0.102541
5.05628 ; 5.30635 ; -3.45349 ; 3.19456
5.97856 ; 4.72198 ; 4.40226 ; 1.85757
5.48932 ; 4.35187 ; 0.436002 ; 2.28006
4.58777 ; 4.76974 ; 0.662039 ; -4.00771
6.08809 ; 6.04095 ; 2.66419 ; -3.26599
5.22906 ; 4.7691 ; -3.69076 ; -4.34005
5.65654 ; 4.32677 ; -3.77888 ; -4.10751
5.91346 ; 6.21643 ; 4.30157 ; 3.5134
6.38534 ; 4.52288 ; 4.52209 ; 0.776503
5.81223 ; 6.24347 ; 2.5076 ; 4.34426
6.71653 ; 4.29468 ; 3.44372 ; -4.29349
6.47697 ; 4.96266 ; -2.51352 ; -4.00373
4.77311 ; 4.77023 ; 3.35731 ; -3.18002
5.62363 ; 4.96719 ; -2.62378 ; 2.99171
6.47344 ; 6.17577 ; -2.48862 ; -3.56972
5.91394 ; 4.82096 ; 3.54487 ; 3.0698
6.52839 ; 5.40016 ; 0.849423 ; 2.25506
6.40753 ; 5.38784 ; -2.53742 ; 1.0635
6.47545 ; 4.11023 ; -0.375512 ; 0.707394
4.96499 ; 5.40044 ; -0.115657 ; 0.468865
7.00758 ; 6.27009 ; 4.41045 ; 3.98768
4.3091 ; 5.35704 ; 0.521542 ; 1.84774
5.2719 ; 4.48771 ; -2.66779 ; -0.564657
6.39449 ; 5.44794 ; -2.36113 ; 3.78489
5.81302 ; 4.96251 ; -2.03203 ; -2.00881
5.50881 ; 5.80097 ; 4.34547 ; 0.855934
5.25216 ; 6.01567 ; -0.691518 ; 4.38851
5.38281 ; 6.03153 ; 3.85715 ; 3.40307
5.2643 ; 5.99537 ; -3.96523 ; 2.7795
6.08915 ; 6.51226 ; 3.3301 ; -1.2972
4.9961 ; 5.83456 ; 1.87397 ; 4.19074
6.37462 ; 5.56953 ; -1.43712 ; -1.88994
5.25823 ; 5.75285 ; 2.42381 ; -0.0395988
6.70053 ; 6.23629 ; -2.36947 ; 0.25679
5.46668 ; 5.07682 ; 3.64108 ; 1.80306
5.02413 ; 4.7146 ; 3.29428 ; -2.25555
5.66613 ; 5.94776 ; 2.20612 ; -2.81396
5.08122 ; 6.25556 ; -1.42397 ; -2.76931
5.1385 ; 5.21671 ; 3.69312 ; -3.76977
5.57135 ; 5.25245 ; 2.15989 ; 2.0067
6.65017 ; 5.63127 ; 4.56339 ; 2.56405
5.90409 ; 5.69335 ; -1.73494 ; -4.34602
6.38706 ; 6.01581 ; 3.14966 ; 4.09389
5.87608 ; 4.82597 ; -0.936855 ; -0.869626
5.26148 ; 5.61754 ; 2.70112 ; 1.72548
5.80196 ; 5.32914 ; 2.39367 ; 0.915353
6.60547 ; 5.14222 ; 0.792527 ; 2.40848
6.23657 ; 5.47152 ; -1.15506 ; 4.30398
6.33622 ; 5.78071 ; 4.45905 ; 2.93614
5.82592 ; 4.65108 ; 4.30654 ; -0.161083
5.80021 ; 4.8249 ; 3.77829 ; -2.10777
5.91842 ; 5.52371 ; 3.67548 ; -3.04369
5.88482 ; 5.73389 ; 0.454467 ; -0.39084
4.82454 ; 4.408 ; 2.02538 ; -0.41221
5.35525 ; 5.19889 ; 2.75868 ; 3.75815
4.77944 ; 5.28693 ; 1.03394 ; -0.683354
4.97951 ; 4.77449 ; -1.60075 ; 1.86752
4.56339 ; 6.06604 ; 3.0445 ; 0.79465
4.97435 ; 6.33668 ; -2.81262 ; 4.37514
6.04317 ; 5.73459 ; -2.10193 ; -3.55702
5.20386 ; 5.93725 ; -4.59166 ; -2.87929
5.92351 ; 6.28556 ; 1.78439 ; -3.721
4.38141 ; 6.0798 ; 0.441674 ; -0.5706
4.93041 ; 5.1703 ; 1.78816 ; -4.29118
6.33288 ; 5.95232 ; -2.73452 ; -1.4776
6.0792 ; 5.57331 ; 4.44328 ; 3.2738
5.46169 ; 6.17329 ; 3.58948 ; -2.85225
5.7291 ; 5.12122 ; 2.05051 ; 3.63722
5.94241 ; 5.50367 ; 3.33086 ; 4.22572
5.36682 ; 4.4053 ; -0.42568 ; -0.279506
4.80979 ; 5.08519 ; -3.00716 ; 3.41449
5.60197 ; 4.76469 ; -2.71616 ; -2.14755
5.98192 ; 4.56013 ; -0.265338 ; 2.73203
6.24585 ; 6.16417 ; 4.20525 ; 3.62141
6.42973 ; 5.75134 ; 1.27846 ; 0.603553
6.5519 ; 5.55462 ; -0.221212 ; -2.25159
5.29259 ; 4.44508 ; 3.83839 ; -3.50671
6.42472 ; 5.60796 ; -2.81926 ; 2.38784
5.5049 ; 6.07023 ; -3.77302 ; 4.16234
4.60054 ; 4.59278 ; 1.39194 ; -1.10546
4.61387 ; 5.0617 ; -0.952437 ; 1.07758
5.10223 ; 4.34454 ; 2.08913 ; 2.21722
4.99111 ; 5.70021 ; 2.70304 ; 3.64791
4.84865 ; 6.63155 ; -4.29231 ; 3.70581
4.60322 ; 4.22219 ; -4.26792 ; -4.32332
6.40109 ; 5.36 ; 2.21015 ; -4.3909
6.26352 ; 5.09764 ; 1.26587 ; -4.09451
6.02592 ; 5.14351 ; -2.96975 ; -1.27167
5.14546 ; 5.50492 ; -3.01356 ; -4.07891
4.93276 ; 5.6576 ; -4.16281 ; 3.8313
6.394 ; 6.15063 ; -0.115304 ; -2.11157
5.86746 ; 5.25147 ; 4.29683 ; 2.46063
5.40603 ; 4.96899 ; -0.355059 ; -3.15213
6.37641 ; 6.16883 ; 4.12591 ; 4.09688
4.95064 ; 4.98633 ; 2.37002 ; 3.88987
5.77227 ; 5.1091 ; 0.49301 ; 3.76896
5.79555 ; 5.05937 ; 4.10634 ; -2.59068
6.59634 ; 5.51963 ; -3.35356 ; -1.26632
5.73751 ; 4.54977 ; -2.38983 ; -4.40164
5.51866 ; 6.20611 ; -3.30742 ; 4.16151
5.29724 ; 5.8399 ; -4.15408 ; -3.79101
5.89455 ; 4.47891 ; 3.70021 ; -1.0083
5.49976 ; 4.78906 ; 2.11617 ; -1.31899
5.4965 ; 5.52744 ; -3.15096 ; -1.44402
4.64829 ; 5.0096 ; 2.85138 ; 3.05661
6.31543 ; 5.0437 ; 1.3479 ; 3.22762
5.24151 ; 4.54478 ; 3.84015 ; 2.0961
5.76304 ; 5.03046 ; -0.71403 ; 3.11526
6.1665 ; 5.36629 ; -3.32233 ; -1.2204
6.0637 ; 6.32212 ; 1.97107 ; -2.54494
5.37588 ; 5.25749 ; 0.868985 ; -3.16169
5.93831 ; 5.13362 ; 0.922259 ; 0.722917
5.48949 ; 6.08689 ; 0.616063 ; -2.61471
4.9123 ; 5.56995 ; -0.300122 ; 3.5304
5.04636 ; 5.3228 ; 3.72083 ; -0.0922616
4.84452 ; 5.27027 ; 0.0712409 ; 4.28794
6.62053 ; 6.24389 ; -2.79635 ; -0.607232
