5.03078 ; 4.21688 ; -0.879633 ; 1.6861
5.20831 ; 5.86473 ; -3.77725 ; -0.325769
5.0413 ; 5.43705 ; -2.7084 ; 0.41478
6.82911 ; 6.33027 ; 3.22179 ; 3.87943
5.23815 ; 4.08304 ; 0.44163 ; -0.447139
6.64257 ; 6.55538 ; 4.05507 ; 3.01199
4.74774 ; 4.80306 ; -0.77207 ; -0.44954
4.9345 ; 6.39206 ; -0.551549 ; -0.948424
6.04421 ; 6.10674 ; -3.28192 ; 0.514027
5.46184 ; 4.83522 ; -3.62128 ; -3.73288
5.18994 ; 4.48629 ; -3.37221 ; 0.787234
6.31782 ; 4.4042 ; -1.19899 ; -0.640517
5.33807 ; 4.74652 ; 3.59964 ; 1.72709
4.84647 ; 6.06812 ; 2.4666 ; 1.80127
6.09167 ; 5.28884 ; -2.07899 ; 1.56216
6.39185 ; 4.81806 ; -1.68417 ; -3.22696
5.92953 ; 4.92908 ; 2.78052 ; 2.24513
4.55899 ; 5.40932 ; -4.38888 ; -2.33439
5.22192 ; 4.95446 ; 0.188 ; 0.305738
5.00108 ; 4.78838 ; 2.06365 ; -1.27577
4.61642 ; 4.20346 ; -3.37261 ; -3.92323
6.79305 ; 4.9025 ; 4.46512 ; -3.84348
5.29151 ; 4.62875 ; -1.66039 ; -4.50141
6.67351 ; 4.64503 ; -1.42864 ; -0.883069
5.43705 ; 5.01183 ; 2.03916 ; -4.30243
5.91907 ; 6.03363 ; -2.88216 ; -0.360169
5.2335 ; 6.09059 ; 0.843879 ; 1.2192
4.53483 ; 5.62622 ; 1.02179 ; 0.284126
6.94694 ; 6.65999 ; 4.38849 ; 4.07437
6.05088 ; 4.32092 ; -0.708605 ; 1.86015
5.37973 ; 4.8111 ; -3.68088 ; -0.937089
5.13087 ; 5.49725 ; 0.224912 ; 3.41205
5.59367 ; 5.04782 ; -3.62246 ; -3.1543
4.22975 ; 5.70304 ; -4.45403 ; -1.38167
5.21588 ; 4.98706 ; 3.83453 ; 2.33189
5.30405 ; 5.56272 ; -3.76685 ; 3.72985
5.33143 ; 4.87308 ; 1.92722 ; 3.00074
5.6333 ; 5.59202 ; 2.54136 ; 3.59128
5.63338 ; 4.40803 ; 3.25663 ; -4.48877
4.96286 ; 5.9428 ; 3.32026 ; -1.34926
5.9592 ; 6.23273 ; 0.304081 ; -1.0336
5.78183 ; 4.00552 ; 0.943359 ; -4.52311
6.51404 ; 6.06902 ; -0.866871 ; -0.115649
6.25498 ; 5.50985 ; 0.39656 ; 2.67392
6.41125 ; 4.75804 ; 4.04088 ; 0.168158
5.88202 ; 5.74171 ; 1.27004 ; 2.38739
4.23287 ; 5.59751 ; -4.40754 ; 3.20727
6.15371 ; 5.4919 ; 2.82291 ; 0.398438
5.52418 ; 5.11401 ; 3.25212 ; 1.2758
4.69076 ; 6.44781 ; -4.17453 ; 3.47907
5.59152 ; 5.07768 ; 2.93672 ; 3.51112
4.60672 ; 6.25456 ; -4.06641 ; 4.14215
6.13148 ; 5.65014 ; 2.79255 ; 3.46147
6.71109 ; 4.63509 ; 4.13621 ; -3.08426
5.13311 ; 4.87668 ; 0.860813 ; 1.40512
5.85304 ; 4.35869 ; 3.3941 ; -0.258793
4.83657 ; 5.84374 ; -4.43962 ; 0.84782
5.50238 ; 4.50273 ; 3.75778 ; -3.15012
4.94763 ; 6.03025 ; -4.34011 ; 2.72319
5.63034 ; 5.25322 ; -3.60768 ; -4.2396
4.63281 ; 5.97642 ; 1.81164 ; 0.434923
6.42457 ; 5.97296 ; 2.77399 ; 3.221
5.59964 ; 4.47955 ; 3.48439 ; -4.29231
6.14151 ; 5.67756 ; -3.04466 ; 1.13416
4.41137 ; 3.59296 ; -4.04048 ; -4.29387
5.14615 ; 3.88475 ; 1.91425 ; -4.51533
5.36319 ; 5.09136 ; -4.02713 ; 2.8158
5.44188 ; 6.21728 ; -1.61664 ; 4.05349
5.33029 ; 5.61692 ; 3.38768 ; 4.12649
6.27481 ; 4.76903 ; 4.2167 ; 0.681709
6.25803 ; 5.6859 ; -3.01768 ; 1.28395
4.96887 ; 5.16411 ; 1.77592 ; 3.72037
5.32506 ; 5.70891 ; -3.43431 ; 4.01266
5.10148 ; 4.55482 ; 2.48234 ; 1.36494
6.01854 ; 5.28098 ; 3.90348 ; -1.35232
4.91027 ; 4.13561 ; -2.77111 ; -4.53645
4.79814 ; 5.02655 ; -3.6843 ; 2.81088
5.48047 ; 5.33999 ; -3.61139 ; 1.27459
5.26637 ; 5.78526 ; -0.463757 ; 4.05078
4.9895 ; 5.39904 ; -0.360141 ; -4.10039
4.52222 ; 4.76664 ; -4.22881 ; 1.02377
5.03723 ; 4.35272 ; -2.64049 ; -1.96556
5.73012 ; 4.8388 ; 3.59054 ; -1.64
5.81013 ; 5.81417 ; 3.95585 ; 3.85725
4.80798 ; 4.94828 ; -3.90253 ; -2.48691
5.99717 ; 5.26701 ; -1.55231 ; 3.32728
5.72169 ; 4.52188 ; -3.86576 ; -1.70111
5.34567 ; 5.01596 ; -1.17373 ; -0.526111
5.61329 ; 4.43631 ; -2.76346 ; 0.732617
6.52735 ; 4.37694 ; 3.37159 ; -3.09433
5.5226 ; 4.19125 ; 3.80273 ; -3.82894
5.70342 ; 4.95606 ; 0.160029 ; 2.81432
5.0619 ; 5.61647 ; -0.655681 ; 1.37859
4.92632 ; 6.18652 ; -0.244157 ; 4.26682
6.19777 ; 6.33563 ; -0.88158 ; 0.696593
4.43887 ; 4.45576 ; -3.99807 ; -3.11457
4.91139 ; 6.01087 ; 3.42898 ; -2.28889
5.99514 ; 5.7944 ; 2.29961 ; -0.510978
6.32807 ; 6.06991 ; -1.71494 ; 3.09911
4.67587 ; 4.81233 ; -2.02207 ; -2.84282
6.05309 ; 4.29204 ; 4.06309 ; -3.34058
5.57839 ; 6.01629 ; -3.81711 ; 3.03629
5.67604 ; 5.6523 ; -0.771225 ; 0.378541
5.44732 ; 5.58829 ; -4.08786 ; -1.22433
5.8097 ; 6.02282 ; 3.6751 ; -2.88011
5.82398 ; 6.35162 ; 3.64478 ; 4.44355
5.53787 ; 4.57959 ; -0.877294 ; 0.367892
6.45077 ; 5.54497 ; 1.43823 ; -3.69454
5.32348 ; 5.50027 ; -0.0149661 ; -3.04755
4.96536 ; 6.00597 ; -3.25554 ; -3.00791
5.55904 ; 5.13704 ; -3.704 ; -0.264528
5.09291 ; 5.33952 ; 2.12314 ; -3.24541
4.62698 ; 5.58728 ; -3.8965 ; -3.62723
5.25134 ; 5.17545 ; -0.85111 ; 3.9299
4.85547 ; 4.51064 ; 1.95233 ; -3.26971
5.50251 ; 5.49736 ; -3.68944 ; -3.81975
5.34105 ; 6.07068 ; -3.70821 ; 4.18713
6.32023 ; 4.84173 ; 1.04504 ; 3.53283
4.97022 ; 6.41076 ; -1.1506 ; -1.8299
6.44477 ; 5.69025 ; 2.91957 ; -3.19125
5.58501 ; 4.31554 ; -2.42783 ; -4.54252
5.00952 ; 5.2877 ; 3.33312 ; -2.30548
6.43336 ; 5.57062 ; -1.56381 ; -2.31816
5.3519 ; 4.16674 ; 1.09377 ; 0.758876
5.14202 ; 6.07276 ; 2.86609 ; -3.11224
6.33686 ; 5.66214 ; 1.55488 ; -1.328
5.01319 ; 4.69814 ; -0.410836 ; -1.82667
6.62664 ; 6.34076 ; 4.07931 ; 4.31889
5.82332 ; 6.12482 ; 4.30991 ; -0.645392
5.78485 ; 4.53831 ; 3.14414 ; -0.490589
5.04968 ; 5.88541 ; -4.27908 ; 2.06193
4.76587 ; 6.07336 ; -0.56874 ; -2.46832
6.06478 ; 4.26055 ; 4.16155 ; -3.08703
6.45635 ; 4.96942 ; 0.384481 ; -4.28684
5.68437 ; 5.7393 ; -1.90328 ; 0.432026
6.19779 ; 4.89463 ; -1.61201 ; 3.67216
6.13405 ; 5.05001 ; 4.20546 ; -3.87517
5.5059 ; 4.37802 ; -2.23308 ; -4.37073
5.17136 ; 4.72044 ; -2.61241 ; -4.35398
4.43169 ; 4.6333 ; -1.05787 ; -3.75464
5.10575 ; 4.86824 ; -2.871 ; 3.07568
4.67526 ; 4.21635 ; -0.703659 ; -4.42949
6.10594 ; 5.39474 ; -2.83447 ; -3.85915
5.1177 ; 5.90574 ; -0.481256 ; -2.45619
4.89563 ; 5.6335 ; -1.07834 ; 4.00236
4.40905 ; 4.92527 ; -4.36584 ; 0.708639
5.19231 ; 4.41374 ; 1.68957 ; -4.01326
6.09373 ; 5.47949 ; 3.5765 ; -4.0894
6.57784 ; 6.16438 ; 4.31866 ; 0.439642
7.24767 ; 6.0101 ; 4.40247 ; 3.90594
5.22425 ; 4.67341 ; 2.39567 ; 3.22524
5.38414 ; 4.49405 ; -1.06534 ; 2.83251
6.52553 ; 6.72423 ; 4.19741 ; 3.69649
6.09702 ; 5.12518 ; -1.08196 ; 0.240644
4.85163 ; 4.91705 ; -3.53405 ; -3.08735
4.69504 ; 4.95826 ; -1.1997 ; -2.53636
6.23689 ; 5.56109 ; -0.00585584 ; -0.265944
5.5758 ; 5.18378 ; -2.11113 ; 2.63946
4.06948 ; 5.66838 ; -4.39294 ; 2.81898
6.41588 ; 4.80419 ; 3.15937 ; 3.23119
5.11288 ; 4.01046 ; -3.57866 ; -4.54614
5.91897 ; 5.54738 ; 4.23383 ; -0.759079
4.93197 ; 4.60785 ; -0.610375 ; 1.76022
5.81873 ; 5.20364 ; -3.31952 ; -4.36078
5.68535 ; 4.60821 ; -2.02864 ; -3.65752
5.03203 ; 5.03177 ; 1.42689 ; -0.384245
6.514 ; 6.42423 ; -0.0999737 ; -1.93097
5.47509 ; 4.10272 ; 2.77542 ; -4.58123
4.67723 ; 4.08779 ; -0.583967 ; 0.168356
6.69014 ; 6.1183 ; -1.04399 ; -0.318142
6.3848 ; 4.45712 ; -0.865674 ; -4.24095
4.60455 ; 4.37419 ; -4.18943 ; -3.71798
5.6363 ; 5.79651 ; -2.19425 ; 2.86209
5.64046 ; 5.17592 ; -1.85352 ; 1.10952
4.9581 ; 4.5399 ; -2.06571 ; -2.57825
5.62688 ; 5.37101 ; 0.915594 ; 2.26232
5.17456 ; 5.28278 ; 2.39234 ; 4.01998
6.61194 ; 4.71294 ; 3.74393 ; -3.71428
5.37718 ; 5.53801 ; 2.89388 ; 0.308175
5.41327 ; 5.86236 ; 0.984078 ; -2.25312
6.11836 ; 4.85049 ; 0.328813 ; -2.18718
6.21174 ; 6.21576 ; 4.51048 ; 0.459725
5.57886 ; 4.9895 ; -3.19329 ; 3.37844
4.8029 ; 5.59599 ; -4.32313 ; 3.87711
5.13008 ; 5.3827 ; -1.85392 ; 2.717
5.79972 ; 5.30826 ; 2.31583 ; -0.600028
6.05947 ; 4.94321 ; 2.69908 ; 3.27102
6.19011 ; 4.9111 ; 1.2114 ; -3.82203
6.00558 ; 5.52378 ; 3.53424 ; 3.44406
5.83241 ; 6.08675 ; -2.74668 ; 4.38482
6.35719 ; 4.31864 ; -0.900244 ; -4.367
5.50397 ; 4.83321 ; -1.36248 ; -1.63686
6.11334 ; 5.32456 ; 4.39114 ; 2.51526
5.293 ; 4.92792 ; -3.26493 ; 3.37958
6.08368 ; 4.37432 ; 3.51867 ; 1.69117
5.12884 ; 5.25272 ; 2.22064 ; 4.00949
4.44787 ; 6.11632 ; -4.44699 ; 3.12569
4.55227 ; 5.81986 ; -4.43959 ; -0.345469
6.79175 ; 4.71964 ; 3.36071 ; -4.34794
7.05883 ; 5.52184 ; 4.48831 ; 3.55562
3.81112 ; 7.18235 ; -4.03682 ; 3.74851
6.36405 ; 4.02247 ; 4.27902 ; -4.14825
6.22123 ; 4.23452 ; 1.80017 ; 1.62321
6.30684 ; 4.601 ; -2.74771 ; -3.87928
6.48204 ; 6.43991 ; 4.32852 ; 4.35283
6.3669 ; 5.52689 ; 2.34285 ; 3.99877
6.9342 ; 3.97652 ; 4.35049 ; -3.99534
5.88686 ; 4.49915 ; 1.95942 ; -3.77497
4.81275 ; 4.29273 ; 0.664506 ; -0.827875
5.32894 ; 4.3423 ; 2.23187 ; 0.572447
5.29675 ; 6.55651 ; -3.94871 ; 3.61958
5.52305 ; 4.93308 ; -1.10705 ; 1.67713
5.82983 ; 6.34259 ; -2.88807 ; 1.22561
5.23531 ; 4.85227 ; -2.55676 ; 2.3884
5.84189 ; 6.12793 ; 1.35082 ; -0.0785678
4.89094 ; 5.69392 ; 3.51739 ; 1.07863
5.51355 ; 6.45982 ; 4.02465 ; 3.18947
5.87316 ; 4.0605 ; 3.72247 ; -4.41687
6.39154 ; 6.12582 ; 4.2241 ; 4.20439
5.99906 ; 5.64157 ; 2.16617 ; 3.54765
6.31518 ; 5.90889 ; 4.1589 ; 4.09662
6.32262 ; 4.63049 ; -2.53066 ; -3.93798
4.30258 ; 5.98495 ; -3.78559 ; 3.77599
6.19547 ; 5.33739 ; -2.60897 ; 3.75004
5.04133 ; 5.20815 ; -3.88424 ; -2.22779
5.8095 ; 5.82239 ; -3.34182 ; 4.07583
6.15472 ; 6.29389 ; -1.86408 ; 4.41899
5.69152 ; 5.32368 ; 3.9839 ; -3.34949
5.17609 ; 5.57365 ; -3.81933 ; 1.00977
5.94016 ; 4.38198 ; -1.89995 ; -4.4562
4.6245 ; 5.94075 ; 1.66319 ; -3.26811
5.86413 ; 5.73724 ; 4.14676 ; -1.43282
5.46249 ; 5.77835 ; 3.29038 ; -2.67597
5.7678 ; 6.00156 ; -1.37308 ; 2.14924
5.51171 ; 5.66861 ; 3.93758 ; -1.93267
5.33662 ; 5.42467 ; 3.21487 ; -1.51352
6.68781 ; 4.51458 ; 3.87055 ; -4.13213
5.07278 ; 4.46138 ; 2.08646 ; -4.59365
5.31882 ; 4.56755 ; 1.22574 ; -3.8725
5.70221 ; 6.62811 ; 2.55875 ; 4.39798
4.29618 ; 6.63197 ; -3.69353 ; 4.03886
6.53633 ; 4.72651 ; 0.687971 ; -0.457731
4.68363 ; 4.59538 ; -3.9826 ; -2.45939
4.86473 ; 5.57149 ; 0.839423 ; -2.76997
5.40721 ; 6.05729 ; 0.771904 ; 4.40506
5.94066 ; 4.67483 ; 3.1147 ; -2.0878
4.60447 ; 6.09836 ; 0.0566581 ; -3.54684
6.37656 ; 4.99318 ; 3.96161 ; -4.21563
4.25531 ; 6.59647 ; -4.16551 ; 3.05298
5.79231 ; 4.8771 ; 1.73766 ; 0.317018
5.82988 ; 5.59526 ; -2.11305 ; -3.94279
5.36085 ; 5.02167 ; 1.24953 ; -4.41895
6.47434 ; 5.20376 ; 3.60419 ; -4.23882
6.08065 ; 4.91499 ; -0.947745 ; -1.93598
4.99419 ; 5.09077 ; 1.40492 ; -3.34476
4.52744 ; 4.77511 ; 0.127287 ; -2.27158
6.93965 ; 4.3582 ; 4.43577 ; -2.80492
5.30084 ; 4.86857 ; 3.50376 ; 0.804132
5.80478 ; 5.75712 ; 3.37861 ; -2.713
6.35254 ; 5.96861 ; 4.44727 ; -1.28323
5.78707 ; 4.3633 ; -2.31387 ; -4.14057
5.62822 ; 5.13963 ; -3.29303 ; -0.0996567
5.24734 ; 5.99249 ; -3.90076 ; 2.90855
6.60709 ; 5.27858 ; 3.64677 ; -4.08939
4.38893 ; 4.87585 ; -4.38262 ; -3.471
5.81018 ; 4.98355 ; -3.23134 ; -4.27703
5.59189 ; 4.37997 ; -1.70573 ; -4.21129
4.52066 ; 6.29114 ; -3.67239 ; 3.77277
6.9402 ; 6.83189 ; 4.32551 ; 3.11179
6.25971 ; 5.38115 ; 0.742378 ; 3.65
5.66219 ; 4.97919 ; -1.11366 ; 3.73594
4.8273 ; 5.27678 ; 2.31992 ; 2.12158
6.20477 ; 4.0445 ; 2.34222 ; -4.53414
5.04171 ; 6.58026 ; -4.12404 ; 3.52242
6.3506 ; 4.73268 ; -1.91123 ; -2.73183
5.26465 ; 5.06932 ; 3.60799 ; -4.27497
4.86484 ; 5.82235 ; 1.8555 ; 4.35492
5.25307 ; 5.14671 ; 0.692457 ; 1.6895
6.23667 ; 5.98604 ; 1.70295 ; -1.51795
5.15903 ; 5.25457 ; 0.257813 ; 2.60254
5.189 ; 4.83417 ; -1.68239 ; -0.765228
6.92039 ; 6.93291 ; 4.18585 ; 4.25266
5.52155 ; 6.28408 ; 3.65026 ; 4.21569
4.6982 ; 4.28458 ; 0.472872 ; -0.00485081
4.78589 ; 5.418 ; -4.16283 ; 1.60516
5.57189 ; 5.44439 ; 2.53917 ; 1.10547
5.27142 ; 5.52223 ; -3.33401 ; 1.17933
6.5085 ; 4.7336 ; -1.3375 ; -2.79379
6.36877 ; 6.35736 ; 0.987923 ; -0.349823
6.12284 ; 5.47539 ; 1.68789 ; -2.05342
4.96438 ; 5.24373 ; -4.13425 ; -0.519551
6.29522 ; 5.63469 ; -0.89274 ; 4.03615
4.31995 ; 6.44268 ; -4.23256 ; 2.09493
4.35039 ; 6.62384 ; -3.99951 ; 4.00498
6.65783 ; 6.04288 ; 4.04333 ; 3.71138
5.16162 ; 4.66891 ; -1.07487 ; -4.54388
5.48503 ; 5.66798 ; 1.73023 ; 0.270593
6.57042 ; 6.57198 ; 4.23069 ; 4.09742
4.9755 ; 4.35599 ; -0.915332 ; -4.19064
6.28666 ; 4.1431 ; -1.02023 ; 0.750862
4.06854 ; 4.01137 ; -3.54602 ; -4.18707
6.17664 ; 4.67954 ; 1.90449 ; -2.40832
6.9006 ; 5.29916 ; 4.48387 ; 0.0289224
5.85057 ; 4.75276 ; 0.195106 ; 1.86945
5.22949 ; 6.33949 ; -3.99472 ; 3.65777
5.0235 ; 5.60729 ; 0.173647 ; -3.03944
5.21709 ; 5.69886 ; -2.19193 ; 3.94861
6.21235 ; 3.90567 ; 4.04194 ; -4.05975
6.19959 ; 6.34068 ; -3.3752 ; 2.78888
4.03676 ; 5.47163 ; -4.43154 ; -2.5856
6.22836 ; 4.73181 ; 4.3212 ; -0.259527
5.86925 ; 6.52423 ; 0.246688 ; 4.4227
4.82382 ; 4.79189 ; 0.234537 ; -4.37488
6.19147 ; 5.45525 ; -2.80601 ; -0.494614
6.14563 ; 4.90979 ; 3.54893 ; -0.383826
5.69851 ; 5.41648 ; 1.27268 ; 2.04187
5.17529 ; 4.55162 ; 0.342197 ; 0.846564
4.77419 ; 6.43661 ; -3.5986 ; -0.636717
6.42651 ; 6.12358 ; 0.0205728 ; -2.81708
6.07096 ; 5.34801 ; -3.02024 ; -3.7813
6.65447 ; 4.57669 ; -1.36002 ; 0.557774
4.36242 ; 4.16885 ; -4.20389 ; -4.00099
6.784 ; 4.56201 ; 4.41955 ; -3.84894
6.20476 ; 5.34012 ; 3.33789 ; -4.1241
4.43026 ; 6.2947 ; -4.23755 ; 2.17153
5.20862 ; 6.04381 ; 3.16113 ; 0.0589541
6.56534 ; 5.63975 ; -0.493224 ; -2.4603
5.7892 ; 4.58473 ; 2.70197 ; -0.52549
6.44596 ; 5.43459 ; 4.36461 ; -0.132575
5.72527 ; 4.3331 ; 2.53929 ; 0.728147
6.38817 ; 4.71571 ; 4.41531 ; -2.57084
4.99121 ; 5.6706 ; -1.90587 ; 4.10206
5.9962 ; 6.35219 ; 3.60496 ; 3.33981
6.66561 ; 5.12331 ; -0.672563 ; -3.25864
5.50451 ; 5.61206 ; 4.08141 ; -1.22497
5.84749 ; 4.46983 ; -0.716915 ; -1.96794
5.9825 ; 5.97206 ; -1.9737 ; -0.742688
5.83604 ; 4.40484 ; 4.08172 ; 1.12603
4.85566 ; 6.05254 ; -4.23162 ; 3.91898
6.51371 ; 5.84454 ; 4.53244 ; 3.38782
5.92993 ; 5.35722 ; -2.07462 ; -2.5176
5.52271 ; 6.15082 ; -3.01557 ; 1.4448
5.21813 ; 5.89368 ; -3.40577 ; 3.28916
5.33945 ; 5.2235 ; 1.67247 ; -4.16807
4.68963 ; 5.06101 ; -0.924171 ; 1.94826
5.48602 ; 4.71595 ; -3.80248 ; 1.48703
4.83579 ; 4.60643 ; 1.43252 ; -3.52704
5.88621 ; 6.41178 ; 4.00088 ; 4.44799
6.29387 ; 6.44592 ; 4.34261 ; 2.62526
5.75359 ; 4.22365 ; -3.02676 ; -4.17448
6.86271 ; 4.06053 ; 3.66436 ; -3.83581
4.47859 ; 3.95297 ; -3.2928 ; -4.3378
4.94155 ; 4.32691 ; 0.142383 ; 2.70027
4.8303 ; 4.54643 ; 3.27519 ; 1.99244
6.50483 ; 6.02786 ; 2.05277 ; -2.72092
6.13245 ; 4.43768 ; -2.65098 ; -3.00411
5.1977 ; 5.72567 ; -3.37714 ; 3.21769
5.00505 ; 4.87441 ; -0.563771 ; -3.70782
5.26294 ; 6.10042 ; -2.8753 ; 4.01822
5.11016 ; 4.54939 ; -1.14435 ; 1.52942
5.45947 ; 5.57685 ; -1.65143 ; -0.205085
4.80615 ; 4.53133 ; 3.33309 ; 1.51343
5.79087 ; 5.81974 ; 4.25313 ; -3.14454
5.40924 ; 5.49815 ; -3.8901 ; 2.59222
6.00405 ; 4.85848 ; 2.82727 ; -3.27343
5.21906 ; 6.09773 ; -3.87025 ; -0.108822
6.77036 ; 5.16202 ; 4.40996 ; 2.60001
6.32771 ; 5.83083 ; 3.65055 ; 3.50246
5.71355 ; 5.28681 ; 3.67165 ; -2.19373
6.05469 ; 6.1291 ; 1.05731 ; 4.09367
6.27197 ; 4.70869 ; 4.49013 ; -1.68039
6.95593 ; 6.0455 ; 4.1275 ; 3.59835
6.43378 ; 4.53389 ; -1.02264 ; -4.33136
5.08672 ; 4.46028 ; 0.824295 ; 1.88431
5.6823 ; 5.94312 ; -0.702404 ; -3.24397
4.91135 ; 6.29033 ; 3.2357 ; 2.76465
6.12145 ; 5.55701 ; 2.72585 ; -3.06931
4.35948 ; 6.29017 ; -3.98517 ; 4.15932
5.83319 ; 6.00561 ; 2.33008 ; 0.498217
5.37621 ; 5.92291 ; 2.349 ; -2.07853
5.56623 ; 4.4179 ; 3.75734 ; -2.88872
6.24174 ; 4.16391 ; 2.18502 ; 0.180921
6.19809 ; 4.8074 ; 4.13069 ; 2.16391
6.4314 ; 6.0984 ; 1.99202 ; -0.979871
5.64256 ; 5.78289 ; 2.41951 ; 1.96858
4.98087 ; 5.13856 ; -4.18984 ; -3.67226
4.77705 ; 5.641 ; -4.35747 ; 3.32209
4.79914 ; 4.86589 ; -3.38504 ; -3.93729
6.3736 ; 4.38022 ; -0.966848 ; -4.47281
4.83327 ; 5.50036 ; 0.424281 ; 2.27976
4.69201 ; 5.53663 ; -3.92424 ; -3.99074
5.67557 ; 4.19322 ; 3.9067 ; -3.74638
6.03021 ; 5.6738 ; -2.79209 ; 4.02893
4.7901 ; 4.41636 ; 2.91086 ; -3.10755
5.52675 ; 5.49643 ; 2.51481 ; 2.01314
5.4107 ; 4.96716 ; -4.13565 ; -3.25406
5.97754 ; 4.56131 ; -1.42945 ; 1.74636
6.10593 ; 5.97722 ; -3.30682 ; -0.336006
4.61753 ; 4.45216 ; -0.158867 ; -0.797438
4.80999 ; 4.24554 ; -0.256554 ; -4.32776
6.63872 ; 5.63358 ; 4.18501 ; 3.81529
6.25569 ; 4.60439 ; 3.83429 ; -1.14681
5.75791 ; 5.79737 ; -2.56416 ; -3.67068
6.16498 ; 5.07102 ; 4.47506 ; 0.123706
5.16341 ; 4.29827 ; 3.25032 ; -0.800602
6.22089 ; 4.72895 ; 3.96529 ; 2.67094
5.25432 ; 5.18039 ; -3.86797 ; 3.69376
6.62931 ; 4.49826 ; 3.27726 ; -3.88594
5.54793 ; 5.10031 ; 3.21461 ; 2.14558
6.34563 ; 4.88794 ; 4.08985 ; -1.28442
5.42506 ; 6.12681 ; 0.804751 ; 0.711324
4.80001 ; 6.01282 ; 0.203564 ; -2.80677
5.71996 ; 6.23562 ; 1.15923 ; 4.20368
4.71696 ; 6.00602 ; -1.52937 ; 3.84139
5.92258 ; 4.80293 ; -3.29948 ; 3.39704
4.76522 ; 4.87602 ; -0.31178 ; -0.370046
5.60922 ; 4.87598 ; -3.97646 ; -3.22719
5.04882 ; 6.15182 ; -4.05446 ; -2.05958
4.64928 ; 6.43945 ; -3.86816 ; 3.96107
6.10478 ; 6.08898 ; 3.09938 ; 3.94042
5.54284 ; 5.57063 ; -3.31801 ; 0.403377
6.39716 ; 5.33048 ; 4.4678 ; -0.054543
6.254 ; 4.66915 ; 0.0589702 ; 1.43203
4.7326 ; 4.91078 ; -1.7653 ; 1.80355
5.4592 ; 5.48998 ; -1.06916 ; -3.27407
4.48551 ; 5.45503 ; -4.3759 ; 2.0462
5.78873 ; 5.0569 ; 2.94558 ; 3.25687
5.3219 ; 4.1247 ; 1.78391 ; -4.473
5.94981 ; 5.12045 ; 3.53411 ; 1.98765
5.78068 ; 4.29773 ; -3.51311 ; -1.70289
4.67497 ; 4.40048 ; -4.44986 ; -1.59276
6.0644 ; 4.17042 ; 1.9597 ; 0.303321
6.01682 ; 4.18717 ; 3.01759 ; 0.427705
5.63979 ; 4.40474 ; -1.36434 ; -0.395003
4.59436 ; 5.50431 ; -4.06957 ; 2.89454
5.66844 ; 6.18961 ; 3.33473 ; -2.38603
5.77151 ; 5.2051 ; -1.78136 ; -4.32065
5.49247 ; 4.45395 ; 3.70018 ; -2.34617
4.59451 ; 5.93495 ; -3.25305 ; 3.66549
4.84699 ; 4.60272 ; -4.44434 ; -0.49165
5.0972 ; 6.27055 ; 2.92309 ; -0.65693
5.9126 ; 4.73126 ; 4.14355 ; 0.994419
5.90265 ; 5.92177 ; 1.34411 ; -0.719031
5.17923 ; 5.04012 ; -4.02724 ; -3.41484
5.23765 ; 6.21502 ; 2.68047 ; -2.41729
5.94187 ; 4.48664 ; 0.958418 ; -2.27526
4.61178 ; 6.05106 ; -2.17948 ; 2.46946
6.20983 ; 5.57884 ; 3.37347 ; 3.02851
5.55465 ; 4.67201 ; -2.86266 ; -2.58379
4.71572 ; 4.87779 ; -3.80017 ; -4.01913
6.30834 ; 4.89491 ; -2.93981 ; 1.93378
6.07848 ; 6.00091 ; -0.492913 ; 1.86807
6.40883 ; 5.31353 ; 0.771452 ; -0.817926
6.16625 ; 5.31733 ; 3.04331 ; 2.89821
5.67333 ; 3.97021 ; -2.8795 ; -4.52208
5.55182 ; 5.34265 ; -0.0336851 ; 3.954
5.54056 ; 4.47233 ; -3.48321 ; -4.60856
6.65672 ; 4.49755 ; 1.96487 ; -3.89741
4.47099 ; 5.38886 ; 1.39778 ; -1.67852
4.77847 ; 6.27553 ; 2.56403 ; 3.72963
4.68499 ; 6.06519 ; -4.15712 ; 3.58236
5.31597 ; 5.7909 ; -3.62293 ; 3.94827
5.92014 ; 6.1142 ; 3.97931 ; 1.8203
5.71226 ; 5.66246 ; -3.99388 ; 0.796718
6.04865 ; 5.26339 ; -3.55912 ; -0.77578
5.33067 ; 4.34862 ; 0.432251 ; -4.44209
5.7238 ; 5.56565 ; 1.21184 ; -0.689368
5.70352 ; 4.62106 ; -0.166578 ; -3.67945
4.39641 ; 5.8169 ; -2.10592 ; 3.69956
5.96785 ; 4.11386 ; -3.30746 ; -4.07117
4.8786 ; 6.95561 ; -3.91442 ; 4.221
5.26721 ; 3.83301 ; -3.69226 ; -4.50123
5.66421 ; 5.99866 ; -2.59155 ; 0.615693
6.34647 ; 5.70992 ; -3.07157 ; -0.818128
4.46903 ; 5.11254 ; -4.39584 ; 0.589294
6.23113 ; 5.49567 ; -0.300216 ; -3.96128
4.44047 ; 6.90934 ; -3.09644 ; 4.23782
6.49419 ; 4.74451 ; 1.59745 ; 3.39057
5.06688 ; 4.58129 ; -2.4879 ; -3.77686
5.12276 ; 4.30167 ; -3.80079 ; -4.4702
6.12885 ; 4.31508 ; 4.13774 ; -4.07466
6.17333 ; 4.56537 ; 2.51842 ; 1.5222
4.87631 ; 4.05674 ; 1.1147 ; -4.43481
4.997 ; 5.11574 ; -3.99102 ; -1.94504
5.86363 ; 4.8974 ; 3.83179 ; 2.37582
4.85212 ; 5.69702 ; -3.87038 ; -1.43903
4.56573 ; 5.29103 ; -2.12355 ; -3.95734
6.28846 ; 4.02749 ; -1.034 ; -4.51558
5.66487 ; 4.38633 ; 0.143167 ; 1.75088
4.96429 ; 4.52767 ; -4.28955 ; -1.07405
5.21403 ; 4.80114 ; -4.29403 ; 1.53418
5.67862 ; 5.58482 ; -1.36061 ; -1.036
4.89411 ; 5.35851 ; -4.25709 ; 0.171658
4.31599 ; 4.94287 ; -3.7377 ; -4.12569
6.20913 ; 4.15513 ; 3.93396 ; -3.73473
6.00616 ; 5.45227 ; 3.94316 ; -0.977015
4.95709 ; 5.4737 ; 1.95593 ; 4.23592
4.65726 ; 5.37838 ; 0.556469 ; 4.21145
6.80289 ; 4.97533 ; 4.35652 ; -2.95638
5.64145 ; 5.14833 ; 2.28582 ; -3.35938
5.92691 ; 5.176 ; 3.35013 ; -1.15815
6.01811 ; 6.25123 ; 3.22821 ; 4.24698
5.37165 ; 6.15558 ; -0.254819 ; 1.29514
3.93943 ; 4.21292 ; -4.35701 ; -4.02192
5.22185 ; 5.53952 ; 3.86644 ; 3.08631
5.08509 ; 5.10219 ; -0.444816 ; 0.259534
4.44656 ; 4.54675 ; -4.09705 ; -3.22416
7.08714 ; 5.18382 ; 4.47756 ; -3.1864
5.0664 ; 5.59351 ; 3.72731 ; 2.31574
6.27362 ; 4.46969 ; 3.4291 ; -0.682085
5.66478 ; 5.8335 ; 1.20511 ; -0.293816
5.91792 ; 4.23589 ; 2.53203 ; -4.45396
5.28219 ; 5.92815 ; -2.3206 ; 3.54264
6.22306 ; 5.57218 ; 2.68862 ; -0.0798707
6.61432 ; 6.44541 ; 4.08529 ; 4.30182
5.3658 ; 4.31496 ; 4.02158 ; -1.74886
5.66733 ; 6.07884 ; 4.00102 ; 1.38953
5.00026 ; 6.61696 ; -3.96066 ; 3.26221
6.41713 ; 5.18574 ; -1.91665 ; 1.53547
5.2467 ; 4.42656 ; -3.70304 ; 0.168462
5.07901 ; 5.34865 ; 1.68059 ; -1.364
5.76555 ; 4.87258 ; 3.92339 ; 2.3415
6.83531 ; 5.8518 ; -1.25528 ; -0.375274
4.80087 ; 5.99617 ; 2.26253 ; 2.05155
4.36737 ; 5.57088 ; 1.22595 ; 1.15182
6.23489 ; 6.03592 ; 1.05303 ; -0.451599
4.79902 ; 5.54619 ; -4.25986 ; -0.84111
6.0505 ; 5.18241 ; 1.62463 ; -3.94286
6.38912 ; 5.61771 ; 4.43852 ; -1.11392
5.79451 ; 5.45319 ; 0.635548 ; 2.06641
5.8375 ; 5.19635 ; -1.95361 ; -3.7806
5.71869 ; 5.40448 ; 0.882403 ; 3.50994
4.70056 ; 4.59745 ; -4.27986 ; -4.42655
5.50999 ; 5.17103 ; 1.52351 ; 3.24205
6.0577 ; 4.91746 ; 0.282038 ; -2.12721
5.26048 ; 4.72442 ; -0.904111 ; -1.32333
6.00532 ; 4.7393 ; -3.41675 ; -2.64584
6.93518 ; 5.16733 ; 4.50183 ; -3.23802
5.18502 ; 5.89758 ; 2.07559 ; 1.83815
5.01167 ; 4.86244 ; 3.43681 ; -1.76821
5.30474 ; 4.93089 ; 3.02417 ; 3.59942
5.40286 ; 4.52023 ; -1.12525 ; -4.51541
5.40176 ; 5.65945 ; 3.87084 ; -0.29962
6.24633 ; 4.52128 ; -0.678981 ; -2.00203
5.87829 ; 5.71893 ; -1.91008 ; 1.59399
5.32685 ; 5.53238 ; -1.08159 ; 1.58039
4.22106 ; 6.23536 ; -3.4825 ; 4.02822
5.55696 ; 5.05828 ; 3.04893 ; -1.32797
5.28372 ; 5.23658 ; 3.87476 ; -3.42349
4.7741 ; 5.29651 ; -4.44777 ; 3.10796
6.50644 ; 5.10053 ; -2.59523 ; -1.49007
5.95099 ; 5.98733 ; 0.0459098 ; 1.44839
5.59193 ; 4.80366 ; -2.0766 ; 0.924159
5.43328 ; 5.65955 ; 3.18884 ; 0.199447
5.65192 ; 5.21031 ; 3.7747 ; 0.237733
5.11095 ; 4.65048 ; -2.62959 ; -2.00427
5.78493 ; 5.31986 ; -2.76813 ; 3.51215
5.07128 ; 6.41952 ; -3.26531 ; -0.0741623
6.17013 ; 6.42256 ; 1.7483 ; -0.082759
4.74637 ; 6.43732 ; -2.98913 ; 4.38516
4.4246 ; 6.28385 ; -3.20465 ; 3.96475
6.75669 ; 4.70765 ; 3.15617 ; -3.88733
6.2838 ; 4.42567 ; 4.3604 ; -2.92755
4.90122 ; 4.4626 ; -4.19992 ; -1.38972
4.72919 ; 5.01864 ; -0.789816 ; -2.13575
6.41137 ; 6.0351 ; -0.138317 ; 4.09706
6.3055 ; 6.01423 ; -0.292691 ; -3.74853
6.2421 ; 4.51676 ; -2.38738 ; -2.82016
5.30738 ; 5.50106 ; -0.810579 ; 3.84931
7.02916 ; 3.96365 ; 4.37651 ; -4.23394
5.15716 ; 5.70103 ; 2.2041 ; 4.23698
6.27442 ; 6.06977 ; -2.29598 ; -1.47464
5.88565 ; 4.45294 ; -3.18825 ; 1.0524
5.41786 ; 5.29205 ; -3.32238 ; -3.08542
5.25494 ; 6.07003 ; -4.33852 ; 0.80146
6.12601 ; 5.87488 ; 0.3375 ; 3.4931
5.10116 ; 4.64875 ; -2.20112 ; -3.82702
6.52564 ; 4.36196 ; 4.49611 ; -0.166124
6.4822 ; 4.70822 ; 4.46844 ; -0.105848
4.29577 ; 5.97269 ; -3.36796 ; 4.18193
6.45618 ; 4.70426 ; 3.22302 ; -4.01342
6.05737 ; 5.70284 ; -1.64146 ; -3.42529
6.4626 ; 5.90076 ; 0.337418 ; 4.29991
6.13791 ; 6.74624 ; -1.49769 ; 4.31858
4.60319 ; 5.30499 ; -2.88224 ; -4.11487
4.91322 ; 5.72784 ; -2.20211 ; -0.908279
5.51247 ; 5.61169 ; -3.9387 ; -3.16584
5.57043 ; 5.16269 ; 0.255317 ; -3.81108
5.57714 ; 4.69365 ; 3.03588 ; 2.98752
4.44653 ; 4.50429 ; 2.2702 ; -0.380336
6.11895 ; 5.04819 ; -3.10608 ; -3.69129
4.91861 ; 4.12807 ; -1.30502 ; -0.68917
6.81945 ; 6.4981 ; 3.70187 ; 3.79306
5.84647 ; 4.82968 ; 3.3746 ; -0.31873
6.17006 ; 3.99184 ; 2.12785 ; -4.46386
4.39265 ; 5.52293 ; -4.14471 ; 2.88502
6.05757 ; 4.58498 ; -2.80943 ; -3.66341
6.51034 ; 4.62524 ; 4.35534 ; -3.59506
5.70699 ; 4.3411 ; -1.5928 ; -0.613536
5.78721 ; 5.95325 ; -2.33116 ; 3.06069
5.49716 ; 5.21224 ; -2.18911 ; 3.4221
5.80929 ; 4.30869 ; 3.66579 ; 0.170645
4.71458 ; 4.96986 ; 2.14377 ; -3.24387
5.70304 ; 5.40364 ; 2.7841 ; 4.03531
5.53514 ; 4.34598 ; -0.760609 ; 0.362033
6.84824 ; 3.89184 ; 3.11811 ; -4.3168
5.95488 ; 4.99102 ; -0.709503 ; 2.1946
4.29056 ; 4.02292 ; -3.28962 ; -4.24211
3.74738 ; 4.05345 ; -4.23926 ; -3.99348
5.91849 ; 6.3277 ; 4.26046 ; 2.61452
5.22167 ; 4.58319 ; -2.57717 ; -4.00172
6.24227 ; 4.46901 ; 1.14156 ; -4.07247
5.64856 ; 4.45814 ; -2.10764 ; 1.1354
6.39374 ; 5.57061 ; 0.0902914 ; 3.92137
5.73232 ; 5.01972 ; -3.51058 ; 3.2483
5.86164 ; 5.31917 ; 4.24676 ; 2.32675
5.87552 ; 5.16336 ; 1.47801 ; -2.65622
4.79689 ; 5.42035 ; -1.62568 ; 1.90207
6.19208 ; 5.71515 ; -3.54157 ; -0.732192
5.07079 ; 4.67078 ; -2.2042 ; -4.52234
6.59491 ; 5.78162 ; 3.84633 ; 3.67011
5.35633 ; 5.77835 ; 3.08449 ; -1.93322
4.1302 ; 4.68074 ; -4.35218 ; -4.15581
4.73196 ; 6.16885 ; -4.07899 ; -0.233301
5.34883 ; 5.3314 ; -0.206348 ; 3.74823
5.38637 ; 4.97473 ; 1.34343 ; -0.872178
5.01999 ; 5.87909 ; -2.13434 ; -3.76152
5.09304 ; 5.92086 ; -2.68364 ; 4.09248
6.32018 ; 4.30084 ; 0.833003 ; 1.81775
4.52202 ; 4.95089 ; -4.06207 ; -3.10938
5.27685 ; 5.78706 ; -0.981395 ; 4.05291
5.62247 ; 5.35065 ; -3.5775 ; -0.949349
5.94011 ; 4.44903 ; 2.68857 ; 2.64448
6.89371 ; 4.33551 ; 3.86966 ; -4.33901
6.58133 ; 4.68433 ; 4.14742 ; -3.34708
6.72848 ; 6.803 ; 4.18904 ; 4.18199
6.16864 ; 5.75165 ; 3.22905 ; 3.03177
5.98271 ; 4.71543 ; -3.5283 ; 0.584897
4.89105 ; 5.47426 ; -1.65611 ; -1.61455
5.3848 ; 4.74982 ; -1.02111 ; -0.203697
6.33302 ; 5.74313 ; 2.99256 ; -2.16814
6.01444 ; 5.26217 ; 3.95674 ; 2.19472
6.60253 ; 4.41837 ; 4.40417 ; -2.43256
4.39869 ; 6.58566 ; -3.19975 ; 3.82034
5.47155 ; 5.25101 ; 0.240672 ; 3.42647
6.28398 ; 5.68566 ; 2.56493 ; 2.3388
6.01014 ; 5.9775 ; 0.728873 ; 3.22979
4.84975 ; 4.37881 ; 2.26588 ; 0.0350044
5.08279 ; 5.33735 ; 1.72677 ; 3.74976
5.72489 ; 6.29834 ; -0.763556 ; -0.970673
5.07005 ; 4.51188 ; -1.73127 ; 1.29124
5.26067 ; 6.17342 ; 1.42455 ; 4.23443
6.25386 ; 4.61468 ; 0.875569 ; -4.24263
6.49956 ; 4.55808 ; -1.82617 ; -4.02965
4.80753 ; 5.32766 ; 3.27792 ; -2.38248
4.28181 ; 6.6821 ; -3.93857 ; 3.5142
6.43625 ; 4.87397 ; 1.071 ; 0.375273
6.40248 ; 4.66726 ; 0.0996042 ; 2.68829
5.36319 ; 5.31032 ; 3.85267 ; 3.37383
4.50689 ; 4.21967 ; -3.41476 ; -4.24261
6.3257 ; 4.62269 ; 2.02685 ; -2.09936
4.60256 ; 5.05699 ; 1.25787 ; -2.6484
5.32246 ; 5.16872 ; 3.83243 ; -4.24472
5.19779 ; 5.08817 ; -1.36599 ; -2.91027
5.13516 ; 6.38563 ; 0.569564 ; 4.37431
6.06552 ; 4.89262 ; -3.4273 ; 1.04194
5.81069 ; 6.29448 ; -1.84765 ; -2.28375
4.46155 ; 6.66958 ; -4.31325 ; 2.00644
5.88223 ; 5.19941 ; -1.42434 ; 2.02256
4.278 ; 5.12261 ; -4.32582 ; 1.91605
4.86491 ; 4.0693 ; -4.15205 ; -3.05965
5.96531 ; 5.98663 ; -2.17182 ; -2.98619
5.42885 ; 4.47226 ; -2.63501 ; 0.907281
6.04978 ; 4.67315 ; 1.40187 ; -4.41741
5.60726 ; 5.9647 ; -3.86567 ; -1.4524
5.35622 ; 5.05815 ; -3.50973 ; 0.192666
6.48512 ; 6.13961 ; 3.53781 ; 4.03414
6.07011 ; 4.99031 ; 3.7125 ; 0.659232
6.46711 ; 5.18568 ; 1.03551 ; 2.47975
5.74613 ; 4.54971 ; -3.32815 ; -2.64045
6.07788 ; 4.16196 ; 4.39332 ; -1.27365
4.83925 ; 5.53743 ; -0.256526 ; -1.97705
5.0768 ; 5.31715 ; -1.65041 ; 3.2359
5.55858 ; 5.12412 ; -0.166127 ; -1.7426
6.13699 ; 5.23507 ; -3.24202 ; -1.44121
5.50063 ; 4.58836 ; 3.6528 ; -4.02012
5.98213 ; 5.90578 ; 2.94002 ; 1.8826
5.57311 ; 4.85834 ; 0.638761 ; -4.47581
5.62085 ; 3.78278 ; -2.31839 ; -4.51718
5.28978 ; 6.39054 ; 1.21884 ; 0.38089
4.70885 ; 4.65562 ; 0.75853 ; -4.3018
5.89271 ; 4.92859 ; -3.35809 ; 2.35003
6.69324 ; 4.96244 ; 3.10839 ; -4.04743
5.89074 ; 5.52318 ; -3.4635 ; 2.77874
4.3956 ; 5.83127 ; -0.596853 ; 1.2794
4.52242 ; 5.35458 ; -3.02192 ; 3.89098
6.27837 ; 6.4191 ; 1.50335 ; 0.251718
6.63507 ; 4.49613 ; -1.51325 ; -1.46526
5.92163 ; 3.8844 ; 3.6132 ; -4.49367
4.44045 ; 6.58051 ; -4.25781 ; 4.04265
6.47497 ; 4.10222 ; 4.05502 ; -3.46716
5.35911 ; 5.81303 ; -0.457704 ; -2.3015
6.42347 ; 4.61017 ; -2.0192 ; 0.242212
6.65721 ; 6.1044 ; 4.19006 ; -2.21721
6.38363 ; 5.75169 ; 3.97561 ; 1.75202
4.63927 ; 5.6326 ; -3.69264 ; 3.81579
6.23575 ; 5.18586 ; -0.859362 ; -3.2295
6.61291 ; 5.52751 ; -0.767611 ; 1.52738
4.69287 ; 6.03965 ; -3.74694 ; 4.12954
4.57062 ; 6.75922 ; -3.90054 ; 3.92864
5.7223 ; 6.62966 ; -3.0629 ; 4.42197
5.28188 ; 4.35574 ; -2.51203 ; -4.32002
5.9129 ; 5.12963 ; 0.595792 ; -4.05374
5.46094 ; 5.3549 ; 3.94898 ; 0.794232
4.65894 ; 5.89251 ; -3.856 ; -3.37861
4.64441 ; 5.3326 ; 1.74775 ; -0.480691
4.85893 ; 4.15939 ; -0.0115843 ; -4.47049
4.62826 ; 6.04244 ; -4.33434 ; -1.94089
4.53377 ; 4.68259 ; -4.42472 ; -4.30777
6.48232 ; 5.22099 ; 4.10761 ; -3.26561
5.10174 ; 5.36618 ; 3.52286 ; -3.56037
5.9738 ; 4.93747 ; 3.11309 ; -2.37436
6.41372 ; 5.06297 ; 4.48314 ; 3.17027
4.96698 ; 4.5924 ; -4.4292 ; -0.722611
6.56184 ; 4.60048 ; -2.46493 ; 1.31899
4.84034 ; 4.18385 ; 1.72492 ; -4.47697
7.11567 ; 5.25004 ; 4.45117 ; 2.7428
6.09718 ; 5.71382 ; -2.52979 ; 3.68359
6.00697 ; 4.78414 ; 3.47395 ; 1.31815
6.5291 ; 4.29569 ; 2.99064 ; -3.95935
5.03261 ; 6.33592 ; -4.05352 ; -0.151748
6.198 ; 6.2252 ; 3.84971 ; 0.866495
6.27653 ; 5.35437 ; 1.84803 ; -2.97287
4.81644 ; 5.00478 ; 0.445073 ; -0.367448
6.07617 ; 5.04999 ; 2.44076 ; -1.49239
6.02076 ; 4.44348 ; 3.29195 ; -3.74572
6.0804 ; 5.54707 ; 3.19682 ; 0.725065
6.15865 ; 6.23608 ; 0.160089 ; -3.03189
4.52441 ; 5.78043 ; -4.35178 ; 3.88732
5.08118 ; 5.39611 ; -4.08333 ; -3.89522
5.62441 ; 4.63912 ; 1.55798 ; -2.03917
4.42697 ; 4.19369 ; -1.1805 ; -4.30971
6.56223 ; 5.4029 ; 0.451849 ; -4.29473
6.5893 ; 5.97247 ; -0.946764 ; 3.74436
6.11128 ; 5.44774 ; 4.37149 ; -1.12549
4.82845 ; 5.51875 ; 0.929929 ; -3.78511
6.37248 ; 5.25383 ; 3.99359 ; -1.98456
6.73289 ; 4.80375 ; 0.574014 ; 0.599284
5.36472 ; 4.40392 ; 3.05441 ; 1.60067
5.54015 ; 4.58753 ; 3.36681 ; -1.8716
5.507 ; 4.89868 ; 2.90542 ; 0.45959
5.05337 ; 6.20439 ; 0.983703 ; 4.03377
4.60919 ; 6.98653 ; -3.35967 ; 4.25438
5.87896 ; 5.43112 ; 1.00506 ; -3.99823
4.49193 ; 5.65648 ; -0.134678 ; 0.649227
5.24154 ; 4.47508 ; -3.64028 ; -4.50195
6.444 ; 4.81883 ; 1.44258 ; 3.61061
4.55489 ; 5.46281 ; -4.38174 ; 2.45598
6.0965 ; 5.5809 ; 0.698867 ; -0.751127
4.95532 ; 5.43819 ; 2.2391 ; 4.00337
4.78735 ; 4.62673 ; -4.21627 ; -1.31614
4.6828 ; 5.94109 ; -2.7857 ; -3.8585
4.468 ; 4.7303 ; -1.32712 ; -3.54654
6.31674 ; 4.39054 ; -0.881856 ; 0.318586
5.63911 ; 4.75637 ; -2.77058 ; 1.63854
4.96215 ; 4.41832 ; -2.41309 ; -3.91157
6.704 ; 4.14144 ; 2.82381 ; -4.26606
5.69023 ; 4.95866 ; -0.0814144 ; 3.21625
5.84329 ; 5.25255 ; 2.91844 ; 3.63902
5.19571 ; 6.24673 ; -3.53781 ; 3.66189
6.60983 ; 6.80901 ; 4.28839 ; 4.13579
6.05698 ; 4.55245 ; -2.4985 ; 2.38454
5.58359 ; 4.24558 ; -1.73446 ; -4.42231
6.40814 ; 6.13969 ; 1.85921 ; -2.88915
6.1839 ; 5.02246 ; 0.187826 ; -3.69057
5.40813 ; 5.46562 ; 0.23441 ; 3.21882
5.32241 ; 5.79578 ; -3.33489 ; 1.39623
6.31424 ; 5.52617 ; 4.2989 ; -2.67091
6.36563 ; 5.99963 ; -2.44093 ; 0.952246
6.31973 ; 4.42597 ; -2.91805 ; -1.61194
5.70861 ; 4.75209 ; 2.75831 ; -4.43501
5.85038 ; 5.1488 ; -0.691418 ; -1.1932
4.51469 ; 5.84923 ; 1.90088 ; -1.87947
4.86115 ; 4.37298 ; -3.85595 ; 0.0318715
5.53881 ; 5.16752 ; -2.54001 ; 3.41542
5.32484 ; 5.37136 ; -1.76969 ; 3.04457
5.56827 ; 4.92429 ; 4.03859 ; -0.538296
6.80464 ; 6.20166 ; -1.40878 ; 1.11857
5.68772 ; 5.34895 ; 0.659019 ; -3.3506
4.80518 ; 5.93047 ; -3.89874 ; 3.19001
5.6559 ; 4.29096 ; -2.45333 ; 1.90002
6.0873 ; 5.71169 ; 0.0110497 ; -3.76497
6.69069 ; 5.09315 ; 4.41696 ; -3.04617
6.23469 ; 5.73057 ; 1.02592 ; -3.7615
5.33568 ; 4.79088 ; 3.30407 ; -2.62324
5.08648 ; 5.16504 ; -3.85154 ; -1.64919
5.35138 ; 5.07895 ; 3.07422 ; -3.36792
6.28948 ; 5.57879 ; -2.93121 ; 2.37905
5.17167 ; 5.37753 ; 0.0424216 ; 3.57849
5.43958 ; 5.97267 ; -3.72401 ; 3.71846
5.36748 ; 6.05499 ; 2.58691 ; 1.33298
6.58777 ; 4.3893 ; -0.375951 ; -0.539771
5.31092 ; 4.61368 ; -1.14431 ; 0.141631
5.73528 ; 4.57098 ; 3.05598 ; 3.03472
4.23327 ; 5.32472 ; -4.41028 ; 1.98838
5.58556 ; 5.9679 ; 4.05636 ; 2.4161
4.89805 ; 5.02401 ; -1.55812 ; -0.782301
5.45326 ; 4.99978 ; -0.223384 ; -2.943
6.49515 ; 5.63003 ; 4.4509 ; -3.40045
5.28017 ; 6.27894 ; -1.65962 ; 4.41038
4.9418 ; 4.78248 ; -3.76028 ; -3.40416
6.43399 ; 5.17059 ; 1.21304 ; -2.76867
6.39085 ; 5.59483 ; -1.85252 ; -1.55934
5.95678 ; 5.54221 ; -2.70228 ; 3.58855
6.20118 ; 5.24344 ; 1.0271 ; -2.15194
5.91774 ; 5.98691 ; 2.97024 ; 2.79579
5.2674 ; 5.15812 ; 1.02606 ; 2.48556
4.90738 ; 5.5497 ; -3.73519 ; -2.9613
4.81065 ; 3.99691 ; -1.26346 ; -4.44316
5.38482 ; 6.32671 ; -2.15852 ; 4.36528
4.81595 ; 4.48504 ; -1.06946 ; -0.38352
5.35601 ; 5.33225 ; 1.32931 ; 2.54961
5.8941 ; 6.35824 ; 4.10553 ; 1.67716
6.00865 ; 5.63179 ; -3.45801 ; -2.59612
4.51064 ; 6.22571 ; -4.2479 ; 3.7633
5.49101 ; 5.76329 ; 4.07285 ; 2.62081
5.63633 ; 6.26095 ; 3.14668 ; 4.29738
5.7645 ; 4.32575 ; 1.15003 ; 0.952864
6.08121 ; 5.46214 ; 3.51442 ; -3.01046
4.76292 ; 4.47952 ; 0.466769 ; 3.25736
5.89983 ; 4.33628 ; 4.06223 ; -3.97465
5.79857 ; 4.25018 ; 2.93635 ; -4.54867
5.36556 ; 4.99768 ; -2.69723 ; -0.487729
5.51789 ; 5.72886 ; 3.20985 ; 2.01353
5.0236 ; 6.58339 ; -4.2971 ; 2.52544
5.07437 ; 6.06196 ; -3.45573 ; 4.30897
5.83328 ; 4.85833 ; 3.70256 ; -3.76525
4.89201 ; 4.90735 ; -4.28772 ; 1.77968
5.00306 ; 6.01363 ; -4.15332 ; 3.54553
4.93025 ; 5.72707 ; -3.82272 ; 1.86625
6.64651 ; 4.85162 ; -2.5108 ; -2.21815
4.41222 ; 5.55772 ; -4.34433 ; 2.96947
6.3452 ; 5.72499 ; -0.165194 ; -3.16567
4.94679 ; 4.59602 ; -0.567408 ; 0.453225
4.8084 ; 5.06013 ; -0.729449 ; -1.50636
5.33344 ; 4.89863 ; -3.89343 ; -3.65517
5.88184 ; 4.89993 ; 4.20778 ; -4.24152
4.74613 ; 4.90255 ; -2.48305 ; -2.77642
6.2256 ; 4.72565 ; 2.24821 ; -3.85901
6.06873 ; 5.26648 ; 3.66887 ; 1.28533
5.20962 ; 4.33056 ; -2.84463 ; -4.46858
4.58243 ; 5.36175 ; 0.100185 ; -1.58464
5.13966 ; 4.18402 ; 0.309178 ; -0.396543
5.06051 ; 5.31121 ; -1.59277 ; -0.364314
5.7908 ; 5.4826 ; -2.18715 ; -3.01897
5.07607 ; 4.24535 ; 1.0209 ; 1.97917
4.67164 ; 5.92866 ; -3.65064 ; 3.45504
5.13489 ; 5.66363 ; -0.803368 ; -2.25051
5.28348 ; 4.88954 ; -2.94132 ; -3.95307
4.76704 ; 5.26589 ; 0.289483 ; -4.15652
5.7003 ; 6.05734 ; -0.933881 ; -3.32284
5.17511 ; 5.80916 ; -3.80796 ; 2.3005
4.92534 ; 4.7243 ; -1.19622 ; 1.12577
4.8183 ; 6.56067 ; -4.12663 ; 1.13854
4.27441 ; 7.1085 ; -3.80389 ; 4.10158
5.60988 ; 5.13721 ; 4.2128 ; -2.96819
5.89777 ; 5.23459 ; -2.27365 ; -0.587696
5.3976 ; 4.02613 ; -2.40341 ; -4.50209
5.14107 ; 5.11889 ; 2.92514 ; -4.22997
6.02919 ; 5.12364 ; -2.57864 ; -4.01207
5.67136 ; 5.45284 ; 1.77186 ; -3.5849
6.06417 ; 6.26093 ; -3.71887 ; 2.37971
5.86294 ; 5.67559 ; -1.38162 ; 2.58581
4.78402 ; 4.91248 ; -2.31664 ; -2.54575
5.84445 ; 5.01996 ; 4.27572 ; 1.46243
6.05856 ; 5.23024 ; 3.21563 ; 3.35347
5.85027 ; 4.2275 ; 0.706008 ; -4.50605
5.19168 ; 5.69749 ; -3.97904 ; -2.1111
5.92224 ; 5.42352 ; -1.63048 ; 4.09416
6.31168 ; 6.5416 ; 1.11757 ; -0.903889
5.54975 ; 5.07082 ; 2.68139 ; 3.25335
4.97923 ; 5.02908 ; -0.425718 ; -3.74935
6.01268 ; 4.48213 ; 3.95875 ; -0.069022
4.71093 ; 5.6258 ; -3.57406 ; 3.35466
6.41878 ; 4.90774 ; 4.39987 ; 2.04012
5.53292 ; 4.57987 ; 0.486028 ; 2.51096
4.65397 ; 4.36897 ; 0.807193 ; -4.03987
6.35451 ; 5.71435 ; 2.80132 ; -3.46696
4.85998 ; 4.3351 ; -3.79355 ; -4.34063
5.27865 ; 3.91601 ; -3.89073 ; -4.10597
6.34361 ; 6.56777 ; 4.3075 ; 3.58252
6.83755 ; 4.60053 ; 4.44735 ; 0.916768
6.06299 ; 6.6779 ; 2.66087 ; 4.30197
7.0609 ; 3.86533 ; 3.4444 ; -4.20234
6.22562 ; 4.56228 ; -2.74447 ; -4.05889
5.10884 ; 4.45223 ; 3.55653 ; -3.29889
5.36125 ; 5.26636 ; -2.79591 ; 3.17011
6.22458 ; 5.8188 ; -2.74755 ; -3.78665
6.26843 ; 5.12794 ; 3.66626 ; 3.25375
6.61333 ; 5.62567 ; 0.868651 ; 2.41566
6.15379 ; 5.49419 ; -2.75592 ; 1.15849
6.4379 ; 4.18096 ; -0.519879 ; 0.919786
4.95342 ; 5.44732 ; -0.101814 ; 0.513994
7.44863 ; 6.66886 ; 4.2108 ; 3.92229
4.36125 ; 5.54181 ; 0.698039 ; 1.99598
5.00512 ; 4.43124 ; -2.82074 ; -0.57209
6.15837 ; 5.82643 ; -2.57721 ; 3.88364
5.60982 ; 4.76162 ; -2.19815 ; -2.15512
5.94336 ; 5.88657 ; 4.37202 ; 0.92125
5.18301 ; 6.45452 ; -0.740415 ; 4.36603
5.76853 ; 6.37183 ; 3.96643 ; 3.50814
4.86778 ; 6.27332 ; -4.03261 ; 2.91365
6.42216 ; 6.38254 ; 3.42248 ; -1.54333
5.1835 ; 6.25364 ; 2.06048 ; 4.21296
6.2309 ; 5.38054 ; -1.61191 ; -2.06155
5.50061 ; 5.74889 ; 2.60806 ; -0.0600547
6.46358 ; 6.26197 ; -2.67351 ; 0.167956
5.83079 ; 5.25712 ; 3.76786 ; 1.9637
5.35356 ; 4.48905 ; 3.47447 ; -2.38996
5.88675 ; 5.66636 ; 2.36857 ; -3.01253
4.93882 ; 5.97863 ; -1.51076 ; -3.01741
5.50782 ; 4.83973 ; 3.82486 ; -3.87246
5.78734 ; 5.45312 ; 2.32664 ; 2.17156
7.10651 ; 5.88767 ; 4.45615 ; 2.70655
5.73059 ; 5.25875 ; -1.8954 ; -4.38375
6.70203 ; 6.4252 ; 3.24333 ; 4.10061
5.78239 ; 4.73901 ; -1.0349 ; -0.932509
5.53159 ; 5.79008 ; 2.88373 ; 1.86362
6.04133 ; 5.42067 ; 2.5593 ; 1.00501
6.68473 ; 5.38307 ; 0.793995 ; 2.59201
6.12106 ; 5.90192 ; -1.29276 ; 4.32783
6.78213 ; 6.07433 ; 4.41353 ; 3.07126
6.25658 ; 4.63497 ; 4.32882 ; -0.146217
6.17804 ; 4.61412 ; 3.88102 ; -2.25183
6.28597 ; 5.21934 ; 3.78355 ; -3.2133
5.93027 ; 5.69481 ; 0.486602 ; -0.444928
5.02708 ; 4.36678 ; 2.25158 ; -0.374564
5.63111 ; 5.57471 ; 2.93583 ; 3.87513
4.88283 ; 5.21859 ; 1.17357 ; -0.746193
4.81944 ; 4.96124 ; -1.70905 ; 2.05241
4.86784 ; 6.1455 ; 3.3088 ; 0.79375
4.69309 ; 6.7742 ; -2.92539 ; 4.29686
5.83297 ; 5.37889 ; -2.28631 ; -3.70606
4.74469 ; 5.64932 ; -4.54676 ; -3.07987
6.10195 ; 5.91346 ; 1.9051 ; -3.91208
4.42558 ; 6.02274 ; 0.624407 ; -0.719171
5.10923 ; 4.74118 ; 1.9661 ; -4.31635
6.05943 ; 5.80456 ; -2.96082 ; -1.65845
6.52353 ; 5.90069 ; 4.42948 ; 3.41506
5.82063 ; 5.88807 ; 3.7247 ; -3.07611
5.93415 ; 5.48494 ; 2.2101 ; 3.7685
6.27549 ; 5.92624 ; 3.46727 ; 4.26512
5.32425 ; 4.37735 ; -0.453414 ; -0.251055
4.50908 ; 5.42664 ; -3.13182 ; 3.57176
5.33035 ; 4.54994 ; -2.88739 ; -2.29112
5.95539 ; 4.83333 ; -0.312237 ; 2.94633
6.66637 ; 6.52631 ; 4.19819 ; 3.67402
6.55758 ; 5.81169 ; 1.33742 ; 0.629922
6.52977 ; 5.32946 ; -0.31263 ; -2.43952
5.67643 ; 4.09441 ; 3.95814 ; -3.58897
6.14279 ; 5.84674 ; -3.04203 ; 2.53804
5.12759 ; 6.48646 ; -3.8776 ; 4.17684
4.73974 ; 4.48223 ; 1.60546 ; -1.14241
4.51863 ; 5.16946 ; -0.977069 ; 1.19874
5.31115 ; 4.56626 ; 2.2899 ; 2.45795
5.26141 ; 6.065 ; 2.90316 ; 3.75138
4.41942 ; 7.00214 ; -4.23293 ; 3.65234
4.17643 ; 3.78986 ; -4.19213 ; -4.22484
6.6221 ; 4.92092 ; 2.33185 ; -4.41049
6.39011 ; 4.68818 ; 1.35086 ; -4.14936
5.72895 ; 5.01634 ; -3.14941 ; -1.38079
4.84411 ; 5.09703 ; -3.16279 ; -4.15212
4.51648 ; 6.04073 ; -4.1861 ; 3.91613
6.38247 ; 5.93948 ; -0.200613 ; -2.35411
6.29714 ; 5.49753 ; 4.32324 ; 2.636
5.37052 ; 4.65378 ; -0.384485 ; -3.29747
6.789 ; 6.57852 ; 4.1148 ; 4.0827
5.18764 ; 5.37532 ; 2.56907 ; 4.00248
5.82158 ; 5.486 ; 0.538342 ; 3.88673
6.20619 ; 4.8003 ; 4.16669 ; -2.75264
6.26099 ; 5.393 ; -3.57605 ; -1.40087
5.49853 ; 4.10961 ; -2.56709 ; -4.37703
5.18792 ; 6.62226 ; -3.45304 ; 4.15866
4.88183 ; 5.4608 ; -4.19848 ; -3.91944
6.26457 ; 4.37808 ; 3.79999 ; -1.05469
5.71138 ; 4.65716 ; 2.28404 ; -1.41865
5.18141 ; 5.38304 ; -3.30728 ; -1.57681
4.93343 ; 5.31526 ; 3.08276 ; 3.24226
6.45022 ; 5.36646 ; 1.43303 ; 3.39759
5.62553 ; 4.75439 ; 3.96036 ; 2.30234
5.69163 ; 5.34199 ; -0.786866 ; 3.28676
5.83427 ; 5.24425 ; -3.49441 ; -1.33584
6.26081 ; 6.06763 ; 2.08547 ; -2.80524
5.46278 ; 4.94132 ; 0.958121 ; -3.315
6.03054 ; 5.20591 ; 1.00128 ; 0.801009
5.5511 ; 5.82542 ; 0.681473 ; -2.82984
4.88229 ; 5.92299 ; -0.297934 ; 3.65145
5.41844 ; 5.31357 ; 3.85476 ; -0.0984305
4.85164 ; 5.69906 ; 0.113468 ; 4.32746
6.3409 ; 6.18317 ; -3.08467 ; -0.776335
