4.94282 ; 4.38549 ; -0.905908 ; 1.94694
4.83059 ; 5.83215 ; -3.85809 ; -0.399749
4.77046 ; 5.47853 ; -2.84602 ; 0.447989
7.15129 ; 6.71822 ; 3.1906 ; 3.81607
5.28231 ; 4.03832 ; 0.522906 ; -0.356284
7.04808 ; 6.85658 ; 3.96445 ; 2.9805
4.67054 ; 4.7581 ; -0.775593 ; -0.447469
4.87934 ; 6.29722 ; -0.526679 ; -1.1714
5.71601 ; 6.15815 ; -3.47663 ; 0.492884
5.09971 ; 4.46193 ; -3.74091 ; -3.81549
4.85272 ; 4.56502 ; -3.48677 ; 0.932723
6.19793 ; 4.34015 ; -1.38569 ; -0.610839
5.69803 ; 4.91923 ; 3.74019 ; 1.91304
5.09313 ; 6.24825 ; 2.71327 ; 1.87245
5.88377 ; 5.44506 ; -2.27328 ; 1.70184
6.22344 ; 4.49536 ; -1.89725 ; -3.33588
6.20759 ; 5.15359 ; 2.92898 ; 2.43885
4.1201 ; 5.17588 ; -4.30888 ; -2.51696
5.24072 ; 4.98504 ; 0.225704 ; 0.360347
5.20744 ; 4.66081 ; 2.26717 ; -1.35116
4.27916 ; 3.81114 ; -3.39366 ; -3.86986
7.23957 ; 4.51815 ; 4.33077 ; -3.89585
5.12548 ; 4.17861 ; -1.78457 ; -4.44432
6.53064 ; 4.55672 ; -1.67799 ; -0.891044
5.64097 ; 4.58158 ; 2.20641 ; -4.31537
5.63085 ; 5.99761 ; -3.08006 ; -0.454351
5.31789 ; 6.21251 ; 0.956198 ; 1.26382
4.63701 ; 5.65463 ; 1.22411 ; 0.275801
7.38578 ; 7.06743 ; 4.1574 ; 3.89104
5.98002 ; 4.50694 ; -0.824147 ; 2.10851
5.01164 ; 4.7174 ; -3.78918 ; -0.993538
5.15337 ; 5.83846 ; 0.274337 ; 3.5435
5.23143 ; 4.73239 ; -3.74923 ; -3.29661
3.78435 ; 5.56487 ; -4.28243 ; -1.56425
5.59934 ; 5.22025 ; 3.95517 ; 2.52365
4.92737 ; 5.93571 ; -3.86148 ; 3.82971
5.52416 ; 5.17315 ; 2.097 ; 3.19448
5.88744 ; 5.95115 ; 2.70879 ; 3.70491
5.95904 ; 3.95915 ; 3.40373 ; -4.41147
5.29489 ; 5.80788 ; 3.52412 ; -1.53018
5.98961 ; 6.12937 ; 0.296224 ; -1.22066
5.87616 ; 3.5532 ; 1.00887 ; -4.36456
6.42736 ; 6.05745 ; -1.05285 ; -0.215202
6.29463 ; 5.77724 ; 0.388363 ; 2.83089
6.81533 ; 4.77486 ; 4.04208 ; 0.237392
6.00903 ; 5.98045 ; 1.3654 ; 2.5312
3.79211 ; 5.91824 ; -4.24958 ; 3.32046
6.436 ; 5.53174 ; 2.95461 ; 0.426146
5.8494 ; 5.24159 ; 3.40583 ; 1.40589
4.27331 ; 6.79572 ; -4.10525 ; 3.45658
5.88519 ; 5.42879 ; 3.10166 ; 3.66043
4.20008 ; 6.66878 ; -4.01187 ; 4.07549
6.41073 ; 5.99628 ; 2.92374 ; 3.57666
7.12471 ; 4.32667 ; 4.067 ; -3.16589
5.2192 ; 5.01719 ; 0.970684 ; 1.56318
6.19245 ; 4.33281 ; 3.51281 ; -0.201198
4.39261 ; 5.92853 ; -4.37964 ; 0.878476
5.87815 ; 4.18772 ; 3.87248 ; -3.24653
4.51362 ; 6.30256 ; -4.30518 ; 2.82472
5.26958 ; 4.82926 ; -3.73818 ; -4.27681
4.81398 ; 6.01992 ; 2.06604 ; 0.400335
6.70196 ; 6.29506 ; 2.86128 ; 3.30681
5.94808 ; 4.05032 ; 3.61831 ; -4.26112
5.83705 ; 5.79097 ; -3.24858 ; 1.21423
4.00732 ; 3.16357 ; -3.88968 ; -4.00082
5.33758 ; 3.43322 ; 2.12755 ; -4.32087
4.96047 ; 5.37294 ; -4.09373 ; 3.00056
5.28022 ; 6.62263 ; -1.74365 ; 4.04288
5.66906 ; 6.02957 ; 3.54576 ; 4.17048
6.69648 ; 4.8372 ; 4.20757 ; 0.795267
5.95627 ; 5.81429 ; -3.23407 ; 1.37212
5.14646 ; 5.53614 ; 1.96448 ; 3.84579
4.98163 ; 6.11017 ; -3.55988 ; 4.0661
5.34972 ; 4.69132 ; 2.69153 ; 1.55238
6.40888 ; 5.14574 ; 3.97008 ; -1.4717
4.63316 ; 3.68196 ; -2.8626 ; -4.38482
4.42971 ; 5.30764 ; -3.74293 ; 3.00493
5.11933 ; 5.46745 ; -3.73368 ; 1.39265
5.21999 ; 6.19034 ; -0.488838 ; 4.09113
4.95349 ; 4.98901 ; -0.357779 ; -4.17186
4.09934 ; 4.86902 ; -4.16302 ; 1.17964
4.77318 ; 4.15617 ; -2.76076 ; -2.03141
6.08917 ; 4.6748 ; 3.70777 ; -1.75148
6.20571 ; 6.19989 ; 4.0247 ; 3.92329
4.41772 ; 4.69959 ; -3.93568 ; -2.62792
5.84194 ; 5.59974 ; -1.71388 ; 3.48006
5.33512 ; 4.35177 ; -3.97549 ; -1.7862
5.22829 ; 4.96335 ; -1.2725 ; -0.558819
5.33695 ; 4.50957 ; -2.93847 ; 0.874229
6.86451 ; 4.06751 ; 3.40763 ; -3.14707
5.90287 ; 3.80836 ; 3.91231 ; -3.82296
5.71942 ; 5.23749 ; 0.167893 ; 3.00639
4.99633 ; 5.75433 ; -0.68484 ; 1.48183
4.90191 ; 6.6132 ; -0.198575 ; 4.21062
6.10961 ; 6.40529 ; -1.037 ; 0.647587
4.03907 ; 4.1443 ; -3.93473 ; -3.16576
5.25429 ; 5.78198 ; 3.63406 ; -2.52672
6.2251 ; 5.7433 ; 2.43785 ; -0.594996
6.15658 ; 6.37982 ; -1.93624 ; 3.18227
4.47366 ; 4.52804 ; -2.10118 ; -2.96439
6.4594 ; 3.95798 ; 4.08631 ; -3.38906
5.19668 ; 6.31992 ; -3.9215 ; 3.14676
5.59892 ; 5.69015 ; -0.853371 ; 0.397845
5.03853 ; 5.46586 ; -4.149 ; -1.35193
6.17721 ; 5.73481 ; 3.77452 ; -3.10395
6.18846 ; 6.79598 ; 3.74079 ; 4.34179
5.45014 ; 4.61638 ; -0.96014 ; 0.45798
6.5946 ; 5.17552 ; 1.49583 ; -3.8335
5.32198 ; 5.19551 ; -0.00338229 ; -3.22037
4.63981 ; 5.70518 ; -3.35148 ; -3.23864
5.18864 ; 5.11059 ; -3.82124 ; -0.279121
5.30523 ; 5.01498 ; 2.3162 ; -3.40012
4.23733 ; 5.22456 ; -3.90216 ; -3.78096
5.16623 ; 5.56844 ; -0.91714 ; 4.02917
5.05071 ; 4.18367 ; 2.17782 ; -3.34365
5.13357 ; 5.11539 ; -3.80466 ; -3.93134
4.97022 ; 6.4894 ; -3.80341 ; 4.17574
6.42473 ; 5.19501 ; 1.08481 ; 3.70692
4.85516 ; 6.22777 ; -1.18298 ; -2.11661
6.73672 ; 5.37113 ; 3.01269 ; -3.3835
5.34223 ; 3.86129 ; -2.60116 ; -4.44132
5.34283 ; 5.05715 ; 3.51643 ; -2.47298
6.27698 ; 5.33881 ; -1.77056 ; -2.51128
5.46128 ; 4.24263 ; 1.21899 ; 0.947791
5.42863 ; 5.76154 ; 3.07449 ; -3.34132
6.49234 ; 5.52934 ; 1.63177 ; -1.4788
4.97211 ; 4.51548 ; -0.409534 ; -1.92823
7.03458 ; 6.77265 ; 4.00578 ; 4.20246
6.25431 ; 6.06028 ; 4.31804 ; -0.777755
6.09927 ; 4.48925 ; 3.28667 ; -0.479784
4.62177 ; 6.0916 ; -4.27209 ; 2.17592
4.709 ; 5.82653 ; -0.537718 ; -2.72455
6.48094 ; 3.95185 ; 4.16722 ; -3.14377
6.4948 ; 4.54074 ; 0.349475 ; -4.2894
5.49405 ; 5.7825 ; -2.06726 ; 0.449599
6.03659 ; 5.26185 ; -1.79659 ; 3.82497
6.5546 ; 4.66249 ; 4.21839 ; -3.95227
5.2826 ; 3.94094 ; -2.39622 ; -4.31236
4.91012 ; 4.28504 ; -2.75768 ; -4.33215
4.32591 ; 4.25783 ; -1.02275 ; -3.78407
4.81865 ; 5.17581 ; -3.01037 ; 3.27031
4.6049 ; 3.7734 ; -0.659799 ; -4.30092
5.82249 ; 5.00883 ; -3.0373 ; -3.96228
5.06957 ; 5.66012 ; -0.491939 ; -2.67621
4.7878 ; 6.03374 ; -1.12726 ; 4.05516
3.97246 ; 4.99613 ; -4.25775 ; 0.820261
5.36127 ; 4.01242 ; 1.86705 ; -4.01287
6.45138 ; 5.07055 ; 3.67199 ; -4.16639
7.00971 ; 6.20835 ; 4.22789 ; 0.375458
7.68792 ; 6.4007 ; 4.13552 ; 3.87342
5.46381 ; 4.99594 ; 2.59001 ; 3.42789
5.2776 ; 4.7773 ; -1.15207 ; 3.06645
6.94527 ; 7.09388 ; 4.09529 ; 3.58192
5.98882 ; 5.14924 ; -1.21587 ; 0.278154
4.49823 ; 4.60831 ; -3.61146 ; -3.21623
4.57507 ; 4.70463 ; -1.23618 ; -2.67635
6.23631 ; 5.53449 ; -0.05322 ; -0.310914
5.36469 ; 5.44773 ; -2.27688 ; 2.82108
3.63019 ; 5.95028 ; -4.1906 ; 2.93021
6.73182 ; 5.12731 ; 3.24559 ; 3.43349
4.75501 ; 3.55585 ; -3.65095 ; -4.37501
6.34236 ; 5.47147 ; 4.2559 ; -0.845264
4.87094 ; 4.78388 ; -0.616451 ; 1.97226
5.48677 ; 4.76756 ; -3.48282 ; -4.37449
5.48249 ; 4.24246 ; -2.19856 ; -3.72781
5.17472 ; 4.99334 ; 1.58915 ; -0.402205
6.50401 ; 6.23113 ; -0.236461 ; -2.24306
5.75264 ; 3.64459 ; 2.95605 ; -4.43266
4.61883 ; 4.10462 ; -0.52003 ; 0.349165
6.58574 ; 6.08649 ; -1.28153 ; -0.457028
6.29824 ; 4.03303 ; -1.031 ; -4.19569
4.1856 ; 4.00239 ; -4.1259 ; -3.72015
5.41687 ; 6.08272 ; -2.36597 ; 3.0012
5.45511 ; 5.28687 ; -2.01158 ; 1.22334
4.75153 ; 4.28208 ; -2.17486 ; -2.68007
5.71844 ; 5.59724 ; 0.998751 ; 2.43021
5.4138 ; 5.68477 ; 2.58509 ; 4.10015
6.98634 ; 4.34152 ; 3.74974 ; -3.76415
5.66657 ; 5.56883 ; 3.07216 ; 0.327405
5.51168 ; 5.63704 ; 1.08898 ; -2.45851
6.15124 ; 4.63177 ; 0.323398 ; -2.31867
6.66278 ; 6.26173 ; 4.43604 ; 0.409435
5.25953 ; 5.32734 ; -3.35137 ; 3.54327
4.37059 ; 5.9837 ; -4.28881 ; 3.94772
4.94468 ; 5.6544 ; -1.98149 ; 2.88514
6.0313 ; 5.24825 ; 2.47219 ; -0.656454
6.32938 ; 5.27031 ; 2.83924 ; 3.44974
6.31125 ; 4.5289 ; 1.28043 ; -3.89334
6.359 ; 5.86819 ; 3.63949 ; 3.57228
5.55774 ; 6.52523 ; -2.94046 ; 4.33775
6.26716 ; 3.88194 ; -1.07199 ; -4.27908
5.36772 ; 4.66952 ; -1.48343 ; -1.74814
6.55245 ; 5.57609 ; 4.3737 ; 2.68733
4.9665 ; 5.26587 ; -3.40301 ; 3.54998
6.43554 ; 4.54344 ; 3.60451 ; 1.92352
5.3509 ; 5.65367 ; 2.41305 ; 4.09267
4.00317 ; 6.42889 ; -4.30506 ; 3.17437
4.10831 ; 5.78531 ; -4.33631 ; -0.439957
7.12782 ; 4.28484 ; 3.36485 ; -4.29943
7.50766 ; 5.87741 ; 4.28449 ; 3.65396
3.40744 ; 7.5572 ; -3.66638 ; 3.37977
6.79195 ; 3.60765 ; 4.21057 ; -4.03707
6.40125 ; 4.39684 ; 1.88021 ; 1.88049
6.03207 ; 4.21307 ; -2.98413 ; -3.90991
6.91489 ; 6.87519 ; 4.23402 ; 4.21968
6.60119 ; 5.92676 ; 2.45271 ; 4.06055
7.36925 ; 3.57699 ; 4.14 ; -3.84709
6.0828 ; 4.12166 ; 2.09212 ; -3.81781
4.8792 ; 4.20994 ; 0.814111 ; -0.793875
5.55213 ; 4.39954 ; 2.42064 ; 0.714011
4.90187 ; 6.91847 ; -3.99878 ; 3.5905
5.41234 ; 5.10079 ; -1.20957 ; 1.84486
5.54102 ; 6.46515 ; -3.08318 ; 1.233
4.97963 ; 5.09111 ; -2.70955 ; 2.59083
5.97697 ; 6.12007 ; 1.44943 ; -0.156316
5.24268 ; 5.80179 ; 3.70633 ; 1.14745
5.91601 ; 6.77877 ; 4.1094 ; 3.21802
6.24541 ; 3.61881 ; 3.80256 ; -4.28998
6.81395 ; 6.54625 ; 4.18272 ; 4.1634
6.21568 ; 5.99634 ; 2.30327 ; 3.65872
6.73107 ; 6.31855 ; 4.14912 ; 4.10666
6.06955 ; 4.2367 ; -2.76885 ; -3.96356
3.92402 ; 6.36255 ; -3.7214 ; 3.78642
5.93457 ; 5.71239 ; -2.8212 ; 3.85998
4.6529 ; 4.98537 ; -3.94742 ; -2.38786
5.47532 ; 6.22997 ; -3.50668 ; 4.11156
5.96832 ; 6.73579 ; -2.08126 ; 4.32247
6.08991 ; 4.98873 ; 4.05847 ; -3.49482
4.79416 ; 5.67463 ; -3.89836 ; 1.08937
5.75017 ; 3.93636 ; -2.08861 ; -4.37743
4.79082 ; 5.61394 ; 1.90902 ; -3.49361
6.2788 ; 5.59396 ; 4.18459 ; -1.58777
5.79152 ; 5.51075 ; 3.44791 ; -2.87652
5.63049 ; 6.21648 ; -1.51368 ; 2.26229
5.90547 ; 5.47534 ; 4.02908 ; -2.10948
5.65811 ; 5.27331 ; 3.3819 ; -1.65217
7.07486 ; 4.10136 ; 3.83676 ; -4.09624
5.28143 ; 4.00202 ; 2.29306 ; -4.49237
5.44139 ; 4.1803 ; 1.35708 ; -3.91232
5.95809 ; 7.06791 ; 2.71547 ; 4.24447
3.92683 ; 7.03586 ; -3.58475 ; 3.87369
6.60512 ; 4.68074 ; 0.662621 ; -0.44246
4.28537 ; 4.34945 ; -3.97627 ; -2.5563
4.94867 ; 5.29449 ; 0.975064 ; -2.96262
5.4844 ; 6.4978 ; 0.861428 ; 4.35802
6.25213 ; 4.46605 ; 3.24814 ; -2.20405
4.61014 ; 5.74368 ; 0.177239 ; -3.77614
6.77272 ; 4.57162 ; 3.9847 ; -4.23429
3.83876 ; 6.90177 ; -3.98725 ; 2.98186
5.96608 ; 4.9088 ; 1.87127 ; 0.376674
5.61857 ; 5.20098 ; -2.2938 ; -4.04564
5.4858 ; 4.57978 ; 1.37457 ; -4.41057
6.83476 ; 4.77987 ; 3.65803 ; -4.27204
5.98588 ; 4.72139 ; -1.0717 ; -2.06429
5.13468 ; 4.75629 ; 1.5686 ; -3.47612
4.54016 ; 4.54795 ; 0.24932 ; -2.38241
7.38323 ; 4.07771 ; 4.24191 ; -2.83343
5.65121 ; 4.94898 ; 3.65374 ; 0.911362
6.14264 ; 5.48582 ; 3.50721 ; -2.91208
6.79727 ; 5.84028 ; 4.37879 ; -1.46616
5.55568 ; 3.94924 ; -2.50254 ; -4.11796
5.29892 ; 5.12967 ; -3.44763 ; -0.0982591
4.85726 ; 6.28334 ; -3.96686 ; 3.02112
6.97176 ; 4.86964 ; 3.67541 ; -4.1534
3.95067 ; 4.52875 ; -4.26559 ; -3.55966
5.48705 ; 4.55585 ; -3.39995 ; -4.29258
5.42132 ; 3.95884 ; -1.85415 ; -4.18153
4.15342 ; 6.66842 ; -3.64749 ; 3.74262
7.37275 ; 7.14306 ; 4.08998 ; 2.96911
6.33395 ; 5.74615 ; 0.768282 ; 3.76688
5.55083 ; 5.35279 ; -1.22408 ; 3.86939
5.05929 ; 5.48894 ; 2.54428 ; 2.28774
6.43899 ; 3.59109 ; 2.43387 ; -4.36704
4.6293 ; 6.9325 ; -4.1124 ; 3.48673
6.15948 ; 4.4595 ; -2.13356 ; -2.85009
5.62545 ; 4.64182 ; 3.74932 ; -4.29569
5.05039 ; 6.25784 ; 2.07121 ; 4.32996
5.32231 ; 5.31566 ; 0.775973 ; 1.84562
6.40696 ; 5.83425 ; 1.78857 ; -1.71461
5.18481 ; 5.51482 ; 0.306433 ; 2.7792
5.02077 ; 4.75764 ; -1.80376 ; -0.805561
7.33897 ; 7.35818 ; 3.969 ; 3.95958
5.88658 ; 6.70565 ; 3.77812 ; 4.16916
4.74549 ; 4.2841 ; 0.623435 ; 0.117146
4.36961 ; 5.57852 ; -4.15727 ; 1.73455
5.82581 ; 5.55494 ; 2.70982 ; 1.2045
4.93802 ; 5.64017 ; -3.4656 ; 1.27766
6.37475 ; 4.45422 ; -1.54712 ; -2.90546
6.46756 ; 6.32237 ; 0.984924 ; -0.515457
6.29163 ; 5.27005 ; 1.79717 ; -2.22566
4.55095 ; 5.19177 ; -4.15499 ; -0.565989
6.20594 ; 6.0383 ; -1.03296 ; 4.08495
3.8967 ; 6.65218 ; -4.07425 ; 2.06937
3.95044 ; 7.02433 ; -3.8679 ; 3.85209
7.06216 ; 6.41402 ; 3.98972 ; 3.73423
5.05413 ; 4.21452 ; -1.14727 ; -4.47947
5.65805 ; 5.69504 ; 1.88178 ; 0.277821
6.99349 ; 6.98172 ; 4.12607 ; 3.96891
4.88396 ; 3.93693 ; -0.944077 ; -4.14678
6.18464 ; 4.21818 ; -1.20172 ; 0.96145
3.71394 ; 3.59267 ; -3.39893 ; -4.00171
6.36709 ; 4.4387 ; 2.01172 ; -2.52672
7.34899 ; 5.30205 ; 4.32576 ; 0.0319637
5.87008 ; 4.93971 ; 0.195636 ; 2.06215
4.83002 ; 6.70527 ; -4.03658 ; 3.66963
5.04087 ; 5.30335 ; 0.229383 ; -3.22459
4.9979 ; 6.09372 ; -2.33518 ; 4.00993
6.61655 ; 3.4997 ; 4.02885 ; -3.94256
5.86207 ; 6.61957 ; -3.59159 ; 2.84143
3.59361 ; 5.21307 ; -4.21779 ; -2.78714
6.66048 ; 4.70586 ; 4.29773 ; -0.236227
5.89392 ; 6.9665 ; 0.236191 ; 4.2873
4.84728 ; 4.3544 ; 0.319453 ; -4.34802
5.91087 ; 5.40579 ; -3.01693 ; -0.553247
6.50052 ; 4.87141 ; 3.64117 ; -0.391169
5.82578 ; 5.62066 ; 1.38141 ; 2.2006
5.20951 ; 4.63628 ; 0.40681 ; 0.990065
4.41433 ; 6.37294 ; -3.61791 ; -0.85071
6.42856 ; 5.84187 ; -0.0691533 ; -3.07842
5.76893 ; 4.96988 ; -3.21486 ; -3.8902
6.51847 ; 4.63247 ; -1.60438 ; 0.697993
3.94203 ; 3.76875 ; -4.06992 ; -3.90951
7.22595 ; 4.17711 ; 4.28115 ; -3.85395
6.53855 ; 4.92771 ; 3.44491 ; -4.1874
4.00651 ; 6.51186 ; -4.11682 ; 2.19087
5.52473 ; 6.0497 ; 3.35125 ; 0.00202135
6.51602 ; 5.39372 ; -0.633668 ; -2.6659
6.0594 ; 4.53218 ; 2.85732 ; -0.522957
6.88242 ; 5.42134 ; 4.31625 ; -0.156934
5.9792 ; 4.40591 ; 2.69714 ; 0.884142
6.8297 ; 4.45863 ; 4.35501 ; -2.68693
4.80063 ; 6.08081 ; -2.01864 ; 4.13932
6.35669 ; 6.68617 ; 3.68548 ; 3.37566
6.59835 ; 4.79744 ; -0.843629 ; -3.39178
5.91265 ; 5.48956 ; 4.15261 ; -1.35395
5.7758 ; 4.27304 ; -0.809614 ; -2.05816
5.78513 ; 5.89779 ; -2.16611 ; -0.867328
6.24422 ; 4.51744 ; 4.12697 ; 1.3082
4.43249 ; 6.44444 ; -4.20281 ; 3.93276
6.96695 ; 6.18332 ; 4.42915 ; 3.47577
5.72247 ; 5.10546 ; -2.25825 ; -2.69036
5.22115 ; 6.2953 ; -3.17499 ; 1.50232
4.87756 ; 6.22259 ; -3.52146 ; 3.39585
5.5067 ; 4.80669 ; 1.82715 ; -4.21583
4.59722 ; 5.25584 ; -0.938384 ; 2.12829
5.10577 ; 4.86465 ; -3.90359 ; 1.65974
4.97904 ; 4.25372 ; 1.62701 ; -3.59333
6.2863 ; 6.85658 ; 4.04627 ; 4.33214
6.72813 ; 6.70845 ; 4.27684 ; 2.65233
5.45092 ; 3.8062 ; -3.20904 ; -4.12521
7.22914 ; 3.67695 ; 3.57781 ; -3.73645
4.14931 ; 3.51919 ; -3.2693 ; -4.1504
4.95579 ; 4.59694 ; 0.221274 ; 2.973
5.15782 ; 4.74568 ; 3.49625 ; 2.22688
6.7101 ; 5.75577 ; 2.11611 ; -2.97359
5.86736 ; 4.13727 ; -2.87445 ; -3.08904
4.85999 ; 6.04743 ; -3.49707 ; 3.34466
4.94868 ; 4.50363 ; -0.580373 ; -3.78986
4.97541 ; 6.50224 ; -3.01536 ; 4.02691
4.99572 ; 4.70233 ; -1.2144 ; 1.72841
5.29432 ; 5.55634 ; -1.78863 ; -0.239152
5.13946 ; 4.68267 ; 3.55434 ; 1.72521
6.21618 ; 5.50529 ; 4.27761 ; -3.33647
5.02023 ; 5.75738 ; -3.97689 ; 2.75559
6.28678 ; 4.53114 ; 2.9685 ; -3.39336
4.83204 ; 6.08685 ; -3.93502 ; -0.189277
7.21136 ; 5.42202 ; 4.29611 ; 2.78854
6.69276 ; 6.18107 ; 3.70799 ; 3.59103
6.08072 ; 5.06744 ; 3.78264 ; -2.35667
6.16042 ; 6.53847 ; 1.1121 ; 4.08461
6.72099 ; 4.54065 ; 4.429 ; -1.77195
7.36868 ; 6.40533 ; 3.99183 ; 3.61299
6.33151 ; 4.10075 ; -1.20506 ; -4.27871
5.16915 ; 4.64871 ; 0.946 ; 2.11491
5.61206 ; 5.61873 ; -0.779827 ; -3.44257
5.23492 ; 6.5668 ; 3.4671 ; 2.82187
6.39403 ; 5.25008 ; 2.86058 ; -3.24756
3.96097 ; 6.7061 ; -3.88751 ; 4.06404
6.06619 ; 6.05543 ; 2.47831 ; 0.493847
5.61111 ; 5.71506 ; 2.53407 ; -2.28578
5.94196 ; 4.12902 ; 3.86725 ; -2.98457
6.46024 ; 4.182 ; 2.27418 ; 0.329929
6.61116 ; 5.02379 ; 4.14445 ; 2.37067
6.6306 ; 6.00041 ; 2.0606 ; -1.16103
5.88451 ; 5.97974 ; 2.58518 ; 2.09846
4.56189 ; 4.77133 ; -4.20311 ; -3.77922
4.3413 ; 5.9732 ; -4.31222 ; 3.44026
4.46063 ; 4.47216 ; -3.46668 ; -3.98723
6.27691 ; 3.93293 ; -1.14334 ; -4.37369
4.8757 ; 5.72833 ; 0.523005 ; 2.43174
4.29959 ; 5.13755 ; -3.93783 ; -4.09496
6.06624 ; 3.81858 ; 3.98835 ; -3.75037
5.751 ; 6.07669 ; -2.99397 ; 4.08132
5.08119 ; 4.1056 ; 3.15974 ; -3.17341
5.77823 ; 5.69775 ; 2.68814 ; 2.16555
4.99713 ; 4.64175 ; -4.18813 ; -3.38546
5.8346 ; 4.73595 ; -1.59019 ; 1.95449
5.77525 ; 5.94361 ; -3.50198 ; -0.425753
4.60165 ; 4.37241 ; -0.067032 ; -0.775546
4.78434 ; 3.81276 ; -0.19428 ; -4.2326
7.05722 ; 6.01511 ; 4.13255 ; 3.88358
6.63911 ; 4.48971 ; 3.87643 ; -1.19083
5.5015 ; 5.4303 ; -2.74993 ; -3.82114
6.61248 ; 5.08339 ; 4.4364 ; 0.154352
5.48844 ; 4.21821 ; 3.443 ; -0.781363
6.61742 ; 4.99605 ; 3.99833 ; 2.89187
4.86752 ; 5.54976 ; -3.9495 ; 3.82076
6.95703 ; 4.10967 ; 3.30819 ; -3.88581
5.86939 ; 5.31486 ; 3.36956 ; 2.32423
6.75461 ; 4.7595 ; 4.09606 ; -1.36462
5.50554 ; 6.19794 ; 0.896615 ; 0.71129
4.82037 ; 5.73214 ; 0.30278 ; -3.05115
5.83588 ; 6.65599 ; 1.25333 ; 4.16721
4.56403 ; 6.39016 ; -1.57339 ; 3.86456
5.59263 ; 5.14263 ; -3.47321 ; 3.57591
4.73404 ; 4.83902 ; -0.275787 ; -0.368388
5.21158 ; 4.55327 ; -4.06279 ; -3.35445
4.64337 ; 5.94587 ; -4.07381 ; -2.30541
4.26247 ; 6.83556 ; -3.83552 ; 3.88539
6.41472 ; 6.48302 ; 3.21151 ; 3.95725
5.21104 ; 5.61097 ; -3.46643 ; 0.430615
6.84394 ; 5.32502 ; 4.40672 ; -0.06146
6.2599 ; 4.81235 ; 0.0078712 ; 1.61677
4.55607 ; 5.09113 ; -1.84385 ; 1.99054
5.35228 ; 5.16258 ; -1.16495 ; -3.43402
4.04792 ; 5.65965 ; -4.28418 ; 2.18932
6.08329 ; 5.38258 ; 3.09979 ; 3.4261
5.50029 ; 3.6774 ; 1.9605 ; -4.3487
6.30322 ; 5.31922 ; 3.64503 ; 2.15992
5.42937 ; 4.12744 ; -3.6673 ; -1.75735
4.22998 ; 4.2412 ; -4.35367 ; -1.62787
6.26038 ; 4.20075 ; 2.06444 ; 0.454876
6.31858 ; 4.22994 ; 3.13464 ; 0.58647
5.50336 ; 4.36524 ; -1.49433 ; -0.359841
4.1874 ; 5.79376 ; -4.04779 ; 3.04101
6.00192 ; 5.951 ; 3.47397 ; -2.63434
5.59337 ; 4.77304 ; -1.94292 ; -4.34174
5.86249 ; 4.21933 ; 3.82213 ; -2.44812
4.26921 ; 6.3015 ; -3.29893 ; 3.71188
4.40256 ; 4.55355 ; -4.38509 ; -0.473215
5.38951 ; 6.20485 ; 3.14233 ; -0.822582
6.32695 ; 4.8307 ; 4.17842 ; 1.13016
6.03706 ; 5.84986 ; 1.44046 ; -0.83414
4.77651 ; 4.69863 ; -4.08198 ; -3.53878
5.5057 ; 5.97329 ; 2.88642 ; -2.67534
6.03772 ; 4.25912 ; 1.01914 ; -2.37561
4.39383 ; 6.29801 ; -2.23499 ; 2.55127
6.54718 ; 5.88169 ; 3.47408 ; 3.17328
5.26838 ; 4.41363 ; -3.03167 ; -2.71163
4.3357 ; 4.47588 ; -3.83211 ; -4.0569
6.01436 ; 5.08829 ; -3.163 ; 2.12705
6.02919 ; 6.18771 ; -0.584939 ; 1.96386
6.48597 ; 5.23174 ; 0.782974 ; -0.897119
6.47059 ; 5.60715 ; 3.16926 ; 3.06648
5.38538 ; 3.51801 ; -3.06028 ; -4.35674
5.54845 ; 5.73805 ; -0.0376286 ; 4.04126
5.19224 ; 4.01147 ; -3.61878 ; -4.51425
6.8532 ; 4.10781 ; 1.99761 ; -3.89413
4.61077 ; 5.22101 ; 1.63598 ; -1.83462
5.03488 ; 6.6485 ; 2.83256 ; 3.72486
4.26928 ; 6.42342 ; -4.11439 ; 3.62304
4.95368 ; 6.18572 ; -3.73019 ; 4.00334
6.31807 ; 6.29623 ; 4.03103 ; 1.9027
5.31287 ; 5.74213 ; -4.08425 ; 0.854665
5.69274 ; 5.18581 ; -3.71787 ; -0.846757
5.3739 ; 3.90441 ; 0.496006 ; -4.36358
5.84499 ; 5.49671 ; 1.31429 ; -0.769017
5.68686 ; 4.25311 ; -0.193042 ; -3.74862
4.18582 ; 6.18686 ; -2.12912 ; 3.74944
5.6371 ; 3.70674 ; -3.50128 ; -4.0118
4.48716 ; 7.37771 ; -3.88265 ; 3.97979
4.89798 ; 3.38289 ; -3.76824 ; -4.30024
5.40505 ; 6.06023 ; -2.7714 ; 0.624936
6.03931 ; 5.62811 ; -3.29623 ; -0.931811
4.02945 ; 5.17147 ; -4.29823 ; 0.66614
6.20111 ; 5.09954 ; -0.375159 ; -4.05997
4.13083 ; 7.33312 ; -3.04087 ; 3.97273
6.65394 ; 5.08356 ; 1.65151 ; 3.59176
4.81809 ; 4.2036 ; -2.6197 ; -3.82346
4.74268 ; 3.85465 ; -3.86263 ; -4.37295
6.54263 ; 3.90762 ; 4.14181 ; -4.04562
6.42517 ; 4.71759 ; 2.63847 ; 1.72167
4.98778 ; 3.61326 ; 1.30831 ; -4.28484
4.5979 ; 4.92123 ; -4.03564 ; -2.08854
6.24681 ; 5.13498 ; 3.9154 ; 2.57364
4.46508 ; 5.55312 ; -3.9082 ; -1.60227
4.35338 ; 4.89529 ; -2.19428 ; -4.04408
6.18506 ; 3.57593 ; -1.22382 ; -4.34367
5.67919 ; 4.56142 ; 0.149062 ; 1.97611
4.53534 ; 4.42026 ; -4.27071 ; -1.10379
4.78462 ; 4.95456 ; -4.30577 ; 1.70577
5.54256 ; 5.48122 ; -1.49131 ; -1.14758
4.4684 ; 5.37568 ; -4.24954 ; 0.184537
3.94222 ; 4.5303 ; -3.70121 ; -4.1444
6.60253 ; 3.78165 ; 3.94974 ; -3.71677
6.40048 ; 5.35457 ; 4.00417 ; -1.07733
5.15268 ; 5.89729 ; 2.15674 ; 4.26754
4.71291 ; 5.79952 ; 0.690724 ; 4.25072
7.23854 ; 4.67969 ; 4.24273 ; -3.08355
5.87003 ; 4.81239 ; 2.45028 ; -3.4948
6.26192 ; 5.06019 ; 3.47703 ; -1.25676
6.34093 ; 6.67592 ; 3.33772 ; 4.19455
5.34616 ; 6.2851 ; -0.260784 ; 1.33941
3.50373 ; 3.81073 ; -4.07872 ; -3.90027
5.60849 ; 5.84815 ; 3.9844 ; 3.23483
5.04061 ; 5.12814 ; -0.46011 ; 0.300027
4.03686 ; 4.22434 ; -4.02642 ; -3.28508
7.5349 ; 4.86518 ; 4.27095 ; -3.32752
5.43913 ; 5.82509 ; 3.87529 ; 2.46552
6.61653 ; 4.40148 ; 3.50361 ; -0.667743
5.78529 ; 5.80412 ; 1.30971 ; -0.356409
6.17112 ; 3.7905 ; 2.66949 ; -4.35317
5.05013 ; 6.28241 ; -2.46742 ; 3.62789
6.49192 ; 5.56419 ; 2.81453 ; -0.106842
7.02285 ; 6.87559 ; 4.00515 ; 4.16647
5.76796 ; 4.14008 ; 4.11681 ; -1.8082
6.06743 ; 6.21779 ; 4.07256 ; 1.45377
4.6042 ; 6.94318 ; -3.9647 ; 3.23425
6.22546 ; 5.33929 ; -2.1381 ; 1.68197
4.87639 ; 4.44341 ; -3.79238 ; 0.26068
5.24707 ; 5.21225 ; 1.85439 ; -1.4893
6.15789 ; 5.10673 ; 4.00139 ; 2.53968
6.70979 ; 5.81427 ; -1.52619 ; -0.485386
5.02712 ; 6.20133 ; 2.50886 ; 2.14143
4.48997 ; 5.68607 ; 1.47701 ; 1.22445
6.34019 ; 5.99076 ; 1.09058 ; -0.565193
4.37303 ; 5.46208 ; -4.23755 ; -0.943551
6.21296 ; 4.78813 ; 1.73733 ; -4.02149
6.83297 ; 5.50632 ; 4.38027 ; -1.2452
5.85806 ; 5.65983 ; 0.684435 ; 2.22336
5.64214 ; 4.81829 ; -2.12681 ; -3.88037
5.80693 ; 5.75548 ; 0.958183 ; 3.64232
4.27258 ; 4.15479 ; -4.22981 ; -4.36189
5.66234 ; 5.49524 ; 1.65934 ; 3.40597
6.0859 ; 4.70473 ; 0.27836 ; -2.26339
5.17007 ; 4.59209 ; -0.971121 ; -1.40176
5.66365 ; 4.47471 ; -3.5898 ; -2.77557
7.38537 ; 4.84353 ; 4.33124 ; -3.3751
5.39258 ; 6.0814 ; 2.26868 ; 1.94532
5.35535 ; 4.68562 ; 3.61603 ; -1.88271
5.60716 ; 5.29084 ; 3.2021 ; 3.75134
5.29033 ; 4.06869 ; -1.21867 ; -4.44544
5.78884 ; 5.62949 ; 3.97736 ; -0.349225
6.17843 ; 4.32108 ; -0.806723 ; -2.08913
5.68728 ; 5.87833 ; -2.08721 ; 1.70802
5.21869 ; 5.69042 ; -1.17031 ; 1.70723
3.87281 ; 6.63818 ; -3.40949 ; 3.95305
5.86185 ; 4.92548 ; 3.21144 ; -1.43347
5.6712 ; 4.89423 ; 3.98549 ; -3.55893
4.32932 ; 5.60731 ; -4.39101 ; 3.26854
6.24692 ; 4.95153 ; -2.84564 ; -1.60265
5.95558 ; 6.13217 ; 0.0192561 ; 1.52462
5.38427 ; 4.89608 ; -2.24178 ; 1.04547
5.75216 ; 5.67949 ; 3.3531 ; 0.199868
6.02939 ; 5.23408 ; 3.87797 ; 0.269326
4.848 ; 4.45006 ; -2.76773 ; -2.11154
5.50811 ; 5.67107 ; -2.95133 ; 3.64873
4.74475 ; 6.4121 ; -3.35631 ; -0.212912
6.34496 ; 6.41429 ; 1.82519 ; -0.224257
4.44746 ; 6.87584 ; -3.04222 ; 4.24841
4.10414 ; 6.68032 ; -3.19621 ; 3.90463
7.07231 ; 4.31892 ; 3.17944 ; -3.90999
6.71984 ; 4.13291 ; 4.31176 ; -3.00722
4.48123 ; 4.32363 ; -4.18593 ; -1.43254
4.6502 ; 4.80506 ; -0.797295 ; -2.27486
6.39754 ; 6.44481 ; -0.236836 ; 4.08568
6.27623 ; 5.63937 ; -0.391324 ; -3.9291
6.00336 ; 4.23475 ; -2.61932 ; -2.91675
5.22632 ; 5.88599 ; -0.875022 ; 3.9393
7.46682 ; 3.54025 ; 4.13327 ; -4.03595
5.37757 ; 6.12473 ; 2.39893 ; 4.25344
6.04482 ; 5.92231 ; -2.53315 ; -1.68138
5.56682 ; 4.55818 ; -3.37143 ; 1.22305
5.08562 ; 4.98351 ; -3.4647 ; -3.24381
4.82109 ; 6.15018 ; -4.33558 ; 0.814033
6.15976 ; 6.22419 ; 0.326822 ; 3.58428
4.88105 ; 4.26605 ; -2.3332 ; -3.87616
6.97525 ; 4.34535 ; 4.38114 ; -0.0718869
6.92904 ; 4.69763 ; 4.3843 ; -0.0561106
3.95898 ; 6.39088 ; -3.34143 ; 4.13796
6.77848 ; 4.30292 ; 3.29666 ; -4.0318
5.89322 ; 5.36031 ; -1.81772 ; -3.5933
6.49634 ; 6.33075 ; 0.285354 ; 4.27104
5.98814 ; 7.17809 ; -1.7127 ; 4.13516
4.31497 ; 4.8935 ; -2.96323 ; -4.18005
4.69301 ; 5.63701 ; -2.31573 ; -1.03076
5.1186 ; 5.2951 ; -4.02434 ; -3.33939
5.59596 ; 4.78158 ; 0.279351 ; -3.90486
5.88073 ; 4.9924 ; 3.19815 ; 3.19522
4.67355 ; 4.46626 ; 2.57768 ; -0.317416
5.80834 ; 4.67906 ; -3.3015 ; -3.78955
4.7881 ; 4.05915 ; -1.34587 ; -0.61699
7.18964 ; 6.8774 ; 3.62009 ; 3.702
6.18393 ; 4.79781 ; 3.50215 ; -0.318455
6.38284 ; 3.54546 ; 2.2164 ; -4.30068
3.97818 ; 5.81144 ; -4.07223 ; 3.0248
5.77663 ; 4.21864 ; -3.01878 ; -3.72456
6.94588 ; 4.26573 ; 4.28484 ; -3.6509
5.54771 ; 4.27975 ; -1.74446 ; -0.589963
5.5541 ; 6.25932 ; -2.51815 ; 3.17653
5.27825 ; 5.55445 ; -2.35357 ; 3.57189
6.17587 ; 4.32575 ; 3.76406 ; 0.277677
4.92895 ; 4.64547 ; 2.38079 ; -3.36696
5.98145 ; 5.80717 ; 2.9462 ; 4.10794
5.45908 ; 4.38218 ; -0.83233 ; 0.480333
7.16005 ; 3.46016 ; 3.05891 ; -4.10307
5.88393 ; 5.21048 ; -0.801866 ; 2.38299
3.9616 ; 3.59871 ; -3.22629 ; -4.07218
3.32345 ; 3.6541 ; -3.89928 ; -3.81583
6.34454 ; 6.58915 ; 4.26378 ; 2.68152
4.96395 ; 4.18301 ; -2.72366 ; -4.02424
6.35642 ; 4.06176 ; 1.18506 ; -4.06237
5.43779 ; 4.57168 ; -2.27826 ; 1.30941
6.40277 ; 5.96275 ; 0.0349323 ; 3.98922
5.38126 ; 5.34455 ; -3.65479 ; 3.42018
6.28631 ; 5.55185 ; 4.27202 ; 2.49823
6.02332 ; 4.89774 ; 1.59246 ; -2.8182
4.63432 ; 5.61056 ; -1.70685 ; 2.0474
5.83793 ; 5.64193 ; -3.71977 ; -0.834055
4.85037 ; 4.21854 ; -2.3341 ; -4.4602
6.97955 ; 6.14863 ; 3.84454 ; 3.73801
5.66478 ; 5.58503 ; 3.26051 ; -2.12067
3.69498 ; 4.26516 ; -4.16706 ; -4.12305
4.32406 ; 6.14552 ; -4.04999 ; -0.358389
5.3282 ; 5.70622 ; -0.216613 ; 3.86078
5.52071 ; 4.88751 ; 1.4743 ; -0.934682
4.80656 ; 5.50294 ; -2.25315 ; -3.92022
4.82468 ; 6.33011 ; -2.8156 ; 4.10812
6.40348 ; 4.48261 ; 0.832295 ; 2.07876
4.11581 ; 4.63995 ; -4.02825 ; -3.23345
5.17871 ; 6.19235 ; -1.05465 ; 4.09301
5.26472 ; 5.25571 ; -3.71068 ; -1.03952
6.20896 ; 4.71348 ; 2.82888 ; 2.88932
7.28068 ; 3.90161 ; 3.77584 ; -4.222
6.99607 ; 4.34962 ; 4.10342 ; -3.42691
7.14739 ; 7.2212 ; 4.03565 ; 3.96174
6.49154 ; 6.05483 ; 3.33873 ; 3.16225
5.62988 ; 4.77392 ; -3.69105 ; 0.686323
4.72544 ; 5.3128 ; -1.7494 ; -1.76829
5.28269 ; 4.72945 ; -1.10716 ; -0.185856
6.63227 ; 5.52631 ; 3.09585 ; -2.37121
6.41011 ; 5.48164 ; 4.01664 ; 2.36571
7.04294 ; 4.17511 ; 4.29703 ; -2.49753
4.07871 ; 6.96769 ; -3.15962 ; 3.70593
5.49562 ; 5.59366 ; 0.268152 ; 3.57373
6.54047 ; 5.91953 ; 2.68237 ; 2.47839
6.08303 ; 6.30048 ; 0.763786 ; 3.33065
5.07633 ; 4.38231 ; 2.50873 ; 0.136144
5.25546 ; 5.71233 ; 1.90286 ; 3.86006
5.64853 ; 6.20127 ; -0.852866 ; -1.15943
4.89692 ; 4.641 ; -1.8365 ; 1.47932
5.40313 ; 6.59686 ; 1.58325 ; 4.19862
6.34141 ; 4.19041 ; 0.900863 ; -4.22302
6.31694 ; 4.15511 ; -2.07286 ; -4.02596
5.13532 ; 5.08941 ; 3.48715 ; -2.5556
3.88796 ; 7.03352 ; -3.79202 ; 3.39378
6.54335 ; 4.9115 ; 1.09932 ; 0.45396
6.41244 ; 4.93609 ; 0.0344507 ; 2.9216
5.74846 ; 5.64771 ; 3.96159 ; 3.52134
4.16542 ; 3.79541 ; -3.41154 ; -4.13628
6.52838 ; 4.41276 ; 2.12114 ; -2.19934
4.72835 ; 4.79215 ; 1.46205 ; -2.79685
5.7057 ; 4.74425 ; 3.94609 ; -4.27666
5.06119 ; 4.79714 ; -1.46999 ; -3.06288
5.19212 ; 6.82306 ; 0.677418 ; 4.27153
5.72279 ; 4.99681 ; -3.6015 ; 1.17078
5.62593 ; 6.06611 ; -2.02481 ; -2.54941
4.03022 ; 6.87022 ; -4.15416 ; 1.93244
5.73979 ; 5.40167 ; -1.56979 ; 2.19153
3.84542 ; 5.31422 ; -4.19873 ; 2.09239
4.44971 ; 3.76334 ; -4.11938 ; -3.06706
5.74813 ; 5.68802 ; -2.37013 ; -3.2053
5.16534 ; 4.56299 ; -2.79666 ; 1.06064
6.18997 ; 4.23141 ; 1.49201 ; -4.37849
5.2207 ; 5.81946 ; -3.9665 ; -1.62948
5.00525 ; 5.07742 ; -3.6346 ; 0.228543
6.83891 ; 6.54302 ; 3.56821 ; 4.01179
6.44136 ; 5.05623 ; 3.79637 ; 0.746891
6.57067 ; 5.43365 ; 1.06191 ; 2.66282
5.41331 ; 4.28566 ; -3.49013 ; -2.75491
6.51721 ; 4.0346 ; 4.35319 ; -1.26721
4.8136 ; 5.33972 ; -0.22527 ; -2.15569
4.91175 ; 5.64074 ; -1.76343 ; 3.39012
5.54197 ; 4.94986 ; -0.183581 ; -1.87812
5.81278 ; 5.09095 ; -3.43056 ; -1.56451
5.86591 ; 4.18634 ; 3.77817 ; -4.04436
6.27613 ; 6.09404 ; 3.07495 ; 1.99258
5.63699 ; 4.41076 ; 0.700168 ; -4.44644
5.38901 ; 3.33106 ; -2.49431 ; -4.30391
5.41166 ; 6.42863 ; 1.36509 ; 0.301236
4.78471 ; 4.22544 ; 0.914495 ; -4.26814
5.5569 ; 5.16359 ; -3.52429 ; 2.54565
7.00408 ; 4.5577 ; 3.1556 ; -4.08241
5.54439 ; 5.80106 ; -3.62193 ; 2.93872
4.33592 ; 5.95921 ; -0.513934 ; 1.32803
4.22023 ; 5.74368 ; -3.08417 ; 3.97784
6.42871 ; 6.44427 ; 1.55002 ; 0.138457
6.48375 ; 4.3496 ; -1.76909 ; -1.50014
6.28295 ; 3.43504 ; 3.6933 ; -4.30787
4.01467 ; 6.98478 ; -4.11153 ; 3.90404
6.88047 ; 3.7555 ; 4.00852 ; -3.44696
5.31334 ; 5.58288 ; -0.488378 ; -2.50388
6.22155 ; 4.6344 ; -2.26039 ; 0.335535
7.07622 ; 5.88268 ; 4.10996 ; -2.48713
6.78119 ; 5.92689 ; 3.99079 ; 1.8604
4.27 ; 6.01418 ; -3.72264 ; 3.88558
6.14981 ; 4.86291 ; -0.985979 ; -3.37422
6.53615 ; 5.68025 ; -0.93926 ; 1.63919
4.31818 ; 6.4526 ; -3.76203 ; 4.10681
4.18057 ; 7.15208 ; -3.82157 ; 3.76827
5.41601 ; 7.07186 ; -3.2434 ; 4.26329
5.03067 ; 3.92374 ; -2.65871 ; -4.26449
5.97248 ; 4.72426 ; 0.634811 ; -4.11405
5.85584 ; 5.43432 ; 4.04032 ; 0.87131
4.27334 ; 5.55465 ; -3.86034 ; -3.58881
4.81918 ; 5.28453 ; 1.97689 ; -0.532555
4.85778 ; 3.71234 ; 0.0727411 ; -4.33429
4.19482 ; 5.84835 ; -4.25322 ; -2.18603
4.0913 ; 4.25181 ; -4.32221 ; -4.26941
6.89308 ; 4.89443 ; 4.09834 ; -3.40962
5.45402 ; 5.01014 ; 3.68458 ; -3.69323
6.2851 ; 4.70003 ; 3.24846 ; -2.51914
6.86203 ; 5.38 ; 4.41517 ; 3.35025
4.52406 ; 4.52014 ; -4.38713 ; -0.729226
6.31535 ; 4.73238 ; -2.73926 ; 1.51648
5.01284 ; 3.73615 ; 1.95858 ; -4.34323
7.56079 ; 5.52432 ; 4.24179 ; 2.92034
5.8442 ; 6.08217 ; -2.73936 ; 3.77388
6.35437 ; 4.91595 ; 3.58168 ; 1.47679
6.82816 ; 3.89975 ; 3.04099 ; -3.92212
4.62726 ; 6.32074 ; -4.06307 ; -0.283223
6.58297 ; 6.31185 ; 3.88394 ; 0.853191
6.46134 ; 5.05708 ; 1.9535 ; -3.14194
4.86094 ; 4.96804 ; 0.547053 ; -0.378336
6.32025 ; 4.90075 ; 2.58081 ; -1.60623
6.34996 ; 4.06891 ; 3.40343 ; -3.78192
6.40008 ; 5.61957 ; 3.31979 ; 0.78111
6.17466 ; 5.93289 ; 0.114954 ; -3.29259
4.08923 ; 6.16916 ; -4.26178 ; 3.92614
4.67285 ; 5.00659 ; -4.12139 ; -3.99376
5.78021 ; 4.4352 ; 1.6904 ; -2.15322
4.30893 ; 3.76272 ; -1.12482 ; -4.17988
6.60741 ; 4.97343 ; 0.410085 ; -4.33739
6.49463 ; 6.34691 ; -1.14741 ; 3.77854
6.54843 ; 5.33519 ; 4.35672 ; -1.2392
4.92145 ; 5.14024 ; 1.0765 ; -3.91078
6.77183 ; 5.05537 ; 4.01564 ; -2.13899
6.79029 ; 4.86368 ; 0.504304 ; 0.716862
5.67016 ; 4.56399 ; 3.23421 ; 1.8163
5.87683 ; 4.40037 ; 3.514 ; -1.97304
5.79754 ; 4.94464 ; 3.07565 ; 0.53095
5.15174 ; 6.60777 ; 1.13173 ; 4.01719
4.27323 ; 7.41197 ; -3.32266 ; 3.97656
5.97946 ; 5.0313 ; 1.08229 ; -4.08329
4.47846 ; 5.7214 ; -0.0335987 ; 0.671187
4.87752 ; 4.02488 ; -3.73669 ; -4.4266
6.58826 ; 5.17989 ; 1.49655 ; 3.78363
4.11672 ; 5.70841 ; -4.30149 ; 2.60932
6.16638 ; 5.50579 ; 0.731973 ; -0.841368
5.17923 ; 5.83852 ; 2.44903 ; 4.07334
4.36573 ; 4.49512 ; -4.19137 ; -1.36997
4.40423 ; 5.55524 ; -2.86298 ; -4.02745
4.33529 ; 4.37564 ; -1.32538 ; -3.61229
6.22855 ; 4.4224 ; -1.0426 ; 0.444576
5.36205 ; 4.92022 ; -2.94625 ; 1.81716
4.72085 ; 4.02716 ; -2.52634 ; -3.91717
6.98638 ; 3.71483 ; 2.83171 ; -4.13675
5.68209 ; 5.28029 ; -0.097077 ; 3.39341
6.13513 ; 5.61646 ; 3.07074 ; 3.76738
4.84193 ; 6.61292 ; -3.63054 ; 3.68895
7.03866 ; 7.22259 ; 4.14544 ; 3.93198
5.80713 ; 4.79091 ; -2.71043 ; 2.61819
5.41014 ; 3.80335 ; -1.88373 ; -4.33393
6.59406 ; 5.85078 ; 1.92295 ; -3.15032
6.20269 ; 4.6534 ; 0.166148 ; -3.78604
5.43157 ; 5.7875 ; 0.265546 ; 3.3671
4.98892 ; 5.9354 ; -3.46595 ; 1.49002
6.74413 ; 5.25908 ; 4.27757 ; -2.85997
6.12154 ; 6.09486 ; -2.68887 ; 0.973273
6.02792 ; 4.26477 ; -3.1602 ; -1.6628
5.98444 ; 4.30859 ; 2.91985 ; -4.40496
5.78124 ; 5.02947 ; -0.774853 ; -1.29338
4.70478 ; 5.66129 ; 2.17459 ; -2.09996
4.47555 ; 4.37617 ; -3.8816 ; 0.132963
5.28481 ; 5.50906 ; -2.71222 ; 3.56812
5.14788 ; 5.67582 ; -1.90693 ; 3.20652
5.97213 ; 4.87046 ; 4.1122 ; -0.567271
6.66376 ; 6.31352 ; -1.70585 ; 1.09259
5.75362 ; 5.01389 ; 0.715919 ; -3.49692
4.4153 ; 6.24947 ; -3.91798 ; 3.28345
5.41057 ; 4.48096 ; -2.63327 ; 2.14657
6.08841 ; 5.3352 ; -0.0246633 ; -3.90242
7.13238 ; 4.78853 ; 4.31732 ; -3.1862
6.33728 ; 5.35442 ; 1.07236 ; -3.90465
5.66609 ; 4.52856 ; 3.4675 ; -2.76004
4.70133 ; 5.00012 ; -3.92258 ; -1.78133
5.6588 ; 4.74216 ; 3.24648 ; -3.49821
5.99636 ; 5.81669 ; -3.15087 ; 2.5286
5.17591 ; 5.73538 ; 0.0693714 ; 3.70447
5.06718 ; 6.34452 ; -3.82758 ; 3.78411
5.62617 ; 6.18828 ; 2.77708 ; 1.39389
6.55018 ; 4.33532 ; -0.532803 ; -0.482812
5.19649 ; 4.62784 ; -1.23342 ; 0.208142
6.04088 ; 4.87445 ; 3.20635 ; 3.25366
3.79224 ; 5.52356 ; -4.25689 ; 2.14167
5.9912 ; 6.20951 ; 4.12677 ; 2.53965
4.74224 ; 4.94578 ; -1.64705 ; -0.835519
5.43092 ; 4.70548 ; -0.240676 ; -3.0902
6.94024 ; 5.28999 ; 4.37509 ; -3.57485
5.1142 ; 6.71998 ; -1.77117 ; 4.32585
4.56577 ; 4.44207 ; -3.82293 ; -3.50353
6.55529 ; 4.89372 ; 1.25816 ; -2.92701
6.2056 ; 5.4389 ; -2.07057 ; -1.72113
5.68655 ; 5.90106 ; -2.8981 ; 3.70377
6.30389 ; 5.02825 ; 1.08409 ; -2.31197
6.21476 ; 6.26649 ; 3.1078 ; 2.91337
5.37001 ; 5.40668 ; 1.13845 ; 2.66803
4.53386 ; 5.25357 ; -3.79871 ; -3.14673
4.68431 ; 3.55259 ; -1.27604 ; -4.27326
5.16897 ; 6.76324 ; -2.30286 ; 4.28292
4.70901 ; 4.44669 ; -1.09633 ; -0.338084
5.48894 ; 5.58721 ; 1.4606 ; 2.72276
6.30465 ; 6.52595 ; 4.13598 ; 1.71107
5.66285 ; 5.37218 ; -3.6262 ; -2.78819
4.08585 ; 6.60204 ; -4.14776 ; 3.74621
5.89829 ; 6.02537 ; 4.14697 ; 2.76564
5.95099 ; 6.69069 ; 3.29964 ; 4.24113
5.8795 ; 4.42103 ; 1.23963 ; 1.13057
6.43265 ; 5.16109 ; 3.6165 ; -3.18388
4.8096 ; 4.80526 ; 0.594846 ; 3.49723
6.30605 ; 3.93881 ; 4.10318 ; -3.97054
6.0922 ; 3.79531 ; 3.08129 ; -4.43384
5.09583 ; 4.94891 ; -2.85918 ; -0.515796
5.83888 ; 5.93021 ; 3.36835 ; 2.14967
4.59389 ; 6.83593 ; -4.25403 ; 2.52637
4.72879 ; 6.49286 ; -3.54844 ; 4.27045
6.20354 ; 4.4818 ; 3.80237 ; -3.8451
4.46324 ; 5.08532 ; -4.27162 ; 1.9623
4.58773 ; 6.36818 ; -4.15742 ; 3.61173
4.54798 ; 5.9137 ; -3.87427 ; 1.98553
6.39543 ; 4.6298 ; -2.7903 ; -2.33551
3.97779 ; 5.85467 ; -4.24103 ; 3.10339
6.32868 ; 5.40842 ; -0.244406 ; -3.35945
4.89005 ; 4.64134 ; -0.570642 ; 0.562134
4.73546 ; 4.90949 ; -0.742437 ; -1.61899
4.94409 ; 4.53311 ; -3.9752 ; -3.74949
6.30262 ; 4.47578 ; 4.23678 ; -4.25686
4.49782 ; 4.62491 ; -2.58589 ; -2.91067
6.45042 ; 4.33975 ; 2.36407 ; -3.90813
6.43562 ; 5.39501 ; 3.75928 ; 1.40725
4.92516 ; 3.8837 ; -2.98068 ; -4.37915
4.59245 ; 5.20329 ; 0.2017 ; -1.73092
5.17058 ; 4.14436 ; 0.386067 ; -0.317991
4.90123 ; 5.27478 ; -1.70115 ; -0.400147
5.57208 ; 5.18071 ; -2.36704 ; -3.1904
5.17816 ; 4.44326 ; 1.16908 ; 2.24738
4.30658 ; 6.27417 ; -3.67815 ; 3.52501
5.05455 ; 5.43858 ; -0.851899 ; -2.44277
4.98935 ; 4.49423 ; -3.09279 ; -4.01132
4.79598 ; 4.85024 ; 0.380705 ; -4.21073
5.60691 ; 5.72506 ; -1.03416 ; -3.53032
4.79431 ; 6.03921 ; -3.88383 ; 2.433
4.80572 ; 4.83688 ; -1.25638 ; 1.28148
4.40564 ; 6.67453 ; -4.07984 ; 1.06748
3.89402 ; 7.51866 ; -3.62664 ; 3.77207
6.03116 ; 4.8404 ; 4.25715 ; -3.12271
5.6704 ; 5.17582 ; -2.46056 ; -0.639152
5.15726 ; 3.57592 ; -2.55439 ; -4.35237
5.43359 ; 4.6959 ; 3.11659 ; -4.26122
5.77132 ; 4.72244 ; -2.77795 ; -4.07732
5.84854 ; 5.09435 ; 1.91438 ; -3.71801
5.69228 ; 6.4989 ; -3.88428 ; 2.45293
5.72477 ; 5.93418 ; -1.52619 ; 2.73644
4.55236 ; 4.6579 ; -2.42238 ; -2.68324
6.27202 ; 5.1662 ; 4.29653 ; 1.61188
6.38012 ; 5.56559 ; 3.34215 ; 3.5064
5.92087 ; 3.7769 ; 0.747156 ; -4.39509
4.79377 ; 5.48638 ; -4.03681 ; -2.30123
5.75919 ; 5.83293 ; -1.79264 ; 4.15572
6.42344 ; 6.45121 ; 1.12308 ; -1.15882
5.81789 ; 5.39616 ; 2.85268 ; 3.42153
4.93666 ; 4.65414 ; -0.428739 ; -3.83976
6.40856 ; 4.47522 ; 4.00691 ; -0.00545586
4.35352 ; 5.96127 ; -3.62708 ; 3.47017
6.85877 ; 5.11175 ; 4.34451 ; 2.23929
5.58152 ; 4.83097 ; 0.535691 ; 2.73647
4.73469 ; 3.96498 ; 0.991467 ; -4.00381
6.63464 ; 5.36765 ; 2.90825 ; -3.64051
4.48063 ; 3.90104 ; -3.82455 ; -4.26181
4.88958 ; 3.50542 ; -3.94781 ; -3.99745
6.77436 ; 6.92602 ; 4.23244 ; 3.53426
7.28228 ; 4.69221 ; 4.29348 ; 1.09661
6.32908 ; 7.10809 ; 2.76564 ; 4.14384
7.40534 ; 3.4451 ; 3.30307 ; -3.97894
5.95117 ; 4.15639 ; -2.97322 ; -4.06338
5.46449 ; 4.12234 ; 3.72737 ; -3.3734
5.08166 ; 5.58337 ; -2.95665 ; 3.33239
5.94982 ; 5.44013 ; -2.97089 ; -3.93569
6.63505 ; 5.45332 ; 3.73888 ; 3.42157
6.7002 ; 5.86723 ; 0.852554 ; 2.55281
5.87819 ; 5.61004 ; -2.96501 ; 1.25478
6.38591 ; 4.27294 ; -0.677819 ; 1.14706
4.94324 ; 5.49872 ; -0.0695149 ; 0.554597
7.86971 ; 7.06109 ; 3.8463 ; 3.70289
4.43106 ; 5.74141 ; 0.904326 ; 2.12415
4.72305 ; 4.37403 ; -2.93843 ; -0.545671
5.90065 ; 6.21479 ; -2.79522 ; 3.93837
5.39 ; 4.54611 ; -2.36832 ; -2.28431
6.38056 ; 5.97869 ; 4.36289 ; 0.967388
5.10897 ; 6.89112 ; -0.763961 ; 4.25227
6.16517 ; 6.72265 ; 4.03035 ; 3.53259
4.46452 ; 6.56468 ; -4.02543 ; 2.96856
6.76441 ; 6.22821 ; 3.45698 ; -1.81879
5.38955 ; 6.67493 ; 2.26389 ; 4.16524
6.06971 ; 5.17438 ; -1.79581 ; -2.22855
5.76142 ; 5.74288 ; 2.78416 ; -0.0921392
6.19623 ; 6.27876 ; -2.95159 ; 0.0667083
6.20757 ; 5.45349 ; 3.86237 ; 2.12744
5.70101 ; 4.25005 ; 3.62847 ; -2.49537
6.1236 ; 5.36511 ; 2.51804 ; -3.19815
4.78775 ; 5.67689 ; -1.58553 ; -3.24546
5.8903 ; 4.45249 ; 3.93006 ; -3.93922
6.02001 ; 5.67027 ; 2.48316 ; 2.33199
7.55213 ; 6.15833 ; 4.23013 ; 2.78479
5.54105 ; 4.82038 ; -2.06039 ; -4.3959
7.02636 ; 6.83526 ; 3.23244 ; 3.99587
5.6789 ; 4.64576 ; -1.14718 ; -0.982733
5.81996 ; 5.97645 ; 3.05438 ; 1.98826
6.29726 ; 5.52117 ; 2.7025 ; 1.09478
6.76413 ; 5.64227 ; 0.762394 ; 2.75577
5.99179 ; 6.3347 ; -1.45573 ; 4.30748
7.22348 ; 6.38145 ; 4.2691 ; 3.12769
6.68946 ; 4.62035 ; 4.29766 ; -0.100848
6.56614 ; 4.38894 ; 3.92598 ; -2.36035
6.66432 ; 4.89801 ; 3.84224 ; -3.36128
5.97893 ; 5.65031 ; 0.510448 ; -0.51271
5.25224 ; 4.32932 ; 2.47194 ; -0.320637
5.9247 ; 5.96222 ; 3.09836 ; 3.95877
5.00019 ; 5.14397 ; 1.33089 ; -0.812074
4.64853 ; 5.16648 ; -1.79664 ; 2.24389
5.19872 ; 6.22488 ; 3.53445 ; 0.780039
4.40055 ; 7.20388 ; -2.9453 ; 4.08556
5.60434 ; 5.00828 ; -2.47036 ; -3.82362
4.29002 ; 5.34133 ; -4.45952 ; -3.27427
6.29246 ; 5.52225 ; 2.01792 ; -4.05252
4.48802 ; 5.95082 ; 0.831229 ; -0.885973
5.30584 ; 4.30954 ; 2.1564 ; -4.30193
5.76334 ; 5.63872 ; -3.16359 ; -1.8374
6.96648 ; 6.2422 ; 4.34278 ; 3.49324
6.1931 ; 5.58045 ; 3.81985 ; -3.27825
6.15516 ; 5.86179 ; 2.35499 ; 3.86912
6.62222 ; 6.35275 ; 3.54354 ; 4.24735
5.27891 ; 4.35224 ; -0.477387 ; -0.195539
4.1959 ; 5.78381 ; -3.18599 ; 3.6858
5.04161 ; 4.32083 ; -3.03841 ; -2.40142
5.92416 ; 5.12796 ; -0.368571 ; 3.14634
7.08619 ; 6.89371 ; 4.0827 ; 3.60251
6.69132 ; 5.87469 ; 1.36247 ; 0.63752
6.49851 ; 5.08551 ; -0.42447 ; -2.61275
6.07225 ; 3.73551 ; 4.03224 ; -3.58946
5.83859 ; 6.10055 ; -3.2505 ; 2.66766
4.73983 ; 6.90415 ; -3.91698 ; 4.08678
4.90028 ; 4.36799 ; 1.83054 ; -1.16143
4.42092 ; 5.28933 ; -0.967677 ; 1.3222
5.54014 ; 4.81205 ; 2.47727 ; 2.68678
5.55173 ; 6.44014 ; 3.09903 ; 3.79829
3.99612 ; 7.36737 ; -4.04568 ; 3.43259
3.75722 ; 3.36738 ; -3.97353 ; -3.98176
6.85529 ; 4.47987 ; 2.4005 ; -4.38131
6.5252 ; 4.27325 ; 1.4009 ; -4.14815
5.41401 ; 4.87826 ; -3.31759 ; -1.48722
4.52783 ; 4.68182 ; -3.26763 ; -4.1922
4.09787 ; 6.43235 ; -4.11004 ; 3.91342
6.36241 ; 5.70407 ; -0.296578 ; -2.58708
6.72946 ; 5.76113 ; 4.29993 ; 2.79334
5.33207 ; 4.32403 ; -0.409818 ; -3.40054
7.20048 ; 6.98679 ; 3.97965 ; 3.93569
5.44455 ; 5.77557 ; 2.76295 ; 4.07957
5.87541 ; 5.87467 ; 0.576256 ; 3.97425
6.62286 ; 4.52504 ; 4.17385 ; -2.88178
5.90338 ; 5.25291 ; -3.7515 ; -1.53294
5.24182 ; 3.6719 ; -2.7317 ; -4.27113
4.84262 ; 7.03813 ; -3.53862 ; 4.04135
4.46199 ; 5.06886 ; -4.19799 ; -4.02289
6.64457 ; 4.27261 ; 3.8357 ; -1.06051
5.93978 ; 4.5153 ; 2.44277 ; -1.50001
4.85068 ; 5.22536 ; -3.43497 ; -1.71777
5.2417 ; 5.63949 ; 3.28743 ; 3.39544
6.59352 ; 5.70622 ; 1.49253 ; 3.53635
6.02156 ; 4.98462 ; 4.04153 ; 2.50839
5.61295 ; 5.67066 ; -0.870776 ; 3.43878
5.48483 ; 5.11066 ; -3.64546 ; -1.45181
6.46935 ; 5.7871 ; 2.18222 ; -3.04979
5.55859 ; 4.60982 ; 1.05415 ; -3.44119
6.13067 ; 5.28601 ; 1.06936 ; 0.88621
5.61925 ; 5.54244 ; 0.748949 ; -3.03199
4.8525 ; 6.28813 ; -0.263795 ; 3.71419
5.80392 ; 5.30373 ; 3.96043 ; -0.105997
4.86299 ; 6.13181 ; 0.18421 ; 4.32074
6.03243 ; 6.10554 ; -3.32907 ; -0.948062
