4.85223 ; 4.58018 ; -0.908864 ; 2.22981
4.44478 ; 5.79218 ; -3.8595 ; -0.513619
4.48586 ; 5.52333 ; -2.91734 ; 0.466264
7.47035 ; 7.09982 ; 2.99963 ; 3.59433
5.3346 ; 4.00269 ; 0.616049 ; -0.206871
7.44453 ; 7.15463 ; 3.72047 ; 2.78632
4.59298 ; 4.71336 ; -0.732359 ; -0.418296
4.82667 ; 6.18008 ; -0.470335 ; -1.43632
5.36835 ; 6.20743 ; -3.63214 ; 0.432374
4.72562 ; 4.08038 ; -3.79529 ; -3.81199
4.50404 ; 4.65829 ; -3.53151 ; 1.12005
6.05936 ; 4.27906 ; -1.59769 ; -0.539151
6.07205 ; 5.11053 ; 3.83697 ; 2.11093
5.36446 ; 6.43549 ; 2.95514 ; 1.88973
5.65644 ; 5.61524 ; -2.4754 ; 1.83302
6.03371 ; 4.16177 ; -2.13866 ; -3.37762
6.50048 ; 5.39748 ; 3.02515 ; 2.62831
3.68922 ; 4.92419 ; -4.09913 ; -2.67419
5.26329 ; 5.02107 ; 0.280296 ; 0.431646
5.43416 ; 4.52569 ; 2.47522 ; -1.39791
3.93979 ; 3.42415 ; -3.27189 ; -3.66451
7.67264 ; 4.12856 ; 4.04259 ; -3.8392
4.94702 ; 3.73418 ; -1.87243 ; -4.29142
6.36285 ; 4.46762 ; -1.95578 ; -0.869443
5.86161 ; 4.15005 ; 2.36319 ; -4.26183
5.32285 ; 5.95217 ; -3.24968 ; -0.581927
5.41351 ; 6.33889 ; 1.0831 ; 1.25651
4.75942 ; 5.68221 ; 1.46327 ; 0.249452
7.80152 ; 7.45653 ; 3.74461 ; 3.5121
5.89761 ; 4.71779 ; -0.955814 ; 2.37074
4.63272 ; 4.61804 ; -3.83167 ; -1.01601
5.1808 ; 6.19281 ; 0.350525 ; 3.60959
4.8565 ; 4.40273 ; -3.82515 ; -3.38078
3.3561 ; 5.40845 ; -3.96517 ; -1.76451
5.99485 ; 5.47261 ; 4.0353 ; 2.70518
4.54122 ; 6.31868 ; -3.87465 ; 3.84438
5.73386 ; 5.4926 ; 2.26179 ; 3.36527
6.15832 ; 6.32164 ; 2.84289 ; 3.74412
6.29941 ; 3.518 ; 3.48522 ; -4.21902
5.6473 ; 5.65486 ; 3.68835 ; -1.72393
6.01923 ; 6.0073 ; 0.272082 ; -1.44128
5.97705 ; 3.11675 ; 1.04735 ; -4.06609
6.32207 ; 6.03593 ; -1.27116 ; -0.345808
6.33347 ; 6.06033 ; 0.338744 ; 2.94114
7.21954 ; 4.7986 ; 3.93152 ; 0.34295
6.14557 ; 6.23357 ; 1.43634 ; 2.61984
3.36716 ; 6.25028 ; -3.92581 ; 3.33055
6.73146 ; 5.57436 ; 3.01637 ; 0.439736
6.18998 ; 5.38218 ; 3.51862 ; 1.5398
3.86279 ; 7.14138 ; -3.88565 ; 3.26476
6.19536 ; 5.79484 ; 3.22898 ; 3.76845
3.79889 ; 7.07633 ; -3.7967 ; 3.84565
6.70311 ; 6.35395 ; 2.97774 ; 3.60789
7.53141 ; 4.01008 ; 3.84602 ; -3.138
5.31626 ; 5.17351 ; 1.0975 ; 1.73245
6.54373 ; 4.31269 ; 3.56112 ; -0.0886376
3.95464 ; 6.01637 ; -4.20844 ; 0.853895
6.2654 ; 3.86307 ; 3.92489 ; -3.24833
4.0831 ; 6.58504 ; -4.15396 ; 2.81604
4.89576 ; 4.40158 ; -3.82096 ; -4.25947
5.02058 ; 6.05995 ; 2.33563 ; 0.333845
6.98809 ; 6.62574 ; 2.84295 ; 3.28395
6.30991 ; 3.62421 ; 3.68561 ; -4.11809
5.51219 ; 5.91239 ; -3.43188 ; 1.27257
3.61835 ; 2.76349 ; -3.56167 ; -3.51359
5.55033 ; 3.00113 ; 2.33808 ; -3.98946
4.5511 ; 5.67299 ; -4.09241 ; 3.15557
5.10585 ; 7.02692 ; -1.83957 ; 3.8992
6.02364 ; 6.44662 ; 3.66533 ; 4.13738
7.11723 ; 4.91673 ; 4.09948 ; 0.940485
5.63286 ; 5.9515 ; -3.43211 ; 1.43784
5.34291 ; 5.92072 ; 2.16765 ; 3.91816
4.62564 ; 6.51678 ; -3.60735 ; 4.02127
5.61887 ; 4.84655 ; 2.8851 ; 1.75909
6.80589 ; 4.99857 ; 3.95469 ; -1.58262
4.3469 ; 3.24348 ; -2.84803 ; -4.08909
4.05542 ; 5.60813 ; -3.69282 ; 3.16401
4.74596 ; 5.60671 ; -3.79936 ; 1.49832
5.17111 ; 6.59945 ; -0.487856 ; 4.03575
4.91771 ; 4.57182 ; -0.324653 ; -4.18892
3.68304 ; 4.98698 ; -3.96739 ; 1.35959
4.49711 ; 3.95303 ; -2.80855 ; -2.01517
6.45995 ; 4.49965 ; 3.76091 ; -1.82389
6.60818 ; 6.59222 ; 4.01391 ; 3.88633
4.02415 ; 4.4368 ; -3.85187 ; -2.70905
5.67055 ; 5.94774 ; -1.88943 ; 3.5858
4.93757 ; 4.17315 ; -4.03063 ; -1.81533
5.10105 ; 4.90746 ; -1.35589 ; -0.575882
5.0431 ; 4.59699 ; -3.07984 ; 1.05362
7.20527 ; 3.7528 ; 3.31275 ; -3.07825
6.2941 ; 3.42606 ; 3.94785 ; -3.68336
5.73621 ; 5.53813 ; 0.167361 ; 3.17881
4.92785 ; 5.90252 ; -0.682761 ; 1.5558
4.88205 ; 7.03426 ; -0.0982001 ; 4.02787
6.00591 ; 6.47005 ; -1.21472 ; 0.543918
3.64559 ; 3.82772 ; -3.71437 ; -3.09326
5.61769 ; 5.52931 ; 3.79257 ; -2.75486
6.46888 ; 5.6838 ; 2.53184 ; -0.706565
5.96295 ; 6.69805 ; -2.17984 ; 3.17636
4.26355 ; 4.2316 ; -2.09813 ; -3.01176
6.86803 ; 3.61908 ; 4.00264 ; -3.30658
4.80453 ; 6.6346 ; -3.95558 ; 3.15763
5.51359 ; 5.72994 ; -0.940699 ; 0.395737
4.62363 ; 5.33066 ; -4.14905 ; -1.49539
6.55466 ; 5.42442 ; 3.81246 ; -3.31593
6.56254 ; 7.23016 ; 3.74391 ; 4.09206
5.35413 ; 4.66217 ; -1.04051 ; 0.582348
6.74418 ; 4.79217 ; 1.49832 ; -3.91721
5.32165 ; 4.87348 ; 0.0187339 ; -3.36343
4.30466 ; 5.38132 ; -3.37143 ; -3.45382
4.80652 ; 5.08267 ; -3.88676 ; -0.285379
5.53685 ; 4.67497 ; 2.51033 ; -3.51178
3.84712 ; 4.84646 ; -3.78687 ; -3.88242
5.07452 ; 5.97136 ; -0.96241 ; 4.07374
5.26849 ; 3.8493 ; 2.41771 ; -3.33145
4.7531 ; 4.72225 ; -3.86559 ; -3.99951
4.58988 ; 6.90697 ; -3.80764 ; 4.03379
6.53322 ; 5.5657 ; 1.08541 ; 3.8373
4.73686 ; 6.01611 ; -1.18405 ; -2.42379
7.03799 ; 5.03278 ; 3.01816 ; -3.53801
5.08212 ; 3.41716 ; -2.73745 ; -4.22034
5.69447 ; 4.80985 ; 3.67105 ; -2.61762
6.09992 ; 5.08768 ; -1.99983 ; -2.68665
5.58318 ; 4.33741 ; 1.34463 ; 1.17746
5.73608 ; 5.42741 ; 3.25061 ; -3.54017
6.65552 ; 5.38146 ; 1.6593 ; -1.63978
4.93116 ; 4.32265 ; -0.374945 ; -1.98288
7.43515 ; 7.19289 ; 3.76854 ; 3.92032
6.68612 ; 5.9825 ; 4.25722 ; -0.956397
6.42793 ; 4.44128 ; 3.36931 ; -0.42357
4.19457 ; 6.30919 ; -4.16273 ; 2.21409
4.65523 ; 5.55407 ; -0.472484 ; -2.97337
6.89766 ; 3.63747 ; 4.06628 ; -3.07313
6.52975 ; 4.1118 ; 0.256462 ; -4.21534
5.28732 ; 5.82746 ; -2.22288 ; 0.44104
5.85693 ; 5.64435 ; -1.99723 ; 3.93318
6.97644 ; 4.26726 ; 4.13065 ; -3.94783
5.04297 ; 3.50971 ; -2.52334 ; -4.13473
4.63436 ; 3.85183 ; -2.8356 ; -4.21396
4.22363 ; 3.87943 ; -0.901734 ; -3.70985
4.51762 ; 5.50284 ; -3.08703 ; 3.43643
4.53892 ; 3.34331 ; -0.540835 ; -4.04618
5.51876 ; 4.6126 ; -3.22886 ; -4.01534
5.02038 ; 5.3925 ; -0.484037 ; -2.89192
4.67507 ; 6.43925 ; -1.12088 ; 4.01761
3.54669 ; 5.07816 ; -4.01054 ; 0.948606
5.54797 ; 3.61113 ; 2.05145 ; -3.90184
6.81858 ; 4.65391 ; 3.68471 ; -4.19098
7.43249 ; 6.24589 ; 4.01224 ; 0.238855
8.10147 ; 6.78804 ; 3.67943 ; 3.68897
5.72281 ; 5.33873 ; 2.76995 ; 3.60269
5.1624 ; 5.08395 ; -1.23012 ; 3.28911
7.3548 ; 7.45207 ; 3.83981 ; 3.2771
5.86724 ; 5.17706 ; -1.37346 ; 0.323366
4.13708 ; 4.28669 ; -3.57908 ; -3.26796
4.45145 ; 4.43699 ; -1.21173 ; -2.76334
6.23098 ; 5.5034 ; -0.134357 ; -0.368112
5.137 ; 5.72984 ; -2.42686 ; 2.97523
3.21113 ; 6.2433 ; -3.81457 ; 2.94153
7.05638 ; 5.47065 ; 3.24115 ; 3.60028
4.38991 ; 3.11835 ; -3.60884 ; -4.04895
6.76795 ; 5.38695 ; 4.20636 ; -0.946606
4.80929 ; 4.9811 ; -0.592914 ; 2.19658
5.13849 ; 4.33011 ; -3.61374 ; -4.33393
5.26263 ; 3.86968 ; -2.3551 ; -3.70255
5.33363 ; 4.95312 ; 1.7676 ; -0.407183
6.48036 ; 6.00682 ; -0.401616 ; -2.55818
6.04824 ; 3.20133 ; 3.08963 ; -4.15266
4.56683 ; 4.13954 ; -0.413717 ; 0.582016
6.45759 ; 6.04079 ; -1.54937 ; -0.624357
6.19514 ; 3.61346 ; -1.24487 ; -4.04673
3.77301 ; 3.63037 ; -3.91109 ; -3.57875
5.18028 ; 6.38283 ; -2.51654 ; 3.0677
5.25395 ; 5.4092 ; -2.16357 ; 1.33873
4.53404 ; 4.01407 ; -2.21991 ; -2.6995
5.81832 ; 5.84026 ; 1.07632 ; 2.57031
5.6723 ; 6.09479 ; 2.77225 ; 4.1233
7.36131 ; 3.9651 ; 3.61065 ; -3.70111
5.97378 ; 5.60157 ; 3.22221 ; 0.331824
5.62058 ; 5.39119 ; 1.19532 ; -2.66611
6.18358 ; 4.3999 ; 0.283606 ; -2.40477
7.10639 ; 6.30268 ; 4.26667 ; 0.287078
4.92439 ; 5.68167 ; -3.46873 ; 3.6724
3.94171 ; 6.37847 ; -4.126 ; 3.91461
4.74654 ; 5.94292 ; -2.06633 ; 3.00787
6.27852 ; 5.18261 ; 2.59441 ; -0.713814
6.6133 ; 5.61528 ; 2.9217 ; 3.59403
6.43929 ; 4.13956 ; 1.30038 ; -3.88376
6.72295 ; 6.22542 ; 3.66178 ; 3.62664
5.26369 ; 6.959 ; -3.10214 ; 4.17567
6.15996 ; 3.45403 ; -1.29093 ; -4.07945
5.21938 ; 4.49471 ; -1.59524 ; -1.82368
6.98982 ; 5.84482 ; 4.26746 ; 2.8223
4.6262 ; 5.62087 ; -3.47998 ; 3.68432
6.79599 ; 4.73579 ; 3.61352 ; 2.18611
5.59221 ; 6.06294 ; 2.60604 ; 4.11995
3.57267 ; 6.74632 ; -4.00526 ; 3.08264
3.67468 ; 5.74132 ; -4.10583 ; -0.578727
7.46431 ; 3.8549 ; 3.21551 ; -4.13648
7.93611 ; 6.2428 ; 3.91482 ; 3.64645
3.0408 ; 7.89518 ; -3.081 ; 2.77962
7.213 ; 3.20394 ; 4.00064 ; -3.75601
6.58927 ; 4.58489 ; 1.91775 ; 2.16422
5.73366 ; 3.82208 ; -3.2157 ; -3.852
7.3383 ; 7.29716 ; 3.98701 ; 3.91314
6.84646 ; 6.33282 ; 2.47837 ; 4.03848
7.78325 ; 3.19228 ; 3.75251 ; -3.51928
6.29201 ; 3.73988 ; 2.17916 ; -3.75105
4.96061 ; 4.13055 ; 0.994245 ; -0.709852
5.79419 ; 4.47094 ; 2.59217 ; 0.894474
4.502 ; 7.27752 ; -3.94149 ; 3.39664
5.29138 ; 5.28528 ; -1.30879 ; 2.02009
5.2327 ; 6.58845 ; -3.23762 ; 1.17339
4.70868 ; 5.35019 ; -2.81681 ; 2.78721
6.12191 ; 6.10444 ; 1.5273 ; -0.27778
5.61331 ; 5.91653 ; 3.85923 ; 1.19582
6.32695 ; 7.10057 ; 4.11617 ; 3.1132
6.62566 ; 3.18981 ; 3.78072 ; -4.0121
7.23222 ; 6.96259 ; 4.00154 ; 3.97503
6.44601 ; 6.36221 ; 2.39035 ; 3.68843
7.14598 ; 6.72922 ; 4.01128 ; 3.99112
5.79266 ; 3.84034 ; -3.01037 ; -3.90194
3.55188 ; 6.74119 ; -3.48457 ; 3.65518
5.65245 ; 6.09839 ; -3.031 ; 3.91333
4.25816 ; 4.74659 ; -3.9173 ; -2.5178
5.12465 ; 6.64113 ; -3.6276 ; 4.05127
5.76019 ; 7.16803 ; -2.30966 ; 4.10215
6.49576 ; 4.63925 ; 4.07254 ; -3.59468
4.40432 ; 5.78357 ; -3.89334 ; 1.13957
5.54131 ; 3.49862 ; -2.28104 ; -4.18959
4.98172 ; 5.26458 ; 2.16268 ; -3.67382
6.69726 ; 5.43518 ; 4.15439 ; -1.76059
6.13632 ; 5.2231 ; 3.56317 ; -3.0668
5.47912 ; 6.44271 ; -1.65448 ; 2.3107
6.30837 ; 5.26439 ; 4.06932 ; -2.29111
5.9963 ; 5.1081 ; 3.51512 ; -1.79087
7.45854 ; 3.69174 ; 3.644 ; -3.92603
5.51074 ; 3.55278 ; 2.50459 ; -4.29513
5.5771 ; 3.78906 ; 1.49643 ; -3.8527
6.22963 ; 7.49235 ; 2.81399 ; 3.93029
3.56836 ; 7.42323 ; -3.29288 ; 3.52021
6.67139 ; 4.63649 ; 0.584257 ; -0.396466
3.88775 ; 4.09382 ; -3.83706 ; -2.56416
5.04618 ; 4.99823 ; 1.13679 ; -3.12928
5.57055 ; 6.9336 ; 0.960587 ; 4.19815
6.57695 ; 4.24564 ; 3.31076 ; -2.25925
4.62786 ; 5.36607 ; 0.328901 ; -3.95253
7.17119 ; 4.14819 ; 3.88387 ; -4.16305
3.44003 ; 7.19995 ; -3.63323 ; 2.73514
6.1532 ; 4.94646 ; 1.98152 ; 0.458348
5.38919 ; 4.79641 ; -2.47058 ; -4.10773
5.62326 ; 4.13872 ; 1.50651 ; -4.33884
7.20056 ; 4.35267 ; 3.59027 ; -4.22764
5.87871 ; 4.51496 ; -1.22157 ; -2.15912
5.29154 ; 4.40868 ; 1.75324 ; -3.54899
4.5651 ; 4.30971 ; 0.425898 ; -2.44064
7.80742 ; 3.79437 ; 3.88636 ; -2.73285
6.01659 ; 5.04012 ; 3.76416 ; 1.03711
6.49336 ; 5.19461 ; 3.57877 ; -3.09962
7.23515 ; 5.69367 ; 4.21256 ; -1.68371
5.30543 ; 3.53745 ; -2.6731 ; -3.97828
4.95415 ; 5.11984 ; -3.56255 ; -0.0889429
4.46058 ; 6.58545 ; -3.94006 ; 3.03121
7.3393 ; 4.4543 ; 3.57425 ; -4.13937
3.52411 ; 4.17278 ; -3.99264 ; -3.54491
5.14705 ; 4.12659 ; -3.53597 ; -4.23938
5.2359 ; 3.54069 ; -1.98573 ; -4.03302
3.78867 ; 7.04268 ; -3.46245 ; 3.55156
7.78175 ; 7.43998 ; 3.68316 ; 2.63388
6.41078 ; 6.12283 ; 0.749584 ; 3.82041
5.42842 ; 5.73972 ; -1.33841 ; 3.96206
5.31372 ; 5.71771 ; 2.77168 ; 2.43356
6.68237 ; 3.15438 ; 2.43446 ; -4.05436
4.21806 ; 7.28118 ; -3.97437 ; 3.27882
5.94612 ; 4.17449 ; -2.37615 ; -2.90936
6.00038 ; 4.21225 ; 3.8524 ; -4.25384
5.25751 ; 6.69084 ; 2.31136 ; 4.21646
5.39991 ; 5.50022 ; 0.873864 ; 1.99748
6.58582 ; 5.66279 ; 1.83151 ; -1.93205
5.21546 ; 5.79274 ; 0.376749 ; 2.92478
4.84039 ; 4.67709 ; -1.89251 ; -0.817053
7.73587 ; 7.75414 ; 3.56488 ; 3.45863
6.26439 ; 7.12257 ; 3.8359 ; 3.98554
4.80783 ; 4.29581 ; 0.806439 ; 0.281115
3.95388 ; 5.75197 ; -4.03294 ; 1.83249
6.09679 ; 5.67539 ; 2.8535 ; 1.28971
4.59146 ; 5.76793 ; -3.529 ; 1.35084
6.22004 ; 4.16367 ; -1.79381 ; -2.95529
6.56605 ; 6.27083 ; 0.939192 ; -0.731284
6.47135 ; 5.04748 ; 1.86595 ; -2.38855
4.13545 ; 5.13517 ; -4.07595 ; -0.609885
6.10265 ; 6.4468 ; -1.21275 ; 4.05474
3.48927 ; 6.85911 ; -3.75557 ; 1.90829
3.56365 ; 7.40954 ; -3.55486 ; 3.50823
7.46114 ; 6.78744 ; 3.77922 ; 3.61841
4.9394 ; 3.76657 ; -1.18224 ; -4.32457
5.84623 ; 5.72282 ; 2.0256 ; 0.263612
7.40609 ; 7.37861 ; 3.86254 ; 3.65605
4.78956 ; 3.52225 ; -0.920669 ; -3.98078
6.06446 ; 4.31433 ; -1.40236 ; 1.20701
3.37405 ; 3.19249 ; -3.06183 ; -3.64745
6.56826 ; 4.18603 ; 2.06229 ; -2.57849
7.78156 ; 5.30525 ; 4.02333 ; 0.03261
5.88964 ; 5.14592 ; 0.181953 ; 2.2644
4.42636 ; 7.07223 ; -3.9714 ; 3.52932
5.06381 ; 4.98089 ; 0.308621 ; -3.38049
4.76438 ; 6.49471 ; -2.42516 ; 3.97668
7.01943 ; 3.10544 ; 3.88412 ; -3.653
5.50291 ; 6.90371 ; -3.76356 ; 2.79665
3.17183 ; 4.93436 ; -3.84463 ; -2.94877
7.09025 ; 4.68224 ; 4.17736 ; -0.172059
5.91754 ; 7.39523 ; 0.202341 ; 4.00266
4.87922 ; 3.9196 ; 0.451844 ; -4.23747
5.60917 ; 5.35047 ; -3.21744 ; -0.618085
6.86464 ; 4.83229 ; 3.64523 ; -0.372103
5.96392 ; 5.84072 ; 1.47853 ; 2.33362
5.25019 ; 4.73528 ; 0.486975 ; 1.16334
4.05254 ; 6.28787 ; -3.53176 ; -1.13427
6.42165 ; 5.53403 ; -0.187079 ; -3.31339
5.44745 ; 4.58086 ; -3.39299 ; -3.94881
6.35803 ; 4.70227 ; -1.87287 ; 0.860569
3.53504 ; 3.3778 ; -3.76337 ; -3.65324
7.65407 ; 3.79172 ; 3.98194 ; -3.7235
6.88304 ; 4.50897 ; 3.46098 ; -4.18797
3.59482 ; 6.73094 ; -3.84189 ; 2.08567
5.85985 ; 6.04991 ; 3.5038 ; -0.0893372
6.45265 ; 5.12712 ; -0.812248 ; -2.84913
6.34513 ; 4.47989 ; 2.96437 ; -0.478447
7.31404 ; 5.40564 ; 4.15264 ; -0.191563
6.24891 ; 4.49433 ; 2.81474 ; 1.08341
7.26521 ; 4.18994 ; 4.17509 ; -2.71968
4.59876 ; 6.49474 ; -2.06759 ; 4.08134
6.72524 ; 7.02374 ; 3.66632 ; 3.27023
6.51399 ; 4.45826 ; -1.06315 ; -3.46451
6.32791 ; 5.35417 ; 4.17351 ; -1.49599
5.69484 ; 4.06722 ; -0.917076 ; -2.08629
5.56852 ; 5.81106 ; -2.35707 ; -1.01903
6.65691 ; 4.64826 ; 4.1001 ; 1.53132
4.01221 ; 6.83771 ; -4.0399 ; 3.80421
7.40986 ; 6.5309 ; 4.19054 ; 3.44812
5.49664 ; 4.83642 ; -2.44438 ; -2.84051
4.90365 ; 6.44553 ; -3.28032 ; 1.49332
4.52541 ; 6.56218 ; -3.55028 ; 3.39876
5.68941 ; 4.38511 ; 1.98311 ; -4.20798
4.50338 ; 5.46867 ; -0.900935 ; 2.29604
4.71541 ; 5.03063 ; -3.94717 ; 1.85407
5.14174 ; 3.89439 ; 1.85104 ; -3.57242
6.69092 ; 7.28979 ; 3.98742 ; 4.06038
7.15581 ; 6.97368 ; 4.0887 ; 2.54092
5.13001 ; 3.39368 ; -3.34561 ; -3.94638
7.58693 ; 3.3033 ; 3.32142 ; -3.47215
3.82238 ; 3.10415 ; -3.08777 ; -3.79693
4.97791 ; 4.89424 ; 0.318627 ; 3.22912
5.50745 ; 4.96837 ; 3.67659 ; 2.46007
6.92171 ; 5.45841 ; 2.11863 ; -3.20847
5.57991 ; 3.82837 ; -3.08714 ; -3.08898
4.51028 ; 6.3819 ; -3.53244 ; 3.38303
4.89064 ; 4.12464 ; -0.558527 ; -3.79187
4.67387 ; 6.90493 ; -3.07906 ; 3.90488
4.87428 ; 4.87517 ; -1.26 ; 1.94975
5.11546 ; 5.53242 ; -1.9114 ; -0.291614
5.49489 ; 4.85519 ; 3.73285 ; 1.94624
6.64394 ; 5.17164 ; 4.24115 ; -3.50707
4.62254 ; 6.03294 ; -3.99442 ; 2.86878
6.58363 ; 4.1918 ; 3.04064 ; -3.43462
4.43854 ; 6.06792 ; -3.9171 ; -0.325238
7.64097 ; 5.70088 ; 4.04316 ; 2.93511
7.06356 ; 6.54018 ; 3.64562 ; 3.5712
6.45898 ; 4.83177 ; 3.83447 ; -2.49984
6.27163 ; 6.94693 ; 1.12329 ; 3.95095
7.16389 ; 4.36345 ; 4.26466 ; -1.80324
7.76786 ; 6.76663 ; 3.681 ; 3.48534
6.21101 ; 3.67288 ; -1.43557 ; -4.12962
5.26375 ; 4.8602 ; 1.08074 ; 2.35729
5.53407 ; 5.27447 ; -0.862104 ; -3.61647
5.58163 ; 6.84898 ; 3.66338 ; 2.78724
6.68009 ; 4.92532 ; 2.93308 ; -3.39376
3.57222 ; 7.1125 ; -3.6108 ; 3.80104
6.31403 ; 6.10482 ; 2.58781 ; 0.445689
5.86452 ; 5.48648 ; 2.69998 ; -2.49892
6.32869 ; 3.83057 ; 3.9099 ; -2.98526
6.68766 ; 4.215 ; 2.30468 ; 0.536739
7.02561 ; 5.26086 ; 4.06769 ; 2.58016
6.83666 ; 5.88431 ; 2.06782 ; -1.37723
6.14303 ; 6.18959 ; 2.71983 ; 2.18101
4.14158 ; 4.39341 ; -4.11304 ; -3.81264
3.91008 ; 6.31723 ; -4.13898 ; 3.46086
4.11396 ; 4.07344 ; -3.43267 ; -3.93937
6.16258 ; 3.49556 ; -1.36747 ; -4.16975
4.928 ; 5.97151 ; 0.661404 ; 2.54555
3.90581 ; 4.72806 ; -3.83369 ; -4.14065
6.46507 ; 3.44354 ; 3.98577 ; -3.61705
5.45161 ; 6.48482 ; -3.18141 ; 4.0543
5.39716 ; 3.78826 ; 3.38943 ; -3.15576
6.04705 ; 5.9143 ; 2.83661 ; 2.28913
4.57832 ; 4.30321 ; -4.17143 ; -3.44732
5.67558 ; 4.9314 ; -1.75997 ; 2.17643
5.42505 ; 5.90104 ; -3.66186 ; -0.542539
4.59494 ; 4.29486 ; 0.0728843 ; -0.709115
4.76491 ; 3.3895 ; -0.073004 ; -4.01335
7.47047 ; 6.40347 ; 3.93111 ; 3.84492
7.02676 ; 4.37063 ; 3.81509 ; -1.17822
5.2265 ; 5.04819 ; -2.91685 ; -3.9375
7.05612 ; 5.09882 ; 4.30877 ; 0.200561
5.83274 ; 4.14007 ; 3.59283 ; -0.713668
7.01725 ; 5.28523 ; 3.94171 ; 3.10309
4.47257 ; 5.93184 ; -3.95253 ; 3.89022
7.28785 ; 3.72109 ; 3.19856 ; -3.75656
6.20635 ; 5.54729 ; 3.4831 ; 2.49331
7.16422 ; 4.62304 ; 3.9907 ; -1.40609
5.5952 ; 6.26907 ; 0.992395 ; 0.663012
4.85065 ; 5.42703 ; 0.428739 ; -3.2738
5.96121 ; 7.07271 ; 1.32798 ; 3.99864
4.40669 ; 6.77662 ; -1.53415 ; 3.76733
5.24531 ; 5.50022 ; -3.6163 ; 3.72215
4.70647 ; 4.80218 ; -0.19804 ; -0.344688
4.8053 ; 4.21782 ; -4.09284 ; -3.41052
4.23599 ; 5.71532 ; -4.00766 ; -2.57487
3.87891 ; 7.2241 ; -3.64589 ; 3.63601
6.73587 ; 6.87874 ; 3.22932 ; 3.84372
4.86439 ; 5.65403 ; -3.56717 ; 0.437478
7.28461 ; 5.31888 ; 4.23647 ; -0.0713231
6.26069 ; 4.97403 ; -0.0738025 ; 1.81832
4.37168 ; 5.29018 ; -1.8617 ; 2.17645
5.23579 ; 4.81918 ; -1.25429 ; -3.55942
3.6195 ; 5.87858 ; -4.05011 ; 2.28197
6.39327 ; 5.72519 ; 3.20526 ; 3.55986
5.69634 ; 3.24253 ; 2.13073 ; -4.09521
6.66773 ; 5.53521 ; 3.68397 ; 2.32432
5.06264 ; 3.9517 ; -3.769 ; -1.74349
3.79461 ; 4.07841 ; -4.13154 ; -1.57691
6.46682 ; 4.24624 ; 2.12488 ; 0.660377
6.63204 ; 4.28858 ; 3.18371 ; 0.801317
5.35392 ; 4.32926 ; -1.62048 ; -0.278769
3.78262 ; 6.09786 ; -3.88625 ; 3.11119
6.34931 ; 5.68757 ; 3.56032 ; -2.88522
5.39908 ; 4.33886 ; -2.10553 ; -4.30839
6.2447 ; 3.97452 ; 3.88333 ; -2.47407
3.93931 ; 6.67269 ; -3.20639 ; 3.63212
3.96405 ; 4.50623 ; -4.22008 ; -0.402536
5.70375 ; 6.12259 ; 3.32694 ; -1.02265
6.74479 ; 4.94371 ; 4.13982 ; 1.29579
6.1811 ; 5.76645 ; 1.51563 ; -0.979349
4.36831 ; 4.34475 ; -4.04897 ; -3.5914
5.79434 ; 5.70576 ; 3.06197 ; -2.92684
6.13963 ; 4.02156 ; 1.05018 ; -2.40449
4.17033 ; 6.55313 ; -2.19181 ; 2.53789
6.89459 ; 6.19902 ; 3.47817 ; 3.24717
4.96522 ; 4.14247 ; -3.15963 ; -2.77147
3.95249 ; 4.07019 ; -3.73188 ; -3.99335
5.69806 ; 5.301 ; -3.36914 ; 2.31595
5.9707 ; 6.3841 ; -0.703003 ; 2.00315
6.56427 ; 5.14203 ; 0.747818 ; -0.973244
6.78751 ; 5.9138 ; 3.21526 ; 3.18966
5.07935 ; 3.08233 ; -3.18806 ; -4.0491
5.54469 ; 6.14217 ; -0.0408529 ; 4.06808
4.83036 ; 3.56005 ; -3.68739 ; -4.31246
7.05296 ; 3.71839 ; 1.92574 ; -3.77135
4.77437 ; 5.03755 ; 1.90221 ; -1.9793
5.31813 ; 7.02098 ; 3.09866 ; 3.60543
3.85784 ; 6.78573 ; -3.92519 ; 3.52236
4.58066 ; 6.58606 ; -3.75322 ; 3.95251
6.72117 ; 6.4865 ; 3.99645 ; 1.90686
4.90444 ; 5.8276 ; -4.1246 ; 0.886913
5.32095 ; 5.10114 ; -3.84745 ; -0.915427
5.4235 ; 3.46805 ; 0.57507 ; -4.16915
5.97642 ; 5.41981 ; 1.40461 ; -0.863614
5.66756 ; 3.87825 ; -0.229802 ; -3.72326
3.9729 ; 6.5618 ; -2.03629 ; 3.68621
5.28697 ; 3.30556 ; -3.64882 ; -3.82205
4.09889 ; 7.77569 ; -3.70043 ; 3.53683
4.52116 ; 2.95287 ; -3.73561 ; -3.93608
5.12791 ; 6.12272 ; -2.92128 ; 0.591126
5.70969 ; 5.53493 ; -3.49824 ; -1.05678
3.59962 ; 5.23808 ; -4.06362 ; 0.747112
6.16359 ; 4.69354 ; -0.482975 ; -4.10719
3.82674 ; 7.73039 ; -2.81949 ; 3.51232
6.81909 ; 5.44274 ; 1.65161 ; 3.75052
4.55612 ; 3.82126 ; -2.67938 ; -3.76129
4.35642 ; 3.41736 ; -3.81394 ; -4.13783
6.95681 ; 3.50305 ; 4.02878 ; -3.87372
6.68902 ; 4.88976 ; 2.70064 ; 1.94676
5.11861 ; 3.18478 ; 1.53762 ; -4.00775
4.19433 ; 4.71238 ; -3.98198 ; -2.20105
6.63835 ; 5.39234 ; 3.93058 ; 2.76619
4.07426 ; 5.39289 ; -3.84189 ; -1.78493
4.13395 ; 4.49088 ; -2.1783 ; -4.05832
6.06268 ; 3.14157 ; -1.45415 ; -4.04541
5.69409 ; 4.75903 ; 0.149688 ; 2.22131
4.10826 ; 4.30988 ; -4.14993 ; -1.0717
4.35405 ; 5.12514 ; -4.24206 ; 1.89515
5.39343 ; 5.36646 ; -1.62379 ; -1.27347
4.04345 ; 5.39413 ; -4.13623 ; 0.187347
3.5721 ; 4.11586 ; -3.50386 ; -4.05757
6.9975 ; 3.40998 ; 3.84181 ; -3.54644
6.80089 ; 5.24684 ; 3.98611 ; -1.18455
5.36835 ; 6.32404 ; 2.3728 ; 4.23148
4.78198 ; 6.22459 ; 0.874721 ; 4.21855
7.66282 ; 4.37134 ; 3.97872 ; -3.12869
6.11506 ; 4.46291 ; 2.58753 ; -3.57616
6.60963 ; 4.93451 ; 3.53559 ; -1.34309
6.67471 ; 7.09538 ; 3.3518 ; 3.99806
5.32009 ; 6.41904 ; -0.253488 ; 1.32433
3.09586 ; 3.4207 ; -3.6057 ; -3.61131
6.00693 ; 6.17164 ; 4.06102 ; 3.3281
4.9946 ; 5.15815 ; -0.449548 ; 0.349648
3.63422 ; 3.89583 ; -3.79908 ; -3.22586
7.962 ; 4.53242 ; 3.9048 ; -3.38665
5.82666 ; 6.07164 ; 3.98533 ; 2.57828
6.9669 ; 4.3347 ; 3.48159 ; -0.59472
5.91626 ; 5.76848 ; 1.40489 ; -0.447287
6.43807 ; 3.35518 ; 2.73714 ; -4.11946
4.80339 ; 6.6452 ; -2.56062 ; 3.60654
6.77337 ; 5.55351 ; 2.87004 ; -0.151393
7.42336 ; 7.29224 ; 3.76123 ; 3.85796
6.17964 ; 3.95926 ; 4.1499 ; -1.79983
6.47469 ; 6.36317 ; 4.07517 ; 1.45775
4.20773 ; 7.2666 ; -3.84112 ; 3.03841
6.01165 ; 5.50749 ; -2.37618 ; 1.82295
4.49715 ; 4.46947 ; -3.80652 ; 0.404038
5.43251 ; 5.06332 ; 2.0386 ; -1.61169
6.55803 ; 5.3607 ; 4.01613 ; 2.73484
6.55717 ; 5.76573 ; -1.82477 ; -0.612002
5.27801 ; 6.41547 ; 2.75991 ; 2.17595
4.63767 ; 5.80851 ; 1.76554 ; 1.27454
6.44925 ; 5.93424 ; 1.09156 ; -0.715028
3.94928 ; 5.36773 ; -4.10353 ; -1.06441
6.3867 ; 4.38598 ; 1.80831 ; -4.03522
7.271 ; 5.3818 ; 4.21543 ; -1.39176
5.92651 ; 5.88217 ; 0.720184 ; 2.35264
5.42946 ; 4.43025 ; -2.30122 ; -3.92303
5.90275 ; 6.11971 ; 1.02317 ; 3.71554
3.84959 ; 3.7186 ; -4.03495 ; -4.17349
5.82827 ; 5.83583 ; 1.79058 ; 3.52892
6.11374 ; 4.4784 ; 0.244383 ; -2.35993
5.07296 ; 4.45191 ; -1.0183 ; -1.44228
5.30467 ; 4.19715 ; -3.73055 ; -2.84735
7.81849 ; 4.50602 ; 4.00867 ; -3.4313
5.61945 ; 6.27593 ; 2.45986 ; 2.00436
5.71695 ; 4.49734 ; 3.76265 ; -1.96689
5.92737 ; 5.66597 ; 3.35139 ; 3.86468
5.16847 ; 3.62414 ; -1.29175 ; -4.27285
6.18658 ; 5.59456 ; 4.03629 ; -0.418651
6.09776 ; 4.11216 ; -0.96943 ; -2.11832
5.47856 ; 6.04913 ; -2.26479 ; 1.78875
5.10166 ; 5.86114 ; -1.24153 ; 1.80787
3.53186 ; 7.03349 ; -3.15758 ; 3.71755
6.18299 ; 4.78214 ; 3.33446 ; -1.5208
6.06975 ; 4.53833 ; 4.05455 ; -3.64506
3.89022 ; 5.93416 ; -4.21557 ; 3.36555
5.96235 ; 4.79126 ; -3.09331 ; -1.69965
5.9575 ; 6.28463 ; -0.0281842 ; 1.55198
5.16009 ; 5.00063 ; -2.39314 ; 1.18927
6.08747 ; 5.69948 ; 3.47917 ; 0.179677
6.41719 ; 5.26102 ; 3.9249 ; 0.30443
4.57122 ; 4.2389 ; -2.84177 ; -2.15831
5.21298 ; 6.03595 ; -3.11347 ; 3.73089
4.40912 ; 6.39081 ; -3.36302 ; -0.423036
6.52748 ; 6.39186 ; 1.85637 ; -0.426059
4.14324 ; 7.30068 ; -2.96233 ; 3.94895
3.78451 ; 7.07079 ; -3.02943 ; 3.68598
7.39025 ; 3.92792 ; 3.06032 ; -3.81833
7.15101 ; 3.83219 ; 4.14531 ; -2.97079
4.06264 ; 4.18037 ; -4.06218 ; -1.4034
4.57048 ; 4.57757 ; -0.753504 ; -2.37641
6.37386 ; 6.85338 ; -0.392911 ; 3.96387
6.2371 ; 5.24646 ; -0.512817 ; -4.05862
5.74143 ; 3.94307 ; -2.85288 ; -2.93907
5.13882 ; 6.27992 ; -0.918507 ; 3.95684
7.88014 ; 3.13666 ; 3.70528 ; -3.65784
5.61747 ; 6.55007 ; 2.5953 ; 4.1877
5.7915 ; 5.75417 ; -2.76148 ; -1.90112
5.22968 ; 4.68048 ; -3.51871 ; 1.42261
4.73915 ; 4.65913 ; -3.55249 ; -3.36081
4.38753 ; 6.23158 ; -4.25034 ; 0.763474
6.19244 ; 6.58262 ; 0.278238 ; 3.58209
4.64773 ; 3.87843 ; -2.40443 ; -3.82284
7.41337 ; 4.33816 ; 4.15147 ; 0.0922337
7.36747 ; 4.69202 ; 4.18592 ; 0.0378031
3.62483 ; 6.80468 ; -3.14677 ; 3.95456
7.10815 ; 3.89974 ; 3.24778 ; -3.93998
5.71145 ; 5.00098 ; -2.0039 ; -3.72613
6.52488 ; 6.75785 ; 0.168358 ; 4.1402
5.81687 ; 7.59161 ; -1.94154 ; 3.79723
4.01865 ; 4.47549 ; -2.93752 ; -4.17227
4.46143 ; 5.53393 ; -2.3701 ; -1.17816
4.71617 ; 4.96116 ; -4.05458 ; -3.4869
5.6239 ; 4.3911 ; 0.30197 ; -3.94017
6.20054 ; 5.31192 ; 3.32041 ; 3.38583
4.93132 ; 4.43452 ; 2.87769 ; -0.22769
5.47819 ; 4.30011 ; -3.48012 ; -3.82554
4.65352 ; 3.99745 ; -1.34275 ; -0.478535
7.55165 ; 7.2476 ; 3.3681 ; 3.43678
6.53415 ; 4.76596 ; 3.56503 ; -0.288749
6.60449 ; 3.11539 ; 2.22249 ; -3.98869
3.57095 ; 6.11392 ; -3.84486 ; 3.08259
5.47475 ; 3.84618 ; -3.21309 ; -3.6945
7.37436 ; 3.90064 ; 4.07524 ; -3.58605
5.37326 ; 4.22076 ; -1.89098 ; -0.516249
5.30228 ; 6.57697 ; -2.68634 ; 3.2052
5.04289 ; 5.91164 ; -2.49462 ; 3.67266
6.55227 ; 4.35352 ; 3.78958 ; 0.438733
5.16703 ; 4.30878 ; 2.62934 ; -3.42897
6.27607 ; 6.21797 ; 3.06642 ; 4.11408
5.37585 ; 4.43022 ; -0.900734 ; 0.642127
7.46594 ; 3.04985 ; 2.83568 ; -3.72217
5.80374 ; 5.44878 ; -0.913193 ; 2.56417
3.63897 ; 3.19149 ; -2.99303 ; -3.73845
2.93352 ; 3.27252 ; -3.35198 ; -3.46016
6.77092 ; 6.85731 ; 4.17284 ; 2.6301
4.69159 ; 3.78059 ; -2.807 ; -3.93786
6.47493 ; 3.65553 ; 1.17019 ; -3.93805
5.20997 ; 4.70262 ; -2.43405 ; 1.5143
6.40626 ; 6.36167 ; -0.0723937 ; 3.97888
5.01578 ; 5.68656 ; -3.75975 ; 3.55788
6.71352 ; 5.80167 ; 4.22668 ; 2.64119
6.18256 ; 4.61592 ; 1.6808 ; -2.94186
4.46364 ; 5.8153 ; -1.72744 ; 2.16165
5.46595 ; 5.55853 ; -3.86343 ; -0.950597
4.61696 ; 3.77252 ; -2.39795 ; -4.30206
7.364 ; 6.52243 ; 3.69671 ; 3.69219
5.99083 ; 5.37296 ; 3.40124 ; -2.31482
3.27828 ; 3.85285 ; -3.80182 ; -3.95831
3.91906 ; 6.10968 ; -3.90481 ; -0.5502
5.30654 ; 6.0923 ; -0.213075 ; 3.9135
5.66814 ; 4.79404 ; 1.60786 ; -0.978518
4.58124 ; 5.11092 ; -2.32856 ; -4.03962
4.54312 ; 6.74092 ; -2.86594 ; 4.00663
6.48671 ; 4.69049 ; 0.798531 ; 2.35633
3.71298 ; 4.31661 ; -3.84976 ; -3.27409
5.07325 ; 6.60165 ; -1.09895 ; 4.03574
4.89365 ; 5.15176 ; -3.7975 ; -1.1326
6.49185 ; 5.00241 ; 2.92089 ; 3.13098
7.65827 ; 3.47941 ; 3.50517 ; -3.95672
7.40642 ; 4.00693 ; 3.91583 ; -3.39652
7.55095 ; 7.61738 ; 3.70911 ; 3.54183
6.82542 ; 6.37106 ; 3.35616 ; 3.20883
5.26077 ; 4.84255 ; -3.8173 ; 0.811644
4.5505 ; 5.13597 ; -1.79369 ; -1.92159
5.17198 ; 4.71086 ; -1.18162 ; -0.13839
6.94186 ; 5.28919 ; 3.11763 ; -2.57275
6.81178 ; 5.71821 ; 3.99434 ; 2.51424
7.47265 ; 3.92536 ; 4.0514 ; -2.45424
3.76275 ; 7.33828 ; -2.95676 ; 3.41366
5.52243 ; 5.95103 ; 0.300274 ; 3.67158
6.80871 ; 6.16737 ; 2.72023 ; 2.56049
6.15941 ; 6.63355 ; 0.766054 ; 3.33581
5.32721 ; 4.39592 ; 2.74422 ; 0.271057
5.44575 ; 6.09833 ; 2.09246 ; 3.91116
5.56325 ; 6.08533 ; -0.944105 ; -1.38471
4.71327 ; 4.78894 ; -1.90633 ; 1.69638
5.56145 ; 7.01672 ; 1.75251 ; 4.04045
6.4315 ; 3.76811 ; 0.871269 ; -4.10247
6.10965 ; 3.75252 ; -2.34918 ; -3.92971
5.48404 ; 4.83385 ; 3.66785 ; -2.70372
3.50875 ; 7.3729 ; -3.46513 ; 3.08368
6.65328 ; 4.9569 ; 1.07744 ; 0.55217
6.41589 ; 5.22825 ; -0.064854 ; 3.13641
6.14461 ; 5.99984 ; 4.02645 ; 3.6185
3.82426 ; 3.38178 ; -3.25334 ; -3.87831
6.7405 ; 4.19282 ; 2.14608 ; -2.23411
4.87456 ; 4.51247 ; 1.69985 ; -2.90013
6.10031 ; 4.31658 ; 4.01686 ; -4.25116
4.91419 ; 4.49085 ; -1.545 ; -3.16495
5.25986 ; 7.25021 ; 0.817735 ; 4.03146
5.36264 ; 5.11389 ; -3.74632 ; 1.31299
5.42345 ; 5.81117 ; -2.19262 ; -2.81498
3.61481 ; 7.06347 ; -3.84493 ; 1.7096
5.58281 ; 5.62082 ; -1.72695 ; 2.3483
3.42555 ; 5.52345 ; -3.92126 ; 2.2443
4.03777 ; 3.45663 ; -3.95869 ; -2.92736
5.51111 ; 5.36749 ; -2.56101 ; -3.40213
4.88568 ; 4.66906 ; -2.92042 ; 1.25083
6.33917 ; 3.79356 ; 1.53518 ; -4.24504
4.82404 ; 5.65651 ; -4.01126 ; -1.8324
4.64179 ; 5.10027 ; -3.69709 ; 0.277087
7.19573 ; 6.9442 ; 3.45818 ; 3.84508
6.821 ; 5.13092 ; 3.7968 ; 0.851447
6.67686 ; 5.69993 ; 1.03558 ; 2.81749
5.0643 ; 4.01017 ; -3.60784 ; -2.79425
6.95253 ; 3.90788 ; 4.21791 ; -1.17244
4.79107 ; 5.12415 ; -0.158327 ; -2.32814
4.73541 ; 5.97975 ; -1.83348 ; 3.48955
5.52361 ; 4.76204 ; -0.20199 ; -1.99435
5.46973 ; 4.9345 ; -3.59856 ; -1.67846
6.24373 ; 3.78191 ; 3.84337 ; -3.96625
6.58363 ; 6.2933 ; 3.14241 ; 2.04239
5.70701 ; 3.96611 ; 0.758375 ; -4.34257
5.13958 ; 2.90067 ; -2.62849 ; -3.93919
5.54817 ; 6.45875 ; 1.51519 ; 0.164479
4.87616 ; 3.79863 ; 1.11952 ; -4.14398
5.20447 ; 5.41816 ; -3.6598 ; 2.73293
7.31964 ; 4.14945 ; 3.07187 ; -4.0211
5.1822 ; 6.09493 ; -3.74512 ; 3.05071
4.28453 ; 6.09202 ; -0.360617 ; 1.33143
3.91181 ; 6.14146 ; -3.02195 ; 3.97795
6.58371 ; 6.45812 ; 1.54821 ; -0.0386939
6.30684 ; 4.19959 ; -2.05239 ; -1.49189
6.65229 ; 3.00425 ; 3.66515 ; -3.96237
3.60351 ; 7.37518 ; -3.79113 ; 3.57537
7.28133 ; 3.41081 ; 3.81861 ; -3.27034
5.2645 ; 5.33249 ; -0.511031 ; -2.70715
5.99551 ; 4.66795 ; -2.51004 ; 0.45377
7.48722 ; 5.63397 ; 3.91368 ; -2.76667
7.18027 ; 6.11293 ; 3.8875 ; 1.9127
3.89774 ; 6.40273 ; -3.61324 ; 3.84888
6.05122 ; 4.52549 ; -1.14659 ; -3.46719
6.44222 ; 5.84417 ; -1.154 ; 1.72958
3.94197 ; 6.86328 ; -3.63028 ; 3.94251
3.79841 ; 7.52891 ; -3.5763 ; 3.41207
5.09167 ; 7.49818 ; -3.36044 ; 3.94774
4.7648 ; 3.49729 ; -2.7435 ; -4.08253
6.03596 ; 4.31285 ; 0.649682 ; -4.11025
6.25987 ; 5.52145 ; 4.08362 ; 0.941824
3.8873 ; 5.19577 ; -3.75512 ; -3.7647
5.01687 ; 5.23127 ; 2.22408 ; -0.584945
4.86505 ; 3.27891 ; 0.211255 ; -4.07216
3.7695 ; 5.62974 ; -4.05864 ; -2.4556
3.65908 ; 3.82487 ; -4.06599 ; -4.1075
7.30292 ; 4.55347 ; 3.96445 ; -3.4876
5.82248 ; 4.64082 ; 3.81163 ; -3.7787
6.60995 ; 4.44812 ; 3.31326 ; -2.61404
7.30355 ; 5.71502 ; 4.23856 ; 3.48496
4.08534 ; 4.44722 ; -4.24739 ; -0.682282
6.04142 ; 4.88403 ; -3.00262 ; 1.72398
5.20869 ; 3.30183 ; 2.21563 ; -4.09466
7.98497 ; 5.81635 ; 3.87314 ; 3.03627
5.57027 ; 6.45956 ; -2.94444 ; 3.78558
6.71254 ; 5.06363 ; 3.61595 ; 1.65737
7.13226 ; 3.50754 ; 2.96267 ; -3.74318
4.22095 ; 6.29242 ; -3.97519 ; -0.486693
6.97136 ; 6.39716 ; 3.81715 ; 0.766301
6.65669 ; 4.74289 ; 2.003 ; -3.26894
4.91565 ; 4.9302 ; 0.683721 ; -0.375052
6.57833 ; 4.74013 ; 2.66347 ; -1.69575
6.6903 ; 3.69072 ; 3.42304 ; -3.69617
6.73206 ; 5.69768 ; 3.36821 ; 0.817268
6.18616 ; 5.60363 ; 0.0520564 ; -3.52332
3.66305 ; 6.56178 ; -4.01685 ; 3.83881
4.26071 ; 4.60722 ; -4.06993 ; -4.03691
5.94925 ; 4.21988 ; 1.8075 ; -2.21242
4.19644 ; 3.34473 ; -0.96858 ; -3.91828
6.64842 ; 4.53969 ; 0.315286 ; -4.31726
6.37989 ; 6.72476 ; -1.40059 ; 3.71492
6.9841 ; 5.21127 ; 4.25709 ; -1.3574
5.0291 ; 4.74916 ; 1.25028 ; -3.98439
7.1734 ; 4.84148 ; 3.92583 ; -2.2671
6.84072 ; 4.93536 ; 0.378122 ; 0.853602
5.99358 ; 4.74562 ; 3.37508 ; 2.05378
6.22823 ; 4.20307 ; 3.60775 ; -2.0188
6.10511 ; 4.99773 ; 3.21203 ; 0.622139
5.26491 ; 7.00948 ; 1.3113 ; 3.87691
3.94096 ; 7.80963 ; -3.12459 ; 3.49783
6.08769 ; 4.62297 ; 1.13962 ; -4.12076
4.4751 ; 5.78852 ; 0.123672 ; 0.667666
4.50385 ; 3.58222 ; -3.7391 ; -4.23305
6.73791 ; 5.55825 ; 1.50014 ; 3.90858
3.68657 ; 5.96934 ; -4.08274 ; 2.70093
6.23958 ; 5.42165 ; 0.736662 ; -0.944743
5.42413 ; 6.24586 ; 2.66606 ; 4.07759
3.94659 ; 4.35812 ; -4.04868 ; -1.36398
4.11793 ; 5.15249 ; -2.85969 ; -4.1484
4.20275 ; 4.01441 ; -1.23831 ; -3.58221
6.12429 ; 4.46686 ; -1.22998 ; 0.606679
5.06743 ; 5.10194 ; -3.09428 ; 2.01124
4.46821 ; 3.63545 ; -2.55766 ; -3.79777
7.26955 ; 3.30116 ; 2.69815 ; -3.85712
5.67238 ; 5.61963 ; -0.120526 ; 3.54065
6.44221 ; 5.99319 ; 3.16957 ; 3.84159
4.47888 ; 6.98181 ; -3.62232 ; 3.57298
7.45321 ; 7.61579 ; 3.83876 ; 3.52791
5.53609 ; 5.05273 ; -2.90939 ; 2.84715
5.22177 ; 3.36996 ; -2.01295 ; -4.11868
6.78636 ; 5.53574 ; 1.93826 ; -3.38938
6.2193 ; 4.2748 ; 0.104402 ; -3.81161
5.45813 ; 6.12421 ; 0.305917 ; 3.45875
4.64232 ; 6.08441 ; -3.5288 ; 1.53723
7.17188 ; 4.97308 ; 4.15377 ; -3.02247
5.85265 ; 6.19218 ; -2.93166 ; 0.960873
5.7119 ; 4.09849 ; -3.38259 ; -1.66565
6.27642 ; 3.86809 ; 3.03036 ; -4.28674
5.70375 ; 4.90014 ; -0.873818 ; -1.38205
4.92224 ; 5.45129 ; 2.45432 ; -2.31645
4.08739 ; 4.38946 ; -3.80339 ; 0.29366
5.01359 ; 5.86587 ; -2.85565 ; 3.67435
4.95718 ; 5.99647 ; -2.0166 ; 3.31782
6.38334 ; 4.81374 ; 4.13048 ; -0.57438
6.49318 ; 6.42277 ; -2.03155 ; 1.02095
5.82521 ; 4.66419 ; 0.764475 ; -3.60139
4.02351 ; 6.57782 ; -3.80669 ; 3.26167
5.14724 ; 4.69562 ; -2.78827 ; 2.41051
6.08594 ; 4.94495 ; -0.0831803 ; -3.99818
7.56411 ; 4.46991 ; 4.07791 ; -3.25208
6.44451 ; 4.96395 ; 1.08522 ; -4.00291
6.01284 ; 4.25255 ; 3.5927 ; -2.84018
4.30907 ; 4.82199 ; -3.90437 ; -1.89288
5.98345 ; 4.39234 ; 3.38838 ; -3.57185
5.68127 ; 6.06955 ; -3.35791 ; 2.64117
5.18285 ; 6.10583 ; 0.120106 ; 3.76923
4.68442 ; 6.72293 ; -3.85187 ; 3.73387
5.90388 ; 6.32767 ; 2.94135 ; 1.40483
6.4969 ; 4.28704 ; -0.732764 ; -0.383156
5.07315 ; 4.64865 ; -1.30595 ; 0.309325
6.36152 ; 5.19981 ; 3.30916 ; 3.45598
3.36655 ; 5.73773 ; -3.94789 ; 2.25231
6.40387 ; 6.46347 ; 4.13215 ; 2.58943
4.57754 ; 4.86223 ; -1.68721 ; -0.870827
5.40686 ; 4.39646 ; -0.251938 ; -3.184
7.37775 ; 4.9325 ; 4.18719 ; -3.70252
4.93709 ; 7.15256 ; -1.83578 ; 4.10362
4.18348 ; 4.09171 ; -3.77494 ; -3.50856
6.68111 ; 4.60102 ; 1.24642 ; -3.03837
5.99854 ; 5.26679 ; -2.30419 ; -1.88273
5.39674 ; 6.27144 ; -3.0805 ; 3.75192
6.4123 ; 4.79705 ; 1.10099 ; -2.44755
6.52554 ; 6.55782 ; 3.17724 ; 2.94014
5.48386 ; 5.67348 ; 1.2628 ; 2.82871
4.15399 ; 4.9389 ; -3.76495 ; -3.30257
4.5567 ; 3.12527 ; -1.2125 ; -3.95948
4.93868 ; 7.19153 ; -2.39579 ; 4.05791
4.59937 ; 4.41288 ; -1.07746 ; -0.248406
5.635 ; 5.85949 ; 1.59704 ; 2.86336
6.71825 ; 6.69706 ; 4.07689 ; 1.6525
5.30023 ; 5.09336 ; -3.76243 ; -2.96516
3.67107 ; 6.97666 ; -3.88444 ; 3.56783
6.31299 ; 6.30194 ; 4.16527 ; 2.84808
6.28096 ; 7.1148 ; 3.38887 ; 4.04823
6.00347 ; 4.53409 ; 1.31339 ; 1.34634
6.7943 ; 4.8427 ; 3.63872 ; -3.32226
4.86909 ; 5.15498 ; 0.746657 ; 3.69656
6.71637 ; 3.54176 ; 4.04589 ; -3.83169
6.40033 ; 3.35193 ; 3.15355 ; -4.18944
4.80992 ; 4.89733 ; -2.97851 ; -0.525935
6.17571 ; 6.14518 ; 3.48258 ; 2.24164
4.16849 ; 7.08857 ; -4.09184 ; 2.38223
4.37395 ; 6.9199 ; -3.53185 ; 4.09871
6.58378 ; 4.09729 ; 3.82427 ; -3.83764
4.03608 ; 5.28155 ; -4.15452 ; 2.14856
4.17199 ; 6.72935 ; -4.04344 ; 3.54885
4.16055 ; 6.11225 ; -3.81735 ; 2.04612
6.1164 ; 4.39625 ; -3.06838 ; -2.41455
3.55368 ; 6.165 ; -3.98455 ; 3.14921
6.30424 ; 5.07248 ; -0.356059 ; -3.51778
4.83299 ; 4.69755 ; -0.543038 ; 0.702904
4.66122 ; 4.74759 ; -0.710832 ; -1.70933
4.54657 ; 4.15816 ; -3.97993 ; -3.76047
6.72629 ; 4.0501 ; 4.18206 ; -4.18503
4.23923 ; 4.33385 ; -2.60059 ; -2.9776
6.68683 ; 3.94894 ; 2.4059 ; -3.85888
6.81155 ; 5.53574 ; 3.76643 ; 1.52307
4.62709 ; 3.44579 ; -3.03785 ; -4.16121
4.61262 ; 5.0302 ; 0.349698 ; -1.86786
5.20919 ; 4.11257 ; 0.480572 ; -0.185416
4.73112 ; 5.23476 ; -1.77109 ; -0.438105
5.33538 ; 4.86167 ; -2.54081 ; -3.33353
5.29507 ; 4.668 ; 1.32544 ; 2.52381
3.93877 ; 6.62667 ; -3.56598 ; 3.47233
4.96936 ; 5.1943 ; -0.878543 ; -2.63147
4.68007 ; 4.0931 ; -3.18085 ; -3.98465
4.83405 ; 4.42917 ; 0.513257 ; -4.20083
5.50349 ; 5.37202 ; -1.13777 ; -3.70868
4.40593 ; 6.28252 ; -3.86812 ; 2.49407
4.68008 ; 4.96502 ; -1.27861 ; 1.45837
3.99765 ; 6.78127 ; -3.91111 ; 0.885833
3.53136 ; 7.89587 ; -3.25769 ; 3.22512
6.45687 ; 4.52812 ; 4.24467 ; -3.22965
5.42435 ; 5.11191 ; -2.64485 ; -0.687833
4.90182 ; 3.14068 ; -2.64923 ; -4.05847
5.74524 ; 4.26977 ; 3.28945 ; -4.23177
5.49353 ; 4.3147 ; -2.9725 ; -4.08106
6.03998 ; 4.72255 ; 2.04043 ; -3.80977
5.30385 ; 6.74419 ; -3.99537 ; 2.4431
5.57215 ; 6.20782 ; -1.67967 ; 2.83465
4.31012 ; 4.38958 ; -2.44867 ; -2.76184
6.70167 ; 5.32739 ; 4.25018 ; 1.76908
6.71434 ; 5.91623 ; 3.39314 ; 3.60938
5.99559 ; 3.33739 ; 0.75973 ; -4.15846
4.39009 ; 5.25626 ; -4.01713 ; -2.49715
5.57993 ; 6.24851 ; -1.9651 ; 4.15332
6.53575 ; 6.33533 ; 1.09066 ; -1.45915
6.10316 ; 5.73831 ; 2.99468 ; 3.55415
4.89378 ; 4.27017 ; -0.394552 ; -3.85814
6.80925 ; 4.47468 ; 3.9708 ; 0.109878
3.99081 ; 6.30829 ; -3.5511 ; 3.49113
7.29322 ; 5.33568 ; 4.18195 ; 2.43643
5.63509 ; 5.10462 ; 0.58472 ; 2.95956
4.83384 ; 3.5646 ; 1.22737 ; -3.85797
6.92546 ; 5.0036 ; 2.93805 ; -3.77198
4.09818 ; 3.47485 ; -3.72308 ; -4.04097
4.49479 ; 3.10567 ; -3.89842 ; -3.72441
7.19761 ; 7.27945 ; 4.02087 ; 3.31008
7.71163 ; 4.80187 ; 4.00706 ; 1.31577
6.60564 ; 7.52248 ; 2.78011 ; 3.81479
7.73565 ; 3.0472 ; 2.97677 ; -3.58092
5.65385 ; 3.75006 ; -3.19471 ; -3.97476
5.83723 ; 3.785 ; 3.85489 ; -3.35568
4.78599 ; 5.91661 ; -3.06953 ; 3.44639
5.65273 ; 5.04656 ; -3.177 ; -4.03838
7.00894 ; 5.79547 ; 3.71254 ; 3.54277
6.78546 ; 6.12251 ; 0.770966 ; 2.63764
5.58169 ; 5.73552 ; -3.16411 ; 1.33769
6.31813 ; 4.38765 ; -0.864079 ; 1.4058
4.93629 ; 5.55418 ; -0.00489104 ; 0.583309
8.25434 ; 7.43138 ; 3.27232 ; 3.28512
4.52149 ; 5.95383 ; 1.16289 ; 2.21448
4.42921 ; 4.31947 ; -2.98318 ; -0.463523
5.62113 ; 6.60863 ; -3.00897 ; 3.90532
5.15317 ; 4.31768 ; -2.52 ; -2.36386
6.81685 ; 6.07543 ; 4.27615 ; 0.965972
5.03257 ; 7.31635 ; -0.745294 ; 3.99096
6.5682 ; 7.07591 ; 4.00455 ; 3.41353
4.06197 ; 6.86154 ; -3.8885 ; 2.88798
7.11011 ; 6.04633 ; 3.39845 ; -2.1325
5.61594 ; 7.09146 ; 2.46683 ; 3.99139
5.89013 ; 4.95153 ; -2.00038 ; -2.38106
6.03983 ; 5.73367 ; 2.93282 ; -0.148883
5.90107 ; 6.28544 ; -3.20705 ; -0.0692617
6.59381 ; 5.66623 ; 3.88922 ; 2.27548
6.06386 ; 4.00051 ; 3.73317 ; -2.52973
6.37541 ; 5.04529 ; 2.62976 ; -3.36043
4.62919 ; 5.35235 ; -1.62456 ; -3.45178
6.28331 ; 4.05856 ; 3.97805 ; -3.92235
6.26832 ; 5.90347 ; 2.60544 ; 2.4611
7.97514 ; 6.43681 ; 3.83446 ; 2.75377
5.33501 ; 4.38079 ; -2.22243 ; -4.35755
7.3496 ; 7.23485 ; 3.06661 ; 3.72573
5.56418 ; 4.54749 ; -1.26837 ; -1.00163
6.1254 ; 6.17527 ; 3.18748 ; 2.06799
6.56751 ; 5.63065 ; 2.79034 ; 1.17223
6.84037 ; 5.91785 ; 0.666522 ; 2.87467
5.84621 ; 6.76545 ; -1.64495 ; 4.19079
7.65039 ; 6.69422 ; 3.96705 ; 3.05357
7.11922 ; 4.61026 ; 4.16803 ; -0.00800633
6.95874 ; 4.1529 ; 3.86817 ; -2.39253
7.04855 ; 4.56188 ; 3.79472 ; -3.44938
6.02997 ; 5.59904 ; 0.516307 ; -0.601287
5.49943 ; 4.29726 ; 2.68312 ; -0.226336
6.23453 ; 6.3581 ; 3.21754 ; 3.96529
5.13328 ; 5.06277 ; 1.51357 ; -0.872647
4.46887 ; 5.39087 ; -1.82992 ; 2.42715
5.55217 ; 6.30288 ; 3.72049 ; 0.726562
4.10602 ; 7.61244 ; -2.82545 ; 3.69008
5.35731 ; 4.62592 ; -2.64844 ; -3.89455
3.84406 ; 5.0139 ; -4.26647 ; -3.43862
6.49425 ; 5.117 ; 2.09538 ; -4.15051
4.57114 ; 5.86222 ; 1.07982 ; -1.07934
5.52148 ; 3.87935 ; 2.35459 ; -4.20541
5.44698 ; 5.45498 ; -3.3434 ; -2.02585
7.40075 ; 6.59152 ; 4.11651 ; 3.45083
6.57509 ; 5.25263 ; 3.8525 ; -3.46122
6.39066 ; 6.2487 ; 2.45524 ; 3.89771
6.97657 ; 6.77749 ; 3.50222 ; 4.10833
5.23117 ; 4.33269 ; -0.489046 ; -0.0932629
3.8773 ; 6.15239 ; -3.11079 ; 3.71279
4.73777 ; 4.08069 ; -3.13131 ; -2.43893
5.8873 ; 5.4426 ; -0.443289 ; 3.32482
7.49446 ; 7.25396 ; 3.80607 ; 3.35282
6.82757 ; 5.93844 ; 1.32378 ; 0.611891
6.45606 ; 4.82423 ; -0.580829 ; -2.75579
6.47547 ; 3.37657 ; 4.01936 ; -3.44892
5.51354 ; 6.36731 ; -3.43729 ; 2.73967
4.34814 ; 7.31283 ; -3.8352 ; 3.82698
5.08334 ; 4.25185 ; 2.07423 ; -1.13997
4.32415 ; 5.42155 ; -0.895943 ; 1.43968
5.78786 ; 5.08073 ; 2.64935 ; 2.91246
5.86163 ; 6.81997 ; 3.26571 ; 3.73638
3.59156 ; 7.71063 ; -3.68344 ; 2.99866
3.35986 ; 2.9692 ; -3.56576 ; -3.55011
7.09534 ; 4.04174 ; 2.36395 ; -4.26255
6.66529 ; 3.85843 ; 1.38141 ; -4.04778
5.08225 ; 4.72954 ; -3.45335 ; -1.57264
4.20107 ; 4.2626 ; -3.27099 ; -4.15288
3.68687 ; 6.82369 ; -3.87154 ; 3.76317
6.33275 ; 5.44536 ; -0.422672 ; -2.8098
7.15946 ; 6.04046 ; 4.1665 ; 2.89317
5.29109 ; 3.98397 ; -0.421383 ; -3.41827
7.59845 ; 7.38036 ; 3.66981 ; 3.60306
5.72084 ; 6.18353 ; 2.94625 ; 4.09534
5.93303 ; 6.27209 ; 0.597907 ; 3.99193
7.04024 ; 4.23686 ; 4.07483 ; -2.93389
5.52823 ; 5.09962 ; -3.89824 ; -1.6621
4.96865 ; 3.24479 ; -2.84495 ; -4.02488
4.48876 ; 7.44227 ; -3.51286 ; 3.74973
4.04219 ; 4.66657 ; -4.09294 ; -4.06951
7.02814 ; 4.16656 ; 3.76654 ; -0.995299
6.18406 ; 4.36529 ; 2.56737 ; -1.53688
4.50718 ; 5.05358 ; -3.4928 ; -1.8565
5.57045 ; 5.97903 ; 3.47295 ; 3.50049
6.74278 ; 6.05986 ; 1.4888 ; 3.61172
6.42572 ; 5.23546 ; 4.06601 ; 2.71636
5.52587 ; 6.01454 ; -0.961075 ; 3.53993
5.12028 ; 4.96548 ; -3.76241 ; -1.56076
6.68758 ; 5.48212 ; 2.23223 ; -3.27879
5.664 ; 4.2657 ; 1.15278 ; -3.50214
6.2376 ; 5.37464 ; 1.10921 ; 0.974058
5.69414 ; 5.23924 ; 0.814141 ; -3.22112
4.82612 ; 6.65955 ; -0.177752 ; 3.67415
6.19996 ; 5.29313 ; 4.02015 ; -0.115959
4.88141 ; 6.56388 ; 0.306035 ; 4.22549
5.69952 ; 6.01073 ; -3.53633 ; -1.14321
