4.76134 ; 4.80316 ; -0.868378 ; 2.52572
4.05883 ; 5.74081 ; -3.73445 ; -0.673283
4.19413 ; 5.56996 ; -2.87889 ; 0.460878
7.77032 ; 7.45926 ; 2.60869 ; 3.17159
5.39621 ; 3.98201 ; 0.721154 ; 0.0206
7.81657 ; 7.43326 ; 3.2831 ; 2.38721
4.51974 ; 4.67153 ; -0.622427 ; -0.35232
4.77964 ; 6.03644 ; -0.368721 ; -1.74622
5.00514 ; 6.25067 ; -3.71709 ; 0.303115
4.34609 ; 3.69918 ; -3.72912 ; -3.66987
4.15089 ; 4.77029 ; -3.46036 ; 1.34614
5.89959 ; 4.22515 ; -1.82898 ; -0.406731
6.45575 ; 5.32162 ; 3.85475 ; 2.30542
5.65998 ; 6.62446 ; 3.1655 ; 1.81812
5.4089 ; 5.79854 ; -2.6621 ; 1.93096
5.81985 ; 3.82401 ; -2.39308 ; -3.31116
6.803 ; 5.66031 ; 3.02626 ; 2.78157
3.2793 ; 4.65677 ; -3.71186 ; -2.76672
5.29132 ; 5.06424 ; 0.35602 ; 0.518813
5.68168 ; 4.3859 ; 2.66836 ; -1.39313
3.6126 ; 3.0577 ; -2.96448 ; -3.26781
8.0769 ; 3.74464 ; 3.55398 ; -3.62617
4.75978 ; 3.30503 ; -1.89135 ; -3.99051
6.16727 ; 4.38067 ; -2.2606 ; -0.799905
6.09793 ; 3.72386 ; 2.47685 ; -4.08941
4.99788 ; 5.89398 ; -3.36007 ; -0.758196
5.52182 ; 6.46454 ; 1.21771 ; 1.17039
4.90575 ; 5.70716 ; 1.74098 ; 0.197174
8.17599 ; 7.80774 ; 3.10841 ; 2.89583
5.80202 ; 4.95486 ; -1.10363 ; 2.63818
4.24956 ; 4.51644 ; -3.7591 ; -0.986437
5.21585 ; 6.55377 ; 0.45956 ; 3.5629
4.47399 ; 4.06465 ; -3.79662 ; -3.3605
2.95959 ; 5.232 ; -3.45958 ; -1.96015
6.39838 ; 5.74313 ; 4.04047 ; 2.84632
4.15376 ; 6.70312 ; -3.74773 ; 3.71524
5.96003 ; 5.82913 ; 2.40275 ; 3.47752
6.44261 ; 6.69605 ; 2.90175 ; 3.6545
6.64794 ; 3.0961 ; 3.45189 ; -3.8582
6.01614 ; 5.48247 ; 3.79293 ; -1.932
6.04644 ; 5.86318 ; 0.221747 ; -1.69913
6.08178 ; 2.71014 ; 1.04212 ; -3.5882
6.19496 ; 6.00135 ; -1.52468 ; -0.520819
6.36734 ; 6.35444 ; 0.23285 ; 2.96194
7.61269 ; 4.83289 ; 3.66472 ; 0.486228
6.2892 ; 6.49555 ; 1.4594 ; 2.61171
2.97457 ; 6.58334 ; -3.39026 ; 3.18753
7.0331 ; 5.61833 ; 2.96494 ; 0.42868
6.54184 ; 5.53616 ; 3.54899 ; 1.66039
3.47422 ; 7.46785 ; -3.47106 ; 2.85872
6.51826 ; 6.17168 ; 3.27651 ; 3.78894
3.41922 ; 7.46089 ; -3.37551 ; 3.40627
7.00088 ; 6.71474 ; 2.90654 ; 3.50187
7.91602 ; 3.69628 ; 3.43147 ; -2.95797
5.42601 ; 5.34675 ; 1.23947 ; 1.89904
6.89984 ; 4.30382 ; 3.50058 ; 0.0955645
3.5338 ; 6.10176 ; -3.87702 ; 0.751225
6.65789 ; 3.53824 ; 3.86811 ; -3.105
3.66771 ; 6.86664 ; -3.83423 ; 2.64843
4.51366 ; 3.97563 ; -3.80089 ; -4.13471
5.25414 ; 6.09333 ; 2.60812 ; 0.219717
7.27239 ; 6.95414 ; 2.67557 ; 3.1047
6.67847 ; 3.2124 ; 3.63626 ; -3.80883
5.169 ; 6.03965 ; -3.56306 ; 1.28004
3.26219 ; 2.41213 ; -3.01735 ; -2.79137
5.78414 ; 2.60219 ; 2.5142 ; -3.47786
4.14186 ; 5.98855 ; -3.96515 ; 3.23347
4.9219 ; 7.41684 ; -1.87362 ; 3.57525
6.39017 ; 6.86036 ; 3.69985 ; 3.96681
7.52718 ; 5.01077 ; 3.84411 ; 1.11032
5.28965 ; 6.09529 ; -3.58293 ; 1.45055
5.55967 ; 6.31254 ; 2.37254 ; 3.89651
4.2649 ; 6.91891 ; -3.52026 ; 3.8197
5.90738 ; 5.02246 ; 3.04402 ; 1.98085
7.20136 ; 4.84031 ; 3.80787 ; -1.66365
4.06209 ; 2.83457 ; -2.68309 ; -3.60641
3.68614 ; 5.92453 ; -3.48119 ; 3.24156
4.36602 ; 5.75654 ; -3.75671 ; 1.56847
5.12232 ; 7.00302 ; -0.447922 ; 3.83391
4.88524 ; 4.15293 ; -0.242164 ; -4.1116
3.2863 ; 5.12294 ; -3.59775 ; 1.5467
4.21625 ; 3.75151 ; -2.74214 ; -1.88296
6.83604 ; 4.31726 ; 3.70508 ; -1.82667
7.00957 ; 6.98085 ; 3.86622 ; 3.68737
3.63897 ; 4.16589 ; -3.60121 ; -2.69012
5.48161 ; 6.30632 ; -2.06058 ; 3.59846
4.5345 ; 3.99161 ; -3.98501 ; -1.75183
4.96546 ; 4.84988 ; -1.40315 ; -0.568431
4.73512 ; 4.70235 ; -3.15181 ; 1.27441
7.53654 ; 3.44498 ; 3.04503 ; -2.84706
6.68889 ; 3.05773 ; 3.86155 ; -3.36229
5.75295 ; 5.85601 ; 0.156471 ; 3.29486
4.85957 ; 6.0581 ; -0.632189 ; 1.57546
4.87223 ; 7.43705 ; 0.0683671 ; 3.67324
5.88444 ; 6.52444 ; -1.40997 ; 0.361601
3.27416 ; 3.5184 ; -3.2954 ; -2.85594
5.99695 ; 5.25382 ; 3.88997 ; -2.96585
6.72207 ; 5.61314 ; 2.54428 ; -0.847114
5.74497 ; 7.01569 ; -2.42411 ; 3.03327
4.05373 ; 3.93043 ; -1.97485 ; -2.94617
7.26829 ; 3.28842 ; 3.76302 ; -3.04685
4.40897 ; 6.95036 ; -3.86705 ; 3.01317
5.41952 ; 5.76951 ; -1.02215 ; 0.359604
4.20873 ; 5.18112 ; -4.03601 ; -1.6402
6.9359 ; 5.09282 ; 3.74216 ; -3.48927
6.93693 ; 7.63936 ; 3.60174 ; 3.64223
5.25008 ; 4.72041 ; -1.1046 ; 0.745368
6.89401 ; 4.40045 ; 1.40936 ; -3.91122
5.32352 ; 4.53713 ; 0.0592317 ; -3.44047
3.96751 ; 5.03594 ; -3.2664 ; -3.61885
4.41784 ; 5.05414 ; -3.85101 ; -0.278997
5.78788 ; 4.32379 ; 2.68616 ; -3.54355
3.46843 ; 4.45822 ; -3.49795 ; -3.88272
4.97828 ; 6.37873 ; -0.964377 ; 4.01561
5.51026 ; 3.51616 ; 2.64954 ; -3.18897
4.36655 ; 4.3223 ; -3.81786 ; -3.97725
4.20912 ; 7.31035 ; -3.66445 ; 3.70545
6.64176 ; 5.94943 ; 1.0161 ; 3.88826
4.61846 ; 5.77373 ; -1.13218 ; -2.74192
7.33981 ; 4.67898 ; 2.8874 ; -3.61681
4.80837 ; 2.99513 ; -2.79311 ; -3.83066
6.06158 ; 4.54809 ; 3.76904 ; -2.71021
5.89994 ; 4.81901 ; -2.24808 ; -2.82403
5.71764 ; 4.45515 ; 1.46289 ; 1.45528
6.06114 ; 5.07339 ; 3.37617 ; -3.69526
6.82145 ; 5.21748 ; 1.60632 ; -1.79871
4.89366 ; 4.12436 ; -0.293988 ; -1.96156
7.81201 ; 7.58492 ; 3.32513 ; 3.42668
7.11184 ; 5.88686 ; 4.08093 ; -1.18744
6.76486 ; 4.39892 ; 3.35411 ; -0.305048
3.77829 ; 6.5306 ; -3.89781 ; 2.13314
4.60798 ; 5.25673 ; -0.352015 ; -3.19369
7.30429 ; 3.33016 ; 3.81002 ; -2.82952
6.55539 ; 3.69027 ; 0.0854935 ; -4.02157
5.06503 ; 5.87156 ; -2.34259 ; 0.389191
5.65721 ; 6.03767 ; -2.20435 ; 3.96275
7.3895 ; 3.87248 ; 3.88545 ; -3.80947
4.79064 ; 3.09623 ; -2.57377 ; -3.79012
4.3508 ; 3.43043 ; -2.79893 ; -3.94668
4.13346 ; 3.50844 ; -0.666875 ; -3.49293
4.20891 ; 5.84648 ; -3.05055 ; 3.53033
4.48483 ; 2.93869 ; -0.328053 ; -3.62537
5.19588 ; 4.21107 ; -3.37647 ; -3.97892
4.97198 ; 5.10331 ; -0.440946 ; -3.07946
4.56298 ; 6.84102 ; -1.02971 ; 3.84075
3.14563 ; 5.17302 ; -3.58171 ; 1.08119
5.75312 ; 3.22094 ; 2.21777 ; -3.63547
7.18705 ; 4.23481 ; 3.55867 ; -4.11405
7.83372 ; 6.26978 ; 3.63014 ; 0.0137274
8.46942 ; 7.15694 ; 2.98962 ; 3.30831
5.99981 ; 5.699 ; 2.91507 ; 3.72093
5.03938 ; 5.41286 ; -1.27913 ; 3.47447
7.73878 ; 7.77978 ; 3.38931 ; 2.73951
5.72989 ; 5.20939 ; -1.54696 ; 0.37425
3.77917 ; 3.95989 ; -3.38573 ; -3.19741
4.33028 ; 4.16066 ; -1.09902 ; -2.76251
6.21755 ; 5.46659 ; -0.258957 ; -0.440877
4.89432 ; 6.02736 ; -2.52464 ; 3.06175
2.82967 ; 6.53746 ; -3.2208 ; 2.807
7.38049 ; 5.83068 ; 3.09444 ; 3.68835
4.02903 ; 2.71345 ; -3.40347 ; -3.52352
7.18858 ; 5.29229 ; 4.03268 ; -1.05581
4.75 ; 5.20076 ; -0.520445 ; 2.41624
4.77712 ; 3.89672 ; -3.66259 ; -4.18614
5.02712 ; 3.49942 ; -2.4638 ; -3.53375
5.51039 ; 4.9124 ; 1.95317 ; -0.39194
6.4402 ; 5.75101 ; -0.610595 ; -2.86878
6.3572 ; 2.78606 ; 3.13116 ; -3.69409
4.52546 ; 4.19774 ; -0.246285 ; 0.877586
6.30265 ; 5.97835 ; -1.85099 ; -0.83077
6.07065 ; 3.20879 ; -1.50073 ; -3.74968
3.38191 ; 3.2725 ; -3.50061 ; -3.25122
4.92862 ; 6.6896 ; -2.60917 ; 3.01197
5.03759 ; 5.54308 ; -2.27959 ; 1.43993
4.31205 ; 3.74412 ; -2.16395 ; -2.5975
5.92595 ; 6.0973 ; 1.13656 ; 2.64793
5.94953 ; 6.50712 ; 2.92701 ; 4.04042
7.72238 ; 3.59499 ; 3.28218 ; -3.47898
6.296 ; 5.63475 ; 3.31058 ; 0.312519
5.74011 ; 5.12458 ; 1.29669 ; -2.85479
6.21194 ; 4.15942 ; 0.199172 ; -2.41303
7.53305 ; 6.33139 ; 3.95436 ; 0.0731368
4.57752 ; 6.04891 ; -3.49373 ; 3.7183
3.52911 ; 6.76993 ; -3.77967 ; 3.7202
4.5399 ; 6.24371 ; -2.07166 ; 3.04167
6.53796 ; 5.11123 ; 2.64671 ; -0.764602
6.90547 ; 5.97469 ; 2.89975 ; 3.66042
6.56933 ; 3.75119 ; 1.24498 ; -3.74936
7.08913 ; 6.58808 ; 3.54683 ; 3.55125
4.95348 ; 7.37657 ; -3.1848 ; 3.84114
6.03087 ; 3.04608 ; -1.54818 ; -3.72446
5.05985 ; 4.31234 ; -1.67548 ; -1.83691
7.41657 ; 6.12705 ; 4.01458 ; 2.87232
4.2782 ; 5.9893 ; -3.44216 ; 3.73457
7.15735 ; 4.9544 ; 3.50285 ; 2.46252
5.85281 ; 6.47493 ; 2.77573 ; 4.04374
3.17214 ; 7.05459 ; -3.50257 ; 2.80438
3.2641 ; 5.68345 ; -3.70304 ; -0.762227
7.78586 ; 3.44125 ; 2.86827 ; -3.81314
8.32759 ; 6.60745 ; 3.33251 ; 3.48288
2.7327 ; 8.17314 ; -2.2395 ; 1.90588
7.61307 ; 2.82834 ; 3.60493 ; -3.26463
6.78104 ; 4.80132 ; 1.88257 ; 2.46521
5.41209 ; 3.43688 ; -3.40563 ; -3.656
7.737 ; 7.68847 ; 3.54236 ; 3.38721
7.09429 ; 6.73667 ; 2.37563 ; 3.8786
8.1585 ; 2.84035 ; 3.14749 ; -2.97464
6.50992 ; 3.36477 ; 2.18725 ; -3.52796
5.06003 ; 4.05957 ; 1.20657 ; -0.554544
6.05341 ; 4.56039 ; 2.7234 ; 1.1225
4.10785 ; 7.61718 ; -3.72712 ; 2.98901
5.16051 ; 5.48728 ; -1.38544 ; 2.18131
4.90894 ; 6.70579 ; -3.31706 ; 1.01096
4.427 ; 5.62891 ; -2.83419 ; 2.94309
6.27464 ; 6.07666 ; 1.56383 ; -0.456444
5.99924 ; 6.03611 ; 3.95103 ; 1.1972
6.73857 ; 7.41189 ; 3.99894 ; 2.82236
7.00373 ; 2.7886 ; 3.60855 ; -3.53779
7.63237 ; 7.3601 ; 3.63183 ; 3.58865
6.68504 ; 6.73105 ; 2.3864 ; 3.58454
7.54711 ; 7.12833 ; 3.69264 ; 3.69456
5.49163 ; 3.45015 ; -3.2215 ; -3.70425
3.20342 ; 7.10671 ; -3.03149 ; 3.33606
5.34935 ; 6.48972 ; -3.20752 ; 3.85955
3.86643 ; 4.49481 ; -3.741 ; -2.58114
4.76189 ; 7.04626 ; -3.65191 ; 3.83365
5.52922 ; 7.57825 ; -2.51716 ; 3.70719
6.90301 ; 4.27978 ; 3.9722 ; -3.60025
4.01499 ; 5.89752 ; -3.75397 ; 1.13761
5.3132 ; 3.07966 ; -2.44338 ; -3.84379
5.19799 ; 4.8972 ; 2.4256 ; -3.79006
7.1127 ; 5.25912 ; 4.00535 ; -1.93681
6.49263 ; 4.91642 ; 3.59898 ; -3.21769
5.31368 ; 6.67378 ; -1.77557 ; 2.25327
6.71531 ; 5.03528 ; 4.0143 ; -2.45511
6.34781 ; 4.92901 ; 3.57875 ; -1.91074
7.82294 ; 3.29914 ; 3.24999 ; -3.57748
5.7612 ; 3.12327 ; 2.68934 ; -3.9495
5.72675 ; 3.40379 ; 1.62671 ; -3.64752
6.51103 ; 7.88538 ; 2.81148 ; 3.40978
3.23907 ; 7.77525 ; -2.77731 ; 2.93623
6.72981 ; 4.59685 ; 0.432895 ; -0.308776
3.50404 ; 3.8374 ; -3.52003 ; -2.44347
5.15985 ; 4.6853 ; 1.32825 ; -3.24007
5.66661 ; 7.35342 ; 1.05943 ; 3.87408
6.90802 ; 4.01972 ; 3.25903 ; -2.21737
4.66075 ; 4.97081 ; 0.531933 ; -4.05742
7.55958 ; 3.73188 ; 3.60547 ; -3.94881
3.07671 ; 7.47347 ; -3.06288 ; 2.27121
6.35135 ; 4.9923 ; 2.04227 ; 0.562551
5.14213 ; 4.38564 ; -2.61438 ; -4.09018
5.77391 ; 3.70484 ; 1.6282 ; -4.15177
7.55959 ; 3.9299 ; 3.3478 ; -4.05581
5.75655 ; 4.29905 ; -1.39005 ; -2.1903
5.46686 ; 4.05378 ; 1.94856 ; -3.52508
4.60769 ; 4.06565 ; 0.669269 ; -2.41532
8.19605 ; 3.52108 ; 3.3284 ; -2.46533
6.393 ; 5.14383 ; 3.79947 ; 1.17713
6.85124 ; 4.88465 ; 3.54646 ; -3.243
7.6564 ; 5.52529 ; 3.89807 ; -1.92132
5.03812 ; 3.13962 ; -2.78557 ; -3.67413
4.5979 ; 5.11095 ; -3.59071 ; -0.0697986
4.06657 ; 6.88857 ; -3.76676 ; 2.88609
7.69673 ; 4.04037 ; 3.2919 ; -4.0003
3.12485 ; 3.81829 ; -3.51839 ; -3.38037
4.79346 ; 3.70265 ; -3.58906 ; -4.0619
5.03733 ; 3.13738 ; -2.07004 ; -3.72059
3.44242 ; 7.39784 ; -3.07384 ; 3.15504
8.15006 ; 7.70336 ; 3.06517 ; 2.06565
6.48574 ; 6.50487 ; 0.664774 ; 3.76138
5.29458 ; 6.13593 ; -1.43778 ; 3.96945
5.59089 ; 5.96107 ; 2.98416 ; 2.52996
6.92582 ; 2.74895 ; 2.3058 ; -3.55475
3.82063 ; 7.60906 ; -3.66227 ; 2.85192
5.70851 ; 3.88355 ; -2.61923 ; -2.8702
6.38563 ; 3.78687 ; 3.86964 ; -4.09504
5.48865 ; 7.11248 ; 2.55299 ; 3.96244
5.4873 ; 5.69997 ; 0.983627 ; 2.12178
6.76897 ; 5.46958 ; 1.79961 ; -2.1587
5.25313 ; 6.08522 ; 0.474191 ; 3.0022
4.65114 ; 4.59538 ; -1.91968 ; -0.786573
8.09236 ; 8.1 ; 2.93437 ; 2.70577
6.64798 ; 7.52112 ; 3.77239 ; 3.61097
4.88847 ; 4.32392 ; 1.02948 ; 0.499705
3.55059 ; 5.93522 ; -3.74106 ; 1.86679
6.38214 ; 5.80436 ; 2.93467 ; 1.34205
4.23856 ; 5.90302 ; -3.47509 ; 1.37457
6.04065 ; 3.86814 ; -2.07073 ; -2.9057
6.65997 ; 6.1977 ; 0.830262 ; -1.00643
6.65794 ; 4.80863 ; 1.86239 ; -2.51535
3.72786 ; 5.07419 ; -3.84694 ; -0.644367
5.98137 ; 6.85227 ; -1.42723 ; 3.89484
3.11371 ; 7.04994 ; -3.23641 ; 1.57362
3.20816 ; 7.76037 ; -3.01923 ; 2.9308
7.83906 ; 7.14928 ; 3.36878 ; 3.31523
4.82118 ; 3.33412 ; -1.15628 ; -4.02723
6.04879 ; 5.74918 ; 2.14108 ; 0.216645
7.79235 ; 7.74421 ; 3.39749 ; 3.11545
4.69749 ; 3.12417 ; -0.824336 ; -3.65128
5.92423 ; 4.43503 ; -1.62101 ; 1.4971
3.06787 ; 2.82775 ; -2.49579 ; -3.0867
6.77449 ; 3.92818 ; 2.02253 ; -2.52658
8.18389 ; 5.30851 ; 3.5369 ; 0.028253
5.90784 ; 5.37236 ; 0.147325 ; 2.4566
4.02922 ; 7.42516 ; -3.74659 ; 3.18638
5.09467 ; 4.64284 ; 0.42144 ; -3.47367
4.52186 ; 6.89238 ; -2.41918 ; 3.7951
7.40784 ; 2.74014 ; 3.5636 ; -3.15063
5.12655 ; 7.18337 ; -3.85125 ; 2.60262
2.78736 ; 4.63948 ; -3.2672 ; -3.02816
7.50799 ; 4.66503 ; 3.91095 ; -0.0577033
5.93777 ; 7.7955 ; 0.140236 ; 3.52635
4.92441 ; 3.49585 ; 0.640053 ; -3.99758
5.28743 ; 5.28866 ; -3.38052 ; -0.688942
7.22916 ; 4.79508 ; 3.51648 ; -0.317156
6.11177 ; 6.07409 ; 1.54435 ; 2.40819
5.29889 ; 4.85162 ; 0.586463 ; 1.36513
3.69937 ; 6.17444 ; -3.3006 ; -1.49232
6.40294 ; 5.20269 ; -0.353668 ; -3.50585
5.10815 ; 4.18597 ; -3.51801 ; -3.91543
6.17074 ; 4.78832 ; -2.16769 ; 1.04975
3.1587 ; 3.01248 ; -3.24269 ; -3.1931
8.05226 ; 3.41937 ; 3.47852 ; -3.41417
7.22913 ; 4.09017 ; 3.33273 ; -4.07701
3.21063 ; 6.93951 ; -3.37128 ; 1.81649
6.21023 ; 6.04097 ; 3.59021 ; -0.234295
6.37143 ; 4.84221 ; -1.04412 ; -2.98895
6.64157 ; 4.43204 ; 2.98775 ; -0.375449
7.72931 ; 5.38649 ; 3.82795 ; -0.23839
6.53039 ; 4.60267 ; 2.8615 ; 1.33038
7.68272 ; 3.91797 ; 3.82629 ; -2.62621
4.392 ; 6.90287 ; -2.01153 ; 3.87554
7.09187 ; 7.35076 ; 3.49914 ; 2.97482
6.40768 ; 4.11181 ; -1.34225 ; -3.44341
6.74526 ; 5.20457 ; 4.09883 ; -1.6393
5.60313 ; 3.85859 ; -1.03055 ; -2.01946
5.33281 ; 5.70916 ; -2.52727 ; -1.20555
7.06692 ; 4.8014 ; 3.96026 ; 1.79075
3.60822 ; 7.21813 ; -3.69092 ; 3.48154
7.82892 ; 6.87571 ; 3.76725 ; 3.25273
5.2522 ; 4.55237 ; -2.60544 ; -2.93528
4.57562 ; 6.59486 ; -3.28993 ; 1.38125
4.17038 ; 6.90205 ; -3.43942 ; 3.24452
5.88772 ; 3.96431 ; 2.1196 ; -4.09751
4.41328 ; 5.69827 ; -0.786567 ; 2.42471
4.3207 ; 5.21604 ; -3.88464 ; 2.05215
5.32685 ; 3.53715 ; 2.09082 ; -3.42056
7.08967 ; 7.69583 ; 3.77168 ; 3.58105
7.56468 ; 7.22777 ; 3.73235 ; 2.24662
4.79545 ; 2.99904 ; -3.38823 ; -3.59105
7.91907 ; 2.95609 ; 2.85678 ; -3.00565
3.5136 ; 2.72446 ; -2.7077 ; -3.23811
5.00978 ; 5.21715 ; 0.448771 ; 3.45099
5.87511 ; 5.21437 ; 3.8042 ; 2.68442
7.13358 ; 5.13756 ; 2.02075 ; -3.39846
5.2712 ; 3.51947 ; -3.25199 ; -2.95715
4.15704 ; 6.7202 ; -3.4301 ; 3.27973
4.83479 ; 3.74545 ; -0.480569 ; -3.67005
4.36596 ; 7.29542 ; -3.01641 ; 3.60053
4.74828 ; 5.07014 ; -1.25742 ; 2.17933
4.92432 ; 5.50326 ; -1.99279 ; -0.363987
5.86818 ; 5.04982 ; 3.85662 ; 2.17572
7.06806 ; 4.82093 ; 4.09064 ; -3.61963
4.2231 ; 6.31981 ; -3.88606 ; 2.88227
6.88769 ; 3.84834 ; 2.99881 ; -3.35211
4.04683 ; 6.0354 ; -3.7713 ; -0.529525
8.04529 ; 5.99439 ; 3.60463 ; 2.99327
7.42812 ; 6.8973 ; 3.41388 ; 3.39101
6.84243 ; 4.58179 ; 3.77793 ; -2.58793
6.38396 ; 7.34203 ; 1.06985 ; 3.64529
7.59035 ; 4.18313 ; 3.94562 ; -1.74233
8.13596 ; 7.11516 ; 3.15406 ; 3.16954
6.06745 ; 3.25992 ; -1.70664 ; -3.83858
5.37182 ; 5.09593 ; 1.23068 ; 2.59913
5.44786 ; 4.91282 ; -0.941175 ; -3.73933
5.94797 ; 7.12771 ; 3.78816 ; 2.61218
6.9734 ; 4.58595 ; 2.89601 ; -3.46803
3.21114 ; 7.49261 ; -3.11238 ; 3.32545
6.57281 ; 6.14939 ; 2.62316 ; 0.334471
6.13452 ; 5.23659 ; 2.82326 ; -2.70335
6.71968 ; 3.53204 ; 3.83965 ; -2.84183
6.91813 ; 4.26867 ; 2.24426 ; 0.812474
7.43238 ; 5.51887 ; 3.84801 ; 2.75803
7.04345 ; 5.74659 ; 1.9801 ; -1.62521
6.41501 ; 6.40769 ; 2.787 ; 2.1771
3.73027 ; 4.01215 ; -3.86121 ; -3.72111
3.49618 ; 6.66332 ; -3.78437 ; 3.32924
3.7707 ; 3.6795 ; -3.23123 ; -3.74513
6.02583 ; 3.07859 ; -1.62936 ; -3.81518
4.99414 ; 6.22606 ; 0.845148 ; 2.58642
3.52244 ; 4.31399 ; -3.55673 ; -4.07703
6.86365 ; 3.08184 ; 3.85092 ; -3.29924
5.13346 ; 6.89025 ; -3.31092 ; 3.88841
5.7361 ; 3.47269 ; 3.56843 ; -3.00792
6.33071 ; 6.14322 ; 2.92482 ; 2.34781
4.16118 ; 3.95848 ; -4.02732 ; -3.38959
5.49958 ; 5.14904 ; -1.92721 ; 2.4015
5.05887 ; 5.84679 ; -3.75799 ; -0.703945
4.60223 ; 4.22395 ; 0.274911 ; -0.57939
4.75761 ; 2.98816 ; 0.118378 ; -3.63016
7.86359 ; 6.78796 ; 3.53361 ; 3.64551
7.40827 ; 4.25281 ; 3.60415 ; -1.08538
4.93482 ; 4.65444 ; -3.03062 ; -3.98593
7.487 ; 5.11888 ; 4.04012 ; 0.260476
6.19202 ; 4.06871 ; 3.66886 ; -0.569667
7.41142 ; 5.59554 ; 3.74205 ; 3.26483
4.07732 ; 6.32086 ; -3.81719 ; 3.84621
7.60771 ; 3.34543 ; 2.90546 ; -3.45566
6.55466 ; 5.79662 ; 3.51321 ; 2.6214
7.56329 ; 4.48243 ; 3.72726 ; -1.38469
5.69444 ; 6.33537 ; 1.08517 ; 0.544723
4.89352 ; 5.09965 ; 0.595051 ; -3.45302
6.09401 ; 7.47258 ; 1.36312 ; 3.65162
4.25327 ; 7.15335 ; -1.37855 ; 3.50368
4.88368 ; 5.87244 ; -3.68978 ; 3.80011
4.68666 ; 4.76771 ; -0.0637985 ; -0.291189
4.39601 ; 3.87677 ; -4.01093 ; -3.34432
3.83523 ; 5.45784 ; -3.80878 ; -2.84617
3.51432 ; 7.5877 ; -3.25516 ; 3.16844
7.0588 ; 7.26312 ; 3.10398 ; 3.54834
4.50768 ; 5.69778 ; -3.57224 ; 0.411212
7.70826 ; 5.31174 ; 3.90875 ; -0.086404
6.25331 ; 5.15586 ; -0.199004 ; 2.02507
4.18551 ; 5.50783 ; -1.78393 ; 2.33628
5.11036 ; 4.46323 ; -1.31684 ; -3.61123
3.21449 ; 6.10678 ; -3.62797 ; 2.28498
6.7138 ; 6.08118 ; 3.21647 ; 3.6119
5.90941 ; 2.83301 ; 2.26476 ; -3.66921
7.03612 ; 5.76764 ; 3.60183 ; 2.44778
4.68574 ; 3.77735 ; -3.77658 ; -1.62368
3.38146 ; 3.92072 ; -3.73824 ; -1.4105
6.67931 ; 4.31228 ; 2.11304 ; 0.93025
6.95041 ; 4.36871 ; 3.12832 ; 1.08137
5.19188 ; 4.30138 ; -1.72448 ; -0.135763
3.394 ; 6.40898 ; -3.5366 ; 3.05488
6.70534 ; 5.39905 ; 3.55537 ; -3.12427
5.18853 ; 3.90802 ; -2.24068 ; -4.17095
6.63304 ; 3.72711 ; 3.84091 ; -2.38071
3.61867 ; 7.0359 ; -2.92895 ; 3.37743
3.54204 ; 4.46598 ; -3.8995 ; -0.26664
6.03644 ; 6.02033 ; 3.45418 ; -1.26999
7.15878 ; 5.07329 ; 3.98008 ; 1.48171
6.33266 ; 5.66851 ; 1.54573 ; -1.15589
3.96341 ; 3.98561 ; -3.87069 ; -3.52213
6.10054 ; 5.41307 ; 3.18754 ; -3.16438
6.24465 ; 3.78111 ; 1.03508 ; -2.32638
3.95115 ; 6.80692 ; -2.01237 ; 2.38929
7.2424 ; 6.52374 ; 3.33529 ; 3.19905
4.64925 ; 3.86532 ; -3.20134 ; -2.72056
3.5793 ; 3.67085 ; -3.44814 ; -3.77933
5.36114 ; 5.53259 ; -3.53663 ; 2.48337
5.9004 ; 6.58441 ; -0.845518 ; 1.95023
6.63905 ; 5.0447 ; 0.644537 ; -1.03847
7.10904 ; 6.23277 ; 3.13172 ; 3.21834
4.76055 ; 2.67742 ; -3.2153 ; -3.55393
5.54061 ; 6.54898 ; -0.0386564 ; 3.98292
4.46162 ; 3.1288 ; -3.63342 ; -3.94573
7.24554 ; 3.34126 ; 1.71348 ; -3.48892
4.96459 ; 4.83962 ; 2.19551 ; -2.09546
5.628 ; 7.38153 ; 3.32692 ; 3.32326
3.46532 ; 7.13796 ; -3.54175 ; 3.23134
4.20534 ; 6.98131 ; -3.63521 ; 3.73779
7.12082 ; 6.67718 ; 3.82766 ; 1.79312
4.49198 ; 5.91629 ; -4.06604 ; 0.869483
4.93621 ; 5.00959 ; -3.90924 ; -0.971933
5.481 ; 3.05114 ; 0.665134 ; -3.81489
6.11688 ; 5.33345 ; 1.46448 ; -0.968322
5.64458 ; 3.50592 ; -0.273695 ; -3.5581
3.76928 ; 6.93042 ; -1.78599 ; 3.46478
4.92209 ; 2.92336 ; -3.70169 ; -3.45417
3.72885 ; 8.12937 ; -3.32475 ; 2.84603
4.1476 ; 2.55926 ; -3.54569 ; -3.3639
4.83578 ; 6.18183 ; -3.00604 ; 0.490991
5.35987 ; 5.42925 ; -3.65759 ; -1.19731
3.19326 ; 5.3128 ; -3.64887 ; 0.820629
6.1153 ; 4.28283 ; -0.634085 ; -4.06672
3.54479 ; 8.08163 ; -2.39296 ; 2.81323
6.98425 ; 5.81779 ; 1.55903 ; 3.83169
4.28818 ; 3.44513 ; -2.62274 ; -3.5431
3.97502 ; 3.00357 ; -3.60177 ; -3.71683
7.35969 ; 3.11568 ; 3.74798 ; -3.51233
6.95908 ; 5.08443 ; 2.66532 ; 2.18113
5.27237 ; 2.784 ; 1.78836 ; -3.56286
3.79614 ; 4.49227 ; -3.77767 ; -2.24982
7.03141 ; 5.66896 ; 3.82758 ; 2.91815
3.69007 ; 5.2144 ; -3.62403 ; -1.9663
3.91612 ; 4.08505 ; -2.03134 ; -3.9577
5.91726 ; 2.73702 ; -1.70991 ; -3.57824
5.70906 ; 4.98116 ; 0.142694 ; 2.47675
3.69327 ; 4.20271 ; -3.87789 ; -0.954243
3.92984 ; 5.31465 ; -4.04879 ; 2.07775
5.23105 ; 5.23911 ; -1.73834 ; -1.40352
3.62982 ; 5.41287 ; -3.86794 ; 0.174012
3.22171 ; 3.7101 ; -3.09967 ; -3.81898
7.38169 ; 3.05533 ; 3.564 ; -3.18149
7.19951 ; 5.12839 ; 3.83808 ; -1.28621
5.60563 ; 6.74719 ; 2.58406 ; 4.07668
4.86945 ; 6.64645 ; 1.1189 ; 4.07146
8.06069 ; 4.05847 ; 3.52101 ; -3.04798
6.37381 ; 4.10529 ; 2.66097 ; -3.5568
6.96319 ; 4.8002 ; 3.47981 ; -1.39855
7.00989 ; 7.49518 ; 3.221 ; 3.60736
5.29474 ; 6.55147 ; -0.226562 ; 1.2215
2.73529 ; 3.05957 ; -2.89464 ; -3.11752
6.41303 ; 6.50445 ; 4.05478 ; 3.31297
4.94965 ; 5.19311 ; -0.399429 ; 0.405951
3.25431 ; 3.57324 ; -3.37228 ; -3.00392
8.35248 ; 4.19376 ; 3.33355 ; -3.31975
6.22519 ; 6.32947 ; 4.0242 ; 2.61016
7.31506 ; 4.27523 ; 3.31945 ; -0.445052
6.05675 ; 5.72375 ; 1.47418 ; -0.573178
6.71179 ; 2.94324 ; 2.69328 ; -3.70805
4.54733 ; 7.00585 ; -2.55729 ; 3.42682
7.06038 ; 5.53837 ; 2.81345 ; -0.217765
7.79949 ; 7.67803 ; 3.31161 ; 3.33109
6.59463 ; 3.77928 ; 4.08282 ; -1.68389
6.88221 ; 6.50895 ; 3.96304 ; 1.3647
3.82361 ; 7.57044 ; -3.54421 ; 2.62839
5.77403 ; 5.68978 ; -2.61937 ; 1.93871
4.1165 ; 4.50988 ; -3.69934 ; 0.606672
5.63637 ; 4.90215 ; 2.22038 ; -1.71475
6.95964 ; 5.63418 ; 3.91911 ; 2.89353
6.37469 ; 5.70453 ; -2.15687 ; -0.761459
5.554 ; 6.63307 ; 2.99118 ; 2.11825
4.81422 ; 5.93597 ; 2.09221 ; 1.28563
6.55841 ; 5.86274 ; 1.03364 ; -0.906766
3.53892 ; 5.26129 ; -3.81005 ; -1.19225
6.56753 ; 3.98246 ; 1.80562 ; -3.93925
7.69254 ; 5.24263 ; 3.89521 ; -1.53926
5.99853 ; 6.11743 ; 0.730641 ; 2.41995
5.19933 ; 4.03795 ; -2.44752 ; -3.86366
6.00507 ; 6.49126 ; 1.06286 ; 3.67967
3.4461 ; 3.30126 ; -3.64568 ; -3.81017
6.00733 ; 6.18873 ; 1.89825 ; 3.56832
6.13818 ; 4.2424 ; 0.170638 ; -2.38479
4.97113 ; 4.30769 ; -1.02793 ; -1.42177
4.93161 ; 3.91242 ; -3.79648 ; -2.816
8.21936 ; 4.16289 ; 3.48786 ; -3.36138
5.86543 ; 6.47637 ; 2.62562 ; 1.97998
6.09322 ; 4.30066 ; 3.84537 ; -1.989
6.26251 ; 6.05244 ; 3.43941 ; 3.89917
5.03929 ; 3.19686 ; -1.32195 ; -3.94806
6.59021 ; 5.5527 ; 4.00756 ; -0.512143
6.00082 ; 3.90033 ; -1.16505 ; -2.05758
5.25208 ; 6.22801 ; -2.41642 ; 1.80233
4.9775 ; 6.04193 ; -1.27378 ; 1.85411
3.2161 ; 7.40524 ; -2.68414 ; 3.27846
6.51644 ; 4.63006 ; 3.37685 ; -1.56664
6.4752 ; 4.17383 ; 4.03774 ; -3.63462
3.46866 ; 6.27072 ; -3.86538 ; 3.34449
5.65302 ; 4.6213 ; -3.32161 ; -1.76045
5.95468 ; 6.43983 ; -0.100595 ; 1.49985
4.92078 ; 5.11955 ; -2.49866 ; 1.34787
6.43539 ; 5.71745 ; 3.52993 ; 0.127561
6.80968 ; 5.29146 ; 3.86933 ; 0.340663
4.28705 ; 4.02307 ; -2.80843 ; -2.11063
4.90163 ; 6.40904 ; -3.20927 ; 3.70629
4.07282 ; 6.34851 ; -3.24601 ; -0.721501
6.71312 ; 6.34925 ; 1.8151 ; -0.701439
3.847 ; 7.69558 ; -2.70508 ; 3.44157
3.48157 ; 7.43938 ; -2.66135 ; 3.26512
7.69628 ; 3.54608 ; 2.75512 ; -3.56899
7.56554 ; 3.53511 ; 3.81186 ; -2.7742
3.65642 ; 4.04003 ; -3.78119 ; -1.27409
4.49512 ; 4.33993 ; -0.636463 ; -2.4107
6.33457 ; 7.24976 ; -0.611942 ; 3.68404
6.18582 ; 4.8406 ; -0.6755 ; -4.12243
5.45614 ; 3.64917 ; -3.05731 ; -2.84382
5.04697 ; 6.6756 ; -0.921665 ; 3.84879
8.25067 ; 2.77088 ; 3.05151 ; -3.06142
5.877 ; 6.96884 ; 2.76293 ; 3.98481
5.51536 ; 5.56406 ; -2.96898 ; -2.13562
4.87781 ; 4.82274 ; -3.59746 ; 1.65361
4.3839 ; 4.32305 ; -3.53391 ; -3.39215
3.96249 ; 6.30793 ; -4.03188 ; 0.622046
6.22026 ; 6.94083 ; 0.180377 ; 3.43815
4.40728 ; 3.49615 ; -2.37394 ; -3.61973
7.82851 ; 4.34738 ; 3.76385 ; 0.335204
7.78606 ; 4.6958 ; 3.82765 ; 0.181377
3.31016 ; 7.20013 ; -2.73904 ; 3.58522
7.43293 ; 3.50574 ; 3.02915 ; -3.69028
5.51106 ; 4.62837 ; -2.18813 ; -3.79262
6.54172 ; 7.17188 ; -0.0285311 ; 3.8582
5.62272 ; 7.97133 ; -2.15759 ; 3.26042
3.7249 ; 4.05827 ; -2.75441 ; -4.04522
4.22442 ; 5.41612 ; -2.3284 ; -1.34191
4.31071 ; 4.61247 ; -3.97668 ; -3.56636
5.6541 ; 3.99708 ; 0.320799 ; -3.87103
6.53258 ; 5.65051 ; 3.36392 ; 3.52711
5.21909 ; 4.41175 ; 3.16156 ; -0.0939643
5.13018 ; 3.91755 ; -3.60269 ; -3.75204
4.51924 ; 3.9496 ; -1.27119 ; -0.253961
7.88846 ; 7.59128 ; 2.90659 ; 2.95558
6.89065 ; 4.73709 ; 3.51994 ; -0.219819
6.82673 ; 2.71652 ; 2.11044 ; -3.48806
3.18647 ; 6.42217 ; -3.41697 ; 3.00933
5.15344 ; 3.47673 ; -3.35052 ; -3.52297
7.78188 ; 3.54204 ; 3.67981 ; -3.35411
5.18416 ; 4.16913 ; -2.01181 ; -0.372831
5.03365 ; 6.89749 ; -2.79828 ; 3.09457
4.79343 ; 6.27891 ; -2.57184 ; 3.6761
6.93123 ; 4.39739 ; 3.7053 ; 0.666351
5.42997 ; 3.96588 ; 2.87314 ; -3.39226
6.58271 ; 6.62937 ; 3.09686 ; 3.99716
5.28578 ; 4.49443 ; -0.955113 ; 0.855229
7.74951 ; 2.67763 ; 2.41069 ; -3.13554
5.71242 ; 5.70519 ; -1.03917 ; 2.70988
3.33967 ; 2.81764 ; -2.55024 ; -3.20247
2.59833 ; 2.92651 ; -2.55366 ; -2.89092
7.1882 ; 7.12032 ; 3.93837 ; 2.41116
4.41089 ; 3.3868 ; -2.78151 ; -3.69346
6.59195 ; 3.26172 ; 1.07241 ; -3.65613
4.96656 ; 4.85405 ; -2.54691 ; 1.74781
6.39902 ; 6.75956 ; -0.245293 ; 3.8418
4.63981 ; 6.04235 ; -3.77448 ; 3.61542
7.13618 ; 6.06579 ; 4.05498 ; 2.71222
6.35064 ; 4.32174 ; 1.71703 ; -2.98901
4.29089 ; 6.03146 ; -1.65473 ; 2.21417
5.07961 ; 5.46347 ; -3.94619 ; -1.08677
4.37717 ; 3.34232 ; -2.35356 ; -3.99463
7.73367 ; 6.89165 ; 3.35711 ; 3.4812
6.33096 ; 5.14148 ; 3.47549 ; -2.49807
2.8981 ; 3.45702 ; -3.2121 ; -3.61788
3.52858 ; 6.05466 ; -3.60048 ; -0.816177
5.28523 ; 6.48365 ; -0.186091 ; 3.85716
5.82893 ; 4.69619 ; 1.73021 ; -0.989651
4.34839 ; 4.70695 ; -2.31898 ; -4.08417
4.25652 ; 7.14159 ; -2.78548 ; 3.73429
6.56656 ; 4.92612 ; 0.709072 ; 2.63786
3.32801 ; 3.9892 ; -3.48109 ; -3.18583
4.96335 ; 7.00522 ; -1.09246 ; 3.8298
4.5139 ; 5.0385 ; -3.78986 ; -1.21603
6.78394 ; 5.31551 ; 2.92611 ; 3.34295
8.00878 ; 3.08374 ; 3.01764 ; -3.50172
7.798 ; 3.66728 ; 3.54012 ; -3.21054
7.92186 ; 7.97156 ; 3.16925 ; 2.87921
7.16103 ; 6.69194 ; 3.23184 ; 3.121
4.87904 ; 4.92372 ; -3.87213 ; 0.964621
4.37114 ; 4.94381 ; -1.75779 ; -2.0532
5.05381 ; 4.69702 ; -1.22662 ; -0.0538338
7.25362 ; 5.03192 ; 3.01118 ; -2.74479
7.21121 ; 5.96964 ; 3.83658 ; 2.60019
7.87779 ; 3.67993 ; 3.62484 ; -2.26473
3.46707 ; 7.67965 ; -2.5505 ; 2.90201
5.55246 ; 6.31819 ; 0.338629 ; 3.67447
7.08073 ; 6.42342 ; 2.63644 ; 2.54353
6.23601 ; 6.96713 ; 0.720494 ; 3.19771
5.60163 ; 4.42303 ; 2.95612 ; 0.455566
5.65499 ; 6.48945 ; 2.27894 ; 3.8559
5.46884 ; 5.94686 ; -1.03171 ; -1.65316
4.52264 ; 4.95857 ; -1.90949 ; 1.93168
5.7367 ; 7.42076 ; 1.91058 ; 3.71159
6.51863 ; 3.35786 ; 0.765371 ; -3.83499
5.87473 ; 3.35955 ; -2.63583 ; -3.69573
5.85082 ; 4.56348 ; 3.8001 ; -2.80016
3.16224 ; 7.68127 ; -2.9177 ; 2.54242
6.76103 ; 5.01211 ; 0.981276 ; 0.669816
6.4094 ; 5.54189 ; -0.216955 ; 3.3072
6.54726 ; 6.36169 ; 4.00197 ; 3.61434
3.49893 ; 2.99395 ; -2.89793 ; -3.42817
6.95511 ; 3.96941 ; 2.06689 ; -2.17067
5.04454 ; 4.22245 ; 1.96988 ; -2.92653
6.502 ; 3.89146 ; 3.99572 ; -4.11377
4.75969 ; 4.17436 ; -1.56378 ; -3.17777
5.34163 ; 7.65336 ; 0.984492 ; 3.60958
4.98801 ; 5.24519 ; -3.8266 ; 1.46205
5.20419 ; 5.52967 ; -2.33521 ; -3.07593
3.23031 ; 7.23442 ; -3.34511 ; 1.29959
5.41012 ; 5.85565 ; -1.87722 ; 2.46262
3.03342 ; 5.74788 ; -3.44968 ; 2.33562
3.6419 ; 3.16389 ; -3.62419 ; -2.59997
5.25501 ; 5.02727 ; -2.72548 ; -3.55854
4.59364 ; 4.79414 ; -2.9686 ; 1.47638
6.49269 ; 3.36906 ; 1.50414 ; -3.96684
4.42292 ; 5.47327 ; -3.95675 ; -2.05572
4.27208 ; 5.12798 ; -3.64847 ; 0.336529
7.54154 ; 7.32871 ; 3.16259 ; 3.48601
7.20068 ; 5.21607 ; 3.66737 ; 0.964887
6.78041 ; 5.98168 ; 0.928095 ; 2.90866
4.70352 ; 3.73075 ; -3.63428 ; -2.7125
7.37432 ; 3.79063 ; 3.9419 ; -0.95824
4.77524 ; 4.89134 ; -0.0402942 ; -2.47037
4.55206 ; 6.3287 ; -1.82507 ; 3.48691
5.50341 ; 4.56261 ; -0.216161 ; -2.06675
5.10987 ; 4.76666 ; -3.71099 ; -1.76424
6.62807 ; 3.38528 ; 3.79842 ; -3.73132
6.89787 ; 6.49754 ; 3.09766 ; 1.99372
5.78284 ; 3.53186 ; 0.803579 ; -4.1114
4.87673 ; 2.50675 ; -2.68048 ; -3.38035
5.69969 ; 6.4752 ; 1.65791 ; -0.0493131
4.98811 ; 3.38423 ; 1.37376 ; -3.88415
4.83849 ; 5.69145 ; -3.7226 ; 2.88167
7.62682 ; 3.74734 ; 2.80987 ; -3.81789
4.80768 ; 6.4 ; -3.78531 ; 3.06274
4.24846 ; 6.22516 ; -0.115729 ; 1.26684
3.60962 ; 6.53926 ; -2.78458 ; 3.84029
6.73853 ; 6.45425 ; 1.47248 ; -0.296497
6.1016 ; 4.0504 ; -2.35755 ; -1.41404
7.0188 ; 2.60801 ; 3.4826 ; -3.4127
3.2244 ; 7.73272 ; -3.25324 ; 3.01308
7.66319 ; 3.08377 ; 3.44367 ; -2.89752
5.2134 ; 5.06178 ; -0.513907 ; -2.88625
5.7445 ; 4.71333 ; -2.75598 ; 0.605725
7.87858 ; 5.3573 ; 3.5558 ; -3.02392
7.56902 ; 6.3042 ; 3.61982 ; 1.87373
3.53641 ; 6.78762 ; -3.31391 ; 3.65213
5.93656 ; 4.17877 ; -1.33975 ; -3.47064
6.32682 ; 6.01713 ; -1.4187 ; 1.77364
3.57894 ; 7.25754 ; -3.30349 ; 3.58662
3.44078 ; 7.87011 ; -3.12313 ; 2.8172
4.75563 ; 7.89296 ; -3.36471 ; 3.42533
4.49045 ; 3.08903 ; -2.72228 ; -3.72832
6.10093 ; 3.90183 ; 0.626178 ; -3.99609
6.66823 ; 5.61563 ; 4.03509 ; 0.992412
3.51179 ; 4.8193 ; -3.48766 ; -3.86248
5.23928 ; 5.17278 ; 2.48223 ; -0.633337
4.88618 ; 2.8717 ; 0.41019 ; -3.64381
3.36364 ; 5.38418 ; -3.70264 ; -2.7217
3.25248 ; 3.41412 ; -3.60736 ; -3.77341
7.69936 ; 4.20471 ; 3.65566 ; -3.45299
6.20364 ; 4.26295 ; 3.87145 ; -3.77669
6.94128 ; 4.18672 ; 3.26199 ; -2.621
7.72741 ; 6.06352 ; 3.89599 ; 3.52139
3.6606 ; 4.37899 ; -3.9589 ; -0.563858
5.74116 ; 5.05643 ; -3.24717 ; 1.93961
5.43026 ; 2.89237 ; 2.47115 ; -3.68644
8.37228 ; 6.11998 ; 3.30007 ; 3.04387
5.27582 ; 6.83812 ; -3.10678 ; 3.66262
7.07413 ; 5.22937 ; 3.53137 ; 1.84391
7.42853 ; 3.13322 ; 2.71407 ; -3.38251
3.82344 ; 6.24375 ; -3.74712 ; -0.776632
7.35308 ; 6.47379 ; 3.60587 ; 0.580441
6.85699 ; 4.41599 ; 1.96052 ; -3.31616
4.98402 ; 4.8927 ; 0.86052 ; -0.350819
6.84468 ; 4.57055 ; 2.65022 ; -1.73727
7.0326 ; 3.3211 ; 3.30269 ; -3.44079
7.06888 ; 5.77941 ; 3.29559 ; 0.816645
6.19136 ; 5.2513 ; -0.0462793 ; -3.71039
3.26136 ; 6.94566 ; -3.56766 ; 3.57256
3.85372 ; 4.20353 ; -3.86891 ; -3.97185
6.13 ; 3.99864 ; 1.88624 ; -2.18267
4.09959 ; 2.9529 ; -0.685575 ; -3.48653
6.67995 ; 4.10797 ; 0.140123 ; -4.2001
6.23983 ; 7.09626 ; -1.70223 ; 3.50709
7.40981 ; 5.07553 ; 4.01871 ; -1.46474
5.15412 ; 4.35072 ; 1.45578 ; -3.9735
7.56598 ; 4.61477 ; 3.67575 ; -2.33746
6.87853 ; 5.02072 ; 0.172888 ; 1.00632
6.33108 ; 4.951 ; 3.44763 ; 2.30885
6.589 ; 4.00119 ; 3.6069 ; -1.97243
6.42631 ; 5.05995 ; 3.27782 ; 0.732831
5.39604 ; 7.39717 ; 1.51057 ; 3.56756
3.6285 ; 8.15941 ; -2.72518 ; 2.77353
6.20165 ; 4.2109 ; 1.15538 ; -4.06612
4.48746 ; 5.85529 ; 0.351988 ; 0.625757
4.12994 ; 3.15892 ; -3.59281 ; -3.86767
6.88793 ; 5.94911 ; 1.41619 ; 3.94918
3.27829 ; 6.23943 ; -3.6772 ; 2.68542
6.31325 ; 5.32718 ; 0.695878 ; -1.05694
5.69074 ; 6.65362 ; 2.8671 ; 3.96648
3.54172 ; 4.22172 ; -3.74155 ; -1.27291
3.83196 ; 4.73765 ; -2.72551 ; -4.18456
4.07892 ; 3.65619 ; -1.03418 ; -3.41706
6.0013 ; 4.52753 ; -1.44376 ; 0.81402
4.758 ; 5.30306 ; -3.17429 ; 2.20297
4.21245 ; 3.25567 ; -2.46451 ; -3.50982
7.53936 ; 2.91544 ; 2.38377 ; -3.38823
5.66033 ; 5.9737 ; -0.14991 ; 3.61757
6.75916 ; 6.37735 ; 3.16665 ; 3.80781
4.11665 ; 7.33911 ; -3.4613 ; 3.26387
7.83708 ; 7.96858 ; 3.3268 ; 2.88042
5.24515 ; 5.33744 ; -3.07337 ; 3.05532
5.02047 ; 2.95809 ; -2.09026 ; -3.73268
6.98018 ; 5.19681 ; 1.86743 ; -3.58172
6.22974 ; 3.89364 ; -0.00807349 ; -3.72543
5.48872 ; 6.47008 ; 0.357615 ; 3.44531
4.28944 ; 6.23813 ; -3.47533 ; 1.50656
7.58726 ; 4.67084 ; 3.87429 ; -3.11791
5.55949 ; 6.28827 ; -3.14764 ; 0.886299
5.37364 ; 3.93193 ; -3.55596 ; -1.58653
6.57946 ; 3.43942 ; 3.04523 ; -4.02566
5.61637 ; 4.76193 ; -0.980865 ; -1.44284
5.16767 ; 5.21965 ; 2.73591 ; -2.51682
3.70706 ; 4.41883 ; -3.57647 ; 0.522153
4.72803 ; 6.23331 ; -2.92548 ; 3.68598
4.75552 ; 6.32825 ; -2.06343 ; 3.33143
6.79639 ; 4.7563 ; 4.04766 ; -0.5451
6.29002 ; 6.52487 ; -2.38111 ; 0.878032
5.90166 ; 4.30405 ; 0.793974 ; -3.62196
3.64284 ; 6.90399 ; -3.51561 ; 3.07403
4.86842 ; 4.93667 ; -2.88932 ; 2.68283
6.07762 ; 4.54514 ; -0.178331 ; -4.01987
7.9719 ; 4.1447 ; 3.652 ; -3.19848
6.55304 ; 4.56366 ; 1.03405 ; -4.02372
6.37211 ; 3.96854 ; 3.63631 ; -2.81904
3.91863 ; 4.6327 ; -3.74576 ; -1.9572
6.32229 ; 4.03516 ; 3.45665 ; -3.54083
5.34548 ; 6.33367 ; -3.52188 ; 2.67353
5.19486 ; 6.48275 ; 0.203914 ; 3.72517
4.29923 ; 7.09632 ; -3.74115 ; 3.51052
6.19801 ; 6.46816 ; 3.04818 ; 1.33343
6.42362 ; 4.24872 ; -0.985493 ; -0.224133
4.94255 ; 4.67959 ; -1.3419 ; 0.451079
6.69243 ; 5.54541 ; 3.32362 ; 3.61136
2.97176 ; 5.96296 ; -3.43985 ; 2.28241
6.81709 ; 6.72242 ; 4.02329 ; 2.51481
4.40881 ; 4.77515 ; -1.64992 ; -0.876704
5.38166 ; 4.07806 ; -0.250064 ; -3.18437
7.79647 ; 4.56225 ; 3.83246 ; -3.7368
4.75351 ; 7.56292 ; -1.82037 ; 3.69628
3.80599 ; 3.74086 ; -3.56409 ; -3.37069
6.80575 ; 4.29719 ; 1.14923 ; -3.06734
5.76812 ; 5.07852 ; -2.54405 ; -2.03362
5.08869 ; 6.64663 ; -3.20783 ; 3.67685
6.5224 ; 4.55229 ; 1.05498 ; -2.52971
6.84327 ; 6.85184 ; 3.13169 ; 2.82778
5.61014 ; 5.95635 ; 1.39191 ; 2.93286
3.7775 ; 4.60864 ; -3.58062 ; -3.38446
4.43545 ; 2.72932 ; -1.04721 ; -3.46357
4.6991 ; 7.59733 ; -2.39697 ; 3.64246
4.49163 ; 4.38804 ; -0.989995 ; -0.101641
5.79471 ; 6.14582 ; 1.72588 ; 2.93361
7.12594 ; 6.86231 ; 3.88375 ; 1.46151
4.92398 ; 4.79684 ; -3.8309 ; -3.09885
3.28262 ; 7.33345 ; -3.41314 ; 3.18236
6.72952 ; 6.58675 ; 4.07785 ; 2.81591
6.61984 ; 7.51963 ; 3.3644 ; 3.66688
6.1348 ; 4.66872 ; 1.35596 ; 1.60121
7.15818 ; 4.51048 ; 3.52871 ; -3.38298
4.94375 ; 5.52464 ; 0.937489 ; 3.83568
7.12096 ; 3.15859 ; 3.83919 ; -3.50885
6.71568 ; 2.93298 ; 3.10687 ; -3.76794
4.51206 ; 4.84473 ; -3.01305 ; -0.50953
6.52397 ; 6.36935 ; 3.51002 ; 2.24845
3.7593 ; 7.32679 ; -3.76482 ; 2.04723
4.02076 ; 7.32977 ; -3.35256 ; 3.73967
6.9662 ; 3.71353 ; 3.71701 ; -3.69167
3.62062 ; 5.4964 ; -3.88223 ; 2.30676
3.76765 ; 7.08424 ; -3.75738 ; 3.30381
3.77882 ; 6.31686 ; -3.60227 ; 2.00987
5.80956 ; 4.1548 ; -3.33103 ; -2.42371
3.15523 ; 6.47993 ; -3.52796 ; 3.05677
6.26863 ; 4.7207 ; -0.51663 ; -3.61386
4.77869 ; 4.76785 ; -0.467234 ; 0.877237
4.59013 ; 4.57666 ; -0.615249 ; -1.7562
4.14858 ; 3.78212 ; -3.85013 ; -3.63601
7.1445 ; 3.63159 ; 3.98577 ; -3.96942
3.97917 ; 4.03609 ; -2.484 ; -2.93769
6.92742 ; 3.56305 ; 2.33241 ; -3.66402
7.18819 ; 5.68804 ; 3.64157 ; 1.60929
4.32331 ; 3.02967 ; -2.96831 ; -3.76766
4.64759 ; 4.84341 ; 0.556732 ; -1.97709
5.25725 ; 4.09402 ; 0.595561 ; 0.0185898
4.55401 ; 5.19095 ; -1.77374 ; -0.474424
5.0813 ; 4.52831 ; -2.67635 ; -3.41079
5.42761 ; 4.92038 ; 1.49056 ; 2.80079
3.58217 ; 6.9739 ; -3.26661 ; 3.2469
4.88151 ; 4.93115 ; -0.86375 ; -2.78815
4.36199 ; 3.69463 ; -3.15542 ; -3.82163
4.88538 ; 4.00909 ; 0.698985 ; -4.09004
5.38972 ; 5.00116 ; -1.23547 ; -3.83825
4.01912 ; 6.53192 ; -3.70806 ; 2.43825
4.55222 ; 5.11086 ; -1.23834 ; 1.64553
3.60654 ; 6.86986 ; -3.58009 ; 0.561278
3.20559 ; 8.21838 ; -2.65887 ; 2.41595
6.88134 ; 4.20516 ; 4.12223 ; -3.24077
5.15986 ; 5.04312 ; -2.79527 ; -0.725621
4.63689 ; 2.73484 ; -2.6459 ; -3.57821
6.07419 ; 3.8466 ; 3.40677 ; -4.09263
5.19628 ; 3.9066 ; -3.12638 ; -3.97615
6.24402 ; 4.34158 ; 2.12107 ; -3.81657
4.90431 ; 6.9885 ; -4.01244 ; 2.29853
5.40419 ; 6.49128 ; -1.82191 ; 2.83468
4.06525 ; 4.1134 ; -2.3546 ; -2.74391
7.12669 ; 5.5043 ; 4.08505 ; 1.91125
7.05365 ; 6.27717 ; 3.31636 ; 3.60924
6.07156 ; 2.92154 ; 0.730927 ; -3.75383
3.98838 ; 5.00654 ; -3.86803 ; -2.66839
5.38342 ; 6.66384 ; -2.12272 ; 4.0318
6.64481 ; 6.18941 ; 0.998929 ; -1.80844
6.40263 ; 6.09373 ; 3.07025 ; 3.60794
4.85433 ; 3.88435 ; -0.306231 ; -3.7632
7.20633 ; 4.48567 ; 3.80594 ; 0.287929
3.6357 ; 6.6574 ; -3.29645 ; 3.36549
7.71142 ; 5.57932 ; 3.86034 ; 2.59608
5.69356 ; 5.40057 ; 0.63031 ; 3.15631
4.95657 ; 3.1788 ; 1.51189 ; -3.56126
7.21927 ; 4.62641 ; 2.84105 ; -3.82281
3.72587 ; 3.07076 ; -3.44026 ; -3.63313
4.10495 ; 2.73323 ; -3.69352 ; -3.24367
7.5997 ; 7.61046 ; 3.62748 ; 2.8656
8.11234 ; 4.93345 ; 3.54612 ; 1.56017
6.88365 ; 7.90395 ; 2.66204 ; 3.27153
8.03333 ; 2.68911 ; 2.42843 ; -2.97074
5.33438 ; 3.35258 ; -3.36958 ; -3.74226
6.22272 ; 3.44943 ; 3.89745 ; -3.19503
4.47904 ; 6.26125 ; -3.08417 ; 3.46226
5.33504 ; 4.64272 ; -3.34906 ; -4.07304
7.3802 ; 6.14975 ; 3.53316 ; 3.56543
6.86255 ; 6.38628 ; 0.598821 ; 2.63277
5.26528 ; 5.86928 ; -3.3246 ; 1.38348
6.23173 ; 4.52823 ; -1.08702 ; 1.7011
4.9358 ; 5.61251 ; 0.103346 ; 0.591032
8.58157 ; 7.75989 ; 2.44554 ; 2.62987
4.63778 ; 6.17528 ; 1.48189 ; 2.24007
4.13089 ; 4.27311 ; -2.91287 ; -0.309298
5.32023 ; 6.99916 ; -3.17876 ; 3.72709
4.90117 ; 4.0813 ; -2.61788 ; -2.35776
7.24446 ; 6.17203 ; 4.0599 ; 0.891141
4.95804 ; 7.71544 ; -0.667388 ; 3.53909
6.96866 ; 7.41726 ; 3.83854 ; 3.09992
3.67312 ; 7.15034 ; -3.57492 ; 2.62489
7.44995 ; 5.83308 ; 3.20548 ; -2.47142
5.86262 ; 7.4906 ; 2.63564 ; 3.64237
5.69009 ; 4.71342 ; -2.21399 ; -2.49541
6.33312 ; 5.71878 ; 3.02144 ; -0.239614
5.58037 ; 6.27851 ; -3.42187 ; -0.264242
6.98273 ; 5.89378 ; 3.79802 ; 2.37386
6.43717 ; 3.74754 ; 3.7469 ; -2.44946
6.63838 ; 4.70925 ; 2.66292 ; -3.46335
4.46674 ; 5.00717 ; -1.5957 ; -3.60723
6.68111 ; 3.66633 ; 3.91797 ; -3.76851
6.52887 ; 6.14958 ; 2.65464 ; 2.52113
8.35859 ; 6.71218 ; 3.22701 ; 2.57021
5.11277 ; 3.94503 ; -2.35016 ; -4.21924
7.65627 ; 7.60742 ; 2.7054 ; 3.24748
5.43735 ; 4.44732 ; -1.38562 ; -0.970347
6.44415 ; 6.38207 ; 3.24373 ; 2.06396
6.84654 ; 5.74788 ; 2.78093 ; 1.2183
6.90702 ; 6.20532 ; 0.479241 ; 2.91247
5.68172 ; 7.18453 ; -1.84084 ; 3.9223
8.04709 ; 6.99958 ; 3.46495 ; 2.8028
7.53603 ; 4.60946 ; 3.89146 ; 0.140383
7.34555 ; 3.91365 ; 3.65793 ; -2.30912
7.42802 ; 4.21695 ; 3.58897 ; -3.43165
6.0816 ; 5.53891 ; 0.491213 ; -0.712386
5.76774 ; 4.27462 ; 2.86594 ; -0.0722763
6.55629 ; 6.75462 ; 3.24518 ; 3.83724
5.28463 ; 4.9755 ; 1.71726 ; -0.918749
4.28587 ; 5.63358 ; -1.77425 ; 2.57291
5.92422 ; 6.37554 ; 3.84148 ; 0.605928
3.82347 ; 7.98145 ; -2.52424 ; 3.0672
5.09246 ; 4.23647 ; -2.78645 ; -3.87637
3.41742 ; 4.67004 ; -3.91044 ; -3.52413
6.70379 ; 4.70195 ; 2.0973 ; -4.17652
4.67912 ; 5.75429 ; 1.37648 ; -1.30053
5.75694 ; 3.45881 ; 2.53315 ; -3.97469
5.11264 ; 5.25239 ; -3.47289 ; -2.21463
7.81241 ; 6.9366 ; 3.70299 ; 3.23626
6.96034 ; 4.90651 ; 3.77387 ; -3.59271
6.63619 ; 6.63847 ; 2.46913 ; 3.80009
7.3268 ; 7.18832 ; 3.29233 ; 3.79279
5.18227 ; 4.32336 ; -0.478168 ; 0.0692329
3.56622 ; 6.52367 ; -2.85722 ; 3.60228
4.42464 ; 3.83679 ; -3.12129 ; -2.36454
5.84298 ; 5.77508 ; -0.539197 ; 3.44815
7.87507 ; 7.58925 ; 3.32688 ; 2.88208
6.95994 ; 5.99963 ; 1.19458 ; 0.536964
6.39798 ; 4.54865 ; -0.795625 ; -2.84175
6.87741 ; 3.03168 ; 3.87288 ; -3.12052
5.16981 ; 6.64128 ; -3.56368 ; 2.70343
3.96462 ; 7.69552 ; -3.58182 ; 3.34992
5.29076 ; 4.13785 ; 2.32617 ; -1.05404
4.23456 ; 5.56552 ; -0.736054 ; 1.53514
6.0528 ; 5.37198 ; 2.78498 ; 3.11457
6.1882 ; 7.19361 ; 3.36038 ; 3.51208
3.22321 ; 8.01049 ; -3.10561 ; 2.30774
3.00329 ; 2.61419 ; -2.92863 ; -2.89127
7.33173 ; 3.61548 ; 2.17726 ; -4.00708
6.80343 ; 3.45365 ; 1.26205 ; -3.80243
4.73691 ; 4.57228 ; -3.51204 ; -1.61446
3.87397 ; 3.84731 ; -3.11932 ; -3.98447
3.29971 ; 7.2 ; -3.42497 ; 3.41711
6.29048 ; 5.16438 ; -0.594282 ; -3.00627
7.57611 ; 6.32978 ; 3.86965 ; 2.8861
5.24895 ; 3.64215 ; -0.409607 ; -3.30674
7.96543 ; 7.74067 ; 3.14503 ; 3.04228
6.01547 ; 6.59306 ; 3.08851 ; 3.99794
5.99283 ; 6.67129 ; 0.591796 ; 3.88763
7.44772 ; 3.94347 ; 3.81741 ; -2.86381
5.13841 ; 4.93341 ; -3.98685 ; -1.77406
4.68416 ; 2.8423 ; -2.86239 ; -3.59527
4.13747 ; 7.81724 ; -3.32709 ; 3.23774
3.63289 ; 4.25962 ; -3.8243 ; -4.00609
7.4048 ; 4.06703 ; 3.54859 ; -0.83491
6.4408 ; 4.21161 ; 2.6259 ; -1.5026
4.1579 ; 4.86793 ; -3.43214 ; -1.96922
5.91774 ; 6.32908 ; 3.61152 ; 3.51416
6.89166 ; 6.42103 ; 1.38792 ; 3.5774
6.83232 ; 5.5071 ; 3.98914 ; 2.89806
5.42976 ; 6.36853 ; -1.04436 ; 3.54289
4.74404 ; 4.8094 ; -3.8001 ; -1.64373
6.9108 ; 5.15424 ; 2.19551 ; -3.4667
5.77928 ; 3.91548 ; 1.24153 ; -3.45384
6.34852 ; 5.47204 ; 1.10131 ; 1.05292
5.77556 ; 4.91713 ; 0.871656 ; -3.36805
4.80834 ; 7.02697 ; -0.0247082 ; 3.48472
6.60197 ; 5.28153 ; 3.99189 ; -0.127736
4.91201 ; 6.98643 ; 0.489111 ; 3.99244
5.34589 ; 5.89641 ; -3.68954 ; -1.37777
