4.6745 ; 5.05574 ; -0.763232 ; 2.80678
3.68538 ; 5.67348 ; -3.44196 ; -0.876943
3.90624 ; 5.61604 ; -2.69209 ; 0.419848
8.03119 ; 7.77642 ; 1.9824 ; 2.51038
5.46832 ; 3.98407 ; 0.834337 ; 0.338862
8.14488 ; 7.67198 ; 2.61705 ; 1.74592
4.4575 ; 4.6363 ; -0.427661 ; -0.241984
4.74277 ; 5.86182 ; -0.208015 ; -2.0895
4.63343 ; 6.28098 ; -3.68763 ; 0.0853111
3.97318 ; 3.3322 ; -3.49384 ; -3.34611
3.80486 ; 4.90491 ; -3.23172 ; 1.5952
5.71669 ; 4.18448 ; -2.06062 ; -0.197825
6.84122 ; 5.55217 ; 3.7505 ; 2.46414
5.97653 ; 6.80628 ; 3.30749 ; 1.62103
5.14269 ; 5.99164 ; -2.79495 ; 1.96509
5.58054 ; 3.4929 ; -2.62776 ; -3.09625
7.10562 ; 5.93847 ; 2.89102 ; 2.85526
2.90812 ; 4.3801 ; -3.10726 ; -2.75351
5.32693 ; 5.11612 ; 0.453974 ; 0.61685
5.94852 ; 4.24659 ; 2.81362 ; -1.3131
3.31615 ; 2.73092 ; -2.43468 ; -2.64522
8.4323 ; 3.38203 ; 2.82383 ; -3.21923
4.57064 ; 2.90598 ; -1.80833 ; -3.50288
5.94121 ; 4.30068 ; -2.57064 ; -0.664514
6.34562 ; 3.31492 ; 2.51 ; -3.75491
4.66187 ; 5.81816 ; -3.36872 ; -0.984162
5.64359 ; 6.58158 ; 1.34858 ; 0.979028
5.07985 ; 5.72688 ; 2.04575 ; 0.110065
8.48683 ; 8.09732 ; 2.20785 ; 2.00126
5.69166 ; 5.21868 ; -1.25847 ; 2.88206
3.87365 ; 4.4178 ; -3.52768 ; -0.886334
5.26181 ; 6.91006 ; 0.602257 ; 3.36027
4.09433 ; 3.7286 ; -3.61388 ; -3.18983
2.61363 ; 5.03598 ; -2.7259 ; -2.12188
6.80243 ; 6.02776 ; 3.92269 ; 2.90392
3.77898 ; 7.07464 ; -3.43298 ; 3.39383
6.20031 ; 6.17688 ; 2.48626 ; 3.48562
6.73278 ; 7.0615 ; 2.84111 ; 3.38898
6.99312 ; 2.71028 ; 3.25806 ; -3.28869
6.39543 ; 5.28927 ; 3.80004 ; -2.1362
6.06861 ; 5.69326 ; 0.13611 ; -1.98278
6.186 ; 2.35132 ; 0.976262 ; -2.89499
6.04249 ; 5.94927 ; -1.8044 ; -0.747119
6.39063 ; 6.65064 ; 0.0597698 ; 2.85219
7.97917 ; 4.88151 ; 3.20658 ; 0.662649
6.43514 ; 6.75672 ; 1.4108 ; 2.46728
2.63555 ; 6.90209 ; -2.59957 ; 2.84947
7.32959 ; 5.6612 ; 2.76316 ; 0.380934
6.89674 ; 5.7022 ; 3.45394 ; 1.74084
3.12712 ; 7.75372 ; -2.82306 ; 2.19894
6.84591 ; 6.55058 ; 3.19636 ; 3.66851
3.08167 ; 7.80152 ; -2.70949 ; 2.71663
7.29153 ; 7.06493 ; 2.66828 ; 3.21368
8.25916 ; 3.40048 ; 2.78685 ; -2.59001
5.54996 ; 5.53666 ; 1.38702 ; 2.03809
7.2499 ; 4.31338 ; 3.29231 ; 0.3599
3.1461 ; 6.17689 ; -3.34711 ; 0.55081
7.0447 ; 3.22774 ; 3.65712 ; -2.77567
3.28428 ; 7.13148 ; -3.30536 ; 2.27999
4.13357 ; 3.56216 ; -3.62573 ; -3.85212
5.51495 ; 6.1153 ; 2.85881 ; 0.0420487
7.53995 ; 7.26461 ; 2.32236 ; 2.72873
7.0421 ; 2.83152 ; 3.42393 ; -3.29335
4.8127 ; 6.16765 ; -3.59489 ; 1.21064
2.96045 ; 2.13299 ; -2.22097 ; -1.79164
6.03556 ; 2.2544 ; 2.61761 ; -2.74578
3.74535 ; 6.3119 ; -3.66298 ; 3.18192
4.73454 ; 7.77436 ; -1.81263 ; 3.03273
6.76016 ; 7.25704 ; 3.59691 ; 3.6085
7.91159 ; 5.12181 ; 3.40396 ; 1.28914
4.93136 ; 6.24034 ; -3.64093 ; 1.38066
5.79693 ; 6.70219 ; 2.55067 ; 3.73421
3.91288 ; 7.30088 ; -3.25081 ; 3.41489
6.21178 ; 5.22055 ; 3.13285 ; 2.19705
7.58215 ; 4.67395 ; 3.48883 ; -1.69068
3.79378 ; 2.47393 ; -2.32967 ; -2.89863
3.33802 ; 6.24869 ; -3.06534 ; 3.18745
3.99035 ; 5.91339 ; -3.56067 ; 1.57365
5.07753 ; 7.38642 ; -0.355677 ; 3.44466
4.86103 ; 3.74177 ; -0.0974293 ; -3.89886
2.92652 ; 5.27761 ; -3.01621 ; 1.71576
3.94204 ; 3.56321 ; -2.52358 ; -1.60451
7.20655 ; 4.1346 ; 3.49714 ; -1.73052
7.39619 ; 7.34959 ; 3.53528 ; 3.27991
3.27885 ; 3.89688 ; -3.14484 ; -2.53274
5.27555 ; 6.66617 ; -2.19662 ; 3.47017
4.136 ; 3.81643 ; -3.79326 ; -1.56335
4.82514 ; 4.79303 ; -1.39153 ; -0.527983
4.41994 ; 4.82979 ; -3.11375 ; 1.52522
7.84105 ; 3.16027 ; 2.56923 ; -2.4191
7.07504 ; 2.7215 ; 3.60989 ; -2.82042
5.76859 ; 6.1855 ; 0.132661 ; 3.30988
4.79635 ; 6.21564 ; -0.517293 ; 1.5147
4.87907 ; 7.80437 ; 0.307845 ; 3.10948
5.74344 ; 6.5606 ; -1.61017 ; 0.0793692
2.94462 ; 3.2328 ; -2.64044 ; -2.41925
6.38595 ; 4.95723 ; 3.88993 ; -3.12695
6.97649 ; 5.52843 ; 2.44078 ; -1.01232
5.50256 ; 7.31901 ; -2.63445 ; 2.71066
3.85625 ; 3.63581 ; -1.69773 ; -2.7308
7.6446 ; 2.98373 ; 3.32881 ; -2.57372
4.02227 ; 7.25168 ; -3.6087 ; 2.66838
5.3173 ; 5.80547 ; -1.08258 ; 0.279396
3.80513 ; 5.0171 ; -3.76549 ; -1.7651
7.31012 ; 4.7439 ; 3.51895 ; -3.57935
7.2971 ; 8.00359 ; 3.27167 ; 2.94851
5.13962 ; 4.79495 ; -1.13583 ; 0.943079
7.03495 ; 4.00933 ; 1.19804 ; -3.77572
5.32944 ; 4.19309 ; 0.121709 ; -3.41217
3.64087 ; 4.67405 ; -2.99138 ; -3.68745
4.03274 ; 5.02624 ; -3.66961 ; -0.256806
6.0565 ; 3.96943 ; 2.80612 ; -3.45301
3.11864 ; 4.06995 ; -2.99294 ; -3.73662
4.88184 ; 6.78029 ; -0.901194 ; 3.80741
5.77521 ; 3.19726 ; 2.83806 ; -2.8783
3.98476 ; 3.92458 ; -3.61015 ; -3.81542
3.84267 ; 7.6809 ; -3.32826 ; 3.14732
6.74337 ; 6.33826 ; 0.852645 ; 3.81362
4.50524 ; 5.49954 ; -1.00415 ; -3.04309
7.62855 ; 4.3173 ; 2.57862 ; -3.57695
4.52906 ; 2.61206 ; -2.72411 ; -3.23397
6.43848 ; 4.27707 ; 3.76442 ; -2.71268
5.67513 ; 4.53661 ; -2.48992 ; -2.89056
5.86393 ; 4.60068 ; 1.55901 ; 1.77418
6.39876 ; 4.70387 ; 3.41177 ; -3.76658
6.98208 ; 5.03761 ; 1.44498 ; -1.93479
4.86426 ; 3.92821 ; -0.155766 ; -1.83583
8.14452 ; 7.92759 ; 2.63843 ; 2.67999
7.51993 ; 5.76812 ; 3.74877 ; -1.46372
7.10027 ; 4.36841 ; 3.20066 ; -0.112245
3.38851 ; 6.74392 ; -3.43658 ; 1.89424
4.57278 ; 4.93737 ; -0.1588 ; -3.34968
7.68529 ; 3.0472 ; 3.36019 ; -2.37687
6.56394 ; 3.28811 ; -0.174909 ; -3.66835
4.83077 ; 5.91048 ; -2.39169 ; 0.282486
5.43677 ; 6.43394 ; -2.38814 ; 3.86652
7.77805 ; 3.49153 ; 3.43984 ; -3.4928
4.53326 ; 2.71722 ; -2.50635 ; -3.24201
4.0709 ; 3.03577 ; -2.60429 ; -3.49017
4.06677 ; 3.15915 ; -0.295736 ; -3.09997
3.90386 ; 6.19951 ; -2.8547 ; 3.50089
4.45203 ; 2.57615 ; -0.0070785 ; -3.00403
4.85823 ; 3.81317 ; -3.43188 ; -3.8081
4.92788 ; 4.79536 ; -0.34887 ; -3.20346
4.46001 ; 7.22509 ; -0.82936 ; 3.48323
2.78746 ; 5.28114 ; -2.93359 ; 1.1998
5.9749 ; 2.8574 ; 2.33319 ; -3.17789
7.54292 ; 3.82341 ; 3.24728 ; -3.88832
8.19673 ; 6.27115 ; 3.04703 ; -0.310537
8.76838 ; 7.48777 ; 2.01997 ; 2.69474
6.29132 ; 6.07109 ; 2.98656 ; 3.73728
4.91147 ; 5.76031 ; -1.27568 ; 3.57837
8.07771 ; 8.05373 ; 2.70761 ; 1.92894
5.5752 ; 5.24682 ; -1.71804 ; 0.4265
3.4406 ; 3.64015 ; -2.99121 ; -2.96368
4.22037 ; 3.88441 ; -0.872884 ; -2.63924
6.19165 ; 5.4225 ; -0.43066 ; -0.52852
4.64185 ; 6.33354 ; -2.5296 ; 3.03478
2.50759 ; 6.81816 ; -2.36525 ; 2.4869
7.68994 ; 6.19952 ; 2.76193 ; 3.64722
3.68868 ; 2.3611 ; -2.9951 ; -2.75802
7.59185 ; 5.18671 ; 3.69293 ; -1.16
4.69796 ; 5.44238 ; -0.381366 ; 2.6021
4.41086 ; 3.4781 ; -3.57632 ; -3.88161
4.78074 ; 3.14605 ; -2.485 ; -3.18362
5.70571 ; 4.87321 ; 2.12486 ; -0.34997
6.37914 ; 5.46413 ; -0.87297 ; -3.1518
6.67032 ; 2.41665 ; 3.03729 ; -3.01617
4.50083 ; 4.2855 ; -0.00287421 ; 1.23706
6.11756 ; 5.89528 ; -2.17559 ; -1.08149
5.92057 ; 2.83382 ; -1.77878 ; -3.26885
3.03184 ; 2.94738 ; -2.85609 ; -2.70249
4.66771 ; 6.9908 ; -2.60145 ; 2.79024
4.80963 ; 5.68707 ; -2.32565 ; 1.50436
4.09565 ; 3.48437 ; -1.97219 ; -2.33961
6.0396 ; 6.36209 ; 1.16213 ; 2.62254
6.24223 ; 6.91116 ; 3.00481 ; 3.8011
8.0506 ; 3.24709 ; 2.72801 ; -3.06107
6.62706 ; 5.666 ; 3.29433 ; 0.259101
5.86978 ; 4.8391 ; 1.37817 ; -2.9899
6.23186 ; 3.91812 ; 0.0615817 ; -2.31148
7.92849 ; 6.3387 ; 3.4607 ; -0.245787
4.22814 ; 6.42074 ; -3.37604 ; 3.62775
3.15114 ; 7.14195 ; -3.20677 ; 3.31922
4.33274 ; 6.54787 ; -1.96166 ; 2.9424
6.80263 ; 5.03477 ; 2.59403 ; -0.799366
7.19545 ; 6.34073 ; 2.73022 ; 3.59741
6.69383 ; 3.37625 ; 1.0898 ; -3.45049
7.44381 ; 6.94321 ; 3.25018 ; 3.2976
4.635 ; 7.76068 ; -3.13841 ; 3.28986
5.87605 ; 2.67364 ; -1.82207 ; -3.17812
4.8923 ; 4.12865 ; -1.69857 ; -1.76082
7.81803 ; 6.41428 ; 3.57177 ; 2.78928
3.93399 ; 6.36276 ; -3.24011 ; 3.64742
7.50763 ; 5.20065 ; 3.2314 ; 2.71889
6.13039 ; 6.87931 ; 2.88138 ; 3.81438
2.82189 ; 7.33503 ; -2.75555 ; 2.30056
2.8938 ; 5.60722 ; -3.09106 ; -0.984365
8.07268 ; 3.05994 ; 2.28615 ; -3.29205
8.66084 ; 6.95573 ; 2.49259 ; 3.12169
2.50875 ; 8.36373 ; -1.09987 ; 0.715938
7.97356 ; 2.50188 ; 2.98669 ; -2.52606
6.9693 ; 5.04784 ; 1.74341 ; 2.75495
5.07152 ; 3.07128 ; -3.50465 ; -3.28019
8.09123 ; 8.02719 ; 2.86172 ; 2.59936
7.33186 ; 7.12453 ; 2.10566 ; 3.53653
8.47325 ; 2.54289 ; 2.28547 ; -2.17843
6.72865 ; 3.01198 ; 2.08148 ; -3.11338
5.18069 ; 4.00411 ; 1.4444 ; -0.310623
6.32575 ; 4.67264 ; 2.78292 ; 1.39377
3.73514 ; 7.91608 ; -3.31516 ; 2.32551
5.02196 ; 5.70542 ; -1.41719 ; 2.29725
4.57724 ; 6.80689 ; -3.28032 ; 0.714416
4.14358 ; 5.92322 ; -2.71864 ; 3.01289
6.43102 ; 6.03102 ; 1.53529 ; -0.697204
6.39434 ; 6.15583 ; 3.93985 ; 1.12647
7.13846 ; 7.69412 ; 3.71488 ; 2.30162
7.36459 ; 2.43482 ; 3.24642 ; -2.82769
7.99556 ; 7.71896 ; 3.03458 ; 2.96315
6.92368 ; 7.08951 ; 2.25391 ; 3.30257
7.91637 ; 7.49778 ; 3.15381 ; 3.17444
5.16948 ; 3.07972 ; -3.35443 ; -3.32913
2.90027 ; 7.44032 ; -2.32249 ; 2.79053
5.0286 ; 6.87568 ; -3.30166 ; 3.64775
3.49233 ; 4.23669 ; -3.37674 ; -2.5397
4.3967 ; 7.42962 ; -3.52692 ; 3.41148
5.27751 ; 7.94897 ; -2.66277 ; 3.09465
7.30023 ; 3.91975 ; 3.71018 ; -3.46529
3.63959 ; 6.01128 ; -3.43807 ; 1.05922
5.06887 ; 2.69528 ; -2.53651 ; -3.30157
5.44055 ; 4.51819 ; 2.68051 ; -3.8124
7.51324 ; 5.06544 ; 3.69459 ; -2.08971
6.85253 ; 4.59465 ; 3.5111 ; -3.28749
5.13612 ; 6.89911 ; -1.85067 ; 2.05258
7.11674 ; 4.78977 ; 3.81973 ; -2.56761
6.70568 ; 4.73794 ; 3.52907 ; -1.98607
8.14794 ; 2.94139 ; 2.61847 ; -3.01485
6.03013 ; 2.72831 ; 2.80586 ; -3.41472
5.88942 ; 3.03904 ; 1.72506 ; -3.26094
6.79218 ; 8.22636 ; 2.6673 ; 2.63995
2.96134 ; 8.06887 ; -2.00095 ; 2.08094
6.7731 ; 4.56597 ; 0.191678 ; -0.170242
3.15204 ; 3.59305 ; -2.98833 ; -2.15931
5.29268 ; 4.36129 ; 1.54276 ; -3.26006
5.77255 ; 7.74083 ; 1.14238 ; 3.34591
7.23393 ; 3.79798 ; 3.05178 ; -2.04416
4.71395 ; 4.56507 ; 0.798008 ; -4.05949
7.92013 ; 3.337 ; 3.11007 ; -3.54925
2.77042 ; 7.70059 ; -2.23706 ; 1.55317
6.55558 ; 5.04855 ; 2.02516 ; 0.684129
4.8807 ; 3.97662 ; -2.68637 ; -3.94859
5.93673 ; 3.28966 ; 1.71634 ; -3.80649
7.89437 ; 3.52432 ; 2.89017 ; -3.71348
5.61755 ; 4.08002 ; -1.56033 ; -2.1283
5.66172 ; 3.70127 ; 2.13161 ; -3.36347
4.67461 ; 3.82412 ; 0.983743 ; -2.27535
8.52889 ; 3.27455 ; 2.52842 ; -1.99884
6.77295 ; 5.26154 ; 3.71724 ; 1.31776
7.20588 ; 4.56035 ; 3.36529 ; -3.29859
8.04621 ; 5.33316 ; 3.39667 ; -2.1539
4.75956 ; 2.77221 ; -2.79592 ; -3.16872
4.23883 ; 5.10397 ; -3.4879 ; -0.0408317
3.6899 ; 7.17718 ; -3.40342 ; 2.5421
8.02592 ; 3.64034 ; 2.78813 ; -3.69422
2.77301 ; 3.48025 ; -2.80158 ; -3.02821
4.43455 ; 3.29646 ; -3.50685 ; -3.71377
4.83033 ; 2.76532 ; -2.0723 ; -3.2095
3.13504 ; 7.71334 ; -2.44398 ; 2.51439
8.45658 ; 7.90993 ; 2.19736 ; 1.22784
6.55221 ; 6.88101 ; 0.496153 ; 3.54582
5.1508 ; 6.53288 ; -1.49704 ; 3.84339
5.88931 ; 6.21406 ; 3.14777 ; 2.53983
7.1564 ; 2.39347 ; 2.01354 ; -2.83043
3.4544 ; 7.89425 ; -3.13748 ; 2.16474
5.44658 ; 3.59653 ; -2.82652 ; -2.69372
6.77259 ; 3.37736 ; 3.75131 ; -3.77096
5.74394 ; 7.50873 ; 2.75888 ; 3.52251
5.58566 ; 5.91215 ; 1.09794 ; 2.18745
6.94894 ; 5.25371 ; 1.66331 ; -2.37235
5.30055 ; 6.38544 ; 0.599771 ; 2.96947
4.45917 ; 4.51672 ; -1.85539 ; -0.700525
8.3858 ; 8.37058 ; 2.03986 ; 1.65478
7.02522 ; 7.88222 ; 3.54159 ; 3.00124
4.99142 ; 4.37389 ; 1.29074 ; 0.778055
3.17648 ; 6.1219 ; -3.24351 ; 1.80291
6.67561 ; 5.93857 ; 2.91302 ; 1.33748
3.89105 ; 6.04047 ; -3.26121 ; 1.3218
5.83358 ; 3.57757 ; -2.35367 ; -2.71955
6.743 ; 6.09706 ; 0.638365 ; -1.34122
6.84418 ; 4.55709 ; 1.7565 ; -2.57319
3.34317 ; 5.00975 ; -3.42954 ; -0.661024
5.83865 ; 7.24175 ; -1.65842 ; 3.56051
2.79007 ; 7.2073 ; -2.47859 ; 1.03254
2.90624 ; 8.05345 ; -2.22271 ; 2.07913
8.17594 ; 7.48081 ; 2.72116 ; 2.78504
4.70555 ; 2.93139 ; -1.04623 ; -3.54904
6.2629 ; 5.77084 ; 2.19848 ; 0.127967
8.1321 ; 8.05576 ; 2.6937 ; 2.30604
4.61505 ; 2.75904 ; -0.63578 ; -3.12508
5.76213 ; 4.58474 ; -1.84464 ; 1.82542
2.81829 ; 2.51908 ; -1.66402 ; -2.28407
6.97674 ; 3.67552 ; 1.86049 ; -2.33607
8.53758 ; 5.31133 ; 2.82982 ; 0.0160235
5.92257 ; 5.61802 ; 0.0873919 ; 2.60643
3.65456 ; 7.7438 ; -3.32057 ; 2.59923
5.13681 ; 4.29547 ; 0.572017 ; -3.467
4.27994 ; 7.27189 ; -2.27593 ; 3.42153
7.7642 ; 2.42508 ; 3.03153 ; -2.39819
4.74143 ; 7.44364 ; -3.8092 ; 2.21266
2.46064 ; 4.33667 ; -2.44111 ; -2.98371
7.89909 ; 4.65926 ; 3.46127 ; 0.111412
5.9518 ; 8.14813 ; 0.0459904 ; 2.81982
4.98841 ; 3.0961 ; 0.882819 ; -3.59007
4.94938 ; 5.21976 ; -3.46153 ; -0.759942
7.58081 ; 4.76337 ; 3.21638 ; -0.219472
6.2662 ; 6.3149 ; 1.555 ; 2.38649
5.35754 ; 4.98813 ; 0.705087 ; 1.58353
3.36931 ; 6.02521 ; -2.8895 ; -1.91239
6.36757 ; 4.85211 ; -0.579005 ; -3.6235
4.75634 ; 3.79443 ; -3.54074 ; -3.74502
5.95397 ; 4.8933 ; -2.47063 ; 1.26145
2.83443 ; 2.69317 ; -2.46897 ; -2.49445
8.40011 ; 3.07795 ; 2.73131 ; -2.89102
7.56241 ; 3.68247 ; 3.01554 ; -3.80913
2.87351 ; 7.12116 ; -2.66739 ; 1.34908
6.56926 ; 6.01754 ; 3.56857 ; -0.442938
6.26701 ; 4.54332 ; -1.3279 ; -3.05265
6.94034 ; 4.3945 ; 2.88914 ; -0.202507
8.1121 ; 5.36265 ; 3.3064 ; -0.297479
6.81654 ; 4.7357 ; 2.80089 ; 1.61485
8.06534 ; 3.65535 ; 3.27065 ; -2.36971
4.19085 ; 7.29043 ; -1.81376 ; 3.47939
7.44179 ; 7.64824 ; 3.14418 ; 2.44926
6.27345 ; 3.76747 ; -1.67412 ; -3.29208
7.15514 ; 5.04064 ; 3.88447 ; -1.76352
5.50008 ; 3.65665 ; -1.13676 ; -1.82758
5.08009 ; 5.5886 ; -2.64366 ; -1.41927
7.46295 ; 4.98047 ; 3.66558 ; 2.06476
3.23913 ; 7.56629 ; -3.11495 ; 2.92345
8.20564 ; 7.20098 ; 3.11857 ; 2.84696
4.99166 ; 4.25884 ; -2.70477 ; -2.93688
4.24662 ; 6.73299 ; -3.16149 ; 1.13476
3.82644 ; 7.2265 ; -3.14422 ; 2.88909
6.09968 ; 3.55456 ; 2.20434 ; -3.8407
4.33463 ; 5.94074 ; -0.571923 ; 2.48036
3.93223 ; 5.42125 ; -3.6694 ; 2.22277
5.53593 ; 3.19509 ; 2.32028 ; -3.10069
7.46683 ; 8.05393 ; 3.35771 ; 2.84986
7.93792 ; 7.45243 ; 3.17065 ; 1.73079
4.45663 ; 2.63994 ; -3.28936 ; -3.02093
8.20475 ; 2.65552 ; 2.14917 ; -2.30334
3.24283 ; 2.40065 ; -2.09401 ; -2.43611
5.05465 ; 5.56225 ; 0.620104 ; 3.60237
6.25553 ; 5.48281 ; 3.84216 ; 2.87013
7.33565 ; 4.79772 ; 1.78443 ; -3.50585
4.946 ; 3.22376 ; -3.32373 ; -2.65449
3.81402 ; 7.04818 ; -3.14486 ; 2.98901
4.78673 ; 3.37845 ; -0.331605 ; -3.38669
4.06432 ; 7.65547 ; -2.78331 ; 3.07301
4.62254 ; 5.28808 ; -1.18263 ; 2.39133
4.72504 ; 5.46686 ; -2.0033 ; -0.456722
6.25384 ; 5.26739 ; 3.88973 ; 2.39263
7.47712 ; 4.45897 ; 3.77737 ; -3.62582
3.83449 ; 6.60804 ; -3.60432 ; 2.74864
7.18757 ; 3.51313 ; 2.80066 ; -3.10406
3.6697 ; 5.98245 ; -3.45834 ; -0.805968
8.40575 ; 6.29372 ; 2.93974 ; 2.91621
7.76951 ; 7.2364 ; 2.97384 ; 3.00704
7.22022 ; 4.323 ; 3.56926 ; -2.58363
6.49095 ; 7.70656 ; 0.931502 ; 3.1304
7.98492 ; 4.0089 ; 3.43382 ; -1.56038
8.45137 ; 7.43212 ; 2.37198 ; 2.62744
5.89678 ; 2.87606 ; -1.9949 ; -3.36831
5.49489 ; 5.35585 ; 1.38914 ; 2.81111
5.35374 ; 4.53889 ; -1.00354 ; -3.77118
6.32678 ; 7.38893 ; 3.79689 ; 2.25186
7.263 ; 4.23914 ; 2.70793 ; -3.42717
2.8999 ; 7.82515 ; -2.35294 ; 2.59717
6.83512 ; 6.18284 ; 2.54914 ; 0.144929
6.41684 ; 4.96626 ; 2.86676 ; -2.86591
7.10364 ; 3.24786 ; 3.61233 ; -2.51509
7.14255 ; 4.34992 ; 2.06131 ; 1.1565
7.81718 ; 5.79467 ; 3.44279 ; 2.85902
7.24146 ; 5.58406 ; 1.76525 ; -1.89127
6.69371 ; 6.6254 ; 2.7467 ; 2.05
3.34415 ; 3.64004 ; -3.40428 ; -3.46026
3.11774 ; 6.99624 ; -3.20633 ; 3.00055
3.44757 ; 3.30499 ; -2.8217 ; -3.36438
5.86289 ; 2.69707 ; -1.90587 ; -3.27284
5.07865 ; 6.48471 ; 1.07315 ; 2.5171
3.16676 ; 3.90629 ; -3.06327 ; -3.85942
7.24874 ; 2.75192 ; 3.54102 ; -2.75892
4.80237 ; 7.2791 ; -3.33094 ; 3.53459
6.09295 ; 3.1719 ; 3.65322 ; -2.68927
6.62319 ; 6.378 ; 2.91081 ; 2.30319
3.75845 ; 3.61952 ; -3.70719 ; -3.16736
5.30686 ; 5.38919 ; -2.06783 ; 2.60054
4.68307 ; 5.77639 ; -3.74652 ; -0.911924
4.62972 ; 4.16601 ; 0.547066 ; -0.371554
4.76945 ; 2.62515 ; 0.386363 ; -3.04932
8.21695 ; 7.15251 ; 2.90076 ; 3.2416
7.76868 ; 4.14427 ; 3.2083 ; -0.891596
4.63176 ; 4.25584 ; -3.0476 ; -3.92496
7.89101 ; 5.14493 ; 3.59069 ; 0.329909
6.55891 ; 4.01174 ; 3.63422 ; -0.327943
7.78562 ; 5.92203 ; 3.35556 ; 3.32593
3.6956 ; 6.70548 ; -3.49359 ; 3.63494
7.89825 ; 2.99986 ; 2.39292 ; -2.94826
6.90598 ; 6.05876 ; 3.41483 ; 2.66592
7.93601 ; 4.34396 ; 3.26987 ; -1.27774
5.80296 ; 6.38984 ; 1.16228 ; 0.3363
4.95303 ; 4.75434 ; 0.807787 ; -3.55362
6.23033 ; 7.83774 ; 1.33573 ; 3.08835
4.11542 ; 7.50372 ; -1.07692 ; 3.03635
4.5147 ; 6.25245 ; -3.64167 ; 3.75645
4.68028 ; 4.73859 ; 0.1382 ; -0.201768
3.99492 ; 3.54234 ; -3.76706 ; -3.11149
3.45435 ; 5.17322 ; -3.43437 ; -3.07853
3.18881 ; 7.90454 ; -2.62563 ; 2.44253
7.3692 ; 7.61795 ; 2.79469 ; 3.03087
4.15045 ; 5.7389 ; -3.43814 ; 0.338929
8.09913 ; 5.3031 ; 3.38685 ; -0.10783
6.23341 ; 5.35837 ; -0.37329 ; 2.21377
4.00712 ; 5.74146 ; -1.57707 ; 2.43596
4.97867 ; 4.10211 ; -1.3304 ; -3.54793
2.85169 ; 6.33528 ; -2.97874 ; 2.15882
7.03544 ; 6.44237 ; 3.0879 ; 3.52966
6.13589 ; 2.46609 ; 2.32794 ; -3.0334
7.39631 ; 6.01242 ; 3.35605 ; 2.48882
4.30808 ; 3.61499 ; -3.64675 ; -1.36589
3.00764 ; 3.77967 ; -3.13581 ; -1.10295
6.89061 ; 4.4053 ; 1.99867 ; 1.2632
7.26324 ; 4.47685 ; 2.93146 ; 1.42163
5.01943 ; 4.2878 ; -1.7817 ; 0.0802434
3.04034 ; 6.71447 ; -2.95907 ; 2.82734
7.06088 ; 5.08662 ; 3.41709 ; -3.31432
4.96446 ; 3.49093 ; -2.31226 ; -3.88431
7.01713 ; 3.48904 ; 3.65159 ; -2.12966
3.32578 ; 7.37364 ; -2.42744 ; 2.90784
3.15209 ; 4.43931 ; -3.38458 ; -0.0572278
6.38186 ; 5.89333 ; 3.48696 ; -1.56485
7.55678 ; 5.22146 ; 3.65696 ; 1.66682
6.48724 ; 5.55292 ; 1.50678 ; -1.35674
3.57634 ; 3.6334 ; -3.5019 ; -3.28666
6.41929 ; 5.09663 ; 3.22592 ; -3.35358
6.34816 ; 3.54847 ; 0.956395 ; -2.10911
3.74991 ; 7.04585 ; -1.66307 ; 2.069
7.57593 ; 6.84364 ; 3.00406 ; 2.98248
4.32912 ; 3.59326 ; -3.11232 ; -2.52038
3.23448 ; 3.29292 ; -2.94132 ; -3.37451
5.00748 ; 5.78093 ; -3.6209 ; 2.59546
5.81585 ; 6.77944 ; -1.00488 ; 1.77131
6.7035 ; 4.94085 ; 0.455876 ; -1.08064
7.42221 ; 6.5546 ; 2.87707 ; 3.10462
4.43902 ; 2.32203 ; -3.09678 ; -2.82973
5.53674 ; 6.94727 ; -0.0284439 ; 3.73956
4.09828 ; 2.73423 ; -3.40909 ; -3.37192
7.41689 ; 2.99237 ; 1.32947 ; -3.01328
5.18414 ; 4.63007 ; 2.50053 ; -2.16041
5.96069 ; 7.71385 ; 3.47002 ; 2.83487
3.11114 ; 7.4611 ; -2.92441 ; 2.70963
3.84182 ; 7.35509 ; -3.32908 ; 3.3135
7.50358 ; 6.85649 ; 3.48436 ; 1.52501
4.08538 ; 6.00324 ; -3.86237 ; 0.781486
4.54528 ; 4.9124 ; -3.85711 ; -1.00482
5.54752 ; 2.66965 ; 0.758397 ; -3.26605
6.26333 ; 5.23661 ; 1.47311 ; -1.07365
5.61721 ; 3.15011 ; -0.320819 ; -3.21782
3.59068 ; 7.2769 ; -1.34204 ; 3.04737
4.55192 ; 2.57794 ; -3.61237 ; -2.86766
3.39637 ; 8.41398 ; -2.72013 ; 1.85957
3.79303 ; 2.22287 ; -3.15895 ; -2.54093
4.53518 ; 6.23093 ; -2.98391 ; 0.305872
4.99411 ; 5.30952 ; -3.73061 ; -1.34415
2.82838 ; 5.39486 ; -3.01697 ; 0.871408
6.05189 ; 3.87615 ; -0.827138 ; -3.89983
3.3055 ; 8.36295 ; -1.72756 ; 1.83022
7.14016 ; 6.20096 ; 1.33863 ; 3.79083
4.02591 ; 3.09082 ; -2.40933 ; -3.13256
3.61485 ; 2.63189 ; -3.18471 ; -3.07102
7.73448 ; 2.76445 ; 3.26077 ; -2.92508
7.22562 ; 5.30254 ; 2.49487 ; 2.39605
5.45121 ; 2.42771 ; 2.03599 ; -2.91301
3.41837 ; 4.26729 ; -3.38241 ; -2.20076
7.41416 ; 5.96078 ; 3.56153 ; 2.98205
3.32767 ; 5.01777 ; -3.21586 ; -2.11935
3.71298 ; 3.68928 ; -1.7149 ; -3.70413
5.74627 ; 2.3792 ; -1.96571 ; -2.90415
5.72333 ; 5.22884 ; 0.126281 ; 2.71424
3.30548 ; 4.10729 ; -3.41559 ; -0.731625
3.52496 ; 5.52243 ; -3.67998 ; 2.21951
5.05722 ; 5.09876 ; -1.80964 ; -1.52269
3.24303 ; 5.43027 ; -3.40619 ; 0.13775
2.91175 ; 3.32821 ; -2.44883 ; -3.39099
7.73808 ; 2.73718 ; 3.07958 ; -2.58667
7.58331 ; 4.99976 ; 3.5202 ; -1.36517
5.86404 ; 7.15486 ; 2.75481 ; 3.75621
4.98134 ; 7.0536 ; 1.41847 ; 3.76676
8.41279 ; 3.75367 ; 2.83058 ; -2.80313
6.63991 ; 3.74961 ; 2.63182 ; -3.39516
7.31117 ; 4.66035 ; 3.26943 ; -1.4029
7.33199 ; 7.85592 ; 2.90403 ; 2.98157
5.27208 ; 6.67362 ; -0.172372 ; 1.00435
2.44582 ; 2.74782 ; -1.90019 ; -2.38598
6.81851 ; 6.83574 ; 3.91366 ; 3.13954
4.9097 ; 5.23371 ; -0.298114 ; 0.463459
2.91708 ; 3.27285 ; -2.7082 ; -2.58403
8.68583 ; 3.86178 ; 2.51316 ; -3.08856
6.62761 ; 6.59048 ; 3.94274 ; 2.51704
7.647 ; 4.23073 ; 2.98266 ; -0.205519
6.20416 ; 5.66643 ; 1.49627 ; -0.733888
6.98112 ; 2.57243 ; 2.49863 ; -3.08167
4.2916 ; 7.34853 ; -2.41591 ; 3.04717
7.34172 ; 5.51659 ; 2.60813 ; -0.30882
8.13065 ; 8.01114 ; 2.61935 ; 2.54414
7.00291 ; 3.61089 ; 3.87481 ; -1.42617
7.27851 ; 6.64542 ; 3.69445 ; 1.14331
3.46919 ; 7.83328 ; -3.0364 ; 1.96362
5.5121 ; 5.88365 ; -2.83577 ; 2.00056
3.74657 ; 4.57054 ; -3.43008 ; 0.866368
5.85841 ; 4.73067 ; 2.37309 ; -1.77766
7.35155 ; 5.92354 ; 3.66452 ; 2.96875
6.159 ; 5.62839 ; -2.50807 ; -0.937545
5.85312 ; 6.84489 ; 3.16779 ; 1.9305
5.02344 ; 6.06453 ; 2.44101 ; 1.23603
6.66177 ; 5.77206 ; 0.896318 ; -1.13835
3.15792 ; 5.14206 ; -3.31916 ; -1.31232
6.74809 ; 3.58853 ; 1.69786 ; -3.6917
8.08206 ; 5.0887 ; 3.38205 ; -1.66716
6.07159 ; 6.35942 ; 0.703517 ; 2.38801
4.95458 ; 3.65159 ; -2.52767 ; -3.65951
6.11135 ; 6.85923 ; 1.05968 ; 3.48903
3.08153 ; 2.92024 ; -3.02205 ; -3.2329
6.19715 ; 6.54556 ; 1.95295 ; 3.47567
6.15524 ; 4.00392 ; 0.0503497 ; -2.30708
4.86833 ; 4.16551 ; -0.982252 ; -1.31794
4.55196 ; 3.63082 ; -3.73879 ; -2.63995
8.56814 ; 3.82675 ; 2.7262 ; -3.1259
6.12799 ; 6.67436 ; 2.72967 ; 1.83554
6.47775 ; 4.10176 ; 3.8203 ; -1.91629
6.60645 ; 6.44236 ; 3.41753 ; 3.80357
4.9071 ; 2.80205 ; -1.28498 ; -3.43432
6.99096 ; 5.50149 ; 3.8473 ; -0.629801
5.88431 ; 3.69457 ; -1.38307 ; -1.87629
5.01044 ; 6.40824 ; -2.50622 ; 1.71716
4.85012 ; 6.22734 ; -1.24468 ; 1.81627
2.94769 ; 7.73309 ; -1.95073 ; 2.59747
6.85413 ; 4.47339 ; 3.29654 ; -1.54793
6.87898 ; 3.81037 ; 3.88646 ; -3.48196
3.08212 ; 6.60517 ; -3.29729 ; 3.15646
5.32086 ; 4.44525 ; -3.48955 ; -1.76108
5.94462 ; 6.58981 ; -0.200743 ; 1.33942
4.67091 ; 5.25434 ; -2.52272 ; 1.50468
6.78838 ; 5.7302 ; 3.46217 ; 0.034282
7.19661 ; 5.32553 ; 3.66882 ; 0.370863
4.0062 ; 3.81201 ; -2.62845 ; -1.93592
4.58071 ; 6.77967 ; -3.18822 ; 3.52478
3.74822 ; 6.27635 ; -2.96907 ; -1.11224
6.89463 ; 6.27911 ; 1.67316 ; -1.05631
3.5765 ; 8.03973 ; -2.2325 ; 2.68441
3.21544 ; 7.7659 ; -2.05433 ; 2.60345
7.9718 ; 3.18918 ; 2.2272 ; -3.12639
7.94673 ; 3.25769 ; 3.27353 ; -2.38128
3.2783 ; 3.91263 ; -3.3053 ; -1.0204
4.43148 ; 4.09886 ; -0.426862 ; -2.34629
6.27337 ; 7.61817 ; -0.891086 ; 3.20761
6.11827 ; 4.42836 ; -0.881698 ; -4.08395
5.15041 ; 3.36478 ; -3.19002 ; -2.5919
4.9548 ; 7.06048 ; -0.863715 ; 3.57151
8.55582 ; 2.46473 ; 2.131 ; -2.21016
6.15329 ; 7.36732 ; 2.85805 ; 3.59725
5.21846 ; 5.3505 ; -3.12123 ; -2.36695
4.51806 ; 4.9881 ; -3.56516 ; 1.89962
4.03051 ; 3.98384 ; -3.36062 ; -3.29207
3.55931 ; 6.37013 ; -3.63949 ; 0.368611
6.2383 ; 7.28464 ; 0.0255431 ; 3.11198
4.16989 ; 3.13417 ; -2.203 ; -3.22994
8.2049 ; 4.3809 ; 3.18106 ; 0.658441
8.16883 ; 4.71394 ; 3.2732 ; 0.374872
3.03625 ; 7.55866 ; -2.07896 ; 2.99046
7.73584 ; 3.13671 ; 2.60326 ; -3.24547
5.29225 ; 4.24911 ; -2.34134 ; -3.75276
6.53886 ; 7.55769 ; -0.312975 ; 3.38455
5.40696 ; 8.29737 ; -2.32576 ; 2.48188
3.44945 ; 3.65374 ; -2.37098 ; -3.7587
3.99158 ; 5.28193 ; -2.1553 ; -1.50899
3.91304 ; 4.25584 ; -3.74032 ; -3.53042
5.68618 ; 3.60998 ; 0.331562 ; -3.65685
6.86897 ; 6.00322 ; 3.28494 ; 3.56987
5.53524 ; 4.40235 ; 3.40156 ; 0.0974691
4.76991 ; 3.54235 ; -3.61816 ; -3.52401
4.39212 ; 3.9242 ; -1.10776 ; 0.0711225
8.17912 ; 7.88684 ; 2.20015 ; 2.22014
7.24265 ; 4.71511 ; 3.32676 ; -0.105048
7.03778 ; 2.36771 ; 1.84785 ; -2.76177
2.84477 ; 6.72311 ; -2.74879 ; 2.76155
4.81839 ; 3.12444 ; -3.38224 ; -3.16928
8.14987 ; 3.20663 ; 3.06048 ; -2.91811
4.98298 ; 4.13185 ; -2.07917 ; -0.144585
4.75382 ; 7.20695 ; -2.81034 ; 2.80091
4.53625 ; 6.64652 ; -2.54225 ; 3.53249
7.30176 ; 4.46403 ; 3.47186 ; 0.961262
5.71728 ; 3.62665 ; 3.07665 ; -3.21566
6.8924 ; 7.02909 ; 2.99099 ; 3.7073
5.19027 ; 4.57995 ; -0.980775 ; 1.117
7.99058 ; 2.36408 ; 1.75115 ; -2.30564
5.6085 ; 5.97618 ; -1.16788 ; 2.78211
3.08464 ; 2.4974 ; -1.86265 ; -2.42813
2.34296 ; 2.63741 ; -1.45748 ; -2.07568
7.58204 ; 7.36143 ; 3.51961 ; 1.98394
4.13274 ; 3.01746 ; -2.60455 ; -3.25398
6.69919 ; 2.89611 ; 0.869441 ; -3.18351
4.71187 ; 5.02883 ; -2.58111 ; 1.99147
6.37449 ; 7.14374 ; -0.488203 ; 3.53529
4.26236 ; 6.40389 ; -3.64707 ; 3.53929
7.54168 ; 6.33701 ; 3.71141 ; 2.66459
6.52235 ; 4.02283 ; 1.6745 ; -2.9223
4.12542 ; 6.25288 ; -1.45742 ; 2.16965
4.68499 ; 5.35479 ; -3.92156 ; -1.23439
4.14181 ; 2.94285 ; -2.16172 ; -3.49837
8.06938 ; 7.23977 ; 2.78827 ; 3.06264
6.6785 ; 4.89167 ; 3.44021 ; -2.63861
2.57689 ; 3.09523 ; -2.35447 ; -3.06667
3.16853 ; 5.97304 ; -3.10145 ; -1.15328
5.26662 ; 6.86937 ; -0.12693 ; 3.64619
6.00195 ; 4.59723 ; 1.81887 ; -0.952378
4.11649 ; 4.29854 ; -2.18282 ; -4.01232
3.97798 ; 7.51501 ; -2.53171 ; 3.24971
6.63747 ; 5.18991 ; 0.544502 ; 2.89382
2.9799 ; 3.67062 ; -2.88349 ; -2.92929
4.8541 ; 7.3882 ; -1.01187 ; 3.43399
4.13491 ; 4.9169 ; -3.64315 ; -1.27497
7.07655 ; 5.6498 ; 2.80282 ; 3.48088
8.31054 ; 2.73357 ; 2.27674 ; -2.82109
8.15201 ; 3.34622 ; 2.93938 ; -2.83205
8.23879 ; 8.25948 ; 2.37942 ; 1.93007
7.48422 ; 7.00404 ; 2.92508 ; 2.85428
4.49183 ; 5.02018 ; -3.8107 ; 1.13632
4.19536 ; 4.73849 ; -1.61109 ; -2.13729
4.93115 ; 4.69164 ; -1.22202 ; 0.0725706
7.55474 ; 4.75744 ; 2.73732 ; -2.8506
7.59487 ; 6.22966 ; 3.50035 ; 2.57861
8.24027 ; 3.45346 ; 2.98007 ; -1.89615
3.21203 ; 7.96985 ; -1.90494 ; 2.1322
5.58632 ; 6.68564 ; 0.381582 ; 3.53617
7.34437 ; 6.67778 ; 2.39353 ; 2.38715
6.30806 ; 7.2869 ; 0.612472 ; 2.87691
5.89724 ; 4.46858 ; 3.11474 ; 0.696892
5.88289 ; 6.87504 ; 2.43261 ; 3.6478
5.36567 ; 5.78154 ; -1.10302 ; -1.95511
4.33169 ; 5.15174 ; -1.81425 ; 2.16203
5.92776 ; 7.79192 ; 2.02829 ; 3.17219
6.59516 ; 2.97437 ; 0.564531 ; -3.3856
5.61115 ; 2.98997 ; -2.89241 ; -3.28544
6.23084 ; 4.28347 ; 3.8412 ; -2.80725
2.87047 ; 7.93551 ; -2.11203 ; 1.73157
6.85916 ; 5.07909 ; 0.789273 ; 0.800378
6.3877 ; 5.87261 ; -0.431379 ; 3.39401
6.94746 ; 6.72313 ; 3.8359 ; 3.45593
3.20914 ; 2.65113 ; -2.30883 ; -2.74999
7.1618 ; 3.75235 ; 1.85137 ; -1.97753
5.24153 ; 3.9298 ; 2.25497 ; -2.84077
6.90157 ; 3.48009 ; 3.83227 ; -3.81561
4.60331 ; 3.85658 ; -1.49898 ; -3.06126
5.44008 ; 8.01432 ; 1.16598 ; 2.96739
4.60535 ; 5.3914 ; -3.79709 ; 1.59798
4.97067 ; 5.22207 ; -2.42124 ; -3.29789
2.8958 ; 7.36438 ; -2.61734 ; 0.669828
5.22239 ; 6.10191 ; -1.99264 ; 2.49729
2.68845 ; 5.98145 ; -2.74373 ; 2.32664
3.27948 ; 2.9039 ; -3.07813 ; -2.05012
4.98246 ; 4.67142 ; -2.82619 ; -3.63406
4.29678 ; 4.94178 ; -2.90157 ; 1.72109
6.6431 ; 2.97237 ; 1.37077 ; -3.50617
4.02724 ; 5.2677 ; -3.75951 ; -2.27445
3.90724 ; 5.16163 ; -3.44528 ; 0.401023
7.8578 ; 7.67731 ; 2.64452 ; 2.89505
7.56741 ; 5.31256 ; 3.3684 ; 1.07264
6.87322 ; 6.27255 ; 0.716608 ; 2.89443
4.34009 ; 3.4595 ; -3.52269 ; -2.47044
7.76851 ; 3.69481 ; 3.48842 ; -0.600553
4.77121 ; 4.6443 ; 0.139961 ; -2.55396
4.36956 ; 6.67739 ; -1.70421 ; 3.33609
5.48179 ; 4.35594 ; -0.222716 ; -2.06732
4.73877 ; 4.59023 ; -3.72201 ; -1.79814
7.00791 ; 3.01215 ; 3.59628 ; -3.29818
7.20764 ; 6.69691 ; 2.90084 ; 1.81111
5.8632 ; 3.12072 ; 0.82446 ; -3.71259
4.60868 ; 2.16872 ; -2.60976 ; -2.58606
5.86548 ; 6.47027 ; 1.77471 ; -0.35698
5.12548 ; 2.99582 ; 1.66393 ; -3.452
4.46623 ; 5.97962 ; -3.66334 ; 2.94604
7.90781 ; 3.36556 ; 2.33116 ; -3.43458
4.42915 ; 6.70627 ; -3.69044 ; 2.92712
4.23689 ; 6.35184 ; 0.235853 ; 1.11193
3.33116 ; 6.92329 ; -2.32976 ; 3.52054
6.88578 ; 6.4246 ; 1.29789 ; -0.646214
5.86584 ; 3.90899 ; -2.65992 ; -1.24025
7.36706 ; 2.26674 ; 3.10778 ; -2.61727
2.89908 ; 8.03402 ; -2.45821 ; 2.17617
8.00756 ; 2.79402 ; 2.84818 ; -2.29429
5.162 ; 4.77315 ; -0.484734 ; -3.00729
5.46891 ; 4.7739 ; -2.96619 ; 0.792114
8.23416 ; 5.05491 ; 2.99641 ; -3.21611
7.931 ; 6.49157 ; 3.15182 ; 1.70869
3.20502 ; 7.15284 ; -2.7839 ; 3.25208
5.80258 ; 3.83171 ; -1.55054 ; -3.34652
6.18495 ; 6.19449 ; -1.72411 ; 1.74216
3.2486 ; 7.6162 ; -2.74224 ; 2.9982
3.12847 ; 8.15183 ; -2.42561 ; 1.94174
4.41916 ; 8.23549 ; -3.21044 ; 2.64943
4.21822 ; 2.7162 ; -2.55297 ; -3.16543
6.16355 ; 3.50222 ; 0.552531 ; -3.73157
7.07174 ; 5.71488 ; 3.84924 ; 1.00334
3.16303 ; 4.43305 ; -3.01428 ; -3.83492
5.4875 ; 5.10944 ; 2.72828 ; -0.673064
4.9272 ; 2.50731 ; 0.670983 ; -3.01449
2.99337 ; 5.11201 ; -3.14484 ; -2.94223
2.89174 ; 3.03678 ; -2.9054 ; -3.22862
8.06493 ; 3.85941 ; 3.13289 ; -3.26272
6.59079 ; 3.88528 ; 3.81549 ; -3.64065
7.26748 ; 3.92462 ; 3.05264 ; -2.50246
8.11701 ; 6.41566 ; 3.34396 ; 3.40707
3.26471 ; 4.32261 ; -3.48203 ; -0.361018
5.41645 ; 5.25039 ; -3.43835 ; 2.14616
5.67737 ; 2.52372 ; 2.68821 ; -3.07934
8.70229 ; 6.42437 ; 2.47834 ; 2.89904
4.96515 ; 7.20438 ; -3.17902 ; 3.35735
7.42727 ; 5.41376 ; 3.28667 ; 2.0091
7.69994 ; 2.79497 ; 2.25981 ; -2.80598
3.44872 ; 6.16609 ; -3.34227 ; -1.15438
7.71366 ; 6.53184 ; 3.21428 ; 0.274448
7.05304 ; 4.08438 ; 1.79225 ; -3.24361
5.07007 ; 4.85762 ; 1.07697 ; -0.299094
7.1097 ; 4.39683 ; 2.50435 ; -1.70546
7.36287 ; 2.97703 ; 3.00165 ; -2.97953
7.39844 ; 5.86107 ; 3.06325 ; 0.761097
6.18674 ; 4.88026 ; -0.190347 ; -3.82025
2.9046 ; 7.30292 ; -2.87237 ; 3.08587
3.46683 ; 3.80634 ; -3.47139 ; -3.75118
6.31863 ; 3.78037 ; 1.90092 ; -2.03228
4.03103 ; 2.60425 ; -0.254356 ; -2.85091
6.69396 ; 3.68796 ; -0.132062 ; -3.94702
6.0696 ; 7.44697 ; -2.03156 ; 3.11455
7.81168 ; 4.92906 ; 3.60144 ; -1.5405
5.2997 ; 3.95337 ; 1.68367 ; -3.83989
7.93356 ; 4.38102 ; 3.22852 ; -2.31545
6.89582 ; 5.12136 ; -0.128858 ; 1.16595
6.67585 ; 5.18188 ; 3.41325 ; 2.55386
6.9497 ; 3.80395 ; 3.46881 ; -1.80022
6.75409 ; 5.13323 ; 3.23288 ; 0.85498
5.5471 ; 7.75393 ; 1.70979 ; 3.05071
3.35598 ; 8.43676 ; -2.09051 ; 1.75633
6.31719 ; 3.80428 ; 1.10953 ; -3.87835
4.52266 ; 5.91786 ; 0.660501 ; 0.53177
3.77066 ; 2.77215 ; -3.25332 ; -3.29039
7.02955 ; 6.34403 ; 1.21211 ; 3.85988
2.91057 ; 6.50798 ; -3.0449 ; 2.51923
6.38284 ; 5.22148 ; 0.595441 ; -1.1684
5.97745 ; 7.05026 ; 3.01219 ; 3.693
3.16756 ; 4.09443 ; -3.23283 ; -1.07375
3.55941 ; 4.3192 ; -2.41499 ; -4.09365
3.97551 ; 3.31449 ; -0.686736 ; -3.08211
5.85692 ; 4.60893 ; -1.6731 ; 1.06605
4.44057 ; 5.52336 ; -3.14284 ; 2.36012
3.96599 ; 2.90469 ; -2.20867 ; -3.01891
7.77774 ; 2.57662 ; 1.85473 ; -2.69477
5.64534 ; 6.33545 ; -0.182617 ; 3.57749
7.07583 ; 6.75813 ; 3.01598 ; 3.61545
3.77052 ; 7.6655 ; -3.10545 ; 2.72057
8.16976 ; 8.25662 ; 2.57262 ; 1.94585
4.93781 ; 5.64297 ; -3.16217 ; 3.2033
4.81145 ; 2.58482 ; -2.0809 ; -3.14039
7.16693 ; 4.83863 ; 1.67336 ; -3.68975
6.22893 ; 3.52109 ; -0.177998 ; -3.48855
5.52448 ; 6.81462 ; 0.41945 ; 3.28302
3.94191 ; 6.38879 ; -3.26243 ; 1.36694
7.97469 ; 4.35904 ; 3.39794 ; -3.10216
5.24472 ; 6.3769 ; -3.29905 ; 0.721883
5.01805 ; 3.77328 ; -3.63777 ; -1.39409
6.88398 ; 3.03685 ; 2.91895 ; -3.57918
5.51828 ; 4.61765 ; -1.08468 ; -1.45685
5.44126 ; 4.96796 ; 2.99752 ; -2.67721
3.34941 ; 4.47105 ; -3.16355 ; 0.817265
4.43548 ; 6.60191 ; -2.87479 ; 3.55216
4.54918 ; 6.66139 ; -2.01188 ; 3.20103
7.20116 ; 4.70179 ; 3.8216 ; -0.469052
6.05191 ; 6.61267 ; -2.73174 ; 0.636918
5.98105 ; 3.94186 ; 0.791994 ; -3.51802
3.29128 ; 7.21139 ; -3.00524 ; 2.6785
4.57948 ; 5.20495 ; -2.89692 ; 2.93157
6.05979 ; 4.14315 ; -0.313604 ; -3.92713
8.3371 ; 3.82485 ; 2.99998 ; -2.98498
6.65644 ; 4.16129 ; 0.895576 ; -3.92689
6.73574 ; 3.68663 ; 3.55454 ; -2.65641
3.54406 ; 4.43698 ; -3.40518 ; -1.94429
6.66795 ; 3.68107 ; 3.40631 ; -3.36188
4.99329 ; 6.60102 ; -3.59572 ; 2.58078
5.21525 ; 6.85527 ; 0.325159 ; 3.5277
3.92512 ; 7.44737 ; -3.44818 ; 3.06979
6.50283 ; 6.6015 ; 3.05752 ; 1.14907
6.32507 ; 4.22631 ; -1.28919 ; 0.00728634
4.80836 ; 4.72469 ; -1.3192 ; 0.632589
7.02479 ; 5.90655 ; 3.20578 ; 3.67067
2.62778 ; 6.1912 ; -2.69177 ; 2.19315
7.21942 ; 6.9739 ; 3.75517 ; 2.27216
4.24382 ; 4.68748 ; -1.50626 ; -0.840277
5.35666 ; 3.75962 ; -0.229111 ; -3.05264
8.17971 ; 4.18857 ; 3.26741 ; -3.63166
4.57147 ; 7.93255 ; -1.69221 ; 3.06432
3.44958 ; 3.40379 ; -3.14959 ; -3.04957
6.92067 ; 3.99045 ; 0.940572 ; -2.97707
5.51372 ; 4.87515 ; -2.75957 ; -2.15066
4.76791 ; 7.01432 ; -3.22972 ; 3.4298
6.6279 ; 4.29932 ; 0.925954 ; -2.5261
7.15644 ; 7.13462 ; 2.92968 ; 2.53396
5.74933 ; 6.24964 ; 1.51137 ; 2.93905
3.41944 ; 4.2702 ; -3.2027 ; -3.34637
4.33073 ; 2.38296 ; -0.75788 ; -2.75008
4.45941 ; 7.96157 ; -2.26671 ; 2.99592
4.39263 ; 4.37787 ; -0.812737 ; 0.110406
5.96729 ; 6.43918 ; 1.82337 ; 2.89095
7.51431 ; 7.00846 ; 3.51765 ; 1.10403
4.54089 ; 4.48696 ; -3.78458 ; -3.15106
2.94131 ; 7.65168 ; -2.69387 ; 2.55066
7.1373 ; 6.86834 ; 3.83708 ; 2.62286
6.95628 ; 7.88631 ; 3.18074 ; 3.05425
6.2704 ; 4.82884 ; 1.34936 ; 1.8815
7.51105 ; 4.17218 ; 3.24272 ; -3.32126
5.0375 ; 5.9082 ; 1.17197 ; 3.8757
7.50488 ; 2.80771 ; 3.44146 ; -2.96495
7.02637 ; 2.55619 ; 2.89923 ; -3.13005
4.21076 ; 4.79378 ; -2.92235 ; -0.458228
6.87497 ; 6.59419 ; 3.40517 ; 2.13124
3.38282 ; 7.53151 ; -3.23477 ; 1.48162
3.68551 ; 7.70374 ; -2.96803 ; 3.15102
7.3379 ; 3.34436 ; 3.43406 ; -3.36288
3.2324 ; 5.72708 ; -3.41327 ; 2.39732
3.39191 ; 7.41462 ; -3.25773 ; 2.83437
3.41859 ; 6.51785 ; -3.18999 ; 1.84071
5.47646 ; 3.91243 ; -3.53772 ; -2.32759
2.80243 ; 6.7856 ; -2.83023 ; 2.78252
6.21697 ; 4.35932 ; -0.728846 ; -3.60958
4.73196 ; 4.85557 ; -0.328749 ; 1.07878
4.52861 ; 4.40104 ; -0.43762 ; -1.73631
3.76357 ; 3.41852 ; -3.53838 ; -3.33222
7.54308 ; 3.23465 ; 3.60079 ; -3.5645
3.73077 ; 3.74232 ; -2.19873 ; -2.75302
7.16066 ; 3.19665 ; 2.10714 ; -3.28604
7.55235 ; 5.84897 ; 3.34395 ; 1.63696
4.02647 ; 2.6529 ; -2.7292 ; -3.1608
4.70326 ; 4.6457 ; 0.829479 ; -2.03558
5.3168 ; 4.09588 ; 0.73029 ; 0.305743
4.37664 ; 5.14351 ; -1.68068 ; -0.504984
4.81366 ; 4.18723 ; -2.73525 ; -3.38062
5.57667 ; 5.20046 ; 1.65504 ; 3.05001
3.25551 ; 7.29859 ; -2.74087 ; 2.80782
4.79513 ; 4.65234 ; -0.789096 ; -2.88041
4.04645 ; 3.31247 ; -2.96979 ; -3.4805
4.95528 ; 3.60008 ; 0.940281 ; -3.83891
5.26617 ; 4.61733 ; -1.30898 ; -3.87839
3.64831 ; 6.77575 ; -3.36151 ; 2.22382
4.42839 ; 5.27541 ; -1.1099 ; 1.82373
3.24854 ; 6.92599 ; -3.05186 ; 0.0688469
2.9397 ; 8.45998 ; -1.79487 ; 1.29687
7.29356 ; 3.88108 ; 3.84164 ; -3.11237
4.88034 ; 4.97056 ; -2.87364 ; -0.744729
4.3723 ; 2.37701 ; -2.50395 ; -2.87303
6.41487 ; 3.43734 ; 3.42041 ; -3.79776
4.88364 ; 3.50898 ; -3.19178 ; -3.71826
6.45613 ; 3.95992 ; 2.12407 ; -3.6958
4.50307 ; 7.21835 ; -3.89073 ; 1.97336
5.222 ; 6.77475 ; -1.92604 ; 2.69446
3.82979 ; 3.839 ; -2.10338 ; -2.59313
7.5352 ; 5.69542 ; 3.75644 ; 2.00636
7.38529 ; 6.63809 ; 3.06788 ; 3.45514
6.14465 ; 2.54616 ; 0.648036 ; -3.14656
3.60158 ; 4.73971 ; -3.54523 ; -2.77604
5.17114 ; 7.06702 ; -2.23113 ; 3.74308
6.74471 ; 6.00857 ; 0.826249 ; -2.19612
6.70965 ; 6.45452 ; 3.03367 ; 3.53102
4.8237 ; 3.50803 ; -0.150921 ; -3.5157
7.58692 ; 4.51446 ; 3.47427 ; 0.532007
3.30606 ; 6.99395 ; -2.82255 ; 3.04923
8.09745 ; 5.83893 ; 3.33918 ; 2.6748
5.75659 ; 5.7162 ; 0.665579 ; 3.28647
5.10776 ; 2.82268 ; 1.82913 ; -3.07997
7.50337 ; 4.24413 ; 2.57456 ; -3.74991
3.38184 ; 2.70744 ; -2.93738 ; -3.00092
3.7356 ; 2.40887 ; -3.29286 ; -2.51652
7.96244 ; 7.89702 ; 3.01473 ; 2.16103
8.46695 ; 5.08946 ; 2.87246 ; 1.80546
7.14986 ; 8.23111 ; 2.37464 ; 2.47203
8.27617 ; 2.39204 ; 1.62401 ; -2.11182
4.99742 ; 2.97836 ; -3.44826 ; -3.32431
6.61246 ; 3.12993 ; 3.80936 ; -2.84903
4.17062 ; 6.60748 ; -2.95413 ; 3.33027
5.00013 ; 4.23542 ; -3.44276 ; -3.99919
7.73351 ; 6.5063 ; 3.15786 ; 3.43839
6.92243 ; 6.64955 ; 0.316665 ; 2.49998
4.93282 ; 6.00763 ; -3.40051 ; 1.36673
6.12302 ; 4.69834 ; -1.34424 ; 2.02298
4.94613 ; 5.67162 ; 0.261702 ; 0.566248
8.82612 ; 8.02288 ; 1.32 ; 1.69953
4.78597 ; 6.39928 ; 1.85513 ; 2.16911
3.8396 ; 4.24218 ; -2.6901 ; -0.0709141
5.00236 ; 7.37187 ; -3.25615 ; 3.35707
4.63938 ; 3.84552 ; -2.62321 ; -2.23173
7.65045 ; 6.26114 ; 3.6725 ; 0.719926
4.8913 ; 8.06935 ; -0.51438 ; 2.85854
7.35251 ; 7.72725 ; 3.49024 ; 2.54967
3.31563 ; 7.41283 ; -3.04647 ; 2.13899
7.7705 ; 5.58594 ; 2.84102 ; -2.8054
6.12618 ; 7.85483 ; 2.72945 ; 3.07687
5.4687 ; 4.46388 ; -2.40824 ; -2.54058
6.63526 ; 5.69482 ; 3.00991 ; -0.368557
5.23818 ; 6.25208 ; -3.56119 ; -0.537304
7.36253 ; 6.13117 ; 3.5449 ; 2.38068
6.81186 ; 3.50259 ; 3.62678 ; -2.21563
6.90468 ; 4.36292 ; 2.57843 ; -3.46343
4.30717 ; 4.64644 ; -1.46804 ; -3.67178
7.07291 ; 3.28948 ; 3.70093 ; -3.43245
6.79433 ; 6.4017 ; 2.59243 ; 2.4715
8.68129 ; 6.96921 ; 2.36532 ; 2.19661
4.87775 ; 3.52311 ; -2.40542 ; -3.93433
7.92681 ; 7.93217 ; 2.11395 ; 2.52183
5.29879 ; 4.35029 ; -1.48037 ; -0.872565
6.76852 ; 6.58847 ; 3.17959 ; 1.9399
7.12464 ; 5.86971 ; 2.63769 ; 1.21052
6.95494 ; 6.49656 ; 0.179937 ; 2.82913
5.49763 ; 7.57676 ; -2.0152 ; 3.45965
8.39359 ; 7.27986 ; 2.72355 ; 2.33645
7.92517 ; 4.6235 ; 3.43111 ; 0.346693
7.71135 ; 3.68274 ; 3.25813 ; -2.07487
7.78692 ; 3.87378 ; 3.18484 ; -3.26435
6.13072 ; 5.46768 ; 0.425318 ; -0.842179
6.05434 ; 4.2674 ; 2.98739 ; 0.155296
6.88081 ; 7.13835 ; 3.13402 ; 3.52643
5.45636 ; 4.88363 ; 1.9277 ; -0.940189
4.10845 ; 5.89088 ; -1.59581 ; 2.64349
6.30836 ; 6.43613 ; 3.86024 ; 0.390992
3.57105 ; 8.28817 ; -2.0065 ; 2.17309
4.81382 ; 3.84883 ; -2.84258 ; -3.72432
3.02637 ; 4.31763 ; -3.34685 ; -3.48253
6.91352 ; 4.2843 ; 1.98655 ; -4.08823
4.81677 ; 5.62424 ; 1.71804 ; -1.54315
6.01025 ; 3.06134 ; 2.65469 ; -3.56965
4.76536 ; 5.03093 ; -3.5077 ; -2.37777
8.18271 ; 7.26023 ; 3.06271 ; 2.80762
7.33772 ; 4.54724 ; 3.53766 ; -3.62581
6.8831 ; 7.01848 ; 2.35732 ; 3.52994
7.65603 ; 7.5676 ; 2.87411 ; 3.25838
5.13445 ; 4.33028 ; -0.433896 ; 0.300182
3.28049 ; 6.8839 ; -2.3838 ; 3.31025
4.11251 ; 3.60034 ; -2.96592 ; -2.14307
5.78906 ; 6.11989 ; -0.652462 ; 3.47202
8.20776 ; 7.87745 ; 2.60803 ; 2.15156
7.0794 ; 6.05332 ; 0.950257 ; 0.397182
6.31842 ; 4.26448 ; -1.06901 ; -2.83705
7.2647 ; 2.71962 ; 3.55121 ; -2.56628
4.81344 ; 6.91162 ; -3.58192 ; 2.5131
3.60643 ; 8.03051 ; -3.11674 ; 2.61297
5.52338 ; 4.03244 ; 2.56348 ; -0.880829
4.16095 ; 5.71904 ; -0.465168 ; 1.586
6.3313 ; 5.68343 ; 2.84792 ; 3.2532
6.52424 ; 7.54482 ; 3.33511 ; 3.08125
2.91265 ; 8.24127 ; -2.27433 ; 1.31729
2.71043 ; 2.32506 ; -2.02257 ; -1.96672
7.54946 ; 3.21477 ; 1.80405 ; -3.57549
6.92963 ; 3.07341 ; 1.01748 ; -3.37654
4.38571 ; 4.41083 ; -3.44819 ; -1.58838
3.56204 ; 3.44886 ; -2.77009 ; -3.64377
2.95722 ; 7.54171 ; -2.7304 ; 2.83521
6.23106 ; 4.86375 ; -0.815812 ; -3.14508
7.96307 ; 6.61839 ; 3.36942 ; 2.72592
5.20799 ; 3.31147 ; -0.364967 ; -3.03019
8.27993 ; 8.04489 ; 2.36825 ; 2.21286
6.32432 ; 6.99285 ; 3.14232 ; 3.73705
6.05201 ; 7.06005 ; 0.546859 ; 3.61648
7.82947 ; 3.65709 ; 3.36269 ; -2.63182
4.73972 ; 4.756 ; -3.97151 ; -1.8471
4.39792 ; 2.48278 ; -2.74128 ; -2.9448
3.80476 ; 8.14101 ; -2.94135 ; 2.4625
3.25046 ; 3.85901 ; -3.34694 ; -3.78683
7.75965 ; 3.98354 ; 3.1474 ; -0.559631
6.70339 ; 4.06135 ; 2.58241 ; -1.37145
3.81469 ; 4.67101 ; -3.20965 ; -2.02775
6.27889 ; 6.6805 ; 3.65713 ; 3.38753
7.03045 ; 6.77877 ; 1.16144 ; 3.38897
7.23123 ; 5.79691 ; 3.76517 ; 3.00803
5.32533 ; 6.72282 ; -1.10343 ; 3.40147
4.36403 ; 4.64503 ; -3.7128 ; -1.6781
7.13035 ; 4.80757 ; 2.03459 ; -3.57417
5.90344 ; 3.5701 ; 1.30331 ; -3.25713
6.45865 ; 5.57733 ; 1.02739 ; 1.10642
5.86272 ; 4.58032 ; 0.910019 ; -3.43362
4.80587 ; 7.37544 ; 0.204029 ; 3.10778
7.00116 ; 5.26876 ; 3.83201 ; -0.141649
4.96092 ; 7.38568 ; 0.735156 ; 3.58028
4.97694 ; 5.75863 ; -3.753 ; -1.65012
