4.59818 ; 5.33641 ; -0.574316 ; 3.03297
3.34119 ; 5.58579 ; -2.9502 ; -1.11615
3.63703 ; 5.65803 ; -2.32463 ; 0.332437
8.22943 ; 8.02745 ; 1.09026 ; 1.57486
5.55176 ; 4.01795 ; 0.94767 ; 0.751209
8.40659 ; 7.84658 ; 1.6886 ; 0.830151
4.41473 ; 4.6121 ; -0.134272 ; -0.0816597
4.72197 ; 5.65287 ; 0.0221642 ; -2.43963
4.26467 ; 6.28951 ; -3.50685 ; -0.233951
3.6238 ; 2.99759 ; -3.05206 ; -2.80723
3.48169 ; 5.06443 ; -2.81193 ; 1.84136
5.51063 ; 4.16469 ; -2.26376 ; 0.0961071
7.21627 ; 5.79858 ; 3.48628 ; 2.54606
6.30727 ; 6.96838 ; 3.33793 ; 1.26653
4.8632 ; 6.18815 ; -2.83331 ; 1.90368
5.31776 ; 3.18327 ; -2.80082 ; -2.7017
7.39473 ; 6.22399 ; 2.58399 ; 2.80557
2.59739 ; 4.10474 ; -2.24621 ; -2.59854
5.37232 ; 5.1778 ; 0.570514 ; 0.716856
6.22988 ; 4.11528 ; 2.87467 ; -1.13726
3.07268 ; 2.4664 ; -1.65068 ; -1.76442
8.71468 ; 3.0601 ; 1.81001 ; -2.58949
4.38981 ; 2.55569 ; -1.59256 ; -2.79618
5.68414 ; 4.23423 ; -2.84898 ; -0.450508
6.59662 ; 2.93943 ; 2.42494 ; -3.22426
4.325 ; 5.71975 ; -3.23897 ; -1.25278
5.77845 ; 6.67948 ; 1.45762 ; 0.66121
5.28442 ; 5.73788 ; 2.35466 ; -0.0186531
8.70761 ; 8.29745 ; 1.00175 ; 0.787553
5.56581 ; 5.50689 ; -1.40471 ; 3.06177
3.52088 ; 4.32916 ; -3.1037 ; -0.700385
5.32203 ; 7.24608 ; 0.773929 ; 2.9676
3.73294 ; 3.40962 ; -3.23766 ; -2.83309
2.34104 ; 4.8238 ; -1.72199 ; -2.21698
7.1947 ; 6.31816 ; 3.64204 ; 2.83159
3.43568 ; 7.41403 ; -2.89336 ; 2.84241
6.44894 ; 6.52544 ; 2.4766 ; 3.34545
7.01689 ; 7.4004 ; 2.62227 ; 2.91033
7.31893 ; 2.38141 ; 2.86896 ; -2.4737
6.77543 ; 5.07565 ; 3.67249 ; -2.30959
6.08222 ; 5.49498 ; 0.0111504 ; -2.268
6.28362 ; 2.06182 ; 0.833976 ; -1.9497
5.86205 ; 5.87456 ; -2.08754 ; -1.02305
6.39661 ; 6.93586 ; -0.185685 ; 2.57649
8.29982 ; 4.94778 ; 2.52649 ; 0.861274
6.57622 ; 7.00345 ; 1.26837 ; 2.15272
2.37559 ; 7.18704 ; -1.50774 ; 2.28397
7.60591 ; 5.69929 ; 2.38079 ; 0.28666
7.24213 ; 5.87629 ; 3.19711 ; 1.75119
2.84481 ; 7.97362 ; -1.90558 ; 1.24906
7.16554 ; 6.91743 ; 2.94829 ; 3.3644
2.81072 ; 8.07318 ; -1.76125 ; 1.73751
7.55836 ; 7.38629 ; 2.22937 ; 2.70711
8.53785 ; 3.14148 ; 1.8761 ; -2.0062
5.68866 ; 5.74047 ; 1.52265 ; 2.11952
7.57913 ; 4.34937 ; 2.90585 ; 0.704149
2.81139 ; 6.23197 ; -2.58409 ; 0.236939
7.41041 ; 2.95017 ; 3.25647 ; -2.22774
2.95375 ; 7.35948 ; -2.53134 ; 1.67654
3.771 ; 3.17695 ; -3.25366 ; -3.37426
5.80084 ; 6.11951 ; 3.05082 ; -0.208789
7.77218 ; 7.53748 ; 1.75245 ; 2.12238
7.38449 ; 2.50218 ; 3.01333 ; -2.53659
4.45321 ; 6.28872 ; -3.48538 ; 1.03901
2.73835 ; 1.95383 ; -1.13855 ; -0.47204
6.29732 ; 1.97982 ; 2.61078 ; -1.75155
3.37905 ; 6.63009 ; -3.14763 ; 2.95623
4.55327 ; 8.07764 ; -1.62654 ; 2.23575
7.11985 ; 7.61789 ; 3.31444 ; 3.02286
8.25199 ; 5.25072 ; 2.74688 ; 1.45451
4.56726 ; 6.37841 ; -3.56229 ; 1.20092
6.052 ; 7.07561 ; 2.6613 ; 3.39251
3.5878 ; 7.64237 ; -2.76184 ; 2.7696
6.52507 ; 5.44025 ; 3.113 ; 2.3748
7.93103 ; 4.50488 ; 2.96636 ; -1.63855
3.56082 ; 2.18407 ; -1.75706 ; -1.927
3.03148 ; 6.56743 ; -2.40936 ; 2.95994
3.63429 ; 6.07076 ; -3.17546 ; 1.48438
5.04196 ; 7.73088 ; -0.201262 ; 2.83472
4.85128 ; 3.35188 ; 0.118861 ; -3.51887
2.6249 ; 5.44919 ; -2.18656 ; 1.83619
3.68968 ; 3.40276 ; -2.12148 ; -1.1547
7.55626 ; 3.96154 ; 3.10435 ; -1.50865
7.74972 ; 7.67758 ; 2.98596 ; 2.62645
2.96436 ; 3.64361 ; -2.44894 ; -2.20475
5.05589 ; 7.01319 ; -2.26039 ; 3.16222
3.75668 ; 3.66009 ; -3.41931 ; -1.22331
4.68599 ; 4.74023 ; -1.29946 ; -0.44668
4.10856 ; 4.98232 ; -2.92825 ; 1.78498
8.09797 ; 2.91836 ; 1.85513 ; -1.76602
7.43603 ; 2.43946 ; 3.15982 ; -2.02306
5.78186 ; 6.51649 ; 0.0940819 ; 3.18264
4.74462 ; 6.36711 ; -0.325073 ; 1.34866
4.90985 ; 8.11532 ; 0.6206 ; 2.30117
5.58243 ; 6.56854 ; -1.79481 ; -0.316094
2.68057 ; 2.99088 ; -1.71308 ; -1.7555
6.77494 ; 4.64454 ; 3.75304 ; -3.19883
7.22057 ; 5.4272 ; 2.19088 ; -1.19204
5.23912 ; 7.59008 ; -2.76852 ; 2.17285
3.68647 ; 3.36273 ; -1.2376 ; -2.33631
7.97748 ; 2.72636 ; 2.6683 ; -1.85624
3.6614 ; 7.51852 ; -3.14433 ; 2.08562
5.20904 ; 5.83341 ; -1.10606 ; 0.146393
3.42858 ; 4.84059 ; -3.30187 ; -1.84462
7.66202 ; 4.38596 ; 3.10624 ; -3.54116
7.62427 ; 8.29844 ; 2.72135 ; 1.96664
5.02604 ; 4.88925 ; -1.11695 ; 1.16473
7.15475 ; 3.63175 ; 0.839347 ; -3.47853
5.34161 ; 3.85187 ; 0.207034 ; -3.2436
3.34174 ; 4.30531 ; -2.50895 ; -3.61673
3.66578 ; 5.00056 ; -3.30636 ; -0.216756
6.33711 ; 3.62413 ; 2.831 ; -3.20481
2.81934 ; 3.69629 ; -2.23309 ; -3.40946
4.79172 ; 7.16103 ; -0.753186 ; 3.41199
6.05902 ; 2.90943 ; 2.94158 ; -2.36853
3.62374 ; 3.54303 ; -3.20173 ; -3.47469
3.50985 ; 7.99563 ; -2.76399 ; 2.31982
6.82863 ; 6.71962 ; 0.574334 ; 3.57386
4.40482 ; 5.19523 ; -0.779396 ; -3.28543
7.88641 ; 3.9596 ; 2.05773 ; -3.38139
4.25665 ; 2.28866 ; -2.49271 ; -2.39317
6.81492 ; 4.0058 ; 3.61678 ; -2.58936
5.42614 ; 4.24755 ; -2.68924 ; -2.85276
6.01983 ; 4.7781 ; 1.6148 ; 2.11188
6.73994 ; 4.32721 ; 3.31684 ; -3.71358
7.12658 ; 4.84413 ; 1.1521 ; -2.02369
4.84869 ; 3.74463 ; 0.0482918 ; -1.58168
8.40836 ; 8.19559 ; 1.67302 ; 1.63876
7.89481 ; 5.62175 ; 3.22741 ; -1.76742
7.42034 ; 4.35719 ; 2.87758 ; 0.160702
3.04485 ; 6.93334 ; -2.74465 ; 1.46435
4.5569 ; 4.6024 ; 0.12063 ; -3.40532
8.02131 ; 2.80952 ; 2.68482 ; -1.68494
6.54645 ; 2.92127 ; -0.527887 ; -3.126
4.5916 ; 5.93873 ; -2.33783 ; 0.110498
5.19796 ; 6.82059 ; -2.50964 ; 3.60324
8.12203 ; 3.14225 ; 2.7589 ; -2.9646
4.28263 ; 2.39302 ; -2.28445 ; -2.45638
3.81047 ; 2.68675 ; -2.21613 ; -2.81164
4.0372 ; 2.84915 ; 0.226917 ; -2.50382
3.61839 ; 6.5496 ; -2.46058 ; 3.30428
4.45132 ; 2.27575 ; 0.428996 ; -2.14895
4.51504 ; 3.43236 ; -3.3481 ; -3.46508
4.89299 ; 4.47502 ; -0.196484 ; -3.22724
4.37707 ; 7.57341 ; -0.499597 ; 2.91201
2.4941 ; 5.40112 ; -2.02839 ; 1.28253
6.20822 ; 2.53961 ; 2.36291 ; -2.4977
7.86765 ; 3.43458 ; 2.7152 ; -3.47723
8.50144 ; 6.2401 ; 2.22973 ; -0.736896
8.97037 ; 7.75724 ; 0.721965 ; 1.81638
6.58997 ; 6.44482 ; 2.94403 ; 3.60602
4.7839 ; 6.11814 ; -1.19577 ; 3.55498
8.34847 ; 8.24663 ; 1.76093 ; 0.806071
5.40339 ; 5.28947 ; -1.86214 ; 0.471883
3.14148 ; 3.34379 ; -2.36187 ; -2.5345
4.13309 ; 3.62048 ; -0.512319 ; -2.36391
6.14859 ; 5.36965 ; -0.646845 ; -0.627681
4.38889 ; 6.63701 ; -2.40367 ; 2.853
2.27107 ; 7.06685 ; -1.20048 ; 1.95046
7.96613 ; 6.56424 ; 2.20808 ; 3.43322
3.38917 ; 2.0853 ; -2.35241 ; -1.71013
7.96114 ; 5.07071 ; 3.155 ; -1.24441
4.65982 ; 5.70259 ; -0.161253 ; 2.71517
4.05323 ; 3.08994 ; -3.31059 ; -3.38227
4.53224 ; 2.82768 ; -2.38098 ; -2.62203
5.9182 ; 4.83821 ; 2.2542 ; -0.275551
6.29184 ; 5.14895 ; -1.18566 ; -3.37018
6.97405 ; 2.11504 ; 2.772 ; -2.07814
4.50054 ; 4.40921 ; 0.32557 ; 1.64708
5.9 ; 5.78713 ; -2.49554 ; -1.37046
5.7427 ; 2.50693 ; -2.04985 ; -2.57325
2.74624 ; 2.67713 ; -1.94037 ; -1.90206
4.40756 ; 7.26983 ; -2.45521 ; 2.36649
4.57707 ; 5.83751 ; -2.26858 ; 1.50617
3.89844 ; 3.25041 ; -1.61454 ; -1.89778
6.15582 ; 6.62434 ; 1.13614 ; 2.45812
6.54271 ; 7.29127 ; 2.96095 ; 3.36525
8.3234 ; 2.94098 ; 1.91474 ; -2.41797
6.95649 ; 5.69191 ; 3.13809 ; 0.162513
6.0076 ; 4.54011 ; 1.42111 ; -3.03571
6.23801 ; 3.68697 ; -0.133139 ; -2.0722
8.27456 ; 6.31412 ; 2.75327 ; -0.675224
3.89054 ; 6.78351 ; -3.07286 ; 3.35623
2.83047 ; 7.47387 ; -2.36795 ; 2.67604
4.13657 ; 6.84211 ; -1.70372 ; 2.67195
7.06204 ; 4.95483 ; 2.40425 ; -0.808923
7.46847 ; 6.70047 ; 2.37698 ; 3.36131
6.80281 ; 3.0312 ; 0.814202 ; -2.95836
7.76883 ; 7.27297 ; 2.73681 ; 2.82745
4.32116 ; 8.08967 ; -2.92117 ; 2.48108
5.69385 ; 2.35583 ; -2.08211 ; -2.40769
4.72245 ; 3.95257 ; -1.63811 ; -1.57158
8.17521 ; 6.69321 ; 2.90345 ; 2.53193
3.60998 ; 6.7275 ; -2.83389 ; 3.37888
7.83077 ; 5.47254 ; 2.76547 ; 2.90932
6.41852 ; 7.26075 ; 2.8792 ; 3.39224
2.54633 ; 7.56508 ; -1.72212 ; 1.53893
2.58469 ; 5.50879 ; -2.23376 ; -1.23262
8.3013 ; 2.73074 ; 1.43626 ; -2.54167
8.9101 ; 7.2679 ; 1.34725 ; 2.53096
2.39876 ; 8.43532 ; 0.371911 ; -0.820409
8.27223 ; 2.24927 ; 2.11236 ; -1.50354
7.14364 ; 5.32333 ; 1.47334 ; 2.99113
4.72106 ; 2.74326 ; -3.46416 ; -2.69043
8.37741 ; 8.28713 ; 1.90884 ; 1.50582
7.54242 ; 7.47818 ; 1.63654 ; 2.97678
8.7018 ; 2.32505 ; 1.12636 ; -1.09743
6.9368 ; 2.70064 ; 1.83209 ; -2.478
5.32513 ; 3.97305 ; 1.69321 ; 0.0327915
6.60404 ; 4.81202 ; 2.73756 ; 1.69051
3.40362 ; 8.14863 ; -2.67351 ; 1.36596
4.88024 ; 5.93514 ; -1.38093 ; 2.33226
4.2492 ; 6.87833 ; -3.0904 ; 0.260099
3.87171 ; 6.22451 ; -2.43226 ; 2.95278
6.58455 ; 5.9613 ; 1.42013 ; -0.99849
6.78832 ; 6.26848 ; 3.78682 ; 0.959029
7.50995 ; 7.92429 ; 3.23112 ; 1.51262
7.68923 ; 2.15206 ; 2.66388 ; -1.84178
8.29902 ; 8.01528 ; 2.17438 ; 2.05959
7.14907 ; 7.41976 ; 1.95959 ; 2.80658
8.23175 ; 7.81523 ; 2.35967 ; 2.39389
4.83403 ; 2.74681 ; -3.35973 ; -2.74277
2.66803 ; 7.71937 ; -1.31958 ; 1.98501
4.69843 ; 7.24045 ; -3.26332 ; 3.23764
3.15465 ; 3.98272 ; -2.79089 ; -2.35911
4.04401 ; 7.77077 ; -3.21082 ; 2.74603
5.01123 ; 8.25843 ; -2.7027 ; 2.22256
7.67125 ; 3.57323 ; 3.24891 ; -3.15093
3.29578 ; 6.11721 ; -2.91343 ; 0.882091
4.81521 ; 2.36512 ; -2.5197 ; -2.52839
5.7086 ; 4.13695 ; 2.89191 ; -3.70504
7.8827 ; 4.85647 ; 3.18871 ; -2.18907
7.20364 ; 4.2659 ; 3.26058 ; -3.23455
4.95105 ; 7.10436 ; -1.85054 ; 1.67657
7.49871 ; 4.53301 ; 3.44926 ; -2.59186
7.05859 ; 4.53933 ; 3.32838 ; -1.98888
8.40978 ; 2.6399 ; 1.71511 ; -2.20677
6.31072 ; 2.38684 ; 2.81274 ; -2.654
6.06192 ; 2.71295 ; 1.76509 ; -2.66357
7.05891 ; 8.49035 ; 2.34859 ; 1.57496
2.76124 ; 8.27697 ; -0.929464 ; 0.91378
6.79227 ; 4.54895 ; -0.148639 ; 0.0238548
2.8532 ; 3.37712 ; -2.20808 ; -1.68342
5.44696 ; 4.03528 ; 1.76139 ; -3.15367
5.88679 ; 8.07542 ; 1.19121 ; 2.57788
7.5391 ; 3.59357 ; 2.65699 ; -1.71081
4.79375 ; 4.15912 ; 1.1291 ; -3.92861
8.23114 ; 2.98208 ; 2.36363 ; -2.9318
2.54672 ; 7.85591 ; -1.1165 ; 0.550265
6.7581 ; 5.11697 ; 1.90336 ; 0.813154
4.61206 ; 3.58176 ; -2.64495 ; -3.646
6.10836 ; 2.90901 ; 1.744 ; -3.27028
8.18339 ; 3.15298 ; 2.18336 ; -3.16775
5.46152 ; 3.86719 ; -1.70912 ; -1.946
5.87488 ; 3.36493 ; 2.26998 ; -3.03207
4.77299 ; 3.59658 ; 1.36234 ; -1.99427
8.78173 ; 3.07466 ; 1.44517 ; -1.30872
7.14467 ; 5.39332 ; 3.48081 ; 1.43786
7.54241 ; 4.23049 ; 2.99915 ; -3.22483
8.38588 ; 5.11777 ; 2.67364 ; -2.34807
4.47997 ; 2.45533 ; -2.66412 ; -2.42883
3.89004 ; 5.09988 ; -3.21725 ; -0.00394423
3.34955 ; 7.43139 ; -2.81581 ; 1.96323
8.30473 ; 3.27092 ; 2.02776 ; -3.18917
2.49285 ; 3.17743 ; -1.79985 ; -2.45935
4.08387 ; 2.92508 ; -3.24591 ; -3.1588
4.6231 ; 2.44438 ; -1.95941 ; -2.4676
2.89064 ; 7.96478 ; -1.53824 ; 1.59356
8.67631 ; 8.03271 ; 1.04138 ; 0.0904975
6.60183 ; 7.2356 ; 0.230803 ; 3.13821
5.0011 ; 6.91721 ; -1.49051 ; 3.54365
6.20408 ; 6.46805 ; 3.21887 ; 2.42543
7.35775 ; 2.11043 ; 1.53086 ; -1.84261
3.14065 ; 8.11072 ; -2.36674 ; 1.17849
5.16393 ; 3.32716 ; -2.95506 ; -2.34889
7.14772 ; 3.00027 ; 3.45559 ; -3.24428
6.01983 ; 7.86098 ; 2.88339 ; 2.85843
5.69545 ; 6.13089 ; 1.20254 ; 2.16229
7.11527 ; 5.01648 ; 1.39646 ; -2.54081
5.36053 ; 6.68239 ; 0.748978 ; 2.78939
4.27363 ; 4.44667 ; -1.67174 ; -0.546833
8.58978 ; 8.53605 ; 0.84515 ; 0.259458
7.37938 ; 8.18234 ; 3.1082 ; 2.11441
5.1205 ; 4.4517 ; 1.58045 ; 1.11174
2.85213 ; 6.30219 ; -2.50601 ; 1.6095
6.96691 ; 6.07231 ; 2.7537 ; 1.25084
3.56493 ; 6.17265 ; -2.85338 ; 1.16674
5.59821 ; 3.30562 ; -2.60501 ; -2.36647
6.80684 ; 5.96293 ; 0.347818 ; -1.72477
7.01983 ; 4.29977 ; 1.52173 ; -2.52978
3.00021 ; 4.94365 ; -2.79173 ; -0.651363
5.67281 ; 7.59781 ; -1.87955 ; 3.01697
2.54221 ; 7.31056 ; -1.4436 ; 0.261505
2.68397 ; 8.26136 ; -1.12807 ; 0.912549
8.44805 ; 7.75931 ; 1.8003 ; 1.99335
4.60093 ; 2.57649 ; -0.830981 ; -2.85837
6.48275 ; 5.78364 ; 2.1691 ; -0.00952302
8.40147 ; 8.28636 ; 1.71574 ; 1.1859
4.55148 ; 2.44654 ; -0.33927 ; -2.37234
5.57766 ; 4.76728 ; -2.05004 ; 2.16988
2.65189 ; 2.29067 ; -0.532722 ; -1.20541
7.16279 ; 3.44192 ; 1.54872 ; -1.97869
8.82057 ; 5.31293 ; 1.86385 ; -0.00704755
5.93131 ; 5.87866 ; 7.68006e-05 ; 2.67509
3.3225 ; 8.00372 ; -2.65979 ; 1.7295
5.19401 ; 3.94877 ; 0.757374 ; -3.32465
4.05235 ; 7.61404 ; -1.95999 ; 2.82073
8.06736 ; 2.18526 ; 2.25758 ; -1.35814
4.36051 ; 7.6649 ; -3.59811 ; 1.58738
2.21653 ; 4.0383 ; -1.31857 ; -2.78117
8.24521 ; 4.6704 ; 2.79709 ; 0.334632
5.95639 ; 8.43011 ; -0.0819491 ; 1.84272
5.0767 ; 2.73709 ; 1.17168 ; -2.98494
4.60322 ; 5.14377 ; -3.4197 ; -0.8253
7.90245 ; 4.74142 ; 2.7156 ; -0.0747734
6.4217 ; 6.55355 ; 1.48788 ; 2.23364
5.42804 ; 5.14648 ; 0.836596 ; 1.79794
3.08036 ; 5.83397 ; -2.26759 ; -2.36469
6.30967 ; 4.48976 ; -0.862593 ; -3.62954
4.40227 ; 3.41993 ; -3.4142 ; -3.39927
5.70691 ; 5.01944 ; -2.74783 ; 1.48195
2.58753 ; 2.44372 ; -1.40286 ; -1.52474
8.67324 ; 2.78885 ; 1.69962 ; -2.1249
7.86396 ; 3.30156 ; 2.47509 ; -3.34938
2.60677 ; 7.25607 ; -1.69227 ; 0.656755
6.92611 ; 5.97325 ; 3.404 ; -0.718292
6.13422 ; 4.23805 ; -1.64876 ; -3.00672
7.22926 ; 4.37425 ; 2.63668 ; 0.0476055
8.44274 ; 5.3329 ; 2.55597 ; -0.367169
7.09663 ; 4.89719 ; 2.60087 ; 1.91455
8.39241 ; 3.41838 ; 2.47302 ; -1.9206
4.00947 ; 7.63837 ; -1.44284 ; 2.85842
7.7562 ; 7.89317 ; 2.57018 ; 1.65734
6.10604 ; 3.43826 ; -2.03623 ; -2.98011
7.54359 ; 4.86429 ; 3.496 ; -1.84335
5.3864 ; 3.47389 ; -1.21899 ; -1.48601
4.81572 ; 5.44668 ; -2.67024 ; -1.64558
7.82951 ; 5.18695 ; 3.18247 ; 2.31887
2.92764 ; 7.85863 ; -2.27498 ; 2.09304
8.5175 ; 7.48568 ; 2.20503 ; 2.19638
4.72118 ; 3.96516 ; -2.70341 ; -2.80965
3.93048 ; 6.84646 ; -2.86016 ; 0.727286
3.51202 ; 7.51541 ; -2.62962 ; 2.29668
6.32012 ; 3.17049 ; 2.20406 ; -3.40368
4.27744 ; 6.18878 ; -0.239139 ; 2.42825
3.56529 ; 5.64353 ; -3.26459 ; 2.32666
5.76796 ; 2.88502 ; 2.5041 ; -2.5831
7.8026 ; 8.33892 ; 2.71346 ; 1.82128
8.25498 ; 7.62551 ; 2.36993 ; 0.961093
4.12769 ; 2.33784 ; -3.01018 ; -2.19977
8.41966 ; 2.42519 ; 1.16636 ; -1.33394
3.03343 ; 2.15704 ; -1.2165 ; -1.35258
5.11666 ; 5.92249 ; 0.833327 ; 3.6376
6.63974 ; 5.76983 ; 3.75058 ; 2.97423
7.5141 ; 4.44713 ; 1.37899 ; -3.4911
4.61363 ; 2.95831 ; -3.25806 ; -2.14865
3.49954 ; 7.34708 ; -2.64107 ; 2.474
4.75357 ; 3.03978 ; -0.100794 ; -2.91318
3.78599 ; 7.96277 ; -2.34458 ; 2.28509
4.50427 ; 5.52721 ; -1.01254 ; 2.54862
4.52471 ; 5.42119 ; -1.91348 ; -0.567977
6.64281 ; 5.50665 ; 3.79296 ; 2.56118
7.85486 ; 4.09639 ; 3.26342 ; -3.48255
3.47406 ; 6.8829 ; -3.11284 ; 2.42754
7.46764 ; 3.20272 ; 2.41268 ; -2.65884
3.32386 ; 5.90185 ; -2.94655 ; -1.14924
8.69972 ; 6.58534 ; 2.00769 ; 2.66424
8.0669 ; 7.5371 ; 2.29264 ; 2.38405
7.57715 ; 4.06463 ; 3.17319 ; -2.45175
6.5841 ; 8.0196 ; 0.690875 ; 2.37195
8.3283 ; 3.85286 ; 2.69553 ; -1.2334
8.68857 ; 7.69486 ; 1.29475 ; 1.82651
5.69729 ; 2.53923 ; -2.26688 ; -2.68711
5.6338 ; 5.63696 ; 1.53983 ; 2.95304
5.25339 ; 4.16177 ; -1.03448 ; -3.6745
6.70647 ; 7.61411 ; 3.64961 ; 1.66773
7.53379 ; 3.89643 ; 2.33386 ; -3.23391
2.6646 ; 8.08487 ; -1.29399 ; 1.57732
7.09004 ; 6.19733 ; 2.33448 ; -0.133705
6.70352 ; 4.67966 ; 2.79496 ; -2.94929
7.46488 ; 2.99635 ; 3.19398 ; -1.97296
7.34868 ; 4.46557 ; 1.72828 ; 1.55627
8.16146 ; 6.08058 ; 2.81767 ; 2.83649
7.41798 ; 5.39494 ; 1.39629 ; -2.15167
6.96838 ; 6.8304 ; 2.56388 ; 1.76646
3.00372 ; 3.29401 ; -2.70531 ; -2.99558
2.79711 ; 7.29629 ; -2.36596 ; 2.43921
3.1654 ; 2.96855 ; -2.1698 ; -2.76572
5.67231 ; 2.36979 ; -2.16482 ; -2.50926
5.18597 ; 6.73642 ; 1.33531 ; 2.30421
2.86044 ; 3.52035 ; -2.3145 ; -3.45354
7.60284 ; 2.47602 ; 3.02388 ; -1.96231
4.46928 ; 7.63256 ; -3.19487 ; 2.95469
6.45827 ; 2.90297 ; 3.60075 ; -2.16604
6.91427 ; 6.60832 ; 2.75742 ; 2.1186
3.38773 ; 3.30278 ; -3.17411 ; -2.74587
5.10008 ; 5.64924 ; -2.15195 ; 2.73411
4.30842 ; 5.6852 ; -3.59039 ; -1.16088
4.68443 ; 4.12885 ; 0.889977 ; -0.07643
4.80808 ; 2.32022 ; 0.730862 ; -2.23923
8.50702 ; 7.47667 ; 1.99446 ; 2.5984
8.08951 ; 4.05511 ; 2.59819 ; -0.58084
4.327 ; 3.86335 ; -2.92476 ; -3.71285
8.25008 ; 5.17792 ; 2.92782 ; 0.40176
6.92233 ; 3.97895 ; 3.45407 ; 0.0252256
8.12118 ; 6.25462 ; 2.7468 ; 3.23762
3.34624 ; 7.06897 ; -2.94391 ; 3.21565
8.13754 ; 2.70504 ; 1.62991 ; -2.20444
7.24746 ; 6.32535 ; 3.14985 ; 2.58443
8.263 ; 4.21619 ; 2.58785 ; -1.0651
5.91919 ; 6.42347 ; 1.20818 ; 0.0253706
5.0338 ; 4.39898 ; 1.0658 ; -3.54066
6.3639 ; 8.14657 ; 1.2238 ; 2.27295
4.00772 ; 7.80735 ; -0.60557 ; 2.33236
4.15053 ; 6.62809 ; -3.42658 ; 3.54462
4.6941 ; 4.71842 ; 0.414269 ; -0.0714512
3.61821 ; 3.23119 ; -3.32286 ; -2.67746
3.11091 ; 4.86537 ; -2.84885 ; -3.22441
2.92624 ; 8.1488 ; -1.72294 ; 1.41888
7.64867 ; 7.92104 ; 2.26898 ; 2.25501
3.80664 ; 5.77279 ; -3.12967 ; 0.209489
8.43782 ; 5.29232 ; 2.63809 ; -0.136869
6.19608 ; 5.57974 ; -0.595897 ; 2.35237
3.84941 ; 5.98505 ; -1.21205 ; 2.43897
4.84563 ; 3.74732 ; -1.2719 ; -3.3345
2.55382 ; 6.55116 ; -2.06291 ; 1.86966
7.34423 ; 6.79533 ; 2.78108 ; 3.26998
6.36868 ; 2.16275 ; 2.2863 ; -2.15084
7.73191 ; 6.2613 ; 2.9126 ; 2.40678
3.94341 ; 3.4784 ; -3.34339 ; -0.943856
2.69406 ; 3.66938 ; -2.28807 ; -0.634913
7.09048 ; 4.53162 ; 1.75525 ; 1.64474
7.55639 ; 4.61901 ; 2.56223 ; 1.80308
4.84126 ; 4.29583 ; -1.76737 ; 0.373008
2.74443 ; 6.9972 ; -2.11609 ; 2.39243
7.40259 ; 4.75519 ; 3.10978 ; -3.40974
4.73323 ; 3.1025 ; -2.28195 ; -3.4136
7.38229 ; 3.27607 ; 3.28087 ; -1.68999
3.08304 ; 7.66442 ; -1.66805 ; 2.18914
2.81363 ; 4.43359 ; -2.64146 ; 0.228551
6.73055 ; 5.73685 ; 3.3903 ; -1.89127
7.92248 ; 5.38815 ; 3.13747 ; 1.82254
6.63792 ; 5.41725 ; 1.37838 ; -1.5667
3.22615 ; 3.30473 ; -2.9067 ; -2.85037
6.74188 ; 4.76128 ; 3.1398 ; -3.45281
6.4438 ; 3.33756 ; 0.798287 ; -1.72586
3.5836 ; 7.25275 ; -1.11549 ; 1.54642
7.87634 ; 7.14189 ; 2.4516 ; 2.55987
4.01789 ; 3.34122 ; -2.8539 ; -2.13914
2.94035 ; 2.95547 ; -2.17606 ; -2.7473
4.64539 ; 6.04047 ; -3.57657 ; 2.61075
5.71536 ; 6.95657 ; -1.16809 ; 1.43692
6.74909 ; 4.83279 ; 0.170589 ; -1.08712
7.70992 ; 6.86506 ; 2.41703 ; 2.80809
4.12934 ; 2.03905 ; -2.79598 ; -1.83415
5.5339 ; 7.32123 ; -0.00842648 ; 3.30239
3.75737 ; 2.39704 ; -2.97727 ; -2.5529
7.54983 ; 2.69104 ; 0.749375 ; -2.31618
5.43419 ; 4.41403 ; 2.78514 ; -2.14668
6.30769 ; 7.99734 ; 3.48048 ; 2.1009
2.8187 ; 7.73206 ; -2.03592 ; 1.92236
3.50891 ; 7.68644 ; -2.7984 ; 2.64248
7.85202 ; 7.009 ; 2.93531 ; 1.07193
3.69914 ; 6.08139 ; -3.47785 ; 0.603156
4.15957 ; 4.81192 ; -3.65181 ; -1.00133
5.62336 ; 2.34304 ; 0.844233 ; -2.49061
6.41064 ; 5.12925 ; 1.4102 ; -1.16832
5.58513 ; 2.82833 ; -0.365757 ; -2.67495
3.45647 ; 7.58164 ; -0.676293 ; 2.4021
4.19069 ; 2.29118 ; -3.34203 ; -2.02474
3.12436 ; 8.59993 ; -1.85631 ; 0.527359
3.47713 ; 1.96878 ; -2.54484 ; -1.4222
4.23679 ; 6.26152 ; -2.81941 ; 0.0219478
4.62105 ; 5.1751 ; -3.67603 ; -1.48372
2.52668 ; 5.482 ; -2.1309 ; 0.882543
5.96917 ; 3.48617 ; -1.05244 ; -3.57391
3.13274 ; 8.54597 ; -0.796327 ; 0.516878
7.27402 ; 6.58004 ; 0.963304 ; 3.58722
3.78497 ; 2.77756 ; -2.00554 ; -2.49964
3.29638 ; 2.32479 ; -2.5294 ; -2.16252
8.06056 ; 2.47194 ; 2.53486 ; -2.07821
7.4751 ; 5.54215 ; 2.15746 ; 2.5529
5.65481 ; 2.13641 ; 2.2474 ; -2.0214
3.08013 ; 4.04721 ; -2.76317 ; -2.02276
7.77032 ; 6.25898 ; 3.09649 ; 2.91118
3.00608 ; 4.80583 ; -2.58482 ; -2.21208
3.54149 ; 3.31887 ; -1.19706 ; -3.26643
5.5497 ; 2.08879 ; -2.18749 ; -1.98546
5.73596 ; 5.50026 ; 0.0997709 ; 2.89412
2.96392 ; 4.03412 ; -2.73035 ; -0.389707
3.15696 ; 5.74438 ; -3.10004 ; 2.28064
4.87625 ; 4.94649 ; -1.81211 ; -1.61348
2.90241 ; 5.44404 ; -2.71866 ; 0.0727146
2.66686 ; 2.98911 ; -1.51317 ; -2.74362
8.04604 ; 2.47852 ; 2.3577 ; -1.72949
7.93533 ; 4.86325 ; 3.00106 ; -1.40239
6.13952 ; 7.53048 ; 2.83973 ; 3.23078
5.12319 ; 7.43027 ; 1.75719 ; 3.26992
8.69585 ; 3.47336 ; 1.86772 ; -2.36464
6.90309 ; 3.4101 ; 2.46284 ; -3.05661
7.63811 ; 4.52006 ; 2.87245 ; -1.33522
7.62239 ; 8.15408 ; 2.36874 ; 2.08068
5.25484 ; 6.77406 ; -0.0855192 ; 0.65105
2.2558 ; 2.50922 ; -0.575289 ; -1.38673
7.20988 ; 7.1497 ; 3.59707 ; 2.76561
4.87989 ; 5.28005 ; -0.135536 ; 0.513589
2.64626 ; 3.01445 ; -1.76925 ; -1.93797
8.93715 ; 3.55293 ; 1.39693 ; -2.66465
7.02189 ; 6.84219 ; 3.70084 ; 2.25895
7.94527 ; 4.21017 ; 2.44263 ; 0.130882
6.35379 ; 5.59304 ; 1.45117 ; -0.923876
7.23098 ; 2.26426 ; 2.1218 ; -2.20428
4.05001 ; 7.65325 ; -2.10119 ; 2.43302
7.60253 ; 5.48571 ; 2.22474 ; -0.423978
8.39258 ; 8.26556 ; 1.64949 ; 1.45444
7.39039 ; 3.46827 ; 3.49212 ; -1.00015
7.64795 ; 6.75975 ; 3.23696 ; 0.766026
3.16555 ; 8.02964 ; -2.28567 ; 1.00698
5.22852 ; 6.08371 ; -2.98282 ; 1.97738
3.40356 ; 4.65718 ; -2.96617 ; 1.17173
6.09571 ; 4.55291 ; 2.46456 ; -1.77674
7.718 ; 6.22041 ; 3.21593 ; 2.91339
5.9082 ; 5.53463 ; -2.84463 ; -1.13433
6.1699 ; 7.03794 ; 3.24551 ; 1.57858
5.26754 ; 6.18813 ; 2.78138 ; 1.10516
6.7514 ; 5.65823 ; 0.66288 ; -1.40028
2.826 ; 5.01083 ; -2.59774 ; -1.40572
6.91787 ; 3.21936 ; 1.45664 ; -3.26066
8.42027 ; 4.92198 ; 2.64229 ; -1.75065
6.14194 ; 6.59823 ; 0.62812 ; 2.2228
4.70182 ; 3.28563 ; -2.50143 ; -3.27592
6.21732 ; 7.20814 ; 0.995557 ; 3.10763
2.77933 ; 2.59695 ; -2.12606 ; -2.40725
6.39245 ; 6.89313 ; 1.92495 ; 3.21099
6.16028 ; 3.77322 ; -0.119646 ; -2.09854
4.77011 ; 4.03372 ; -0.863282 ; -1.11173
4.17808 ; 3.36683 ; -3.51599 ; -2.28476
8.84076 ; 3.51416 ; 1.67916 ; -2.69537
6.40096 ; 6.85792 ; 2.73476 ; 1.54036
6.85979 ; 3.91013 ; 3.64905 ; -1.71974
6.9482 ; 6.82271 ; 3.24213 ; 3.53296
4.7786 ; 2.45862 ; -1.15776 ; -2.69964
7.37569 ; 5.43851 ; 3.52135 ; -0.767011
5.746 ; 3.50694 ; -1.60392 ; -1.54928
4.75981 ; 6.57996 ; -2.49748 ; 1.50373
4.72566 ; 6.40897 ; -1.13289 ; 1.66548
2.75262 ; 7.99283 ; -0.921897 ; 1.63844
7.18378 ; 4.3186 ; 3.05817 ; -1.44182
7.26762 ; 3.46217 ; 3.55908 ; -3.14826
2.75239 ; 6.92081 ; -2.47098 ; 2.76239
4.9719 ; 4.26915 ; -3.55191 ; -1.67631
5.92455 ; 6.72376 ; -0.327874 ; 1.04665
4.41864 ; 5.40481 ; -2.42983 ; 1.63498
7.1346 ; 5.73363 ; 3.24072 ; -0.106731
7.5635 ; 5.36261 ; 3.29015 ; 0.38657
3.74336 ; 3.61842 ; -2.26863 ; -1.60699
4.26188 ; 7.13214 ; -3.00611 ; 3.14513
3.45131 ; 6.16513 ; -2.50258 ; -1.58596
7.06194 ; 6.17348 ; 1.40647 ; -1.48441
3.35325 ; 8.30817 ; -1.51416 ; 1.63427
3.01 ; 8.02624 ; -1.17605 ; 1.66454
8.19452 ; 2.87655 ; 1.44488 ; -2.46148
8.27408 ; 3.01956 ; 2.4963 ; -1.76284
2.94777 ; 3.81059 ; -2.60128 ; -0.623382
4.38879 ; 3.86423 ; -0.110725 ; -2.15511
6.18426 ; 7.93893 ; -1.21872 ; 2.50064
6.0301 ; 4.01996 ; -1.12337 ; -3.90988
4.83141 ; 3.10559 ; -3.20574 ; -2.1517
4.86843 ; 7.41763 ; -0.726445 ; 3.09069
8.76892 ; 2.24372 ; 0.902084 ; -1.06836
6.43909 ; 7.72705 ; 2.83699 ; 2.98765
4.90634 ; 5.1138 ; -3.17793 ; -2.56532
4.16155 ; 5.17806 ; -3.38244 ; 2.13164
3.69445 ; 3.65463 ; -2.99403 ; -3.02282
3.19536 ; 6.40699 ; -3.04022 ; -0.0121724
6.24085 ; 7.59584 ; -0.189906 ; 2.57149
3.94959 ; 2.81118 ; -1.85842 ; -2.62363
8.523 ; 4.44675 ; 2.36859 ; 1.05291
8.49615 ; 4.75143 ; 2.48871 ; 0.612538
2.82836 ; 7.8577 ; -1.13111 ; 2.13472
7.99617 ; 2.81216 ; 1.93872 ; -2.57488
5.05811 ; 3.87383 ; -2.42765 ; -3.57005
6.50756 ; 7.89615 ; -0.684683 ; 2.68514
5.17438 ; 8.54556 ; -2.4076 ; 1.41586
3.21236 ; 3.27787 ; -1.7521 ; -3.28004
3.77605 ; 5.13103 ; -1.821 ; -1.65974
3.53901 ; 3.90279 ; -3.3053 ; -3.33689
5.71933 ; 3.24429 ; 0.330145 ; -3.26689
7.19747 ; 6.3602 ; 3.04312 ; 3.46538
5.8754 ; 4.4121 ; 3.55763 ; 0.353052
4.4081 ; 3.18995 ; -3.48013 ; -3.10503
4.28135 ; 3.93132 ; -0.832419 ; 0.502941
8.39913 ; 8.10886 ; 1.21564 ; 1.19367
7.57532 ; 4.7046 ; 2.9536 ; 0.0590658
7.22256 ; 2.09154 ; 1.40902 ; -1.77163
2.56989 ; 6.99926 ; -1.8001 ; 2.30473
4.48017 ; 2.80751 ; -3.26368 ; -2.60047
8.45591 ; 2.91482 ; 2.1803 ; -2.24859
4.77507 ; 4.11739 ; -2.06425 ; 0.17618
4.47279 ; 7.48704 ; -2.68201 ; 2.28844
4.28202 ; 6.99977 ; -2.36626 ; 3.20123
7.64895 ; 4.56015 ; 3.05822 ; 1.31219
6.02494 ; 3.30509 ; 3.19474 ; -2.86584
7.1915 ; 7.39982 ; 2.70961 ; 3.20527
5.09219 ; 4.69165 ; -0.962985 ; 1.41569
8.16569 ; 2.13352 ; 0.829957 ; -1.19476
5.49171 ; 6.25439 ; -1.2817 ; 2.74161
2.89838 ; 2.25458 ; -0.899211 ; -1.37978
2.19721 ; 2.42985 ; -0.0180066 ; -0.985144
7.934 ; 7.55983 ; 2.88435 ; 1.31378
3.87228 ; 2.69206 ; -2.24082 ; -2.58834
6.78613 ; 2.57776 ; 0.544674 ; -2.49107
4.45376 ; 5.22798 ; -2.5017 ; 2.21509
6.32567 ; 7.49727 ; -0.797914 ; 3.02515
3.89765 ; 6.75782 ; -3.3343 ; 3.28384
7.91282 ; 6.60347 ; 3.16009 ; 2.45651
6.6898 ; 3.7306 ; 1.52714 ; -2.70889
3.97968 ; 6.46984 ; -1.10895 ; 1.99548
4.29283 ; 5.23135 ; -3.75094 ; -1.38138
3.92564 ; 2.59302 ; -1.78936 ; -2.77983
8.34821 ; 7.54603 ; 1.95541 ; 2.40201
7.02252 ; 4.62781 ; 3.25773 ; -2.70094
2.34144 ; 2.78857 ; -1.18272 ; -2.27531
2.85839 ; 5.85771 ; -2.37545 ; -1.54733
5.25393 ; 7.23399 ; -0.0295197 ; 3.24543
6.18384 ; 4.50199 ; 1.84972 ; -0.853141
3.89821 ; 3.89731 ; -1.8832 ; -3.78683
3.7248 ; 7.83999 ; -2.06978 ; 2.51689
6.69192 ; 5.47929 ; 0.290134 ; 3.083
2.69155 ; 3.37769 ; -2.01956 ; -2.47387
4.75292 ; 7.7316 ; -0.837006 ; 2.8147
3.7706 ; 4.7894 ; -3.32032 ; -1.29199
7.35683 ; 5.99789 ; 2.51477 ; 3.49438
8.53822 ; 2.45146 ; 1.24687 ; -1.88117
8.44595 ; 3.06302 ; 2.07836 ; -2.2319
8.47673 ; 8.45249 ; 1.30433 ; 0.649339
7.77672 ; 7.28947 ; 2.40271 ; 2.37256
4.11076 ; 5.13381 ; -3.594 ; 1.30938
4.03425 ; 4.52476 ; -1.32608 ; -2.14601
4.80895 ; 4.6989 ; -1.14846 ; 0.242156
7.82847 ; 4.47238 ; 2.26319 ; -2.85189
7.9449 ; 6.48752 ; 2.95186 ; 2.40842
8.53828 ; 3.26385 ; 2.08094 ; -1.32271
3.02153 ; 8.18307 ; -0.989434 ; 1.06647
5.62448 ; 7.03925 ; 0.424362 ; 3.21975
7.58373 ; 6.91649 ; 1.96026 ; 2.05654
6.36931 ; 7.57459 ; 0.429742 ; 2.34126
6.20871 ; 4.53827 ; 3.18339 ; 0.992197
6.12615 ; 7.23982 ; 2.51402 ; 3.249
5.25536 ; 5.58603 ; -1.14228 ; -2.26659
4.15027 ; 5.36794 ; -1.59089 ; 2.35413
6.13059 ; 8.10914 ; 2.07274 ; 2.38568
6.65162 ; 2.63581 ; 0.256233 ; -2.72457
5.32191 ; 2.66143 ; -3.07173 ; -2.66633
6.61496 ; 4.00274 ; 3.74894 ; -2.68897
2.65927 ; 8.10866 ; -1.01177 ; 0.615988
6.93808 ; 5.15913 ; 0.485418 ; 0.932747
6.34457 ; 6.21201 ; -0.70895 ; 3.35504
7.33105 ; 7.06872 ; 3.48721 ; 3.10012
2.97825 ; 2.37613 ; -1.4537 ; -1.80921
7.34693 ; 3.55459 ; 1.47263 ; -1.62833
5.46703 ; 3.64572 ; 2.52497 ; -2.61159
7.2848 ; 3.09853 ; 3.48516 ; -3.31871
4.45342 ; 3.55046 ; -1.32422 ; -2.78326
5.55668 ; 8.31106 ; 1.34463 ; 2.06631
4.22564 ; 5.55119 ; -3.6167 ; 1.69273
4.72854 ; 4.89229 ; -2.41785 ; -3.44045
2.63407 ; 7.43137 ; -1.62449 ; -0.20104
5.02313 ; 6.35164 ; -2.04259 ; 2.4154
2.41408 ; 6.21411 ; -1.76147 ; 2.18082
2.97167 ; 2.69888 ; -2.28688 ; -1.24834
4.69984 ; 4.30801 ; -2.82432 ; -3.58955
4.00662 ; 5.11389 ; -2.68233 ; 1.95901
6.78018 ; 2.62176 ; 1.11287 ; -2.832
3.65129 ; 5.04025 ; -3.38365 ; -2.4552
3.56271 ; 5.20173 ; -3.05342 ; 0.462421
8.12226 ; 7.96682 ; 1.872 ; 2.03508
7.90425 ; 5.41982 ; 2.86882 ; 1.15538
6.94488 ; 6.56199 ; 0.383433 ; 2.73729
3.98782 ; 3.21245 ; -3.23411 ; -2.03538
8.11735 ; 3.63475 ; 2.82642 ; -0.0833966
4.7852 ; 4.38891 ; 0.389191 ; -2.54833
4.19913 ; 7.011 ; -1.44006 ; 2.99951
5.45952 ; 4.1492 ; -0.216839 ; -1.97001
4.36657 ; 4.41042 ; -3.59052 ; -1.75451
7.36754 ; 2.68233 ; 3.20011 ; -2.63309
7.49772 ; 6.87802 ; 2.51951 ; 1.46243
5.94565 ; 2.74946 ; 0.807512 ; -3.11505
4.34771 ; 1.91011 ; -2.38157 ; -1.51253
6.04295 ; 6.43457 ; 1.84242 ; -0.764529
5.29188 ; 2.65062 ; 1.9663 ; -2.81724
4.09989 ; 6.27422 ; -3.4392 ; 2.88051
8.14093 ; 3.0221 ; 1.60308 ; -2.84107
4.06011 ; 6.99899 ; -3.41858 ; 2.60208
4.26048 ; 6.46304 ; 0.701036 ; 0.846038
3.09819 ; 7.27534 ; -1.62122 ; 2.98412
7.01557 ; 6.35997 ; 1.00356 ; -1.0892
5.59985 ; 3.78497 ; -2.91956 ; -0.949141
7.67784 ; 2.00502 ; 2.51183 ; -1.53267
2.65326 ; 8.25164 ; -1.36667 ; 1.0235
8.29237 ; 2.56459 ; 1.99965 ; -1.43022
5.11353 ; 4.47242 ; -0.413806 ; -3.03435
5.17229 ; 4.85311 ; -3.10094 ; 1.00588
8.5338 ; 4.7333 ; 2.19728 ; -3.29763
8.24618 ; 6.66244 ; 2.45207 ; 1.38724
2.92663 ; 7.47804 ; -1.98699 ; 2.61398
5.64753 ; 3.49705 ; -1.75606 ; -3.06206
6.01254 ; 6.36871 ; -2.04795 ; 1.60752
2.97437 ; 7.91602 ; -1.91142 ; 2.13986
2.8859 ; 8.34601 ; -1.45028 ; 0.743557
4.09811 ; 8.50043 ; -2.862 ; 1.57133
3.96293 ; 2.39966 ; -2.20078 ; -2.35984
6.2188 ; 3.12906 ; 0.417578 ; -3.28531
7.45667 ; 5.81521 ; 3.49129 ; 0.954097
2.8616 ; 4.04956 ; -2.29626 ; -3.64306
5.76033 ; 5.04214 ; 2.92615 ; -0.697163
4.99429 ; 2.20586 ; 0.986969 ; -2.14977
2.67889 ; 4.81779 ; -2.34695 ; -3.07141
2.6012 ; 2.71392 ; -1.91858 ; -2.44051
8.37821 ; 3.53314 ; 2.36081 ; -2.88349
6.97234 ; 3.52122 ; 3.60058 ; -3.33241
7.57274 ; 3.67437 ; 2.65196 ; -2.22526
8.4514 ; 6.75636 ; 2.54317 ; 3.10026
2.91651 ; 4.2865 ; -2.78315 ; -0.0656112
5.07261 ; 5.465 ; -3.53213 ; 2.31294
5.94619 ; 2.21579 ; 2.82388 ; -2.23582
8.95012 ; 6.71427 ; 1.36088 ; 2.56631
4.64724 ; 7.54012 ; -3.11358 ; 2.83211
7.75593 ; 5.61467 ; 2.84955 ; 2.11812
7.92592 ; 2.51437 ; 1.57034 ; -1.98236
3.1145 ; 6.05065 ; -2.7294 ; -1.60746
8.03509 ; 6.55928 ; 2.61289 ; -0.166019
7.23226 ; 3.76002 ; 1.46955 ; -3.01754
5.17777 ; 4.82771 ; 1.32356 ; -0.215259
7.36013 ; 4.22628 ; 2.19465 ; -1.57598
7.66304 ; 2.67907 ; 2.48808 ; -2.28136
7.70476 ; 5.93718 ; 2.64019 ; 0.633504
6.1677 ; 4.49823 ; -0.382475 ; -3.81432
2.61736 ; 7.6115 ; -1.88932 ; 2.34424
3.11969 ; 3.43122 ; -2.84008 ; -3.33853
6.50872 ; 3.57714 ; 1.82444 ; -1.73414
4.00559 ; 2.31916 ; 0.337119 ; -1.97948
6.68076 ; 3.29326 ; -0.507734 ; -3.52646
5.86645 ; 7.75842 ; -2.35496 ; 2.50281
8.17183 ; 4.77501 ; 2.97271 ; -1.56231
5.46807 ; 3.56938 ; 1.91211 ; -3.55077
8.25641 ; 4.14947 ; 2.55199 ; -2.16883
6.88293 ; 5.23795 ; -0.534077 ; 1.31702
7.01717 ; 5.43727 ; 3.23565 ; 2.74937
7.29658 ; 3.62393 ; 3.15845 ; -1.47431
7.07738 ; 5.21873 ; 3.04177 ; 0.975484
5.71808 ; 8.059 ; 1.88181 ; 2.29134
3.14693 ; 8.6124 ; -1.19275 ; 0.397383
6.42815 ; 3.41645 ; 0.982555 ; -3.52354
4.58871 ; 5.97104 ; 1.04884 ; 0.373717
3.44532 ; 2.44311 ; -2.68617 ; -2.46448
7.15076 ; 6.73002 ; 0.862604 ; 3.60155
2.60608 ; 6.7599 ; -2.14598 ; 2.16628
6.44238 ; 5.10464 ; 0.424414 ; -1.26616
6.27867 ; 7.41956 ; 3.05378 ; 3.21756
2.84428 ; 3.98706 ; -2.48909 ; -0.74806
3.31791 ; 3.90983 ; -1.8897 ; -3.84117
3.90683 ; 3.00628 ; -0.175476 ; -2.55026
5.68961 ; 4.71553 ; -1.89625 ; 1.3525
4.12628 ; 5.75937 ; -2.96004 ; 2.44305
3.74513 ; 2.6028 ; -1.7584 ; -2.29452
7.96321 ; 2.30714 ; 1.08365 ; -1.74233
5.62707 ; 6.6932 ; -0.21579 ; 3.38019
7.37743 ; 7.11968 ; 2.67944 ; 3.22425
3.45997 ; 7.93755 ; -2.52135 ; 1.9058
8.42703 ; 8.4512 ; 1.54101 ; 0.679064
4.62159 ; 5.9633 ; -3.1327 ; 3.24262
4.60336 ; 2.27078 ; -1.952 ; -2.30706
7.33426 ; 4.46966 ; 1.3263 ; -3.67407
6.21113 ; 3.17224 ; -0.406187 ; -3.07103
5.56642 ; 7.14292 ; 0.486668 ; 2.93658
3.61567 ; 6.52548 ; -2.85654 ; 1.09106
8.31448 ; 4.04883 ; 2.68935 ; -2.93673
4.91482 ; 6.44909 ; -3.34227 ; 0.448083
4.65427 ; 3.63387 ; -3.58617 ; -1.06207
7.17588 ; 2.67894 ; 2.61487 ; -2.91333
5.40982 ; 4.47196 ; -1.16934 ; -1.40476
5.74102 ; 4.70024 ; 3.20191 ; -2.76722
3.03305 ; 4.55277 ; -2.53356 ; 1.1677
4.148 ; 6.95712 ; -2.66168 ; 3.23097
4.34799 ; 6.9815 ; -1.82804 ; 2.88813
7.58332 ; 4.65488 ; 3.41806 ; -0.337559
5.77874 ; 6.67636 ; -3.04402 ; 0.275186
6.06025 ; 3.59006 ; 0.746099 ; -3.25633
2.99075 ; 7.47924 ; -2.24066 ; 2.04035
4.28979 ; 5.49811 ; -2.77183 ; 3.10993
6.02843 ; 3.75044 ; -0.488303 ; -3.68675
8.6371 ; 3.52635 ; 2.08253 ; -2.58035
6.746 ; 3.7686 ; 0.650352 ; -3.67837
7.0912 ; 3.42099 ; 3.30831 ; -2.31803
3.20354 ; 4.24255 ; -2.84995 ; -1.82555
7.00858 ; 3.34489 ; 3.19547 ; -2.99894
4.63372 ; 6.8591 ; -3.5314 ; 2.32402
5.24777 ; 7.20804 ; 0.483833 ; 3.14224
3.5803 ; 7.75435 ; -2.93715 ; 2.37457
6.80858 ; 6.71641 ; 2.93278 ; 0.826375
6.19615 ; 4.22704 ; -1.63042 ; 0.316341
4.67644 ; 4.78795 ; -1.21637 ; 0.848127
7.34537 ; 6.27362 ; 2.91636 ; 3.58434
2.3586 ; 6.41052 ; -1.66029 ; 1.95085
7.59493 ; 7.20111 ; 3.29258 ; 1.82445
4.0932 ; 4.60345 ; -1.23117 ; -0.74968
5.33375 ; 3.45435 ; -0.183772 ; -2.75856
8.50645 ; 3.8254 ; 2.45215 ; -3.35036
4.40225 ; 8.23898 ; -1.42274 ; 2.16846
3.13462 ; 3.09883 ; -2.49718 ; -2.51376
7.01473 ; 3.69275 ; 0.601336 ; -2.73564
5.23776 ; 4.66009 ; -2.91149 ; -2.2078
4.44494 ; 7.3573 ; -3.10041 ; 2.97206
6.72049 ; 4.04671 ; 0.696737 ; -2.40581
7.4494 ; 7.38801 ; 2.53748 ; 2.02337
5.90046 ; 6.54354 ; 1.59906 ; 2.80838
3.09917 ; 3.93556 ; -2.5953 ; -3.14983
4.25494 ; 2.10795 ; -0.327786 ; -1.78263
4.23274 ; 8.26116 ; -1.97119 ; 2.07773
4.31135 ; 4.38892 ; -0.528198 ; 0.389686
6.14963 ; 6.72828 ; 1.86259 ; 2.69719
7.86608 ; 7.11886 ; 2.94829 ; 0.552224
4.16244 ; 4.17185 ; -3.58122 ; -3.07991
2.67192 ; 7.90675 ; -1.68706 ; 1.63679
7.52101 ; 7.13062 ; 3.40596 ; 2.22945
7.27436 ; 8.19174 ; 2.80241 ; 2.16905
6.40534 ; 5.01699 ; 1.2741 ; 2.16082
7.83532 ; 3.84005 ; 2.74664 ; -3.09923
5.1547 ; 6.29577 ; 1.44314 ; 3.77666
7.84902 ; 2.51121 ; 2.82039 ; -2.16651
7.3163 ; 2.24319 ; 2.49772 ; -2.23757
3.91852 ; 4.74796 ; -2.67083 ; -0.365063
7.21549 ; 6.80732 ; 3.13146 ; 1.85429
3.05934 ; 7.67967 ; -2.46838 ; 0.652661
3.3887 ; 8.01884 ; -2.34411 ; 2.29326
7.68131 ; 3.00807 ; 2.94086 ; -2.81887
2.89107 ; 5.96681 ; -2.71178 ; 2.37875
3.06613 ; 7.69806 ; -2.50884 ; 2.10463
3.09959 ; 6.70192 ; -2.54776 ; 1.50643
5.12269 ; 3.67967 ; -3.63951 ; -2.09453
2.51941 ; 7.06385 ; -1.84923 ; 2.29217
6.14408 ; 3.99836 ; -0.987242 ; -3.47082
4.69909 ; 4.96345 ; -0.115765 ; 1.29568
4.48485 ; 4.22741 ; -0.164315 ; -1.62633
3.40973 ; 3.0853 ; -3.00835 ; -2.81577
7.90316 ; 2.8782 ; 2.99209 ; -2.93615
3.5109 ; 3.46701 ; -1.71292 ; -2.39268
7.37137 ; 2.86804 ; 1.69974 ; -2.69562
7.88674 ; 6.01267 ; 2.84246 ; 1.57664
3.75355 ; 2.33682 ; -2.28636 ; -2.30431
4.78621 ; 4.44215 ; 1.16562 ; -2.01884
5.38983 ; 4.12646 ; 0.87891 ; 0.678701
4.20857 ; 5.09301 ; -1.46535 ; -0.525768
4.54014 ; 3.84917 ; -2.67737 ; -3.20488
5.74217 ; 5.50546 ; 1.79971 ; 3.22923
2.98142 ; 7.57937 ; -1.954 ; 2.12079
4.71622 ; 4.3643 ; -0.637548 ; -2.87387
3.74947 ; 2.96442 ; -2.5869 ; -2.92849
5.04931 ; 3.21619 ; 1.22967 ; -3.41596
5.13527 ; 4.22949 ; -1.33939 ; -3.79172
3.31216 ; 6.99813 ; -2.79483 ; 1.81517
4.3174 ; 5.45779 ; -0.871166 ; 1.96478
2.94335 ; 6.93287 ; -2.29473 ; -0.604168
2.76021 ; 8.58966 ; -0.634114 ; -0.176855
7.67773 ; 3.56985 ; 3.3657 ; -2.80597
4.59297 ; 4.89609 ; -2.84164 ; -0.736093
4.12191 ; 2.08971 ; -2.18956 ; -1.90335
6.75691 ; 3.05756 ; 3.28617 ; -3.30996
4.56446 ; 3.13716 ; -3.12235 ; -3.27158
6.66854 ; 3.59034 ; 2.01685 ; -3.41268
4.114 ; 7.41569 ; -3.59239 ; 1.42991
5.02939 ; 7.0442 ; -1.9607 ; 2.37847
3.61946 ; 3.57969 ; -1.66387 ; -2.27883
7.91084 ; 5.89606 ; 3.22975 ; 2.01822
7.69208 ; 6.9836 ; 2.61179 ; 3.10625
6.20946 ; 2.2315 ; 0.499611 ; -2.3028
3.24705 ; 4.4621 ; -3.01351 ; -2.77989
4.94803 ; 7.44132 ; -2.25196 ; 3.24973
6.82733 ; 5.78896 ; 0.554673 ; -2.59535
7.01302 ; 6.80762 ; 2.84448 ; 3.28036
4.80861 ; 3.15646 ; 0.08006 ; -3.08599
7.93435 ; 4.56766 ; 2.94566 ; 0.836902
3.0238 ; 7.29887 ; -2.0943 ; 2.5073
8.43137 ; 6.10641 ; 2.58212 ; 2.62821
5.82315 ; 6.04485 ; 0.682356 ; 3.30535
5.29067 ; 2.51468 ; 2.15187 ; -2.38403
7.76083 ; 3.86913 ; 2.10383 ; -3.51669
3.0881 ; 2.40735 ; -2.18106 ; -2.10854
3.40631 ; 2.15721 ; -2.66504 ; -1.50387
8.26392 ; 8.11312 ; 2.14876 ; 1.15844
8.7542 ; 5.27001 ; 1.9472 ; 2.01905
7.38732 ; 8.47831 ; 1.88914 ; 1.3713
8.43857 ; 2.18086 ; 0.533763 ; -0.968501
4.65259 ; 2.64592 ; -3.3831 ; -2.6865
6.9934 ; 2.84502 ; 3.55235 ; -2.2838
3.87521 ; 6.9405 ; -2.63967 ; 3.00935
4.65585 ; 3.8355 ; -3.41219 ; -3.77788
8.0493 ; 6.85013 ; 2.55207 ; 3.12001
6.9541 ; 6.89955 ; -0.088663 ; 2.20677
4.59277 ; 6.14431 ; -3.34859 ; 1.26191
5.9886 ; 4.90064 ; -1.62205 ; 2.34535
4.9723 ; 5.72824 ; 0.473317 ; 0.496983
8.95812 ; 8.19283 ; -0.146475 ; 0.459589
4.97148 ; 6.61619 ; 2.26132 ; 1.97172
3.57059 ; 4.23509 ; -2.28376 ; 0.256519
4.67674 ; 7.70758 ; -3.19291 ; 2.7575
4.37706 ; 3.62235 ; -2.49923 ; -1.95601
8.0177 ; 6.33313 ; 3.08171 ; 0.432812
4.83987 ; 8.35521 ; -0.274421 ; 1.91019
7.70154 ; 7.98222 ; 2.92723 ; 1.72489
3.01098 ; 7.62672 ; -2.2692 ; 1.39637
8.0546 ; 5.3054 ; 2.27235 ; -3.09099
6.39913 ; 8.16252 ; 2.70688 ; 2.25608
5.22787 ; 4.20982 ; -2.54751 ; -2.48514
6.93625 ; 5.65796 ; 2.86469 ; -0.536385
4.88206 ; 6.19835 ; -3.58432 ; -0.892641
7.71702 ; 6.36924 ; 3.09539 ; 2.2566
7.17454 ; 3.28103 ; 3.33664 ; -1.79649
7.16252 ; 4.01657 ; 2.34106 ; -3.32268
4.16036 ; 4.27927 ; -1.21209 ; -3.60782
7.443 ; 2.94623 ; 3.28912 ; -2.88005
7.05358 ; 6.64885 ; 2.38436 ; 2.27527
8.91782 ; 7.18887 ; 1.20402 ; 1.60337
4.63721 ; 3.12967 ; -2.34891 ; -3.46697
8.1382 ; 8.18435 ; 1.26222 ; 1.50979
5.15075 ; 4.26303 ; -1.53108 ; -0.694166
7.08648 ; 6.78246 ; 2.95819 ; 1.66262
7.3884 ; 5.99076 ; 2.32927 ; 1.12619
6.97294 ; 6.77948 ; -0.243342 ; 2.58982
5.29611 ; 7.92272 ; -2.13332 ; 2.76637
8.66594 ; 7.51351 ; 1.70248 ; 1.6225
8.26828 ; 4.65817 ; 2.75563 ; 0.607011
8.03716 ; 3.47525 ; 2.63818 ; -1.66137
8.1054 ; 3.54735 ; 2.54889 ; -2.913
6.17326 ; 5.38346 ; 0.311477 ; -0.983425
6.35308 ; 4.28293 ; 3.01279 ; 0.461488
7.19421 ; 7.49099 ; 2.84453 ; 2.99481
5.64913 ; 4.78961 ; 2.11958 ; -0.924355
3.94887 ; 6.15522 ; -1.26546 ; 2.60035
6.69439 ; 6.47523 ; 3.73922 ; 0.063922
3.3704 ; 8.50548 ; -1.24453 ; 0.961324
4.52956 ; 3.4764 ; -2.7739 ; -3.40215
2.69169 ; 3.96937 ; -2.53424 ; -3.27451
7.11217 ; 3.87547 ; 1.7309 ; -3.84985
4.98857 ; 5.46992 ; 2.08814 ; -1.79166
6.27572 ; 2.70438 ; 2.67855 ; -2.95693
4.41459 ; 4.79315 ; -3.40739 ; -2.48495
8.48898 ; 7.54099 ; 2.15727 ; 2.13062
7.69149 ; 4.18466 ; 3.10723 ; -3.51749
7.11883 ; 7.37148 ; 2.08494 ; 3.05001
7.94344 ; 7.89344 ; 2.21495 ; 2.46727
5.09106 ; 4.3603 ; -0.347491 ; 0.600123
3.04211 ; 7.21493 ; -1.65471 ; 2.80224
3.81592 ; 3.38603 ; -2.62986 ; -1.74491
5.72381 ; 6.46709 ; -0.774086 ; 3.35389
8.46856 ; 8.09261 ; 1.61372 ; 1.12445
7.17443 ; 6.09304 ; 0.571779 ; 0.17978
6.21152 ; 3.98077 ; -1.38996 ; -2.71041
7.61982 ; 2.463 ; 3.02289 ; -1.75239
4.45525 ; 7.16293 ; -3.4471 ; 2.1302
3.29476 ; 8.29181 ; -2.40746 ; 1.57259
5.77973 ; 3.94436 ; 2.75188 ; -0.60299
4.11444 ; 5.87764 ; -0.0664532 ; 1.56819
6.61609 ; 6.00875 ; 2.80146 ; 3.28182
6.85775 ; 7.85294 ; 3.14876 ; 2.4062
2.68522 ; 8.373 ; -1.15314 ; -0.0115241
2.50817 ; 2.12839 ; -0.808128 ; -0.73863
7.72986 ; 2.85722 ; 1.21494 ; -2.93645
7.03138 ; 2.73576 ; 0.626883 ; -2.74097
4.04089 ; 4.25199 ; -3.22339 ; -1.46939
3.28503 ; 3.08449 ; -2.18805 ; -3.09783
2.68418 ; 7.82524 ; -1.74817 ; 1.98193
6.14947 ; 4.54924 ; -1.08081 ; -3.18987
8.30001 ; 6.89098 ; 2.63051 ; 2.37391
5.1715 ; 3.00845 ; -0.278263 ; -2.56098
8.51676 ; 8.26618 ; 1.30323 ; 1.07392
6.63855 ; 7.36656 ; 3.06249 ; 3.27287
6.10669 ; 7.4217 ; 0.45269 ; 3.14345
8.16574 ; 3.39391 ; 2.67786 ; -2.20656
4.34257 ; 4.57129 ; -3.81162 ; -1.85548
4.12379 ; 2.1883 ; -2.44573 ; -2.03577
3.51063 ; 8.38726 ; -2.32461 ; 1.37928
2.91577 ; 3.48032 ; -2.62227 ; -3.37622
8.07439 ; 3.92757 ; 2.53406 ; -0.156611
6.96163 ; 3.9242 ; 2.40429 ; -1.12197
3.49372 ; 4.46824 ; -2.79114 ; -2.0031
6.64461 ; 7.01925 ; 3.563 ; 3.07878
7.14659 ; 7.11767 ; 0.784999 ; 3.01132
7.60775 ; 6.09771 ; 3.35636 ; 2.9977
5.21498 ; 7.06297 ; -1.1188 ; 3.07896
3.99275 ; 4.47722 ; -3.46087 ; -1.63912
7.33381 ; 4.45015 ; 1.71765 ; -3.56067
6.03377 ; 3.24439 ; 1.31914 ; -2.88189
6.56139 ; 5.68797 ; 0.871194 ; 1.11655
5.95372 ; 4.23696 ; 0.91625 ; -3.38061
4.82627 ; 7.68622 ; 0.512308 ; 2.51179
7.38437 ; 5.2546 ; 3.50575 ; -0.158481
5.03444 ; 7.74371 ; 1.03838 ; 2.95465
4.60164 ; 5.59362 ; -3.68635 ; -1.94328
