5.7844 ; 5.59019 ; -0.0210747 ; -0.919953
6.07359 ; 5.34524 ; 1.00058 ; 0.222778
6.07143 ; 5.37969 ; 0.450918 ; -0.126127
4.88735 ; 4.76195 ; -0.509023 ; -1.09321
5.53706 ; 5.80239 ; -0.200117 ; -0.50789
4.74985 ; 4.88375 ; -1.08374 ; -0.556633
5.8126 ; 5.61715 ; -0.190326 ; -0.203524
5.76044 ; 5.31387 ; -0.137546 ; 0.569051
5.69512 ; 5.17765 ; 1.06748 ; 0.127296
5.78084 ; 5.87923 ; 1.07921 ; 0.844928
6.03628 ; 5.63667 ; 0.767608 ; -0.643768
5.5219 ; 5.76519 ; 0.576612 ; -0.329451
5.30958 ; 5.54808 ; -1.03547 ; -0.722411
5.45995 ; 5.04503 ; -0.86854 ; -0.159769
5.63603 ; 5.28222 ; 0.730675 ; -0.432182
5.44303 ; 5.97803 ; 0.774916 ; 0.534412
5.11488 ; 5.33166 ; -0.501049 ; -0.800727
6.25279 ; 5.53247 ; 1.35574 ; 0.621644
5.55945 ; 5.45785 ; -0.169001 ; -0.283054
5.38438 ; 5.7525 ; -0.682517 ; -0.0279873
6.09699 ; 6.21188 ; 0.727875 ; 0.873241
4.80488 ; 5.69128 ; -1.38699 ; 1.11659
5.67018 ; 6.09982 ; 0.349308 ; 1.44403
5.39813 ; 5.74502 ; 0.785765 ; -0.171767
5.46314 ; 5.91671 ; -0.562079 ; 1.2589
5.75848 ; 5.29271 ; 0.854833 ; 0.298162
5.45116 ; 5.10385 ; -0.29309 ; 0.0218384
5.63888 ; 5.33861 ; -0.629409 ; 0.00970684
4.82543 ; 4.9107 ; -1.51633 ; -1.29209
5.46392 ; 5.55938 ; 0.366331 ; -0.910311
6.00908 ; 5.68145 ; 1.02618 ; -0.0840031
5.61449 ; 4.99693 ; -0.212747 ; -0.945255
5.78295 ; 5.77104 ; 1.09491 ; 0.656196
6.41934 ; 5.40416 ; 1.52121 ; 0.453478
5.43196 ; 5.4699 ; -1.21352 ; -0.772754
5.78105 ; 5.23175 ; 1.10547 ; -1.16768
5.44087 ; 5.33972 ; -0.51481 ; -1.03326
5.31088 ; 5.04525 ; -0.613844 ; -1.01712
5.42418 ; 6.10135 ; -0.967034 ; 1.34188
5.45228 ; 5.35702 ; -1.05476 ; 0.477242
5.3959 ; 5.38494 ; 0.120269 ; 0.531616
5.42522 ; 6.4298 ; -0.156655 ; 1.507
5.41171 ; 5.27684 ; 0.589089 ; 0.262171
5.32291 ; 5.02011 ; 0.242451 ; -0.636917
4.74944 ; 5.59863 ; -0.961637 ; -0.365014
5.28603 ; 4.99088 ; -0.120715 ; -0.446417
6.31131 ; 5.33353 ; 1.41498 ; -1.07207
4.94488 ; 5.36475 ; -0.408355 ; -0.0792175
5.1597 ; 5.39416 ; -0.843637 ; -0.452796
6.11435 ; 4.92787 ; 1.30683 ; -0.813378
5.33099 ; 5.33487 ; -0.717055 ; -1.18381
6.02055 ; 4.97835 ; 1.18233 ; -1.32693
5.11515 ; 5.01018 ; -0.489066 ; -0.969486
4.71139 ; 5.88728 ; -1.05196 ; 0.601074
5.5081 ; 5.35287 ; -0.34335 ; -0.55423
5.00256 ; 5.7435 ; -0.751482 ; -0.429027
6.15646 ; 5.29067 ; 1.51006 ; -0.105853
5.25163 ; 5.97481 ; -1.16532 ; 0.45352
6.03919 ; 5.14205 ; 1.46007 ; -0.598365
5.58866 ; 5.62971 ; 1.08623 ; 1.26031
5.55719 ; 5.22537 ; -0.758169 ; 0.117287
4.99585 ; 4.8884 ; -0.380278 ; -0.744936
5.39049 ; 6.06587 ; -1.06112 ; 1.12082
5.64748 ; 5.25318 ; 1.04631 ; -0.180417
6.03325 ; 6.3797 ; 1.30358 ; 1.36402
5.62571 ; 6.42994 ; -0.718653 ; 1.53258
5.82318 ; 5.46083 ; 1.21161 ; -0.973304
5.65643 ; 4.74057 ; 0.433308 ; -1.13697
5.52738 ; 5.18774 ; -1.05779 ; -1.28506
4.83295 ; 5.59109 ; -1.13374 ; -0.494663
5.5792 ; 5.23477 ; 1.08911 ; -0.208358
5.63259 ; 5.25178 ; -0.650945 ; -1.19076
5.73875 ; 5.13206 ; 0.976413 ; -1.27496
5.40964 ; 5.55908 ; -0.732613 ; -0.690642
4.92304 ; 5.58459 ; -0.994503 ; 0.252182
5.81061 ; 6.28117 ; 0.61727 ; 1.52939
6.09363 ; 5.40178 ; 0.822662 ; -1.03895
5.93221 ; 5.36297 ; 1.03574 ; -0.392312
5.63132 ; 4.90119 ; 0.0241215 ; -1.24761
5.72862 ; 5.80553 ; -0.150283 ; 1.21359
6.3176 ; 5.59624 ; 1.19048 ; -0.625015
6.05587 ; 5.93635 ; 0.453341 ; -0.0152901
5.04228 ; 5.74327 ; -0.933619 ; 0.117329
5.26936 ; 5.12637 ; -1.17761 ; -1.10777
6.19102 ; 5.76838 ; 0.988073 ; 0.449955
5.50758 ; 5.16033 ; 0.591605 ; -0.998674
5.80547 ; 5.83554 ; 1.25436 ; -0.00821333
5.7746 ; 5.58465 ; 0.148072 ; -0.100292
5.84521 ; 5.64134 ; 0.687345 ; -0.633688
4.8385 ; 6.07279 ; -0.598503 ; 0.443499
5.33939 ; 6.14861 ; -1.24471 ; 0.69934
5.47516 ; 5.22274 ; 0.0540311 ; -0.93426
5.72131 ; 5.16484 ; -0.0671307 ; -0.221009
5.71049 ; 4.74722 ; -0.166741 ; -1.34676
5.52133 ; 5.11068 ; 0.45896 ; 0.213677
6.30656 ; 5.95987 ; 1.02775 ; 0.539788
5.55345 ; 5.34549 ; -1.10208 ; 0.720054
5.06531 ; 5.43519 ; -0.303534 ; 0.253749
5.45745 ; 4.87999 ; 0.788538 ; -0.58725
6.00462 ; 5.99412 ; 0.122925 ; 0.445722
5.01911 ; 6.03262 ; -1.19458 ; 0.518305
5.75996 ; 5.05481 ; 1.26343 ; -0.645523
5.64605 ; 5.32801 ; 0.216633 ; 0.00716732
5.9089 ; 5.45408 ; 1.27435 ; 0.325593
5.15121 ; 5.36053 ; -0.87022 ; 0.970658
5.37968 ; 4.89204 ; -1.09319 ; -1.48349
5.6775 ; 5.53966 ; 0.177398 ; -0.471632
5.13061 ; 5.76331 ; 0.0516641 ; 1.04786
5.58709 ; 5.80691 ; -0.0889508 ; 0.758067
6.01617 ; 5.42718 ; 0.618748 ; 1.00836
5.92231 ; 5.53825 ; 1.09897 ; -0.106517
5.48145 ; 5.7839 ; -0.688072 ; 0.75891
6.1333 ; 5.52182 ; 0.870882 ; 1.15464
5.67096 ; 5.21926 ; 0.0962766 ; -1.37817
5.53611 ; 6.0989 ; -0.765521 ; 0.462362
5.71427 ; 5.54431 ; 1.03776 ; 1.1231
5.68794 ; 5.01382 ; 1.17548 ; -1.28449
5.20513 ; 5.3392 ; 0.106504 ; -1.26309
5.83881 ; 5.35445 ; 0.00168115 ; 0.775046
4.95614 ; 5.64071 ; -0.3724 ; 0.95186
5.57478 ; 6.19574 ; 0.749941 ; 1.42965
5.44818 ; 5.65732 ; -1.09269 ; 0.446099
5.43576 ; 5.63781 ; 0.726475 ; 0.53632
5.44213 ; 5.66312 ; -0.28065 ; -0.722939
5.48369 ; 5.37169 ; -0.818338 ; 0.995784
5.12524 ; 5.58797 ; 0.0255596 ; 0.357652
5.69391 ; 5.87407 ; -0.147024 ; 0.0459243
5.00631 ; 4.94575 ; -1.09968 ; -1.48968
5.07287 ; 5.22711 ; -1.29862 ; 0.421472
5.03085 ; 5.70434 ; -0.681696 ; -0.302663
6.0445 ; 5.20788 ; 1.39856 ; -0.422472
5.81772 ; 5.52663 ; -0.201617 ; 0.79296
4.99407 ; 6.00684 ; -1.25666 ; 0.400629
5.21956 ; 5.99867 ; 0.29916 ; 1.21822
5.80407 ; 5.30702 ; 0.479498 ; 0.0194161
5.37465 ; 5.40438 ; 0.666211 ; -1.27843
5.1053 ; 5.70847 ; -1.19513 ; 1.07008
5.64842 ; 6.21327 ; 0.633439 ; 1.21481
5.77483 ; 6.03201 ; 0.5817 ; 1.29528
5.92251 ; 6.1692 ; -0.187785 ; 0.792784
5.90311 ; 5.40129 ; 0.565001 ; -1.14473
5.81102 ; 6.34598 ; -0.149819 ; 1.35668
5.45201 ; 5.66707 ; 0.968392 ; 1.02545
5.7004 ; 5.61146 ; -0.0811923 ; 0.734418
5.78266 ; 4.97863 ; 0.0200531 ; -1.26889
6.36964 ; 5.56934 ; 1.3632 ; -0.474852
5.49597 ; 6.23012 ; -0.58915 ; 0.872091
5.14253 ; 5.57074 ; -0.779061 ; 1.31845
4.68706 ; 5.20753 ; -1.2561 ; 0.147677
4.62851 ; 5.22403 ; -1.46419 ; -1.37395
5.49321 ; 5.50879 ; -0.670239 ; -1.19346
5.67771 ; 5.48435 ; 0.175467 ; -1.14678
4.90405 ; 4.79781 ; -1.2944 ; -0.876051
5.59305 ; 5.45093 ; 0.470325 ; -0.201571
6.11238 ; 5.86575 ; 0.78457 ; 0.64151
5.88238 ; 5.93129 ; -0.100891 ; 0.372879
5.41246 ; 5.4445 ; 0.312816 ; 0.0906808
5.73972 ; 5.21028 ; 0.538106 ; -0.806516
6.42835 ; 5.30661 ; 1.46327 ; -0.89482
4.9849 ; 5.43383 ; -0.460322 ; -1.22597
5.7192 ; 6.24423 ; 1.08821 ; 1.4882
4.99493 ; 5.44121 ; -1.26022 ; 0.218636
5.76561 ; 5.40388 ; -0.120287 ; -0.764213
5.48621 ; 5.66789 ; 1.05315 ; 1.30304
5.69063 ; 6.10617 ; 0.595767 ; 0.70184
5.42324 ; 5.56761 ; -0.509715 ; -0.111673
5.2474 ; 5.31645 ; 0.408497 ; 0.781271
5.52201 ; 6.26761 ; -0.879273 ; 1.52882
5.84037 ; 5.74214 ; -0.227843 ; -0.616237
5.34352 ; 5.26987 ; 0.694434 ; 0.312585
5.31807 ; 6.21798 ; 0.592279 ; 1.05758
6.15456 ; 5.98875 ; 1.25386 ; 0.806206
5.74522 ; 4.99369 ; 0.62081 ; -0.622642
5.78535 ; 5.33071 ; 0.460751 ; -0.380927
5.96606 ; 6.0139 ; 0.247316 ; 0.23416
5.39305 ; 5.10104 ; -0.145506 ; -0.566934
5.5674 ; 5.26306 ; -0.743654 ; -1.33026
4.85313 ; 5.96994 ; -0.781131 ; 0.901897
5.18881 ; 5.37115 ; -0.768594 ; -0.0357712
5.43727 ; 5.60392 ; -0.250178 ; 0.667032
5.38454 ; 5.90248 ; 0.19429 ; 0.202258
4.91176 ; 5.16768 ; -1.50083 ; 0.17282
5.69528 ; 5.42844 ; 0.87896 ; -1.1875
5.94887 ; 5.34751 ; 1.33582 ; -1.33573
5.84458 ; 5.09279 ; 0.283734 ; -0.752292
5.10488 ; 5.54448 ; -0.394795 ; 0.0573692
5.15451 ; 5.33176 ; -0.435739 ; -1.15796
5.25204 ; 6.06478 ; -0.00580617 ; 0.909985
5.11469 ; 5.159 ; -0.831672 ; -1.02344
5.45783 ; 4.94536 ; 0.967591 ; -1.42853
5.31239 ; 6.27432 ; 0.594645 ; 1.18393
5.77177 ; 5.80178 ; 0.268472 ; 0.0620248
5.02402 ; 5.38991 ; -1.35274 ; -0.78217
5.81843 ; 5.45509 ; 0.785525 ; -1.24626
4.99431 ; 5.65062 ; -0.702113 ; -0.903869
5.58919 ; 5.26747 ; -0.711777 ; -1.33207
6.22484 ; 5.13811 ; 1.54664 ; -0.79999
6.29988 ; 5.34638 ; 1.46727 ; 0.202274
4.92293 ; 5.99277 ; -0.545401 ; 1.37304
4.67923 ; 5.41892 ; -1.4606 ; -1.28252
6.39351 ; 4.66022 ; 1.44175 ; -1.18275
5.05499 ; 6.15242 ; -1.38243 ; 1.01377
5.12917 ; 5.59012 ; -0.0930949 ; -0.900364
5.39313 ; 6.0392 ; 1.0825 ; 0.776737
5.10743 ; 4.97473 ; -1.39032 ; -1.47149
5.12808 ; 5.06811 ; -0.249111 ; -1.3294
4.76413 ; 6.11005 ; -1.44212 ; 1.00868
5.24533 ; 6.19521 ; -0.355238 ; 0.754479
5.59893 ; 5.81455 ; -0.428412 ; -0.33426
5.31136 ; 5.65735 ; -0.559156 ; -0.612905
5.82151 ; 4.83033 ; 1.32349 ; -0.779556
5.69009 ; 5.30088 ; 0.237911 ; -0.614036
5.79914 ; 5.05031 ; 0.852636 ; 0.0573557
5.88691 ; 5.3665 ; 0.503 ; -0.897178
5.25114 ; 5.30273 ; -0.134851 ; 0.305296
5.47479 ; 5.25893 ; -1.20534 ; -0.146426
5.30385 ; 4.87937 ; -1.34097 ; -0.538415
5.32608 ; 6.23419 ; -1.14607 ; 1.25391
5.08215 ; 5.06556 ; -1.23544 ; -1.36498
5.21829 ; 4.97397 ; -0.341213 ; -0.994217
5.08815 ; 5.13893 ; -1.15956 ; -1.32813
5.38359 ; 6.04455 ; 1.02047 ; 0.821135
6.21332 ; 5.01132 ; 0.854593 ; -1.16795
5.3808 ; 5.24303 ; 0.981232 ; -1.14079
6.09752 ; 5.66527 ; 1.02995 ; 0.460342
5.50082 ; 5.08791 ; 1.1493 ; -1.20728
5.33785 ; 4.80322 ; 0.818484 ; -1.46754
5.24248 ; 5.6306 ; -1.15293 ; 0.862778
6.08 ; 5.32526 ; 1.04931 ; -0.237668
5.46289 ; 6.20128 ; 0.717562 ; 1.28669
5.74413 ; 5.49411 ; -0.721897 ; 0.950815
5.03886 ; 5.415 ; -1.17886 ; 0.465403
5.27918 ; 5.50702 ; -0.864548 ; 0.780004
5.68333 ; 4.98681 ; 0.42782 ; -0.274146
5.22299 ; 5.46505 ; -1.154 ; 0.543443
5.23644 ; 5.5751 ; -0.905246 ; 0.319756
4.88824 ; 6.03095 ; -0.882475 ; 1.14611
5.66538 ; 6.11639 ; -0.774116 ; 1.47901
5.47339 ; 6.18677 ; -0.401864 ; 0.818192
5.39617 ; 4.64573 ; -0.700019 ; -1.4708
6.15307 ; 4.73255 ; 0.914989 ; -1.22553
5.22912 ; 5.63309 ; 0.299427 ; -0.231299
6.25684 ; 5.86021 ; 1.04198 ; 0.309063
5.62365 ; 5.72356 ; -0.46288 ; 0.674014
5.53558 ; 4.84967 ; -0.238392 ; -1.51411
4.99676 ; 5.86387 ; -0.645388 ; 0.16407
5.85565 ; 5.45916 ; -0.376832 ; 1.12399
5.0381 ; 5.76144 ; -0.955119 ; 1.30147
6.35925 ; 4.91905 ; 1.27208 ; -0.635322
5.20774 ; 5.47892 ; -0.241964 ; -0.326734
5.5538 ; 5.63007 ; 0.623755 ; 1.1751
5.53252 ; 5.92092 ; -0.385167 ; 1.37312
5.00349 ; 5.71131 ; -0.696553 ; 1.37452
5.57273 ; 5.82968 ; 0.438942 ; 0.165775
5.54574 ; 5.92633 ; -0.560887 ; 0.700278
5.74217 ; 5.93122 ; -0.454975 ; 0.202993
4.60153 ; 5.87702 ; -1.49062 ; 0.440321
5.26206 ; 5.53706 ; -1.0232 ; -0.444438
5.12944 ; 5.53108 ; -0.770592 ; 0.808382
4.84709 ; 5.30096 ; -1.35897 ; 0.536892
5.60097 ; 6.20766 ; 0.766396 ; 0.955135
5.9083 ; 5.51939 ; 0.924751 ; -0.142204
5.93438 ; 5.07844 ; 1.1931 ; -0.639857
4.92116 ; 5.69358 ; -0.674792 ; 1.30238
6.25224 ; 5.73626 ; 1.36258 ; 0.886864
5.52112 ; 5.81441 ; 1.0421 ; 1.18098
5.62948 ; 6.25004 ; 0.50038 ; 1.04436
6.12798 ; 4.86944 ; 0.877775 ; -1.03259
4.64904 ; 4.86304 ; -1.48352 ; -0.621796
5.26549 ; 5.05726 ; 0.155498 ; -1.11853
5.55929 ; 5.31791 ; 0.327514 ; -1.33109
5.52792 ; 5.25305 ; -0.841801 ; -0.55776
5.24901 ; 6.36378 ; -0.428631 ; 1.54821
5.94515 ; 4.8598 ; 1.37091 ; -0.751579
5.51285 ; 5.94584 ; 0.802687 ; 0.328034
5.58027 ; 5.73833 ; -1.16872 ; 1.18713
5.7265 ; 5.01283 ; -0.752098 ; -1.406
5.49515 ; 5.23395 ; -0.259448 ; -0.504838
5.1211 ; 5.50925 ; -0.0586185 ; 0.542756
5.59105 ; 5.11319 ; -0.210064 ; -0.721601
5.89091 ; 5.65594 ; 0.19624 ; -0.131264
4.91716 ; 4.72913 ; -1.3376 ; -1.53102
5.45526 ; 4.89202 ; -1.18678 ; -1.20038
5.67707 ; 5.71105 ; -0.432855 ; -0.496726
6.20323 ; 5.35888 ; 1.1927 ; -0.501257
5.16099 ; 5.28401 ; -0.575959 ; -0.252106
6.03371 ; 5.29786 ; 0.822774 ; -0.287924
5.41937 ; 5.97242 ; 0.72598 ; 0.343221
5.19408 ; 5.26223 ; 0.150438 ; 0.437024
5.16057 ; 5.72373 ; -0.1076 ; 0.460308
6.1681 ; 5.52707 ; 1.20241 ; 0.00551493
5.32306 ; 5.0136 ; 0.572542 ; -1.23492
6.39942 ; 5.04759 ; 1.3006 ; -0.29636
6.15754 ; 4.80262 ; 1.14894 ; -1.19353
4.85431 ; 5.01735 ; -1.00218 ; -1.07611
5.68473 ; 6.08489 ; 0.12647 ; 1.51293
5.26309 ; 5.34454 ; -0.380479 ; 0.0391797
4.97728 ; 4.86126 ; -1.30198 ; -1.21555
5.74363 ; 6.30546 ; 0.00981859 ; 1.05542
5.4497 ; 5.71468 ; 0.515132 ; -0.719979
6.2329 ; 6.28388 ; 0.762333 ; 1.21691
5.116 ; 5.96423 ; -0.151567 ; 0.22224
4.5594 ; 5.47774 ; -1.49021 ; -0.101778
5.43795 ; 5.33379 ; 0.108846 ; -0.731839
5.84042 ; 4.92463 ; 1.31566 ; -0.86289
5.64955 ; 5.7494 ; -0.255968 ; 0.787205
5.75855 ; 4.99465 ; 0.474345 ; -1.23006
5.08005 ; 6.25578 ; -1.23066 ; 0.902421
5.50405 ; 4.90317 ; 1.26143 ; -0.407163
6.4588 ; 5.47521 ; 1.52833 ; 0.769119
4.84846 ; 5.6562 ; -1.26766 ; -0.264727
5.41849 ; 4.62443 ; 0.0999705 ; -1.54234
5.74266 ; 6.06884 ; -0.358118 ; 1.27499
5.64634 ; 5.46621 ; 0.962877 ; 0.0837283
4.86206 ; 5.59491 ; -0.730603 ; -0.160807
5.32124 ; 5.12058 ; -0.193781 ; -0.485816
5.56846 ; 5.49574 ; -0.213348 ; -0.572789
6.21577 ; 5.20314 ; 0.751878 ; 0.510176
5.25367 ; 5.48479 ; 0.359806 ; 0.901767
5.47728 ; 5.67853 ; 1.01742 ; 0.97499
5.36287 ; 5.60248 ; 0.756893 ; -0.485985
6.20121 ; 6.07258 ; 1.28057 ; 0.996973
4.79854 ; 5.86042 ; -1.38193 ; 1.00113
5.10649 ; 5.68482 ; -0.652751 ; 1.29927
6.34725 ; 5.08274 ; 1.28544 ; -0.357456
5.27381 ; 5.24746 ; -0.912846 ; 0.225146
5.30223 ; 5.66408 ; 0.541923 ; 0.597238
5.06946 ; 5.68423 ; -0.517502 ; -0.278913
4.74466 ; 5.44522 ; -1.29306 ; 0.0101404
5.15882 ; 5.63684 ; -0.482299 ; -0.662304
4.84422 ; 5.77631 ; -1.38969 ; 0.416178
5.79888 ; 5.00766 ; 0.293283 ; -1.35795
5.06125 ; 4.85908 ; -0.948639 ; -0.668904
5.26334 ; 5.90093 ; 0.634395 ; 0.649446
5.21072 ; 5.44174 ; -1.25717 ; 0.344115
5.60292 ; 5.93957 ; 0.284698 ; -0.0163754
5.68681 ; 5.37905 ; 0.61084 ; 0.358976
5.07211 ; 5.73127 ; -1.09658 ; -0.744992
5.9381 ; 5.09862 ; 1.35209 ; -1.17379
4.92595 ; 5.23746 ; -1.52433 ; -0.974665
5.66751 ; 5.73447 ; 0.646233 ; 0.529659
5.92628 ; 5.096 ; 0.794333 ; -0.0757567
5.91121 ; 5.02566 ; 0.918922 ; -0.822736
5.49913 ; 5.84325 ; -0.487752 ; 1.20419
5.85346 ; 5.23132 ; -0.154765 ; -0.617134
5.87199 ; 5.58927 ; 1.09043 ; -0.720771
5.59059 ; 6.11513 ; -0.645543 ; 0.612599
5.39136 ; 4.91967 ; -1.29265 ; -1.47396
4.89414 ; 4.98976 ; -1.38734 ; -0.399168
5.60495 ; 6.21159 ; 1.01504 ; 0.952213
4.7794 ; 6.24083 ; -0.768756 ; 0.83673
6.02611 ; 6.34932 ; 0.722385 ; 1.31247
5.71655 ; 5.56988 ; -0.255731 ; -1.14207
5.59987 ; 5.63584 ; -1.08201 ; -0.83007
5.01377 ; 5.5344 ; -0.0678909 ; 0.879426
5.60944 ; 6.04459 ; 0.942251 ; 0.334231
5.91795 ; 5.08637 ; 0.881291 ; -0.860404
5.71917 ; 6.08311 ; -0.0965486 ; 0.826427
5.77392 ; 4.87207 ; 0.766578 ; -1.15618
5.79181 ; 5.44274 ; 0.0639145 ; -0.745669
5.82862 ; 5.43692 ; 0.306655 ; 0.0857083
5.584 ; 5.65689 ; -1.11141 ; -0.719441
5.21855 ; 5.35052 ; -1.22086 ; 0.99514
5.86011 ; 5.2705 ; 1.19345 ; -0.71485
5.09321 ; 5.97285 ; -0.549626 ; 0.649416
6.06074 ; 5.25372 ; 1.0563 ; 0.261903
4.71697 ; 5.45935 ; -1.2767 ; -0.951616
4.97732 ; 5.03267 ; -0.806628 ; -0.971116
5.09906 ; 5.65227 ; -0.972212 ; 0.464191
5.31706 ; 4.74853 ; -0.0333594 ; -1.19907
4.88137 ; 5.72778 ; -1.49109 ; 0.119289
4.70734 ; 5.04314 ; -1.0408 ; -1.06554
5.28297 ; 6.16684 ; 0.652114 ; 1.14622
5.572 ; 5.48833 ; -0.344278 ; -0.852461
5.55493 ; 5.57871 ; 0.208515 ; 1.00294
5.50592 ; 4.9022 ; -1.13061 ; -0.389176
5.07512 ; 5.7057 ; -0.427177 ; 0.843822
6.12172 ; 4.94592 ; 1.06827 ; -1.38341
5.09685 ; 5.24529 ; -0.38704 ; 0.130198
5.31379 ; 5.50156 ; -0.587018 ; 0.657822
5.18826 ; 5.98148 ; -1.13067 ; 0.328649
5.0438 ; 5.70585 ; -0.17586 ; -0.601844
4.94513 ; 5.5431 ; -1.04719 ; -0.889566
5.01684 ; 5.41536 ; -0.0502898 ; 0.469249
5.17373 ; 5.08823 ; -0.531089 ; -0.323154
5.96054 ; 5.66489 ; 1.22198 ; 0.995418
6.04237 ; 5.29048 ; 1.39152 ; -1.02747
6.01735 ; 5.93269 ; 0.714394 ; 1.04974
5.28381 ; 6.22647 ; 0.620028 ; 1.31447
5.63604 ; 5.08143 ; -0.389563 ; -0.503201
6.05957 ; 5.49276 ; 0.897467 ; 1.32362
5.25383 ; 6.12789 ; -1.24535 ; 0.662336
5.42716 ; 5.10665 ; 1.01262 ; -1.20306
5.56402 ; 6.06448 ; -1.07048 ; 0.372949
5.21649 ; 5.16639 ; -0.608161 ; -0.46067
5.80531 ; 5.74091 ; 1.34477 ; 0.686372
5.57271 ; 5.479 ; 0.498572 ; -0.788171
5.65386 ; 5.28086 ; 1.08855 ; 0.262537
5.75821 ; 5.76336 ; -0.354362 ; -0.273839
5.74472 ; 6.34773 ; -0.225979 ; 1.19395
4.89096 ; 5.24433 ; -1.05544 ; -1.29171
4.80848 ; 5.74735 ; -0.87683 ; -0.0934114
5.61977 ; 5.51173 ; 0.696444 ; 1.12641
4.92004 ; 5.54286 ; -1.46122 ; -0.215704
5.30032 ; 5.85069 ; -0.960799 ; -0.315938
4.97551 ; 5.56486 ; -0.910092 ; -1.0798
5.79126 ; 5.44841 ; 1.0812 ; -1.31455
4.91157 ; 6.12772 ; -0.556902 ; 0.915112
5.20907 ; 5.33786 ; -0.826178 ; -0.688004
4.77245 ; 5.67597 ; -1.04176 ; 0.0758411
5.41802 ; 5.18188 ; -0.199688 ; 0.146598
5.73196 ; 5.54492 ; -0.341488 ; 0.859075
5.40717 ; 4.71949 ; -0.212632 ; -1.26768
5.86496 ; 4.80394 ; 0.0852976 ; -1.05657
5.51183 ; 5.56797 ; 1.03451 ; -1.23017
5.73145 ; 5.59159 ; -0.272965 ; -0.185662
5.73133 ; 5.79598 ; 1.31526 ; 0.616591
6.04798 ; 5.27233 ; 1.06877 ; 0.781591
6.0496 ; 4.84544 ; 1.07456 ; -1.11883
5.14532 ; 4.86847 ; -0.674649 ; -1.10627
5.94306 ; 5.36093 ; 0.906923 ; -0.070475
4.79263 ; 5.47062 ; -1.43163 ; -0.0567476
5.35481 ; 5.41036 ; 0.305661 ; -0.648618
5.96507 ; 5.30401 ; 0.0634685 ; -0.671402
5.66534 ; 5.80065 ; 0.201462 ; 0.848321
6.29206 ; 5.36636 ; 1.37549 ; -0.652886
5.22782 ; 5.31298 ; -0.634861 ; -1.09754
5.53165 ; 6.34278 ; -0.59692 ; 1.36016
5.02166 ; 5.34484 ; -0.803626 ; -0.66448
5.8141 ; 5.91861 ; 1.08607 ; -0.09699
6.22823 ; 5.82196 ; 1.53514 ; -0.0319694
5.12738 ; 5.69011 ; -0.185265 ; -0.628937
5.00711 ; 5.72487 ; -0.523435 ; -0.65658
5.73565 ; 5.70153 ; 0.318187 ; -0.394526
6.19945 ; 5.26484 ; 1.06883 ; -0.909194
5.1877 ; 5.32208 ; -0.769168 ; 0.871659
5.53038 ; 5.81125 ; 0.546479 ; 1.31015
5.18302 ; 5.9227 ; -1.0997 ; 0.155833
6.07577 ; 4.94942 ; 0.633144 ; -1.04777
6.1533 ; 5.72201 ; 1.50174 ; -0.274452
5.35898 ; 5.22542 ; -0.848572 ; 0.462233
5.01684 ; 5.60335 ; -1.15512 ; -0.580759
5.24375 ; 5.44513 ; -0.107294 ; 0.343943
5.92144 ; 5.73946 ; 1.18264 ; 0.810008
5.39549 ; 5.33871 ; -0.715273 ; 0.855349
5.31365 ; 5.99498 ; -0.0198323 ; 0.0788005
6.04043 ; 4.93427 ; 0.176603 ; -0.406915
4.99528 ; 5.1045 ; -0.673956 ; -0.831881
5.88004 ; 5.92061 ; 0.764154 ; 0.295187
6.04954 ; 5.85962 ; 0.908046 ; 1.1318
5.47422 ; 5.46563 ; 1.06536 ; -0.687773
5.50665 ; 5.01227 ; 0.353909 ; -0.180385
5.25224 ; 5.58175 ; 0.23351 ; 0.0892399
5.04203 ; 5.17184 ; -0.530136 ; -0.8728
5.51768 ; 6.32976 ; 0.988342 ; 1.42127
5.52667 ; 5.1168 ; 0.0368809 ; -1.32212
5.5285 ; 5.99295 ; 1.13304 ; 1.47823
5.05422 ; 6.21899 ; -0.0549375 ; 0.865712
5.67584 ; 5.6456 ; -0.744182 ; 0.301131
5.65387 ; 4.80001 ; -0.991357 ; -0.831504
6.0934 ; 5.06429 ; 1.23664 ; -0.993977
5.7523 ; 5.11251 ; 1.07255 ; -1.2047
4.98433 ; 5.10473 ; -1.11471 ; -0.207257
5.78714 ; 5.31476 ; 1.33034 ; -0.130395
5.67029 ; 5.53752 ; 1.20187 ; 0.0639717
5.5658 ; 6.2867 ; -0.199173 ; 1.33088
5.29701 ; 5.5196 ; -0.1555 ; 0.183069
5.51655 ; 6.17911 ; 0.120942 ; 0.712636
6.02379 ; 4.90148 ; 0.128464 ; -1.05628
5.50332 ; 6.22667 ; 1.20806 ; 0.836219
5.84143 ; 4.63565 ; 1.29256 ; -1.33752
5.63955 ; 6.32115 ; 1.23867 ; 1.42801
5.86585 ; 5.22343 ; 0.67425 ; 0.0760361
5.53242 ; 5.40365 ; 1.10779 ; 0.253092
6.34526 ; 5.51789 ; 1.40597 ; -0.360458
5.32821 ; 5.75656 ; 0.365241 ; 1.13407
5.98862 ; 4.54032 ; 0.689296 ; -1.46777
5.09592 ; 5.38594 ; 0.0403665 ; -1.24521
5.89661 ; 6.12642 ; 0.481378 ; 0.808734
5.75531 ; 6.07906 ; 1.15532 ; 1.337
5.12544 ; 6.05602 ; -1.26558 ; 0.96654
5.04733 ; 5.47172 ; -0.302445 ; -0.753345
5.69502 ; 6.39163 ; -0.571015 ; 1.33813
6.13278 ; 5.66561 ; 1.09701 ; 0.34032
5.10295 ; 5.47139 ; -0.96693 ; -0.881291
6.19645 ; 5.47675 ; 0.939333 ; 0.444607
5.99398 ; 5.84586 ; 0.139591 ; 1.14237
5.30803 ; 6.38472 ; 0.611741 ; 1.46572
5.4869 ; 5.49713 ; 0.0373927 ; -0.86207
6.13659 ; 5.76817 ; 1.35647 ; -0.150337
5.94424 ; 5.61166 ; 1.35369 ; -0.723804
5.72478 ; 5.55488 ; 0.337738 ; 0.259646
6.18111 ; 5.45666 ; 1.30213 ; -0.127224
6.1897 ; 5.83813 ; 0.76238 ; 1.26678
4.99837 ; 6.14278 ; -1.09025 ; 0.70205
4.92336 ; 5.50459 ; -1.01861 ; 0.232119
5.68428 ; 5.17701 ; -0.725517 ; -1.39713
5.81903 ; 5.1746 ; -0.478318 ; -1.4202
4.67718 ; 5.71223 ; -1.25728 ; 0.706479
5.27338 ; 5.8916 ; -0.514976 ; 0.768422
4.96374 ; 5.62141 ; -0.72623 ; 0.143208
5.22886 ; 4.83991 ; -0.794876 ; -1.31636
5.60304 ; 5.07895 ; -0.0127603 ; 0.0320133
6.36226 ; 5.95539 ; 1.5524 ; 1.13818
5.47738 ; 5.23035 ; -1.29041 ; -0.784176
5.6869 ; 5.43864 ; -0.10931 ; -0.209674
6.29006 ; 5.9209 ; 1.10715 ; 0.626596
4.59374 ; 5.56296 ; -1.51158 ; 0.925887
5.46795 ; 5.22163 ; -1.26219 ; -0.503995
4.83665 ; 5.73249 ; -0.624598 ; -0.278072
5.3084 ; 5.40302 ; -0.179531 ; 0.223545
5.3036 ; 6.27134 ; -0.586965 ; 1.34784
5.80034 ; 4.8936 ; 0.543906 ; -0.897043
4.94465 ; 5.41807 ; -0.329279 ; 0.0633162
5.00963 ; 4.89547 ; -1.13283 ; -1.45239
5.26783 ; 5.91615 ; -1.28761 ; -0.060419
5.09876 ; 5.14277 ; -1.1891 ; -0.0911198
6.02053 ; 4.84048 ; 1.21863 ; -0.611343
5.48333 ; 5.32339 ; 0.824162 ; -0.456061
6.03993 ; 5.72177 ; 0.959635 ; -0.517112
5.39994 ; 5.63794 ; -0.553494 ; 0.229018
5.15273 ; 5.50345 ; -1.04916 ; -0.876625
5.29857 ; 5.34397 ; 0.807983 ; 0.213775
5.49614 ; 5.03041 ; -0.837652 ; -0.249971
5.71127 ; 5.23742 ; -0.745093 ; -0.192792
5.22505 ; 5.37618 ; 0.0929968 ; 0.332404
6.22027 ; 5.45729 ; 1.26793 ; 0.224731
5.25371 ; 5.92109 ; -0.16881 ; 1.08133
4.80831 ; 5.426 ; -1.37311 ; 0.354532
5.39435 ; 5.09512 ; -0.00719292 ; -0.470381
5.58457 ; 5.86089 ; 0.610462 ; 0.954748
5.40601 ; 5.03842 ; -0.108474 ; -1.04303
5.92686 ; 5.83041 ; 1.30776 ; 1.41302
5.40919 ; 5.1667 ; -0.350339 ; -1.0107
5.40282 ; 5.87841 ; 0.177774 ; 0.215303
5.7406 ; 5.77388 ; 0.0566784 ; -0.0629212
5.64979 ; 5.86064 ; 1.16057 ; 0.329074
4.67373 ; 5.57578 ; -1.48143 ; 0.926294
5.34149 ; 5.07517 ; -0.625602 ; -0.227813
5.40529 ; 5.75316 ; -1.13708 ; 0.137658
5.47451 ; 5.4559 ; -0.84947 ; -1.25413
5.61288 ; 6.16997 ; 0.254198 ; 1.44813
5.21347 ; 5.38142 ; -1.17408 ; 0.146076
5.49812 ; 5.9358 ; 0.4515 ; 0.019351
5.72171 ; 5.15189 ; 0.596329 ; -0.25529
5.74277 ; 5.1555 ; 0.144767 ; -0.315539
6.17388 ; 4.86043 ; 0.699042 ; -1.2735
5.12179 ; 5.6727 ; -0.758681 ; 0.119855
5.45976 ; 5.67076 ; -1.25148 ; 0.807243
6.03522 ; 5.46484 ; 1.44265 ; -1.08512
5.4714 ; 5.66718 ; 1.03543 ; 0.145439
5.45731 ; 5.08113 ; 0.181833 ; -0.0728097
5.8122 ; 5.45821 ; 0.488225 ; -0.510128
5.15781 ; 5.35319 ; -0.850427 ; 0.0387416
5.07184 ; 5.47536 ; -1.04188 ; -0.172979
6.02981 ; 5.87187 ; 0.474622 ; 0.11533
5.60523 ; 5.22932 ; 0.855211 ; -1.0836
6.09696 ; 5.17873 ; 0.681429 ; 0.380756
5.11296 ; 5.21475 ; -0.0957707 ; 0.414377
5.87761 ; 4.75986 ; 0.664067 ; -1.53597
6.08683 ; 4.79911 ; 0.612837 ; -1.16471
4.88429 ; 6.05793 ; -0.443397 ; 0.98187
4.90533 ; 5.90414 ; -1.37464 ; 0.422241
6.18108 ; 5.80471 ; 1.26627 ; -0.086736
5.81366 ; 5.85994 ; -0.188966 ; 0.26987
5.27212 ; 4.80605 ; 0.430533 ; -1.20084
5.28503 ; 5.48175 ; 0.374865 ; 1.1954
5.57148 ; 6.00786 ; 0.894733 ; 0.288127
5.65087 ; 5.0241 ; 0.120157 ; -1.20767
4.80012 ; 6.09378 ; -1.50758 ; 1.27457
5.58736 ; 5.05988 ; -0.729869 ; -1.35103
5.54093 ; 5.36543 ; 0.813694 ; 0.544168
5.71679 ; 5.6741 ; 0.940026 ; -0.692019
5.86548 ; 5.71883 ; 0.864212 ; 0.741375
5.9661 ; 5.20251 ; 1.45891 ; 0.0155301
5.35483 ; 4.84045 ; 0.1971 ; -0.852648
5.85074 ; 6.12314 ; 0.401013 ; 0.855048
4.75429 ; 5.78605 ; -1.44814 ; -0.431429
4.75706 ; 5.65998 ; -1.40838 ; -0.31321
6.11362 ; 4.98221 ; 0.622557 ; -1.44973
4.99803 ; 6.04506 ; -0.576358 ; 1.04915
5.49365 ; 5.6317 ; 0.589302 ; 0.960738
5.21639 ; 4.90059 ; 0.326501 ; -1.42383
5.37198 ; 4.55703 ; 0.709724 ; -1.42463
6.02916 ; 5.76108 ; 0.402312 ; 1.28322
6.01968 ; 5.50811 ; 0.22199 ; 0.300127
5.76354 ; 5.48768 ; 1.1617 ; 0.895819
5.50141 ; 5.95931 ; -0.0427997 ; 0.979935
5.30244 ; 5.51442 ; -0.720214 ; -1.13289
5.65678 ; 5.75468 ; -0.940784 ; -0.316048
5.4774 ; 5.81364 ; 1.09574 ; 0.823276
5.88512 ; 5.81583 ; 0.0104751 ; -0.435106
4.82139 ; 4.77211 ; -0.802884 ; -1.0177
4.98565 ; 5.61199 ; -0.760581 ; -0.213522
5.25456 ; 6.41681 ; -0.368904 ; 1.42123
6.28867 ; 5.27229 ; 1.0999 ; -0.920669
5.55709 ; 6.03883 ; 0.995245 ; 0.672256
4.87826 ; 5.86419 ; -1.31473 ; 0.825912
5.75114 ; 5.75705 ; 0.399334 ; -0.374041
5.69098 ; 4.94236 ; 0.74146 ; -0.634946
5.70431 ; 5.20583 ; 0.545104 ; -1.10429
5.02951 ; 5.75399 ; -0.884787 ; -0.547283
5.62337 ; 5.90912 ; -0.864918 ; 0.597539
5.34381 ; 5.20523 ; -0.652775 ; -1.35944
5.65486 ; 5.61203 ; 0.15261 ; -0.570248
4.95766 ; 6.41116 ; -0.544016 ; 1.32914
5.51657 ; 5.24834 ; 0.349047 ; -0.716582
6.11879 ; 6.32142 ; 0.652357 ; 1.22095
6.45634 ; 6.02963 ; 1.52451 ; 1.1506
5.06982 ; 5.00543 ; -1.36853 ; -0.391106
5.82456 ; 6.12027 ; 0.588085 ; 0.950493
5.25893 ; 6.25664 ; 0.015196 ; 0.959204
5.7667 ; 5.56758 ; 0.51103 ; -0.707568
5.25932 ; 5.00197 ; 0.366267 ; -1.19437
5.62674 ; 5.4533 ; 1.07006 ; -1.10797
5.11408 ; 5.37023 ; -1.29173 ; -0.693125
5.2574 ; 5.88172 ; -0.176546 ; 0.501027
5.92324 ; 5.14338 ; 0.0553982 ; -0.468123
5.57805 ; 5.38387 ; 1.2311 ; 0.239525
5.7595 ; 6.04839 ; 0.415249 ; 1.49435
4.89058 ; 5.08128 ; -0.835988 ; -1.12308
5.27332 ; 5.49458 ; -0.83028 ; 0.57074
6.26243 ; 5.77843 ; 1.34059 ; 1.30007
6.26185 ; 5.2499 ; 1.08476 ; 0.31187
5.59922 ; 5.09223 ; -0.0140609 ; -1.20074
5.34015 ; 5.65256 ; -0.334724 ; -0.0428708
5.86298 ; 5.52847 ; 0.279229 ; 1.22378
5.80867 ; 4.9367 ; 0.609287 ; -1.2832
5.21826 ; 5.54512 ; 0.160772 ; -0.903534
6.25486 ; 5.78436 ; 1.03928 ; 0.716734
5.66195 ; 4.90977 ; 0.163914 ; -1.25668
5.89316 ; 5.53236 ; 1.05059 ; 0.148328
5.16839 ; 5.56803 ; -0.451714 ; -1.12818
4.86163 ; 6.09329 ; -0.878841 ; 1.35422
4.79827 ; 5.88524 ; -1.08274 ; 0.722661
4.94924 ; 4.7616 ; -1.30187 ; -1.33995
5.01219 ; 5.02915 ; -0.640011 ; -0.751806
5.68427 ; 5.62479 ; 1.13846 ; -0.472225
5.92711 ; 5.67107 ; 0.0682511 ; 0.347211
5.74037 ; 5.57898 ; 0.13507 ; -0.28253
4.92848 ; 5.58702 ; -0.420294 ; 0.647025
4.99841 ; 5.33989 ; -1.02812 ; -0.682147
4.72362 ; 5.85924 ; -1.38155 ; 0.272408
6.11858 ; 4.68495 ; 0.636983 ; -1.00132
5.52897 ; 5.104 ; -0.0651333 ; -1.06111
5.01113 ; 5.04871 ; -0.311939 ; -0.500803
5.34396 ; 4.81953 ; 0.0511148 ; -0.680182
5.47386 ; 5.72949 ; -0.768878 ; -0.466223
5.57975 ; 5.15287 ; -0.60071 ; -1.15241
5.60199 ; 5.34647 ; 0.226826 ; 0.545817
5.88687 ; 5.48836 ; 0.179029 ; -0.718299
5.53945 ; 4.77655 ; -0.484423 ; -1.28178
5.27495 ; 6.18707 ; 0.0900789 ; 1.13777
5.30401 ; 6.11952 ; 0.884838 ; 0.869547
5.56813 ; 5.64383 ; -1.1489 ; 0.468957
6.28205 ; 4.79768 ; 1.0784 ; -0.840031
5.18826 ; 5.46394 ; 0.182748 ; -0.330211
5.26327 ; 5.3813 ; 0.351096 ; -0.986246
5.44407 ; 5.33658 ; -1.20954 ; -1.00628
6.06465 ; 6.21647 ; 0.73467 ; 1.18486
5.05615 ; 5.92209 ; -0.11408 ; 0.111957
5.65269 ; 5.86623 ; -0.674591 ; 0.423203
5.57055 ; 5.65838 ; -1.2369 ; 1.2005
5.78777 ; 5.93331 ; 0.159681 ; 0.558121
5.61752 ; 4.68398 ; -0.30069 ; -1.44432
5.63373 ; 5.53188 ; 1.14033 ; -0.49567
5.64267 ; 5.35514 ; 0.495232 ; 0.848558
6.32585 ; 4.98155 ; 1.42092 ; -0.189815
5.62966 ; 5.21861 ; 0.481501 ; -0.58547
6.38783 ; 5.47454 ; 1.29727 ; -0.763271
6.12909 ; 6.05821 ; 1.29355 ; 0.348595
5.57517 ; 5.46804 ; 0.658101 ; 0.926406
5.89675 ; 5.59389 ; 0.573882 ; -0.662052
5.3051 ; 6.12109 ; -0.141185 ; 1.34646
5.83203 ; 5.33839 ; 1.14373 ; 0.527969
6.0186 ; 5.5166 ; 0.921689 ; -0.252177
5.00399 ; 4.89318 ; -0.747556 ; -1.22199
4.90181 ; 5.48562 ; -0.844939 ; -0.38026
5.18018 ; 5.14438 ; 0.184311 ; -0.716006
5.7991 ; 5.93199 ; 1.03005 ; 0.268054
4.94806 ; 5.90806 ; -1.38048 ; -0.217708
5.72071 ; 5.69993 ; -0.250611 ; 0.444846
5.80902 ; 5.09567 ; 0.219055 ; -0.979446
5.56115 ; 5.77625 ; 0.0448112 ; 0.209528
5.63706 ; 5.60797 ; 1.10425 ; 0.199416
5.38802 ; 5.99986 ; -1.15273 ; 0.91691
5.00903 ; 5.08771 ; -0.56291 ; -0.272359
5.49078 ; 6.0144 ; -0.141969 ; 1.4294
5.53808 ; 6.46171 ; 0.7788 ; 1.55036
5.39705 ; 5.15316 ; -0.337242 ; 0.312399
5.75543 ; 6.12979 ; -0.534016 ; 1.1591
5.64205 ; 5.46029 ; 1.0539 ; -0.826005
4.92955 ; 5.94074 ; -0.427217 ; 1.1557
5.63087 ; 5.21817 ; 1.15941 ; -0.712159
5.86855 ; 5.13911 ; -0.345821 ; -0.120025
6.05329 ; 5.21624 ; 0.465637 ; -1.38311
5.13071 ; 5.17214 ; 0.00290014 ; 0.343169
5.41754 ; 5.86416 ; 0.789602 ; -0.102574
5.34818 ; 6.32533 ; -1.106 ; 1.42858
6.10001 ; 4.89056 ; 1.40215 ; -1.21615
4.84456 ; 6.11617 ; -1.10011 ; 0.574845
5.63675 ; 5.64404 ; 0.0155296 ; 0.657208
5.5079 ; 5.63313 ; 0.819208 ; -0.419004
4.72245 ; 5.29194 ; -1.04307 ; 0.846383
4.78432 ; 5.21032 ; -0.959178 ; -0.362964
6.05978 ; 5.16119 ; 0.841134 ; -1.27198
5.43495 ; 5.89346 ; 0.502171 ; 0.680412
5.36398 ; 5.1881 ; 0.639002 ; -0.299065
5.98782 ; 5.00762 ; 0.95114 ; -1.35104
6.0815 ; 4.72376 ; 1.13602 ; -1.06682
5.46836 ; 4.71543 ; 1.10088 ; -1.48478
5.74584 ; 6.21774 ; 0.629965 ; 1.17355
5.38092 ; 5.95675 ; 0.0260547 ; 1.11912
5.20069 ; 5.40213 ; -1.21414 ; -0.237452
6.13919 ; 5.3876 ; 0.839852 ; 1.14004
5.54697 ; 5.5128 ; -0.749276 ; 0.035862
5.72696 ; 6.36508 ; -0.268408 ; 1.40267
6.22674 ; 5.29103 ; 1.26743 ; 0.726797
6.02123 ; 5.75488 ; 1.41817 ; 1.35079
4.8541 ; 5.68343 ; -1.01321 ; 0.878755
5.54707 ; 5.64569 ; -1.14355 ; 0.888536
5.01024 ; 5.83297 ; -0.635558 ; 0.3632
4.96055 ; 5.56354 ; -1.32997 ; -1.18203
6.09708 ; 5.73584 ; 1.50143 ; -0.218824
5.37657 ; 5.59442 ; 0.996956 ; -0.644136
5.72576 ; 6.29526 ; -0.757981 ; 1.34846
4.57179 ; 5.47064 ; -1.45278 ; -1.01332
5.46628 ; 5.04425 ; 0.94504 ; -0.985443
4.98066 ; 5.48694 ; -0.731303 ; -0.632068
4.98457 ; 6.23938 ; -0.487896 ; 0.89541
6.1246 ; 5.17381 ; 1.11976 ; 0.354721
4.83481 ; 5.15427 ; -0.917096 ; 0.0872408
5.12614 ; 5.8395 ; -0.105565 ; 0.698759
5.60442 ; 5.56817 ; -0.39796 ; -0.127061
5.03136 ; 5.72604 ; -0.323282 ; 0.147074
5.09582 ; 6.11598 ; -0.780981 ; 0.755885
4.92093 ; 5.32161 ; -0.594898 ; -0.136949
5.32048 ; 5.4294 ; 0.220842 ; 1.02796
6.08807 ; 5.26653 ; 1.34245 ; -1.3199
5.88267 ; 5.53657 ; 1.12587 ; 1.18775
5.27059 ; 5.9113 ; -0.295369 ; 0.0862962
5.91401 ; 6.36361 ; -0.102176 ; 1.22368
5.15174 ; 5.76088 ; 0.318466 ; 1.307
5.2571 ; 4.85436 ; 0.701171 ; -0.940086
4.93006 ; 5.48323 ; -1.34593 ; 0.276663
5.69757 ; 5.74124 ; -0.503526 ; 1.03439
4.79834 ; 5.63861 ; -0.951777 ; 0.434572
5.17314 ; 5.46789 ; 0.398115 ; -0.397251
5.30475 ; 5.64464 ; -0.787906 ; -0.831703
5.12925 ; 5.84663 ; -0.908479 ; 0.0643418
5.15684 ; 5.51029 ; -0.710178 ; -0.355662
5.59826 ; 4.73519 ; -0.445255 ; -1.09401
5.93252 ; 4.53911 ; 0.886609 ; -1.48075
5.35473 ; 5.79709 ; -0.0809265 ; 1.18029
5.77532 ; 5.27715 ; -0.412628 ; -0.0495824
5.7034 ; 6.00637 ; 1.08175 ; 1.38487
5.1306 ; 5.36927 ; 0.0573559 ; -1.31373
6.22899 ; 5.35816 ; 1.38302 ; -0.784938
5.32331 ; 5.52607 ; 0.11237 ; 0.196806
5.65263 ; 5.17124 ; -0.801448 ; -1.23763
6.23489 ; 5.74786 ; 1.25409 ; -0.0363204
6.0307 ; 5.43955 ; 0.363064 ; 1.31141
5.94374 ; 6.11602 ; -0.116213 ; 0.711169
5.46195 ; 5.64668 ; 0.50878 ; -0.527898
5.80498 ; 5.4729 ; 0.720753 ; -0.715113
5.90493 ; 6.20955 ; 0.433499 ; 0.854669
5.00215 ; 6.32961 ; -0.40438 ; 1.19103
5.49791 ; 5.23979 ; 0.10096 ; -1.08932
5.24083 ; 5.2354 ; -0.623198 ; -1.19791
5.88132 ; 4.89131 ; 1.02478 ; -0.890215
4.9941 ; 4.78182 ; -1.42302 ; -1.2526
5.54889 ; 5.56509 ; 0.801821 ; -0.970746
5.59493 ; 6.29815 ; 0.524977 ; 1.27088
5.06925 ; 5.47941 ; -0.0562383 ; 0.969333
5.34747 ; 6.01454 ; 0.243868 ; 0.848806
5.53907 ; 5.004 ; -0.0926853 ; -0.875205
6.01297 ; 5.20822 ; 0.852104 ; -0.223108
4.90073 ; 5.50949 ; -1.19347 ; 0.772045
5.55544 ; 5.15965 ; 0.929437 ; -0.000469089
5.56797 ; 5.8907 ; 1.05204 ; -0.0838725
5.36844 ; 5.98533 ; -0.699847 ; 1.35174
5.60056 ; 5.67287 ; 0.277975 ; 0.0956348
5.68484 ; 5.48298 ; -0.826014 ; 0.531896
6.20482 ; 5.73916 ; 0.945514 ; -0.504611
5.70459 ; 5.26149 ; 0.662846 ; -1.12351
5.76369 ; 5.08801 ; 0.355437 ; -0.875064
5.14291 ; 5.62219 ; -1.22938 ; -0.116631
5.32045 ; 5.05872 ; 0.832931 ; 0.0410194
5.42492 ; 5.87652 ; -0.0782228 ; 0.823507
6.09861 ; 5.07418 ; 1.04526 ; -0.824876
5.73533 ; 5.65753 ; 0.602948 ; -0.972468
5.35716 ; 5.67054 ; 0.232396 ; 1.12055
4.75059 ; 5.65416 ; -1.32343 ; 0.781787
5.23075 ; 5.66198 ; 0.0657611 ; 1.13902
5.27308 ; 5.86525 ; -0.985577 ; 0.357926
6.11119 ; 5.63991 ; 1.02593 ; 0.268946
5.35347 ; 5.83523 ; -0.897124 ; 0.733148
5.49418 ; 5.18171 ; 1.10309 ; -0.530916
5.62785 ; 5.05457 ; -0.151118 ; -1.08086
5.73828 ; 5.03806 ; 1.1887 ; -0.986401
5.22211 ; 5.11585 ; -0.68167 ; -0.0467854
5.34036 ; 5.75348 ; 0.518967 ; -0.349638
5.76991 ; 5.56015 ; 0.130324 ; -0.412323
5.24692 ; 5.58067 ; -0.654223 ; -1.21477
6.40011 ; 5.42521 ; 1.43511 ; -0.710297
5.20791 ; 5.11188 ; -1.28727 ; -0.422988
5.91892 ; 5.62993 ; 0.0388152 ; -0.0416955
5.58135 ; 5.98087 ; 0.0129824 ; 0.515886
4.90527 ; 5.38561 ; -1.29164 ; 1.10799
5.65933 ; 4.76557 ; 0.392322 ; -1.52075
6.05676 ; 5.89541 ; 0.963365 ; 0.726645
5.1725 ; 5.89694 ; 0.123694 ; 0.530662
5.50651 ; 5.55413 ; 0.771854 ; 0.36548
5.53236 ; 5.12912 ; 0.926589 ; -1.01359
5.25126 ; 5.80651 ; 0.081645 ; 0.372231
5.08118 ; 4.96268 ; -0.640814 ; -0.536545
5.48083 ; 5.17175 ; -0.331764 ; -0.727424
6.07931 ; 5.58762 ; 0.860784 ; 0.845935
5.78788 ; 6.44165 ; 0.0813074 ; 1.41777
5.64772 ; 4.75967 ; 0.598227 ; -1.4444
5.85916 ; 5.67297 ; -0.0942769 ; -0.353237
5.41874 ; 5.11431 ; -0.367527 ; -0.674005
5.00312 ; 5.0442 ; -1.20391 ; -0.0805768
5.59744 ; 5.51634 ; 1.11875 ; 0.668751
6.13853 ; 5.02579 ; 1.31489 ; -1.07884
5.29246 ; 5.17559 ; -1.32594 ; -0.561001
5.39289 ; 4.84969 ; -0.915421 ; -1.31671
5.32769 ; 5.56616 ; -0.123892 ; -0.701706
5.02152 ; 5.66282 ; -0.753332 ; 0.81369
5.77363 ; 5.54469 ; -0.394796 ; -1.25547
5.20714 ; 6.05686 ; -1.27446 ; 0.865362
5.3717 ; 6.20365 ; -0.792619 ; 1.47187
5.98312 ; 5.58686 ; 0.580353 ; -0.116743
5.17079 ; 5.14844 ; -0.862447 ; -0.377473
6.03418 ; 4.9492 ; 1.45486 ; -0.329919
5.78773 ; 4.99174 ; 0.94296 ; -1.44806
5.19086 ; 5.8857 ; -1.00965 ; 0.894228
6.10219 ; 5.55647 ; 1.28856 ; -0.772082
5.94377 ; 5.08846 ; 1.3172 ; -0.946183
6.15222 ; 5.21525 ; 0.987818 ; -0.420879
5.37321 ; 5.82131 ; 1.07848 ; 0.222045
6.26104 ; 5.31405 ; 1.32276 ; -0.954816
5.30987 ; 5.67978 ; 0.379224 ; 0.862323
5.74812 ; 5.52357 ; -0.137233 ; -0.470936
5.78744 ; 5.74894 ; -0.176245 ; 0.129435
5.83082 ; 5.81698 ; 1.17088 ; 0.845561
5.31449 ; 5.7426 ; -1.30332 ; 1.21372
6.05718 ; 5.93771 ; 0.290684 ; 0.474331
5.13962 ; 6.108 ; -0.293911 ; 0.902901
4.91735 ; 5.35607 ; -0.833049 ; -0.41663
5.7412 ; 6.18587 ; 0.733671 ; 1.35982
5.73257 ; 5.68332 ; -0.429645 ; 0.271439
5.57604 ; 5.7634 ; -0.218633 ; -0.475698
5.89574 ; 5.51158 ; 0.115008 ; 0.000182745
5.67593 ; 5.71598 ; 0.618685 ; 0.749909
5.57491 ; 5.60783 ; -0.380947 ; -0.968473
6.10901 ; 5.01748 ; 0.85265 ; -0.9514
5.73651 ; 5.69414 ; -0.0138403 ; 0.580885
5.8195 ; 5.94756 ; 0.71428 ; 1.01064
5.76568 ; 5.8558 ; -0.388961 ; 1.17945
5.56298 ; 5.50108 ; 0.262274 ; 1.07518
6.02143 ; 5.16341 ; 1.07871 ; -0.50519
5.84677 ; 5.41258 ; -0.00966417 ; -0.571517
6.21355 ; 5.04024 ; 1.19141 ; 0.0824521
6.10038 ; 4.55763 ; 1.12098 ; -1.39478
5.27131 ; 5.66766 ; -1.35375 ; 0.642795
5.77134 ; 5.54748 ; 0.673326 ; 0.00956002
5.64716 ; 6.35629 ; 0.690156 ; 1.4147
5.58425 ; 5.78871 ; -0.946046 ; 1.16771
5.48639 ; 5.82347 ; 0.884638 ; 1.03024
5.33566 ; 5.78788 ; -0.350841 ; 0.976562
5.56944 ; 4.98787 ; 1.34539 ; -0.303921
5.62386 ; 5.01922 ; 0.486201 ; -0.549942
6.03495 ; 5.91271 ; 0.242628 ; 0.391203
5.0849 ; 5.50504 ; -1.29696 ; -0.57685
5.11308 ; 5.24456 ; -0.640043 ; -1.0951
5.41118 ; 6.33377 ; -0.0502847 ; 1.4321
6.00474 ; 5.46884 ; 1.09581 ; 0.620294
5.46551 ; 5.16132 ; 0.599742 ; -1.36429
5.17633 ; 5.24705 ; 0.0922128 ; 0.619093
5.3302 ; 5.29682 ; -0.649864 ; -1.06797
5.71679 ; 6.01785 ; -0.141353 ; 0.8983
4.92639 ; 5.71368 ; -1.00624 ; -0.42015
6.08959 ; 5.12706 ; 0.791161 ; -1.01442
4.85188 ; 5.55086 ; -1.26569 ; -0.835758
5.4874 ; 5.40563 ; -0.0892941 ; -0.99448
5.72862 ; 6.26686 ; -0.56426 ; 0.89106
5.01876 ; 5.6229 ; -0.366224 ; 1.06284
5.91829 ; 6.08708 ; 1.04383 ; 1.24068
5.78358 ; 6.25423 ; 1.29644 ; 0.894016
4.97748 ; 4.88528 ; -1.40012 ; -0.803314
4.61982 ; 5.67618 ; -1.39356 ; -0.640976
5.25091 ; 4.60221 ; -0.596878 ; -1.37757
4.82459 ; 6.37975 ; -0.676319 ; 1.23403
5.40275 ; 6.06479 ; 1.06218 ; 0.886142
5.46231 ; 6.02489 ; -1.21576 ; 0.472123
5.81371 ; 5.2173 ; 0.674832 ; -0.998325
5.38189 ; 5.44329 ; 0.943266 ; 1.12827
5.00103 ; 5.34126 ; -0.755366 ; -1.12787
5.17511 ; 5.01649 ; 0.280589 ; -0.506746
5.64505 ; 5.29505 ; 0.953336 ; -0.258142
5.34397 ; 5.67654 ; 0.477005 ; -0.73298
5.65188 ; 5.33952 ; -0.232434 ; -0.105671
4.54907 ; 4.92632 ; -1.48245 ; -1.32369
5.77009 ; 5.1297 ; -0.63413 ; -0.404247
6.09349 ; 5.72722 ; 0.479469 ; -0.338178
5.40851 ; 5.00559 ; 0.99964 ; -1.05449
5.83543 ; 5.87242 ; 0.551093 ; 0.184063
5.01299 ; 5.25004 ; -1.40257 ; -0.061533
5.65335 ; 4.6442 ; 0.0881405 ; -1.45497
5.20697 ; 4.89261 ; -1.24639 ; -0.731775
6.1122 ; 4.99953 ; 1.1845 ; -0.578851
4.83597 ; 5.26721 ; -0.575041 ; 0.733546
5.54943 ; 4.77358 ; -0.706769 ; -1.22647
5.55214 ; 5.691 ; 0.652673 ; 0.398754
5.16339 ; 5.36934 ; -0.612804 ; 0.137146
5.48804 ; 5.14026 ; 1.00722 ; 0.260202
5.05899 ; 5.33614 ; -0.979534 ; -0.597555
5.24335 ; 5.92955 ; -1.04547 ; 0.172421
5.18443 ; 5.67036 ; -0.404532 ; 0.848778
5.86713 ; 5.56465 ; 0.0772897 ; 0.947633
5.38158 ; 5.86221 ; -1.20233 ; 0.901874
5.17018 ; 5.13668 ; -0.438109 ; -0.527855
4.55484 ; 5.23376 ; -1.53897 ; -0.753416
5.53876 ; 5.75939 ; 0.55575 ; 1.38008
4.96618 ; 4.73145 ; -0.578911 ; -1.24934
5.6701 ; 5.70454 ; 0.315336 ; -0.140454
5.16603 ; 5.1269 ; -0.729473 ; -0.30178
5.02716 ; 5.28797 ; -0.371947 ; -0.244794
5.14888 ; 5.07711 ; 0.323001 ; -0.661574
5.36866 ; 4.9438 ; 0.621531 ; -1.41962
4.72298 ; 5.12317 ; -1.40052 ; -0.780392
4.83963 ; 5.68136 ; -1.26282 ; -0.334842
4.87243 ; 5.85076 ; -0.962875 ; 0.228974
4.93646 ; 5.73753 ; -0.846719 ; 0.822089
5.38788 ; 5.45606 ; 0.081697 ; 0.189053
5.38553 ; 5.76084 ; -0.695736 ; -0.392699
5.33513 ; 5.10959 ; -0.751477 ; -1.18442
5.49729 ; 5.58536 ; -0.520519 ; 0.0391433
5.92804 ; 5.26715 ; 0.0900179 ; -0.717372
5.4584 ; 5.13001 ; -1.10458 ; 0.0931157
5.89602 ; 4.58777 ; 0.666978 ; -1.45781
5.59884 ; 5.74986 ; 0.684694 ; 0.98243
6.05248 ; 5.36181 ; 1.50179 ; 0.96581
5.2055 ; 5.50225 ; -0.197343 ; 1.30008
5.7504 ; 5.36693 ; -0.576512 ; 0.355905
5.58496 ; 6.04534 ; -0.697931 ; 1.17764
5.65338 ; 5.45176 ; 0.938766 ; 0.49056
4.8967 ; 5.17878 ; -1.39074 ; -0.96323
5.15862 ; 5.4152 ; -0.901804 ; 0.986297
5.25828 ; 5.06414 ; -0.377607 ; -1.17451
5.13601 ; 5.02489 ; -0.758283 ; -1.45273
5.65595 ; 5.67319 ; 0.000387402 ; -0.432084
6.09769 ; 5.15372 ; 0.505681 ; -1.18361
5.98076 ; 5.92113 ; 0.672796 ; 0.161173
5.44245 ; 5.29962 ; 0.26252 ; -1.02756
4.83527 ; 4.87646 ; -1.23335 ; -0.925034
5.11618 ; 5.24911 ; 0.170523 ; 0.0192743
5.32452 ; 5.78048 ; 0.497609 ; 0.467966
5.22986 ; 6.1484 ; -1.26949 ; 0.551759
5.56984 ; 5.08174 ; 1.09623 ; -0.484323
5.78175 ; 4.83892 ; 1.25765 ; -1.21633
5.52185 ; 5.82466 ; -0.668527 ; -0.182478
5.89879 ; 5.29211 ; -0.225796 ; -0.380543
5.40772 ; 5.50711 ; -0.597454 ; -0.984544
5.44379 ; 4.89798 ; -0.926095 ; -0.909172
6.1776 ; 4.72914 ; 1.46478 ; -0.890404
6.18392 ; 6.22845 ; 1.38331 ; 1.26356
5.05577 ; 5.96266 ; -0.180276 ; 1.40444
5.19562 ; 6.15393 ; 0.0227821 ; 1.08218
5.85534 ; 5.67713 ; 0.910118 ; 0.102083
5.95153 ; 5.82791 ; 0.61057 ; 1.25388
6.1067 ; 5.09091 ; 1.22044 ; -1.23674
5.32262 ; 5.56052 ; 0.397088 ; 0.70092
4.9192 ; 5.30292 ; -1.26285 ; -0.767062
5.61719 ; 6.128 ; 0.0188964 ; 0.526372
4.87562 ; 4.83144 ; -1.15671 ; -1.25497
5.55395 ; 5.22115 ; -0.798863 ; -1.28287
5.41042 ; 5.0273 ; 0.0182495 ; -1.22738
4.91288 ; 5.80095 ; -1.17194 ; 0.489052
5.51861 ; 5.53446 ; 1.28853 ; 0.25342
5.65796 ; 6.31438 ; 0.770057 ; 1.19631
5.779 ; 4.71321 ; 1.05657 ; -1.18996
5.96548 ; 5.47586 ; 1.14364 ; 1.25322
4.80974 ; 5.80232 ; -0.851433 ; -0.210527
5.13805 ; 5.7947 ; -0.436067 ; -0.04929
6.05896 ; 5.60991 ; 0.751444 ; 0.330389
5.59463 ; 5.25674 ; -1.05347 ; -0.905664
5.14856 ; 5.05605 ; 0.0614303 ; -1.00998
5.23037 ; 5.57239 ; -1.10378 ; -0.905515
5.56192 ; 5.07216 ; 0.272845 ; -0.963233
5.78428 ; 5.593 ; 1.09204 ; 0.188637
5.09047 ; 5.50872 ; -0.166799 ; 0.927214
5.4363 ; 6.02164 ; -0.252933 ; 0.648431
5.28625 ; 5.3269 ; 0.0264038 ; -0.272898
5.45159 ; 5.65306 ; -0.131529 ; 0.819713
5.7182 ; 4.82269 ; -0.186434 ; -0.923123
5.19821 ; 5.47392 ; -1.1705 ; -0.0484166
5.74619 ; 5.01518 ; -0.296766 ; -1.47818
5.51417 ; 5.22921 ; 1.07756 ; 0.428817
