4.54075 ; 5.63971 ; -0.287773 ; 3.15798
3.04617 ; 5.47418 ; -2.23378 ; -1.37518
3.40457 ; 5.69127 ; -1.75235 ; 0.190243
8.33845 ; 8.18494 ; -0.0882425 ; 0.334165
5.64652 ; 4.09307 ; 1.05073 ; 1.24767
8.57545 ; 7.92959 ; 0.469012 ; -0.38012
4.4013 ; 4.60393 ; 0.264032 ; 0.128901
4.72418 ; 5.40891 ; 0.326446 ; -2.76018
3.91398 ; 6.26612 ; -3.1479 ; -0.658386
3.31859 ; 2.71686 ; -2.37514 ; -2.02681
3.20049 ; 5.24857 ; -2.17498 ; 2.05054
5.28425 ; 4.1743 ; -2.40534 ; 0.47544
7.5649 ; 6.05319 ; 3.03444 ; 2.51082
6.64107 ; 7.09503 ; 3.22145 ; 0.730618
4.57987 ; 6.37852 ; -2.74147 ; 1.71743
5.03768 ; 2.9131 ; -2.8685 ; -2.10355
7.65313 ; 6.50455 ; 2.0782 ; 2.59577
2.37277 ; 3.84489 ; -1.08857 ; -2.27556
5.42937 ; 5.24949 ; 0.70004 ; 0.806671
6.51735 ; 4.00155 ; 2.81825 ; -0.850252
2.90762 ; 2.28996 ; -0.587146 ; -0.597627
8.89568 ; 2.80115 ; 0.471339 ; -1.71529
4.23055 ; 2.27608 ; -1.22028 ; -1.84005
5.39924 ; 4.18918 ; -3.0513 ; -0.15025
6.83911 ; 2.61701 ; 2.19112 ; -2.47049
4.0011 ; 5.59447 ; -2.94163 ; -1.54891
5.92421 ; 6.7456 ; 1.52544 ; 0.203385
5.51989 ; 5.73602 ; 2.63126 ; -0.192897
8.80779 ; 8.37621 ; -0.539456 ; -0.772571
5.42534 ; 5.81307 ; -1.52184 ; 3.13331
3.21051 ; 4.25913 ; -2.46186 ; -0.418895
5.39943 ; 7.54284 ; 0.963309 ; 2.35835
3.40917 ; 3.12631 ; -2.63911 ; -2.26419
2.16884 ; 4.6021 ; -0.405946 ; -2.21408
7.5589 ; 6.60132 ; 3.16887 ; 2.59112
3.14635 ; 7.69827 ; -2.09926 ; 2.02993
6.6966 ; 6.85999 ; 2.34096 ; 3.02335
7.27912 ; 7.69143 ; 2.216 ; 2.18853
7.60583 ; 2.13404 ; 2.26074 ; -1.37721
7.14268 ; 4.84469 ; 3.38105 ; -2.42064
6.08334 ; 5.26818 ; -0.152843 ; -2.523
6.36702 ; 1.86685 ; 0.6044 ; -0.716162
5.65329 ; 5.77225 ; -2.34115 ; -1.33818
6.37804 ; 7.1935 ; -0.502208 ; 2.10825
8.55247 ; 5.03391 ; 1.59618 ; 1.06524
6.70306 ; 7.21873 ; 1.01383 ; 1.64171
2.22482 ; 7.41544 ; -0.0707682 ; 1.46831
7.84399 ; 5.72796 ; 1.79563 ; 0.137693
7.56184 ; 6.0514 ; 2.75224 ; 1.66193
2.65425 ; 8.09852 ; -0.685999 ; -0.019172
7.46037 ; 7.25387 ; 2.50183 ; 2.84476
2.6346 ; 8.24693 ; -0.497501 ; 0.432845
7.7813 ; 7.657 ; 1.5644 ; 1.95325
8.72546 ; 2.94086 ; 0.665143 ; -1.18725
5.84093 ; 5.95242 ; 1.62592 ; 2.11275
7.86972 ; 4.41979 ; 2.31881 ; 1.11662
2.55298 ; 6.25566 ; -1.5543 ; -0.197479
7.73606 ; 2.72739 ; 2.64117 ; -1.43566
2.70061 ; 7.52713 ; -1.47819 ; 0.812617
3.44563 ; 2.83952 ; -2.65483 ; -2.67257
6.10592 ; 6.09863 ; 3.14445 ; -0.536076
7.94743 ; 7.74972 ; 0.943085 ; 1.25834
7.68582 ; 2.24852 ; 2.38003 ; -1.50539
4.10467 ; 6.39262 ; -3.20344 ; 0.744014
2.6245 ; 1.90663 ; 0.253676 ; 1.18917
6.5584 ; 1.80467 ; 2.46298 ; -0.454706
3.06429 ; 6.92571 ; -2.38809 ; 2.52288
4.39062 ; 8.30121 ; -1.29229 ; 1.14902
7.45129 ; 7.92018 ; 2.82293 ; 2.17528
8.52668 ; 5.39617 ; 1.8437 ; 1.57917
4.21103 ; 6.4985 ; -3.31474 ; 0.887851
6.31813 ; 7.41486 ; 2.66505 ; 2.84119
3.31161 ; 7.91933 ; -2.02515 ; 1.85063
6.83637 ; 5.67773 ; 2.95358 ; 2.47623
8.22767 ; 4.34102 ; 2.21495 ; -1.48594
3.38511 ; 1.99137 ; -0.943959 ; -0.654314
2.79055 ; 6.86343 ; -1.48043 ; 2.52801
3.31674 ; 6.21919 ; -2.57436 ; 1.27507
5.02184 ; 8.01435 ; 0.0200585 ; 1.97468
4.86317 ; 3 ; 0.409045 ; -2.94838
2.40624 ; 5.63281 ; -1.07235 ; 1.87573
3.47753 ; 3.28729 ; -1.51217 ; -0.517574
7.8667 ; 3.81068 ; 2.50233 ; -1.14116
8.04832 ; 7.94022 ; 2.19031 ; 1.69357
2.71947 ; 3.42313 ; -1.48224 ; -1.68366
4.82985 ; 7.32941 ; -2.21698 ; 2.64542
3.41475 ; 3.53776 ; -2.83683 ; -0.713414
4.55604 ; 4.69557 ; -1.10823 ; -0.320514
3.81574 ; 5.16081 ; -2.56635 ; 2.02106
8.28348 ; 2.74176 ; 0.878298 ; -0.867369
7.75201 ; 2.23715 ; 2.48793 ; -0.938644
5.79127 ; 6.83475 ; 0.0400448 ; 2.88231
4.71212 ; 6.50198 ; -0.0473966 ; 1.05706
4.97191 ; 8.34544 ; 0.996294 ; 1.21345
5.40295 ; 6.53693 ; -1.93717 ; -0.825946
2.50926 ; 2.81533 ; -0.479405 ; -0.845382
7.15024 ; 4.32466 ; 3.44869 ; -3.14399
7.43966 ; 5.30799 ; 1.77251 ; -1.37122
4.96226 ; 7.80736 ; -2.78425 ; 1.39047
3.56271 ; 3.1291 ; -0.573589 ; -1.74234
8.24431 ; 2.54074 ; 1.7545 ; -0.869765
3.34697 ; 7.72708 ; -2.44676 ; 1.23474
5.09844 ; 5.84805 ; -1.0767 ; -0.0456848
3.09839 ; 4.65613 ; -2.61752 ; -1.85225
7.97264 ; 4.03185 ; 2.47538 ; -3.34078
7.89641 ; 8.4951 ; 1.9271 ; 0.651468
4.91434 ; 5.00573 ; -1.03109 ; 1.39106
7.23869 ; 3.2839 ; 0.317378 ; -2.99685
5.36232 ; 3.52751 ; 0.314401 ; -2.91011
3.09084 ; 3.94363 ; -1.78829 ; -3.37504
3.33514 ; 4.97888 ; -2.73578 ; -0.157787
6.62021 ; 3.30365 ; 2.72501 ; -2.7728
2.59603 ; 3.35534 ; -1.18173 ; -2.87775
4.7164 ; 7.50223 ; -0.505111 ; 2.80237
6.35318 ; 2.67258 ; 2.9215 ; -1.63494
3.30357 ; 3.19556 ; -2.56232 ; -2.92785
3.23345 ; 8.22761 ; -1.94447 ; 1.18429
6.88607 ; 7.077 ; 0.168819 ; 3.14115
4.32688 ; 4.86669 ; -0.441478 ; -3.42702
8.09218 ; 3.62146 ; 1.29761 ; -3.00459
4.00738 ; 2.04935 ; -2.07078 ; -1.27143
7.1766 ; 3.74687 ; 3.29492 ; -2.31118
5.15721 ; 3.96228 ; -2.80533 ; -2.68186
6.18131 ; 4.98929 ; 1.61016 ; 2.43302
7.07162 ; 3.95585 ; 3.05744 ; -3.50307
7.24179 ; 4.64176 ; 0.710956 ; -2.04015
4.85352 ; 3.58646 ; 0.320945 ; -1.18224
8.57567 ; 8.35947 ; 0.398148 ; 0.264394
8.21755 ; 5.44501 ; 2.49037 ; -2.06943
7.7081 ; 4.37326 ; 2.36232 ; 0.511542
2.77039 ; 7.07978 ; -1.79016 ; 0.820235
4.56896 ; 4.26187 ; 0.491132 ; -3.32796
8.28979 ; 2.64102 ; 1.7565 ; -0.730821
6.49366 ; 2.60867 ; -0.964949 ; -2.37065
4.35782 ; 5.94978 ; -2.15264 ; -0.134064
4.94699 ; 7.18092 ; -2.52883 ; 3.14251
8.39792 ; 2.84579 ; 1.8111 ; -2.19976
4.05418 ; 2.14738 ; -1.8803 ; -1.39985
3.58886 ; 2.40559 ; -1.60796 ; -1.88109
4.05989 ; 2.59877 ; 0.901612 ; -1.6829
3.37233 ; 6.88003 ; -1.8385 ; 2.90826
4.49422 ; 2.06086 ; 0.974398 ; -1.02883
4.18023 ; 3.08586 ; -3.08723 ; -2.92195
4.87335 ; 4.15229 ; 0.0226118 ; -3.1193
4.32711 ; 7.86461 ; -0.028463 ; 2.09885
2.29126 ; 5.52937 ; -0.827733 ; 1.30611
6.44451 ; 2.28984 ; 2.27462 ; -1.56665
8.13917 ; 3.08685 ; 1.93404 ; -2.85503
8.72441 ; 6.16641 ; 1.14652 ; -1.2544
9.04257 ; 7.93888 ; -0.939018 ; 0.647489
6.88437 ; 6.80542 ; 2.75192 ; 3.29146
4.66432 ; 6.47364 ; -1.01808 ; 3.36819
8.52457 ; 8.32724 ; 0.520831 ; -0.656937
5.21718 ; 5.33666 ; -1.95267 ; 0.500876
2.90529 ; 3.09034 ; -1.46822 ; -1.88685
4.08185 ; 3.38409 ; -0.00512505 ; -1.91586
6.0839 ; 5.30688 ; -0.897951 ; -0.733109
4.14853 ; 6.92231 ; -2.11506 ; 2.48391
2.15102 ; 7.26189 ; 0.31605 ; 1.17768
8.18694 ; 6.90756 ; 1.40344 ; 3.0157
3.15393 ; 1.91428 ; -1.45107 ; -0.33954
8.27664 ; 4.94627 ; 2.39237 ; -1.29186
4.64369 ; 5.97411 ; 0.147905 ; 2.71869
3.72217 ; 2.75171 ; -2.83374 ; -2.65838
4.29415 ; 2.56548 ; -2.12012 ; -1.82363
6.14362 ; 4.81066 ; 2.31193 ; -0.166855
6.17328 ; 4.81193 ; -1.53324 ; -3.48421
7.25125 ; 1.90722 ; 2.31148 ; -0.839418
4.5331 ; 4.57391 ; 0.740243 ; 2.08081
5.65044 ; 5.65008 ; -2.77051 ; -1.68214
5.53771 ; 2.24961 ; -2.27605 ; -1.63381
2.5522 ; 2.48692 ; -0.718207 ; -0.825087
4.16204 ; 7.50647 ; -2.13974 ; 1.71238
4.35021 ; 5.98812 ; -2.07886 ; 1.4211
3.73698 ; 3.06063 ; -1.06883 ; -1.25168
6.26943 ; 6.87015 ; 1.04246 ; 2.12619
6.83881 ; 7.6278 ; 2.75867 ; 2.70125
8.51487 ; 2.69919 ; 0.812489 ; -1.5266
7.2703 ; 5.70816 ; 2.8149 ; 0.0160421
6.14971 ; 4.23654 ; 1.40621 ; -2.96065
6.2247 ; 3.47975 ; -0.383356 ; -1.67528
8.54989 ; 6.2466 ; 1.80165 ; -1.20659
3.58325 ; 7.11914 ; -2.55279 ; 2.87111
2.59367 ; 7.74148 ; -1.22486 ; 1.76072
3.9662 ; 7.10931 ; -1.27252 ; 2.20188
7.30246 ; 4.87394 ; 2.05341 ; -0.78363
7.70617 ; 7.0366 ; 1.81156 ; 2.92063
6.88423 ; 2.73537 ; 0.405584 ; -2.25053
8.04251 ; 7.55571 ; 1.97923 ; 2.11096
4.02904 ; 8.33778 ; -2.50298 ; 1.37369
5.48564 ; 2.11506 ; -2.28987 ; -1.38118
4.55864 ; 3.79541 ; -1.47064 ; -1.25078
8.46555 ; 6.9464 ; 1.97684 ; 2.06916
3.32659 ; 7.06539 ; -2.19299 ; 2.89724
8.10732 ; 5.76347 ; 2.07844 ; 2.98502
6.70644 ; 7.59997 ; 2.73099 ; 2.7456
2.37412 ; 7.71898 ; -0.362032 ; 0.495943
2.36131 ; 5.38552 ; -1.09457 ; -1.48699
8.44493 ; 2.47657 ; 0.292422 ; -1.53478
9.04483 ; 7.521 ; -0.14737 ; 1.6872
2.43595 ; 8.35328 ; 2.16397 ; -2.67235
8.48347 ; 2.09892 ; 0.952049 ; -0.165222
7.29097 ; 5.62244 ; 1.05164 ; 3.12638
4.37464 ; 2.47422 ; -3.24715 ; -1.85733
8.56829 ; 8.43771 ; 0.651113 ; 0.0663246
7.70608 ; 7.77586 ; 0.945077 ; 2.16993
8.81443 ; 2.2153 ; -0.360545 ; 0.291019
7.12001 ; 2.45284 ; 1.41679 ; -1.59644
5.49445 ; 3.97633 ; 1.92994 ; 0.477092
6.8778 ; 4.98107 ; 2.5587 ; 1.98501
3.13627 ; 8.28523 ; -1.7765 ; 0.0753729
4.74215 ; 6.16837 ; -1.2558 ; 2.25403
3.94016 ; 6.90434 ; -2.72105 ; -0.365211
3.62849 ; 6.51978 ; -1.94593 ; 2.72644
6.72657 ; 5.86145 ; 1.20105 ; -1.34878
7.16701 ; 6.36438 ; 3.46361 ; 0.674049
7.83306 ; 8.07555 ; 2.52377 ; 0.422874
7.95562 ; 1.96788 ; 1.83846 ; -0.541407
8.51645 ; 8.22124 ; 1.01846 ; 0.840718
7.34503 ; 7.70042 ; 1.47835 ; 2.068
8.46772 ; 8.05462 ; 1.27763 ; 1.31821
4.49806 ; 2.47253 ; -3.19814 ; -1.91612
2.53607 ; 7.91787 ; 0.00958872 ; 0.891164
4.3721 ; 7.56422 ; -3.05292 ; 2.5976
2.87557 ; 3.74681 ; -1.95383 ; -2.01288
3.72293 ; 8.04537 ; -2.67489 ; 1.80153
4.74096 ; 8.48069 ; -2.59888 ; 1.04853
7.99614 ; 3.25813 ; 2.55972 ; -2.63081
3.00444 ; 6.20541 ; -2.1537 ; 0.589054
4.56324 ; 2.11228 ; -2.35854 ; -1.48976
5.99779 ; 3.76645 ; 3.01839 ; -3.44125
8.20157 ; 4.63756 ; 2.4609 ; -2.20356
7.5297 ; 3.94245 ; 2.81857 ; -3.02631
4.766 ; 7.27202 ; -1.7485 ; 1.10112
7.84364 ; 4.27382 ; 2.87631 ; -2.49453
7.39143 ; 4.34044 ; 2.94927 ; -1.89327
8.5813 ; 2.41923 ; 0.509581 ; -1.12605
6.59199 ; 2.12144 ; 2.67442 ; -1.63208
6.23843 ; 2.44659 ; 1.72142 ; -1.83074
7.29377 ; 8.64785 ; 1.83347 ; 0.169446
2.6683 ; 8.36834 ; 0.459451 ; -0.594416
6.77741 ; 4.55133 ; -0.587144 ; 0.271959
2.6324 ; 3.20878 ; -1.14703 ; -0.997159
5.62309 ; 3.71992 ; 1.95912 ; -2.89508
6.00591 ; 8.3332 ; 1.18728 ; 1.53406
7.8048 ; 3.42248 ; 2.05103 ; -1.19689
4.90666 ; 3.76626 ; 1.51339 ; -3.63984
8.4675 ; 2.6889 ; 1.33474 ; -2.07026
2.43507 ; 7.91093 ; 0.329055 ; -0.751326
6.94843 ; 5.19828 ; 1.65473 ; 0.93561
4.34756 ; 3.21716 ; -2.45364 ; -3.15529
6.28276 ; 2.58198 ; 1.68533 ; -2.51704
8.40172 ; 2.8362 ; 1.19757 ; -2.39342
5.2906 ; 3.67259 ; -1.81078 ; -1.62302
6.10188 ; 3.06172 ; 2.33061 ; -2.50763
4.90922 ; 3.39715 ; 1.78656 ; -1.55298
8.92625 ; 2.94379 ; 0.0417845 ; -0.381373
7.49276 ; 5.53711 ; 3.06418 ; 1.5113
7.84233 ; 3.90801 ; 2.42096 ; -2.98985
8.65324 ; 4.88297 ; 1.69596 ; -2.46792
4.21356 ; 2.21245 ; -2.35869 ; -1.42273
3.56831 ; 5.09949 ; -2.7519 ; 0.0384074
3.06797 ; 7.62771 ; -1.97556 ; 1.12108
8.50751 ; 2.952 ; 0.979558 ; -2.46184
2.31287 ; 2.9315 ; -0.471216 ; -1.65319
3.75928 ; 2.6092 ; -2.77494 ; -2.3674
4.42716 ; 2.19761 ; -1.70377 ; -1.46454
2.73682 ; 8.12414 ; -0.328077 ; 0.361775
8.78045 ; 8.04176 ; -0.429832 ; -1.35169
6.62491 ; 7.54942 ; -0.136761 ; 2.51195
4.85205 ; 7.27158 ; -1.39325 ; 3.04137
6.52597 ; 6.71059 ; 3.1587 ; 2.15466
7.51084 ; 1.92617 ; 0.841259 ; -0.554112
2.90398 ; 8.22857 ; -1.32139 ; -0.138377
4.86843 ; 3.09227 ; -2.96273 ; -1.8117
7.49328 ; 2.67584 ; 2.95344 ; -2.48548
6.30817 ; 8.14682 ; 2.88341 ; 1.93447
5.81571 ; 6.34712 ; 1.28106 ; 2.01727
7.25491 ; 4.76239 ; 0.980256 ; -2.63118
5.43542 ; 6.96133 ; 0.911923 ; 2.43319
4.10646 ; 4.39199 ; -1.34641 ; -0.318825
8.6743 ; 8.562 ; -0.671004 ; -1.50127
7.6902 ; 8.39378 ; 2.44802 ; 0.908306
5.27854 ; 4.56287 ; 1.87852 ; 1.48508
2.60153 ; 6.46314 ; -1.49514 ; 1.26191
7.24228 ; 6.1974 ; 2.4299 ; 1.06072
3.27959 ; 6.28933 ; -2.22602 ; 0.888482
5.33771 ; 3.06897 ; -2.78176 ; -1.8243
6.84162 ; 5.79046 ; -0.0475944 ; -2.13168
7.172 ; 4.04679 ; 1.13768 ; -2.35813
2.72104 ; 4.87851 ; -1.90458 ; -0.607168
5.48485 ; 7.8995 ; -2.05633 ; 2.23455
2.39785 ; 7.33671 ; -0.0980532 ; -0.744831
2.57116 ; 8.35261 ; 0.292265 ; -0.598283
8.62808 ; 7.95865 ; 0.573178 ; 0.91042
4.51783 ; 2.29065 ; -0.495189 ; -1.92604
6.69966 ; 5.78269 ; 2.02761 ; -0.200055
8.57304 ; 8.40495 ; 0.433116 ; -0.280259
4.51755 ; 2.2093 ; 0.0727242 ; -1.36504
5.37266 ; 4.98427 ; -2.20822 ; 2.49501
2.59861 ; 2.17013 ; 0.91509 ; 0.17378
7.31766 ; 3.24405 ; 1.0674 ; -1.43464
9.00695 ; 5.31223 ; 0.601097 ; -0.0438307
5.93132 ; 6.14617 ; -0.113844 ; 2.62714
3.05652 ; 8.17667 ; -1.73634 ; 0.542414
5.26975 ; 3.61631 ; 0.969107 ; -3.02198
3.85635 ; 7.89611 ; -1.44487 ; 1.96213
8.29312 ; 2.04945 ; 1.21631 ; 0.00147474
4.0007 ; 7.82364 ; -3.19051 ; 0.695157
2.08468 ; 3.76018 ; 0.145455 ; -2.39848
8.52492 ; 4.70387 ; 1.88942 ; 0.604034
5.9482 ; 8.61438 ; -0.241266 ; 0.554243
5.19386 ; 2.43859 ; 1.48832 ; -2.1562
4.26125 ; 5.06124 ; -3.2219 ; -0.876197
8.17401 ; 4.73394 ; 1.99052 ; 0.115915
6.57049 ; 6.77692 ; 1.32238 ; 1.92127
5.5117 ; 5.32628 ; 0.972084 ; 1.97933
2.8536 ; 5.5975 ; -1.408 ; -2.8018
6.22341 ; 4.1268 ; -1.19333 ; -3.49409
4.06085 ; 3.08 ; -3.10208 ; -2.8503
5.43213 ; 5.16764 ; -2.95783 ; 1.68815
2.44725 ; 2.29125 ; -0.0101722 ; -0.257937
8.8432 ; 2.57636 ; 0.345034 ; -1.0925
8.11147 ; 2.96662 ; 1.68403 ; -2.6725
2.43754 ; 7.32174 ; -0.411145 ; -0.272844
7.26651 ; 5.90142 ; 3.07101 ; -1.05496
5.96935 ; 3.93738 ; -1.98072 ; -2.82455
7.49293 ; 4.37901 ; 2.20685 ; 0.374277
8.69834 ; 5.29618 ; 1.54506 ; -0.444843
7.35671 ; 5.08864 ; 2.23692 ; 2.1957
8.63971 ; 3.22632 ; 1.39916 ; -1.25931
3.86519 ; 7.92421 ; -0.876215 ; 1.9821
8.01322 ; 8.0589 ; 1.75298 ; 0.567715
5.90242 ; 3.14025 ; -2.39083 ; -2.48531
7.89319 ; 4.67995 ; 2.90684 ; -1.8528
5.2645 ; 3.32529 ; -1.25832 ; -0.977811
4.5487 ; 5.28212 ; -2.57606 ; -1.86324
8.14775 ; 5.41884 ; 2.48396 ; 2.50906
2.70014 ; 8.06793 ; -1.13619 ; 0.956612
8.738 ; 7.70532 ; 0.987613 ; 1.27341
4.45084 ; 3.68419 ; -2.56555 ; -2.52586
3.64446 ; 6.91919 ; -2.3606 ; 0.140719
3.24905 ; 7.74508 ; -1.86844 ; 1.4376
6.54052 ; 2.83012 ; 2.08802 ; -2.76102
4.25352 ; 6.4316 ; 0.2217 ; 2.23859
3.23883 ; 5.87619 ; -2.64202 ; 2.32483
6.01837 ; 2.62671 ; 2.60428 ; -1.84355
8.07395 ; 8.52105 ; 1.81357 ; 0.449471
8.49198 ; 7.72162 ; 1.29949 ; -0.0835725
3.82668 ; 2.11787 ; -2.5233 ; -1.09269
8.5363 ; 2.29179 ; -0.114918 ; -0.074204
2.91178 ; 2.02178 ; -0.0544763 ; 0.0442996
5.2 ; 6.28625 ; 1.08006 ; 3.52109
7.0148 ; 6.06725 ; 3.4976 ; 2.95363
7.65199 ; 4.09802 ; 0.781635 ; -3.32438
4.28782 ; 2.74344 ; -3.02094 ; -1.41434
3.23543 ; 7.59448 ; -1.8912 ; 1.70589
4.74349 ; 2.74846 ; 0.21785 ; -2.22796
3.55153 ; 8.19128 ; -1.67485 ; 1.20083
4.40302 ; 5.78207 ; -0.728939 ; 2.61324
4.33337 ; 5.36439 ; -1.69901 ; -0.693343
7.02211 ; 5.76277 ; 3.53666 ; 2.64038
8.1812 ; 3.74813 ; 2.51763 ; -3.15868
3.16277 ; 7.12566 ; -2.38263 ; 1.88853
7.70891 ; 2.93684 ; 1.80991 ; -1.99322
3.02921 ; 5.78692 ; -2.21054 ; -1.54189
8.90049 ; 6.85176 ; 0.767091 ; 2.20907
8.29616 ; 7.77551 ; 1.34194 ; 1.49275
7.89447 ; 3.81946 ; 2.56375 ; -2.16398
6.65318 ; 8.25679 ; 0.337411 ; 1.33663
8.59785 ; 3.72952 ; 1.69855 ; -0.74633
8.81804 ; 7.87751 ; -0.111972 ; 0.740583
5.47061 ; 2.27052 ; -2.48072 ; -1.7654
5.78778 ; 5.93226 ; 1.66251 ; 2.98416
5.14994 ; 3.79432 ; -1.01685 ; -3.42235
7.07143 ; 7.78089 ; 3.31812 ; 0.828605
7.76718 ; 3.57303 ; 1.74747 ; -2.86082
2.53521 ; 8.2426 ; 0.0963478 ; 0.231824
7.32349 ; 6.18396 ; 1.95634 ; -0.504883
6.98301 ; 4.38474 ; 2.57704 ; -2.91854
7.78427 ; 2.79905 ; 2.56021 ; -1.19112
7.52151 ; 4.62119 ; 1.22602 ; 1.98394
8.44322 ; 6.36423 ; 1.94101 ; 2.65103
7.55761 ; 5.17977 ; 0.854539 ; -2.3751
7.22477 ; 7.00705 ; 2.21164 ; 1.29965
2.73319 ; 2.99445 ; -1.72953 ; -2.3025
2.56052 ; 7.54022 ; -1.22476 ; 1.61804
2.94842 ; 2.69198 ; -1.24647 ; -1.92381
5.45583 ; 2.11886 ; -2.36622 ; -1.49182
5.3195 ; 6.96684 ; 1.61231 ; 1.92136
2.62899 ; 3.17499 ; -1.27413 ; -2.83527
7.90523 ; 2.27979 ; 2.27566 ; -0.879095
4.14979 ; 7.92802 ; -2.86777 ; 2.1152
6.81834 ; 2.68636 ; 3.37818 ; -1.41144
7.19001 ; 6.82018 ; 2.43627 ; 1.76444
3.07032 ; 3.02819 ; -2.39746 ; -2.09939
4.88488 ; 5.92265 ; -2.14847 ; 2.76218
3.94938 ; 5.56911 ; -3.26105 ; -1.43756
4.77343 ; 4.12121 ; 1.29445 ; 0.307953
4.88117 ; 2.09629 ; 1.14039 ; -1.16964
8.70647 ; 7.73651 ; 0.777606 ; 1.68737
8.34933 ; 3.99702 ; 1.74846 ; -0.145257
4.03452 ; 3.49206 ; -2.62671 ; -3.32109
8.54286 ; 5.21809 ; 2.02201 ; 0.466316
7.26774 ; 3.98147 ; 3.10306 ; 0.492526
8.39586 ; 6.57838 ; 1.88381 ; 2.96235
3.05185 ; 7.39054 ; -2.13666 ; 2.55811
8.30054 ; 2.48459 ; 0.592071 ; -1.19903
7.56245 ; 6.58379 ; 2.69029 ; 2.34144
8.52179 ; 4.10968 ; 1.65287 ; -0.733307
6.04 ; 6.42601 ; 1.20801 ; -0.393742
5.14038 ; 4.04492 ; 1.3563 ; -3.38454
6.48628 ; 8.37387 ; 1.00946 ; 1.1693
3.94717 ; 8.04059 ; 0.0473979 ; 1.36254
3.80787 ; 6.98256 ; -3.00995 ; 3.12933
4.73553 ; 4.71127 ; 0.762829 ; 0.0992882
3.28593 ; 2.96344 ; -2.64939 ; -2.01647
2.82603 ; 4.54293 ; -2.02022 ; -3.23973
2.75395 ; 8.29068 ; -0.517877 ; 0.0632083
7.87557 ; 8.14654 ; 1.50287 ; 1.18618
3.49367 ; 5.79374 ; -2.6211 ; 0.0150923
8.70162 ; 5.27863 ; 1.63028 ; -0.17452
6.13649 ; 5.81498 ; -0.858922 ; 2.4066
3.72821 ; 6.22895 ; -0.667435 ; 2.31288
4.71844 ; 3.41387 ; -1.12005 ; -2.94562
2.34753 ; 6.73812 ; -0.840366 ; 1.39324
7.62234 ; 7.12233 ; 2.26655 ; 2.80058
6.59731 ; 1.94766 ; 2.11127 ; -0.98461
8.02317 ; 6.50198 ; 2.24485 ; 2.16684
3.60907 ; 3.38401 ; -2.84083 ; -0.341453
2.46525 ; 3.60589 ; -1.15921 ; 0.00130117
7.266 ; 4.6961 ; 1.36332 ; 2.04577
7.81261 ; 4.79932 ; 1.99831 ; 2.19198
4.66452 ; 4.33313 ; -1.65734 ; 0.737342
2.53282 ; 7.23645 ; -0.970924 ; 1.72454
7.71357 ; 4.41421 ; 2.60512 ; -3.37004
4.50504 ; 2.76114 ; -2.11647 ; -2.73232
7.71037 ; 3.10707 ; 2.7045 ; -1.03955
2.91623 ; 7.88334 ; -0.623294 ; 1.19256
2.54949 ; 4.45645 ; -1.63679 ; 0.584439
7.06958 ; 5.54772 ; 3.13715 ; -2.2224
8.23623 ; 5.5704 ; 2.39481 ; 1.91495
6.77575 ; 5.26058 ; 1.14268 ; -1.76578
2.93548 ; 3.0197 ; -2.05372 ; -2.18828
7.05586 ; 4.416 ; 2.89774 ; -3.4232
6.52362 ; 3.16497 ; 0.549647 ; -1.15859
3.47206 ; 7.40739 ; -0.350761 ; 0.799994
8.1215 ; 7.39788 ; 1.65084 ; 1.9029
3.7325 ; 3.12731 ; -2.39781 ; -1.55345
2.72275 ; 2.68074 ; -1.11965 ; -1.87214
4.28773 ; 6.30155 ; -3.36766 ; 2.49096
5.59855 ; 7.10026 ; -1.31611 ; 0.925962
6.76615 ; 4.72408 ; -0.215456 ; -1.04549
7.95162 ; 7.14587 ; 1.72496 ; 2.2989
3.84974 ; 1.85564 ; -2.28831 ; -0.525402
5.53305 ; 7.65147 ; 0.0229702 ; 2.64423
3.45965 ; 2.14175 ; -2.31144 ; -1.45093
7.62477 ; 2.45942 ; -0.0397243 ; -1.3734
5.71271 ; 4.19936 ; 3.00818 ; -2.03087
6.65574 ; 8.20743 ; 3.32124 ; 1.08471
2.61511 ; 7.92429 ; -0.841191 ; 0.840032
3.22907 ; 7.95069 ; -2.01486 ; 1.69125
8.14555 ; 7.11619 ; 2.15505 ; 0.412497
3.35136 ; 6.1417 ; -2.88633 ; 0.31969
3.79439 ; 4.71178 ; -3.264 ; -0.94803
5.70778 ; 2.09398 ; 0.910571 ; -1.45764
6.55166 ; 5.01242 ; 1.25833 ; -1.23855
5.54855 ; 2.56084 ; -0.401398 ; -1.90709
3.38884 ; 7.82185 ; 0.227385 ; 1.50245
3.85648 ; 2.0887 ; -2.86448 ; -0.889159
2.93873 ; 8.65267 ; -0.710077 ; -1.18407
3.22265 ; 1.82656 ; -1.68029 ; 0.0334576
3.95485 ; 6.26371 ; -2.48526 ; -0.367091
4.25345 ; 5.02673 ; -3.46166 ; -1.59771
2.31359 ; 5.57025 ; -0.952992 ; 0.837503
5.86393 ; 3.12878 ; -1.29317 ; -3.0655
3.05311 ; 8.59766 ; 0.412755 ; -1.15542
7.37035 ; 6.93876 ; 0.413536 ; 3.19204
3.58442 ; 2.5276 ; -1.38626 ; -1.61852
3.04344 ; 2.10854 ; -1.6083 ; -0.95436
8.31405 ; 2.26412 ; 1.54178 ; -0.940698
7.69085 ; 5.79744 ; 1.62869 ; 2.61069
5.87955 ; 1.93427 ; 2.38657 ; -0.852407
2.80381 ; 3.84494 ; -1.88981 ; -1.69149
8.07997 ; 6.5501 ; 2.40387 ; 2.667
2.7476 ; 4.58462 ; -1.70095 ; -2.21319
3.42179 ; 2.99223 ; -0.454767 ; -2.62236
5.33095 ; 1.89024 ; -2.3366 ; -0.785052
5.74594 ; 5.78967 ; 0.0620046 ; 2.97377
2.69089 ; 3.99515 ; -1.79155 ; 0.0766535
2.84696 ; 5.97244 ; -2.27766 ; 2.22357
4.69504 ; 4.78515 ; -1.72109 ; -1.65572
2.63055 ; 5.45131 ; -1.77459 ; -0.0252433
2.51555 ; 2.71474 ; -0.258465 ; -1.8534
8.28181 ; 2.30557 ; 1.37194 ; -0.582002
8.23544 ; 4.72301 ; 2.25555 ; -1.3787
6.42349 ; 7.85356 ; 2.79775 ; 2.46837
5.29891 ; 7.75726 ; 2.10352 ; 2.55217
8.88262 ; 3.2369 ; 0.593369 ; -1.71345
7.14937 ; 3.10443 ; 2.12562 ; -2.51704
7.92535 ; 4.38653 ; 2.26529 ; -1.17823
7.85926 ; 8.36215 ; 1.59186 ; 0.864525
5.24629 ; 6.83916 ; 0.0366462 ; 0.148381
2.19827 ; 2.37055 ; 1.11011 ; -0.0988944
7.56958 ; 7.42626 ; 3.07608 ; 2.1586
4.86634 ; 5.33141 ; 0.0931146 ; 0.54723
2.46933 ; 2.82065 ; -0.51978 ; -1.04556
9.07684 ; 3.28646 ; -0.0586308 ; -2.03063
7.39197 ; 7.06808 ; 3.27033 ; 1.80348
8.18953 ; 4.22326 ; 1.67631 ; 0.561581
6.49891 ; 5.50065 ; 1.32127 ; -1.13364
7.44316 ; 2.04384 ; 1.54158 ; -1.04012
3.83989 ; 7.89655 ; -1.58688 ; 1.55452
7.82501 ; 5.44331 ; 1.64164 ; -0.560405
8.55753 ; 8.411 ; 0.372077 ; 0.0235547
7.73961 ; 3.36825 ; 2.91094 ; -0.388927
7.97165 ; 6.83635 ; 2.56607 ; 0.214645
2.93699 ; 8.13034 ; -1.26501 ; -0.269137
4.93024 ; 6.28145 ; -3.01908 ; 1.83972
3.10694 ; 4.77435 ; -2.28208 ; 1.50055
6.34217 ; 4.37524 ; 2.46337 ; -1.69126
8.03959 ; 6.51175 ; 2.54448 ; 2.68798
5.62373 ; 5.4212 ; -3.11976 ; -1.3405
6.49445 ; 7.1958 ; 3.18632 ; 1.03634
5.54568 ; 6.29865 ; 3.06889 ; 0.874134
6.81769 ; 5.5182 ; 0.323632 ; -1.67448
2.56623 ; 4.87026 ; -1.61358 ; -1.45193
7.06354 ; 2.8933 ; 1.06126 ; -2.62283
8.6845 ; 4.74692 ; 1.64308 ; -1.7652
6.20475 ; 6.82051 ; 0.495158 ; 1.89733
4.45167 ; 2.95804 ; -2.33392 ; -2.68795
6.31688 ; 7.5189 ; 0.855218 ; 2.50848
2.56672 ; 2.35622 ; -0.920743 ; -1.30163
6.58494 ; 7.21423 ; 1.78656 ; 2.74488
6.14831 ; 3.56336 ; -0.338033 ; -1.73881
4.68378 ; 3.92254 ; -0.656598 ; -0.78984
3.82649 ; 3.13835 ; -3.09758 ; -1.72481
9.00868 ; 3.24463 ; 0.303386 ; -2.05114
6.67444 ; 7.01195 ; 2.60846 ; 1.06936
7.22469 ; 3.73815 ; 3.30285 ; -1.37671
7.27241 ; 7.17601 ; 2.88018 ; 3.05414
4.66282 ; 2.18866 ; -0.921054 ; -1.71289
7.72783 ; 5.3618 ; 3.00512 ; -0.915431
5.58561 ; 3.35202 ; -1.80233 ; -1.05933
4.51007 ; 6.73033 ; -2.35824 ; 1.13813
4.61237 ; 6.57551 ; -0.920526 ; 1.37775
2.66043 ; 8.15668 ; 0.426692 ; 0.370415
7.4896 ; 4.17442 ; 2.63619 ; -1.22936
7.62353 ; 3.14734 ; 3.02705 ; -2.60635
2.5053 ; 7.19705 ; -1.34626 ; 2.13483
4.61671 ; 4.10151 ; -3.47001 ; -1.48519
5.89176 ; 6.82842 ; -0.476509 ; 0.604162
4.17566 ; 5.56831 ; -2.19098 ; 1.71173
7.45867 ; 5.72296 ; 2.84072 ; -0.298592
7.89251 ; 5.40127 ; 2.70941 ; 0.378068
3.5165 ; 3.45772 ; -1.70373 ; -1.1046
3.96127 ; 7.44666 ; -2.62976 ; 2.53677
3.20105 ; 6.00653 ; -1.82302 ; -2.1145
7.20259 ; 6.02504 ; 0.997329 ; -1.96408
3.20183 ; 8.4716 ; -0.528952 ; 0.250208
2.8924 ; 8.1927 ; -0.00367177 ; 0.416107
8.33901 ; 2.6304 ; 0.383601 ; -1.55081
8.52371 ; 2.84328 ; 1.44834 ; -0.898159
2.68764 ; 3.74825 ; -1.63887 ; -0.0749716
4.37772 ; 3.64872 ; 0.318869 ; -1.81615
6.06239 ; 8.18899 ; -1.57229 ; 1.53089
5.91776 ; 3.62897 ; -1.38427 ; -3.57608
4.51084 ; 2.89042 ; -3.06672 ; -1.49872
4.79579 ; 7.7267 ; -0.496068 ; 2.3791
8.85913 ; 2.13688 ; -0.664284 ; 0.388306
6.72279 ; 8.02581 ; 2.66367 ; 2.122
4.58854 ; 4.85727 ; -3.103 ; -2.69697
3.82331 ; 5.39123 ; -3.01919 ; 2.31115
3.39504 ; 3.35235 ; -2.40525 ; -2.55755
2.89134 ; 6.40578 ; -2.20565 ; -0.525123
6.22186 ; 7.85299 ; -0.463602 ; 1.79014
3.76375 ; 2.54882 ; -1.31565 ; -1.77552
8.75986 ; 4.55204 ; 1.29263 ; 1.49562
8.74502 ; 4.81268 ; 1.44111 ; 0.8812
2.71525 ; 8.07117 ; 0.131403 ; 0.985716
8.19004 ; 2.55468 ; 1.01029 ; -1.65274
4.81535 ; 3.51683 ; -2.41091 ; -3.21739
6.4391 ; 8.16466 ; -1.13183 ; 1.72747
4.93362 ; 8.68715 ; -2.36796 ; 0.0185274
3.03715 ; 2.94987 ; -0.869528 ; -2.58564
3.59395 ; 4.96505 ; -1.30232 ; -1.77202
3.20848 ; 3.56911 ; -2.64123 ; -2.95561
5.75235 ; 2.9176 ; 0.312564 ; -2.67892
7.50178 ; 6.70674 ; 2.60785 ; 3.17666
6.23116 ; 4.4474 ; 3.59013 ; 0.67063
4.06008 ; 2.87945 ; -3.1533 ; -2.46798
4.1981 ; 3.98161 ; -0.431488 ; 1.03403
8.5207 ; 8.22822 ; -0.0709584 ; -0.15261
7.87068 ; 4.71051 ; 2.37773 ; 0.270514
7.36346 ; 1.91438 ; 0.778592 ; -0.481299
2.38988 ; 7.22974 ; -0.531593 ; 1.61487
4.1538 ; 2.54746 ; -2.96122 ; -1.78861
8.67394 ; 2.68996 ; 1.00365 ; -1.32255
4.56864 ; 4.13501 ; -1.94055 ; 0.588139
4.20459 ; 7.71588 ; -2.38126 ; 1.52797
4.0454 ; 7.31989 ; -2.01247 ; 2.65309
7.95477 ; 4.69137 ; 2.44141 ; 1.69548
6.34442 ; 3.0185 ; 3.18583 ; -2.31771
7.46246 ; 7.72035 ; 2.22363 ; 2.45949
4.99589 ; 4.83322 ; -0.886587 ; 1.72864
8.24869 ; 2.01404 ; -0.366409 ; 0.226146
5.36354 ; 6.52855 ; -1.36068 ; 2.55531
2.80846 ; 2.11661 ; 0.359203 ; -0.0288438
2.19541 ; 2.33133 ; 1.77873 ; 0.39624
8.22243 ; 7.6912 ; 2.005 ; 0.374756
3.6482 ; 2.43322 ; -1.66418 ; -1.66859
6.8406 ; 2.32865 ; 0.09014 ; -1.55258
4.20359 ; 5.44949 ; -2.27822 ; 2.38063
6.24588 ; 7.79978 ; -1.16181 ; 2.28423
3.56422 ; 7.08621 ; -2.80504 ; 2.81532
8.22883 ; 6.84912 ; 2.37152 ; 2.05544
6.84251 ; 3.45972 ; 1.25409 ; -2.3247
3.86879 ; 6.66939 ; -0.590119 ; 1.66604
3.91774 ; 5.09321 ; -3.40561 ; -1.51018
3.7467 ; 2.31504 ; -1.21228 ; -1.80787
8.54375 ; 7.78623 ; 0.826624 ; 1.4706
7.3483 ; 4.35772 ; 2.89943 ; -2.65062
2.22317 ; 2.56104 ; 0.343637 ; -1.21985
2.62084 ; 5.70298 ; -1.39219 ; -1.97007
5.25098 ; 7.55853 ; 0.108069 ; 2.62806
6.36881 ; 4.41668 ; 1.79956 ; -0.681854
3.70989 ; 3.51862 ; -1.39178 ; -3.3816
3.51783 ; 8.09167 ; -1.3744 ; 1.50161
6.72093 ; 5.78759 ; -0.0613722 ; 3.16112
2.48959 ; 3.1303 ; -0.852801 ; -1.79835
4.66922 ; 8.01307 ; -0.552774 ; 1.94196
3.43856 ; 4.6602 ; -2.79459 ; -1.24945
7.60831 ; 6.34733 ; 2.03341 ; 3.34245
8.6629 ; 2.26334 ; -0.100334 ; -0.652892
8.65379 ; 2.83983 ; 0.923338 ; -1.38885
8.60716 ; 8.51742 ; -0.0826074 ; -0.992846
8.017 ; 7.52672 ; 1.63923 ; 1.64762
3.75136 ; 5.26475 ; -3.19303 ; 1.45976
3.90164 ; 4.31016 ; -0.881926 ; -2.05376
4.6941 ; 4.72311 ; -0.988934 ; 0.4505
8.05479 ; 4.18719 ; 1.56365 ; -2.71708
8.24009 ; 6.72836 ; 2.16309 ; 2.05703
8.74637 ; 3.13158 ; 0.892571 ; -0.529634
2.92259 ; 8.28972 ; 0.214727 ; -0.324023
5.66692 ; 7.36123 ; 0.461746 ; 2.69816
7.77975 ; 7.12214 ; 1.31324 ; 1.52487
6.41228 ; 7.80871 ; 0.16498 ; 1.56472
6.52705 ; 4.63749 ; 3.12873 ; 1.32784
6.37755 ; 7.56472 ; 2.48611 ; 2.62959
5.14114 ; 5.35937 ; -1.13395 ; -2.55494
3.99118 ; 5.60336 ; -1.21588 ; 2.46965
6.33786 ; 8.34771 ; 2.01335 ; 1.31524
6.67724 ; 2.36335 ; -0.163245 ; -1.82578
5.01474 ; 2.3948 ; -3.12541 ; -1.80926
6.98985 ; 3.73384 ; 3.4904 ; -2.41562
2.55809 ; 8.17026 ; 0.40858 ; -0.823579
6.98663 ; 5.25241 ; 0.0611768 ; 1.05129
6.27367 ; 6.54752 ; -1.04084 ; 3.15641
7.67977 ; 7.37873 ; 2.92635 ; 2.51371
2.83288 ; 2.19521 ; -0.307294 ; -0.575084
7.4942 ; 3.39176 ; 0.91197 ; -1.10506
5.71952 ; 3.38457 ; 2.74001 ; -2.21514
7.63331 ; 2.76665 ; 2.92539 ; -2.59383
4.321 ; 3.27213 ; -1.01746 ; -2.32081
5.69114 ; 8.51769 ; 1.49761 ; 0.867283
3.86397 ; 5.72047 ; -3.25519 ; 1.71702
4.48676 ; 4.54824 ; -2.29442 ; -3.46384
2.47162 ; 7.41126 ; -0.334355 ; -1.30993
4.81887 ; 6.59318 ; -1.99716 ; 2.18553
2.23793 ; 6.43219 ; -0.460978 ; 1.87055
2.74298 ; 2.57405 ; -1.21978 ; -0.17432
4.41741 ; 3.94906 ; -2.68422 ; -3.39222
3.73839 ; 5.30979 ; -2.28299 ; 2.15506
6.89147 ; 2.33856 ; 0.714588 ; -1.91592
3.31293 ; 4.79473 ; -2.80132 ; -2.56125
3.25737 ; 5.24798 ; -2.44775 ; 0.510827
8.30946 ; 8.17032 ; 0.818636 ; 0.871456
8.19113 ; 5.53536 ; 2.14438 ; 1.19126
6.98323 ; 6.83572 ; -0.0810106 ; 2.40801
3.66441 ; 3.00892 ; -2.74071 ; -1.38323
8.39999 ; 3.62641 ; 1.92818 ; 0.59456
4.82412 ; 4.13408 ; 0.705748 ; -2.42595
4.05513 ; 7.31095 ; -1.00866 ; 2.44995
5.43784 ; 3.9522 ; -0.194154 ; -1.7534
4.00752 ; 4.23497 ; -3.28454 ; -1.60954
7.68755 ; 2.41902 ; 2.58432 ; -1.706
7.74967 ; 7.02426 ; 1.92993 ; 0.923448
6.0264 ; 2.43795 ; 0.740982 ; -2.29226
4.10955 ; 1.75886 ; -1.9715 ; -0.118445
6.22719 ; 6.35812 ; 1.83892 ; -1.2656
5.48851 ; 2.36889 ; 2.24586 ; -1.95201
3.75597 ; 6.56227 ; -3.01842 ; 2.64672
8.30124 ; 2.73799 ; 0.600022 ; -2.0139
3.71825 ; 7.25919 ; -2.93986 ; 2.05579
4.33058 ; 6.54764 ; 1.27295 ; 0.455849
2.93606 ; 7.57375 ; -0.630094 ; 2.20405
7.11592 ; 6.25105 ; 0.575392 ; -1.6118
5.3079 ; 3.69005 ; -3.09172 ; -0.527094
7.92902 ; 1.85175 ; 1.67403 ; -0.118515
2.51659 ; 8.35399 ; 0.0540193 ; -0.476509
8.49234 ; 2.42157 ; 0.869421 ; -0.282357
5.07215 ; 4.16899 ; -0.292864 ; -2.93614
4.86219 ; 4.9537 ; -3.12126 ; 1.23151
8.75353 ; 4.40353 ; 1.12169 ; -3.2307
8.49139 ; 6.80116 ; 1.49157 ; 0.886603
2.72793 ; 7.73944 ; -0.89047 ; 1.70899
5.47192 ; 3.19085 ; -1.92718 ; -2.59478
5.80775 ; 6.52946 ; -2.35483 ; 1.34625
2.78323 ; 8.13 ; -0.780244 ; 0.976579
2.74088 ; 8.42037 ; -0.171185 ; -0.806453
3.81191 ; 8.65757 ; -2.29645 ; 0.142964
3.74285 ; 2.16367 ; -1.64069 ; -1.27835
6.26056 ; 2.80053 ; 0.214581 ; -2.63461
7.8058 ; 5.91062 ; 2.9361 ; 0.825793
2.63197 ; 3.68526 ; -1.29718 ; -3.26124
6.05295 ; 4.97242 ; 3.03684 ; -0.698386
5.09299 ; 1.99089 ; 1.34141 ; -1.01648
2.44419 ; 4.51065 ; -1.27065 ; -3.06719
2.40935 ; 2.46987 ; -0.606002 ; -1.38064
8.6143 ; 3.24479 ; 1.30541 ; -2.29282
7.3324 ; 3.18797 ; 3.19545 ; -2.82352
7.83794 ; 3.45184 ; 2.03575 ; -1.76637
8.70572 ; 7.06639 ; 1.45434 ; 2.57138
2.6382 ; 4.27994 ; -1.83035 ; 0.321905
4.7194 ; 5.6963 ; -3.48826 ; 2.4028
6.22858 ; 1.99221 ; 2.8386 ; -1.11911
9.08621 ; 6.9709 ; -0.096247 ; 2.02186
4.33589 ; 7.82333 ; -2.87379 ; 2.0553
8.04089 ; 5.82648 ; 2.19475 ; 2.13517
8.08295 ; 2.31614 ; 0.625038 ; -0.88431
2.84156 ; 5.88991 ; -1.88102 ; -2.10609
8.29638 ; 6.54268 ; 1.77741 ; -0.743777
7.37922 ; 3.45826 ; 0.971447 ; -2.61334
5.31013 ; 4.80618 ; 1.58319 ; -0.0980927
7.5796 ; 4.06868 ; 1.69861 ; -1.33019
7.91185 ; 2.45094 ; 1.73847 ; -1.31919
7.96878 ; 6.00054 ; 2.00366 ; 0.420197
6.12945 ; 4.1168 ; -0.618561 ; -3.66369
2.42843 ; 7.84593 ; -0.577682 ; 1.31827
2.83568 ; 3.09737 ; -1.94139 ; -2.70798
6.69116 ; 3.40373 ; 1.6337 ; -1.26862
4.0393 ; 2.12121 ; 1.08388 ; -0.842478
6.62998 ; 2.94061 ; -0.980636 ; -2.91584
5.63095 ; 8.0087 ; -2.62767 ; 1.64099
8.4691 ; 4.61878 ; 2.10341 ; -1.50882
5.65928 ; 3.2143 ; 2.11135 ; -3.08219
8.51161 ; 3.93259 ; 1.61679 ; -1.87346
6.82953 ; 5.36965 ; -1.03783 ; 1.43859
7.34074 ; 5.71221 ; 2.88629 ; 2.84973
7.61242 ; 3.47649 ; 2.6516 ; -0.974897
7.38156 ; 5.31628 ; 2.67881 ; 1.07648
5.90626 ; 8.28814 ; 1.99542 ; 1.25537
3.02766 ; 8.65213 ; -0.0154926 ; -1.33201
6.5264 ; 3.06409 ; 0.759016 ; -2.97827
4.6936 ; 6.00841 ; 1.50487 ; 0.143363
3.17671 ; 2.19666 ; -1.86409 ; -1.35423
7.23702 ; 7.09017 ; 0.349618 ; 3.14654
2.39149 ; 6.97653 ; -0.940121 ; 1.60121
6.48482 ; 4.97803 ; 0.176462 ; -1.33555
6.58405 ; 7.74132 ; 2.95167 ; 2.5085
2.59537 ; 3.91225 ; -1.47854 ; -0.286545
3.12894 ; 3.52572 ; -1.11969 ; -3.40288
3.88928 ; 2.75125 ; 0.507781 ; -1.80058
5.49999 ; 4.85078 ; -2.08563 ; 1.65233
3.83028 ; 6.00368 ; -2.5949 ; 2.41381
3.56929 ; 2.37335 ; -1.0906 ; -1.30922
8.07158 ; 2.13291 ; 0.0542897 ; -0.500496
5.6055 ; 7.03122 ; -0.244666 ; 2.99666
7.64537 ; 7.4421 ; 2.12842 ; 2.60374
3.20784 ; 8.12813 ; -1.68303 ; 0.785673
8.58113 ; 8.51911 ; 0.203531 ; -0.950879
4.30832 ; 6.28757 ; -2.94749 ; 3.13255
4.40816 ; 2.04008 ; -1.67682 ; -1.19809
7.46689 ; 4.10225 ; 0.804042 ; -3.50453
6.17052 ; 2.86514 ; -0.686638 ; -2.45156
5.61509 ; 7.43658 ; 0.552891 ; 2.3796
3.33001 ; 6.63459 ; -2.23234 ; 0.657922
8.58342 ; 3.75516 ; 1.71461 ; -2.59381
4.58059 ; 6.4939 ; -3.24078 ; 0.0508188
4.29565 ; 3.52766 ; -3.36921 ; -0.572783
7.43736 ; 2.3876 ; 2.10692 ; -1.99722
5.29288 ; 4.33149 ; -1.21759 ; -1.27048
6.06121 ; 4.42352 ; 3.3069 ; -2.75571
2.7797 ; 4.66954 ; -1.65843 ; 1.54966
3.88183 ; 7.28022 ; -2.25436 ; 2.69225
4.16519 ; 7.27031 ; -1.48513 ; 2.36451
7.92512 ; 4.62113 ; 2.81306 ; -0.146302
5.47434 ; 6.70388 ; -3.26993 ; -0.218823
6.13486 ; 3.26442 ; 0.645413 ; -2.81368
2.76669 ; 7.68327 ; -1.19013 ; 1.13227
4.01261 ; 5.8091 ; -2.4819 ; 3.1703
5.9796 ; 3.38176 ; -0.695485 ; -3.2748
8.84536 ; 3.26832 ; 0.86029 ; -1.96419
6.81103 ; 3.40076 ; 0.28549 ; -3.25503
7.42203 ; 3.18919 ; 2.87019 ; -1.77934
2.91854 ; 4.05999 ; -2.05209 ; -1.578
7.32813 ; 3.04499 ; 2.7949 ; -2.42624
4.28058 ; 7.0915 ; -3.29297 ; 1.87123
5.29615 ; 7.52226 ; 0.673989 ; 2.54224
3.28659 ; 7.99181 ; -2.18028 ; 1.39131
7.10186 ; 6.79904 ; 2.646 ; 0.346494
6.03311 ; 4.25867 ; -1.98313 ; 0.699605
4.5548 ; 4.87277 ; -1.01563 ; 1.08363
7.63701 ; 6.63205 ; 2.4256 ; 3.31445
2.19257 ; 6.6056 ; -0.302366 ; 1.53164
7.92419 ; 7.38356 ; 2.60935 ; 1.14317
3.97008 ; 4.52848 ; -0.805802 ; -0.59586
5.31537 ; 3.1785 ; -0.109054 ; -2.28025
8.75167 ; 3.49037 ; 1.34739 ; -2.86896
4.25998 ; 8.45583 ; -0.991917 ; 0.968625
2.8849 ; 2.84746 ; -1.57663 ; -1.73943
7.07486 ; 3.41918 ; 0.119755 ; -2.32121
4.94661 ; 4.43931 ; -2.96046 ; -2.17872
4.13489 ; 7.6545 ; -2.78506 ; 2.27266
6.79017 ; 3.80613 ; 0.355724 ; -2.14543
7.70315 ; 7.59035 ; 1.93047 ; 1.26784
6.06037 ; 6.82438 ; 1.63245 ; 2.51002
2.83964 ; 3.62058 ; -1.72683 ; -2.76742
4.22217 ; 1.92969 ; 0.24932 ; -0.527147
4.03562 ; 8.46894 ; -1.48664 ; 0.846506
4.25853 ; 4.42788 ; -0.124757 ; 0.730881
6.33589 ; 6.998 ; 1.81714 ; 2.32278
8.1609 ; 7.17409 ; 2.15025 ; -0.209979
3.80431 ; 3.86386 ; -3.18821 ; -2.85206
2.50322 ; 8.07043 ; -0.356294 ; 0.410507
7.86161 ; 7.35357 ; 2.75707 ; 1.60495
7.5546 ; 8.40864 ; 2.20511 ; 0.969322
6.53275 ; 5.23308 ; 1.11382 ; 2.40344
8.10998 ; 3.53013 ; 2.01326 ; -2.68967
5.29901 ; 6.67344 ; 1.73102 ; 3.508
8.13106 ; 2.29456 ; 1.94958 ; -1.08271
7.56607 ; 2.01943 ; 1.88004 ; -1.05271
3.65144 ; 4.71145 ; -2.23223 ; -0.226481
7.52863 ; 6.99274 ; 2.66264 ; 1.38871
2.81251 ; 7.74494 ; -1.43606 ; -0.458365
3.15429 ; 8.24817 ; -1.45399 ; 1.12751
7.9754 ; 2.72618 ; 2.211 ; -2.03379
2.6199 ; 6.20468 ; -1.74322 ; 2.21608
2.81525 ; 7.90852 ; -1.47826 ; 1.08395
2.84481 ; 6.85256 ; -1.64652 ; 0.983556
4.75873 ; 3.47022 ; -3.59467 ; -1.69976
2.33449 ; 7.29307 ; -0.543068 ; 1.56178
6.04536 ; 3.65128 ; -1.27766 ; -3.1731
4.68751 ; 5.09301 ; 0.17758 ; 1.50669
4.46841 ; 4.06478 ; 0.211183 ; -1.40814
3.1089 ; 2.80372 ; -2.23026 ; -2.06049
8.20236 ; 2.58459 ; 2.13016 ; -2.05587
3.33961 ; 3.22775 ; -1.00215 ; -1.83518
7.54135 ; 2.59848 ; 1.08836 ; -1.86832
8.17099 ; 6.17033 ; 2.11189 ; 1.40128
3.52492 ; 2.10639 ; -1.61515 ; -1.16258
4.90277 ; 4.24026 ; 1.55115 ; -1.90412
5.47772 ; 4.19433 ; 1.03176 ; 1.12882
4.06203 ; 5.04043 ; -1.10705 ; -0.531985
4.2724 ; 3.52868 ; -2.46757 ; -2.85569
5.92214 ; 5.82839 ; 1.90086 ; 3.29359
2.78602 ; 7.79145 ; -0.875556 ; 1.15774
4.65247 ; 4.07691 ; -0.396973 ; -2.73822
3.49078 ; 2.67157 ; -1.9788 ; -2.13923
5.17227 ; 2.87459 ; 1.54872 ; -2.79834
5.00133 ; 3.85032 ; -1.30525 ; -3.5505
3.03268 ; 7.17965 ; -1.97994 ; 1.18578
4.23028 ; 5.65427 ; -0.505586 ; 2.03805
2.71388 ; 6.87245 ; -1.28006 ; -1.44829
2.6968 ; 8.57198 ; 0.836775 ; -2.01238
8.0143 ; 3.28925 ; 2.66578 ; -2.29536
4.30881 ; 4.82248 ; -2.66794 ; -0.691728
3.90295 ; 1.89938 ; -1.67913 ; -0.630095
7.08552 ; 2.72656 ; 2.9709 ; -2.60082
4.25223 ; 2.81 ; -2.88091 ; -2.60876
6.87022 ; 3.24907 ; 1.77258 ; -2.94203
3.75476 ; 7.55868 ; -3.09191 ; 0.639734
4.83332 ; 7.28205 ; -1.89628 ; 1.85949
3.45307 ; 3.35181 ; -1.01227 ; -1.77932
8.23382 ; 6.09788 ; 2.47672 ; 1.91314
7.95326 ; 7.29423 ; 1.92011 ; 2.53266
6.25942 ; 2.00122 ; 0.278837 ; -1.18953
2.9457 ; 4.18411 ; -2.2427 ; -2.64588
4.72283 ; 7.7663 ; -2.15061 ; 2.52151
6.8828 ; 5.52942 ; 0.174842 ; -2.96365
7.29747 ; 7.13566 ; 2.47216 ; 2.8236
4.81662 ; 2.84787 ; 0.390051 ; -2.4523
8.22892 ; 4.65135 ; 2.19531 ; 1.1868
2.81437 ; 7.5496 ; -1.08069 ; 1.71244
8.68958 ; 6.36923 ; 1.55321 ; 2.41979
5.89138 ; 6.37538 ; 0.671907 ; 3.17604
5.50586 ; 2.27628 ; 2.44113 ; -1.44523
7.97121 ; 3.51747 ; 1.40195 ; -3.0979
2.87 ; 2.1965 ; -1.14228 ; -0.922335
3.13981 ; 2.00683 ; -1.78488 ; -0.170348
8.47879 ; 8.22896 ; 0.999068 ; -0.172537
8.94892 ; 5.47191 ; 0.731477 ; 2.16343
7.57624 ; 8.61544 ; 1.18726 ; -0.0729233
8.49195 ; 2.08401 ; -0.854544 ; 0.482619
4.31428 ; 2.37727 ; -3.13805 ; -1.7978
7.34863 ; 2.61664 ; 3.10048 ; -1.47183
3.61124 ; 7.24144 ; -2.11099 ; 2.46939
4.31463 ; 3.45771 ; -3.21713 ; -3.37929
8.30451 ; 7.16214 ; 1.68572 ; 2.58033
6.94523 ; 7.12023 ; -0.61938 ; 1.72803
4.25791 ; 6.2705 ; -3.13545 ; 1.0455
5.82639 ; 5.13517 ; -1.89682 ; 2.63071
5.01963 ; 5.77794 ; 0.73427 ; 0.373724
8.94348 ; 8.23879 ; -1.95808 ; -1.10335
5.19761 ; 6.81337 ; 2.66203 ; 1.62315
3.34222 ; 4.26074 ; -1.67008 ; 0.668645
4.35745 ; 7.98333 ; -2.9527 ; 1.89462
4.12714 ; 3.42675 ; -2.21579 ; -1.50864
8.32587 ; 6.37642 ; 2.26003 ; 0.0176599
4.81242 ; 8.54623 ; 0.0570533 ; 0.654679
7.99426 ; 8.15471 ; 2.12445 ; 0.591364
2.78406 ; 7.76636 ; -1.21238 ; 0.371694
8.28184 ; 4.9963 ; 1.47219 ; -3.27953
6.66982 ; 8.38813 ; 2.53435 ; 1.14068
4.97312 ; 3.96131 ; -2.59548 ; -2.30253
7.22272 ; 5.60433 ; 2.55938 ; -0.739394
4.52363 ; 6.10909 ; -3.45755 ; -1.32383
8.02656 ; 6.5949 ; 2.42263 ; 1.96862
7.5082 ; 3.10138 ; 2.85128 ; -1.16933
7.39663 ; 3.68431 ; 1.92391 ; -3.01217
4.03915 ; 3.91848 ; -0.805398 ; -3.38568
7.77191 ; 2.65823 ; 2.65594 ; -2.08413
7.29201 ; 6.87637 ; 2.00406 ; 1.9021
9.03822 ; 7.3492 ; -0.296566 ; 0.771314
4.40232 ; 2.78298 ; -2.14697 ; -2.79027
8.26442 ; 8.33533 ; 0.129946 ; 0.17643
4.99764 ; 4.19362 ; -1.51574 ; -0.42613
7.3823 ; 6.94872 ; 2.55322 ; 1.20485
7.62133 ; 6.10338 ; 1.83239 ; 0.945421
6.9486 ; 7.03846 ; -0.791384 ; 2.16776
5.08278 ; 8.19936 ; -2.15911 ; 1.8077
8.83619 ; 7.67576 ; 0.363761 ; 0.637502
8.54385 ; 4.71887 ; 1.83561 ; 0.908484
8.30098 ; 3.30911 ; 1.77162 ; -1.04929
8.36029 ; 3.25605 ; 1.65189 ; -2.35391
6.2044 ; 5.28511 ; 0.146362 ; -1.12555
6.65436 ; 4.32908 ; 2.91098 ; 0.84112
7.47866 ; 7.79047 ; 2.34815 ; 2.2107
5.86109 ; 4.69717 ; 2.26384 ; -0.860993
3.82232 ; 6.41526 ; -0.761306 ; 2.41122
7.06831 ; 6.48162 ; 3.45177 ; -0.385515
3.24595 ; 8.60161 ; -0.222198 ; -0.605532
4.25217 ; 3.13618 ; -2.54428 ; -2.88373
2.43827 ; 3.64192 ; -1.43064 ; -2.87347
7.28526 ; 3.49049 ; 1.30573 ; -3.43518
5.19739 ; 5.29076 ; 2.45714 ; -2.02398
6.54358 ; 2.40868 ; 2.56915 ; -2.10763
4.07385 ; 4.54466 ; -3.14038 ; -2.50336
8.7047 ; 7.75406 ; 0.949071 ; 1.17748
8.00221 ; 3.83291 ; 2.45362 ; -3.23624
7.32733 ; 7.67648 ; 1.6258 ; 2.33126
8.16494 ; 8.14016 ; 1.28834 ; 1.38315
5.05631 ; 4.42031 ; -0.211539 ; 0.960506
2.87664 ; 7.49515 ; -0.640598 ; 2.05238
3.55293 ; 3.21154 ; -2.08684 ; -1.1493
5.6464 ; 6.80248 ; -0.891918 ; 3.06257
8.62993 ; 8.20505 ; 0.312931 ; -0.227583
7.23161 ; 6.11102 ; 0.0488101 ; -0.121945
6.07252 ; 3.70973 ; -1.73645 ; -2.43831
7.92211 ; 2.28776 ; 2.26445 ; -0.649524
4.11054 ; 7.37595 ; -3.12668 ; 1.5247
3.05401 ; 8.44907 ; -1.42762 ; 0.18742
6.05491 ; 3.88406 ; 2.85515 ; -0.210259
4.10779 ; 6.03445 ; 0.466789 ; 1.45982
6.89623 ; 6.33694 ; 2.61252 ; 3.15987
7.17263 ; 8.09356 ; 2.77147 ; 1.45245
2.5699 ; 8.37185 ; 0.283768 ; -1.68794
2.42736 ; 2.05453 ; 0.740232 ; 0.814811
7.85136 ; 2.56358 ; 0.390241 ; -2.06369
7.09407 ; 2.46166 ; 0.0801463 ; -1.87079
3.71855 ; 4.10505 ; -2.80874 ; -1.23811
3.06622 ; 2.7747 ; -1.34438 ; -2.32089
2.50936 ; 8.02343 ; -0.441267 ; 0.825746
6.04139 ; 4.23026 ; -1.37385 ; -3.10964
8.56306 ; 7.12837 ; 1.61898 ; 1.80142
5.14367 ; 2.75236 ; -0.143471 ; -1.87817
8.64708 ; 8.37357 ; -0.0785179 ; -0.406699
6.9448 ; 7.69385 ; 2.81346 ; 2.57369
6.15196 ; 7.73604 ; 0.30168 ; 2.44144
8.43352 ; 3.17325 ; 1.73268 ; -1.56615
3.96141 ; 4.38574 ; -3.47593 ; -1.77449
3.87922 ; 1.98472 ; -1.95033 ; -0.831075
3.27816 ; 8.52519 ; -1.45422 ; -0.0534763
2.65354 ; 3.1427 ; -1.61351 ; -2.74894
8.3278 ; 3.91191 ; 1.68396 ; 0.375903
7.20205 ; 3.812 ; 2.06694 ; -0.739106
3.21461 ; 4.26793 ; -2.15045 ; -1.86927
7.00091 ; 7.32713 ; 3.29386 ; 2.55462
7.22509 ; 7.4188 ; 0.243519 ; 2.41777
7.94339 ; 6.39748 ; 2.73378 ; 2.82562
5.1031 ; 7.37087 ; -1.07187 ; 2.54784
3.64666 ; 4.31331 ; -3.01609 ; -1.50459
7.50557 ; 4.09409 ; 1.22049 ; -3.39489
6.16568 ; 2.9562 ; 1.26968 ; -2.30609
6.64851 ; 5.79963 ; 0.620255 ; 1.06485
6.04535 ; 3.8989 ; 0.877611 ; -3.18017
4.8775 ; 7.9374 ; 0.894042 ; 1.66926
7.73494 ; 5.23875 ; 2.98819 ; -0.179669
5.13828 ; 8.03917 ; 1.38159 ; 2.08441
4.233 ; 5.39929 ; -3.45976 ; -2.23076
