4.51197 ; 5.95551 ; 0.101259 ; 3.14415
2.82279 ; 5.33666 ; -1.27287 ; -1.63089
3.22933 ; 5.7103 ; -0.960926 ; -0.0106949
8.32963 ; 8.21836 ; -1.54096 ; -1.21772
5.7516 ; 4.21784 ; 1.13089 ; 1.80082
8.62235 ; 7.89158 ; -1.0473 ; -1.867
4.42771 ; 4.61682 ; 0.761786 ; 0.382921
4.75683 ; 5.13289 ; 0.69919 ; -3.00889
3.59919 ; 6.20028 ; -2.59609 ; -1.17829
3.08108 ; 2.51418 ; -1.4422 ; -0.985267
2.98299 ; 5.45362 ; -1.30159 ; 2.18552
5.04372 ; 4.22185 ; -2.45415 ; 0.928293
7.86834 ; 6.30427 ; 2.37647 ; 2.32584
6.96321 ; 7.16809 ; 2.93664 ; 0.000836611
4.30572 ; 6.55026 ; -2.49324 ; 1.38501
4.75083 ; 2.70275 ; -2.79489 ; -1.28596
7.86095 ; 6.76413 ; 1.35604 ; 2.20092
2.26391 ; 3.61734 ; 0.396497 ; -1.77192
5.49938 ; 5.33016 ; 0.833977 ; 0.872529
6.79917 ; 3.91652 ; 2.62026 ; -0.445747
2.8489 ; 2.2302 ; 0.762126 ; 0.862581
8.94282 ; 2.62963 ; -1.21072 ; -0.585695
4.10852 ; 2.09207 ; -0.679019 ; -0.609368
5.09411 ; 4.17415 ; -3.13712 ; 0.234169
7.05822 ; 2.36996 ; 1.78937 ; -1.47203
3.70694 ; 5.43958 ; -2.45969 ; -1.84872
6.07676 ; 6.76594 ; 1.53356 ; -0.397295
5.78301 ; 5.71673 ; 2.836 ; -0.411956
8.75384 ; 8.29895 ; -2.38839 ; -2.64275
5.27316 ; 6.1264 ; -1.58692 ; 3.06232
2.96432 ; 4.21724 ; -1.5837 ; -0.0411772
5.49576 ; 7.77868 ; 1.1542 ; 1.51403
3.14526 ; 2.89989 ; -1.7977 ; -1.46714
2.12825 ; 4.38069 ; 1.24341 ; -2.09029
7.87579 ; 6.86043 ; 2.48317 ; 2.15574
2.93642 ; 7.90126 ; -1.02791 ; 0.932524
6.93069 ; 7.16232 ; 2.0551 ; 2.49752
7.50072 ; 7.91029 ; 1.60515 ; 1.19969
7.8319 ; 1.99632 ; 1.4207 ; 0.0284271
7.48079 ; 4.60262 ; 2.90901 ; -2.43882
6.06805 ; 5.01588 ; -0.35188 ; -2.71311
6.42746 ; 1.79523 ; 0.285687 ; 0.825009
5.41918 ; 5.63844 ; -2.52945 ; -1.67359
6.32782 ; 7.40433 ; -0.878811 ; 1.43114
8.71209 ; 5.14043 ; 0.393763 ; 1.25164
6.80444 ; 7.3829 ; 0.63761 ; 0.918805
2.21774 ; 7.56227 ; 1.72341 ; 0.393038
8.02355 ; 5.74173 ; 0.995044 ; -0.0701591
7.83707 ; 6.2176 ; 2.10289 ; 1.44905
2.58565 ; 8.09661 ; 0.848491 ; -1.60184
7.71055 ; 7.53834 ; 1.83723 ; 2.08703
2.58485 ; 8.29022 ; 1.09194 ; -1.20922
7.93774 ; 7.85233 ; 0.659014 ; 0.930713
8.79197 ; 2.82214 ; -0.862232 ; -0.128504
6.00352 ; 6.16369 ; 1.67652 ; 1.99206
8.1016 ; 4.53145 ; 1.51697 ; 1.5708
2.39755 ; 6.23591 ; -0.230366 ; -0.744989
8.00018 ; 2.58383 ; 1.79527 ; -0.384553
2.5528 ; 7.6084 ; -0.11986 ; -0.320649
3.18015 ; 2.57226 ; -1.80735 ; -1.72498
6.42036 ; 6.04502 ; 3.10861 ; -0.934047
8.04173 ; 7.87555 ; -0.113976 ; 0.12023
7.92382 ; 2.09799 ; 1.5098 ; -0.17408
3.78433 ; 6.46702 ; -2.73126 ; 0.313045
2.64987 ; 2.02554 ; 1.93633 ; 3.12866
6.8047 ; 1.7592 ; 2.15677 ; 1.1639
2.82548 ; 7.178 ; -1.35827 ; 1.86156
4.26139 ; 8.41611 ; -0.798683 ; -0.253978
7.73358 ; 8.1377 ; 2.10478 ; 1.0348
8.71105 ; 5.55409 ; 0.669892 ; 1.63411
3.87956 ; 6.58729 ; -2.87929 ; 0.427186
6.58463 ; 7.69898 ; 2.53027 ; 2.0577
3.1091 ; 8.10439 ; -1.02168 ; 0.630327
7.13172 ; 5.92535 ; 2.6333 ; 2.46562
8.44916 ; 4.19243 ; 1.21434 ; -1.21933
3.29071 ; 1.92594 ; 0.115357 ; 0.93719
2.64251 ; 7.11623 ; -0.252993 ; 1.87437
3.0593 ; 6.3467 ; -1.73843 ; 0.928414
5.02384 ; 8.21182 ; 0.306124 ; 0.839846
4.90408 ; 2.70516 ; 0.766237 ; -2.17317
2.29901 ; 5.82038 ; 0.353276 ; 1.80731
3.32631 ; 3.23553 ; -0.682773 ; 0.307021
8.11693 ; 3.69656 ; 1.67507 ; -0.619702
8.26735 ; 8.10958 ; 1.12738 ; 0.453992
2.57125 ; 3.25476 ; -0.220027 ; -0.959771
4.60815 ; 7.59395 ; -2.03835 ; 1.89952
3.13106 ; 3.46642 ; -2.02776 ; -0.0291287
4.44522 ; 4.66352 ; -0.805507 ; -0.149378
3.5591 ; 5.36292 ; -2.01007 ; 2.19684
8.37131 ; 2.65502 ; -0.370775 ; 0.281477
8.00081 ; 2.14329 ; 1.58009 ; 0.451193
5.79527 ; 7.12298 ; -0.0283823 ; 2.39004
4.70738 ; 6.60769 ; 0.315448 ; 0.628372
5.07154 ; 8.46678 ; 1.41217 ; -0.180005
5.20923 ; 6.45433 ; -2.01016 ; -1.43557
2.46132 ; 2.73079 ; 1.07355 ; 0.313247
7.49511 ; 4.01026 ; 2.95773 ; -2.93536
7.61691 ; 5.17087 ; 1.17343 ; -1.53183
4.68384 ; 7.94641 ; -2.65041 ; 0.342514
3.50535 ; 2.95487 ; 0.300434 ; -0.938952
8.41975 ; 2.45376 ; 0.568649 ; 0.395134
3.10229 ; 7.85055 ; -1.49694 ; 0.0965149
4.99077 ; 5.84348 ; -0.980889 ; -0.297613
2.83664 ; 4.47091 ; -1.68998 ; -1.76537
8.22018 ; 3.69777 ; 1.60469 ; -2.95812
8.08912 ; 8.56025 ; 0.875311 ; -1.02501
4.81123 ; 5.14483 ; -0.865446 ; 1.59722
7.27042 ; 2.98422 ; -0.369517 ; -2.31898
5.39376 ; 3.2365 ; 0.440878 ; -2.39843
2.91201 ; 3.60613 ; -0.806317 ; -2.94555
3.06157 ; 4.9631 ; -1.94011 ; -0.0806808
6.89271 ; 3.02637 ; 2.46264 ; -2.14124
2.47786 ; 3.06756 ; 0.188529 ; -2.12923
4.66589 ; 7.78247 ; -0.150195 ; 1.9585
6.64533 ; 2.50908 ; 2.75043 ; -0.661039
3.04734 ; 2.90278 ; -1.66867 ; -2.15736
3.039 ; 8.34604 ; -0.851418 ; -0.288534
6.90295 ; 7.39112 ; -0.36395 ; 2.49814
4.28274 ; 4.52399 ; 0.0158507 ; -3.43267
8.22194 ; 3.32101 ; 0.28215 ; -2.43365
3.8003 ; 1.9222 ; -1.44354 ; 0.159222
7.50609 ; 3.51575 ; 2.78131 ; -1.86026
4.87668 ; 3.69409 ; -2.80168 ; -2.36006
6.34233 ; 5.23259 ; 1.5282 ; 2.69352
7.37736 ; 3.60554 ; 2.6123 ; -3.11541
7.31289 ; 4.43775 ; 0.116257 ; -1.96406
4.88561 ; 3.46823 ; 0.656525 ; -0.630861
8.61548 ; 8.38591 ; -1.19152 ; -1.45318
8.46659 ; 5.23806 ; 1.51591 ; -2.33419
7.94433 ; 4.42441 ; 1.64149 ; 0.926444
2.59137 ; 7.1618 ; -0.547029 ; -0.0460141
4.61807 ; 3.92907 ; 0.946123 ; -3.09799
8.46544 ; 2.56794 ; 0.555402 ; 0.491303
6.39717 ; 2.37161 ; -1.46256 ; -1.38433
4.14256 ; 5.93637 ; -1.81714 ; -0.450638
4.69411 ; 7.49517 ; -2.41207 ; 2.46297
8.57903 ; 2.62582 ; 0.570877 ; -1.18159
3.86615 ; 2.0074 ; -1.27892 ; -0.0466679
3.42806 ; 2.21748 ; -0.764923 ; -0.674523
4.15005 ; 2.43048 ; 1.70394 ; -0.623887
3.18848 ; 7.17086 ; -0.968134 ; 2.29321
4.59166 ; 1.95797 ; 1.60337 ; 0.375248
3.87151 ; 2.79366 ; -2.62513 ; -2.15928
4.87561 ; 3.84036 ; 0.309503 ; -2.86087
4.32427 ; 8.0745 ; 0.581206 ; 1.02086
2.20849 ; 5.65998 ; 0.69388 ; 1.25053
6.67197 ; 2.13317 ; 2.0464 ; -0.362805
8.33257 ; 2.80135 ; 0.882594 ; -2.00491
8.83906 ; 6.04097 ; -0.224221 ; -1.83357
8.94867 ; 8.00363 ; -2.92376 ; -0.816284
7.15957 ; 7.13456 ; 2.38582 ; 2.77086
4.56252 ; 6.81046 ; -0.727864 ; 2.99635
8.57665 ; 8.26154 ; -1.01706 ; -2.4338
5.02191 ; 5.38674 ; -1.96371 ; 0.504049
2.75847 ; 2.90165 ; -0.288918 ; -1.00879
4.08134 ; 3.1925 ; 0.647226 ; -1.28535
5.99411 ; 5.23357 ; -1.16808 ; -0.837247
3.93702 ; 7.1707 ; -1.6432 ; 1.90704
2.18262 ; 7.37966 ; 2.18242 ; 0.164366
8.32728 ; 7.20913 ; 0.328413 ; 2.37618
3.00882 ; 1.88033 ; -0.278289 ; 1.3675
8.51588 ; 4.81708 ; 1.38359 ; -1.28663
4.65848 ; 6.24598 ; 0.544433 ; 2.5838
3.43879 ; 2.48588 ; -2.12565 ; -1.68636
4.08213 ; 2.38312 ; -1.68251 ; -0.769793
6.37481 ; 4.79397 ; 2.27292 ; -0.0257744
6.01995 ; 4.46351 ; -1.88827 ; -3.46373
7.4824 ; 1.82328 ; 1.64551 ; 0.725803
4.60712 ; 4.782 ; 1.22947 ; 2.49568
5.37339 ; 5.48187 ; -2.95867 ; -1.99252
5.31011 ; 2.08623 ; -2.41696 ; -0.428065
2.48038 ; 2.40441 ; 0.828081 ; 0.536021
3.94806 ; 7.67771 ; -1.63649 ; 0.808926
4.14232 ; 6.13023 ; -1.73667 ; 1.22956
3.6301 ; 2.93546 ; -0.324854 ; -0.393471
6.37368 ; 7.08277 ; 0.868848 ; 1.60809
7.11467 ; 7.89792 ; 2.3742 ; 1.78317
8.59612 ; 2.54653 ; -0.593122 ; -0.374688
7.55179 ; 5.70977 ; 2.30937 ; -0.183487
6.29033 ; 3.94048 ; 1.31764 ; -2.74334
6.18637 ; 3.31222 ; -0.679866 ; -1.11158
8.73005 ; 6.12594 ; 0.581244 ; -1.81215
3.32798 ; 7.40625 ; -1.79449 ; 2.15121
2.47119 ; 7.91755 ; 0.25098 ; 0.551652
3.83895 ; 7.3295 ; -0.653994 ; 1.51478
7.5078 ; 4.79558 ; 1.52795 ; -0.716648
7.88733 ; 7.32866 ; 1.0162 ; 2.25566
6.92479 ; 2.51031 ; -0.136883 ; -1.31163
8.24043 ; 7.76681 ; 0.957627 ; 1.12627
3.77874 ; 8.47515 ; -1.86829 ; -0.067201
5.25665 ; 1.97694 ; -2.40603 ; -0.0747873
4.41157 ; 3.67033 ; -1.17982 ; -0.789541
8.66323 ; 7.15332 ; 0.763196 ; 1.38202
3.10729 ; 7.35511 ; -1.29532 ; 2.18235
8.31516 ; 6.06198 ; 1.14976 ; 2.90622
6.97954 ; 7.87453 ; 2.41119 ; 1.84937
2.33792 ; 7.76857 ; 1.33907 ; -0.830185
2.25186 ; 5.23683 ; 0.353393 ; -1.72148
8.47417 ; 2.32309 ; -1.14764 ; -0.254603
9.03009 ; 7.68972 ; -1.9956 ; 0.577731
2.65235 ; 8.08605 ; 4.12537 ; -4.63813
8.57867 ; 2.0824 ; -0.507782 ; 1.49009
7.39614 ; 5.93508 ; 0.467654 ; 3.1203
4.04993 ; 2.28848 ; -2.83197 ; -0.757282
8.6334 ; 8.44435 ; -0.922272 ; -1.72595
7.80058 ; 7.99285 ; 0.0223182 ; 1.09214
8.77838 ; 2.24441 ; -2.15727 ; 1.9653
7.26168 ; 2.29319 ; 0.825909 ; -0.450879
5.68744 ; 4.02404 ; 2.12754 ; 1.01011
7.13367 ; 5.17957 ; 2.22887 ; 2.23992
2.95862 ; 8.29277 ; -0.60791 ; -1.55227
4.61657 ; 6.39377 ; -1.02559 ; 2.03762
3.66806 ; 6.86782 ; -2.15828 ; -1.15441
3.43389 ; 6.79243 ; -1.24048 ; 2.31044
6.84667 ; 5.72657 ; 0.868907 ; -1.72638
7.51337 ; 6.43179 ; 2.95523 ; 0.259438
8.08544 ; 8.11784 ; 1.57721 ; -0.980778
8.13947 ; 1.91374 ; 0.757808 ; 1.09082
8.6183 ; 8.30531 ; -0.451891 ; -0.715329
7.49286 ; 7.90722 ; 0.797527 ; 1.06483
8.59548 ; 8.18644 ; -0.114347 ; -0.0776935
4.17825 ; 2.28092 ; -2.84531 ; -0.825371
2.53703 ; 8.00699 ; 1.66453 ; -0.502606
4.06681 ; 7.82398 ; -2.64569 ; 1.70264
2.68018 ; 3.54552 ; -0.840668 ; -1.48712
3.45544 ; 8.22553 ; -1.90205 ; 0.54685
4.48107 ; 8.58554 ; -2.32732 ; -0.460835
8.25211 ; 2.99505 ; 1.62106 ; -1.88939
2.78907 ; 6.26432 ; -1.13803 ; 0.172177
4.32739 ; 1.96331 ; -2.03031 ; -0.158154
6.29963 ; 3.42232 ; 3.02204 ; -3.00474
8.44766 ; 4.4172 ; 1.48941 ; -2.10867
7.81156 ; 3.63981 ; 2.16703 ; -2.64197
4.59115 ; 7.38213 ; -1.52478 ; 0.313259
8.13127 ; 4.02437 ; 2.08163 ; -2.25289
7.68636 ; 4.15112 ; 2.37595 ; -1.6804
8.63225 ; 2.30662 ; -1.00713 ; 0.240455
6.85943 ; 1.95824 ; 2.3694 ; -0.319538
6.41057 ; 2.26352 ; 1.57425 ; -0.743487
7.47712 ; 8.6648 ; 1.11402 ; -1.59454
2.71424 ; 8.3089 ; 2.14056 ; -2.41746
6.71869 ; 4.57853 ; -1.10975 ; 0.565211
2.51769 ; 3.10906 ; 0.217078 ; -0.0966766
5.81901 ; 3.43041 ; 2.10679 ; -2.46908
6.12464 ; 8.48661 ; 1.11459 ; 0.183377
8.0099 ; 3.3028 ; 1.2198 ; -0.494728
5.058 ; 3.40228 ; 1.92493 ; -3.1822
8.60097 ; 2.48187 ; 0.00121975 ; -0.946078
2.46797 ; 7.8358 ; 2.08468 ; -2.31449
7.11391 ; 5.29184 ; 1.26661 ; 1.03411
4.1022 ; 2.90164 ; -2.08652 ; -2.45913
6.45129 ; 2.33028 ; 1.52023 ; -1.52551
8.52148 ; 2.59686 ; -0.0863446 ; -1.37338
5.10953 ; 3.51029 ; -1.83913 ; -1.14812
6.33494 ; 2.81096 ; 2.28426 ; -1.77529
5.08788 ; 3.24185 ; 2.2218 ; -0.943025
8.93043 ; 2.90566 ; -1.68506 ; 0.773963
7.79917 ; 5.68824 ; 2.45159 ; 1.51229
8.08442 ; 3.60902 ; 1.61155 ; -2.57423
8.82284 ; 4.63617 ; 0.435118 ; -2.4814
3.97769 ; 2.07018 ; -1.86117 ; -0.12607
3.29312 ; 5.10333 ; -2.0754 ; 0.0824608
2.87042 ; 7.73982 ; -0.86114 ; 0.000180721
8.60546 ; 2.70581 ; -0.375248 ; -1.49734
2.26574 ; 2.76618 ; 1.20503 ; -0.600936
3.48178 ; 2.37246 ; -2.07488 ; -1.3152
4.25678 ; 2.05116 ; -1.28866 ; -0.176776
2.70401 ; 8.16032 ; 1.1899 ; -1.18735
8.73747 ; 7.90659 ; -2.19306 ; -3.02956
6.61123 ; 7.80061 ; -0.601139 ; 1.64808
4.71272 ; 7.57572 ; -1.18521 ; 2.31718
6.84184 ; 6.92606 ; 2.93965 ; 1.70448
7.59497 ; 1.87076 ; -0.0552133 ; 1.05121
2.77184 ; 8.21473 ; 0.0151511 ; -1.78244
4.57215 ; 2.9111 ; -2.81765 ; -1.06795
7.78862 ; 2.42729 ; 2.22735 ; -1.47093
6.59651 ; 8.34027 ; 2.7272 ; 0.717788
5.94381 ; 6.54885 ; 1.31729 ; 1.73102
7.35294 ; 4.49928 ; 0.405867 ; -2.61497
5.52662 ; 7.20465 ; 1.07497 ; 1.8833
3.97182 ; 4.36011 ; -0.866283 ; -0.0173899
8.6072 ; 8.41187 ; -2.46912 ; -3.54386
7.935 ; 8.48462 ; 1.54698 ; -0.647432
5.46639 ; 4.71138 ; 2.15614 ; 1.86907
2.45202 ; 6.58933 ; -0.183756 ; 0.747142
7.48527 ; 6.30347 ; 1.92583 ; 0.751526
3.05699 ; 6.37817 ; -1.36152 ; 0.474974
5.05954 ; 2.88654 ; -2.8426 ; -1.08
6.83686 ; 5.57729 ; -0.542804 ; -2.52436
7.28577 ; 3.81098 ; 0.594419 ; -2.0412
2.53058 ; 4.81779 ; -0.742913 ; -0.52316
5.27922 ; 8.12296 ; -2.15342 ; 1.18815
2.38805 ; 7.26223 ; 1.56061 ; -1.95341
2.60039 ; 8.29279 ; 2.02131 ; -2.42696
8.6854 ; 8.04969 ; -0.972796 ; -0.478266
4.46831 ; 2.09805 ; -0.0339053 ; -0.727774
6.90242 ; 5.76268 ; 1.75718 ; -0.442994
8.61635 ; 8.37693 ; -1.15883 ; -2.08429
4.52482 ; 2.0728 ; 0.59523 ; -0.0833795
5.15184 ; 5.23377 ; -2.28854 ; 2.7559
2.69012 ; 2.18751 ; 2.63504 ; 1.83691
7.4244 ; 3.10058 ; 0.408967 ; -0.695444
9.06706 ; 5.30785 ; -0.978677 ; -0.0965728
5.91993 ; 6.40889 ; -0.251538 ; 2.43555
2.88289 ; 8.23091 ; -0.531134 ; -0.977445
5.36666 ; 3.31411 ; 1.19341 ; -2.54556
3.71186 ; 8.09233 ; -0.717087 ; 0.820516
8.41475 ; 2.04959 ; -0.104246 ; 1.67844
3.68164 ; 7.89316 ; -2.57244 ; -0.48036
2.09922 ; 3.52033 ; 1.95945 ; -1.82836
8.71386 ; 4.76427 ; 0.714358 ; 0.90302
5.92407 ; 8.66981 ; -0.424739 ; -1.06856
5.3427 ; 2.22297 ; 1.80446 ; -1.08276
3.93907 ; 4.97362 ; -2.84795 ; -0.902878
8.37306 ; 4.74554 ; 1.0247 ; 0.345369
6.70273 ; 6.96904 ; 1.04479 ; 1.43074
5.60891 ; 5.52421 ; 1.09932 ; 2.09718
2.7128 ; 5.31732 ; -0.291504 ; -3.16496
6.10408 ; 3.77739 ; -1.55 ; -3.20125
3.75064 ; 2.79497 ; -2.58173 ; -2.07892
5.13634 ; 5.33645 ; -3.05981 ; 1.85189
2.44623 ; 2.26545 ; 1.70866 ; 1.30313
8.87771 ; 2.46711 ; -1.34466 ; 0.214393
8.27987 ; 2.69937 ; 0.623486 ; -1.76125
2.39643 ; 7.29446 ; 1.18754 ; -1.42242
7.57361 ; 5.79592 ; 2.55555 ; -1.43708
5.77128 ; 3.65492 ; -2.28738 ; -2.49009
7.71361 ; 4.41643 ; 1.58741 ; 0.766448
8.85284 ; 5.2517 ; 0.248151 ; -0.526614
7.5804 ; 5.30821 ; 1.6942 ; 2.41696
8.77963 ; 3.10039 ; 0.0232496 ; -0.380257
3.77757 ; 8.12242 ; -0.10528 ; 0.825327
8.18852 ; 8.11567 ; 0.678139 ; -0.833163
5.66333 ; 2.89172 ; -2.6911 ; -1.79517
8.18388 ; 4.49467 ; 2.09848 ; -1.77078
5.13867 ; 3.22751 ; -1.23683 ; -0.297478
4.29109 ; 5.09579 ; -2.33806 ; -2.04648
8.39615 ; 5.66974 ; 1.54846 ; 2.59146
2.58652 ; 8.1636 ; 0.32372 ; -0.505484
8.83676 ; 7.83266 ; -0.559322 ; 0.0625339
4.19429 ; 3.4316 ; -2.26557 ; -2.06818
3.4084 ; 6.93326 ; -1.64834 ; -0.626534
3.06221 ; 7.88884 ; -0.842656 ; 0.292071
6.74933 ; 2.55402 ; 1.83385 ; -1.89415
4.27569 ; 6.65546 ; 0.806746 ; 1.8922
2.97463 ; 6.10868 ; -1.78 ; 2.18558
6.27879 ; 2.44236 ; 2.5876 ; -0.865216
8.25531 ; 8.56599 ; 0.642177 ; -1.28947
8.62193 ; 7.71326 ; -0.0600884 ; -1.39633
3.57435 ; 2.0086 ; -1.81413 ; 0.324594
8.52481 ; 2.28437 ; -1.68254 ; 1.46726
2.90633 ; 2.02621 ; 1.38323 ; 1.74915
5.308 ; 6.63836 ; 1.34447 ; 3.22968
7.36456 ; 6.36261 ; 3.0631 ; 2.77356
7.73016 ; 3.76559 ; -0.0165691 ; -2.98893
3.98572 ; 2.60201 ; -2.59173 ; -0.435829
3.04631 ; 7.76507 ; -0.876028 ; 0.664964
4.76527 ; 2.52567 ; 0.619521 ; -1.31659
3.38405 ; 8.31136 ; -0.761102 ; -0.206415
4.33013 ; 6.0434 ; -0.322165 ; 2.55272
4.16347 ; 5.29506 ; -1.34396 ; -0.825231
7.37577 ; 6.02681 ; 3.1022 ; 2.59286
8.43296 ; 3.43226 ; 1.51437 ; -2.63751
2.92451 ; 7.31451 ; -1.39082 ; 1.11302
7.8899 ; 2.73752 ; 0.9782 ; -1.09318
2.80815 ; 5.63273 ; -1.23043 ; -1.95344
8.9772 ; 7.07267 ; -0.808503 ; 1.53591
8.43035 ; 7.92478 ; 0.103545 ; 0.31319
8.15084 ; 3.60306 ; 1.72278 ; -1.70397
6.68693 ; 8.39045 ; -0.128337 ; -0.00163138
8.76771 ; 3.65488 ; 0.416721 ; -0.0982539
8.80685 ; 7.95157 ; -1.84497 ; -0.638194
5.22253 ; 2.09398 ; -2.59404 ; -0.579405
5.95404 ; 6.23068 ; 1.73575 ; 2.87297
5.04826 ; 3.45209 ; -0.934826 ; -2.99959
7.40324 ; 7.86375 ; 2.78812 ; -0.283266
7.94192 ; 3.28695 ; 0.932985 ; -2.29362
2.54484 ; 8.26578 ; 1.81219 ; -1.4435
7.51912 ; 6.13347 ; 1.40253 ; -0.960925
7.24072 ; 4.09288 ; 2.19336 ; -2.74789
8.04029 ; 2.67994 ; 1.69523 ; -0.157887
7.64411 ; 4.81959 ; 0.546013 ; 2.39568
8.63733 ; 6.62933 ; 0.785682 ; 2.27722
7.64306 ; 4.94226 ; 0.133077 ; -2.52852
7.44593 ; 7.13701 ; 1.67439 ; 0.6334
2.56024 ; 2.7642 ; -0.447393 ; -1.36553
2.43804 ; 7.70202 ; 0.245948 ; 0.520889
2.82378 ; 2.4996 ; -0.0330753 ; -0.82131
5.2192 ; 1.96968 ; -2.46995 ; -0.195205
5.48073 ; 7.15897 ; 1.87671 ; 1.35269
2.50157 ; 2.89146 ; 0.085838 ; -1.99032
8.1328 ; 2.19188 ; 1.28085 ; 0.506664
3.86301 ; 8.13954 ; -2.32983 ; 0.986287
7.15616 ; 2.54522 ; 2.96898 ; -0.408431
7.43364 ; 6.99662 ; 1.92998 ; 1.221
2.83057 ; 2.81825 ; -1.35169 ; -1.21216
4.67003 ; 6.19887 ; -2.03074 ; 2.65255
3.62327 ; 5.42535 ; -2.74223 ; -1.72045
4.90287 ; 4.152 ; 1.7383 ; 0.771464
4.99521 ; 1.97933 ; 1.58964 ; 0.179699
8.78423 ; 7.90524 ; -0.770717 ; 0.48885
8.52418 ; 3.9825 ; 0.640515 ; 0.409012
3.77185 ; 3.15995 ; -2.12946 ; -2.73235
8.74506 ; 5.26473 ; 0.847421 ; 0.512237
7.57805 ; 4.03072 ; 2.56815 ; 1.06062
8.58424 ; 6.87461 ; 0.739942 ; 2.47817
2.83818 ; 7.64635 ; -1.04619 ; 1.6406
8.35974 ; 2.36469 ; -0.726143 ; 0.0804411
7.83147 ; 6.81794 ; 2.01771 ; 1.91183
8.68707 ; 4.03634 ; 0.44245 ; -0.280565
6.1608 ; 6.38664 ; 1.14883 ; -0.914327
5.27601 ; 3.70646 ; 1.65911 ; -3.06958
6.58722 ; 8.4908 ; 0.683669 ; -0.25056
3.95191 ; 8.17684 ; 0.874707 ; 0.10606
3.50688 ; 7.29549 ; -2.37003 ; 2.48801
4.81181 ; 4.7212 ; 1.17142 ; 0.304887
3.02099 ; 2.7618 ; -1.72411 ; -1.11175
2.624 ; 4.21895 ; -0.92028 ; -3.09377
2.70216 ; 8.29701 ; 0.996234 ; -1.62655
8.02585 ; 8.26516 ; 0.48419 ; -0.200657
3.23156 ; 5.79525 ; -1.89597 ; -0.245909
8.86465 ; 5.26118 ; 0.336735 ; -0.221518
6.0506 ; 6.05564 ; -1.14689 ; 2.34649
3.66146 ; 6.46024 ; 0.0652024 ; 2.03486
4.60644 ; 3.11931 ; -0.859315 ; -2.36812
2.26349 ; 6.87745 ; 0.715508 ; 0.719375
7.849 ; 7.40239 ; 1.52537 ; 2.10044
6.80844 ; 1.8492 ; 1.78608 ; 0.48992
8.24766 ; 6.71866 ; 1.33327 ; 1.74543
3.32499 ; 3.34986 ; -2.1232 ; 0.441556
2.34933 ; 3.60602 ; 0.276665 ; 0.793735
7.40234 ; 4.90067 ; 0.813215 ; 2.42324
8.01244 ; 5.01852 ; 1.22558 ; 2.5406
4.49879 ; 4.40686 ; -1.434 ; 1.15692
2.43573 ; 7.4089 ; 0.501409 ; 0.81039
7.97408 ; 4.07721 ; 1.88472 ; -3.16885
4.29339 ; 2.48791 ; -1.79106 ; -1.82017
7.98082 ; 3.00312 ; 1.90739 ; -0.169777
2.8539 ; 8.00259 ; 0.715588 ; -0.0989071
2.38581 ; 4.51489 ; -0.342608 ; 0.992736
7.3833 ; 5.32548 ; 2.71196 ; -2.5221
8.47571 ; 5.76189 ; 1.40685 ; 1.9121
6.89002 ; 5.084 ; 0.790548 ; -1.93042
2.73011 ; 2.80087 ; -0.916705 ; -1.28514
7.34564 ; 4.07368 ; 2.47919 ; -3.23784
6.57859 ; 3.04911 ; 0.207397 ; -0.400785
3.43698 ; 7.48739 ; 0.631031 ; -0.17697
8.28658 ; 7.58817 ; 0.583487 ; 0.992687
3.49272 ; 2.97197 ; -1.72668 ; -0.750964
2.61078 ; 2.49352 ; 0.249862 ; -0.731851
3.95096 ; 6.55064 ; -2.97089 ; 2.20732
5.46694 ; 7.19286 ; -1.42792 ; 0.228418
6.7446 ; 4.61953 ; -0.694704 ; -0.947454
8.12412 ; 7.37576 ; 0.783396 ; 1.55791
3.62091 ; 1.8031 ; -1.56173 ; 1.11782
5.53535 ; 7.91589 ; 0.066073 ; 1.74407
3.2285 ; 1.99665 ; -1.39435 ; -0.0360192
7.6208 ; 2.32208 ; -1.02792 ; -0.171119
6.01353 ; 3.99628 ; 3.12821 ; -1.79664
6.98786 ; 8.3159 ; 2.97235 ; -0.241429
2.53099 ; 8.0083 ; 0.67906 ; -0.550588
3.02758 ; 8.11981 ; -0.958499 ; 0.432615
8.36105 ; 7.15744 ; 1.12445 ; -0.458361
3.06273 ; 6.17367 ; -2.06911 ; -0.0744845
3.46799 ; 4.61698 ; -2.67624 ; -0.834721
5.79884 ; 1.94822 ; 0.945597 ; -0.143259
6.67749 ; 4.88856 ; 1.00622 ; -1.27134
5.50841 ; 2.37013 ; -0.419773 ; -0.8987
3.41158 ; 7.97209 ; 1.35822 ; 0.331244
3.57003 ; 1.99979 ; -2.16558 ; 0.561565
2.86772 ; 8.53426 ; 0.720947 ; -3.22278
3.05462 ; 1.8299 ; -0.552801 ; 1.83068
3.70632 ; 6.227 ; -1.96549 ; -0.856146
3.90728 ; 4.86696 ; -3.06828 ; -1.66575
2.21829 ; 5.654 ; 0.543439 ; 0.723608
5.73461 ; 2.82223 ; -1.52517 ; -2.36102
3.09439 ; 8.48212 ; 1.87047 ; -3.1328
7.4117 ; 7.25797 ; -0.315821 ; 2.58845
3.44579 ; 2.36574 ; -0.53855 ; -0.471582
2.88261 ; 2.0131 ; -0.403074 ; 0.575946
8.46823 ; 2.17005 ; 0.262425 ; 0.503847
7.85372 ; 6.05851 ; 0.894174 ; 2.53443
6.11821 ; 1.84903 ; 2.42085 ; 0.616166
2.61483 ; 3.67579 ; -0.736946 ; -1.19484
8.32035 ; 6.8168 ; 1.46111 ; 2.22462
2.5775 ; 4.3633 ; -0.539431 ; -2.09789
3.37631 ; 2.72999 ; 0.518603 ; -1.75772
5.09729 ; 1.81173 ; -2.37676 ; 0.719343
5.75214 ; 6.08705 ; 0.0143953 ; 2.91931
2.51173 ; 4.00282 ; -0.573478 ; 0.657505
2.61919 ; 6.1948 ; -1.18497 ; 2.02009
4.52293 ; 4.61957 ; -1.51745 ; -1.63164
2.45309 ; 5.44879 ; -0.547637 ; -0.156875
2.4897 ; 2.5294 ; 1.32515 ; -0.705733
8.41901 ; 2.24737 ; 0.107216 ; 0.863583
8.46099 ; 4.58514 ; 1.26387 ; -1.27934
6.70327 ; 8.1004 ; 2.5991 ; 1.44042
5.50926 ; 8.01248 ; 2.41528 ; 1.58946
8.94196 ; 3.06555 ; -1.01272 ; -0.843573
7.36194 ; 2.85273 ; 1.6033 ; -1.76148
8.15188 ; 4.26871 ; 1.43236 ; -0.9217
8.01845 ; 8.4486 ; 0.561894 ; -0.693697
5.24996 ; 6.854 ; 0.192837 ; -0.503854
2.30928 ; 2.36066 ; 3.10416 ; 1.46445
7.87719 ; 7.64212 ; 2.33138 ; 1.295
4.87565 ; 5.38613 ; 0.385644 ; 0.554825
2.41736 ; 2.7161 ; 1.05597 ; 0.0977374
9.07097 ; 3.0834 ; -1.86123 ; -1.18179
7.71901 ; 7.24843 ; 2.63341 ; 1.12844
8.35716 ; 4.27942 ; 0.668848 ; 1.06879
6.63104 ; 5.38729 ; 1.09449 ; -1.3487
7.59732 ; 1.93982 ; 0.750194 ; 0.434269
3.6812 ; 8.052 ; -0.859771 ; 0.389301
7.98917 ; 5.38727 ; 0.847084 ; -0.712165
8.59474 ; 8.41336 ; -1.2164 ; -1.75195
8.0307 ; 3.32936 ; 2.11567 ; 0.408015
8.22826 ; 6.85781 ; 1.66403 ; -0.513843
2.81049 ; 8.10343 ; 0.0401963 ; -1.85554
4.62833 ; 6.46542 ; -2.91186 ; 1.56466
2.87873 ; 4.92441 ; -1.35826 ; 1.82022
6.58851 ; 4.20611 ; 2.34501 ; -1.50598
8.29404 ; 6.78055 ; 1.62758 ; 2.26673
5.31176 ; 5.28715 ; -3.28764 ; -1.53996
6.81308 ; 7.29943 ; 2.96489 ; 0.288649
5.85257 ; 6.38606 ; 3.25673 ; 0.531118
6.85005 ; 5.35075 ; -0.121724 ; -1.93654
2.40487 ; 4.72506 ; -0.339059 ; -1.43243
7.16966 ; 2.63101 ; 0.502416 ; -1.7624
8.84881 ; 4.5704 ; 0.356716 ; -1.69095
6.25427 ; 7.01024 ; 0.300034 ; 1.3944
4.21828 ; 2.68925 ; -1.99977 ; -1.87838
6.4024 ; 7.76975 ; 0.628586 ; 1.67221
2.47465 ; 2.22606 ; 0.616741 ; 0.103742
6.7636 ; 7.48871 ; 1.51756 ; 2.05788
6.11451 ; 3.38948 ; -0.596639 ; -1.21811
4.61812 ; 3.84356 ; -0.354823 ; -0.34837
3.51673 ; 2.96587 ; -2.46531 ; -0.945165
9.03902 ; 3.03951 ; -1.41882 ; -1.18691
6.93528 ; 7.11889 ; 2.32904 ; 0.408523
7.55498 ; 3.60048 ; 2.76632 ; -0.874816
7.56043 ; 7.48142 ; 2.31114 ; 2.3439
4.57072 ; 2.01737 ; -0.564208 ; -0.448952
8.02834 ; 5.27026 ; 2.28284 ; -1.06376
5.40538 ; 3.24608 ; -1.94914 ; -0.400308
4.27424 ; 6.84414 ; -2.06607 ; 0.605847
4.52031 ; 6.71329 ; -0.596533 ; 0.938202
2.70309 ; 8.19372 ; 2.0755 ; -1.21166
7.75322 ; 4.05148 ; 2.01613 ; -0.899336
7.92624 ; 2.88671 ; 2.27125 ; -1.8387
2.37067 ; 7.41054 ; 0.109837 ; 1.25812
4.26971 ; 3.953 ; -3.21833 ; -1.17336
5.84411 ; 6.88884 ; -0.63747 ; 0.00522482
3.95656 ; 5.73948 ; -1.78657 ; 1.70851
7.74274 ; 5.6931 ; 2.24804 ; -0.539261
8.16345 ; 5.43908 ; 1.91023 ; 0.336531
3.34612 ; 3.34726 ; -0.919204 ; -0.421661
3.6983 ; 7.70034 ; -2.0386 ; 1.67677
3.01875 ; 5.79508 ; -0.914923 ; -2.64916
7.30232 ; 5.82863 ; 0.43991 ; -2.45622
3.14893 ; 8.49662 ; 0.72267 ; -1.48092
2.89203 ; 8.23431 ; 1.4552 ; -1.15043
8.37737 ; 2.47532 ; -0.959673 ; -0.381383
8.66855 ; 2.75346 ; 0.106406 ; 0.217258
2.52376 ; 3.74075 ; -0.393437 ; 0.616778
4.40961 ; 3.46711 ; 0.856004 ; -1.31925
5.90516 ; 8.34208 ; -1.91764 ; 0.272145
5.77934 ; 3.27137 ; -1.63951 ; -3.06939
4.20416 ; 2.74055 ; -2.74896 ; -0.618044
4.74618 ; 7.96461 ; -0.166521 ; 1.41522
8.7927 ; 2.17571 ; -2.53577 ; 2.13435
6.98916 ; 8.23801 ; 2.31449 ; 0.969114
4.27824 ; 4.58757 ; -2.87107 ; -2.72972
3.52139 ; 5.62234 ; -2.45656 ; 2.39914
3.15452 ; 3.09659 ; -1.57363 ; -1.88091
2.67077 ; 6.35326 ; -1.11217 ; -1.15735
6.1755 ; 8.03201 ; -0.784343 ; 0.747704
3.63218 ; 2.37126 ; -0.561966 ; -0.667495
8.88912 ; 4.7016 ; -0.0717955 ; 1.94783
8.88913 ; 4.9008 ; 0.104465 ; 1.15914
2.72839 ; 8.16975 ; 1.70138 ; -0.473701
8.29107 ; 2.3894 ; -0.193405 ; -0.462237
4.57426 ; 3.19509 ; -2.26047 ; -2.67874
6.32591 ; 8.33741 ; -1.62661 ; 0.48419
4.69683 ; 8.689 ; -2.18288 ; -1.72373
2.95019 ; 2.69131 ; 0.291407 ; -1.65947
3.46372 ; 4.78785 ; -0.586516 ; -1.82369
2.94436 ; 3.27355 ; -1.72352 ; -2.3696
5.7836 ; 2.64971 ; 0.275956 ; -1.87866
7.76257 ; 7.02441 ; 1.95883 ; 2.67935
6.59018 ; 4.51447 ; 3.47254 ; 1.03662
3.74475 ; 2.63265 ; -2.61667 ; -1.59291
4.15495 ; 4.08501 ; 0.0985903 ; 1.63847
8.5136 ; 8.21296 ; -1.64881 ; -1.81034
8.10845 ; 4.73756 ; 1.58426 ; 0.519249
7.44132 ; 1.86625 ; -0.0422918 ; 1.12352
2.33672 ; 7.39122 ; 1.07679 ; 0.681039
3.85768 ; 2.3686 ; -2.45498 ; -0.712759
8.77431 ; 2.5577 ; -0.491684 ; -0.129457
4.37459 ; 4.19382 ; -1.68912 ; 1.07698
3.96646 ; 7.86868 ; -1.88927 ; 0.49897
3.84415 ; 7.5852 ; -1.46125 ; 1.86745
8.19891 ; 4.86092 ; 1.60494 ; 2.07261
6.663 ; 2.78673 ; 3.02009 ; -1.5546
7.68482 ; 7.9663 ; 1.51537 ; 1.44355
4.90723 ; 5.00608 ; -0.740199 ; 2.02292
8.21205 ; 2.03666 ; -1.81279 ; 1.94348
5.22748 ; 6.78408 ; -1.38414 ; 2.20075
2.84438 ; 2.11372 ; 1.89218 ; 1.61838
2.37329 ; 2.37096 ; 3.82701 ; 2.03596
8.42293 ; 7.72868 ; 0.860979 ; -0.838947
3.48178 ; 2.26636 ; -0.860039 ; -0.473891
6.84961 ; 2.17339 ; -0.488095 ; -0.349565
3.97577 ; 5.68755 ; -1.89006 ; 2.45094
6.1297 ; 8.0282 ; -1.55464 ; 1.29037
3.28372 ; 7.36774 ; -2.03762 ; 2.11206
8.46598 ; 7.05467 ; 1.32101 ; 1.44063
6.96792 ; 3.22725 ; 0.843864 ; -1.7567
3.80977 ; 6.836 ; 0.105654 ; 1.16594
3.57718 ; 4.94219 ; -2.86775 ; -1.6005
3.62547 ; 2.13425 ; -0.419232 ; -0.557457
8.62641 ; 7.93329 ; -0.614825 ; 0.249659
7.63824 ; 4.09265 ; 2.34791 ; -2.46297
2.25753 ; 2.43905 ; 2.21873 ; 0.109084
2.48162 ; 5.50597 ; -0.128481 ; -2.37917
5.26178 ; 7.82134 ; 0.284018 ; 1.77435
6.54877 ; 4.34849 ; 1.65037 ; -0.434301
3.57071 ; 3.18046 ; -0.690898 ; -2.78261
3.38039 ; 8.24184 ; -0.43344 ; 0.176836
6.7148 ; 6.1037 ; -0.507697 ; 3.09412
2.40431 ; 2.95047 ; 0.640076 ; -0.893647
4.61394 ; 8.20727 ; -0.153787 ; 0.79032
3.15911 ; 4.53526 ; -2.04815 ; -1.13301
7.81165 ; 6.68157 ; 1.33978 ; 2.99856
8.65287 ; 2.19805 ; -1.75684 ; 0.870899
8.74612 ; 2.70094 ; -0.545468 ; -0.294281
8.5989 ; 8.41814 ; -1.7683 ; -2.95147
8.18092 ; 7.69148 ; 0.618252 ; 0.660871
3.43205 ; 5.41072 ; -2.59014 ; 1.56107
3.81345 ; 4.10479 ; -0.268795 ; -1.84285
4.59521 ; 4.76816 ; -0.732134 ; 0.686332
8.21115 ; 3.91548 ; 0.622075 ; -2.42621
8.4564 ; 6.93406 ; 1.11096 ; 1.50389
8.83563 ; 3.07861 ; -0.605193 ; 0.478697
2.94406 ; 8.25732 ; 1.69043 ; -2.02551
5.71309 ; 7.63105 ; 0.487647 ; 1.95315
7.91108 ; 7.27463 ; 0.44077 ; 0.776868
6.42878 ; 7.96519 ; -0.180598 ; 0.528842
6.83993 ; 4.77028 ; 2.92748 ; 1.67734
6.62616 ; 7.82768 ; 2.32015 ; 1.76682
5.02774 ; 5.10388 ; -1.06386 ; -2.78246
3.86959 ; 5.85032 ; -0.675137 ; 2.47403
6.5392 ; 8.47924 ; 1.82737 ; -0.0695993
6.66092 ; 2.18077 ; -0.684555 ; -0.669309
4.7022 ; 2.21387 ; -3.01742 ; -0.691093
7.33889 ; 3.49228 ; 3.04668 ; -1.96861
2.59895 ; 8.08791 ; 2.12748 ; -2.5478
6.99274 ; 5.35754 ; -0.479799 ; 1.13805
6.16959 ; 6.86316 ; -1.40715 ; 2.77767
7.9724 ; 7.6301 ; 2.1328 ; 1.67314
2.80216 ; 2.1377 ; 1.13142 ; 0.961245
7.58539 ; 3.28125 ; 0.163378 ; -0.40252
5.99352 ; 3.16305 ; 2.8602 ; -1.63801
7.92585 ; 2.50727 ; 2.1342 ; -1.61841
4.21925 ; 3.04005 ; -0.566017 ; -1.66144
5.8409 ; 8.60442 ; 1.60025 ; -0.656802
3.53845 ; 5.89217 ; -2.69384 ; 1.64378
4.25732 ; 4.20186 ; -2.02697 ; -3.33981
2.43818 ; 7.28027 ; 1.25983 ; -2.60098
4.61916 ; 6.81173 ; -1.8317 ; 1.78625
2.19184 ; 6.61925 ; 1.1799 ; 1.38171
2.621 ; 2.55662 ; 0.14264 ; 1.16658
4.14899 ; 3.60983 ; -2.3783 ; -3.02251
3.51009 ; 5.52529 ; -1.68582 ; 2.27243
6.96293 ; 2.14696 ; 0.172473 ; -0.735394
3.0328 ; 4.53861 ; -1.99128 ; -2.55905
3.01259 ; 5.29906 ; -1.61032 ; 0.535065
8.39132 ; 8.25747 ; -0.52538 ; -0.615741
8.40557 ; 5.65448 ; 1.17658 ; 1.15939
6.97513 ; 7.07652 ; -0.672053 ; 1.8891
3.39034 ; 2.87059 ; -2.02539 ; -0.501535
8.59281 ; 3.68587 ; 0.77202 ; 1.41054
4.8947 ; 3.89148 ; 1.07917 ; -2.17039
3.95426 ; 7.55595 ; -0.397955 ; 1.66915
5.41842 ; 3.77686 ; -0.150744 ; -1.40586
3.67907 ; 4.07401 ; -2.78465 ; -1.34729
7.94598 ; 2.24842 ; 1.73339 ; -0.493853
7.94266 ; 7.11661 ; 1.11834 ; 0.18238
6.1005 ; 2.20873 ; 0.616701 ; -1.22228
3.9124 ; 1.74701 ; -1.36879 ; 1.60743
6.41109 ; 6.23156 ; 1.7457 ; -1.83665
5.71309 ; 2.17369 ; 2.46341 ; -0.834074
3.45413 ; 6.82694 ; -2.38047 ; 2.21905
8.36124 ; 2.5366 ; -0.685736 ; -0.937786
3.42427 ; 7.46477 ; -2.23498 ; 1.26682
4.45788 ; 6.59323 ; 1.92365 ; -0.0618859
2.87305 ; 7.79416 ; 0.655422 ; 1.1609
7.17346 ; 6.08988 ; 0.011777 ; -2.18074
4.99872 ; 3.63734 ; -3.13707 ; 0.0291049
8.09642 ; 1.8399 ; 0.585021 ; 1.63364
2.52199 ; 8.30634 ; 1.79772 ; -2.30388
8.57928 ; 2.39334 ; -0.554732 ; 1.14693
5.04286 ; 3.87537 ; -0.116536 ; -2.69364
4.55007 ; 5.07685 ; -2.99772 ; 1.44596
8.8657 ; 4.08046 ; -0.258014 ; -2.99349
8.64055 ; 6.88982 ; 0.248608 ; 0.197587
2.63889 ; 7.91034 ; 0.524254 ; 0.517031
5.2792 ; 2.93137 ; -2.03218 ; -1.93134
5.57227 ; 6.66409 ; -2.6035 ; 0.943863
2.7052 ; 8.22766 ; 0.66512 ; -0.512395
2.72376 ; 8.33972 ; 1.40669 ; -2.67433
3.58227 ; 8.67186 ; -1.50407 ; -1.65506
3.57878 ; 2.03584 ; -0.859986 ; 0.102914
6.28202 ; 2.53707 ; -0.0565206 ; -1.7636
8.09941 ; 5.9932 ; 2.16642 ; 0.604003
2.50225 ; 3.35913 ; 0.011667 ; -2.67766
6.35663 ; 4.90258 ; 3.02774 ; -0.671306
5.22713 ; 1.88924 ; 1.70671 ; 0.406245
2.31713 ; 4.20393 ; 0.115502 ; -2.90174
2.34875 ; 2.3318 ; 1.05365 ; -0.0323095
8.74484 ; 3.01551 ; -0.0588933 ; -1.47978
7.65194 ; 2.90562 ; 2.58179 ; -2.09631
8.04151 ; 3.27521 ; 1.18869 ; -1.11428
8.85115 ; 7.32353 ; 0.0446656 ; 1.80298
2.45516 ; 4.31213 ; -0.596269 ; 0.787995
4.37057 ; 5.93658 ; -3.27907 ; 2.38165
6.51244 ; 1.88029 ; 2.70333 ; 0.297349
9.07659 ; 7.17309 ; -1.90067 ; 1.25535
4.04851 ; 8.02886 ; -2.43721 ; 1.00058
8.26036 ; 6.04 ; 1.30394 ; 2.02902
8.14546 ; 2.22771 ; -0.578436 ; 0.500033
2.65346 ; 5.6793 ; -0.774998 ; -2.60167
8.47412 ; 6.4683 ; 0.689992 ; -1.44135
7.47636 ; 3.19693 ; 0.288762 ; -2.01897
5.46845 ; 4.79637 ; 1.83209 ; 0.0494851
7.74946 ; 3.93566 ; 1.00419 ; -0.957438
8.08569 ; 2.31902 ; 0.739256 ; -0.076212
8.16915 ; 6.04255 ; 1.13902 ; 0.113982
6.0676 ; 3.75043 ; -0.887977 ; -3.35237
2.37066 ; 7.97775 ; 1.08318 ; -0.0101448
2.64154 ; 2.82657 ; -0.746161 ; -1.84306
6.85453 ; 3.27687 ; 1.31421 ; -0.627661
4.14769 ; 2.03696 ; 1.95221 ; 0.573841
6.53192 ; 2.64902 ; -1.52719 ; -2.09984
5.36818 ; 8.1728 ; -2.80164 ; 0.504781
8.67944 ; 4.4679 ; 0.968446 ; -1.36463
5.87041 ; 2.90608 ; 2.24877 ; -2.41994
8.67329 ; 3.74525 ; 0.399266 ; -1.41684
6.72574 ; 5.51351 ; -1.61751 ; 1.50861
7.62937 ; 5.99718 ; 2.34732 ; 2.81487
7.87758 ; 3.37901 ; 1.93386 ; -0.295014
7.64944 ; 5.42392 ; 2.12874 ; 1.13829
6.1058 ; 8.41367 ; 2.02112 ; -0.0840212
3.02611 ; 8.51893 ; 1.42472 ; -3.36736
6.6023 ; 2.76627 ; 0.431283 ; -2.2279
4.84408 ; 6.02275 ; 2.00046 ; -0.161543
2.9903 ; 2.06124 ; -0.768388 ; 0.0667756
7.27198 ; 7.40483 ; -0.330762 ; 2.47799
2.29747 ; 7.13665 ; 0.600864 ; 0.812569
6.50247 ; 4.84447 ; -0.147393 ; -1.36255
6.87921 ; 7.99217 ; 2.67833 ; 1.5392
2.44752 ; 3.8836 ; -0.175658 ; 0.306313
3.01697 ; 3.18543 ; -0.0866137 ; -2.76587
3.94006 ; 2.57119 ; 1.34866 ; -0.821288
5.29142 ; 5.01602 ; -2.21069 ; 1.93531
3.57079 ; 6.24506 ; -2.02772 ; 2.2419
3.46023 ; 2.24242 ; -0.195849 ; -0.0455791
8.07701 ; 2.08286 ; -1.22229 ; 1.03825
5.58103 ; 7.33089 ; -0.263917 ; 2.40879
7.85821 ; 7.70248 ; 1.3449 ; 1.73136
3.03953 ; 8.2067 ; -0.574608 ; -0.658644
8.60148 ; 8.42402 ; -1.43593 ; -2.90267
4.01358 ; 6.60082 ; -2.58102 ; 2.84341
4.24047 ; 1.92027 ; -1.23984 ; 0.211608
7.5473 ; 3.7518 ; 0.0975662 ; -3.16545
6.10185 ; 2.61998 ; -1.00451 ; -1.61675
5.67038 ; 7.67454 ; 0.610348 ; 1.59427
3.10678 ; 6.70038 ; -1.37281 ; 0.0594798
8.75488 ; 3.49578 ; 0.444803 ; -2.05955
4.25651 ; 6.49898 ; -2.97187 ; -0.473313
3.95873 ; 3.47038 ; -2.9677 ; 0.0787765
7.64806 ; 2.18788 ; 1.38107 ; -0.805267
5.17112 ; 4.20444 ; -1.21222 ; -1.04427
6.3919 ; 4.14795 ; 3.27774 ; -2.61829
2.61385 ; 4.82451 ; -0.516146 ; 1.92743
3.6564 ; 7.54944 ; -1.63253 ; 1.91491
4.01667 ; 7.50676 ; -0.966908 ; 1.61163
8.20643 ; 4.6065 ; 1.98893 ; 0.10105
5.14734 ; 6.682 ; -3.36507 ; -0.843361
6.1994 ; 2.98306 ; 0.482989 ; -2.17753
2.64767 ; 7.7965 ; 0.167072 ; -0.0598382
3.76442 ; 6.12613 ; -2.00499 ; 3.07477
5.91005 ; 3.05428 ; -0.921856 ; -2.67855
8.93139 ; 3.0719 ; -0.692072 ; -1.12858
6.83958 ; 3.07526 ; -0.200378 ; -2.6442
7.70904 ; 3.01125 ; 2.22482 ; -1.02635
2.71333 ; 3.90219 ; -0.988292 ; -1.18833
7.60762 ; 2.80237 ; 2.1872 ; -1.62713
3.95129 ; 7.27862 ; -2.85928 ; 1.20108
5.36355 ; 7.77649 ; 0.884244 ; 1.70892
3.06856 ; 8.13094 ; -1.15836 ; 0.0947573
7.36646 ; 6.83369 ; 2.18235 ; -0.29706
5.8348 ; 4.32863 ; -2.31195 ; 1.1415
4.45324 ; 4.98113 ; -0.705568 ; 1.31849
7.87957 ; 6.96349 ; 1.71277 ; 2.83729
2.16233 ; 6.75876 ; 1.40091 ; 0.925685
8.18513 ; 7.49788 ; 1.68625 ; 0.212226
3.8895 ; 4.4689 ; -0.222447 ; -0.375814
5.30446 ; 2.95047 ; -0.00211676 ; -1.6061
8.88641 ; 3.20347 ; -0.0787375 ; -2.17652
4.16079 ; 8.55269 ; -0.393313 ; -0.563959
2.72724 ; 2.67351 ; -0.365105 ; -0.712717
7.08684 ; 3.18706 ; -0.50174 ; -1.72298
4.65057 ; 4.22143 ; -2.87432 ; -2.04266
3.85639 ; 7.88177 ; -2.26296 ; 1.30701
6.82574 ; 3.59159 ; -0.0983303 ; -1.73215
7.8962 ; 7.71713 ; 1.09451 ; 0.250449
6.22361 ; 7.07538 ; 1.5902 ; 2.02393
2.66695 ; 3.34384 ; -0.571294 ; -2.18455
4.2471 ; 1.87698 ; 0.960302 ; 1.02977
3.88695 ; 8.55359 ; -0.803298 ; -0.726099
4.24606 ; 4.50097 ; 0.397735 ; 1.11722
6.5176 ; 7.23027 ; 1.66537 ; 1.74797
8.37593 ; 7.15309 ; 1.1051 ; -1.17561
3.48549 ; 3.57866 ; -2.58412 ; -2.44612
2.46759 ; 8.11148 ; 1.30859 ; -1.13437
8.13731 ; 7.51406 ; 1.87045 ; 0.729657
7.77511 ; 8.50558 ; 1.37645 ; -0.575986
6.64413 ; 5.47342 ; 0.858171 ; 2.56991
8.31131 ; 3.26116 ; 1.0224 ; -2.07837
5.47211 ; 7.02424 ; 2.00629 ; 3.05177
8.32602 ; 2.18629 ; 0.81071 ; 0.304836
7.75407 ; 1.91416 ; 1.03631 ; 0.450168
3.42822 ; 4.6888 ; -1.59079 ; -0.0431716
7.7949 ; 7.13162 ; 1.98231 ; 0.716932
2.6689 ; 7.6991 ; -0.117895 ; -1.83358
3.00889 ; 8.36092 ; -0.282084 ; -0.374526
8.1965 ; 2.5228 ; 1.22582 ; -0.989367
2.44557 ; 6.42629 ; -0.476633 ; 1.88554
2.66742 ; 8.01691 ; -0.142277 ; -0.246291
2.68016 ; 6.95092 ; -0.463913 ; 0.262347
4.39927 ; 3.30024 ; -3.37516 ; -1.12831
2.28018 ; 7.44925 ; 1.11045 ; 0.580609
5.91759 ; 3.33397 ; -1.57642 ; -2.7032
4.70527 ; 5.24368 ; 0.548313 ; 1.68634
4.48953 ; 3.92396 ; 0.684897 ; -1.07217
2.88587 ; 2.59767 ; -1.18045 ; -1.04826
8.41538 ; 2.379 ; 0.991571 ; -0.901363
3.23939 ; 3.04423 ; -0.0542779 ; -1.07
7.65018 ; 2.41165 ; 0.265497 ; -0.787049
8.38218 ; 6.31046 ; 1.1331 ; 1.09166
3.3634 ; 1.99013 ; -0.702869 ; 0.289408
5.05789 ; 4.04985 ; 1.95931 ; -1.67744
5.5809 ; 4.30721 ; 1.17625 ; 1.63173
3.95133 ; 4.98724 ; -0.595308 ; -0.518915
4.02564 ; 3.24311 ; -2.08174 ; -2.31632
6.11223 ; 6.15775 ; 1.93487 ; 3.20856
2.69846 ; 7.90722 ; 0.51032 ; -0.0964133
4.61277 ; 3.80309 ; -0.0607542 ; -2.45596
3.2929 ; 2.45765 ; -1.12733 ; -1.09267
5.32715 ; 2.59476 ; 1.86937 ; -1.9703
4.87081 ; 3.49527 ; -1.18711 ; -3.13911
2.83468 ; 7.29822 ; -0.895261 ; 0.322731
4.17972 ; 5.85807 ; -0.00662297 ; 2.01598
2.58587 ; 6.72762 ; 0.0104028 ; -2.41575
2.78048 ; 8.37074 ; 2.56807 ; -4.08138
8.28088 ; 3.05971 ; 1.71958 ; -1.56553
4.04201 ; 4.7533 ; -2.33098 ; -0.605688
3.73504 ; 1.83637 ; -0.961956 ; 0.967247
7.38261 ; 2.46648 ; 2.45597 ; -1.64807
3.96414 ; 2.54912 ; -2.44315 ; -1.70921
7.04748 ; 2.95487 ; 1.37397 ; -2.26941
3.44557 ; 7.62265 ; -2.37413 ; -0.40971
4.64369 ; 7.468 ; -1.70942 ; 1.11966
3.35184 ; 3.17388 ; -0.136838 ; -1.08448
8.48149 ; 6.28919 ; 1.47352 ; 1.66478
8.14527 ; 7.5475 ; 0.973828 ; 1.71369
6.2873 ; 1.88227 ; -0.0127251 ; 0.216552
2.72143 ; 3.91952 ; -1.20713 ; -2.35144
4.50777 ; 8.01845 ; -1.90132 ; 1.53303
6.90028 ; 5.23306 ; -0.312383 ; -3.25298
7.54468 ; 7.41802 ; 1.8967 ; 2.13915
4.85562 ; 2.60264 ; 0.77155 ; -1.60115
8.44845 ; 4.77003 ; 1.20405 ; 1.5534
2.7063 ; 7.72085 ; 0.237664 ; 0.647703
8.8449 ; 6.61121 ; 0.221929 ; 2.02652
5.95857 ; 6.69299 ; 0.626179 ; 2.8744
5.74997 ; 2.13175 ; 2.65475 ; -0.243326
8.11141 ; 3.20768 ; 0.453025 ; -2.48056
2.75577 ; 2.10427 ; 0.195774 ; 0.57593
2.96132 ; 1.98979 ; -0.636457 ; 1.49049
8.5787 ; 8.21171 ; -0.449067 ; -1.82629
9.02206 ; 5.68826 ; -0.798454 ; 2.2028
7.69496 ; 8.60815 ; 0.266063 ; -1.86801
8.40649 ; 2.13227 ; -2.49556 ; 2.21369
4.00048 ; 2.19749 ; -2.69252 ; -0.633023
7.65868 ; 2.46946 ; 2.43918 ; -0.395484
3.40014 ; 7.48838 ; -1.34889 ; 1.6902
3.99292 ; 3.11979 ; -2.83049 ; -2.78451
8.47308 ; 7.42017 ; 0.535579 ; 1.80019
6.8833 ; 7.29303 ; -1.25894 ; 1.04864
3.94437 ; 6.37505 ; -2.74047 ; 0.701121
5.63671 ; 5.39824 ; -2.13793 ; 2.83511
5.09306 ; 5.81531 ; 1.03303 ; 0.19036
8.74767 ; 8.12845 ; -3.98788 ; -2.92658
5.46382 ; 6.97568 ; 3.00607 ; 1.10793
3.17521 ; 4.32761 ; -0.83515 ; 1.14741
4.06218 ; 8.17279 ; -2.51343 ; 0.739292
3.90556 ; 3.27588 ; -1.75362 ; -0.878371
8.55187 ; 6.37818 ; 1.18481 ; -0.525056
4.81813 ; 8.61169 ; 0.473558 ; -0.931184
8.20671 ; 8.21384 ; 1.065 ; -0.867893
2.66283 ; 7.80353 ; 0.143169 ; -0.938323
8.42906 ; 4.66835 ; 0.421473 ; -3.32999
6.92325 ; 8.5022 ; 2.19114 ; -0.300814
4.71357 ; 3.73106 ; -2.52038 ; -1.97555
7.47866 ; 5.53039 ; 2.07891 ; -0.968761
4.17788 ; 5.97671 ; -3.16161 ; -1.80993
8.26883 ; 6.79176 ; 1.50651 ; 1.49469
7.79333 ; 2.98445 ; 2.15631 ; -0.323797
7.58902 ; 3.38309 ; 1.31023 ; -2.51652
3.95861 ; 3.57992 ; -0.23603 ; -2.98993
8.03751 ; 2.44982 ; 1.78321 ; -1.02377
7.49242 ; 7.06658 ; 1.4353 ; 1.33288
9.00856 ; 7.42633 ; -2.13155 ; -0.3005
4.18762 ; 2.50395 ; -1.7756 ; -1.88345
8.27742 ; 8.35298 ; -1.27518 ; -1.48409
4.84607 ; 4.151 ; -1.41526 ; -0.068027
7.63762 ; 7.0692 ; 1.94866 ; 0.550861
7.80457 ; 6.19792 ; 1.13389 ; 0.654552
6.86946 ; 7.25523 ; -1.44443 ; 1.54743
4.86687 ; 8.38013 ; -2.0632 ; 0.552229
8.87257 ; 7.73951 ; -1.30512 ; -0.622921
8.72741 ; 4.80972 ; 0.646896 ; 1.2288
8.47814 ; 3.20418 ; 0.63889 ; -0.233412
8.52548 ; 3.02066 ; 0.471501 ; -1.57469
6.21904 ; 5.17256 ; -0.0695011 ; -1.25546
6.94545 ; 4.41319 ; 2.66106 ; 1.27611
7.71348 ; 8.01154 ; 1.62765 ; 1.14737
6.08747 ; 4.61107 ; 2.33205 ; -0.743614
3.74619 ; 6.65638 ; -0.0735685 ; 2.05476
7.41349 ; 6.44307 ; 2.98445 ; -0.953254
3.22373 ; 8.54105 ; 1.05042 ; -2.50868
3.99774 ; 2.84781 ; -2.12941 ; -2.15189
2.2952 ; 3.35458 ; -2.51532e-05 ; -2.26687
7.41584 ; 3.14697 ; 0.696885 ; -2.83063
5.4431 ; 5.08836 ; 2.78299 ; -2.21382
6.80049 ; 2.19792 ; 2.30284 ; -0.997058
3.75981 ; 4.29432 ; -2.68534 ; -2.40524
8.79961 ; 7.8718 ; -0.585297 ; -0.066925
8.24758 ; 3.50928 ; 1.55519 ; -2.76428
7.48991 ; 7.9096 ; 0.965402 ; 1.35044
8.29377 ; 8.27848 ; 0.0794312 ; -0.0221133
5.03516 ; 4.51637 ; -0.0229756 ; 1.36111
2.81258 ; 7.70039 ; 0.671033 ; 1.04345
3.34425 ; 3.09661 ; -1.32093 ; -0.347687
5.55721 ; 7.10874 ; -0.990372 ; 2.57903
8.66122 ; 8.1823 ; -1.29732 ; -1.89398
7.23649 ; 6.09883 ; -0.614029 ; -0.505569
5.89888 ; 3.4659 ; -2.07536 ; -2.00722
8.14855 ; 2.2228 ; 1.2606 ; 0.754189
3.79787 ; 7.52842 ; -2.60242 ; 0.67684
2.91125 ; 8.46781 ; -0.162187 ; -1.55536
6.34043 ; 3.86304 ; 2.84241 ; 0.29625
4.15447 ; 6.18044 ; 1.12565 ; 1.24378
7.15749 ; 6.65292 ; 2.25855 ; 2.85857
7.44978 ; 8.23881 ; 2.18723 ; 0.191636
2.59828 ; 8.20305 ; 2.01613 ; -3.61638
2.50138 ; 2.13601 ; 2.5856 ; 2.64903
7.89038 ; 2.35721 ; -0.670349 ; -0.938075
7.10208 ; 2.27458 ; -0.616506 ; -0.747453
3.43768 ; 3.98124 ; -2.18646 ; -0.883139
2.93178 ; 2.54261 ; -0.220477 ; -1.29428
2.46523 ; 8.106 ; 1.20364 ; -0.647646
5.90401 ; 3.91929 ; -1.67122 ; -2.88529
8.72496 ; 7.30852 ; 0.306739 ; 0.9921
5.12932 ; 2.56454 ; 0.0417516 ; -0.969084
8.63923 ; 8.3329 ; -1.76711 ; -2.21287
7.22614 ; 7.95122 ; 2.37287 ; 1.61263
6.18213 ; 7.98019 ; 0.0918971 ; 1.48888
8.60679 ; 3.01664 ; 0.50332 ; -0.701261
3.61382 ; 4.2083 ; -2.94523 ; -1.58488
3.68418 ; 1.90161 ; -1.2425 ; 0.691898
3.13274 ; 8.51985 ; -0.320259 ; -1.84251
2.49219 ; 2.86781 ; -0.289307 ; -1.88988
8.4962 ; 3.9495 ; 0.57962 ; 1.02213
7.40875 ; 3.73809 ; 1.55661 ; -0.218812
2.99957 ; 4.081 ; -1.26855 ; -1.60837
7.33029 ; 7.58259 ; 2.82861 ; 1.79124
7.24945 ; 7.66057 ; -0.462715 ; 1.59034
8.21676 ; 6.68004 ; 1.87495 ; 2.4632
4.99591 ; 7.62565 ; -0.946803 ; 1.78972
3.34505 ; 4.16285 ; -2.36009 ; -1.25883
7.62762 ; 3.7546 ; 0.53051 ; -3.05923
6.29265 ; 2.72559 ; 1.14012 ; -1.51627
6.71054 ; 5.90612 ; 0.270284 ; 0.936213
6.13311 ; 3.58088 ; 0.784014 ; -2.81612
4.96691 ; 8.10432 ; 1.32932 ; 0.559699
8.03376 ; 5.22078 ; 2.26355 ; -0.205614
5.27644 ; 8.24761 ; 1.73639 ; 0.942555
3.88702 ; 5.17622 ; -3.05513 ; -2.4779
