4.5221 ; 6.26992 ; 0.585911 ; 2.97009
2.6955 ; 5.17357 ; -0.0597051 ; -1.85549
3.13324 ; 5.70923 ; 0.0487199 ; -0.267268
8.17553 ; 8.09659 ; -3.17198 ; -3.00656
5.86469 ; 4.39792 ; 1.17672 ; 2.36202
8.51762 ; 7.70488 ; -2.79207 ; -3.51642
4.50389 ; 4.65511 ; 1.33772 ; 0.66629
4.82675 ; 4.832 ; 1.12437 ; -3.14915
3.33958 ; 6.08245 ; -1.84755 ; -1.76446
2.93686 ; 2.41566 ; -0.245446 ; 0.319339
2.85283 ; 5.67217 ; -0.184618 ; 2.21419
4.7983 ; 4.31468 ; -2.38702 ; 1.42779
8.10599 ; 6.53685 ; 1.50349 ; 1.97207
7.25688 ; 7.16818 ; 2.47881 ; -0.914388
4.0564 ; 6.68876 ; -2.07738 ; 0.897509
4.47134 ; 2.57415 ; -2.5594 ; -0.24618
7.99655 ; 6.98422 ; 0.413733 ; 1.61106
2.30356 ; 3.44014 ; 2.19112 ; -1.09179
5.58278 ; 5.41741 ; 0.961707 ; 0.900929
7.0612 ; 3.87195 ; 2.27165 ; 0.0695635
2.92511 ; 2.31645 ; 2.34761 ; 2.55866
8.82174 ; 2.57106 ; -3.16537 ; 0.783531
4.04062 ; 2.03114 ; 0.0265696 ; 0.89765
4.7804 ; 4.19757 ; -3.07874 ; 0.68836
7.23716 ; 2.22275 ; 1.216 ; -0.218867
3.46097 ; 5.2547 ; -1.78812 ; -2.12071
6.23011 ; 6.72621 ; 1.46829 ; -1.1239
6.06661 ; 5.67553 ; 2.93576 ; -0.669434
8.515 ; 8.03467 ; -4.35732 ; -4.6117
5.11447 ; 6.43263 ; -1.57928 ; 2.82963
2.80595 ; 4.21312 ; -0.461051 ; 0.420845
5.61118 ; 7.93008 ; 1.32668 ; 0.4273
2.96549 ; 2.75317 ; -0.702805 ; -0.439494
2.25259 ; 4.17166 ; 3.16316 ; -1.83739
8.12411 ; 7.076 ; 1.57488 ; 1.51317
2.83363 ; 7.99451 ; 0.326152 ; -0.455825
7.1362 ; 7.41207 ; 1.60831 ; 1.7586
7.66124 ; 8.03026 ; 0.787932 ; -0.0668602
7.97397 ; 1.99916 ; 0.352191 ; 1.73111
7.77169 ; 4.35874 ; 2.25161 ; -2.34319
6.03286 ; 4.74457 ; -0.576151 ; -2.80878
6.45603 ; 1.87773 ; -0.111753 ; 2.62792
5.16623 ; 5.47108 ; -2.62006 ; -2.0018
6.23993 ; 7.54744 ; -1.29154 ; 0.542322
8.75147 ; 5.26559 ; -1.0782 ; 1.39443
6.8682 ; 7.47478 ; 0.142645 ; -0.0159673
2.39008 ; 7.60157 ; 3.76742 ; -0.92319
8.12305 ; 5.73471 ; -0.0181087 ; -0.334102
8.04736 ; 6.3625 ; 1.24392 ; 1.09916
2.6705 ; 7.93642 ; 2.64143 ; -3.39773
7.89428 ; 7.74705 ; 0.948083 ; 1.07901
2.69404 ; 8.1693 ; 2.93634 ; -3.11214
8.00364 ; 7.9454 ; -0.480545 ; -0.364803
8.70575 ; 2.80929 ; -2.65506 ; 1.14367
6.17117 ; 6.3629 ; 1.65675 ; 1.74159
8.2533 ; 4.68853 ; 0.497959 ; 2.02366
2.37451 ; 6.16141 ; 1.3849 ; -1.37801
8.1797 ; 2.54537 ; 0.71495 ; 0.915561
2.54081 ; 7.57633 ; 1.53411 ; -1.69325
2.99942 ; 2.39977 ; -0.700261 ; -0.520611
6.73122 ; 5.95162 ; 2.92691 ; -1.38475
8.03034 ; 7.88758 ; -1.39462 ; -1.27866
8.0748 ; 2.08058 ; 0.403319 ; 1.4497
3.5112 ; 6.49833 ; -2.06402 ; -0.252591
2.8435 ; 2.33841 ; 3.7708 ; 5.07234
7.02037 ; 1.87559 ; 1.69225 ; 3.04222
2.68965 ; 7.36416 ; -0.0443724 ; 0.966535
4.18152 ; 8.39072 ; -0.151654 ; -1.95763
7.94406 ; 8.24118 ; 1.15508 ; -0.414749
8.77804 ; 5.7175 ; -0.779165 ; 1.59505
3.59163 ; 6.63 ; -2.25114 ; -0.181177
6.83766 ; 7.90475 ; 2.23966 ; 1.02825
3.00693 ; 8.16742 ; 0.249979 ; -0.896251
7.39505 ; 6.17192 ; 2.14423 ; 2.31696
8.5706 ; 4.0705 ; -0.0422006 ; -0.837566
3.30225 ; 2.01966 ; 1.39316 ; 2.7911
2.61721 ; 7.30366 ; 1.27066 ; 0.996928
2.88546 ; 6.43954 ; -0.659069 ; 0.4397
5.05446 ; 8.29581 ; 0.644983 ; -0.577623
4.9807 ; 2.48784 ; 1.17257 ; -1.18828
2.33434 ; 6.00111 ; 2.07282 ; 1.61488
3.25804 ; 3.26624 ; 0.360672 ; 1.2919
8.28444 ; 3.63459 ; 0.618261 ; 0.0479485
8.38009 ; 8.15498 ; -0.206809 ; -1.09415
2.54924 ; 3.15879 ; 1.33348 ; -0.0419504
4.40431 ; 7.7839 ; -1.70937 ; 0.914195
2.92829 ; 3.46351 ; -0.983106 ; 0.812526
4.36467 ; 4.64858 ; -0.389659 ; 0.0608692
3.35809 ; 5.5826 ; -1.25335 ; 2.27754
8.33423 ; 2.68317 ; -1.85872 ; 1.64649
8.15882 ; 2.1884 ; 0.436432 ; 2.11576
5.79243 ; 7.36199 ; -0.108192 ; 1.69936
4.73892 ; 6.67052 ; 0.751108 ; 0.0642946
5.21276 ; 8.44878 ; 1.83193 ; -1.86575
5.00821 ; 6.31078 ; -1.99277 ; -2.10777
2.56868 ; 2.76211 ; 2.88414 ; 1.68229
7.79088 ; 3.71672 ; 2.27325 ; -2.56173
7.73425 ; 5.01769 ; 0.395747 ; -1.65483
4.4188 ; 7.98066 ; -2.35213 ; -0.968965
3.5354 ; 2.86097 ; 1.36203 ; 0.0659018
8.47662 ; 2.49327 ; -0.882548 ; 1.90372
2.9526 ; 7.86021 ; -0.289146 ; -1.31808
4.89268 ; 5.81372 ; -0.810907 ; -0.602653
2.66764 ; 4.29437 ; -0.505763 ; -1.57047
8.38065 ; 3.40196 ; 0.484006 ; -2.38983
8.17665 ; 8.45775 ; -0.425828 ; -3.01052
4.72469 ; 5.30456 ; -0.614841 ; 1.75616
7.23347 ; 2.75232 ; -1.19875 ; -1.44402
5.43785 ; 2.99666 ; 0.579941 ; -1.7082
2.83138 ; 3.31157 ; 0.443076 ; -2.32688
2.86756 ; 4.95503 ; -0.910708 ; 0.0105297
7.13897 ; 2.81225 ; 2.03402 ; -1.30612
2.49671 ; 2.85464 ; 1.86545 ; -1.16475
4.65087 ; 7.97832 ; 0.305956 ; 0.869168
6.92037 ; 2.44298 ; 2.41784 ; 0.550643
2.88047 ; 2.68704 ; -0.507468 ; -1.15622
2.95386 ; 8.31718 ; 0.512077 ; -2.08014
6.86655 ; 7.64093 ; -1.00628 ; 1.63806
4.28432 ; 4.18072 ; 0.585782 ; -3.28624
8.25016 ; 3.07764 ; -0.980283 ; -1.66971
3.65595 ; 1.93813 ; -0.612476 ; 1.8842
7.78422 ; 3.32972 ; 2.07101 ; -1.2323
4.59651 ; 3.45808 ; -2.65364 ; -1.8812
6.49515 ; 5.50194 ; 1.35885 ; 2.85127
7.63859 ; 3.294 ; 1.97375 ; -2.54561
7.32451 ; 4.24134 ; -0.619304 ; -1.78503
4.95126 ; 3.40515 ; 1.03974 ; 0.0628756
8.49633 ; 8.24059 ; -3.01642 ; -3.42107
8.61818 ; 5.00464 ; 0.293067 ; -2.52445
8.10848 ; 4.51706 ; 0.713892 ; 1.37658
2.53667 ; 7.1572 ; 0.986538 ; -1.11459
4.71268 ; 3.61927 ; 1.46459 ; -2.71224
8.52098 ; 2.61707 ; -0.91227 ; 1.94255
6.25091 ; 2.23318 ; -1.97944 ; -0.162078
3.96084 ; 5.89131 ; -1.32592 ; -0.829081
4.4529 ; 7.74146 ; -2.13927 ; 1.55306
8.63612 ; 2.50766 ; -0.962691 ; 0.0892047
3.73826 ; 2.00273 ; -0.482068 ; 1.59308
3.35157 ; 2.15002 ; 0.308141 ; 0.809083
4.32045 ; 2.36809 ; 2.57391 ; 0.664862
3.09167 ; 7.40018 ; 0.154489 ; 1.45304
4.752 ; 1.9955 ; 2.26526 ; 2.03545
3.609 ; 2.57773 ; -1.95247 ; -1.16777
4.90656 ; 3.55428 ; 0.656346 ; -2.44791
4.38239 ; 8.17659 ; 1.3034 ; -0.329494
2.27788 ; 5.78504 ; 2.50353 ; 1.1037
6.87661 ; 2.09689 ; 1.67147 ; 1.10999
8.42083 ; 2.60086 ; -0.442305 ; -0.921609
8.81664 ; 5.85761 ; -1.86266 ; -2.42277
8.65629 ; 7.922 ; -4.9849 ; -2.5139
7.39815 ; 7.41165 ; 1.83574 ; 2.0338
4.48973 ; 7.11009 ; -0.321009 ; 2.43304
8.47495 ; 8.01816 ; -2.78157 ; -4.34752
4.82554 ; 5.43715 ; -1.8764 ; 0.472968
2.72958 ; 2.80077 ; 1.17038 ; 0.0933545
4.14606 ; 3.06397 ; 1.42107 ; -0.477303
5.8773 ; 5.14985 ; -1.43492 ; -0.932585
3.7727 ; 7.36141 ; -0.981741 ; 1.11521
2.40087 ; 7.3961 ; 4.24774 ; -1.06331
8.36012 ; 7.44675 ; -1.01229 ; 1.50901
2.981 ; 2.01708 ; 1.1482 ; 3.32647
8.65424 ; 4.68842 ; 0.118892 ; -1.2182
4.71293 ; 6.50436 ; 1.01412 ; 2.29637
3.22623 ; 2.31724 ; -1.17739 ; -0.453382
3.91388 ; 2.30614 ; -1.06335 ; 0.539332
6.6021 ; 4.79139 ; 2.12195 ; 0.141275
5.83113 ; 4.11714 ; -2.21499 ; -3.2956
7.64695 ; 1.89586 ; 0.780612 ; 2.57894
4.73007 ; 5.03156 ; 1.76517 ; 2.84083
5.07752 ; 5.28261 ; -3.02529 ; -2.27111
5.06841 ; 2.04342 ; -2.43924 ; 1.04236
2.56319 ; 2.45801 ; 2.64855 ; 2.13628
3.78442 ; 7.75861 ; -0.942278 ; -0.345391
3.96866 ; 6.25319 ; -1.23514 ; 0.921134
3.59761 ; 2.89612 ; 0.607121 ; 0.663033
6.46056 ; 7.24358 ; 0.611269 ; 0.898734
7.35209 ; 8.07624 ; 1.79924 ; 0.59342
8.53681 ; 2.50906 ; -2.26273 ; 1.02113
7.78273 ; 5.69142 ; 1.61913 ; -0.433317
6.42209 ; 3.66614 ; 1.14522 ; -2.37725
6.11838 ; 3.20107 ; -1.00468 ; -0.386497
8.78818 ; 5.94473 ; -0.909307 ; -2.43958
3.14853 ; 7.62137 ; -0.789071 ; 1.18643
2.49628 ; 7.97271 ; 2.0405 ; -0.946468
3.77355 ; 7.48097 ; 0.148416 ; 0.606919
7.6606 ; 4.72391 ; 0.827632 ; -0.606041
7.98895 ; 7.55423 ; -0.0106524 ; 1.35816
6.9111 ; 2.37915 ; -0.795516 ; -0.140466
8.3362 ; 7.87944 ; -0.330387 ; -0.133204
3.59191 ; 8.46843 ; -1.01776 ; -1.83755
5.01605 ; 1.96946 ; -2.39922 ; 1.50298
4.29359 ; 3.59138 ; -0.760288 ; -0.193256
8.73955 ; 7.29152 ; -0.74619 ; 0.467938
2.97776 ; 7.57335 ; -0.132672 ; 1.226
8.43014 ; 6.3526 ; -0.028193 ; 2.65065
7.22066 ; 8.05947 ; 1.90963 ; 0.686177
2.47182 ; 7.68555 ; 3.29915 ; -2.38316
2.2872 ; 5.06468 ; 2.09125 ; -1.90704
8.3594 ; 2.29763 ; -2.81507 ; 1.28168
8.83053 ; 7.74749 ; -4.06314 ; -0.784098
3.06489 ; 7.62223 ; 5.85105 ; -6.24235
8.52789 ; 2.23141 ; -2.22386 ; 3.36357
7.4429 ; 6.24711 ; -0.273885 ; 2.94936
3.76673 ; 2.21276 ; -2.21348 ; 0.614303
8.54117 ; 8.27175 ; -2.74663 ; -3.75618
7.80282 ; 8.10207 ; -1.11306 ; -0.264846
8.56265 ; 2.44094 ; -4.1038 ; 3.78331
7.34428 ; 2.2481 ; 0.0670096 ; 0.951978
5.9002 ; 4.12505 ; 2.25857 ; 1.60042
7.35655 ; 5.40356 ; 1.74288 ; 2.4159
2.89783 ; 8.13754 ; 0.822652 ; -3.42549
4.51401 ; 6.59753 ; -0.68386 ; 1.67068
3.45223 ; 6.75238 ; -1.40089 ; -2.06801
3.30984 ; 7.02347 ; -0.311121 ; 1.69661
6.93356 ; 5.55393 ; 0.425734 ; -2.10048
7.80889 ; 6.45773 ; 2.25815 ; -0.284328
8.24316 ; 8.01976 ; 0.389936 ; -2.64926
8.21525 ; 2.02282 ; -0.567134 ; 2.99025
8.57311 ; 8.23378 ; -2.20014 ; -2.5652
7.57262 ; 8.0137 ; -0.0778255 ; -0.210119
8.58405 ; 8.17867 ; -1.79537 ; -1.77798
3.89372 ; 2.19838 ; -2.29448 ; 0.535089
2.70348 ; 7.95673 ; 3.53957 ; -2.15508
3.80224 ; 7.99424 ; -2.03359 ; 0.537533
2.59612 ; 3.39681 ; 0.556405 ; -0.783658
3.26523 ; 8.28021 ; -0.888142 ; -1.02606
4.24834 ; 8.53946 ; -1.88169 ; -2.28802
8.41422 ; 2.80611 ; 0.422524 ; -0.923831
2.67527 ; 6.28154 ; 0.140619 ; -0.361992
4.12436 ; 1.94749 ; -1.52855 ; 1.46213
6.60183 ; 3.12185 ; 2.87924 ; -2.39131
8.5966 ; 4.20634 ; 0.263154 ; -1.89083
8.02826 ; 3.37562 ; 1.29854 ; -2.07631
4.43867 ; 7.41346 ; -1.17094 ; -0.679573
8.33943 ; 3.79908 ; 1.05491 ; -1.85772
7.92395 ; 3.98308 ; 1.604 ; -1.34271
8.53154 ; 2.33067 ; -2.77186 ; 1.85947
7.09637 ; 1.92628 ; 1.89367 ; 1.2844
6.568 ; 2.18917 ; 1.31493 ; 0.598187
7.58852 ; 8.50534 ; 0.201559 ; -3.62608
2.9283 ; 8.06716 ; 3.96112 ; -4.37232
6.60772 ; 4.63505 ; -1.68444 ; 0.88525
2.5394 ; 3.0994 ; 1.86516 ; 0.99385
6.02969 ; 3.1835 ; 2.1773 ; -1.87379
6.23609 ; 8.50495 ; 0.963904 ; -1.47496
8.13188 ; 3.25332 ; 0.164134 ; 0.383847
5.25049 ; 3.08406 ; 2.32504 ; -2.55535
8.6011 ; 2.38726 ; -1.62188 ; 0.438706
2.67644 ; 7.60435 ; 4.00294 ; -3.98267
7.24057 ; 5.39525 ; 0.73859 ; 1.0915
3.89355 ; 2.65572 ; -1.5324 ; -1.54987
6.60331 ; 2.17773 ; 1.23993 ; -0.285655
8.51285 ; 2.45952 ; -1.65035 ; -0.106157
4.92561 ; 3.39548 ; -1.77313 ; -0.523846
6.56337 ; 2.63343 ; 2.11255 ; -0.83172
5.31006 ; 3.14755 ; 2.62178 ; -0.170827
8.76192 ; 2.98305 ; -3.62661 ; 2.09958
8.04433 ; 5.83947 ; 1.6374 ; 1.41969
8.24558 ; 3.3516 ; 0.563599 ; -1.97502
8.86635 ; 4.38803 ; -1.11239 ; -2.36952
3.79157 ; 2.05757 ; -1.16925 ; 1.45348
3.08558 ; 5.11158 ; -1.18172 ; 0.123161
2.7843 ; 7.73984 ; 0.529019 ; -1.38294
8.56794 ; 2.55608 ; -2.0099 ; -0.296229
2.38625 ; 2.70608 ; 3.16217 ; 0.680898
3.27429 ; 2.24094 ; -1.13839 ; 0.00885201
4.12791 ; 2.03348 ; -0.71209 ; 1.38815
2.823 ; 8.04158 ; 2.94052 ; -2.98005
8.51816 ; 7.60364 ; -4.0871 ; -4.71481
6.55112 ; 7.96542 ; -1.14031 ; 0.537993
4.5942 ; 7.80744 ; -0.85707 ; 1.36096
7.13581 ; 7.0965 ; 2.55075 ; 1.06454
7.58945 ; 1.97588 ; -1.12912 ; 2.91129
2.77335 ; 8.03649 ; 1.61932 ; -3.6419
4.29039 ; 2.8043 ; -2.50387 ; -0.1184
8.01136 ; 2.2802 ; 1.27178 ; -0.189657
6.86923 ; 8.41205 ; 2.40088 ; -0.806396
6.07554 ; 6.72195 ; 1.29729 ; 1.29458
7.39352 ; 4.23778 ; -0.318884 ; -2.47619
5.63411 ; 7.39298 ; 1.22153 ; 1.13439
3.88519 ; 4.35837 ; -0.232617 ; 0.346941
8.36029 ; 8.05749 ; -4.35332 ; -5.53118
8.0897 ; 8.41987 ; 0.406175 ; -2.5234
5.68201 ; 4.89829 ; 2.38138 ; 2.22419
2.43364 ; 6.66405 ; 1.4248 ; 0.0698099
7.67785 ; 6.37862 ; 1.2387 ; 0.318061
2.92084 ; 6.42567 ; -0.254868 ; -0.0717365
4.77528 ; 2.77854 ; -2.7588 ; -0.134763
6.78258 ; 5.32485 ; -1.11694 ; -2.85863
7.34521 ; 3.60686 ; -0.102698 ; -1.57643
2.45629 ; 4.76548 ; 0.699827 ; -0.398576
5.06388 ; 8.24177 ; -2.14231 ; -0.135606
2.54411 ; 7.06688 ; 3.43497 ; -3.25838
2.80252 ; 8.05009 ; 3.91357 ; -4.38832
8.58812 ; 8.00186 ; -2.77714 ; -2.13635
4.46492 ; 2.02527 ; 0.541594 ; 0.739183
7.07813 ; 5.71838 ; 1.35348 ; -0.730557
8.50047 ; 8.1685 ; -2.98032 ; -4.0791
4.58434 ; 2.06446 ; 1.20448 ; 1.45916
4.92298 ; 5.50936 ; -2.26661 ; 2.91024
2.95363 ; 2.3712 ; 4.43193 ; 3.65401
7.4653 ; 3.03104 ; -0.415148 ; 0.228618
8.96919 ; 5.29819 ; -2.82404 ; -0.165937
5.89478 ; 6.65244 ; -0.405829 ; 2.08757
2.82978 ; 8.13317 ; 0.94749 ; -2.77524
5.486 ; 3.05956 ; 1.4112 ; -1.89439
3.64016 ; 8.17438 ; 0.217213 ; -0.610792
8.40432 ; 2.21744 ; -1.67428 ; 3.56202
3.4244 ; 7.84512 ; -1.74295 ; -1.91485
2.29517 ; 3.3375 ; 4.00188 ; -1.08077
8.7853 ; 4.85457 ; -0.731984 ; 1.20581
5.8816 ; 8.56295 ; -0.619998 ; -2.9723
5.52314 ; 2.1147 ; 2.08592 ; 0.240886
3.65427 ; 4.88333 ; -2.29156 ; -0.897572
8.47553 ; 4.78007 ; -0.182999 ; 0.598426
6.80721 ; 7.11212 ; 0.651944 ; 0.757174
5.71884 ; 5.73393 ; 1.20501 ; 2.12494
2.68365 ; 5.00082 ; 1.0773 ; -3.39803
5.94908 ; 3.45727 ; -1.90041 ; -2.74925
3.49247 ; 2.58708 ; -1.84439 ; -1.07632
4.83036 ; 5.52164 ; -3.02485 ; 1.94607
2.6171 ; 2.39577 ; 3.64009 ; 3.06919
8.74324 ; 2.48855 ; -3.28561 ; 1.75969
8.34222 ; 2.52325 ; -0.703823 ; -0.610969
2.51518 ; 7.15222 ; 3.0332 ; -2.71559
7.82917 ; 5.65222 ; 1.85534 ; -1.83735
5.54254 ; 3.40591 ; -2.5273 ; -2.00086
7.87235 ; 4.49308 ; 0.778593 ; 1.19911
8.87766 ; 5.19904 ; -1.33113 ; -0.607702
7.74983 ; 5.54991 ; 0.970375 ; 2.53837
8.78195 ; 3.06236 ; -1.64325 ; 0.697548
3.76704 ; 8.20495 ; 0.853866 ; -0.618589
8.25633 ; 8.03236 ; -0.645731 ; -2.5004
5.39422 ; 2.71221 ; -2.88897 ; -0.907883
8.39372 ; 4.3176 ; 1.0614 ; -1.58497
5.01499 ; 3.19776 ; -1.14095 ; 0.541477
4.05729 ; 4.89115 ; -1.94623 ; -2.16934
8.551 ; 5.92889 ; 0.364191 ; 2.53234
2.61889 ; 8.11305 ; 2.07662 ; -2.25746
8.78083 ; 7.83891 ; -2.40131 ; -1.41739
3.96773 ; 3.22479 ; -1.79171 ; -1.43277
3.24357 ; 6.87061 ; -0.722167 ; -1.5475
2.97794 ; 7.91805 ; 0.446388 ; -1.13235
6.93271 ; 2.36461 ; 1.43308 ; -0.794235
4.35637 ; 6.84468 ; 1.49114 ; 1.38296
2.79663 ; 6.32723 ; -0.666176 ; 1.89054
6.53755 ; 2.35584 ; 2.43424 ; 0.352304
8.31953 ; 8.43705 ; -0.790432 ; -3.3239
8.61592 ; 7.57363 ; -1.68753 ; -2.90107
3.39293 ; 2.04106 ; -0.882252 ; 2.03024
8.35655 ; 2.4311 ; -3.42632 ; 3.19263
3.04465 ; 2.20113 ; 3.0099 ; 3.64284
5.44245 ; 6.96132 ; 1.60386 ; 2.7567
7.67087 ; 6.63997 ; 2.43932 ; 2.41419
7.7285 ; 3.46669 ; -1.00162 ; -2.48422
3.72655 ; 2.55843 ; -1.96539 ; 0.780524
2.95871 ; 7.83156 ; 0.404736 ; -0.647271
4.82723 ; 2.39401 ; 1.0862 ; -0.178225
3.30794 ; 8.29072 ; 0.388308 ; -1.92074
4.29791 ; 6.29867 ; 0.204892 ; 2.34803
4.02907 ; 5.21254 ; -0.844745 ; -0.953522
7.68599 ; 6.2861 ; 2.48278 ; 2.39237
8.5844 ; 3.16851 ; 0.238873 ; -1.91701
2.78543 ; 7.42581 ; -0.127198 ; 0.0993958
7.98772 ; 2.6282 ; -0.0790794 ; 0.0386643
2.68511 ; 5.43739 ; 0.00112879 ; -2.34129
8.89635 ; 7.22626 ; -2.67905 ; 0.646822
8.44071 ; 7.9561 ; -1.4076 ; -1.14674
8.32312 ; 3.43266 ; 0.642816 ; -1.07055
6.67409 ; 8.39029 ; -0.689361 ; -1.63468
8.80938 ; 3.64506 ; -1.14926 ; 0.69018
8.62235 ; 7.88775 ; -3.78083 ; -2.26221
4.96313 ; 2.03604 ; -2.57381 ; 0.873202
6.12761 ; 6.51797 ; 1.74006 ; 2.60222
4.95478 ; 3.15213 ; -0.777487 ; -2.40438
7.68206 ; 7.83542 ; 2.05934 ; -1.65215
8.03522 ; 3.05759 ; -0.109156 ; -1.53219
2.72606 ; 8.12143 ; 3.72946 ; -3.35288
7.65937 ; 6.03738 ; 0.674317 ; -1.4795
7.46005 ; 3.81809 ; 1.63726 ; -2.42635
8.20982 ; 2.66415 ; 0.595912 ; 1.11072
7.69872 ; 5.05916 ; -0.303335 ; 2.73795
8.71589 ; 6.85705 ; -0.657366 ; 1.70607
7.65637 ; 4.68941 ; -0.754855 ; -2.58469
7.61337 ; 7.20035 ; 0.95044 ; -0.230655
2.5155 ; 2.62765 ; 1.14494 ; -0.184816
2.46264 ; 7.75411 ; 2.02811 ; -0.843298
2.82047 ; 2.41747 ; 1.45627 ; 0.537905
4.97221 ; 1.95016 ; -2.44488 ; 1.37616
5.6684 ; 7.29424 ; 2.09691 ; 0.594756
2.51016 ; 2.69243 ; 1.75614 ; -0.916726
8.26088 ; 2.24255 ; 0.0406065 ; 2.16031
3.63003 ; 8.23817 ; -1.57666 ; -0.446521
7.45306 ; 2.50438 ; 2.37209 ; 0.836686
7.62664 ; 7.11872 ; 1.23431 ; 0.482906
2.6954 ; 2.69704 ; -0.0240029 ; -0.0845448
4.46696 ; 6.46413 ; -1.78219 ; 2.38638
3.34905 ; 5.25331 ; -2.02819 ; -1.98058
5.0767 ; 4.22915 ; 2.18549 ; 1.28884
5.15417 ; 1.9973 ; 2.03934 ; 1.7884
8.70716 ; 7.95413 ; -2.60555 ; -0.989913
8.58823 ; 4.0234 ; -0.723383 ; 1.05583
3.5589 ; 2.88672 ; -1.42269 ; -1.94112
8.8298 ; 5.31595 ; -0.603743 ; 0.527788
7.83486 ; 4.13678 ; 1.84839 ; 1.69519
8.65824 ; 7.12243 ; -0.692916 ; 1.77843
2.73356 ; 7.81041 ; 0.336995 ; 0.453794
8.28713 ; 2.37273 ; -2.27689 ; 1.6075
8.03325 ; 7.00912 ; 1.12548 ; 1.28533
8.73132 ; 4.00829 ; -1.0411 ; 0.279279
6.27569 ; 6.2952 ; 1.02299 ; -1.51293
5.44193 ; 3.3995 ; 1.94586 ; -2.59393
6.65559 ; 8.46574 ; 0.25028 ; -1.97253
4.03938 ; 8.18745 ; 1.83527 ; -1.42622
3.26988 ; 7.54429 ; -1.49637 ; 1.60939
4.92895 ; 4.75169 ; 1.61464 ; 0.533317
2.84858 ; 2.65062 ; -0.534955 ; 0.0369662
2.53198 ; 3.90957 ; 0.463946 ; -2.77497
2.80179 ; 8.13435 ; 2.75275 ; -3.54497
8.07427 ; 8.24509 ; -0.774412 ; -1.88891
3.04196 ; 5.77066 ; -0.948749 ; -0.566527
8.89833 ; 5.23903 ; -1.24166 ; -0.277559
5.93591 ; 6.29029 ; -1.43734 ; 2.15345
3.66798 ; 6.66372 ; 0.972861 ; 1.59632
4.52051 ; 2.88249 ; -0.483425 ; -1.59998
2.33504 ; 6.94939 ; 2.56916 ; -0.141638
8.00153 ; 7.61243 ; 0.552182 ; 1.15965
6.98705 ; 1.89819 ; 1.31015 ; 2.2453
8.38098 ; 6.89321 ; 0.171168 ; 1.13409
3.11267 ; 3.39402 ; -1.18546 ; 1.37814
2.377 ; 3.68539 ; 2.00016 ; 1.69938
7.48366 ; 5.143 ; 0.109423 ; 2.72665
8.135 ; 5.27258 ; 0.243708 ; 2.79636
4.35539 ; 4.52255 ; -1.08982 ; 1.6008
2.48587 ; 7.48994 ; 2.27273 ; -0.34182
8.16255 ; 3.76033 ; 0.94055 ; -2.79703
4.11429 ; 2.30589 ; -1.29551 ; -0.666305
8.17156 ; 2.98614 ; 0.885866 ; 0.903316
2.92546 ; 7.9927 ; 2.30355 ; -1.66362
2.35155 ; 4.61416 ; 1.24205 ; 1.42268
7.6545 ; 5.07327 ; 2.11129 ; -2.75052
8.61639 ; 5.9531 ; 0.162378 ; 1.78924
6.96908 ; 4.89096 ; 0.32444 ; -2.03837
2.63844 ; 2.67236 ; 0.513485 ; -0.141226
7.59356 ; 3.74989 ; 1.87667 ; -2.8867
6.59933 ; 3.00904 ; -0.219689 ; 0.533988
3.50008 ; 7.4697 ; 1.79423 ; -1.36113
8.34493 ; 7.68743 ; -0.74666 ; -0.172061
3.32005 ; 2.89687 ; -0.836372 ; 0.262342
2.63577 ; 2.42034 ; 1.91159 ; 0.667209
3.65388 ; 6.77138 ; -2.37761 ; 1.74519
5.32415 ; 7.2157 ; -1.48407 ; -0.647048
6.67513 ; 4.52478 ; -1.24391 ; -0.790719
8.20246 ; 7.53156 ; -0.406508 ; 0.579822
3.46474 ; 1.91488 ; -0.620383 ; 3.03464
5.54196 ; 8.0903 ; 0.119536 ; 0.589936
3.08907 ; 1.99305 ; -0.223858 ; 1.68316
7.51801 ; 2.30497 ; -2.16221 ; 1.27336
6.32635 ; 3.81661 ; 3.11548 ; -1.43848
7.2851 ; 8.29176 ; 2.43207 ; -1.86645
2.5989 ; 7.95324 ; 2.48124 ; -2.20939
2.93173 ; 8.16307 ; 0.372022 ; -1.13392
8.4735 ; 7.1116 ; -0.15957 ; -1.51501
2.85581 ; 6.16622 ; -1.01651 ; -0.57151
3.20037 ; 4.53351 ; -1.88166 ; -0.657191
5.8934 ; 1.93389 ; 0.938933 ; 1.444
6.77811 ; 4.76143 ; 0.652302 ; -1.25648
5.46643 ; 2.28026 ; -0.413528 ; 0.348686
3.5474 ; 8.00522 ; 2.64834 ; -1.10107
3.35348 ; 2.05594 ; -1.24448 ; 2.29654
2.93982 ; 8.21198 ; 2.37709 ; -5.30156
2.99934 ; 2.01297 ; 0.823975 ; 3.84821
3.50977 ; 6.14139 ; -1.25734 ; -1.42309
3.60045 ; 4.70039 ; -2.48939 ; -1.66986
2.27263 ; 5.72637 ; 2.33193 ; 0.535348
5.5821 ; 2.58613 ; -1.71932 ; -1.45589
3.28143 ; 8.16884 ; 3.4532 ; -5.14479
7.38012 ; 7.51681 ; -1.20521 ; 1.77123
3.39194 ; 2.31859 ; 0.529308 ; 0.933935
2.8423 ; 2.07069 ; 1.07612 ; 2.39063
8.49447 ; 2.22044 ; -1.28922 ; 2.21729
7.94314 ; 6.31195 ; -0.0453278 ; 2.30314
6.36029 ; 1.91065 ; 2.32948 ; 2.35137
2.54114 ; 3.55631 ; 0.702142 ; -0.536538
8.46646 ; 7.03926 ; 0.257161 ; 1.57461
2.52356 ; 4.15351 ; 0.903852 ; -1.854
3.42817 ; 2.55422 ; 1.69504 ; -0.670535
4.85962 ; 1.88367 ; -2.28385 ; 2.49055
5.75358 ; 6.37898 ; -0.0412227 ; 2.71102
2.45439 ; 4.06857 ; 0.92722 ; 1.32154
2.5007 ; 6.39681 ; 0.193437 ; 1.65569
4.37119 ; 4.45641 ; -1.19178 ; -1.52978
2.39832 ; 5.4331 ; 0.966432 ; -0.318292
2.62222 ; 2.45883 ; 3.16219 ; 0.688941
8.42973 ; 2.33373 ; -1.4164 ; 2.55115
8.58738 ; 4.4572 ; 0.0187646 ; -1.09772
6.96318 ; 8.24444 ; 2.22981 ; 0.127731
5.75079 ; 8.17143 ; 2.64686 ; 0.367093
8.84068 ; 2.98119 ; -2.89468 ; 0.229655
7.52227 ; 2.67658 ; 0.893756 ; -0.787008
8.29512 ; 4.17654 ; 0.370456 ; -0.566247
8.07464 ; 8.37923 ; -0.707881 ; -2.55858
5.26924 ; 6.80362 ; 0.37778 ; -1.28481
2.6197 ; 2.50711 ; 5.13603 ; 3.19762
8.11033 ; 7.77162 ; 1.35445 ; 0.164978
4.91422 ; 5.44162 ; 0.731498 ; 0.527922
2.52295 ; 2.72587 ; 2.89794 ; 1.46032
8.88485 ; 2.96522 ; -3.89228 ; -0.132644
7.98235 ; 7.36127 ; 1.78304 ; 0.22758
8.42405 ; 4.3863 ; -0.57538 ; 1.61642
6.74048 ; 5.25242 ; 0.768501 ; -1.55105
7.67234 ; 1.98325 ; -0.23929 ; 2.19013
3.59523 ; 8.09093 ; 0.0750557 ; -1.05979
8.07388 ; 5.31606 ; -0.15414 ; -0.870296
8.4731 ; 8.23816 ; -3.03358 ; -3.75483
8.24227 ; 3.37016 ; 1.1017 ; 1.36348
8.39466 ; 6.80643 ; 0.524784 ; -1.39696
2.81451 ; 7.91787 ; 1.60505 ; -3.63739
4.33714 ; 6.62188 ; -2.64386 ; 1.14077
2.74291 ; 5.10643 ; -0.1866 ; 2.09124
6.82301 ; 4.05551 ; 2.09609 ; -1.21518
8.4568 ; 7.00722 ; 0.452978 ; 1.63926
4.98299 ; 5.13315 ; -3.31406 ; -1.71389
7.10957 ; 7.3283 ; 2.5731 ; -0.660717
6.17824 ; 6.43917 ; 3.30938 ; 0.074729
6.83788 ; 5.1571 ; -0.658999 ; -2.15884
2.37097 ; 4.58182 ; 1.22753 ; -1.3351
7.21991 ; 2.45477 ; -0.211964 ; -0.674966
8.88448 ; 4.40131 ; -1.21773 ; -1.51787
6.28427 ; 7.14968 ; 0.0453385 ; 0.710311
4.0183 ; 2.50141 ; -1.48812 ; -0.840321
6.46526 ; 7.93697 ; 0.314941 ; 0.589753
2.53632 ; 2.23643 ; 2.44831 ; 1.78377
6.91536 ; 7.6945 ; 1.10973 ; 1.14076
6.05484 ; 3.26767 ; -0.879962 ; -0.540535
4.58264 ; 3.80872 ; 0.0399173 ; 0.202865
3.2702 ; 2.87135 ; -1.61233 ; 0.0522237
8.89714 ; 2.92082 ; -3.40544 ; -0.115435
7.16819 ; 7.15974 ; 1.88966 ; -0.439416
7.83161 ; 3.513 ; 2.03595 ; -0.216744
7.79154 ; 7.71581 ; 1.52654 ; 1.38834
4.5143 ; 1.97247 ; -0.0898516 ; 1.09122
8.25662 ; 5.16388 ; 1.34812 ; -1.19827
5.21046 ; 3.20605 ; -2.01674 ; 0.416352
4.06764 ; 6.90473 ; -1.61272 ; -0.0924795
4.46066 ; 6.80711 ; -0.161456 ; 0.345228
2.91064 ; 8.07255 ; 3.88396 ; -3.02916
7.95483 ; 3.96155 ; 1.19535 ; -0.453517
8.15336 ; 2.70284 ; 1.28286 ; -0.840227
2.38165 ; 7.53635 ; 1.88823 ; 0.134397
3.94788 ; 3.83566 ; -2.78715 ; -0.737954
5.78036 ; 6.88936 ; -0.798113 ; -0.739035
3.7779 ; 5.91033 ; -1.21045 ; 1.6048
7.96755 ; 5.63917 ; 1.4596 ; -0.820029
8.35448 ; 5.47273 ; 0.886114 ; 0.254873
3.2542 ; 3.30509 ; 0.0833786 ; 0.429236
3.49444 ; 7.86801 ; -1.2261 ; 0.553327
2.92726 ; 5.53017 ; 0.221642 ; -3.12445
7.34631 ; 5.58301 ; -0.256442 ; -2.90819
3.2212 ; 8.34853 ; 2.1884 ; -3.46821
3.03755 ; 8.11926 ; 3.11092 ; -2.96356
8.2814 ; 2.43718 ; -2.52839 ; 1.03097
8.67919 ; 2.77519 ; -1.51679 ; 1.55123
2.48441 ; 3.80243 ; 1.13372 ; 1.41771
4.49521 ; 3.33518 ; 1.47624 ; -0.668578
5.7134 ; 8.36929 ; -2.21325 ; -1.27485
5.61539 ; 2.96443 ; -1.85837 ; -2.3879
3.92927 ; 2.67875 ; -2.24442 ; 0.485845
4.72953 ; 8.10613 ; 0.256431 ; 0.188928
8.53913 ; 2.38915 ; -4.50994 ; 4.00841
7.22061 ; 8.33492 ; 1.78246 ; -0.487376
3.99113 ; 4.3146 ; -2.4703 ; -2.6412
3.27573 ; 5.86226 ; -1.68662 ; 2.36388
2.99715 ; 2.9085 ; -0.48989 ; -0.990401
2.55955 ; 6.23753 ; 0.248858 ; -1.87088
6.09707 ; 8.10678 ; -1.13045 ; -0.558127
3.57599 ; 2.30451 ; 0.395314 ; 0.697148
8.88194 ; 4.89638 ; -1.71231 ; 2.35762
8.89957 ; 5.01672 ; -1.51474 ; 1.41727
2.89852 ; 8.12238 ; 3.4721 ; -2.20568
8.27173 ; 2.34318 ; -1.64564 ; 0.9863
4.34821 ; 2.92722 ; -1.95791 ; -1.94961
6.16325 ; 8.38583 ; -2.12349 ; -1.04868
4.47854 ; 8.51663 ; -1.8459 ; -3.71358
2.97933 ; 2.52536 ; 1.7086 ; -0.499001
3.40507 ; 4.60548 ; 0.321981 ; -1.79688
2.77201 ; 3.03659 ; -0.53676 ; -1.57534
5.8112 ; 2.46185 ; 0.219996 ; -0.862353
7.95845 ; 7.29234 ; 1.08772 ; 1.96359
6.93743 ; 4.61813 ; 3.19543 ; 1.42506
3.48309 ; 2.47336 ; -1.86293 ; -0.471609
4.16481 ; 4.24886 ; 0.74486 ; 2.26738
8.34872 ; 8.03193 ; -3.40901 ; -3.66051
8.26688 ; 4.78949 ; 0.570596 ; 0.787807
7.43709 ; 1.9786 ; -1.02546 ; 2.97682
2.4444 ; 7.45933 ; 2.96713 ; -0.484356
3.61218 ; 2.29732 ; -1.74027 ; 0.628662
8.72514 ; 2.54476 ; -2.27238 ; 1.30744
4.20567 ; 4.30152 ; -1.30178 ; 1.61086
3.77753 ; 7.91858 ; -1.20281 ; -0.797786
3.69803 ; 7.77194 ; -0.707641 ; 0.834775
8.35941 ; 5.06818 ; 0.543557 ; 2.39563
6.96501 ; 2.63127 ; 2.68519 ; -0.572226
7.83636 ; 8.11065 ; 0.58214 ; 0.142086
4.83321 ; 5.20838 ; -0.51922 ; 2.26163
8.03077 ; 2.231 ; -3.39271 ; 3.82102
5.08906 ; 7.00416 ; -1.33468 ; 1.66971
3.0336 ; 2.27556 ; 3.57819 ; 3.45228
2.75599 ; 2.57455 ; 5.75201 ; 3.78314
8.50903 ; 7.64478 ; -0.547423 ; -2.283
3.39578 ; 2.21898 ; 0.167537 ; 0.991249
6.80081 ; 2.13844 ; -1.16319 ; 1.10932
3.78676 ; 5.93264 ; -1.32939 ; 2.39652
5.97423 ; 8.15724 ; -1.93862 ; 0.0335339
3.07996 ; 7.57894 ; -1.02119 ; 1.16388
8.59808 ; 7.19873 ; -0.0037961 ; 0.607305
7.05231 ; 3.05158 ; 0.298147 ; -1.00587
3.82034 ; 6.95259 ; 0.963129 ; 0.494642
3.2904 ; 4.78214 ; -2.13079 ; -1.63313
3.58355 ; 2.0785 ; 0.579347 ; 0.971142
8.56493 ; 7.95826 ; -2.3295 ; -1.24891
7.87303 ; 3.84636 ; 1.59791 ; -2.12688
2.4794 ; 2.44996 ; 4.28367 ; 1.67707
2.46878 ; 5.26806 ; 1.409 ; -2.72404
5.29019 ; 7.99877 ; 0.49086 ; 0.674292
6.7138 ; 4.30506 ; 1.39377 ; -0.115862
3.50162 ; 2.9022 ; 0.219748 ; -1.98745
3.33704 ; 8.25952 ; 0.74071 ; -1.45224
6.66403 ; 6.41311 ; -1.03127 ; 2.86375
2.46832 ; 2.8611 ; 2.42533 ; 0.228952
4.59856 ; 8.2863 ; 0.351169 ; -0.647447
2.95429 ; 4.42196 ; -1.07261 ; -0.935535
7.94563 ; 6.98143 ; 0.428304 ; 2.4528
8.47719 ; 2.28514 ; -3.60505 ; 2.62658
8.69157 ; 2.67152 ; -2.29257 ; 1.03119
8.42207 ; 8.12299 ; -3.62552 ; -4.97663
8.24274 ; 7.75757 ; -0.654749 ; -0.585349
3.17304 ; 5.56683 ; -1.77802 ; 1.58838
3.78657 ; 3.9205 ; 0.506464 ; -1.50751
4.522 ; 4.83679 ; -0.376199 ; 0.932485
8.27336 ; 3.67286 ; -0.5586 ; -1.97511
8.56749 ; 7.08445 ; -0.213232 ; 0.743757
8.77511 ; 3.12648 ; -2.37436 ; 1.66065
3.1131 ; 8.05477 ; 3.33009 ; -3.90077
5.76186 ; 7.82636 ; 0.496038 ; 0.976602
7.95515 ; 7.35232 ; -0.647578 ; -0.184951
6.41072 ; 8.01807 ; -0.593712 ; -0.763829
7.13267 ; 4.93801 ; 2.57269 ; 2.00497
6.85818 ; 8.00436 ; 2.00097 ; 0.646734
4.92135 ; 4.82563 ; -0.921848 ; -2.91587
3.80208 ; 6.09772 ; 0.0302238 ; 2.34344
6.72193 ; 8.47228 ; 1.50556 ; -1.76314
6.59246 ; 2.11384 ; -1.27985 ; 0.743192
4.40045 ; 2.14476 ; -2.73032 ; 0.692397
7.64356 ; 3.29542 ; 2.41269 ; -1.34307
2.8117 ; 7.83313 ; 3.99291 ; -4.36834
6.94476 ; 5.47134 ; -1.11649 ; 1.17606
6.02887 ; 7.14092 ; -1.77737 ; 2.21271
8.18568 ; 7.79741 ; 1.09642 ; 0.566142
2.9153 ; 2.23383 ; 2.79292 ; 2.73563
7.60173 ; 3.241 ; -0.757208 ; 0.464793
6.27954 ; 2.99925 ; 2.85512 ; -0.879628
8.13927 ; 2.34543 ; 1.1039 ; -0.381758
4.16265 ; 2.87391 ; 0.0285338 ; -0.805936
6.00093 ; 8.53874 ; 1.63122 ; -2.47604
3.26907 ; 6.05655 ; -1.92522 ; 1.45391
4.05462 ; 3.86788 ; -1.60235 ; -3.0562
2.56417 ; 7.02017 ; 3.08062 ; -3.92499
4.43599 ; 6.99036 ; -1.53258 ; 1.20941
2.30983 ; 6.75742 ; 3.10102 ; 0.717951
2.63526 ; 2.67328 ; 1.7783 ; 2.70347
3.91116 ; 3.30758 ; -1.89269 ; -2.47454
3.34151 ; 5.75253 ; -0.885214 ; 2.27956
6.98017 ; 2.07342 ; -0.498851 ; 0.711165
2.83367 ; 4.2827 ; -0.940993 ; -2.42612
2.85156 ; 5.35257 ; -0.534024 ; 0.525251
8.33878 ; 8.1959 ; -2.11883 ; -2.38818
8.52323 ; 5.77042 ; -0.0396546 ; 1.04341
6.90792 ; 7.26543 ; -1.36417 ; 1.17598
3.1878 ; 2.82044 ; -1.08229 ; 0.60141
8.67001 ; 3.82692 ; -0.643355 ; 2.30519
5.00262 ; 3.67444 ; 1.48768 ; -1.77772
3.91447 ; 7.72286 ; 0.385596 ; 0.65168
5.40335 ; 3.63628 ; -0.0841226 ; -0.927554
3.4006 ; 3.93928 ; -2.08388 ; -0.962179
8.11932 ; 2.19904 ; 0.644632 ; 1.00121
8.0545 ; 7.13485 ; 0.086464 ; -0.750868
6.16217 ; 2.0865 ; 0.433075 ; 0.10283
3.77552 ; 1.90776 ; -0.579982 ; 3.56913
6.58566 ; 6.04789 ; 1.55303 ; -2.43341
5.95943 ; 2.09028 ; 2.5826 ; 0.540059
3.21608 ; 7.04885 ; -1.51574 ; 1.58661
8.29266 ; 2.44282 ; -2.21187 ; 0.382036
3.20077 ; 7.59146 ; -1.29632 ; 0.228574
4.65024 ; 6.58704 ; 2.5986 ; -0.695368
2.9386 ; 7.91025 ; 2.1978 ; -0.147906
7.17464 ; 5.8718 ; -0.671969 ; -2.74289
4.68502 ; 3.64025 ; -3.03085 ; 0.70544
8.15493 ; 2.00326 ; -0.73856 ; 3.61938
2.70176 ; 8.07595 ; 3.73705 ; -4.28569
8.52381 ; 2.50803 ; -2.23007 ; 2.78399
5.03121 ; 3.60601 ; 0.114714 ; -2.30166
4.2503 ; 5.22145 ; -2.71645 ; 1.6232
8.8399 ; 3.78111 ; -1.92738 ; -2.58371
8.66541 ; 6.90958 ; -1.2694 ; -0.667669
2.69131 ; 7.96204 ; 2.22392 ; -0.955705
5.07598 ; 2.73824 ; -2.04295 ; -1.06963
5.31191 ; 6.75847 ; -2.75405 ; 0.396765
2.77172 ; 8.17642 ; 2.37946 ; -2.29124
2.86443 ; 8.07229 ; 3.18721 ; -4.65022
3.43186 ; 8.50636 ; -0.492454 ; -3.72686
3.49278 ; 2.04613 ; 0.135052 ; 1.76766
6.27637 ; 2.36071 ; -0.386142 ; -0.667095
8.31605 ; 6.0536 ; 1.17425 ; 0.28252
2.50342 ; 3.09136 ; 1.62493 ; -1.8936
6.6594 ; 4.83545 ; 2.8805 ; -0.612819
5.3978 ; 1.92986 ; 2.04709 ; 2.09109
2.32868 ; 3.91376 ; 1.80569 ; -2.56711
2.45411 ; 2.32857 ; 2.99955 ; 1.58047
8.73895 ; 2.86753 ; -1.71933 ; -0.449673
7.91012 ; 2.69599 ; 1.75273 ; -1.14369
8.16038 ; 3.16378 ; 0.110386 ; -0.273996
8.85562 ; 7.50383 ; -1.68193 ; 0.7918
2.39553 ; 4.39093 ; 0.924491 ; 1.30334
4.04266 ; 6.17474 ; -2.89283 ; 2.22424
6.78277 ; 1.91003 ; 2.40828 ; 1.99545
8.88652 ; 7.29862 ; -3.93218 ; 0.274701
3.80479 ; 8.12892 ; -1.7982 ; -0.343503
8.39076 ; 6.2429 ; 0.171059 ; 1.77996
8.08761 ; 2.27771 ; -1.99653 ; 2.13109
2.57596 ; 5.41913 ; 0.593185 ; -3.03153
8.54312 ; 6.32417 ; -0.646688 ; -2.21201
7.50524 ; 2.99503 ; -0.567771 ; -1.23538
5.65165 ; 4.80132 ; 2.04353 ; 0.219971
7.84988 ; 3.83992 ; 0.11473 ; -0.461022
8.15962 ; 2.3114 ; -0.501754 ; 1.43068
8.28305 ; 6.05395 ; 0.0460258 ; -0.282291
5.9788 ; 3.4152 ; -1.17194 ; -2.87939
2.47898 ; 7.97674 ; 3.03034 ; -1.61903
2.56693 ; 2.64227 ; 0.75528 ; -0.739613
6.98595 ; 3.2141 ; 0.864211 ; 0.179751
4.34291 ; 2.09435 ; 2.86514 ; 2.23037
6.3792 ; 2.43904 ; -2.10343 ; -1.07312
5.08802 ; 8.22328 ; -2.8389 ; -0.909586
8.77628 ; 4.33143 ; -0.441218 ; -1.12372
6.09529 ; 2.66409 ; 2.29539 ; -1.55945
8.71321 ; 3.60356 ; -1.09894 ; -0.802562
6.56399 ; 5.66437 ; -2.22905 ; 1.5084
7.8641 ; 6.27867 ; 1.61141 ; 2.61835
8.07097 ; 3.3495 ; 1.00278 ; 0.552364
7.86231 ; 5.53775 ; 1.38888 ; 1.14218
6.30791 ; 8.40527 ; 1.93825 ; -1.71849
3.16858 ; 8.1822 ; 3.03085 ; -5.40205
6.64543 ; 2.54348 ; 0.00337026 ; -1.26772
5.04413 ; 6.00659 ; 2.48989 ; -0.533535
2.91346 ; 2.06792 ; 0.59835 ; 1.78291
7.2389 ; 7.65263 ; -1.15835 ; 1.5885
2.35756 ; 7.21791 ; 2.44676 ; -0.190162
6.48773 ; 4.70822 ; -0.535922 ; -1.33691
7.14705 ; 8.14609 ; 2.2229 ; 0.291791
2.42995 ; 3.91423 ; 1.4144 ; 1.00466
3.00831 ; 2.90884 ; 1.20137 ; -1.92905
4.07493 ; 2.48906 ; 2.29617 ; 0.380457
5.07035 ; 5.20955 ; -2.24532 ; 2.16662
3.36802 ; 6.46925 ; -1.2513 ; 1.91043
3.44064 ; 2.23787 ; 0.910187 ; 1.47962
7.95478 ; 2.18669 ; -2.67207 ; 2.8067
5.55464 ; 7.57177 ; -0.269083 ; 1.61
7.9927 ; 7.87561 ; 0.325484 ; 0.595272
2.98207 ; 8.14084 ; 0.795017 ; -2.38943
8.45789 ; 8.13375 ; -3.27538 ; -4.93376
3.75547 ; 6.88516 ; -2.02227 ; 2.36244
4.11649 ; 1.94143 ; -0.641109 ; 1.90433
7.55705 ; 3.43525 ; -0.781852 ; -2.65619
6.0014 ; 2.4583 ; -1.33493 ; -0.564433
5.73142 ; 7.83396 ; 0.650714 ; 0.574097
2.9695 ; 6.70633 ; -0.274127 ; -0.693258
8.79936 ; 3.28982 ; -1.12346 ; -1.33637
3.95933 ; 6.45165 ; -2.52903 ; -1.11045
3.66196 ; 3.47826 ; -2.37724 ; 0.876954
7.78616 ; 2.10735 ; 0.439891 ; 0.667606
5.0499 ; 4.10001 ; -1.13964 ; -0.725857
6.71967 ; 3.88612 ; 3.09567 ; -2.3437
2.56224 ; 5.01725 ; 0.893874 ; 2.25597
3.49314 ; 7.74093 ; -0.790468 ; 0.888991
3.91998 ; 7.66792 ; -0.272587 ; 0.6236
8.40532 ; 4.6166 ; 0.93794 ; 0.393186
4.81084 ; 6.59766 ; -3.30261 ; -1.57515
6.2477 ; 2.7653 ; 0.25869 ; -1.34659
2.66438 ; 7.79052 ; 1.81007 ; -1.51415
3.56392 ; 6.43361 ; -1.33213 ; 2.80274
5.81786 ; 2.78643 ; -1.14793 ; -1.89579
8.86218 ; 2.95904 ; -2.53738 ; -0.0846161
6.81955 ; 2.81084 ; -0.792394 ; -1.84426
7.93153 ; 2.90862 ; 1.36838 ; -0.0615758
2.6145 ; 3.78336 ; 0.349676 ; -0.657773
7.82634 ; 2.63965 ; 1.3681 ; -0.597252
3.66536 ; 7.39873 ; -2.22447 ; 0.307036
5.45197 ; 7.94738 ; 1.09763 ; 0.633598
2.95272 ; 8.14041 ; 0.13109 ; -1.5071
7.5847 ; 6.80399 ; 1.53961 ; -1.08963
5.6036 ; 4.44279 ; -2.57585 ; 1.6114
4.38269 ; 5.11298 ; -0.285499 ; 1.5274
8.05085 ; 7.24722 ; 0.769459 ; 2.1436
2.30242 ; 6.85133 ; 3.37261 ; 0.142567
8.35375 ; 7.5191 ; 0.515945 ; -0.960018
3.86725 ; 4.43132 ; 0.510082 ; -0.0946496
5.30425 ; 2.78986 ; 0.136416 ; -0.737507
8.87853 ; 2.98582 ; -1.81793 ; -1.27609
4.12145 ; 8.4963 ; 0.359421 ; -2.402
2.69073 ; 2.60224 ; 1.1336 ; 0.558455
7.03666 ; 3.01476 ; -1.23886 ; -0.943596
4.36313 ; 4.01717 ; -2.63467 ; -1.78896
3.63009 ; 8.01247 ; -1.52835 ; 0.0629493
6.81591 ; 3.41838 ; -0.651855 ; -1.16665
8.00565 ; 7.74218 ; 0.0321864 ; -1.0206
6.38263 ; 7.27778 ; 1.45719 ; 1.34279
2.60982 ; 3.12538 ; 0.876314 ; -1.40134
4.34313 ; 1.97995 ; 1.76477 ; 2.82801
3.80662 ; 8.48098 ; 0.0683773 ; -2.60538
4.28583 ; 4.61269 ; 1.02249 ; 1.52
6.68414 ; 7.40507 ; 1.39575 ; 0.966131
8.48644 ; 7.03553 ; -0.189172 ; -2.2953
3.22708 ; 3.33404 ; -1.75842 ; -1.85541
2.59845 ; 7.99804 ; 3.22437 ; -2.92487
8.32436 ; 7.58703 ; 0.736967 ; -0.397411
7.91276 ; 8.44798 ; 0.321004 ; -2.44096
6.72995 ; 5.73041 ; 0.505807 ; 2.62575
8.41355 ; 3.05333 ; -0.230404 ; -1.26529
5.67274 ; 7.32942 ; 2.23486 ; 2.40218
8.40709 ; 2.21677 ; -0.592801 ; 1.96796
7.8577 ; 1.95917 ; -0.0242847 ; 2.24274
3.26914 ; 4.68449 ; -0.743514 ; 0.177845
7.99313 ; 7.20331 ; 1.08646 ; -0.161226
2.65711 ; 7.51575 ; 1.46964 ; -3.3694
2.98069 ; 8.32347 ; 1.15681 ; -2.18919
8.31908 ; 2.42387 ; -0.0179573 ; 0.314681
2.39791 ; 6.61485 ; 1.09488 ; 1.37993
2.6532 ; 7.99228 ; 1.48745 ; -1.8614
2.63377 ; 6.97715 ; 0.997985 ; -0.644537
4.06175 ; 3.18741 ; -2.97087 ; -0.379324
2.39123 ; 7.50731 ; 3.05138 ; -0.637457
5.75995 ; 3.06365 ; -1.85231 ; -2.06035
4.7601 ; 5.41232 ; 0.981845 ; 1.8086
4.55802 ; 3.81675 ; 1.23773 ; -0.621089
2.76782 ; 2.49284 ; 0.149889 ; 0.221615
8.51454 ; 2.28886 ; -0.428253 ; 0.529213
3.23396 ; 2.93723 ; 1.1165 ; -0.103676
7.67673 ; 2.33294 ; -0.752985 ; 0.544946
8.49549 ; 6.41963 ; -0.0989479 ; 0.640957
3.29312 ; 2.01907 ; 0.441661 ; 2.02866
5.25382 ; 3.88211 ; 2.35199 ; -1.33598
5.69852 ; 4.47038 ; 1.29752 ; 2.14483
3.8918 ; 4.93535 ; 0.0661404 ; -0.484112
3.81747 ; 3.01148 ; -1.50934 ; -1.58296
6.30572 ; 6.4786 ; 1.88199 ; 2.95611
2.7495 ; 7.89758 ; 2.16836 ; -1.61944
4.60669 ; 3.55749 ; 0.366522 ; -2.023
3.18017 ; 2.34838 ; -0.0306578 ; 0.214917
5.51408 ; 2.39773 ; 2.15638 ; -0.92555
4.7521 ; 3.18136 ; -0.972522 ; -2.5553
2.74516 ; 7.3305 ; 0.462754 ; -0.763233
4.17906 ; 6.05967 ; 0.616356 ; 1.87888
2.58691 ; 6.48605 ; 1.56057 ; -3.40257
3.03729 ; 7.9626 ; 4.36022 ; -5.96726
8.45283 ; 2.90316 ; 0.515749 ; -0.616297
3.80892 ; 4.69274 ; -1.82309 ; -0.476126
3.63884 ; 1.93309 ; -0.0464938 ; 2.83525
7.62821 ; 2.30167 ; 1.73702 ; -0.440148
3.71982 ; 2.3782 ; -1.80066 ; -0.562908
7.18488 ; 2.72793 ; 0.817575 ; -1.39118
3.20815 ; 7.58168 ; -1.43503 ; -1.69569
4.47275 ; 7.57996 ; -1.38837 ; 0.155865
3.33816 ; 3.06543 ; 0.950005 ; -0.200655
8.62884 ; 6.45567 ; 0.207209 ; 1.2602
8.24265 ; 7.71886 ; -0.229485 ; 0.641053
6.28603 ; 1.90392 ; -0.36301 ; 1.89564
2.60072 ; 3.68438 ; 0.106808 ; -1.89005
4.31764 ; 8.17175 ; -1.49232 ; 0.268453
6.86905 ; 4.90776 ; -0.890709 ; -3.42089
7.73435 ; 7.63194 ; 1.11179 ; 1.21591
4.93278 ; 2.44252 ; 1.20524 ; -0.530173
8.56885 ; 4.92537 ; -0.0337633 ; 1.89828
2.73007 ; 7.78562 ; 1.83879 ; -0.681055
8.8671 ; 6.81386 ; -1.41235 ; 1.44161
6.02119 ; 6.98043 ; 0.539842 ; 2.39185
6.01545 ; 2.10742 ; 2.75581 ; 1.21377
8.15671 ; 2.95962 ; -0.737212 ; -1.6647
2.77535 ; 2.16186 ; 1.80717 ; 2.34502
2.89768 ; 2.13884 ; 0.771426 ; 3.38635
8.53379 ; 8.02908 ; -2.15544 ; -3.68608
8.94222 ; 5.90854 ; -2.60399 ; 2.11161
7.72157 ; 8.42135 ; -0.850229 ; -3.89643
8.15694 ; 2.35364 ; -4.20961 ; 4.06157
3.73123 ; 2.13419 ; -2.04185 ; 0.81199
7.9026 ; 2.42991 ; 1.56637 ; 0.938751
3.26525 ; 7.6574 ; -0.349208 ; 0.664434
3.70987 ; 2.84133 ; -2.24081 ; -1.98555
8.52664 ; 7.60019 ; -0.899026 ; 0.773353
6.7574 ; 7.3979 ; -1.96661 ; 0.169914
3.67032 ; 6.44516 ; -2.15749 ; 0.224847
5.42292 ; 5.68176 ; -2.31218 ; 2.92122
5.19636 ; 5.83435 ; 1.35043 ; -0.052698
8.34888 ; 7.8358 ; -5.83668 ; -4.7686
5.76442 ; 7.08647 ; 3.24247 ; 0.423278
3.09169 ; 4.44235 ; 0.218551 ; 1.65819
3.81084 ; 8.24672 ; -1.87053 ; -0.719445
3.7302 ; 3.18805 ; -1.10758 ; -0.0699606
8.67035 ; 6.32568 ; -0.151995 ; -1.17562
4.86548 ; 8.51858 ; 0.953681 ; -2.80083
8.3132 ; 8.12706 ; -0.24924 ; -2.60752
2.67714 ; 7.7097 ; 1.77475 ; -2.47878
8.47121 ; 4.33535 ; -0.876684 ; -3.22092
7.14236 ; 8.47212 ; 1.67383 ; -2.0562
4.46153 ; 3.5335 ; -2.30243 ; -1.49913
7.68655 ; 5.43351 ; 1.42142 ; -1.20998
3.86172 ; 5.79571 ; -2.69212 ; -2.31227
8.41948 ; 6.94123 ; 0.338358 ; 0.827524
8.00896 ; 2.95207 ; 1.24906 ; 0.727922
7.72004 ; 3.13144 ; 0.497944 ; -1.83395
3.93501 ; 3.28092 ; 0.491481 ; -2.41962
8.21583 ; 2.34744 ; 0.665016 ; 0.304631
7.63595 ; 7.19987 ; 0.676406 ; 0.562706
8.79541 ; 7.39628 ; -4.15281 ; -1.57589
4.01006 ; 2.3156 ; -1.22561 ; -0.735224
8.1499 ; 8.20457 ; -2.87208 ; -3.37946
4.70454 ; 4.1442 ; -1.21858 ; 0.368842
7.83249 ; 7.12429 ; 1.14164 ; -0.297616
7.91796 ; 6.26337 ; 0.235272 ; 0.24991
6.72502 ; 7.40998 ; -2.15713 ; 0.726528
4.66055 ; 8.43535 ; -1.82921 ; -1.00997
8.74205 ; 7.67721 ; -3.22409 ; -2.11353
8.7921 ; 4.9326 ; -0.813608 ; 1.53613
8.54203 ; 3.18084 ; -0.75752 ; 0.767174
8.57263 ; 2.86319 ; -0.990262 ; -0.578046
6.21209 ; 5.04701 ; -0.328722 ; -1.36005
7.21156 ; 4.5408 ; 2.25775 ; 1.73355
7.87624 ; 8.12628 ; 0.680319 ; -0.20808
6.32068 ; 4.53671 ; 2.30277 ; -0.57107
3.73883 ; 6.86186 ; 0.787571 ; 1.52423
7.71193 ; 6.34775 ; 2.33608 ; -1.61496
3.32877 ; 8.29019 ; 2.50308 ; -4.5582
3.7848 ; 2.63262 ; -1.5195 ; -1.19968
2.2952 ; 3.12789 ; 1.75675 ; -1.45723
7.48553 ; 2.86391 ; -0.0922809 ; -2.03353
5.7214 ; 4.86698 ; 3.02346 ; -2.33658
7.03078 ; 2.09822 ; 1.87232 ; 0.383219
3.49128 ; 4.0538 ; -2.03394 ; -2.17462
8.74108 ; 7.86511 ; -2.40895 ; -1.58061
8.4031 ; 3.23286 ; 0.401496 ; -2.09934
7.58645 ; 8.04465 ; 0.106162 ; 0.0966965
8.30171 ; 8.27627 ; -1.3927 ; -1.73725
5.03286 ; 4.65248 ; 0.214985 ; 1.76868
2.87969 ; 7.80473 ; 2.24189 ; -0.223535
3.21216 ; 3.06184 ; -0.330426 ; 0.646741
5.45817 ; 7.36664 ; -1.05374 ; 1.89653
8.53149 ; 7.9929 ; -3.13055 ; -3.7488
7.17508 ; 6.04827 ; -1.38938 ; -0.957266
5.69134 ; 3.26518 ; -2.36634 ; -1.41678
8.27461 ; 2.29822 ; 0.0129755 ; 2.41262
3.53763 ; 7.59611 ; -1.87019 ; -0.414958
2.89503 ; 8.31228 ; 1.36827 ; -3.56043
6.62467 ; 3.89266 ; 2.69588 ; 0.898599
4.26703 ; 6.30481 ; 1.87611 ; 0.913853
7.38334 ; 6.93878 ; 1.73015 ; 2.36516
7.6685 ; 8.25797 ; 1.39516 ; -1.37607
2.79989 ; 7.84141 ; 3.89544 ; -5.4691
2.75994 ; 2.40091 ; 4.52341 ; 4.5495
7.82335 ; 2.2634 ; -1.92627 ; 0.439669
7.04043 ; 2.19984 ; -1.43079 ; 0.626645
3.21903 ; 3.89293 ; -1.35036 ; -0.405588
2.90973 ; 2.41319 ; 1.17479 ; -0.0149246
2.5856 ; 8.04124 ; 3.11217 ; -2.39217
5.73689 ; 3.63076 ; -1.9414 ; -2.51174
8.75564 ; 7.40772 ; -1.30479 ; -0.0519893
5.1335 ; 2.46763 ; 0.2737 ; 0.16302
8.46252 ; 8.11162 ; -3.63852 ; -4.18325
7.46343 ; 8.11248 ; 1.73409 ; 0.372074
6.19132 ; 8.12907 ; -0.171059 ; 0.274496
8.65712 ; 2.94651 ; -1.00887 ; 0.376161
3.31929 ; 4.04981 ; -2.21178 ; -1.27721
3.55993 ; 1.9708 ; -0.327024 ; 2.49482
3.10072 ; 8.33559 ; 1.05677 ; -3.86991
2.46326 ; 2.67882 ; 1.35282 ; -0.796422
8.55416 ; 4.05171 ; -0.774651 ; 1.7406
7.56441 ; 3.71621 ; 0.873648 ; 0.426382
2.87271 ; 3.92016 ; -0.138877 ; -1.21533
7.61315 ; 7.76172 ; 2.16062 ; 0.775097
7.20317 ; 7.81961 ; -1.30892 ; 0.522994
8.40426 ; 6.92636 ; 0.766892 ; 1.89818
4.90123 ; 7.80462 ; -0.734858 ; 0.796838
3.10905 ; 4.03697 ; -1.48496 ; -0.897114
7.68067 ; 3.44868 ; -0.347516 ; -2.55201
6.40666 ; 2.57396 ; 0.923566 ; -0.511741
6.73757 ; 5.99974 ; -0.171183 ; 0.721781
6.21151 ; 3.29927 ; 0.630316 ; -2.28668
5.09984 ; 8.16029 ; 1.78395 ; -0.816843
8.26012 ; 5.20022 ; 1.32558 ; -0.23721
5.45007 ; 8.34187 ; 2.06456 ; -0.481838
3.58151 ; 4.92843 ; -2.4667 ; -2.64784
