4.58069 ; 6.56693 ; 1.14274 ; 2.63623
2.68953 ; 4.98802 ; 1.37991 ; -2.02163
3.13811 ; 5.6825 ; 1.24507 ; -0.567646
7.85833 ; 7.79593 ; -4.73091 ; -4.78087
5.98236 ; 4.63413 ; 1.18085 ; 2.86725
8.23841 ; 7.35324 ; -4.53601 ; -5.04604
4.63766 ; 4.72174 ; 1.95034 ; 0.957618
4.93918 ; 4.51709 ; 1.57477 ; -3.1615
3.15483 ; 5.90601 ; -0.912348 ; -2.36537
2.91231 ; 2.44759 ; 1.18946 ; 1.84184
2.83437 ; 5.89359 ; 1.15321 ; 2.11832
4.5596 ; 4.45746 ; -2.19634 ; 1.93142
8.25634 ; 6.73406 ; 0.42157 ; 1.4481
7.50476 ; 7.07674 ; 1.85957 ; -1.96991
3.84866 ; 6.77851 ; -1.49964 ; 0.262464
4.2154 ; 2.54953 ; -2.16104 ; 0.991026
8.03792 ; 7.14533 ; -0.727904 ; 0.834025
2.52267 ; 3.33096 ; 4.13539 ; -0.260405
5.67895 ; 5.5075 ; 1.07179 ; 0.881944
7.28836 ; 3.87891 ; 1.78081 ; 0.671887
3.15988 ; 2.57232 ; 3.99658 ; 4.28708
8.50521 ; 2.64941 ; -5.1048 ; 2.31354
4.04328 ; 2.1209 ; 0.866936 ; 2.61266
4.47253 ; 4.26641 ; -2.86986 ; 1.18392
7.35876 ; 2.20087 ; 0.486325 ; 1.26446
3.28216 ; 5.04263 ; -0.936477 ; -2.33228
6.37694 ; 6.61382 ; 1.32555 ; -1.93209
6.36019 ; 5.60859 ; 2.91143 ; -0.952556
8.07927 ; 7.5735 ; -5.99352 ; -6.19424
4.95654 ; 6.71559 ; -1.48623 ; 2.43622
2.75985 ; 4.2552 ; 0.887674 ; 0.939264
5.74384 ; 7.97281 ; 1.46033 ; -0.883492
2.89521 ; 2.70922 ; 0.631766 ; 0.793824
2.5689 ; 3.98792 ; 5.0844 ; -1.46585
8.28159 ; 7.22732 ; 0.448727 ; 0.668851
2.86625 ; 7.94893 ; 1.91752 ; -2.0865
7.29703 ; 7.58793 ; 1.0061 ; 0.811704
7.74003 ; 8.02357 ; -0.21604 ; -1.58331
8.00919 ; 2.17227 ; -0.910076 ; 3.60356
7.99685 ; 4.12442 ; 1.41666 ; -2.12717
5.97525 ; 4.4637 ; -0.80992 ; -2.79413
6.44485 ; 2.14053 ; -0.562886 ; 4.48466
4.90423 ; 5.2709 ; -2.59355 ; -2.29189
6.11078 ; 7.60168 ; -1.70514 ; -0.538788
8.64365 ; 5.40504 ; -2.7461 ; 1.47098
6.88247 ; 7.47318 ; -0.450201 ; -1.13405
2.76682 ; 7.50925 ; 5.68643 ; -2.39922
8.12124 ; 5.7013 ; -1.21052 ; -0.642731
8.17175 ; 6.47242 ; 0.186815 ; 0.613788
2.93464 ; 7.59665 ; 4.47244 ; -5.11045
7.98908 ; 7.85495 ; -0.151488 ; -0.172362
2.98768 ; 7.85808 ; 4.77938 ; -4.99493
7.95559 ; 7.90892 ; -1.80459 ; -1.89079
8.44024 ; 2.92365 ; -4.49842 ; 2.53963
6.33685 ; 6.53706 ; 1.5574 ; 1.36061
8.30309 ; 4.89089 ; -0.715746 ; 2.422
2.513 ; 6.02361 ; 3.19691 ; -2.04401
8.2512 ; 2.63693 ; -0.577706 ; 2.39566
2.69422 ; 7.40701 ; 3.37083 ; -3.19117
2.92939 ; 2.3477 ; 0.652639 ; 0.921525
7.02391 ; 5.81314 ; 2.60317 ; -1.8567
7.89087 ; 7.75971 ; -2.80696 ; -2.85163
8.11514 ; 2.22555 ; -0.90732 ; 3.26064
3.3048 ; 6.47307 ; -1.21177 ; -0.931256
3.22058 ; 2.84564 ; 5.40935 ; 6.47912
7.1896 ; 2.17981 ; 1.08947 ; 4.92463
2.68521 ; 7.46081 ; 1.5283 ; -0.145611
4.16636 ; 8.19495 ; 0.619302 ; -3.82461
8.05957 ; 8.19971 ; -0.0101985 ; -2.13632
8.70012 ; 5.87701 ; -2.4466 ; 1.44931
3.36652 ; 6.61189 ; -1.44033 ; -0.91578
7.06162 ; 8.00758 ; 1.79388 ; -0.243147
3.03193 ; 8.0778 ; 1.74463 ; -2.66023
7.60948 ; 6.40361 ; 1.49343 ; 2.02034
8.56638 ; 3.98674 ; -1.52356 ; -0.355011
3.44157 ; 2.29877 ; 2.79353 ; 4.67135
2.74427 ; 7.40336 ; 3.00591 ; -0.0838002
2.81955 ; 6.48351 ; 0.648655 ; -0.177149
5.11895 ; 8.23804 ; 1.01345 ; -2.23074
5.09796 ; 2.36901 ; 1.59774 ; -0.00706637
2.54162 ; 6.1626 ; 3.94168 ; 1.29936
3.2941 ; 3.39543 ; 1.57608 ; 2.36442
8.34626 ; 3.63939 ; -0.647995 ; 0.830219
8.35941 ; 8.04557 ; -1.76847 ; -2.87235
2.68259 ; 3.15459 ; 3.08828 ; 1.0307
4.23338 ; 7.87532 ; -1.23209 ; -0.300826
2.82998 ; 3.54476 ; 0.285556 ; 1.76119
4.3257 ; 4.65466 ; 0.126387 ; 0.297378
3.23276 ; 5.81036 ; -0.306324 ; 2.24001
8.14836 ; 2.84782 ; -3.45563 ; 3.11346
8.20246 ; 2.39998 ; -0.910709 ; 3.89844
5.78161 ; 7.53192 ; -0.194614 ; 0.819285
4.81403 ; 6.67695 ; 1.23345 ; -0.614497
5.39595 ; 8.26221 ; 2.21025 ; -3.71561
4.80894 ; 6.1 ; -1.87522 ; -2.77958
2.85709 ; 2.93034 ; 4.7151 ; 3.14246
8.01821 ; 3.46055 ; 1.40132 ; -2.02938
7.77383 ; 4.85221 ; -0.536495 ; -1.72524
4.18358 ; 7.88377 ; -1.89494 ; -2.48387
3.6716 ; 2.86756 ; 2.53816 ; 1.23225
8.38836 ; 2.68365 ; -2.52413 ; 3.51942
2.92368 ; 7.7284 ; 1.14753 ; -2.92163
4.81159 ; 5.75345 ; -0.568099 ; -0.94495
2.61706 ; 4.13732 ; 0.922552 ; -1.26806
8.42905 ; 3.16297 ; -0.87063 ; -1.64925
8.13406 ; 8.15669 ; -1.91604 ; -5.03844
4.6632 ; 5.48017 ; -0.284533 ; 1.84458
7.1136 ; 2.60792 ; -2.11242 ; -0.387713
5.49584 ; 2.82584 ; 0.722587 ; -0.85413
2.87569 ; 3.07889 ; 1.92174 ; -1.53389
2.77648 ; 4.95609 ; 0.341234 ; 0.109244
7.34237 ; 2.68164 ; 1.44637 ; -0.279763
2.68326 ; 2.73817 ; 3.72088 ; -0.00681543
4.68147 ; 8.06524 ; 0.840952 ; -0.455587
7.16215 ; 2.49804 ; 1.9326 ; 1.95235
2.82972 ; 2.57142 ; 0.906958 ; 0.0624099
3.00507 ; 8.10917 ; 2.08635 ; -4.03202
6.76592 ; 7.80474 ; -1.71655 ; 0.568047
4.3429 ; 3.8521 ; 1.24293 ; -2.99278
8.15213 ; 2.91067 ; -2.42445 ; -0.731086
3.5947 ; 2.12655 ; 0.396189 ; 3.76615
7.99132 ; 3.20649 ; 1.17304 ; -0.440635
4.33115 ; 3.26996 ; -2.35406 ; -1.25438
6.63103 ; 5.78707 ; 1.10237 ; 2.8771
7.83597 ; 3.03944 ; 1.1489 ; -1.80291
7.26258 ; 4.06284 ; -1.45699 ; -1.50649
5.05524 ; 3.41143 ; 1.44492 ; 0.867985
8.19469 ; 7.89848 ; -4.81128 ; -5.31416
8.64748 ; 4.7522 ; -1.15804 ; -2.61229
8.17987 ; 4.65472 ; -0.400074 ; 1.81973
2.63532 ; 7.04574 ; 2.73746 ; -2.31478
4.85914 ; 3.34805 ; 2.00799 ; -2.18396
8.42975 ; 2.81133 ; -2.57037 ; 3.48734
6.05297 ; 2.21697 ; -2.45848 ; 1.26719
3.82825 ; 5.8084 ; -0.689375 ; -1.2473
4.23898 ; 7.89677 ; -1.70874 ; 0.415103
8.53985 ; 2.51658 ; -2.7153 ; 1.56874
3.69005 ; 2.16204 ; 0.484099 ; 3.40681
3.38239 ; 2.23093 ; 1.56797 ; 2.50355
4.57784 ; 2.43458 ; 3.40712 ; 2.12366
3.10712 ; 7.54548 ; 1.49673 ; 0.399313
4.97852 ; 2.19904 ; 2.88574 ; 3.80476
3.41375 ; 2.46096 ; -1.07558 ; 0.0435919
4.97219 ; 3.30949 ; 1.04495 ; -1.89249
4.51273 ; 8.14364 ; 2.08198 ; -1.91259
2.52823 ; 5.8954 ; 4.41149 ; 0.866081
7.04376 ; 2.20789 ; 1.16125 ; 2.77522
8.3766 ; 2.5087 ; -1.99372 ; 0.375601
8.63037 ; 5.61533 ; -3.63885 ; -2.95406
8.1578 ; 7.67061 ; -6.55884 ; -4.24117
7.58172 ; 7.61503 ; 1.107 ; 1.08295
4.45763 ; 7.3534 ; 0.192188 ; 1.68635
8.19679 ; 7.58341 ; -4.53744 ; -5.96684
4.6379 ; 5.48445 ; -1.68403 ; 0.402323
2.84661 ; 2.81011 ; 2.82957 ; 1.37627
4.28817 ; 3.01624 ; 2.25948 ; 0.480514
5.73381 ; 5.05659 ; -1.67253 ; -1.01163
3.67453 ; 7.47293 ; -0.143355 ; 0.120084
2.82564 ; 7.28977 ; 6.06607 ; -2.42036
8.25889 ; 7.59765 ; -2.55132 ; 0.425436
3.09582 ; 2.34973 ; 2.73639 ; 5.22739
8.66613 ; 4.5666 ; -1.37677 ; -1.08514
4.81434 ; 6.734 ; 1.52715 ; 1.85965
3.10849 ; 2.2719 ; 0.000759244 ; 1.02244
3.80755 ; 2.36007 ; -0.277165 ; 2.05371
6.8143 ; 4.80552 ; 1.85838 ; 0.322858
5.60963 ; 3.78758 ; -2.47422 ; -2.98671
7.72501 ; 2.15375 ; -0.252438 ; 4.51193
4.90659 ; 5.31565 ; 2.30175 ; 3.06962
4.775 ; 5.0555 ; -2.95315 ; -2.48848
4.82449 ; 2.14766 ; -2.32611 ; 2.70578
2.82804 ; 2.67164 ; 4.52447 ; 3.8112
3.69019 ; 7.72407 ; -0.0744487 ; -1.71193
3.84514 ; 6.3453 ; -0.583854 ; 0.499264
3.65832 ; 2.96242 ; 1.68172 ; 1.86278
6.52169 ; 7.33345 ; 0.27639 ; 0.0116413
7.53202 ; 8.13558 ; 1.04361 ; -0.860554
8.31053 ; 2.61117 ; -4.02518 ; 2.57518
7.94464 ; 5.64809 ; 0.757006 ; -0.722404
6.53661 ; 3.42842 ; 0.889157 ; -1.87222
6.01791 ; 3.16242 ; -1.33136 ; 0.47368
8.69725 ; 5.70077 ; -2.60316 ; -3.01606
3.06962 ; 7.74001 ; 0.449922 ; -0.0139093
2.70033 ; 7.87807 ; 3.98678 ; -2.65442
3.78839 ; 7.54167 ; 1.10404 ; -0.501715
7.74336 ; 4.66331 ; -0.0286972 ; -0.455761
7.98788 ; 7.69005 ; -1.239 ; 0.236823
6.83155 ; 2.3651 ; -1.52785 ; 1.23098
8.30316 ; 7.86612 ; -1.84021 ; -1.63242
3.49014 ; 8.28467 ; 0.0249754 ; -3.80845
4.77612 ; 2.11976 ; -2.25608 ; 3.25128
4.21756 ; 3.57205 ; -0.221866 ; 0.513746
8.66493 ; 7.33832 ; -2.49386 ; -0.648891
2.96449 ; 7.69595 ; 1.26951 ; 0.0391071
8.42732 ; 6.61766 ; -1.42888 ; 2.21836
7.41162 ; 8.12808 ; 1.23445 ; -0.737996
2.80174 ; 7.44724 ; 5.21227 ; -3.98507
2.49632 ; 4.87397 ; 3.97079 ; -2.01985
8.0779 ; 2.4258 ; -4.48992 ; 2.97047
8.42422 ; 7.66908 ; -5.92755 ; -2.32308
3.64999 ; 6.998 ; 6.80137 ; -6.97075
8.30551 ; 2.56776 ; -4.01597 ; 5.14727
7.41551 ; 6.54205 ; -1.14398 ; 2.61183
3.54538 ; 2.27419 ; -1.40295 ; 2.2079
8.26651 ; 7.89613 ; -4.58327 ; -5.64672
7.69151 ; 8.07558 ; -2.38914 ; -1.86226
8.15227 ; 2.81927 ; -5.7885 ; 5.39496
7.35098 ; 2.3433 ; -0.826364 ; 2.54036
6.12606 ; 4.28509 ; 2.3046 ; 2.19626
7.53084 ; 5.64515 ; 1.11015 ; 2.48155
2.98009 ; 7.79499 ; 2.4381 ; -5.23901
4.44562 ; 6.7646 ; -0.237552 ; 1.15765
3.31214 ; 6.54558 ; -0.464609 ; -3.01984
3.27873 ; 7.19313 ; 0.821213 ; 0.894949
6.97614 ; 5.34389 ; -0.111658 ; -2.43375
8.0347 ; 6.4293 ; 1.38199 ; -0.937797
8.28215 ; 7.75483 ; -1.00632 ; -4.38791
8.15853 ; 2.32184 ; -2.07007 ; 4.89439
8.3531 ; 7.97726 ; -4.04868 ; -4.49507
7.56484 ; 7.99269 ; -1.11294 ; -1.72198
8.40451 ; 8.00087 ; -3.6271 ; -3.64829
3.66427 ; 2.25189 ; -1.5567 ; 2.1192
3.05744 ; 7.74122 ; 5.31163 ; -3.89842
3.59888 ; 8.04799 ; -1.22633 ; -0.886813
2.65176 ; 3.31845 ; 2.1915 ; 0.0742142
3.17642 ; 8.17761 ; 0.345783 ; -2.84652
4.06017 ; 8.31066 ; -1.27695 ; -4.2651
8.45647 ; 2.71373 ; -1.0159 ; 0.246217
2.68933 ; 6.24534 ; 1.64892 ; -0.98689
3.9715 ; 2.09371 ; -0.866163 ; 3.27118
6.88976 ; 2.88272 ; 2.58408 ; -1.60954
8.62291 ; 4.01725 ; -1.19761 ; -1.55279
8.15811 ; 3.16799 ; 0.222323 ; -1.34068
4.32158 ; 7.3455 ; -0.694787 ; -1.83181
8.44492 ; 3.61331 ; -0.194939 ; -1.31782
8.08435 ; 3.8488 ; 0.643874 ; -0.888118
8.25435 ; 2.51661 ; -4.55618 ; 3.58525
7.28574 ; 2.05472 ; 1.2627 ; 3.09222
6.69949 ; 2.24899 ; 0.949714 ; 2.1422
7.60868 ; 8.14273 ; -0.862638 ; -5.57859
3.32441 ; 7.62992 ; 5.5538 ; -6.01283
6.43927 ; 4.72357 ; -2.2607 ; 1.20639
2.72592 ; 3.19878 ; 3.6651 ; 2.20125
6.24742 ; 2.99612 ; 2.15313 ; -1.12231
6.33248 ; 8.35745 ; 0.736815 ; -3.34416
8.1483 ; 3.29171 ; -1.08438 ; 1.39519
5.48299 ; 2.82852 ; 2.66737 ; -1.77134
8.43891 ; 2.43113 ; -3.4155 ; 2.02618
3.07673 ; 7.20608 ; 5.69578 ; -5.41939
7.31443 ; 5.5044 ; 0.0865299 ; 1.0934
3.74031 ; 2.50074 ; -0.797216 ; -0.435472
6.72731 ; 2.14916 ; 0.850202 ; 1.18004
8.34781 ; 2.4489 ; -3.37754 ; 1.36898
4.7483 ; 3.34309 ; -1.60381 ; 0.228563
6.77462 ; 2.55026 ; 1.81316 ; 0.305936
5.57223 ; 3.13047 ; 2.93805 ; 0.734927
8.39926 ; 3.19301 ; -5.44106 ; 3.45293
8.20807 ; 5.98144 ; 0.630056 ; 1.22245
8.30194 ; 3.1541 ; -0.705437 ; -1.20583
8.75511 ; 4.15108 ; -2.87287 ; -2.131
3.67465 ; 2.20292 ; -0.300493 ; 3.21621
2.96741 ; 5.12389 ; -0.081854 ; 0.155271
2.8372 ; 7.60155 ; 2.13988 ; -2.93528
8.36695 ; 2.52646 ; -3.77923 ; 1.10558
2.70246 ; 2.77417 ; 5.11703 ; 2.12028
3.16045 ; 2.24183 ; 0.0216076 ; 1.57459
4.0567 ; 2.1723 ; 0.00725675 ; 3.13413
3.11705 ; 7.74358 ; 4.67951 ; -4.76372
8.10945 ; 7.13216 ; -5.71648 ; -5.99377
6.43709 ; 8.01922 ; -1.71303 ; -0.801695
4.50849 ; 7.94353 ; -0.413982 ; 0.177914
7.39088 ; 7.20296 ; 1.99812 ; 0.2421
7.47653 ; 2.26701 ; -2.30116 ; 4.77864
2.93528 ; 7.6723 ; 3.3639 ; -5.38581
4.04 ; 2.79246 ; -2.02466 ; 1.00937
8.13854 ; 2.26123 ; 0.100211 ; 1.33287
7.10932 ; 8.33141 ; 1.91151 ; -2.587
6.20527 ; 6.85141 ; 1.21329 ; 0.71445
7.36164 ; 3.99016 ; -1.16196 ; -2.21557
5.75627 ; 7.50642 ; 1.33433 ; 0.198351
3.86193 ; 4.39306 ; 0.533682 ; 0.752069
7.92495 ; 7.50437 ; -5.89126 ; -6.84486
8.13031 ; 8.16753 ; -0.940267 ; -4.51964
5.92015 ; 5.12071 ; 2.52663 ; 2.5094
2.57612 ; 6.67103 ; 3.23416 ; -0.740693
7.80172 ; 6.41043 ; 0.382657 ; -0.229097
2.89535 ; 6.4185 ; 1.06955 ; -0.72972
4.4994 ; 2.76506 ; -2.52136 ; 0.983632
6.67089 ; 5.03899 ; -1.73019 ; -3.09426
7.33494 ; 3.44922 ; -0.924954 ; -0.97759
2.52627 ; 4.72562 ; 2.37153 ; -0.238701
4.84965 ; 8.22821 ; -2.00877 ; -1.70952
2.88761 ; 6.74105 ; 5.21868 ; -4.45254
3.19387 ; 7.61126 ; 5.59174 ; -6.03091
8.31041 ; 7.78823 ; -4.60657 ; -3.90083
4.51908 ; 2.09919 ; 1.1993 ; 2.41424
7.21348 ; 5.64533 ; 0.826773 ; -1.04747
8.20244 ; 7.76059 ; -4.7688 ; -5.84901
4.70479 ; 2.21038 ; 1.85427 ; 3.16034
4.69632 ; 5.80038 ; -2.13018 ; 2.92991
3.39682 ; 2.7366 ; 5.89374 ; 5.29269
7.42378 ; 3.0539 ; -1.36419 ; 1.29669
8.68679 ; 5.28159 ; -4.70656 ; -0.250552
5.8542 ; 6.8612 ; -0.566075 ; 1.58725
2.92453 ; 7.85564 ; 2.61789 ; -4.6241
5.62712 ; 2.87012 ; 1.60104 ; -1.08292
3.66188 ; 8.1133 ; 1.31834 ; -2.28072
8.23689 ; 2.57364 ; -3.36299 ; 5.32238
3.2501 ; 7.65364 ; -0.717451 ; -3.49085
2.69535 ; 3.22942 ; 5.87472 ; -0.187393
8.7121 ; 4.97515 ; -2.39299 ; 1.4801
5.8196 ; 8.26572 ; -0.810856 ; -4.90959
5.73173 ; 2.13879 ; 2.29846 ; 1.77576
3.42511 ; 4.79357 ; -1.56095 ; -0.855362
8.45723 ; 4.83991 ; -1.59525 ; 0.8531
6.8724 ; 7.18784 ; 0.155564 ; -0.085189
5.83934 ; 5.94642 ; 1.27672 ; 2.0467
2.79138 ; 4.66102 ; 2.63177 ; -3.46636
5.75904 ; 3.18234 ; -2.2057 ; -2.1514
3.30803 ; 2.47945 ; -0.896521 ; 0.147339
4.52788 ; 5.71625 ; -2.84345 ; 1.94959
2.9811 ; 2.70268 ; 5.43798 ; 4.77512
8.41468 ; 2.66452 ; -5.17403 ; 3.40539
8.27184 ; 2.46215 ; -2.23892 ; 0.753948
2.8185 ; 6.88066 ; 4.86789 ; -3.98195
8.0147 ; 5.46848 ; 0.982297 ; -2.2185
5.28981 ; 3.20583 ; -2.66371 ; -1.36884
7.95021 ; 4.61299 ; -0.19917 ; 1.63445
8.74455 ; 5.13827 ; -3.10214 ; -0.683026
7.84686 ; 5.80375 ; 0.0800639 ; 2.53212
8.61763 ; 3.13212 ; -3.48072 ; 1.91002
3.85243 ; 8.14309 ; 1.94429 ; -2.29724
8.19176 ; 7.78232 ; -2.15379 ; -4.24886
5.10533 ; 2.62142 ; -2.94859 ; 0.159697
8.49986 ; 4.1591 ; -0.195452 ; -1.29613
4.90089 ; 3.25191 ; -0.966351 ; 1.49646
3.86266 ; 4.67421 ; -1.40561 ; -2.21231
8.58741 ; 6.18212 ; -1.05243 ; 2.31689
2.82655 ; 7.8873 ; 3.95885 ; -4.1204
8.5407 ; 7.69717 ; -4.34271 ; -3.0617
3.78856 ; 3.08151 ; -1.14873 ; -0.632149
3.17135 ; 6.71586 ; 0.396838 ; -2.55171
3.02258 ; 7.80481 ; 1.94722 ; -2.75551
7.07602 ; 2.28518 ; 0.89423 ; 0.524429
4.50548 ; 6.98298 ; 2.22249 ; 0.721924
2.73001 ; 6.51629 ; 0.688916 ; 1.43974
6.78098 ; 2.39107 ; 2.1435 ; 1.76789
8.24048 ; 8.10466 ; -2.40665 ; -5.3405
8.44716 ; 7.28352 ; -3.45549 ; -4.39314
3.30471 ; 2.24408 ; 0.249149 ; 3.87618
8.01392 ; 2.75036 ; -5.05421 ; 4.83394
3.34564 ; 2.56541 ; 4.59046 ; 5.38344
5.60284 ; 7.23699 ; 1.8312 ; 2.11105
7.9148 ; 6.88139 ; 1.63111 ; 1.8735
7.62834 ; 3.21827 ; -2.11799 ; -1.82619
3.53001 ; 2.63648 ; -1.15373 ; 2.17786
2.99918 ; 7.76684 ; 1.90298 ; -2.17488
4.93584 ; 2.37618 ; 1.5848 ; 1.15673
3.34677 ; 8.09865 ; 1.72076 ; -3.80271
4.3184 ; 6.53347 ; 0.831514 ; 1.9979
3.94459 ; 5.11718 ; -0.213864 ; -1.06777
7.93427 ; 6.52533 ; 1.68394 ; 2.02994
8.60829 ; 2.97681 ; -1.28979 ; -1.01175
2.77271 ; 7.43575 ; 1.38166 ; -1.12198
7.97981 ; 2.63207 ; -1.32397 ; 1.36365
2.68522 ; 5.20326 ; 1.45642 ; -2.65846
8.62844 ; 7.29094 ; -4.62767 ; -0.430262
8.29995 ; 7.84143 ; -3.08894 ; -2.80351
8.3874 ; 3.32561 ; -0.659138 ; -0.281555
6.60516 ; 8.22682 ; -1.30829 ; -3.45276
8.69445 ; 3.71408 ; -2.91717 ; 1.5671
8.24426 ; 7.66153 ; -5.55572 ; -3.95863
4.70575 ; 2.12336 ; -2.40662 ; 2.53019
6.30162 ; 6.7782 ; 1.66341 ; 2.17329
4.87703 ; 2.91169 ; -0.542351 ; -1.64904
7.88799 ; 7.6702 ; 1.14732 ; -3.18251
8.02431 ; 2.90437 ; -1.34478 ; -0.592921
3.09901 ; 7.78615 ; 5.49036 ; -5.18452
7.7268 ; 5.88943 ; -0.206891 ; -2.02116
7.62378 ; 3.57546 ; 0.918059 ; -1.96016
8.26941 ; 2.77522 ; -0.713315 ; 2.53753
7.66838 ; 5.33295 ; -1.28635 ; 2.96206
8.65016 ; 7.02766 ; -2.33845 ; 0.947925
7.58088 ; 4.43094 ; -1.76284 ; -2.53105
7.70842 ; 7.17729 ; 0.0573756 ; -1.26202
2.63 ; 2.60917 ; 2.96714 ; 1.20317
2.66545 ; 7.66978 ; 3.96738 ; -2.4016
2.9661 ; 2.47126 ; 3.12145 ; 2.09442
4.72772 ; 2.08778 ; -2.27877 ; 3.12998
5.87809 ; 7.35372 ; 2.24381 ; -0.335749
2.68577 ; 2.60076 ; 3.61563 ; 0.361633
8.26494 ; 2.45858 ; -1.40385 ; 3.92083
3.47237 ; 8.19352 ; -0.622825 ; -2.14445
7.69027 ; 2.58805 ; 1.60242 ; 2.2648
7.75007 ; 7.16701 ; 0.363067 ; -0.433759
2.693 ; 2.68858 ; 1.55826 ; 1.24841
4.28874 ; 6.70276 ; -1.40114 ; 1.96325
3.14623 ; 5.05525 ; -1.12698 ; -2.18732
5.29525 ; 4.35804 ; 2.59055 ; 1.81806
5.35811 ; 2.17614 ; 2.44209 ; 3.53133
8.4466 ; 7.85514 ; -4.51216 ; -2.66783
8.51589 ; 4.12898 ; -2.28458 ; 1.74448
3.41664 ; 2.69261 ; -0.513234 ; -0.955361
8.76943 ; 5.36873 ; -2.28145 ; 0.503892
8.0197 ; 4.3063 ; 0.956998 ; 2.33683
8.58894 ; 7.30027 ; -2.36326 ; 0.875006
2.76726 ; 7.85579 ; 1.97109 ; -0.979872
8.05944 ; 2.53348 ; -3.89488 ; 3.26112
8.14579 ; 7.13765 ; 0.0252541 ; 0.469505
8.62721 ; 4.03622 ; -2.72363 ; 0.912184
6.37799 ; 6.14391 ; 0.83146 ; -2.14531
5.63651 ; 3.14011 ; 2.18504 ; -1.97052
6.68062 ; 8.26849 ; -0.270274 ; -3.85907
4.22291 ; 8.04483 ; 2.83833 ; -3.13685
3.12024 ; 7.70523 ; -0.394742 ; 0.497946
5.09042 ; 4.80502 ; 2.05558 ; 0.76696
2.79508 ; 2.65432 ; 0.901487 ; 1.3932
2.57837 ; 3.63208 ; 2.09584 ; -2.29336
3.07706 ; 7.77985 ; 4.52221 ; -5.35961
7.99683 ; 8.0562 ; -2.20466 ; -3.74269
2.94709 ; 5.71401 ; 0.206789 ; -0.929304
8.77416 ; 5.21127 ; -3.02006 ; -0.341725
5.79217 ; 6.50563 ; -1.70279 ; 1.82567
3.76527 ; 6.82336 ; 2.00575 ; 1.00618
4.47216 ; 2.7225 ; -0.000548929 ; -0.654801
2.59196 ; 6.93522 ; 4.51649 ; -1.14791
8.05675 ; 7.7284 ; -0.633875 ; -0.0132213
7.11806 ; 2.12272 ; 0.702202 ; 4.11433
8.3981 ; 7.00661 ; -1.2167 ; 0.343562
2.99412 ; 3.53183 ; -0.0401742 ; 2.39766
2.57701 ; 3.85533 ; 3.86627 ; 2.63176
7.4946 ; 5.41566 ; -0.722439 ; 2.91159
8.15937 ; 5.55222 ; -0.922354 ; 2.91742
4.24641 ; 4.68263 ; -0.631931 ; 2.02748
2.71315 ; 7.45576 ; 4.17011 ; -1.68098
8.25661 ; 3.48062 ; -0.216536 ; -2.26398
3.98474 ; 2.23926 ; -0.637987 ; 0.714512
8.26015 ; 3.07647 ; -0.340886 ; 2.11754
3.15581 ; 7.82634 ; 3.97224 ; -3.37939
2.47575 ; 4.75643 ; 3.03426 ; 1.83212
7.86562 ; 4.79822 ; 1.34539 ; -2.8753
8.63263 ; 6.13203 ; -1.31646 ; 1.53691
7.00152 ; 4.68712 ; -0.238043 ; -2.07399
2.68979 ; 2.65823 ; 2.18992 ; 1.20805
7.78122 ; 3.46122 ; 1.09786 ; -2.37753
6.57736 ; 3.06243 ; -0.708241 ; 1.59845
3.6795 ; 7.33358 ; 3.03768 ; -2.66978
8.27027 ; 7.67023 ; -2.27894 ; -1.55339
3.23641 ; 2.9231 ; 0.256482 ; 1.44592
2.82693 ; 2.48706 ; 3.72686 ; 2.25746
3.41611 ; 6.9459 ; -1.59403 ; 1.10699
5.17574 ; 7.15099 ; -1.47043 ; -1.65988
6.55074 ; 4.44571 ; -1.82203 ; -0.581681
8.16181 ; 7.58954 ; -1.80061 ; -0.61547
3.4027 ; 2.21835 ; 0.50517 ; 4.96208
5.55391 ; 8.14929 ; 0.180037 ; -0.805365
3.06668 ; 2.16137 ; 1.16741 ; 3.5825
7.30178 ; 2.43231 ; -3.32165 ; 2.86657
6.63789 ; 3.67276 ; 2.95954 ; -0.964868
7.52831 ; 8.10511 ; 1.7175 ; -3.67066
2.84702 ; 7.7323 ; 4.36307 ; -3.9664
2.96893 ; 8.04968 ; 1.9264 ; -2.92473
8.45754 ; 6.9601 ; -1.65735 ; -2.67801
2.75416 ; 6.10907 ; 0.261607 ; -1.14545
3.0122 ; 4.46779 ; -0.886629 ; -0.419308
5.98729 ; 2.07829 ; 0.886339 ; 3.20407
6.84334 ; 4.63578 ; 0.208456 ; -1.19033
5.42508 ; 2.31513 ; -0.377624 ; 1.79063
3.81224 ; 7.89511 ; 3.93728 ; -2.71322
3.22903 ; 2.2856 ; -0.120668 ; 4.14482
3.17753 ; 7.68183 ; 4.06633 ; -6.80373
3.08174 ; 2.39779 ; 2.37315 ; 5.70081
3.38404 ; 5.99908 ; -0.375023 ; -2.02511
3.35151 ; 4.5334 ; -1.73204 ; -1.59885
2.50583 ; 5.7799 ; 4.2393 ; 0.278181
5.41016 ; 2.44054 ; -1.84752 ; -0.361015
3.62675 ; 7.65436 ; 4.88871 ; -6.62402
7.2596 ; 7.69394 ; -2.19597 ; 0.74929
3.44487 ; 2.41198 ; 1.76809 ; 2.52532
2.94991 ; 2.30976 ; 2.74342 ; 4.29516
8.36555 ; 2.44216 ; -3.01137 ; 4.02482
7.9386 ; 6.54227 ; -1.16072 ; 1.91476
6.59324 ; 2.14579 ; 2.11146 ; 4.17998
2.61135 ; 3.50265 ; 2.37472 ; 0.258063
8.49218 ; 7.19672 ; -1.188 ; 0.726007
2.61395 ; 3.96811 ; 2.56889 ; -1.4866
3.59768 ; 2.48716 ; 2.9816 ; 0.614945
4.63123 ; 2.13272 ; -2.05308 ; 4.34066
5.74945 ; 6.65008 ; -0.101013 ; 2.34885
2.54711 ; 4.20072 ; 2.64483 ; 2.01236
2.52004 ; 6.56238 ; 1.82859 ; 1.13584
4.25201 ; 4.30343 ; -0.748511 ; -1.34814
2.49497 ; 5.40127 ; 2.70152 ; -0.50024
2.93843 ; 2.52773 ; 4.98353 ; 2.25793
8.28809 ; 2.58884 ; -3.08986 ; 4.27989
8.58926 ; 4.34743 ; -1.45074 ; -0.837956
7.18616 ; 8.25721 ; 1.69573 ; -1.45397
6.01547 ; 8.20814 ; 2.76052 ; -1.10138
8.55122 ; 3.00416 ; -4.80764 ; 1.45214
7.61164 ; 2.59788 ; 0.0147517 ; 0.387065
8.33217 ; 4.11992 ; -0.896386 ; -0.126632
8.00385 ; 8.12337 ; -2.14884 ; -4.52387
5.30702 ; 6.67513 ; 0.581119 ; -2.14228
3.1333 ; 2.82687 ; 6.63091 ; 4.82471
8.24577 ; 7.78812 ; 0.154658 ; -1.20936
4.98736 ; 5.49441 ; 1.1109 ; 0.46122
2.81275 ; 2.8719 ; 4.76414 ; 2.93452
8.49562 ; 2.95196 ; -5.76387 ; 1.06826
8.16065 ; 7.38403 ; 0.727659 ; -0.879122
8.36651 ; 4.54794 ; -2.00478 ; 2.15066
6.81733 ; 5.09732 ; 0.35383 ; -1.72206
7.64841 ; 2.20226 ; -1.37796 ; 4.0596
3.60273 ; 7.98495 ; 1.18006 ; -2.71926
8.05847 ; 5.22903 ; -1.32571 ; -1.02397
8.16974 ; 7.86268 ; -4.81189 ; -5.61172
8.35244 ; 3.50651 ; -0.115899 ; 2.40504
8.44714 ; 6.66673 ; -0.829872 ; -2.37227
2.97501 ; 7.55414 ; 3.30631 ; -5.29828
4.07276 ; 6.73596 ; -2.217 ; 0.572125
2.72425 ; 5.31555 ; 1.21049 ; 2.27627
7.03262 ; 3.93399 ; 1.71944 ; -0.825909
8.5021 ; 7.17115 ; -0.964012 ; 0.81366
4.65159 ; 4.96176 ; -3.18673 ; -1.84473
7.36688 ; 7.26223 ; 2.02162 ; -1.77268
6.50918 ; 6.44664 ; 3.21282 ; -0.482213
6.77198 ; 4.94122 ; -1.25689 ; -2.31702
2.49372 ; 4.44831 ; 3.00622 ; -1.15856
7.19871 ; 2.38728 ; -1.0487 ; 0.618731
8.7627 ; 4.24952 ; -2.99826 ; -1.24948
6.28881 ; 7.22071 ; -0.2576 ; -0.139312
3.86949 ; 2.41738 ; -0.806366 ; 0.411782
6.49675 ; 7.99594 ; -0.074317 ; -0.724112
2.78115 ; 2.41481 ; 4.37398 ; 3.59647
7.02633 ; 7.80858 ; 0.570985 ; 0.00154328
5.96685 ; 3.21362 ; -1.16521 ; 0.270135
4.58663 ; 3.82901 ; 0.512286 ; 0.835447
3.10896 ; 2.87657 ; -0.54752 ; 1.23403
8.55659 ; 2.90928 ; -5.33959 ; 1.11558
7.35715 ; 7.1158 ; 1.30025 ; -1.44133
8.0352 ; 3.49132 ; 1.12265 ; 0.573699
7.9442 ; 7.85465 ; 0.534625 ; 0.189896
4.50531 ; 2.08159 ; 0.481924 ; 2.82912
8.39144 ; 5.04406 ; 0.210616 ; -1.30604
5.00879 ; 3.24769 ; -1.98763 ; 1.35182
3.90636 ; 6.89548 ; -1.00681 ; -0.933021
4.44452 ; 6.84163 ; 0.368959 ; -0.383147
3.29904 ; 7.76964 ; 5.49865 ; -4.82014
8.07436 ; 3.9162 ; 0.188494 ; 0.0905484
8.28165 ; 2.61882 ; 0.0714591 ; 0.371845
2.57048 ; 7.54979 ; 3.8507 ; -1.19929
3.66917 ; 3.76186 ; -2.18357 ; -0.190516
5.70055 ; 6.81546 ; -0.944017 ; -1.59041
3.65685 ; 6.07081 ; -0.47307 ; 1.39211
8.11351 ; 5.55717 ; 0.488636 ; -1.12428
8.44309 ; 5.49822 ; -0.348912 ; 0.130242
3.26254 ; 3.34802 ; 1.27065 ; 1.40494
3.37183 ; 7.92334 ; -0.205104 ; -0.819015
2.94942 ; 5.21772 ; 1.55158 ; -3.47396
7.32067 ; 5.29219 ; -1.05952 ; -3.26369
3.44004 ; 8.00171 ; 3.71021 ; -5.38258
3.34864 ; 7.82291 ; 4.71548 ; -4.77164
8.02856 ; 2.54028 ; -4.13867 ; 2.60059
8.52751 ; 2.93031 ; -3.30849 ; 2.9947
2.59779 ; 3.9442 ; 2.86429 ; 2.25923
4.64283 ; 3.26833 ; 2.13197 ; 0.112871
5.49207 ; 8.24181 ; -2.41986 ; -3.02775
5.42955 ; 2.72564 ; -2.00988 ; -1.54214
3.70483 ; 2.72733 ; -1.56285 ; 1.76863
4.75517 ; 8.12502 ; 0.751296 ; -1.27759
8.08813 ; 2.78999 ; -6.11329 ; 5.62184
7.39885 ; 8.28619 ; 1.07981 ; -2.20988
3.7441 ; 4.05048 ; -1.90401 ; -2.42438
3.10707 ; 6.09865 ; -0.715691 ; 2.18918
2.94817 ; 2.80946 ; 0.828927 ; 0.0961872
2.58444 ; 6.05044 ; 1.84043 ; -2.59733
5.98402 ; 8.05096 ; -1.47199 ; -2.08083
3.61552 ; 2.37423 ; 1.51367 ; 2.25759
8.71071 ; 5.13214 ; -3.51208 ; 2.66991
8.7481 ; 5.15844 ; -3.3134 ; 1.62428
3.24573 ; 7.90181 ; 5.14356 ; -4.03441
8.10716 ; 2.44181 ; -3.23106 ; 2.61085
4.15242 ; 2.73225 ; -1.50108 ; -1.03902
5.9509 ; 8.28096 ; -2.56475 ; -2.80115
4.29395 ; 8.14527 ; -1.37095 ; -5.60465
3.15019 ; 2.47546 ; 3.27394 ; 0.867761
3.43727 ; 4.42579 ; 1.38882 ; -1.68463
2.71833 ; 2.87905 ; 0.908141 ; -0.586097
5.8332 ; 2.37561 ; 0.147332 ; 0.352805
8.06722 ; 7.4887 ; 0.00450504 ; 1.03458
7.25697 ; 4.76063 ; 2.7691 ; 1.80049
3.29679 ; 2.4262 ; -0.899808 ; 0.877151
4.2393 ; 4.4756 ; 1.47222 ; 2.85142
8.00782 ; 7.66588 ; -5.05615 ; -5.36949
8.32394 ; 4.86827 ; -0.642266 ; 1.05203
7.33455 ; 2.27628 ; -2.09925 ; 4.82568
2.74111 ; 7.41089 ; 4.88708 ; -1.82327
3.43815 ; 2.36019 ; -0.82906 ; 2.18377
8.4979 ; 2.6755 ; -4.15812 ; 2.88531
4.0755 ; 4.4626 ; -0.78655 ; 2.1415
3.65725 ; 7.8388 ; -0.33859 ; -2.30673
3.62726 ; 7.85542 ; 0.231031 ; -0.432608
8.41376 ; 5.30774 ; -0.723712 ; 2.61735
7.23353 ; 2.57405 ; 2.18807 ; 0.61028
7.89457 ; 8.12486 ; -0.553306 ; -1.42395
4.78129 ; 5.43454 ; -0.228065 ; 2.41229
7.6915 ; 2.61311 ; -4.84256 ; 5.49967
4.95559 ; 7.17113 ; -1.20316 ; 0.969983
3.39142 ; 2.62079 ; 5.12091 ; 5.16183
3.33119 ; 2.95287 ; 6.93441 ; 5.30163
8.45429 ; 7.41648 ; -2.16215 ; -3.80803
3.41253 ; 2.3181 ; 1.37909 ; 2.65145
6.68449 ; 2.24937 ; -1.8825 ; 2.74312
3.65382 ; 6.17229 ; -0.604784 ; 2.20465
5.78037 ; 8.16059 ; -2.26938 ; -1.461
2.97784 ; 7.69533 ; 0.23474 ; -0.0200663
8.5977 ; 7.25946 ; -1.57488 ; -0.425356
7.08212 ; 2.95099 ; -0.362833 ; -0.0918129
3.91665 ; 7.00205 ; 1.9323 ; -0.327582
3.07732 ; 4.61883 ; -1.20038 ; -1.59514
3.64149 ; 2.17562 ; 1.73359 ; 2.70281
8.33198 ; 7.83337 ; -4.1366 ; -2.93148
8.03282 ; 3.63367 ; 0.658859 ; -1.64842
2.90777 ; 2.61767 ; 6.08303 ; 3.34793
2.60968 ; 4.99565 ; 3.12914 ; -2.95829
5.33927 ; 8.0662 ; 0.714934 ; -0.659059
6.85318 ; 4.29347 ; 1.03528 ; 0.257501
3.5236 ; 2.70346 ; 1.30993 ; -1.00781
3.41111 ; 8.1143 ; 2.08509 ; -3.2828
6.5609 ; 6.69949 ; -1.59768 ; 2.4723
2.71085 ; 2.884 ; 4.31671 ; 1.51753
4.63368 ; 8.22155 ; 0.934496 ; -2.32086
2.84703 ; 4.3284 ; 0.122577 ; -0.660537
7.98846 ; 7.22671 ; -0.682684 ; 1.71243
8.11668 ; 2.5478 ; -5.31496 ; 4.39342
8.46232 ; 2.77463 ; -4.13973 ; 2.50213
8.05952 ; 7.62533 ; -5.31419 ; -6.51721
8.17727 ; 7.69904 ; -2.12208 ; -2.03956
2.99524 ; 5.72567 ; -0.762492 ; 1.52461
3.83721 ; 3.76975 ; 1.40946 ; -1.05725
4.48438 ; 4.93004 ; 0.0677833 ; 1.16714
8.2175 ; 3.47535 ; -1.93136 ; -1.37767
8.54617 ; 7.15882 ; -1.77399 ; -0.205988
8.53767 ; 3.29255 ; -4.22877 ; 2.90942
3.44611 ; 7.66469 ; 4.86643 ; -5.58378
5.81146 ; 7.92402 ; 0.482534 ; -0.220787
7.8904 ; 7.33382 ; -1.89987 ; -1.32523
6.35135 ; 7.94169 ; -1.04735 ; -2.25822
7.38994 ; 5.13851 ; 2.07323 ; 2.27098
7.05827 ; 8.06903 ; 1.53103 ; -0.721995
4.82917 ; 4.53405 ; -0.706434 ; -2.9345
3.8051 ; 6.33207 ; 0.876788 ; 2.07213
6.87249 ; 8.29596 ; 1.05683 ; -3.64786
6.46447 ; 2.18816 ; -1.89898 ; 2.34976
4.12742 ; 2.214 ; -2.26961 ; 2.28924
7.88483 ; 3.16111 ; 1.59756 ; -0.550866
3.21099 ; 7.39629 ; 5.62643 ; -5.87182
6.83311 ; 5.58895 ; -1.80521 ; 1.15278
5.85114 ; 7.36219 ; -2.11311 ; 1.47012
8.29532 ; 7.85403 ; -0.172747 ; -0.793545
3.19459 ; 2.50739 ; 4.45895 ; 4.5192
7.52601 ; 3.28748 ; -1.79814 ; 1.45126
6.56506 ; 2.91129 ; 2.71216 ; 0.0427293
8.24966 ; 2.30725 ; -0.152499 ; 1.09424
4.1655 ; 2.79331 ; 0.74433 ; 0.224191
6.16405 ; 8.29113 ; 1.57907 ; -4.40368
3.07654 ; 6.20194 ; -0.95553 ; 1.14199
3.89438 ; 3.56226 ; -1.02243 ; -2.61949
2.87223 ; 6.62767 ; 4.8674 ; -5.02706
4.28273 ; 7.1113 ; -1.10159 ; 0.463978
2.61993 ; 6.82921 ; 5.03717 ; -0.0939521
2.81309 ; 2.94362 ; 3.55562 ; 4.23826
3.72189 ; 3.06013 ; -1.23014 ; -1.75725
3.25298 ; 5.98049 ; 0.105592 ; 2.15911
6.93029 ; 2.14454 ; -1.25981 ; 2.36359
2.73957 ; 4.04009 ; 0.343504 ; -2.15761
2.79816 ; 5.40509 ; 0.763892 ; 0.475345
8.1269 ; 7.95708 ; -3.80253 ; -4.25688
8.51927 ; 5.87476 ; -1.47359 ; 0.837321
6.7715 ; 7.38303 ; -2.10514 ; 0.282919
3.07957 ; 2.88058 ; 0.0748298 ; 1.87454
8.60568 ; 4.05744 ; -2.26149 ; 3.17377
5.15138 ; 3.49667 ; 1.89837 ; -1.25973
3.95303 ; 7.78803 ; 1.30662 ; -0.584264
5.39494 ; 3.54352 ; 0.00522838 ; -0.334842
3.19221 ; 3.84307 ; -1.1887 ; -0.463239
8.18378 ; 2.29916 ; -0.65668 ; 2.70302
8.06314 ; 7.05976 ; -1.13295 ; -1.82962
6.20547 ; 2.09678 ; 0.1975 ; 1.64903
3.71752 ; 2.26467 ; 0.364215 ; 5.43477
6.74096 ; 5.80455 ; 1.26372 ; -2.99314
6.21769 ; 2.14429 ; 2.58056 ; 2.12236
3.06451 ; 7.20751 ; -0.430188 ; 0.756453
8.07148 ; 2.48102 ; -3.8235 ; 1.8898
3.07114 ; 7.61431 ; -0.134425 ; -1.03555
4.9101 ; 6.5175 ; 3.21915 ; -1.41053
3.15838 ; 7.89546 ; 3.84503 ; -1.67974
7.10744 ; 5.59751 ; -1.4364 ; -3.23214
4.38193 ; 3.7108 ; -2.76986 ; 1.46464
8.08107 ; 2.3652 ; -2.2214 ; 5.48889
3.07547 ; 7.64738 ; 5.50705 ; -5.97817
8.3008 ; 2.78643 ; -3.98345 ; 4.41081
5.04268 ; 3.37584 ; 0.39271 ; -1.77112
3.97865 ; 5.38377 ; -2.28103 ; 1.73823
8.64716 ; 3.52274 ; -3.7556 ; -2.01981
8.53847 ; 6.84282 ; -2.9739 ; -1.66268
2.91371 ; 7.86647 ; 4.03989 ; -2.62987
4.87169 ; 2.63127 ; -1.94235 ; -0.0250361
5.03651 ; 6.79815 ; -2.77924 ; -0.280825
3.00966 ; 7.9473 ; 4.17455 ; -4.17605
3.18315 ; 7.60726 ; 4.89312 ; -6.24532
3.38262 ; 8.13367 ; 0.701074 ; -5.7045
3.50629 ; 2.2229 ; 1.30347 ; 3.58719
6.23775 ; 2.294 ; -0.753407 ; 0.63563
8.43347 ; 6.08185 ; -0.0302775 ; -0.131858
2.66591 ; 2.90201 ; 3.43707 ; -0.927658
6.94746 ; 4.77417 ; 2.59566 ; -0.524365
5.60251 ; 2.13897 ; 2.32448 ; 3.88754
2.50925 ; 3.65705 ; 3.68086 ; -2.07684
2.75407 ; 2.48662 ; 4.96407 ; 3.33052
8.56702 ; 2.82256 ; -3.55321 ; 0.762943
8.08539 ; 2.58162 ; 0.716585 ; 0.022261
8.17142 ; 3.13638 ; -1.16783 ; 0.724194
8.68742 ; 7.58301 ; -3.60651 ; -0.439955
2.48798 ; 4.52127 ; 2.66739 ; 1.82184
3.75338 ; 6.39717 ; -2.33519 ; 1.92188
7.0236 ; 2.10958 ; 1.96465 ; 3.83484
8.4933 ; 7.32609 ; -5.79932 ; -0.88161
3.62497 ; 8.09457 ; -0.969645 ; -1.94186
8.40787 ; 6.4209 ; -1.17963 ; 1.38554
7.88796 ; 2.49082 ; -3.49204 ; 3.84737
2.63527 ; 5.11598 ; 2.17626 ; -3.33513
8.47845 ; 6.10297 ; -2.17654 ; -2.97469
7.44846 ; 2.87149 ; -1.55537 ; -0.28176
5.85601 ; 4.82332 ; 2.19272 ; 0.401131
7.86135 ; 3.79382 ; -0.940062 ; 0.138457
8.10944 ; 2.45446 ; -1.92778 ; 3.09704
8.28765 ; 6.02572 ; -1.24378 ; -0.751731
5.86161 ; 3.12726 ; -1.44464 ; -2.2583
2.78201 ; 7.81484 ; 4.99171 ; -3.38246
2.64245 ; 2.5683 ; 2.50659 ; 0.579297
7.07237 ; 3.23208 ; 0.298255 ; 1.118
4.62943 ; 2.31738 ; 3.70016 ; 3.96333
6.16886 ; 2.33173 ; -2.64549 ; 0.150081
4.80413 ; 8.13232 ; -2.72284 ; -2.54433
8.73216 ; 4.21906 ; -2.08301 ; -0.793699
6.32483 ; 2.50814 ; 2.23343 ; -0.510574
8.60332 ; 3.52331 ; -2.80162 ; -0.0548871
6.34109 ; 5.81521 ; -2.8083 ; 1.42654
8.02524 ; 6.5405 ; 0.685658 ; 2.25321
8.17125 ; 3.40474 ; -0.123675 ; 1.52255
8.0012 ; 5.65197 ; 0.472049 ; 1.07459
6.50174 ; 8.23342 ; 1.74136 ; -3.5359
3.47166 ; 7.64199 ; 4.56304 ; -6.82202
6.64577 ; 2.41671 ; -0.505142 ; -0.110827
5.29312 ; 5.95324 ; 2.91831 ; -0.953947
2.97329 ; 2.24621 ; 2.1759 ; 3.65879
7.12307 ; 7.81148 ; -2.07848 ; 0.486244
2.60224 ; 7.19889 ; 4.40524 ; -1.36066
6.43414 ; 4.57453 ; -0.96621 ; -1.25562
7.36934 ; 8.17527 ; 1.5935 ; -1.22116
2.57139 ; 4.0147 ; 3.19593 ; 1.75593
3.12845 ; 2.71594 ; 2.67326 ; -0.906589
4.30455 ; 2.52711 ; 3.24976 ; 1.75476
4.84582 ; 5.42621 ; -2.17417 ; 2.31503
3.24289 ; 6.66029 ; -0.274953 ; 1.41993
3.53166 ; 2.38583 ; 2.16339 ; 3.16031
7.68757 ; 2.46736 ; -4.108 ; 4.57297
5.52773 ; 7.73277 ; -0.257107 ; 0.607991
8.02525 ; 7.93514 ; -0.904539 ; -0.790145
3.06158 ; 7.90189 ; 2.35427 ; -4.2235
8.13035 ; 7.64038 ; -5.01672 ; -6.49802
3.55325 ; 7.12141 ; -1.27585 ; 1.69327
4.05238 ; 2.13186 ; 0.0982255 ; 3.74332
7.47887 ; 3.16963 ; -1.78909 ; -1.99238
5.86791 ; 2.40186 ; -1.64537 ; 0.682894
5.79649 ; 7.89137 ; 0.666875 ; -0.664266
2.94209 ; 6.637 ; 1.03801 ; -1.55983
8.68702 ; 3.15618 ; -2.91299 ; -0.446184
3.70642 ; 6.3406 ; -1.92268 ; -1.82202
3.42424 ; 3.56595 ; -1.60796 ; 1.77505
7.83015 ; 2.17411 ; -0.686762 ; 2.3636
4.93594 ; 4.02743 ; -0.994508 ; -0.327121
7.02924 ; 3.65175 ; 2.76084 ; -1.93534
2.65163 ; 5.24285 ; 2.51051 ; 2.4915
3.4141 ; 7.82983 ; 0.255487 ; -0.373833
3.89272 ; 7.73028 ; 0.575631 ; -0.581784
8.49912 ; 4.65592 ; -0.327012 ; 0.708831
4.48058 ; 6.44015 ; -3.07888 ; -2.36109
6.27357 ; 2.63064 ; -0.0184516 ; -0.336145
2.84539 ; 7.6391 ; 3.60537 ; -3.12276
3.43071 ; 6.71388 ; -0.470676 ; 2.35511
5.70307 ; 2.59685 ; -1.35003 ; -0.937826
8.60844 ; 2.95058 ; -4.47164 ; 1.12217
6.74031 ; 2.62641 ; -1.45389 ; -0.868124
8.06837 ; 2.90246 ; 0.314958 ; 1.08251
2.64947 ; 3.71758 ; 1.92391 ; -0.0061028
7.96315 ; 2.57993 ; 0.351154 ; 0.642624
3.44291 ; 7.42944 ; -1.39816 ; -0.792022
5.56174 ; 8.01074 ; 1.29362 ; -0.669295
2.96583 ; 7.9897 ; 1.6452 ; -3.30753
7.73866 ; 6.69502 ; 0.73261 ; -1.98469
5.34602 ; 4.60393 ; -2.74018 ; 2.06623
4.35414 ; 5.26572 ; 0.230847 ; 1.68538
8.12779 ; 7.46158 ; -0.391228 ; 1.23922
2.63968 ; 6.86559 ; 5.30697 ; -0.780561
8.40535 ; 7.4231 ; -0.879786 ; -2.31228
3.91826 ; 4.42185 ; 1.35738 ; 0.232817
5.31789 ; 2.71611 ; 0.3011 ; 0.303379
8.69674 ; 2.85821 ; -3.74016 ; -0.19217
4.1574 ; 8.2561 ; 1.22387 ; -4.36036
2.80409 ; 2.65809 ; 2.83856 ; 2.01461
6.91278 ; 2.9204 ; -2.03793 ; -0.0053432
4.09967 ; 3.83827 ; -2.24066 ; -1.42002
3.47726 ; 8.01876 ; -0.59398 ; -1.43592
6.75072 ; 3.30171 ; -1.2724 ; -0.466749
8.00887 ; 7.64012 ; -1.22067 ; -2.47863
6.52835 ; 7.41205 ; 1.22935 ; 0.475615
2.69746 ; 2.98525 ; 2.55654 ; -0.437122
4.51961 ; 2.26276 ; 2.58723 ; 4.63855
3.81346 ; 8.22044 ; 1.08666 ; -4.58238
4.38808 ; 4.76469 ; 1.71104 ; 1.90176
6.82372 ; 7.50169 ; 1.01055 ; -0.0110055
8.46752 ; 6.806 ; -1.69096 ; -3.45063
3.05124 ; 3.1485 ; -0.714596 ; -1.08964
2.92088 ; 7.70555 ; 5.09591 ; -4.71204
8.39806 ; 7.54729 ; -0.626844 ; -1.7361
7.94486 ; 8.20388 ; -0.924826 ; -4.43511
6.78053 ; 5.99299 ; 0.0682065 ; 2.55117
8.39051 ; 2.9268 ; -1.70772 ; -0.269793
5.89623 ; 7.56963 ; 2.38385 ; 1.56541
8.34781 ; 2.41357 ; -2.19752 ; 3.75755
7.85527 ; 2.18345 ; -1.25662 ; 4.15025
3.19479 ; 4.70227 ; 0.292429 ; 0.422673
8.10178 ; 7.18719 ; -0.00939083 ; -1.21686
2.80407 ; 7.17881 ; 3.21643 ; -4.81624
3.09637 ; 8.10455 ; 2.77191 ; -4.14528
8.31728 ; 2.45534 ; -1.48316 ; 1.83083
2.5074 ; 6.75284 ; 2.89955 ; 0.712296
2.80194 ; 7.80614 ; 3.2982 ; -3.62349
2.73357 ; 6.9127 ; 2.6676 ; -1.68781
3.76466 ; 3.14948 ; -2.38978 ; 0.526753
2.69636 ; 7.44357 ; 5.0114 ; -2.02755
5.57472 ; 2.85761 ; -2.07112 ; -1.25774
4.85828 ; 5.59318 ; 1.45088 ; 1.85285
4.68179 ; 3.75464 ; 1.83149 ; -0.0728319
2.78281 ; 2.51501 ; 1.72554 ; 1.70516
8.47171 ; 2.34178 ; -2.07856 ; 2.17873
3.34561 ; 2.92686 ; 2.44178 ; 1.02777
7.60143 ; 2.38744 ; -1.90886 ; 2.07179
8.48559 ; 6.48372 ; -1.55115 ; 0.0598466
3.33728 ; 2.22194 ; 1.76556 ; 3.90112
5.48902 ; 3.74851 ; 2.68519 ; -0.890305
5.82827 ; 4.68487 ; 1.3832 ; 2.61269
3.89841 ; 4.88693 ; 0.851921 ; -0.428654
3.66654 ; 2.85319 ; -0.75704 ; -0.667429
6.49392 ; 6.77421 ; 1.73238 ; 2.53788
2.96633 ; 7.73564 ; 3.93553 ; -3.29316
4.64335 ; 3.35519 ; 0.866603 ; -1.45137
3.1771 ; 2.36988 ; 1.27908 ; 1.74218
5.72972 ; 2.30518 ; 2.37426 ; 0.321555
4.65484 ; 2.92583 ; -0.659127 ; -1.81065
2.79143 ; 7.25417 ; 2.04589 ; -2.01537
4.2407 ; 6.24756 ; 1.33263 ; 1.62261
2.74297 ; 6.14579 ; 3.26262 ; -4.25175
3.47331 ; 7.36587 ; 5.80635 ; -7.04025
8.50441 ; 2.84153 ; -0.927933 ; 0.527601
3.62661 ; 4.64512 ; -1.1528 ; -0.307348
3.63419 ; 2.21662 ; 1.02816 ; 4.73697
7.80191 ; 2.25766 ; 0.827002 ; 1.00457
3.53976 ; 2.32191 ; -0.961942 ; 0.814339
7.26664 ; 2.58881 ; 0.118249 ; -0.320473
3.06465 ; 7.41212 ; -0.288504 ; -3.12127
4.33391 ; 7.59555 ; -0.937307 ; -1.00733
3.43316 ; 3.04536 ; 2.18952 ; 0.839214
8.64956 ; 6.58169 ; -1.30142 ; 0.704315
8.2197 ; 7.78297 ; -1.65122 ; -0.668572
6.24973 ; 2.09349 ; -0.747899 ; 3.71145
2.6114 ; 3.49538 ; 1.67265 ; -1.27389
4.16841 ; 8.1986 ; -0.930668 ; -1.25626
6.77998 ; 4.56567 ; -1.52466 ; -3.44495
7.84553 ; 7.75353 ; 0.129986 ; 0.0606992
5.0533 ; 2.3895 ; 1.65835 ; 0.737483
8.56548 ; 5.1152 ; -1.48703 ; 2.17776
2.91395 ; 7.71751 ; 3.59135 ; -2.21079
8.72586 ; 6.95802 ; -3.25546 ; 0.678823
6.07518 ; 7.21961 ; 0.412458 ; 1.73565
6.29103 ; 2.2288 ; 2.72426 ; 2.84533
8.08299 ; 2.79315 ; -2.11443 ; -0.666724
2.95606 ; 2.39636 ; 3.5569 ; 4.19498
2.97482 ; 2.47748 ; 2.36597 ; 5.20994
8.31825 ; 7.66047 ; -3.94673 ; -5.41483
8.68182 ; 6.1197 ; -4.48569 ; 1.8835
7.63655 ; 8.03171 ; -2.08845 ; -5.77222
7.73598 ; 2.75979 ; -5.62753 ; 5.64346
3.52704 ; 2.21539 ; -1.19817 ; 2.47819
8.05924 ; 2.52379 ; 0.497311 ; 2.46301
3.23033 ; 7.72384 ; 0.865001 ; -0.590681
3.48579 ; 2.64278 ; -1.45169 ; -0.987641
8.43673 ; 7.67752 ; -2.55232 ; -0.482022
6.56074 ; 7.41489 ; -2.67259 ; -0.881531
3.45457 ; 6.46764 ; -1.39599 ; -0.370827
5.1917 ; 5.97388 ; -2.3934 ; 2.86812
5.33141 ; 5.82908 ; 1.66094 ; -0.347092
7.76521 ; 7.35894 ; -6.90586 ; -6.16253
6.08867 ; 7.1288 ; 3.33457 ; -0.414343
3.11355 ; 4.60817 ; 1.45498 ; 2.15135
3.62379 ; 8.17478 ; -1.03818 ; -2.43136
3.61944 ; 3.18105 ; -0.290562 ; 0.886574
8.65516 ; 6.20811 ; -1.71531 ; -1.88885
4.96085 ; 8.23849 ; 1.45978 ; -4.72741
8.28828 ; 7.8663 ; -1.76775 ; -4.4271
2.85462 ; 7.46182 ; 3.54969 ; -4.0716
8.38354 ; 4.01326 ; -2.36435 ; -2.95462
7.30975 ; 8.2665 ; 0.9991 ; -3.98228
4.23129 ; 3.38359 ; -1.93841 ; -0.883327
7.82869 ; 5.31251 ; 0.601155 ; -1.44468
3.5925 ; 5.56449 ; -2.05963 ; -2.77764
8.45331 ; 7.02398 ; -1.06067 ; -0.0192826
8.13387 ; 3.02486 ; 0.145579 ; 1.93098
7.76983 ; 2.94804 ; -0.492281 ; -0.978514
3.98416 ; 3.03896 ; 1.34718 ; -1.68922
8.28233 ; 2.3779 ; -0.677408 ; 1.85637
7.70359 ; 7.25614 ; -0.253494 ; -0.391622
8.38013 ; 7.2387 ; -5.93518 ; -2.9477
3.8875 ; 2.24208 ; -0.506438 ; 0.640893
7.86269 ; 7.86662 ; -4.43901 ; -5.20427
4.58268 ; 4.18109 ; -0.925641 ; 0.859162
7.94665 ; 7.09453 ; 0.14841 ; -1.30953
7.94149 ; 6.28836 ; -0.835978 ; -0.257201
6.50931 ; 7.48263 ; -2.8544 ; -0.276373
4.47763 ; 8.33435 ; -1.45872 ; -2.81395
8.41965 ; 7.46586 ; -5.10103 ; -3.68325
8.71074 ; 5.08621 ; -2.48563 ; 1.794
8.46628 ; 3.25756 ; -2.35503 ; 1.89219
8.4736 ; 2.80538 ; -2.66097 ; 0.606334
6.17922 ; 4.91101 ; -0.615709 ; -1.42863
7.43733 ; 4.71415 ; 1.71163 ; 2.16775
7.94427 ; 8.10547 ; -0.471666 ; -1.82374
6.55095 ; 4.4796 ; 2.16745 ; -0.350442
3.81759 ; 7.01428 ; 1.77845 ; 0.830579
7.94554 ; 6.18625 ; 1.51896 ; -2.32037
3.57908 ; 7.83437 ; 3.95604 ; -6.26298
3.63285 ; 2.51265 ; -0.722114 ; -0.0382633
2.47087 ; 2.98217 ; 3.71924 ; -0.466643
7.4763 ; 2.66056 ; -1.03188 ; -1.0552
6.02375 ; 4.63332 ; 3.14542 ; -2.37525
7.21801 ; 2.13654 ; 1.28921 ; 1.99167
3.28788 ; 3.83633 ; -1.19133 ; -1.81094
8.50019 ; 7.70705 ; -4.32605 ; -3.24776
8.44324 ; 3.02292 ; -0.98959 ; -1.2551
7.59706 ; 8.05432 ; -0.921346 ; -1.40566
8.16244 ; 8.10254 ; -3.0242 ; -3.63405
5.05436 ; 4.82935 ; 0.491894 ; 2.14194
3.10388 ; 7.78238 ; 3.91484 ; -1.70265
3.17911 ; 3.12652 ; 0.859401 ; 1.7824
5.3528 ; 7.55629 ; -1.06966 ; 1.02313
8.21844 ; 7.61802 ; -4.90973 ; -5.44637
7.03615 ; 5.95254 ; -2.21807 ; -1.44917
5.45471 ; 3.1235 ; -2.56939 ; -0.682398
8.27591 ; 2.53948 ; -1.43613 ; 4.14377
3.35061 ; 7.55461 ; -0.941444 ; -1.71247
3.03186 ; 7.95623 ; 3.05402 ; -5.48438
6.89426 ; 3.98252 ; 2.41573 ; 1.55782
4.45465 ; 6.3962 ; 2.65176 ; 0.477308
7.55636 ; 7.1753 ; 1.03316 ; 1.68327
7.80802 ; 8.12036 ; 0.413978 ; -3.16281
3.18944 ; 7.2945 ; 5.55054 ; -6.68823
3.21228 ; 2.85586 ; 6.09023 ; 6.05534
7.63072 ; 2.30737 ; -3.25942 ; 2.0153
6.89735 ; 2.2625 ; -2.29505 ; 2.19366
3.084 ; 3.85237 ; -0.31043 ; 0.177158
3.02721 ; 2.41169 ; 2.76122 ; 1.47909
2.89681 ; 7.80202 ; 5.00452 ; -4.21359
5.54275 ; 3.37959 ; -2.15111 ; -1.99984
8.62516 ; 7.40253 ; -3.12331 ; -1.29349
5.16087 ; 2.48393 ; 0.541357 ; 1.47876
8.09867 ; 7.69329 ; -5.35102 ; -5.89256
7.63684 ; 8.14969 ; 0.90836 ; -1.13624
6.17421 ; 8.15652 ; -0.472995 ; -1.18232
8.55623 ; 2.98413 ; -2.72808 ; 1.61376
3.09812 ; 3.92209 ; -1.28019 ; -0.855811
3.52723 ; 2.22028 ; 0.763004 ; 4.38116
3.20639 ; 7.9486 ; 2.58733 ; -5.74947
2.59854 ; 2.59918 ; 3.22105 ; 0.50699
8.47669 ; 4.22578 ; -2.31768 ; 2.46056
7.65177 ; 3.75885 ; 0.0377542 ; 1.1615
2.85882 ; 3.79863 ; 1.21441 ; -0.700932
7.82922 ; 7.83923 ; 1.29803 ; -0.485704
7.07228 ; 7.87191 ; -2.23286 ; -0.764584
8.48095 ; 7.11618 ; -0.580732 ; 1.13667
4.82775 ; 7.88431 ; -0.438432 ; -0.41765
2.96055 ; 3.94726 ; -0.397678 ; -0.428845
7.64592 ; 3.19347 ; -1.37866 ; -1.88791
6.49902 ; 2.52279 ; 0.624674 ; 0.683953
6.72045 ; 6.07191 ; -0.682993 ; 0.423386
6.27454 ; 3.0706 ; 0.41922 ; -1.60471
5.27824 ; 8.07861 ; 2.21144 ; -2.40216
8.39267 ; 5.1765 ; 0.184383 ; -0.275102
5.65653 ; 8.29368 ; 2.32551 ; -2.148
3.33484 ; 4.66364 ; -1.7012 ; -2.71223
