4.69496 ; 6.83056 ; 1.73036 ; 2.16541
2.82752 ; 4.78586 ; 2.94289 ; -2.11051
3.26262 ; 5.62574 ; 2.53982 ; -0.890951
7.38524 ; 7.31784 ; -5.83393 ; -6.0884
6.10044 ; 4.92085 ; 1.14183 ; 3.25421
7.78481 ; 6.84863 ; -5.86172 ; -6.05784
4.83269 ; 4.8175 ; 2.53997 ; 1.23182
5.09666 ; 4.20094 ; 2.01315 ; -3.04982
3.06359 ; 5.66947 ; 0.177409 ; -2.91269
3.03126 ; 2.63177 ; 2.75985 ; 3.4357
2.94969 ; 6.10542 ; 2.62502 ; 1.90018
4.33997 ; 4.6506 ; -1.89388 ; 2.3883
8.2985 ; 6.87887 ; -0.834557 ; 0.773445
7.69071 ; 6.87975 ; 1.10867 ; -3.06481
3.69869 ; 6.80476 ; -0.784868 ; -0.490923
3.9993 ; 2.64863 ; -1.62096 ; 2.34648
7.96513 ; 7.22873 ; -2.00165 ; -0.0986945
2.93621 ; 3.30492 ; 5.81694 ; 0.669554
5.78613 ; 5.5957 ; 1.155 ; 0.81291
7.46644 ; 3.94609 ; 1.17403 ; 1.3184
3.55953 ; 3.00103 ; 5.36951 ; 5.65864
7.99473 ; 2.88076 ; -6.47811 ; 3.8137
4.12997 ; 2.38217 ; 1.77878 ; 4.31941
4.18554 ; 4.3848 ; -2.52724 ; 1.68049
7.40739 ; 2.32731 ; -0.36009 ; 2.8735
3.18851 ; 4.80941 ; 0.0659198 ; -2.45826
6.5095 ; 6.42061 ; 1.11352 ; -2.74452
6.65133 ; 5.51333 ; 2.76669 ; -1.24275
7.47992 ; 6.95408 ; -6.78251 ; -6.88929
4.80792 ; 6.95921 ; -1.30768 ; 1.90331
2.84861 ; 4.34913 ; 2.38362 ; 1.47132
5.88988 ; 7.88446 ; 1.5396 ; -2.34271
2.95839 ; 2.78861 ; 2.13486 ; 2.15339
3.07734 ; 3.84134 ; 6.47977 ; -1.00578
8.32647 ; 7.2942 ; -0.859903 ; -0.346635
3.058 ; 7.74028 ; 3.59048 ; -3.78918
7.39764 ; 7.6691 ; 0.272787 ; -0.315289
7.71842 ; 7.86524 ; -1.34978 ; -3.22917
7.91818 ; 2.53263 ; -2.2728 ; 5.30394
8.13852 ; 3.91171 ; 0.429215 ; -1.80153
5.89426 ; 4.18428 ; -1.03473 ; -2.67327
6.38856 ; 2.58899 ; -1.02988 ; 5.95824
4.64487 ; 5.04171 ; -2.45136 ; -2.51595
5.94027 ; 7.5478 ; -2.0785 ; -1.75231
8.36904 ; 5.55213 ; -4.39236 ; 1.46927
6.83745 ; 7.35978 ; -1.1005 ; -2.35564
3.33547 ; 7.26933 ; 6.86261 ; -3.84701
8.00019 ; 5.63703 ; -2.49345 ; -0.97534
8.19043 ; 6.5338 ; -1.0261 ; 0.0140187
3.38189 ; 7.0856 ; 5.90302 ; -6.26598
7.97394 ; 7.83771 ; -1.4081 ; -1.61483
3.46561 ; 7.35859 ; 6.13962 ; -6.33692
7.77513 ; 7.71984 ; -3.18303 ; -3.50161
7.9904 ; 3.17762 ; -5.95076 ; 3.87276
6.49259 ; 6.67312 ; 1.38095 ; 0.865964
8.23152 ; 5.13309 ; -2.05388 ; 2.71589
2.83269 ; 5.81921 ; 4.92557 ; -2.66909
8.19343 ; 2.8765 ; -2.00553 ; 3.87699
3.0313 ; 7.08789 ; 5.0788 ; -4.57163
2.99465 ; 2.43986 ; 2.17762 ; 2.51203
7.28423 ; 5.62747 ; 2.16072 ; -2.3079
7.61018 ; 7.47455 ; -4.15169 ; -4.37778
8.0244 ; 2.55161 ; -2.32852 ; 4.96432
3.18362 ; 6.37994 ; -0.204434 ; -1.67547
3.76151 ; 3.49355 ; 6.38856 ; 6.93704
7.29855 ; 2.67227 ; 0.38888 ; 6.31311
2.83804 ; 7.44625 ; 3.23742 ; -1.41692
4.22829 ; 7.81249 ; 1.45511 ; -5.49573
8.05855 ; 7.98608 ; -1.33387 ; -3.95955
8.45546 ; 6.02194 ; -4.14135 ; 1.20258
3.22248 ; 6.52031 ; -0.475517 ; -1.72615
7.24101 ; 7.98326 ; 1.21346 ; -1.70927
3.20639 ; 7.81178 ; 3.32062 ; -4.43521
7.75882 ; 6.60565 ; 0.70431 ; 1.58556
8.41402 ; 3.95124 ; -3.11295 ; 0.19598
3.72092 ; 2.7659 ; 4.11733 ; 6.10437
3.04486 ; 7.39498 ; 4.70065 ; -1.30852
2.88442 ; 6.4658 ; 2.1156 ; -0.884991
5.2203 ; 8.01497 ; 1.37934 ; -3.94725
5.25773 ; 2.36831 ; 2.00246 ; 1.32016
2.93579 ; 6.29253 ; 5.59017 ; 0.882822
3.45171 ; 3.63187 ; 2.85711 ; 3.39506
8.28146 ; 3.72241 ; -2.05205 ; 1.66723
8.18256 ; 7.75833 ; -3.40968 ; -4.63314
2.99142 ; 3.25766 ; 4.78175 ; 2.17097
4.11017 ; 7.84524 ; -0.628959 ; -1.69278
2.85853 ; 3.72088 ; 1.72079 ; 2.72234
4.33834 ; 4.6844 ; 0.712253 ; 0.541979
3.20213 ; 6.03436 ; 0.793753 ; 2.08043
7.8028 ; 3.15917 ; -4.88272 ; 4.45018
8.11139 ; 2.78982 ; -2.36548 ; 5.44132
5.76215 ; 7.61385 ; -0.28183 ; -0.218949
4.93738 ; 6.6155 ; 1.72286 ; -1.36383
5.61698 ; 7.89064 ; 2.50396 ; -5.38972
4.62141 ; 5.82204 ; -1.6648 ; -3.37009
3.3286 ; 3.24459 ; 6.10469 ; 4.4577
8.15834 ; 3.25761 ; 0.364874 ; -1.36143
7.72018 ; 4.67968 ; -1.56666 ; -1.73601
3.99409 ; 7.63538 ; -1.30647 ; -4.02597
3.92542 ; 2.99079 ; 3.68355 ; 2.46549
8.13595 ; 3.03559 ; -4.14633 ; 4.95049
3.03844 ; 7.43623 ; 2.70692 ; -4.48193
4.75478 ; 5.65896 ; -0.265438 ; -1.30029
2.70932 ; 4.01052 ; 2.51653 ; -0.874982
8.34198 ; 2.99805 ; -2.38209 ; -0.768411
7.94246 ; 7.65285 ; -3.43597 ; -6.54102
4.63475 ; 5.66463 ; 0.108138 ; 1.85065
6.90236 ; 2.56914 ; -3.01042 ; 0.804694
5.5681 ; 2.74042 ; 0.858546 ; 0.128435
3.06786 ; 2.9255 ; 3.49475 ; -0.600647
2.81061 ; 4.96701 ; 1.7598 ; 0.207668
7.48701 ; 2.65366 ; 0.726137 ; 0.896186
3.05535 ; 2.73748 ; 5.40962 ; 1.2814
4.76556 ; 8.01968 ; 1.41326 ; -1.95515
7.35542 ; 2.69328 ; 1.32334 ; 3.40794
2.92042 ; 2.57766 ; 2.49224 ; 1.44231
3.2137 ; 7.70597 ; 3.69861 ; -5.73509
6.59427 ; 7.86154 ; -2.42586 ; -0.676707
4.46719 ; 3.55282 ; 1.93889 ; -2.57744
7.90968 ; 2.83756 ; -3.87977 ; 0.338504
3.63432 ; 2.50316 ; 1.51722 ; 5.44566
8.10863 ; 3.16243 ; 0.116142 ; 0.478397
4.09574 ; 3.14453 ; -1.9158 ; -0.504844
6.74127 ; 6.07478 ; 0.771577 ; 2.76566
7.95086 ; 2.85915 ; 0.16417 ; -0.912594
7.11688 ; 3.91219 ; -2.32473 ; -1.14712
5.19973 ; 3.49823 ; 1.83735 ; 1.72469
7.71356 ; 7.36706 ; -6.10573 ; -6.5702
8.53168 ; 4.49097 ; -2.74448 ; -2.58813
8.13986 ; 4.83669 ; -1.64075 ; 2.20762
2.90907 ; 6.81426 ; 4.47335 ; -3.50073
5.05994 ; 3.12965 ; 2.52276 ; -1.54214
8.17272 ; 3.16006 ; -4.20508 ; 4.84962
5.80712 ; 2.34369 ; -2.84024 ; 2.80109
3.75931 ; 5.68367 ; 0.0612293 ; -1.67173
4.0681 ; 7.93828 ; -1.13923 ; -0.91828
8.26832 ; 2.67345 ; -4.45364 ; 3.12371
3.73846 ; 2.50272 ; 1.55571 ; 5.08771
3.53918 ; 2.48129 ; 2.90077 ; 4.20003
4.91855 ; 2.64694 ; 4.07471 ; 3.59672
3.25679 ; 7.58541 ; 2.9502 ; -0.823817
5.2671 ; 2.57952 ; 3.38453 ; 5.34427
3.30619 ; 2.46532 ; -0.0233544 ; 1.42649
5.07669 ; 3.12024 ; 1.44683 ; -1.22347
4.72093 ; 7.95238 ; 2.82928 ; -3.58168
2.96938 ; 5.98201 ; 5.98028 ; 0.554116
7.15988 ; 2.48541 ; 0.547208 ; 4.41124
8.17723 ; 2.54626 ; -3.6158 ; 1.8151
8.26649 ; 5.31993 ; -5.2327 ; -3.36011
7.50192 ; 7.24649 ; -7.12649 ; -5.61378
7.69242 ; 7.72333 ; 0.224818 ; -0.0578088
4.47685 ; 7.52203 ; 0.783045 ; 0.782588
7.74304 ; 6.98673 ; -5.86063 ; -6.78323
4.4695 ; 5.52468 ; -1.39644 ; 0.29315
3.12957 ; 2.94773 ; 4.46028 ; 2.72862
4.51412 ; 3.06429 ; 3.06962 ; 1.52675
5.56655 ; 4.95542 ; -1.85814 ; -1.0695
3.66019 ; 7.48494 ; 0.831397 ; -1.03452
3.43225 ; 7.04773 ; 7.02324 ; -3.73195
8.00376 ; 7.64019 ; -4.09875 ; -0.829301
3.36946 ; 2.87246 ; 4.2637 ; 6.51693
8.52845 ; 4.45808 ; -2.99567 ; -0.896051
4.96705 ; 6.91996 ; 2.03885 ; 1.29698
3.10857 ; 2.37415 ; 1.35817 ; 2.64862
3.77983 ; 2.56544 ; 0.635204 ; 3.61979
7.00013 ; 4.83781 ; 1.49883 ; 0.50392
5.36221 ; 3.4889 ; -2.63451 ; -2.56107
7.69977 ; 2.60495 ; -1.38544 ; 6.05984
5.13676 ; 5.62261 ; 2.78447 ; 3.15778
4.47968 ; 4.80665 ; -2.74959 ; -2.62264
4.59188 ; 2.41824 ; -2.08462 ; 4.34943
3.28049 ; 3.05276 ; 6.00181 ; 5.2283
3.68274 ; 7.55287 ; 0.919877 ; -3.16998
3.78676 ; 6.39523 ; 0.186988 ; -0.0156235
3.8265 ; 3.1487 ; 2.79928 ; 3.08459
6.54933 ; 7.33462 ; -0.116725 ; -1.01105
7.63638 ; 8.04952 ; 0.139593 ; -2.50386
7.90802 ; 2.86869 ; -5.51128 ; 4.07966
8.02034 ; 5.57584 ; -0.242048 ; -1.03265
6.62553 ; 3.2412 ; 0.561989 ; -1.25424
5.88477 ; 3.20978 ; -1.62929 ; 1.41365
8.43693 ; 5.39916 ; -4.29085 ; -3.46558
3.11461 ; 7.73862 ; 1.85878 ; -1.3987
3.09901 ; 7.61263 ; 5.68477 ; -4.34243
3.89879 ; 7.49149 ; 2.14019 ; -1.74807
7.74049 ; 4.61773 ; -0.995494 ; -0.276928
7.86398 ; 7.71373 ; -2.5778 ; -1.06368
6.67876 ; 2.4882 ; -2.26367 ; 2.70135
8.11914 ; 7.70287 ; -3.42607 ; -3.24112
3.49263 ; 7.90383 ; 1.19878 ; -5.60241
4.55052 ; 2.44489 ; -1.98704 ; 4.89618
4.19537 ; 3.62343 ; 0.40701 ; 1.28384
8.41555 ; 7.27343 ; -4.27181 ; -1.89609
3.09144 ; 7.69986 ; 2.80958 ; -1.32562
8.28443 ; 6.8395 ; -2.94947 ; 1.63222
7.53507 ; 8.05429 ; 0.414975 ; -2.35513
3.32296 ; 7.04873 ; 6.52359 ; -5.30324
2.8934 ; 4.67199 ; 5.61735 ; -2.04903
7.6289 ; 2.72285 ; -5.77572 ; 4.55577
7.83146 ; 7.43677 ; -6.96518 ; -3.85123
4.33013 ; 6.30092 ; 6.87414 ; -6.88061
7.90391 ; 3.08249 ; -5.50513 ; 6.33797
7.30112 ; 6.80323 ; -2.07956 ; 2.12867
3.40509 ; 2.49498 ; -0.433571 ; 3.85563
7.80818 ; 7.33146 ; -5.97439 ; -6.79302
7.4526 ; 7.88935 ; -3.64878 ; -3.55238
7.57342 ; 3.35876 ; -6.69047 ; 6.34229
7.26834 ; 2.59734 ; -1.78517 ; 4.11607
6.35652 ; 4.50472 ; 2.26091 ; 2.73281
7.64186 ; 5.89331 ; 0.357382 ; 2.42327
3.2239 ; 7.27109 ; 4.03462 ; -6.47106
4.42187 ; 6.88036 ; 0.290343 ; 0.521976
3.26568 ; 6.24359 ; 0.609241 ; -3.87594
3.36085 ; 7.28263 ; 2.08695 ; -0.0615603
6.96497 ; 5.10051 ; -0.709727 ; -2.69245
8.1729 ; 6.33552 ; 0.355477 ; -1.65749
8.18152 ; 7.31604 ; -2.50874 ; -5.79958
7.95153 ; 2.81128 ; -3.58234 ; 6.29132
7.94823 ; 7.52775 ; -5.6006 ; -6.03624
7.45354 ; 7.82049 ; -2.22613 ; -3.3404
8.0418 ; 7.63604 ; -5.26634 ; -5.33864
3.5086 ; 2.46381 ; -0.663424 ; 3.76715
3.5886 ; 7.35138 ; 6.46518 ; -5.37751
3.47625 ; 7.95931 ; -0.256603 ; -2.49273
2.87091 ; 3.32587 ; 3.8955 ; 1.03356
3.211 ; 7.89295 ; 1.73036 ; -4.66827
3.93248 ; 7.88415 ; -0.551223 ; -5.95718
8.35488 ; 2.73835 ; -2.60187 ; 1.55717
2.85422 ; 6.14665 ; 3.26158 ; -1.65214
3.88489 ; 2.42082 ; -0.0792462 ; 4.98121
7.14817 ; 2.72177 ; 2.15208 ; -0.68406
8.50315 ; 3.86198 ; -2.79723 ; -1.1161
8.18034 ; 3.03392 ; -1.02053 ; -0.465517
4.2521 ; 7.16232 ; -0.123036 ; -3.03533
8.42543 ; 3.48153 ; -1.61635 ; -0.66086
8.14874 ; 3.75999 ; -0.469422 ; -0.341037
7.79874 ; 2.87514 ; -5.92501 ; 5.09651
7.41201 ; 2.36394 ; 0.51325 ; 4.83471
6.79446 ; 2.46321 ; 0.502008 ; 3.72734
7.52241 ; 7.58488 ; -1.99306 ; -6.8405
3.87979 ; 7.02864 ; 6.4541 ; -6.81732
6.2132 ; 4.84421 ; -2.77575 ; 1.50037
3.09243 ; 3.41891 ; 5.28559 ; 3.38153
6.46273 ; 2.88389 ; 2.03099 ; -0.245085
6.40617 ; 8.02304 ; 0.448254 ; -5.12381
8.03986 ; 3.43123 ; -2.43574 ; 2.44989
5.74973 ; 2.65139 ; 2.91067 ; -0.857131
8.09736 ; 2.63375 ; -5.06957 ; 3.64562
3.64631 ; 6.66414 ; 6.64672 ; -6.23339
7.32308 ; 5.61374 ; -0.652901 ; 1.03396
3.66059 ; 2.45719 ; 0.0911084 ; 0.846372
6.81233 ; 2.26716 ; 0.374174 ; 2.77321
8.01006 ; 2.5858 ; -4.97422 ; 2.92888
4.58792 ; 3.36595 ; -1.33731 ; 1.06484
6.95594 ; 2.58085 ; 1.40249 ; 1.58153
5.86604 ; 3.20396 ; 3.13389 ; 1.713
7.85516 ; 3.5383 ; -6.58657 ; 4.59631
8.27108 ; 6.10368 ; -0.537181 ; 0.924496
8.23139 ; 3.03352 ; -2.12543 ; -0.300546
8.46782 ; 3.93798 ; -4.60836 ; -1.78594
3.6446 ; 2.52454 ; 0.69836 ; 4.88487
2.95923 ; 5.13942 ; 1.18006 ; 0.174926
3.05119 ; 7.30802 ; 3.79696 ; -4.4278
7.98903 ; 2.63702 ; -5.34151 ; 2.5996
3.21417 ; 2.9862 ; 6.51641 ; 3.54959
3.16262 ; 2.39929 ; 1.35248 ; 3.25507
4.05743 ; 2.48571 ; 0.825167 ; 4.79469
3.585 ; 7.2672 ; 5.9714 ; -6.07976
7.5378 ; 6.53278 ; -6.59696 ; -6.52843
6.26578 ; 7.93905 ; -2.26189 ; -2.29627
4.46709 ; 7.96132 ; 0.120673 ; -1.19172
7.59069 ; 7.22717 ; 1.30513 ; -0.730235
7.24642 ; 2.74487 ; -3.42518 ; 6.17174
3.27167 ; 7.13372 ; 4.94855 ; -6.50096
3.83754 ; 2.8934 ; -1.40371 ; 2.2398
8.14856 ; 2.39452 ; -1.23415 ; 2.98472
7.30047 ; 8.07271 ; 1.28797 ; -4.41591
6.3266 ; 6.92285 ; 1.06705 ; 0.0167068
7.24544 ; 3.7686 ; -2.05895 ; -1.85213
5.8897 ; 7.52625 ; 1.40023 ; -0.885144
3.91529 ; 4.46827 ; 1.38473 ; 1.16606
7.33583 ; 6.81988 ; -6.6281 ; -7.13403
8.03629 ; 7.71557 ; -2.39268 ; -6.155
6.17281 ; 5.37165 ; 2.57755 ; 2.69249
2.89954 ; 6.59696 ; 4.95975 ; -1.62234
7.83999 ; 6.38752 ; -0.602811 ; -0.860182
3.00231 ; 6.34553 ; 2.52366 ; -1.45169
4.24726 ; 2.86343 ; -2.14469 ; 2.20116
6.49787 ; 4.72956 ; -2.32535 ; -3.20875
7.24245 ; 3.35146 ; -1.81279 ; -0.276854
2.76343 ; 4.70175 ; 4.08724 ; -0.0551731
4.64877 ; 8.05726 ; -1.75892 ; -3.40695
3.40947 ; 6.29579 ; 6.40989 ; -5.28052
3.75305 ; 7.00817 ; 6.55284 ; -6.82984
7.84975 ; 7.39814 ; -6.00663 ; -5.41349
4.63901 ; 2.34061 ; 1.88293 ; 4.10264
7.29616 ; 5.54058 ; 0.205191 ; -1.37111
7.72556 ; 7.17569 ; -6.06265 ; -6.82315
4.89022 ; 2.52641 ; 2.47777 ; 4.75678
4.4833 ; 6.09338 ; -1.8847 ; 2.80977
3.98619 ; 3.26587 ; 6.59689 ; 6.2976
7.28737 ; 3.18357 ; -2.35597 ; 2.41935
8.21613 ; 5.25654 ; -6.15705 ; -0.346449
5.79759 ; 7.01992 ; -0.719575 ; 0.957923
3.18632 ; 7.39323 ; 4.25723 ; -6.06408
5.78722 ; 2.76182 ; 1.7444 ; -0.143866
3.79371 ; 7.88523 ; 2.49187 ; -4.00641
7.9006 ; 3.10588 ; -4.87836 ; 6.44754
3.17836 ; 7.30455 ; 0.46006 ; -4.93908
3.28283 ; 3.21068 ; 6.9654 ; 0.792679
8.4728 ; 5.12316 ; -4.08062 ; 1.69566
5.73851 ; 7.77476 ; -0.980538 ; -6.36897
5.96158 ; 2.31636 ; 2.41827 ; 3.38705
3.26902 ; 4.70804 ; -0.681878 ; -0.776471
8.2977 ; 4.92522 ; -3.0944 ; 1.08473
6.88796 ; 7.17932 ; -0.415994 ; -1.05374
5.96702 ; 6.15109 ; 1.30679 ; 1.86421
3.05455 ; 4.31438 ; 4.18299 ; -3.36956
5.53847 ; 2.9672 ; -2.42956 ; -1.4359
3.21838 ; 2.49418 ; 0.230963 ; 1.53981
4.24353 ; 5.91121 ; -2.52845 ; 1.85487
3.5249 ; 3.1802 ; 6.56596 ; 5.98555
7.89728 ; 3.00506 ; -6.46753 ; 4.85983
8.04795 ; 2.53754 ; -3.80961 ; 2.2458
3.30529 ; 6.48246 ; 6.2116 ; -4.97108
8.11293 ; 5.24663 ; -0.0314943 ; -2.54112
5.02344 ; 3.06895 ; -2.67723 ; -0.622354
7.93029 ; 4.77643 ; -1.2936 ; 2.02765
8.43433 ; 5.06996 ; -4.80028 ; -0.748564
7.85487 ; 6.05696 ; -0.935833 ; 2.39208
8.26956 ; 3.32312 ; -5.16779 ; 3.12454
4.04686 ; 7.91337 ; 3.04862 ; -4.02562
7.97638 ; 7.35743 ; -3.67453 ; -5.69201
4.81047 ; 2.63739 ; -2.85984 ; 1.35803
8.48032 ; 4.02949 ; -1.62023 ; -0.920729
4.80426 ; 3.40155 ; -0.721055 ; 2.48374
3.7221 ; 4.45298 ; -0.738994 ; -2.16783
8.48217 ; 6.41381 ; -2.61723 ; 1.95568
3.22244 ; 7.47526 ; 5.57845 ; -5.68744
8.10643 ; 7.391 ; -5.93258 ; -4.6142
3.67369 ; 3.01829 ; -0.360961 ; 0.299733
3.21103 ; 6.46069 ; 1.64647 ; -3.51369
3.21731 ; 7.52926 ; 3.50536 ; -4.3546
7.16544 ; 2.33763 ; 0.245582 ; 1.99585
4.72773 ; 7.05517 ; 2.9214 ; -0.0585504
2.79891 ; 6.66026 ; 2.21737 ; 0.855122
6.99533 ; 2.56786 ; 1.73515 ; 3.25554
7.99982 ; 7.57061 ; -4.00132 ; -6.72932
8.10161 ; 6.84421 ; -5.05487 ; -5.53747
3.32962 ; 2.6317 ; 1.51422 ; 5.49728
7.5085 ; 3.23376 ; -6.13281 ; 5.97209
3.80469 ; 3.10375 ; 5.74878 ; 6.4639
5.78596 ; 7.4481 ; 2.00102 ; 1.31694
8.07791 ; 7.06874 ; 0.659366 ; 1.16849
7.41654 ; 3.03565 ; -3.2479 ; -1.0482
3.41464 ; 2.85426 ; -0.190355 ; 3.60707
3.18948 ; 7.54935 ; 3.46902 ; -3.7486
5.09433 ; 2.49186 ; 2.06934 ; 2.5932
3.51884 ; 7.71838 ; 3.10402 ; -5.48768
4.40155 ; 6.73326 ; 1.51525 ; 1.52194
3.92321 ; 5.01041 ; 0.515754 ; -1.15879
8.10267 ; 6.72833 ; 0.727047 ; 1.51739
8.47931 ; 2.87564 ; -2.96689 ; 0.0395808
2.91087 ; 7.32355 ; 3.02194 ; -2.45947
7.84741 ; 2.76843 ; -2.65498 ; 2.77281
2.83087 ; 4.93742 ; 3.02753 ; -2.86677
8.16568 ; 7.24791 ; -6.17182 ; -1.62453
7.99105 ; 7.56108 ; -4.67859 ; -4.4252
8.32149 ; 3.29745 ; -2.11197 ; 0.619772
6.47433 ; 7.88155 ; -1.92708 ; -5.14885
8.40274 ; 3.87079 ; -4.63738 ; 2.44429
7.68869 ; 7.26566 ; -6.62727 ; -5.37811
4.46509 ; 2.37638 ; -2.10423 ; 4.19471
6.46796 ; 6.99552 ; 1.50511 ; 1.60609
4.82279 ; 2.74678 ; -0.237722 ; -0.761485
8.00272 ; 7.35195 ; 0.0899719 ; -4.64234
7.88983 ; 2.84508 ; -2.67763 ; 0.481359
3.64804 ; 7.26769 ; 6.5637 ; -6.41404
7.70612 ; 5.68731 ; -1.19071 ; -2.53171
7.71559 ; 3.37944 ; 0.0645433 ; -1.37286
8.19808 ; 3.02898 ; -2.15035 ; 3.93989
7.53975 ; 5.62916 ; -2.32676 ; 3.04081
8.41631 ; 7.12245 ; -4.07392 ; 0.0384459
7.4046 ; 4.17783 ; -2.79696 ; -2.37368
7.71415 ; 7.05108 ; -0.958133 ; -2.38295
2.92671 ; 2.72949 ; 4.75851 ; 2.6893
3.06218 ; 7.42962 ; 5.6641 ; -3.9603
3.27824 ; 2.6807 ; 4.70462 ; 3.6778
4.49984 ; 2.40078 ; -1.98386 ; 4.80359
6.10247 ; 7.32014 ; 2.2992 ; -1.39013
3.04733 ; 2.63692 ; 5.32987 ; 1.77027
8.12456 ; 2.85066 ; -2.92965 ; 5.43146
3.41008 ; 7.97908 ; 0.488165 ; -3.93871
7.85051 ; 2.81453 ; 0.694306 ; 3.71782
7.78637 ; 7.12363 ; -0.644007 ; -1.47905
2.84883 ; 2.81343 ; 3.26878 ; 2.68149
4.14863 ; 6.89909 ; -0.902954 ; 1.4022
3.03354 ; 4.83652 ; -0.0651779 ; -2.31592
5.55431 ; 4.53984 ; 2.90934 ; 2.30685
5.60231 ; 2.52927 ; 2.75214 ; 5.10427
7.99539 ; 7.58836 ; -6.02725 ; -4.31815
8.28743 ; 4.30343 ; -3.86982 ; 2.40258
3.36531 ; 2.59707 ; 0.566201 ; 0.194068
8.54128 ; 5.41912 ; -4.00529 ; 0.437516
8.1154 ; 4.53999 ; -0.072423 ; 2.90843
8.35262 ; 7.38777 ; -4.0858 ; -0.193814
2.96437 ; 7.7578 ; 3.69837 ; -2.56564
7.66995 ; 2.8596 ; -5.25586 ; 4.76593
8.14832 ; 7.1846 ; -1.23655 ; -0.502113
8.35485 ; 4.12743 ; -4.38509 ; 1.56332
6.46113 ; 5.92938 ; 0.586073 ; -2.74709
5.85502 ; 2.94306 ; 2.35073 ; -1.22764
6.65359 ; 7.88258 ; -0.838596 ; -5.54539
4.50674 ; 7.73114 ; 3.74158 ; -4.76386
3.08077 ; 7.75502 ; 0.896136 ; -0.80963
5.29597 ; 4.88172 ; 2.45129 ; 0.986333
2.88523 ; 2.79364 ; 2.49888 ; 2.8459
2.78796 ; 3.40274 ; 3.82007 ; -1.67974
3.52928 ; 7.24389 ; 5.87627 ; -6.53235
7.77637 ; 7.68193 ; -3.63924 ; -5.40986
2.96777 ; 5.62108 ; 1.51818 ; -1.3064
8.47216 ; 5.1771 ; -4.74093 ; -0.411503
5.62189 ; 6.6882 ; -1.9165 ; 1.3802
3.96585 ; 6.92397 ; 3.0595 ; 0.294319
4.47211 ; 2.65702 ; 0.563697 ; 0.429804
3.0436 ; 6.82043 ; 6.09042 ; -2.21205
7.99336 ; 7.72708 ; -1.96462 ; -1.36871
7.18828 ; 2.53416 ; 0.00243187 ; 5.70175
8.27643 ; 7.04097 ; -2.73388 ; -0.588143
2.9901 ; 3.7716 ; 1.26366 ; 3.37635
2.96364 ; 4.11851 ; 5.51057 ; 3.46501
7.42236 ; 5.70682 ; -1.62825 ; 2.95544
8.06714 ; 5.84396 ; -2.19948 ; 2.88692
4.18321 ; 4.88538 ; -0.0843632 ; 2.392
3.13016 ; 7.28766 ; 5.78015 ; -3.07596
8.23495 ; 3.25422 ; -1.53637 ; -1.59711
3.92094 ; 2.31071 ; 0.151085 ; 2.24856
8.22606 ; 3.28823 ; -1.70782 ; 3.33854
3.55304 ; 7.4884 ; 5.37818 ; -4.95073
2.77918 ; 4.93964 ; 4.77568 ; 2.17699
8.00016 ; 4.51069 ; 0.441612 ; -2.88158
8.50099 ; 6.28572 ; -2.92801 ; 1.16563
6.97772 ; 4.47972 ; -0.8617 ; -2.03415
2.90878 ; 2.77904 ; 3.93572 ; 2.65688
7.89101 ; 3.22347 ; 0.169005 ; -1.73481
6.50654 ; 3.22228 ; -1.22055 ; 2.69557
3.98327 ; 7.0666 ; 4.17637 ; -3.92901
8.04237 ; 7.51489 ; -3.83772 ; -3.03188
3.26206 ; 3.06769 ; 1.49537 ; 2.70002
3.19961 ; 2.71281 ; 5.35089 ; 3.85208
3.25671 ; 7.05659 ; -0.644103 ; 0.31559
5.0287 ; 6.985 ; -1.38423 ; -2.72042
6.36854 ; 4.38754 ; -2.37249 ; -0.335263
7.98174 ; 7.52799 ; -3.26791 ; -1.95775
3.45322 ; 2.71455 ; 1.73971 ; 6.37777
5.57192 ; 8.06876 ; 0.242753 ; -2.36794
3.18342 ; 2.51962 ; 2.67348 ; 5.31799
6.96962 ; 2.71896 ; -4.31612 ; 4.38162
6.93385 ; 3.57628 ; 2.67279 ; -0.399359
7.70006 ; 7.73805 ; 0.866005 ; -5.33087
3.28333 ; 7.33566 ; 5.88495 ; -5.45557
3.16157 ; 7.75721 ; 3.54739 ; -4.68454
8.29181 ; 6.6923 ; -3.23738 ; -3.79455
2.78032 ; 5.99453 ; 1.71038 ; -1.74926
2.92354 ; 4.42586 ; 0.280186 ; -0.134543
6.07592 ; 2.3987 ; 0.791969 ; 4.86273
6.86419 ; 4.51675 ; -0.298669 ; -1.07732
5.38732 ; 2.49419 ; -0.311508 ; 3.29538
4.20597 ; 7.62379 ; 4.97404 ; -4.28985
3.21696 ; 2.70008 ; 1.14884 ; 5.70986
3.58416 ; 7.00146 ; 5.43006 ; -7.2457
3.31905 ; 2.96787 ; 3.90298 ; 6.79699
3.34654 ; 5.79657 ; 0.641903 ; -2.60053
3.17831 ; 4.37351 ; -0.819438 ; -1.45229
2.92976 ; 5.80772 ; 5.84958 ; -0.0298785
5.22541 ; 2.40444 ; -1.89099 ; 0.883579
4.11562 ; 6.99196 ; 5.82447 ; -7.10932
7.04 ; 7.76887 ; -3.17873 ; -0.442596
3.62168 ; 2.66451 ; 3.05759 ; 4.10269
3.22425 ; 2.73927 ; 4.36732 ; 5.85264
8.06441 ; 2.84465 ; -4.63938 ; 5.54348
7.82253 ; 6.73374 ; -2.37369 ; 1.38864
6.80438 ; 2.56378 ; 1.78735 ; 5.71184
2.84882 ; 3.52846 ; 4.09404 ; 1.13561
8.37338 ; 7.26932 ; -2.77845 ; -0.286104
2.87083 ; 3.81945 ; 4.25739 ; -1.01988
3.89583 ; 2.54866 ; 4.19344 ; 2.02075
4.42592 ; 2.56679 ; -1.70349 ; 5.85591
5.73935 ; 6.88497 ; -0.160571 ; 1.8534
2.81159 ; 4.40196 ; 4.3647 ; 2.65243
2.7029 ; 6.67596 ; 3.58093 ; 0.488395
4.17716 ; 4.16862 ; -0.208574 ; -1.09692
2.76512 ; 5.35125 ; 4.43787 ; -0.689014
3.43679 ; 2.75352 ; 6.29712 ; 3.81435
7.9791 ; 3.01683 ; -4.6499 ; 5.65913
8.44418 ; 4.26364 ; -3.03338 ; -0.51764
7.35573 ; 8.11181 ; 1.0238 ; -3.19649
6.29152 ; 8.098 ; 2.74024 ; -2.73009
8.07045 ; 3.14937 ; -6.2523 ; 2.70788
7.61312 ; 2.63659 ; -0.986816 ; 1.69783
8.24253 ; 4.10725 ; -2.28868 ; 0.367373
7.78897 ; 7.67098 ; -3.5936 ; -6.11358
5.36513 ; 6.46091 ; 0.788434 ; -2.98652
3.79639 ; 3.30934 ; 7.11918 ; 5.93463
8.26124 ; 7.66718 ; -1.21843 ; -2.73306
5.09845 ; 5.54053 ; 1.49469 ; 0.3562
3.28916 ; 3.16535 ; 6.17594 ; 4.29641
7.91924 ; 3.05878 ; -6.87235 ; 2.31928
8.23342 ; 7.29612 ; -0.496939 ; -2.12388
8.16603 ; 4.76301 ; -3.4764 ; 2.60879
6.85272 ; 4.92511 ; -0.124621 ; -1.84718
7.51061 ; 2.60822 ; -2.56129 ; 5.64823
3.72074 ; 7.71303 ; 2.36479 ; -4.3708
7.9259 ; 5.12663 ; -2.57558 ; -1.16228
7.68855 ; 7.30151 ; -6.08695 ; -6.7388
8.34085 ; 3.74702 ; -1.4808 ; 3.40417
8.36415 ; 6.4295 ; -2.3178 ; -3.32407
3.30564 ; 7.02431 ; 4.85751 ; -6.36635
3.85106 ; 6.79317 ; -1.65193 ; -0.11762
2.8453 ; 5.54318 ; 2.74026 ; 2.3524
7.20456 ; 3.8514 ; 1.23516 ; -0.359768
8.4057 ; 7.25251 ; -2.53974 ; -0.17674
4.33291 ; 4.77729 ; -2.91913 ; -1.91947
7.56904 ; 7.08496 ; 1.3383 ; -2.94914
6.83046 ; 6.39842 ; 2.97836 ; -1.10859
6.64629 ; 4.70951 ; -1.86614 ; -2.39702
2.79434 ; 4.33246 ; 4.74452 ; -0.914868
7.09384 ; 2.44915 ; -1.94113 ; 2.04524
8.46288 ; 4.12457 ; -4.73063 ; -0.905949
6.26305 ; 7.20678 ; -0.588479 ; -1.11022
3.78886 ; 2.45856 ; 0.016699 ; 1.81686
6.48932 ; 7.92353 ; -0.514156 ; -2.1995
3.21855 ; 2.77446 ; 5.94207 ; 5.20142
7.08343 ; 7.80873 ; -0.0722734 ; -1.3159
5.85033 ; 3.24063 ; -1.42621 ; 1.16404
4.63786 ; 3.91255 ; 1.03126 ; 1.50089
3.05421 ; 2.99998 ; 0.691321 ; 2.51086
8.02263 ; 3.02083 ; -6.64484 ; 2.40135
7.48718 ; 6.97167 ; 0.589417 ; -2.51812
8.14747 ; 3.54869 ; 0.0576217 ; 1.44435
7.99766 ; 7.87363 ; -0.627782 ; -1.21163
4.5535 ; 2.36451 ; 1.11007 ; 4.52807
8.4125 ; 4.91345 ; -1.08759 ; -1.37738
4.81003 ; 3.38287 ; -1.85957 ; 2.32865
3.80568 ; 6.80218 ; -0.277285 ; -1.85839
4.48141 ; 6.80332 ; 0.960766 ; -1.20308
3.84891 ; 7.28762 ; 6.44778 ; -6.11865
8.09321 ; 3.92525 ; -0.960005 ; 0.697406
8.28879 ; 2.656 ; -1.31277 ; 1.73342
2.95555 ; 7.42986 ; 5.61189 ; -2.63536
3.45081 ; 3.74281 ; -1.4317 ; 0.440597
5.60615 ; 6.65642 ; -1.06196 ; -2.47439
3.60955 ; 6.21002 ; 0.393042 ; 1.07854
8.16237 ; 5.44474 ; -0.626394 ; -1.42922
8.4082 ; 5.51124 ; -1.73684 ; -0.033298
3.38961 ; 3.48851 ; 2.5516 ; 2.41934
3.35132 ; 7.84144 ; 0.977707 ; -2.36216
3.10458 ; 4.87033 ; 2.96912 ; -3.65367
7.21472 ; 4.96582 ; -1.90874 ; -3.48267
3.81106 ; 7.46345 ; 4.99693 ; -6.64794
3.82019 ; 7.34574 ; 5.86948 ; -6.10951
7.61469 ; 2.80033 ; -5.44623 ; 4.11751
8.19666 ; 3.22978 ; -4.9701 ; 4.32586
2.88422 ; 4.17012 ; 4.5612 ; 3.0399
4.85603 ; 3.27961 ; 2.75494 ; 0.977897
5.25009 ; 7.93903 ; -2.51399 ; -4.73637
5.22856 ; 2.57142 ; -2.0726 ; -0.558625
3.54854 ; 2.90419 ; -0.733692 ; 3.11361
4.8303 ; 7.99727 ; 1.27966 ; -2.88388
7.4768 ; 3.35217 ; -6.84035 ; 6.49924
7.50683 ; 8.0652 ; 0.241912 ; -4.02605
3.5537 ; 3.80804 ; -1.19228 ; -2.08947
3.0355 ; 6.31756 ; 0.426586 ; 1.88063
3.03106 ; 2.81908 ; 2.30646 ; 1.32344
2.76848 ; 5.79071 ; 3.52048 ; -3.24362
5.83683 ; 7.84288 ; -1.77572 ; -3.66882
3.76688 ; 2.59999 ; 2.69421 ; 3.83809
8.3595 ; 5.39914 ; -5.16239 ; 2.84612
8.41676 ; 5.32087 ; -5.00239 ; 1.75639
3.76009 ; 7.49837 ; 6.25369 ; -5.57321
7.78406 ; 2.70289 ; -4.6905 ; 4.19556
4.00231 ; 2.62835 ; -0.90707 ; 0.0236659
5.69443 ; 8.00085 ; -2.89599 ; -4.54302
4.15686 ; 7.5848 ; -0.793085 ; -6.81191
3.47759 ; 2.56224 ; 4.73447 ; 2.34796
3.57615 ; 4.25733 ; 2.53052 ; -1.49367
2.80914 ; 2.82044 ; 2.53115 ; 0.556666
5.84793 ; 2.41089 ; 0.063825 ; 1.7064
8.06767 ; 7.59216 ; -1.2458 ; -0.0801247
7.53388 ; 4.94068 ; 2.22013 ; 2.12398
3.20681 ; 2.51391 ; 0.239476 ; 2.37284
4.38652 ; 4.76074 ; 2.21908 ; 3.3168
7.5022 ; 7.12893 ; -6.14908 ; -6.44405
8.25971 ; 4.97347 ; -1.98582 ; 1.2853
7.12462 ; 2.75885 ; -3.1381 ; 6.18995
3.22982 ; 7.22856 ; 6.3249 ; -3.19629
3.35525 ; 2.57857 ; 0.240148 ; 3.7879
8.08209 ; 2.96403 ; -5.73471 ; 4.36785
3.99684 ; 4.67675 ; -0.169573 ; 2.61133
3.62339 ; 7.60813 ; 0.658204 ; -3.86018
3.65036 ; 7.81216 ; 1.30291 ; -1.87244
8.34139 ; 5.56948 ; -2.12744 ; 2.70771
7.45234 ; 2.63508 ; 1.55531 ; 1.92823
7.83924 ; 7.98246 ; -1.82169 ; -3.141
4.75848 ; 5.67577 ; 0.117814 ; 2.4571
7.20724 ; 3.16307 ; -5.80535 ; 6.48815
4.83528 ; 7.26813 ; -0.992779 ; 0.129769
3.90351 ; 3.13697 ; 6.11269 ; 6.27528
4.02463 ; 3.48303 ; 7.11669 ; 6.1863
8.23807 ; 7.03568 ; -3.80561 ; -5.12087
3.55044 ; 2.58325 ; 2.67221 ; 4.28989
6.49624 ; 2.52368 ; -2.56817 ; 4.33333
3.59335 ; 6.39276 ; 0.254155 ; 1.8832
5.55343 ; 8.01449 ; -2.50833 ; -3.08339
3.00131 ; 7.69333 ; 1.67338 ; -1.38884
8.44022 ; 7.21692 ; -3.26648 ; -1.59748
7.04584 ; 2.94181 ; -1.09642 ; 0.937846
4.10988 ; 6.9693 ; 2.91571 ; -1.25103
2.95729 ; 4.45932 ; -0.10111 ; -1.48389
3.81484 ; 2.4459 ; 2.93099 ; 4.40812
7.91832 ; 7.54022 ; -5.64327 ; -4.54891
8.09871 ; 3.46883 ; -0.436398 ; -1.05094
3.51607 ; 2.95246 ; 7.00924 ; 4.83157
2.92259 ; 4.69982 ; 4.77715 ; -3.05617
5.41076 ; 8.00029 ; 0.937482 ; -2.1581
6.95671 ; 4.31922 ; 0.595587 ; 0.659303
3.65459 ; 2.60268 ; 2.49842 ; 0.121403
3.61962 ; 7.78602 ; 3.44832 ; -5.01714
6.40113 ; 6.94672 ; -2.15673 ; 1.94313
3.14252 ; 3.03575 ; 5.88633 ; 2.85013
4.72713 ; 7.98947 ; 1.54784 ; -4.04731
2.85929 ; 4.26235 ; 1.4894 ; -0.323554
7.92019 ; 7.39795 ; -1.93081 ; 0.804048
7.58519 ; 2.98714 ; -6.39502 ; 5.75822
8.04834 ; 3.02485 ; -5.68573 ; 3.92462
7.5281 ; 6.97361 ; -6.355 ; -7.07759
7.96506 ; 7.49508 ; -3.62369 ; -3.55027
2.91899 ; 5.87813 ; 0.426478 ; 1.36676
3.97816 ; 3.66403 ; 2.36781 ; -0.518438
4.49116 ; 5.04676 ; 0.573687 ; 1.36854
8.02437 ; 3.33758 ; -3.36429 ; -0.667081
8.36877 ; 7.13823 ; -3.43392 ; -1.29269
8.11479 ; 3.58349 ; -5.75768 ; 4.03745
3.93276 ; 7.10631 ; 5.91126 ; -6.57045
5.85971 ; 7.90194 ; 0.445735 ; -1.58784
7.70041 ; 7.2013 ; -3.1905 ; -2.5528
6.24662 ; 7.71587 ; -1.50253 ; -3.7928
7.59727 ; 5.36561 ; 1.45371 ; 2.44225
7.21138 ; 7.99683 ; 0.932944 ; -2.27275
4.75853 ; 4.2406 ; -0.426903 ; -2.83831
3.89278 ; 6.53928 ; 1.80885 ; 1.6753
6.97817 ; 7.93118 ; 0.50992 ; -5.38688
6.27458 ; 2.42313 ; -2.47446 ; 3.96715
3.90046 ; 2.44292 ; -1.66258 ; 3.92774
8.04458 ; 3.10603 ; 0.627117 ; 0.373863
3.77363 ; 6.80911 ; 6.54274 ; -6.61127
6.65259 ; 5.70422 ; -2.47973 ; 1.06576
5.63982 ; 7.50921 ; -2.37721 ; 0.57595
8.27805 ; 7.77467 ; -1.61684 ; -2.32918
3.64048 ; 2.95931 ; 5.73994 ; 5.88212
7.3462 ; 3.43261 ; -2.85591 ; 2.46851
6.83627 ; 2.91556 ; 2.44096 ; 1.08355
8.23441 ; 2.41668 ; -1.5752 ; 2.71092
4.23993 ; 2.81573 ; 1.53343 ; 1.37288
6.32196 ; 7.85076 ; 1.44744 ; -5.99982
2.98099 ; 6.31614 ; 0.187645 ; 0.720052
3.79214 ; 3.30031 ; -0.307358 ; -2.05291
3.35897 ; 6.12497 ; 6.15854 ; -5.6584
4.17257 ; 7.1577 ; -0.558312 ; -0.417679
3.12365 ; 6.81982 ; 6.4573 ; -0.997862
3.16866 ; 3.36745 ; 5.15496 ; 5.43427
3.59888 ; 2.88441 ; -0.412007 ; -0.895912
3.26354 ; 6.1964 ; 1.24126 ; 1.91454
6.80431 ; 2.3809 ; -2.04153 ; 4.03182
2.77392 ; 3.82433 ; 1.81068 ; -1.76862
2.87455 ; 5.45263 ; 2.21148 ; 0.385783
7.74665 ; 7.53139 ; -5.2433 ; -5.8018
8.37191 ; 5.9585 ; -3.01458 ; 0.549439
6.56099 ; 7.41132 ; -2.81468 ; -0.749393
3.08705 ; 3.06803 ; 1.39223 ; 3.19238
8.37953 ; 4.37482 ; -3.90543 ; 3.88294
5.34122 ; 3.3707 ; 2.27194 ; -0.645087
4.08369 ; 7.7296 ; 2.28808 ; -1.97048
5.39546 ; 3.51004 ; 0.113426 ; 0.337574
3.07334 ; 3.79674 ; -0.125454 ; 0.123913
8.11811 ; 2.56946 ; -2.08858 ; 4.38572
7.94985 ; 6.8768 ; -2.44922 ; -2.94994
6.22522 ; 2.26169 ; -0.0731754 ; 3.28725
3.75394 ; 2.80815 ; 1.39925 ; 6.64637
6.86733 ; 5.50524 ; 0.895922 ; -3.44764
6.47575 ; 2.35653 ; 2.45745 ; 3.75313
3.02149 ; 7.28315 ; 0.839692 ; -0.239875
7.68913 ; 2.67 ; -5.20597 ; 3.42991
3.05769 ; 7.51076 ; 1.20157 ; -2.44119
5.23202 ; 6.37645 ; 3.70198 ; -2.14839
3.54288 ; 7.72748 ; 5.27343 ; -3.29325
6.9638 ; 5.2743 ; -2.21574 ; -3.58817
4.10495 ; 3.85726 ; -2.37335 ; 2.24173
7.85893 ; 2.91409 ; -3.68653 ; 6.66836
3.62617 ; 7.04956 ; 6.57312 ; -6.83463
7.90246 ; 3.22751 ; -5.45111 ; 5.64982
5.08195 ; 3.19873 ; 0.70107 ; -1.12991
3.75055 ; 5.55759 ; -1.71356 ; 1.77477
8.2716 ; 3.32076 ; -5.40192 ; -1.33955
8.24108 ; 6.67655 ; -4.61771 ; -2.6915
3.31769 ; 7.60349 ; 5.58955 ; -4.28198
4.67746 ; 2.62877 ; -1.73053 ; 1.15584
4.75859 ; 6.77007 ; -2.67415 ; -1.0514
3.42712 ; 7.52969 ; 5.65369 ; -5.74946
3.67246 ; 6.98273 ; 6.07855 ; -6.94332
3.45273 ; 7.56322 ; 1.98852 ; -6.94556
3.63663 ; 2.58162 ; 2.546 ; 5.23193
6.16241 ; 2.35756 ; -1.12775 ; 2.07295
8.43045 ; 6.06867 ; -1.39912 ; -0.616391
3.00962 ; 2.80924 ; 5.14533 ; 0.175922
7.20702 ; 4.72173 ; 2.19363 ; -0.412334
5.83496 ; 2.52773 ; 2.50989 ; 5.44393
2.87733 ; 3.44936 ; 5.40403 ; -1.46583
3.25047 ; 2.81967 ; 6.40662 ; 4.91451
8.21169 ; 2.89886 ; -5.23266 ; 2.07043
8.15705 ; 2.58385 ; -0.490829 ; 1.35057
8.05464 ; 3.2088 ; -2.55207 ; 1.81034
8.32677 ; 7.53901 ; -5.38239 ; -1.81973
2.75472 ; 4.70345 ; 4.41431 ; 2.28781
3.51986 ; 6.58935 ; -1.6281 ; 1.4851
7.22007 ; 2.49306 ; 1.40516 ; 5.46247
7.91337 ; 7.23793 ; -6.89741 ; -2.1248
3.528 ; 7.90038 ; 0.0105091 ; -3.64771
8.2899 ; 6.55945 ; -2.65726 ; 0.863912
7.53875 ; 2.87556 ; -4.79862 ; 5.30783
2.8529 ; 4.78246 ; 3.81423 ; -3.47566
8.2608 ; 5.8055 ; -3.73665 ; -3.6248
7.29293 ; 2.84332 ; -2.58533 ; 0.794898
6.07528 ; 4.86343 ; 2.26507 ; 0.57816
7.76735 ; 3.80766 ; -2.08615 ; 0.800873
7.91667 ; 2.76417 ; -3.38969 ; 4.66346
8.16327 ; 5.95055 ; -2.63528 ; -1.26125
5.71714 ; 2.90143 ; -1.67864 ; -1.51748
3.28118 ; 7.47659 ; 6.42229 ; -4.9917
2.89311 ; 2.62623 ; 4.30055 ; 2.03453
7.1022 ; 3.34388 ; -0.350298 ; 2.11375
4.99944 ; 2.71372 ; 4.32066 ; 5.42455
5.90431 ; 2.34674 ; -3.08319 ; 1.51567
4.53185 ; 7.87789 ; -2.46398 ; -4.20795
8.52386 ; 4.13969 ; -3.79495 ; -0.397328
6.54817 ; 2.45709 ; 2.06272 ; 0.690456
8.32316 ; 3.51782 ; -4.47936 ; 0.777054
6.06026 ; 5.95787 ; -3.28408 ; 1.26524
8.09381 ; 6.76582 ; -0.39988 ; 1.73465
8.15888 ; 3.55699 ; -1.39005 ; 2.52673
8.04841 ; 5.75943 ; -0.584535 ; 0.932875
6.67588 ; 7.87983 ; 1.44426 ; -5.22473
3.92797 ; 6.95979 ; 5.66203 ; -7.19972
6.59525 ; 2.40562 ; -1.05803 ; 1.19488
5.58495 ; 5.85784 ; 3.23587 ; -1.39341
3.19088 ; 2.61209 ; 3.78788 ; 5.3425
6.91522 ; 7.8601 ; -2.9923 ; -0.791208
3.04276 ; 7.06282 ; 6.01967 ; -2.59343
6.33751 ; 4.44896 ; -1.40395 ; -1.12487
7.52869 ; 8.05315 ; 0.81907 ; -2.90683
2.89099 ; 4.19029 ; 4.89342 ; 2.48116
3.39577 ; 2.62528 ; 4.14184 ; 0.260707
4.62952 ; 2.70258 ; 4.06377 ; 3.17203
4.62841 ; 5.65771 ; -1.99969 ; 2.36233
3.21539 ; 6.80229 ; 0.86345 ; 0.791887
3.748 ; 2.70186 ; 3.42214 ; 4.73156
7.27677 ; 2.92465 ; -5.22895 ; 5.90823
5.50202 ; 7.79356 ; -0.227405 ; -0.564014
7.9348 ; 7.85613 ; -2.2628 ; -2.34629
3.297 ; 7.47954 ; 3.91241 ; -5.75366
7.62868 ; 6.99058 ; -6.19016 ; -7.0849
3.42566 ; 7.29073 ; -0.36599 ; 0.858311
4.0622 ; 2.50619 ; 0.93071 ; 5.38243
7.29996 ; 2.9704 ; -2.82902 ; -1.20608
5.70337 ; 2.47015 ; -1.90258 ; 2.05313
5.86317 ; 7.82495 ; 0.655149 ; -2.05462
3.04589 ; 6.48102 ; 2.47572 ; -2.46075
8.39572 ; 3.11156 ; -4.67371 ; 0.560747
3.51416 ; 6.1584 ; -1.18107 ; -2.54203
3.26344 ; 3.74346 ; -0.688298 ; 2.687
7.76148 ; 2.41047 ; -1.92152 ; 4.08732
4.83649 ; 3.99471 ; -0.782147 ; 0.12734
7.30532 ; 3.45822 ; 2.29273 ; -1.41248
2.90268 ; 5.492 ; 4.14457 ; 2.6068
3.43965 ; 7.79245 ; 1.45008 ; -1.81259
3.95029 ; 7.6721 ; 1.52262 ; -1.93796
8.46642 ; 4.7268 ; -1.74792 ; 1.01988
4.17269 ; 6.20404 ; -2.71722 ; -3.11704
6.27173 ; 2.59703 ; -0.329871 ; 0.810868
3.20592 ; 7.32683 ; 5.22265 ; -4.63016
3.38364 ; 6.94939 ; 0.547917 ; 1.75385
5.56807 ; 2.50306 ; -1.50584 ; 0.162706
8.16127 ; 3.0628 ; -6.03339 ; 2.38979
6.59492 ; 2.5396 ; -2.12515 ; 0.248502
8.09986 ; 3.01071 ; -0.889783 ; 2.32205
2.84186 ; 3.71697 ; 3.5894 ; 0.724346
7.99826 ; 2.64419 ; -0.819617 ; 2.02012
3.30309 ; 7.35023 ; -0.410099 ; -2.03054
5.6911 ; 7.94381 ; 1.45216 ; -2.13255
3.13035 ; 7.65895 ; 3.24569 ; -5.01048
7.81192 ; 6.49655 ; -0.201274 ; -2.89392
5.072 ; 4.81055 ; -2.78732 ; 2.45932
4.37722 ; 5.43426 ; 0.812485 ; 1.77488
8.08867 ; 7.58551 ; -1.71353 ; 0.151091
3.17038 ; 6.78753 ; 6.63612 ; -1.76948
8.31737 ; 7.19187 ; -2.41223 ; -3.68882
4.054 ; 4.44513 ; 2.25077 ; 0.582493
5.348 ; 2.74645 ; 0.482124 ; 1.45949
8.32272 ; 2.83899 ; -5.48299 ; 1.01535
4.27978 ; 7.82006 ; 2.12166 ; -5.99111
3.08794 ; 2.85955 ; 4.51288 ; 3.49883
6.70898 ; 2.91987 ; -2.81316 ; 1.04068
3.8756 ; 3.69627 ; -1.71025 ; -0.952627
3.41786 ; 7.87517 ; 0.498721 ; -3.07863
6.62348 ; 3.25504 ; -1.90739 ; 0.329046
7.8868 ; 7.39226 ; -2.56536 ; -3.94688
6.65129 ; 7.45962 ; 0.916301 ; -0.543893
2.95311 ; 2.94153 ; 4.26716 ; 0.659582
4.77833 ; 2.72661 ; 3.32255 ; 6.01826
3.92213 ; 7.7622 ; 2.16455 ; -6.17322
4.55919 ; 4.95487 ; 2.40076 ; 2.22337
6.92477 ; 7.50058 ; 0.528964 ; -1.14051
8.29843 ; 6.46093 ; -3.26668 ; -4.44968
2.97978 ; 3.03954 ; 0.518743 ; -0.17841
3.43047 ; 7.23435 ; 6.39507 ; -6.03961
8.33537 ; 7.37368 ; -2.1444 ; -3.16452
7.85237 ; 7.76037 ; -2.26628 ; -6.09013
6.78735 ; 6.2481 ; -0.430081 ; 2.3487
8.21974 ; 2.89982 ; -3.28012 ; 0.857644
6.13461 ; 7.72618 ; 2.43139 ; 0.563482
8.12806 ; 2.78932 ; -3.82012 ; 5.32583
7.72961 ; 2.59847 ; -2.55388 ; 5.75783
3.22403 ; 4.74454 ; 1.46442 ; 0.672448
8.10084 ; 7.0655 ; -1.25343 ; -2.37148
3.12572 ; 6.69718 ; 4.84092 ; -5.81712
3.37356 ; 7.69002 ; 4.33371 ; -5.81651
8.16896 ; 2.63842 ; -3.04698 ; 3.41137
2.79735 ; 6.82407 ; 4.69092 ; -0.0791139
3.13176 ; 7.44379 ; 4.98792 ; -5.20439
3.00033 ; 6.74392 ; 4.3291 ; -2.76428
3.52569 ; 3.20215 ; -1.65745 ; 1.53798
3.1975 ; 7.24081 ; 6.44826 ; -3.43395
5.36761 ; 2.73184 ; -2.20548 ; -0.325892
5.00337 ; 5.77846 ; 1.91706 ; 1.81196
4.86494 ; 3.74735 ; 2.41046 ; 0.537203
2.95537 ; 2.68552 ; 3.40782 ; 3.2652
8.26386 ; 2.55966 ; -3.78661 ; 3.86513
3.58979 ; 3.02964 ; 3.76331 ; 2.23793
7.41055 ; 2.59462 ; -3.07996 ; 3.63163
8.33048 ; 6.48971 ; -3.10672 ; -0.619263
3.51384 ; 2.61205 ; 3.13773 ; 5.52957
5.75754 ; 3.65948 ; 2.92158 ; -0.366446
5.9666 ; 4.94614 ; 1.42557 ; 2.98076
3.9836 ; 4.84407 ; 1.70784 ; -0.356866
3.59083 ; 2.78644 ; 0.146583 ; 0.394969
6.66715 ; 7.028 ; 1.48914 ; 1.97441
3.35989 ; 7.40632 ; 5.45108 ; -4.83628
4.73001 ; 3.21005 ; 1.40515 ; -0.770524
3.30501 ; 2.54409 ; 2.70038 ; 3.34912
5.96715 ; 2.33733 ; 2.4972 ; 1.71325
4.58893 ; 2.74476 ; -0.258639 ; -0.931878
2.99602 ; 7.05264 ; 3.69215 ; -3.29901
4.37396 ; 6.40982 ; 2.08455 ; 1.26091
3.06923 ; 5.72062 ; 4.84665 ; -4.80893
4.05394 ; 6.66185 ; 6.49969 ; -7.1224
8.41161 ; 2.89429 ; -2.52301 ; 1.79519
3.51133 ; 4.61439 ; -0.347848 ; -0.109672
3.73701 ; 2.69031 ; 2.17592 ; 6.18772
7.88461 ; 2.35812 ; -0.235655 ; 2.59676
3.44356 ; 2.40335 ; 0.0408069 ; 2.34468
7.27846 ; 2.55676 ; -0.685599 ; 0.899453
3.0358 ; 7.09999 ; 1.015 ; -4.4696
4.24018 ; 7.49481 ; -0.37972 ; -2.29342
3.65211 ; 3.12929 ; 3.44679 ; 1.95987
8.51942 ; 6.65212 ; -2.9496 ; 0.0237877
8.05458 ; 7.71611 ; -3.16599 ; -2.13932
6.17494 ; 2.46463 ; -1.13351 ; 5.32606
2.77866 ; 3.36799 ; 3.36585 ; -0.535248
4.07534 ; 8.07297 ; -0.245402 ; -2.94244
6.62751 ; 4.22117 ; -2.1594 ; -3.33132
7.85853 ; 7.7596 ; -1.00504 ; -1.28213
5.21914 ; 2.46325 ; 2.08829 ; 2.1263
8.41677 ; 5.33297 ; -3.04375 ; 2.35694
3.27308 ; 7.49643 ; 5.17571 ; -3.76529
8.40032 ; 7.0259 ; -5.01776 ; -0.221693
6.11642 ; 7.39318 ; 0.249283 ; 0.930884
6.56346 ; 2.51333 ; 2.56571 ; 4.43086
7.87154 ; 2.72648 ; -3.53353 ; 0.469478
3.31175 ; 2.81586 ; 5.12582 ; 5.71333
3.21142 ; 2.99847 ; 3.95338 ; 6.43897
7.92358 ; 7.11899 ; -5.45247 ; -6.50377
8.23325 ; 6.30805 ; -6.00493 ; 1.53568
7.4277 ; 7.45448 ; -3.30486 ; -6.8908
7.17322 ; 3.32414 ; -6.35818 ; 6.49848
3.40723 ; 2.46321 ; -0.197215 ; 4.16929
8.10897 ; 2.77009 ; -0.721396 ; 3.99234
3.31683 ; 7.66477 ; 2.21471 ; -2.00458
3.34062 ; 2.54402 ; -0.48623 ; 0.181757
8.1815 ; 7.62932 ; -4.2195 ; -1.89477
6.29348 ; 7.32673 ; -3.28691 ; -2.03549
3.31497 ; 6.43056 ; -0.484452 ; -1.05156
4.95236 ; 6.26069 ; -2.36996 ; 2.67864
5.4975 ; 5.79437 ; 1.93674 ; -0.675378
7.07463 ; 6.74268 ; -7.01661 ; -6.71886
6.42213 ; 7.08737 ; 3.27363 ; -1.36076
3.25905 ; 4.8233 ; 2.77543 ; 2.57158
3.51997 ; 7.93164 ; -0.0553742 ; -4.20363
3.59038 ; 3.26971 ; 0.658829 ; 1.92399
8.48362 ; 6.01923 ; -3.37109 ; -2.59193
5.10683 ; 7.76575 ; 1.9425 ; -6.226
8.11151 ; 7.42359 ; -3.34097 ; -5.9015
3.20959 ; 7.05466 ; 5.14732 ; -5.3805
8.1471 ; 3.7178 ; -3.87638 ; -2.55774
7.40966 ; 7.86827 ; 0.206685 ; -5.69314
4.03745 ; 3.29526 ; -1.44355 ; -0.15598
7.88881 ; 5.16804 ; -0.345379 ; -1.6534
3.38654 ; 5.28672 ; -1.29007 ; -3.14867
8.34725 ; 7.02205 ; -2.60068 ; -1.00161
8.14843 ; 3.21796 ; -1.10304 ; 3.16258
7.72061 ; 2.85019 ; -1.60345 ; 0.0146574
4.11888 ; 2.87004 ; 2.26506 ; -0.830124
8.21459 ; 2.56354 ; -2.16292 ; 3.48248
7.67824 ; 7.21698 ; -1.30337 ; -1.47821
7.78661 ; 6.94393 ; -6.89755 ; -4.21095
3.83686 ; 2.30617 ; 0.348749 ; 2.17394
7.41879 ; 7.34619 ; -5.61424 ; -6.43965
4.49012 ; 4.267 ; -0.551362 ; 1.36495
7.96149 ; 6.96357 ; -0.983733 ; -2.407
7.85789 ; 6.26264 ; -2.0096 ; -0.836531
6.22387 ; 7.45499 ; -3.44337 ; -1.4084
4.33176 ; 8.05296 ; -0.97498 ; -4.62437
7.90954 ; 7.09754 ; -6.4086 ; -5.03577
8.46217 ; 5.26561 ; -4.17303 ; 1.97197
8.23077 ; 3.44678 ; -3.96768 ; 3.02121
8.2075 ; 2.86602 ; -4.32345 ; 1.89951
6.11765 ; 4.76815 ; -0.908769 ; -1.45621
7.6085 ; 4.93093 ; 1.04965 ; 2.52943
7.89711 ; 7.9231 ; -1.75987 ; -3.55747
6.7677 ; 4.44456 ; 1.93509 ; -0.0963542
3.99544 ; 7.09734 ; 2.80649 ; 0.00718337
8.09744 ; 5.95421 ; 0.562807 ; -2.99274
3.97468 ; 7.20807 ; 5.1163 ; -7.04954
3.56064 ; 2.50883 ; 0.231853 ; 1.28508
2.8428 ; 2.9355 ; 5.52502 ; 0.652406
7.37311 ; 2.55504 ; -2.05305 ; 0.0706085
6.33829 ; 4.39579 ; 3.13786 ; -2.32717
7.34693 ; 2.3357 ; 0.585643 ; 3.67405
3.16875 ; 3.65524 ; -0.181744 ; -1.33083
8.06758 ; 7.38228 ; -5.89358 ; -4.79229
8.34429 ; 2.89741 ; -2.53342 ; -0.266401
7.50493 ; 7.91375 ; -2.04219 ; -3.04614
7.86002 ; 7.73914 ; -4.56281 ; -5.36267
5.10355 ; 5.04354 ; 0.789444 ; 2.44166
3.49536 ; 7.61211 ; 5.35493 ; -3.25336
3.26505 ; 3.30476 ; 2.17145 ; 2.94765
5.24583 ; 7.65861 ; -1.03166 ; -0.0127177
7.72746 ; 7.07338 ; -6.16208 ; -6.48803
6.81434 ; 5.80762 ; -3.00835 ; -1.94005
5.19777 ; 3.05526 ; -2.65852 ; 0.161456
8.13229 ; 2.95386 ; -2.96154 ; 5.57407
3.25647 ; 7.38336 ; 0.147337 ; -3.10185
3.33726 ; 7.4078 ; 4.62988 ; -6.73094
7.13583 ; 4.1383 ; 2.02268 ; 2.21395
4.71982 ; 6.44393 ; 3.35799 ; -0.0413155
7.65967 ; 7.34362 ; 0.192143 ; 0.835161
7.84941 ; 7.80408 ; -0.706788 ; -4.89788
3.74449 ; 6.62568 ; 6.49769 ; -6.9691
3.8213 ; 3.4614 ; 6.8033 ; 6.71572
7.30478 ; 2.5089 ; -4.45091 ; 3.62502
6.66785 ; 2.48187 ; -3.10523 ; 3.78268
3.05295 ; 3.87009 ; 0.893981 ; 0.828709
3.30334 ; 2.5596 ; 4.32375 ; 3.0608
3.39726 ; 7.38066 ; 6.35619 ; -5.7026
5.32764 ; 3.17961 ; -2.27458 ; -1.37624
8.31283 ; 7.27318 ; -4.87014 ; -2.62987
5.215 ; 2.63181 ; 0.826158 ; 2.86977
7.56357 ; 7.10403 ; -6.40983 ; -6.79611
7.72768 ; 8.03606 ; -0.0687481 ; -2.82182
6.12691 ; 8.03829 ; -0.791416 ; -2.7878
8.28342 ; 3.1455 ; -4.42404 ; 2.8919
2.9701 ; 3.83651 ; -0.174152 ; -0.340682
3.60353 ; 2.6584 ; 1.94867 ; 5.91525
3.46513 ; 7.37365 ; 4.06443 ; -6.8717
2.92065 ; 2.64988 ; 5.02386 ; 1.94171
8.24493 ; 4.47183 ; -3.87551 ; 3.09123
7.65555 ; 3.875 ; -0.90497 ; 1.92523
2.98026 ; 3.72854 ; 2.69937 ; -0.0947527
7.95902 ; 7.79066 ; 0.270173 ; -1.9333
6.849 ; 7.79545 ; -3.12826 ; -2.19746
8.42288 ; 7.22985 ; -2.10325 ; 0.207489
4.78391 ; 7.84254 ; -0.0737695 ; -1.79584
2.92078 ; 3.90437 ; 0.865795 ; 0.120226
7.50806 ; 3.00468 ; -2.48005 ; -1.09875
6.56148 ; 2.59118 ; 0.261388 ; 1.99971
6.65215 ; 6.11425 ; -1.22882 ; 0.0560729
6.31646 ; 2.91013 ; 0.162192 ; -0.799846
5.49938 ; 7.83839 ; 2.56252 ; -4.01642
8.41111 ; 5.14899 ; -1.1172 ; -0.319484
5.88908 ; 8.07888 ; 2.48779 ; -3.89114
3.16472 ; 4.39242 ; -0.78027 ; -2.65955
