4.868 ; 7.0471 ; 2.29296 ; 1.59966
3.12181 ; 4.57481 ; 4.40057 ; -2.11843
3.5166 ; 5.53664 ; 3.76473 ; -1.20896
6.80185 ; 6.709 ; -6.23732 ; -6.58349
6.21463 ; 5.24627 ; 1.06703 ; 3.48679
7.19864 ; 6.24285 ; -6.42251 ; -6.3555
5.08669 ; 4.94069 ; 3.04149 ; 1.46731
5.29798 ; 3.89596 ; 2.39953 ; -2.84119
3.08133 ; 5.3782 ; 1.35666 ; -3.33783
3.30724 ; 2.97534 ; 4.24047 ; 4.8181
3.2122 ; 6.29544 ; 4.03773 ; 1.58696
4.15058 ; 4.88943 ; -1.51086 ; 2.75304
8.21504 ; 6.95621 ; -2.1791 ; -0.0082165
7.80158 ; 6.57327 ; 0.276939 ; -4.04001
3.62021 ; 6.75567 ; 0.0199758 ; -1.30681
3.8372 ; 2.88328 ; -0.980353 ; 3.65874
7.76497 ; 7.21886 ; -3.26815 ; -1.12243
3.51791 ; 3.37188 ; 6.71405 ; 1.6154
5.90163 ; 5.67699 ; 1.20735 ; 0.701701
7.58385 ; 4.07794 ; 0.494522 ; 1.95141
4.09648 ; 3.56689 ; 6.11192 ; 6.30702
7.34692 ; 3.26213 ; -6.8944 ; 4.98792
4.30785 ; 2.81411 ; 2.66211 ; 5.63164
3.93282 ; 4.55285 ; -2.08856 ; 2.13384
7.37138 ; 2.61466 ; -1.2561 ; 4.37421
3.1951 ; 4.56358 ; 1.16082 ; -2.48953
6.62085 ; 6.14616 ; 0.853736 ; -3.45899
6.928 ; 5.38906 ; 2.52812 ; -1.51861
6.80167 ; 6.26515 ; -6.73612 ; -6.77894
4.67715 ; 7.14954 ; -1.05828 ; 1.27035
3.08698 ; 4.49626 ; 3.84373 ; 1.96585
6.04384 ; 7.65019 ; 1.56002 ; -3.77612
3.17187 ; 3.00395 ; 3.63553 ; 3.47902
3.72532 ; 3.74076 ; 6.94941 ; -0.502405
8.24048 ; 7.25954 ; -2.26119 ; -1.46439
3.41705 ; 7.36136 ; 5.03138 ; -5.22663
7.42492 ; 7.63757 ; -0.544636 ; -1.55488
7.58345 ; 7.54232 ; -2.50516 ; -4.73503
7.6909 ; 3.06302 ; -3.56076 ; 6.34549
8.18144 ; 3.73155 ; -0.661551 ; -1.3932
5.79078 ; 3.91696 ; -1.23317 ; -2.46919
6.28558 ; 3.18482 ; -1.46954 ; 6.62384
4.39974 ; 4.79011 ; -2.21624 ; -2.65644
5.73242 ; 7.37257 ; -2.37627 ; -2.97676
7.9298 ; 5.69906 ; -5.6445 ; 1.39524
6.7274 ; 7.12421 ; -1.74988 ; -3.53028
4.02173 ; 6.88463 ; 7.03817 ; -4.98019
7.75084 ; 5.53949 ; -3.70253 ; -1.30469
8.08782 ; 6.5352 ; -2.30159 ; -0.656665
3.97219 ; 6.45901 ; 6.52954 ; -6.5944
7.83313 ; 7.67623 ; -2.70705 ; -3.11637
4.07958 ; 6.7249 ; 6.63997 ; -6.7675
7.45682 ; 7.36968 ; -4.38989 ; -4.90708
7.39532 ; 3.56489 ; -6.59282 ; 4.88445
6.63068 ; 6.75972 ; 1.14278 ; 0.292574
8.02613 ; 5.40468 ; -3.37073 ; 2.87781
3.32525 ; 5.5523 ; 6.11808 ; -3.17603
7.99288 ; 3.26419 ; -3.40528 ; 5.06464
3.53918 ; 6.63073 ; 6.19079 ; -5.51389
3.21242 ; 2.69106 ; 3.6995 ; 4.04519
7.5003 ; 5.39668 ; 1.63857 ; -2.69457
7.19501 ; 7.03677 ; -5.14887 ; -5.512
7.79155 ; 3.04804 ; -3.67563 ; 6.10623
3.16318 ; 6.21239 ; 0.898687 ; -2.41013
4.40037 ; 4.18726 ; 6.56701 ; 6.69015
7.33743 ; 3.30358 ; -0.35111 ; 6.81368
3.16178 ; 7.30456 ; 4.80462 ; -2.72705
4.3738 ; 7.26292 ; 2.26861 ; -6.48045
7.92516 ; 7.59012 ; -2.69444 ; -5.50986
8.04133 ; 6.14219 ; -5.50266 ; 0.880647
3.17493 ; 6.34769 ; 0.587899 ; -2.52981
7.36236 ; 7.81233 ; 0.538931 ; -3.23753
3.53845 ; 7.36825 ; 4.70384 ; -5.79865
7.82925 ; 6.7642 ; -0.180069 ; 1.04272
8.10273 ; 3.97084 ; -4.56046 ; 0.769317
4.13265 ; 3.37634 ; 5.09507 ; 6.67733
3.51493 ; 7.26412 ; 5.93238 ; -2.55842
3.09598 ; 6.3773 ; 3.57771 ; -1.62056
5.35823 ; 7.62024 ; 1.70777 ; -5.37813
5.45798 ; 2.50032 ; 2.34634 ; 2.6815
3.4948 ; 6.38082 ; 6.53335 ; 0.406424
3.73742 ; 3.97138 ; 4.0182 ; 4.21843
8.07626 ; 3.88913 ; -3.43715 ; 2.4705
7.84159 ; 7.29502 ; -4.83674 ; -5.93638
3.46959 ; 3.47476 ; 5.98421 ; 3.23767
4.04727 ; 7.67596 ; 0.0550986 ; -3.13003
3.03061 ; 3.99311 ; 3.18229 ; 3.56518
4.40957 ; 4.7386 ; 1.32039 ; 0.775477
3.2815 ; 6.2424 ; 1.96811 ; 1.81897
7.31453 ; 3.60419 ; -5.79154 ; 5.3642
7.87484 ; 3.33396 ; -3.73741 ; 6.3107
5.73397 ; 7.59196 ; -0.363836 ; -1.35106
5.10966 ; 6.47912 ; 2.17295 ; -2.11391
5.86737 ; 7.35167 ; 2.68887 ; -6.41163
4.45493 ; 5.48503 ; -1.38622 ; -3.80529
3.93907 ; 3.69036 ; 6.66064 ; 5.34153
8.19483 ; 3.12147 ; -0.784855 ; -0.597935
7.56351 ; 4.50608 ; -2.59569 ; -1.69205
3.86344 ; 7.23278 ; -0.635709 ; -5.28156
4.29377 ; 3.23734 ; 4.59659 ; 3.60349
7.72132 ; 3.53064 ; -5.39646 ; 5.83951
3.30913 ; 6.98804 ; 4.16761 ; -5.63401
4.72823 ; 5.52893 ; 0.0721181 ; -1.63968
2.96097 ; 3.92302 ; 4.07647 ; -0.423945
8.10377 ; 2.92121 ; -3.86692 ; 0.197148
7.59886 ; 6.99875 ; -4.71161 ; -7.04337
4.64556 ; 5.84969 ; 0.533056 ; 1.78006
6.60131 ; 2.64961 ; -3.76349 ; 2.04218
5.65395 ; 2.75327 ; 0.978042 ; 1.17663
3.41734 ; 2.86543 ; 4.88727 ; 0.412915
2.98659 ; 4.98778 ; 3.20754 ; 0.299247
7.55963 ; 2.74328 ; -0.0792409 ; 2.13312
3.59631 ; 2.86562 ; 6.44259 ; 2.57735
4.90689 ; 7.82416 ; 1.96665 ; -3.4738
7.48775 ; 3.03407 ; 0.638308 ; 4.67071
3.16964 ; 2.72189 ; 4.04811 ; 2.85845
3.58356 ; 7.13246 ; 5.03316 ; -6.65662
6.35168 ; 7.79387 ; -3.04924 ; -2.01291
4.66108 ; 3.29508 ; 2.60591 ; -2.08219
7.52171 ; 2.87141 ; -5.06114 ; 1.4578
3.78604 ; 3.04773 ; 2.63454 ; 6.4354
8.12024 ; 3.21027 ; -1.03822 ; 1.45774
3.90416 ; 3.09404 ; -1.37059 ; 0.323761
6.81843 ; 6.35135 ; 0.390301 ; 2.5384
7.96727 ; 2.76789 ; -0.925162 ; 0.0777911
6.88441 ; 3.79748 ; -3.12188 ; -0.73949
5.38346 ; 3.6707 ; 2.1814 ; 2.5455
7.10299 ; 6.71005 ; -6.56297 ; -6.87507
8.25723 ; 4.23216 ; -4.25043 ; -2.46416
7.97579 ; 5.05745 ; -2.88864 ; 2.50065
3.3564 ; 6.46419 ; 5.78129 ; -4.46399
5.31222 ; 2.97544 ; 2.9533 ; -0.830409
7.75221 ; 3.64502 ; -5.45541 ; 5.70276
5.5231 ; 2.6238 ; -3.08418 ; 4.22356
3.76544 ; 5.5165 ; 0.872127 ; -2.06297
3.95418 ; 7.84645 ; -0.471656 ; -2.35724
7.82295 ; 2.98582 ; -5.76273 ; 4.49771
3.89403 ; 3.01149 ; 2.62023 ; 6.18184
3.82926 ; 2.90129 ; 4.1053 ; 5.52379
5.32602 ; 3.00661 ; 4.47957 ; 4.81925
3.55181 ; 7.50303 ; 4.2965 ; -2.11895
5.60555 ; 3.11395 ; 3.70495 ; 6.23892
3.30386 ; 2.60797 ; 1.14221 ; 2.8624
5.22137 ; 2.99789 ; 1.82789 ; -0.484984
5.00386 ; 7.59421 ; 3.44417 ; -5.03208
3.56741 ; 6.03742 ; 6.73321 ; 0.200206
7.2146 ; 2.92654 ; -0.120185 ; 5.6445
7.81565 ; 2.72777 ; -5.00732 ; 3.2444
7.74322 ; 4.98392 ; -6.21496 ; -3.60197
6.78927 ; 6.68511 ; -6.89608 ; -6.27606
7.7149 ; 7.71755 ; -0.758158 ; -1.32797
4.55515 ; 7.60029 ; 1.40351 ; -0.229369
7.15698 ; 6.3084 ; -6.41006 ; -6.7711
4.32985 ; 5.55399 ; -1.04011 ; 0.154415
3.5756 ; 3.2206 ; 5.6814 ; 3.95427
4.82108 ; 3.21697 ; 3.73949 ; 2.55861
5.38074 ; 4.84847 ; -1.97937 ; -1.1052
3.74333 ; 7.38149 ; 1.86294 ; -2.25373
4.13457 ; 6.67454 ; 7.02842 ; -4.75358
7.59389 ; 7.55726 ; -5.33188 ; -2.15584
3.79583 ; 3.52416 ; 5.39446 ; 6.85753
8.22888 ; 4.36848 ; -4.49472 ; -0.670344
5.17094 ; 7.04966 ; 2.4976 ; 0.64968
3.24438 ; 2.63901 ; 2.77616 ; 4.20771
3.84335 ; 2.92742 ; 1.59835 ; 4.9496
7.15002 ; 4.8882 ; 1.07516 ; 0.669962
5.09875 ; 3.2328 ; -2.68429 ; -2.05694
7.56122 ; 3.21093 ; -2.50322 ; 6.74814
5.41521 ; 5.93839 ; 3.16175 ; 3.11399
4.20472 ; 4.54439 ; -2.44346 ; -2.66645
4.38341 ; 2.85318 ; -1.7472 ; 5.60793
3.88067 ; 3.57559 ; 6.64582 ; 6.0211
3.77473 ; 7.23588 ; 1.95312 ; -4.48466
3.80546 ; 6.39367 ; 1.02164 ; -0.584932
4.10643 ; 3.45716 ; 3.80247 ; 4.13962
6.53766 ; 7.23351 ; -0.537836 ; -2.08616
7.65034 ; 7.79914 ; -0.851783 ; -4.1341
7.35689 ; 3.27665 ; -6.30723 ; 5.21723
7.99614 ; 5.47258 ; -1.31264 ; -1.33949
6.68173 ; 3.11577 ; 0.187888 ; -0.564885
5.72184 ; 3.35115 ; -1.87261 ; 2.34516
8.00784 ; 5.0526 ; -5.59769 ; -3.73849
3.30049 ; 7.59875 ; 3.29201 ; -2.84741
3.66749 ; 7.17838 ; 6.60814 ; -5.61653
4.11281 ; 7.31669 ; 3.13374 ; -3.00234
7.64094 ; 4.59004 ; -1.99271 ; -0.0854525
7.6062 ; 7.60736 ; -3.84753 ; -2.43939
6.45239 ; 2.75834 ; -2.91562 ; 4.0665
7.77653 ; 7.37876 ; -4.80774 ; -4.69117
3.61251 ; 7.34358 ; 2.391 ; -6.6646
4.35181 ; 2.9345 ; -1.62728 ; 6.02088
4.23608 ; 3.75181 ; 1.07792 ; 2.04734
7.98837 ; 7.08382 ; -5.67913 ; -3.13248
3.3724 ; 7.5673 ; 4.26803 ; -2.74864
7.98948 ; 7.00272 ; -4.36889 ; 0.938693
7.57657 ; 7.81877 ; -0.493941 ; -3.97694
3.97532 ; 6.5184 ; 6.88103 ; -6.00536
3.45514 ; 4.46709 ; 6.54741 ; -2.00246
7.05133 ; 3.17842 ; -6.33498 ; 5.66262
7.13494 ; 7.05165 ; -7.02568 ; -5.06522
5.01754 ; 5.61286 ; 6.4976 ; -6.44312
7.3534 ; 3.71629 ; -6.28341 ; 6.65546
7.09316 ; 7.0161 ; -2.98147 ; 1.54252
3.36173 ; 2.88054 ; 0.632518 ; 5.23443
7.21074 ; 6.65216 ; -6.53707 ; -6.96018
7.08772 ; 7.53412 ; -4.66193 ; -5.02554
6.90437 ; 3.99299 ; -6.73315 ; 6.49555
7.08982 ; 3.00895 ; -2.7037 ; 5.34522
6.58261 ; 4.778 ; 2.14144 ; 3.15186
7.67759 ; 6.13563 ; -0.47012 ; 2.2517
3.62736 ; 6.62398 ; 5.27623 ; -6.80753
4.4509 ; 6.93256 ; 0.86023 ; -0.191648
3.3266 ; 5.856 ; 1.74152 ; -4.49325
3.56955 ; 7.27647 ; 3.34306 ; -1.10561
6.894 ; 4.83127 ; -1.31973 ; -2.85682
8.20845 ; 6.16977 ; -0.766171 ; -2.37338
7.93065 ; 6.73609 ; -3.91625 ; -6.48531
7.59329 ; 3.44041 ; -4.8211 ; 6.77887
7.38817 ; 6.92413 ; -6.40781 ; -6.71678
7.23093 ; 7.48645 ; -3.27947 ; -4.78909
7.51517 ; 7.10218 ; -6.25098 ; -6.35984
3.44226 ; 2.84053 ; 0.326584 ; 5.16392
4.23512 ; 6.81363 ; 6.7383 ; -6.19242
3.45059 ; 7.71004 ; 0.81388 ; -4.08196
3.26046 ; 3.42922 ; 5.32625 ; 2.00609
3.38403 ; 7.42613 ; 3.11875 ; -6.03262
3.87735 ; 7.28843 ; 0.235214 ; -6.82453
8.09469 ; 2.89407 ; -4.12414 ; 2.88053
3.18038 ; 5.98144 ; 4.71225 ; -2.28826
3.87696 ; 2.91895 ; 0.770463 ; 6.1403
7.36337 ; 2.65336 ; 1.61693 ; 0.340132
8.22343 ; 3.75037 ; -4.3121 ; -0.617957
8.07829 ; 2.98737 ; -2.33413 ; 0.49388
4.23979 ; 6.85879 ; 0.498753 ; -4.1102
8.26379 ; 3.41544 ; -3.07962 ; 0.0659429
8.1018 ; 3.72589 ; -1.66281 ; 0.258709
7.20624 ; 3.38479 ; -6.50035 ; 6.0006
7.46333 ; 2.84742 ; -0.295725 ; 6.06369
6.84466 ; 2.83594 ; 0.0105911 ; 5.05409
7.32311 ; 6.90083 ; -3.05572 ; -7.09435
4.5252 ; 6.34691 ; 6.56101 ; -6.78107
5.93563 ; 4.99425 ; -3.17358 ; 1.74369
3.62099 ; 3.75706 ; 6.27608 ; 4.33545
6.66583 ; 2.85938 ; 1.8251 ; 0.705648
6.45099 ; 7.51065 ; 0.125817 ; -6.32206
7.79629 ; 3.67621 ; -3.71551 ; 3.41119
6.0408 ; 2.56567 ; 3.03273 ; 0.142576
7.5904 ; 2.99831 ; -6.13508 ; 4.98559
4.31098 ; 6.04081 ; 6.74185 ; -6.34794
7.25779 ; 5.71714 ; -1.42197 ; 0.919619
3.6697 ; 2.54183 ; 1.07341 ; 2.2047
6.84974 ; 2.54449 ; -0.148711 ; 4.27146
7.51264 ; 2.87869 ; -6.02183 ; 4.33198
4.45419 ; 3.47243 ; -0.997202 ; 1.91464
7.09619 ; 2.739 ; 0.914937 ; 2.876
6.17943 ; 3.37526 ; 3.19929 ; 2.66595
7.1965 ; 3.99793 ; -6.82003 ; 5.29509
8.21736 ; 6.19613 ; -1.79007 ; 0.548172
8.01885 ; 3.00346 ; -3.53574 ; 0.679901
8.00699 ; 3.75939 ; -5.89914 ; -1.37297
3.71443 ; 3.01303 ; 1.7422 ; 6.03017
3.07723 ; 5.15691 ; 2.5027 ; 0.181656
3.43089 ; 6.86524 ; 5.17125 ; -5.51763
7.45487 ; 2.89698 ; -6.26208 ; 3.97594
3.86581 ; 3.34116 ; 6.95186 ; 4.70658
3.29786 ; 2.72479 ; 2.73461 ; 4.77289
4.13995 ; 2.96518 ; 1.66834 ; 5.95163
4.18214 ; 6.65923 ; 6.47659 ; -6.57444
6.87811 ; 5.87994 ; -6.65996 ; -6.4242
6.0396 ; 7.70942 ; -2.72614 ; -3.76872
4.47916 ; 7.84215 ; 0.704507 ; -2.64193
7.72121 ; 7.15414 ; 0.514281 ; -1.7833
6.9039 ; 3.36205 ; -4.3145 ; 6.6984
3.76653 ; 6.48362 ; 5.96547 ; -6.74372
3.69716 ; 3.11738 ; -0.684699 ; 3.43064
8.02514 ; 2.69299 ; -2.616 ; 4.51682
7.42927 ; 7.63112 ; 0.580554 ; -5.86966
6.43331 ; 6.92452 ; 0.871063 ; -0.750675
7.03955 ; 3.58339 ; -2.9131 ; -1.42127
6.02972 ; 7.43774 ; 1.41496 ; -2.03428
4.05377 ; 4.58487 ; 2.24169 ; 1.55361
6.67302 ; 6.10648 ; -6.59146 ; -6.79278
7.79702 ; 7.10007 ; -3.75744 ; -6.8989
6.43056 ; 5.6409 ; 2.53864 ; 2.76344
3.39551 ; 6.43473 ; 6.14346 ; -2.47933
7.77971 ; 6.3015 ; -1.6445 ; -1.52352
3.25467 ; 6.20036 ; 3.91815 ; -2.16511
4.03279 ; 3.08354 ; -1.66543 ; 3.37986
6.26533 ; 4.40869 ; -2.83944 ; -3.20682
7.06117 ; 3.32377 ; -2.67451 ; 0.474683
3.17215 ; 4.69623 ; 5.48478 ; 0.136239
4.47288 ; 7.71657 ; -1.42196 ; -4.93871
4.05046 ; 5.76774 ; 6.73376 ; -5.61115
4.40833 ; 6.32518 ; 6.66848 ; -6.78425
7.24909 ; 6.85679 ; -6.58342 ; -6.25669
4.82731 ; 2.75088 ; 2.5192 ; 5.44497
7.31668 ; 5.40347 ; -0.466031 ; -1.67588
7.11929 ; 6.49337 ; -6.52983 ; -6.88298
5.138 ; 3.00209 ; 3.00233 ; 5.85597
4.29484 ; 6.37435 ; -1.55287 ; 2.57193
4.64588 ; 3.89563 ; 6.56847 ; 6.50391
7.05177 ; 3.4255 ; -3.26718 ; 3.45351
7.60043 ; 5.22189 ; -6.75274 ; -0.446873
5.72563 ; 7.11572 ; -0.855693 ; 0.242322
3.61204 ; 6.78683 ; 5.49643 ; -6.67
5.96167 ; 2.74744 ; 1.83024 ; 0.866406
4.0429 ; 7.48458 ; 3.57823 ; -5.42638
7.41276 ; 3.75063 ; -5.84405 ; 6.69665
3.22437 ; 6.81064 ; 1.70054 ; -5.89721
3.97937 ; 3.28995 ; 7.08254 ; 1.77139
8.06474 ; 5.29273 ; -5.44022 ; 1.83532
5.64046 ; 7.13787 ; -1.11766 ; -6.91363
6.20341 ; 2.65507 ; 2.44204 ; 4.80116
3.20083 ; 4.63039 ; 0.298623 ; -0.666779
7.98826 ; 5.0337 ; -4.44745 ; 1.27328
6.84636 ; 7.07394 ; -1.01856 ; -2.06754
6.0977 ; 6.33751 ; 1.29488 ; 1.59937
3.47285 ; 3.97743 ; 5.40863 ; -3.14268
5.29551 ; 2.82361 ; -2.55153 ; -0.644065
3.24148 ; 2.64816 ; 1.46912 ; 2.9762
3.99069 ; 6.0967 ; -2.11308 ; 1.67311
4.1815 ; 3.77875 ; 6.79093 ; 6.41078
7.25052 ; 3.49104 ; -6.82634 ; 5.76806
7.66699 ; 2.76212 ; -5.10638 ; 3.68174
3.92645 ; 5.98535 ; 6.6984 ; -5.48747
8.10978 ; 4.99252 ; -1.12575 ; -2.77383
4.75571 ; 3.00671 ; -2.57294 ; 0.194179
7.80094 ; 4.9792 ; -2.40828 ; 2.33982
7.9543 ; 4.99511 ; -5.99622 ; -0.801914
7.76129 ; 6.29617 ; -2.0005 ; 2.13776
7.75278 ; 3.63557 ; -6.23792 ; 4.14634
4.35172 ; 7.51081 ; 3.995 ; -5.43956
7.60893 ; 6.78823 ; -4.91823 ; -6.42375
4.52448 ; 2.77319 ; -2.6424 ; 2.58554
8.31829 ; 3.93741 ; -3.08306 ; -0.490334
4.73215 ; 3.64993 ; -0.426687 ; 3.38176
3.6482 ; 4.2362 ; 0.0127376 ; -2.04373
8.22045 ; 6.60938 ; -4.12844 ; 1.48395
3.78028 ; 6.90652 ; 6.4556 ; -6.4929
7.51317 ; 6.92958 ; -6.68159 ; -5.69991
3.63759 ; 3.04827 ; 0.522644 ; 1.30012
3.37568 ; 6.10932 ; 2.90192 ; -4.2765
3.56784 ; 7.0938 ; 4.83644 ; -5.56478
7.19 ; 2.53721 ; -0.463935 ; 3.46307
5.01987 ; 7.04931 ; 3.49693 ; -0.901942
3.02064 ; 6.74577 ; 3.74735 ; 0.181553
7.16884 ; 2.89341 ; 1.24852 ; 4.57393
7.59969 ; 6.89768 ; -5.23913 ; -7.08467
7.59613 ; 6.29046 ; -6.06464 ; -6.06564
3.48104 ; 3.18143 ; 2.78525 ; 6.42585
6.89522 ; 3.83097 ; -6.43932 ; 6.35603
4.37957 ; 3.75014 ; 6.22057 ; 6.6772
5.98606 ; 7.57979 ; 2.09724 ; 0.415265
8.14385 ; 7.18559 ; -0.430905 ; 0.338829
7.09175 ; 2.93083 ; -4.21496 ; -0.20233
3.3956 ; 3.21497 ; 0.859752 ; 4.81159
3.53638 ; 7.17449 ; 4.821 ; -5.06214
5.30126 ; 2.75118 ; 2.48963 ; 3.94018
3.82925 ; 7.16961 ; 4.31268 ; -6.47675
4.55307 ; 6.88545 ; 2.19347 ; 0.959577
3.97478 ; 4.89453 ; 1.28814 ; -1.22086
8.17537 ; 6.88007 ; -0.344591 ; 0.8872
8.18262 ; 2.8796 ; -4.54464 ; 1.16609
3.21307 ; 7.07761 ; 4.54006 ; -3.73535
7.58192 ; 3.04571 ; -3.8849 ; 4.06089
3.13362 ; 4.65074 ; 4.47894 ; -2.95109
7.54849 ; 7.08546 ; -6.83358 ; -2.80791
7.52319 ; 7.11856 ; -5.78669 ; -5.63426
8.11029 ; 3.35943 ; -3.55127 ; 1.5596
6.28162 ; 7.36666 ; -2.47865 ; -6.25803
7.939 ; 4.11522 ; -5.88714 ; 3.20853
7.02597 ; 6.72785 ; -6.79803 ; -6.14801
4.25466 ; 2.79585 ; -1.70344 ; 5.51068
6.61847 ; 7.15613 ; 1.27747 ; 0.938466
4.79902 ; 2.67064 ; 0.115441 ; 0.21073
8.01172 ; 6.88772 ; -1.03919 ; -5.69043
7.62207 ; 2.89322 ; -3.9236 ; 1.6089
4.30441 ; 6.62629 ; 6.74621 ; -6.74158
7.58704 ; 5.43414 ; -2.19027 ; -2.95606
7.72204 ; 3.24216 ; -0.870678 ; -0.703625
7.98304 ; 3.42297 ; -3.5429 ; 5.03775
7.30707 ; 5.93324 ; -3.30337 ; 2.98127
8.00892 ; 7.1263 ; -5.49851 ; -0.955599
7.1249 ; 3.94047 ; -3.71854 ; -2.13788
7.61834 ; 6.81279 ; -2.00935 ; -3.45432
3.40256 ; 2.99841 ; 6.05735 ; 4.05835
3.62859 ; 7.03359 ; 6.59654 ; -5.19353
3.7487 ; 3.04848 ; 5.81529 ; 4.98381
4.30146 ; 2.88113 ; -1.59697 ; 5.97941
6.33239 ; 7.18113 ; 2.26319 ; -2.47534
3.58032 ; 2.81395 ; 6.40546 ; 3.15637
7.83159 ; 3.39381 ; -4.29976 ; 6.27212
3.4589 ; 7.58521 ; 1.67209 ; -5.46441
7.91994 ; 3.18631 ; -0.29363 ; 4.92553
7.72197 ; 6.97573 ; -1.70957 ; -2.55428
3.1757 ; 3.08157 ; 4.82119 ; 4.01169
4.05833 ; 7.03931 ; -0.320358 ; 0.741299
3.02702 ; 4.60493 ; 1.10093 ; -2.35568
5.84524 ; 4.77053 ; 3.11483 ; 2.70691
5.87753 ; 3.0397 ; 2.94475 ; 6.09748
7.39266 ; 7.15654 ; -6.69267 ; -5.56301
7.90045 ; 4.54369 ; -5.16632 ; 2.95144
3.42193 ; 2.61648 ; 1.74266 ; 1.43885
8.14076 ; 5.46287 ; -5.41904 ; 0.335244
8.10816 ; 4.83083 ; -1.17731 ; 3.33827
7.94404 ; 7.36839 ; -5.49725 ; -1.35177
3.33421 ; 7.50124 ; 5.18819 ; -4.09116
7.14436 ; 3.33619 ; -6.01139 ; 5.75545
8.02466 ; 7.13439 ; -2.55506 ; -1.55818
7.91634 ; 4.28377 ; -5.64643 ; 2.16556
6.51974 ; 5.65467 ; 0.309179 ; -3.24942
6.09009 ; 2.82029 ; 2.42969 ; -0.407948
6.56973 ; 7.32804 ; -1.40169 ; -6.53233
4.8809 ; 7.25476 ; 4.39408 ; -5.90223
3.17038 ; 7.67406 ; 2.28371 ; -2.22452
5.5411 ; 4.98035 ; 2.76383 ; 1.17471
3.13512 ; 3.07823 ; 4.05057 ; 4.18082
3.16996 ; 3.23477 ; 5.3042 ; -0.982956
4.11691 ; 6.59066 ; 6.44922 ; -6.79458
7.41244 ; 7.14094 ; -4.80904 ; -6.40739
3.11959 ; 5.49044 ; 2.86647 ; -1.66283
7.99806 ; 5.13595 ; -5.9733 ; -0.483048
5.43024 ; 6.82622 ; -2.06194 ; 0.85331
4.2718 ; 6.95341 ; 3.97992 ; -0.485916
4.52848 ; 2.7 ; 1.16562 ; 1.58107
3.65265 ; 6.59923 ; 6.80003 ; -3.19963
7.7969 ; 7.59021 ; -3.29415 ; -2.78919
7.18853 ; 3.10433 ; -0.729727 ; 6.54102
8.00304 ; 6.98216 ; -4.17004 ; -1.5868
3.11647 ; 4.10924 ; 2.61507 ; 4.15951
3.5147 ; 4.46501 ; 6.45726 ; 4.07316
7.25953 ; 6.00237 ; -2.52257 ; 2.86754
7.84719 ; 6.13265 ; -3.4445 ; 2.72168
4.17478 ; 5.12458 ; 0.511892 ; 2.66054
3.70817 ; 6.98006 ; 6.61319 ; -4.30019
8.08132 ; 3.09451 ; -2.90086 ; -0.841878
3.93605 ; 2.53556 ; 1.01379 ; 3.75793
8.05528 ; 3.62208 ; -3.07511 ; 4.36278
4.09086 ; 6.99333 ; 6.14645 ; -5.97143
3.25675 ; 5.15734 ; 6.02628 ; 2.42698
8.04432 ; 4.22253 ; -0.551872 ; -2.7774
8.20819 ; 6.40228 ; -4.43812 ; 0.707833
6.89155 ; 4.27631 ; -1.49549 ; -1.92973
3.30235 ; 3.04473 ; 5.39152 ; 3.99996
7.90791 ; 3.04999 ; -0.858291 ; -0.998351
6.38448 ; 3.49184 ; -1.71015 ; 3.6774
4.40091 ; 6.6737 ; 4.98757 ; -4.89733
7.6586 ; 7.2117 ; -5.11477 ; -4.37459
3.4116 ; 3.3377 ; 2.7617 ; 3.84997
3.7347 ; 3.09801 ; 6.32188 ; 5.12843
3.1923 ; 7.08815 ; 0.42242 ; -0.580093
4.89027 ; 6.71296 ; -1.23795 ; -3.68736
6.13129 ; 4.35402 ; -2.83672 ; -0.0731275
7.65495 ; 7.33222 ; -4.56394 ; -3.29617
3.62719 ; 3.35233 ; 2.94837 ; 6.86954
5.59619 ; 7.83196 ; 0.301897 ; -3.9103
3.45077 ; 3.05142 ; 4.07762 ; 6.38762
6.53801 ; 3.15712 ; -4.95899 ; 5.48158
7.20113 ; 3.53634 ; 2.28777 ; 0.220814
7.78666 ; 7.20496 ; -0.0614481 ; -6.38003
3.87182 ; 6.7901 ; 6.59418 ; -6.26286
3.51631 ; 7.28875 ; 4.93296 ; -5.96708
7.96807 ; 6.31285 ; -4.63741 ; -4.65998
2.95136 ; 5.8196 ; 3.19156 ; -2.31957
2.95156 ; 4.41241 ; 1.55162 ; 0.176256
6.15512 ; 2.88497 ; 0.668774 ; 5.99879
6.83432 ; 4.40902 ; -0.82947 ; -0.930242
5.35617 ; 2.82373 ; -0.221099 ; 4.61424
4.70337 ; 7.1948 ; 5.53901 ; -5.48276
3.33185 ; 3.27106 ; 2.44964 ; 6.53228
4.12716 ; 6.27689 ; 6.12472 ; -6.94135
3.70935 ; 3.64757 ; 5.10703 ; 6.93275
3.41073 ; 5.53652 ; 1.71797 ; -3.08141
3.09637 ; 4.22828 ; 0.204922 ; -1.24147
3.51472 ; 5.80473 ; 6.67452 ; -0.359354
5.03631 ; 2.49279 ; -1.8481 ; 2.18937
4.69807 ; 6.28102 ; 6.10884 ; -6.85763
6.72213 ; 7.72461 ; -4.00435 ; -1.72689
3.92744 ; 3.07478 ; 4.19583 ; 5.33124
3.66098 ; 3.32454 ; 5.57293 ; 6.59523
7.60047 ; 3.39899 ; -5.7738 ; 6.34215
7.58516 ; 6.87261 ; -3.53772 ; 0.76561
6.98312 ; 3.13497 ; 1.39657 ; 6.509
3.25823 ; 3.64202 ; 5.49444 ; 2.01248
8.09553 ; 7.24071 ; -4.29312 ; -1.38893
3.29657 ; 3.71747 ; 5.59868 ; -0.495129
4.31518 ; 2.75073 ; 5.08599 ; 3.38678
4.25558 ; 3.15238 ; -1.27555 ; 6.59766
5.7233 ; 7.07031 ; -0.216532 ; 1.26422
3.24806 ; 4.6672 ; 5.69473 ; 3.1637
3.06099 ; 6.7248 ; 5.13284 ; -0.234829
4.1563 ; 4.05893 ; 0.390245 ; -0.797426
3.2089 ; 5.28235 ; 5.77178 ; -0.868665
4.0665 ; 3.13495 ; 6.74457 ; 5.04956
7.51411 ; 3.58274 ; -5.71984 ; 6.31564
8.14085 ; 4.21187 ; -4.48773 ; -0.165891
7.45811 ; 7.79217 ; 0.262514 ; -4.82504
6.56555 ; 7.82499 ; 2.59803 ; -4.30187
7.44522 ; 3.42016 ; -6.80167 ; 3.81508
7.51444 ; 2.80637 ; -2.02433 ; 3.01316
8.01366 ; 4.14399 ; -3.63942 ; 0.87376
7.42961 ; 7.05963 ; -4.77345 ; -6.82558
5.44397 ; 6.16225 ; 0.983691 ; -3.70361
4.50831 ; 3.9028 ; 6.86433 ; 6.29886
8.1394 ; 7.39387 ; -2.65171 ; -4.19608
5.24792 ; 5.57615 ; 1.84928 ; 0.222312
3.90676 ; 3.595 ; 6.72624 ; 5.25436
7.232 ; 3.29071 ; -7.00869 ; 3.45889
8.18372 ; 7.08373 ; -1.80975 ; -3.36355
7.81839 ; 5.02389 ; -4.73481 ; 2.94097
6.84026 ; 4.74039 ; -0.629795 ; -1.92083
7.25448 ; 3.17305 ; -3.62521 ; 6.48968
3.95722 ; 7.27595 ; 3.47385 ; -5.63538
7.66834 ; 5.0104 ; -3.73998 ; -1.27639
7.07986 ; 6.62763 ; -6.53428 ; -6.91137
8.19277 ; 4.08743 ; -2.86823 ; 4.1983
8.13237 ; 6.0971 ; -3.75768 ; -4.10344
3.79139 ; 6.38767 ; 5.87068 ; -6.61921
3.68587 ; 6.78141 ; -0.98894 ; -0.882078
3.11932 ; 5.77842 ; 4.1941 ; 2.31998
7.32808 ; 3.81543 ; 0.679538 ; 0.149707
8.15172 ; 7.23484 ; -4.07364 ; -1.26276
4.041 ; 4.58534 ; -2.54662 ; -1.93437
7.70287 ; 6.79004 ; 0.571449 ; -4.02317
7.1283 ; 6.28756 ; 2.64027 ; -1.75484
6.45968 ; 4.46981 ; -2.42664 ; -2.4011
3.26879 ; 4.24097 ; 6.00686 ; -0.629267
6.89973 ; 2.65367 ; -2.78905 ; 3.44468
7.98982 ; 4.03398 ; -5.98171 ; -0.521671
6.2042 ; 7.09576 ; -0.921325 ; -2.12011
3.79053 ; 2.64024 ; 0.923222 ; 3.2335
6.4379 ; 7.70358 ; -0.968442 ; -3.66821
3.81276 ; 3.2946 ; 6.67227 ; 6.15871
7.0762 ; 7.67714 ; -0.772365 ; -2.70245
5.70771 ; 3.35703 ; -1.64136 ; 2.0622
4.74098 ; 4.06264 ; 1.55265 ; 2.13603
3.12334 ; 3.25106 ; 2.01591 ; 3.71616
7.35815 ; 3.26097 ; -6.97326 ; 3.57065
7.54612 ; 6.71985 ; -0.192799 ; -3.53478
8.15323 ; 3.69313 ; -1.09567 ; 2.31184
7.93488 ; 7.75247 ; -1.87907 ; -2.70984
4.66451 ; 2.81731 ; 1.73615 ; 5.78431
8.30374 ; 4.77572 ; -2.44689 ; -1.40926
4.62407 ; 3.61573 ; -1.65076 ; 3.23293
3.77795 ; 6.61634 ; 0.52327 ; -2.77182
4.57749 ; 6.68301 ; 1.56311 ; -2.04107
4.49368 ; 6.67576 ; 6.59121 ; -6.58588
7.99721 ; 3.99499 ; -2.15973 ; 1.31597
8.15752 ; 2.82934 ; -2.75238 ; 3.1072
3.51674 ; 7.16632 ; 6.62764 ; -3.96702
3.30764 ; 3.78687 ; -0.573904 ; 1.11049
5.49996 ; 6.40898 ; -1.14452 ; -3.28364
3.64885 ; 6.31787 ; 1.32666 ; 0.69032
8.09973 ; 5.30182 ; -1.80775 ; -1.70908
8.23451 ; 5.50791 ; -3.14247 ; -0.223319
3.64477 ; 3.73044 ; 3.75692 ; 3.34405
3.44909 ; 7.60523 ; 2.22461 ; -3.89033
3.40149 ; 4.50496 ; 4.26825 ; -3.66172
7.02384 ; 4.61755 ; -2.71599 ; -3.556
4.31075 ; 6.79866 ; 5.74405 ; -6.94114
4.40714 ; 6.73479 ; 6.30309 ; -6.61368
7.07007 ; 3.21209 ; -6.1147 ; 5.26148
7.69965 ; 3.66237 ; -6.06264 ; 5.25791
3.34034 ; 4.47411 ; 5.81851 ; 3.6515
5.13152 ; 3.3774 ; 3.27103 ; 1.85236
4.99869 ; 7.4654 ; -2.49811 ; -5.9765
5.0213 ; 2.51556 ; -2.04179 ; 0.514813
3.47517 ; 3.21556 ; 0.18817 ; 4.31414
4.95827 ; 7.70888 ; 1.79066 ; -4.39677
6.79277 ; 4.0021 ; -6.74762 ; 6.56845
7.53103 ; 7.6626 ; -0.669953 ; -5.55821
3.43448 ; 3.59909 ; -0.372688 ; -1.66279
3.07816 ; 6.50563 ; 1.67117 ; 1.46723
3.2617 ; 2.95142 ; 3.76489 ; 2.57939
3.12053 ; 5.46635 ; 4.98902 ; -3.72082
5.65925 ; 7.476 ; -2.01546 ; -5.02772
4.0363 ; 2.9838 ; 3.77065 ; 5.12605
7.84327 ; 5.68375 ; -6.2193 ; 2.88211
7.91652 ; 5.49651 ; -6.1369 ; 1.80719
4.38546 ; 6.94105 ; 6.55647 ; -6.38546
7.31501 ; 3.12245 ; -5.673 ; 5.39361
3.9116 ; 2.63072 ; -0.212682 ; 1.17899
5.40483 ; 7.54655 ; -3.0878 ; -5.85922
4.07755 ; 6.90361 ; -0.165102 ; -7.05277
3.95104 ; 2.79703 ; 5.73949 ; 3.75195
3.8292 ; 4.10796 ; 3.6032 ; -1.24497
3.06226 ; 2.87611 ; 4.1274 ; 1.77042
5.85431 ; 2.58153 ; -0.0226905 ; 3.06671
7.94309 ; 7.58415 ; -2.55891 ; -1.3137
7.7559 ; 5.15308 ; 1.58851 ; 2.36407
3.23076 ; 2.7512 ; 1.48287 ; 3.8338
4.60843 ; 5.09242 ; 2.90363 ; 3.61403
6.88729 ; 6.48452 ; -6.4599 ; -6.67538
8.06113 ; 5.102 ; -3.31568 ; 1.46724
6.81081 ; 3.37784 ; -3.98416 ; 6.6931
3.86231 ; 6.90894 ; 6.85163 ; -4.37354
3.37926 ; 2.95736 ; 1.39228 ; 5.1318
7.50862 ; 3.40082 ; -6.5337 ; 5.42146
3.97988 ; 4.93789 ; 0.503983 ; 2.97118
3.68921 ; 7.22211 ; 1.70391 ; -5.15179
3.78066 ; 7.62492 ; 2.40751 ; -3.33651
8.12865 ; 5.84025 ; -3.51344 ; 2.66661
7.60787 ; 2.8279 ; 0.832448 ; 3.24367
7.65707 ; 7.66837 ; -3.08557 ; -4.73674
4.77026 ; 5.92148 ; 0.492277 ; 2.4016
6.62671 ; 3.81189 ; -6.11129 ; 6.6399
4.736 ; 7.2811 ; -0.721304 ; -0.797407
4.51478 ; 3.7645 ; 6.37769 ; 6.56124
4.7363 ; 4.10166 ; 6.74314 ; 6.34029
7.85751 ; 6.52359 ; -5.153 ; -5.89623
3.81766 ; 3.01223 ; 3.8647 ; 5.53926
6.23942 ; 2.95701 ; -3.13558 ; 5.52642
3.61876 ; 6.58108 ; 1.19038 ; 1.46247
5.3026 ; 7.70615 ; -2.63675 ; -4.58436
3.16865 ; 7.55444 ; 3.15907 ; -2.82366
8.11357 ; 7.05718 ; -4.79797 ; -2.78915
6.93619 ; 3.03559 ; -1.83764 ; 1.99813
4.40145 ; 6.84419 ; 3.77465 ; -2.18974
2.94717 ; 4.31093 ; 1.11212 ; -1.30849
4.10794 ; 2.88671 ; 3.9905 ; 5.69073
7.35399 ; 7.08533 ; -6.4195 ; -5.71377
8.05507 ; 3.36373 ; -1.61732 ; -0.375273
4.217 ; 3.43562 ; 6.9946 ; 5.7682
3.40031 ; 4.39421 ; 5.94719 ; -3.02412
5.50451 ; 7.78449 ; 1.13878 ; -3.65546
7.01627 ; 4.38515 ; 0.109426 ; 1.05697
3.90443 ; 2.61482 ; 3.63379 ; 1.32841
3.96445 ; 7.2843 ; 4.58765 ; -6.18439
6.18546 ; 7.14103 ; -2.65231 ; 1.31846
3.73116 ; 3.32076 ; 6.6583 ; 4.02528
4.88191 ; 7.58474 ; 2.12782 ; -5.46442
3.00823 ; 4.22999 ; 2.90824 ; 0.0488818
7.72711 ; 7.47836 ; -3.18537 ; -0.219684
6.94568 ; 3.56296 ; -6.62902 ; 6.36077
7.47977 ; 3.41731 ; -6.4798 ; 5.01338
6.8926 ; 6.26585 ; -6.56766 ; -6.86115
7.60269 ; 7.14005 ; -4.8795 ; -4.84158
2.96164 ; 6.01481 ; 1.71802 ; 1.13025
4.21494 ; 3.61218 ; 3.26826 ; 0.0671656
4.54852 ; 5.18361 ; 1.10112 ; 1.52227
7.68794 ; 3.27088 ; -4.61705 ; 0.103675
8.02538 ; 7.00896 ; -4.90316 ; -2.41308
7.53903 ; 3.98723 ; -6.5181 ; 4.83093
4.52388 ; 6.44927 ; 6.25438 ; -6.71085
5.90429 ; 7.74316 ; 0.38845 ; -2.99979
7.38136 ; 6.94602 ; -4.31139 ; -3.70202
6.09636 ; 7.33659 ; -1.91612 ; -5.07356
7.74264 ; 5.60983 ; 0.753236 ; 2.50477
7.30467 ; 7.76956 ; 0.249609 ; -3.82964
4.71584 ; 3.95677 ; -0.103177 ; -2.6482
4.07366 ; 6.70681 ; 2.73206 ; 1.1895
7.02916 ; 7.39249 ; -0.0870931 ; -6.47591
6.02713 ; 2.81985 ; -2.93926 ; 5.26715
3.7342 ; 2.8357 ; -0.958024 ; 5.28256
8.1073 ; 3.14341 ; -0.447065 ; 1.36696
4.4279 ; 6.14798 ; 6.6408 ; -6.59246
6.40462 ; 5.8108 ; -3.06342 ; 0.926263
5.4021 ; 7.5668 ; -2.54552 ; -0.421051
8.11637 ; 7.54176 ; -3.10164 ; -3.85824
4.21448 ; 3.54752 ; 6.30946 ; 6.4564
7.06061 ; 3.67946 ; -3.78045 ; 3.38605
7.08037 ; 3.02392 ; 2.07268 ; 2.15911
8.07689 ; 2.68777 ; -3.02973 ; 4.24608
4.39328 ; 2.95302 ; 2.31944 ; 2.53422
6.4667 ; 7.25078 ; 1.25691 ; -6.77331
2.99976 ; 6.38814 ; 1.43936 ; 0.219778
3.7614 ; 3.09502 ; 0.501976 ; -1.39456
3.97482 ; 5.55913 ; 6.62472 ; -5.77922
4.11674 ; 7.11593 ; 0.0585232 ; -1.37221
3.76938 ; 6.72003 ; 6.94162 ; -1.90687
3.68415 ; 3.91088 ; 6.14679 ; 6.00517
3.55768 ; 2.79481 ; 0.515815 ; 0.0644723
3.38767 ; 6.38786 ; 2.42725 ; 1.57227
6.60015 ; 2.78408 ; -2.75313 ; 5.36757
2.95499 ; 3.64747 ; 3.32109 ; -1.29298
3.09569 ; 5.4912 ; 3.64266 ; 0.264858
7.22232 ; 6.95121 ; -6.06369 ; -6.56492
8.07045 ; 6.01344 ; -4.43004 ; 0.204388
6.27952 ; 7.33638 ; -3.4024 ; -1.84162
3.22627 ; 3.38727 ; 2.74977 ; 4.34265
7.98898 ; 4.76311 ; -5.24727 ; 4.32562
5.56841 ; 3.30619 ; 2.57292 ; 0.0218126
4.3125 ; 7.53256 ; 3.2082 ; -3.35586
5.4068 ; 3.54379 ; 0.232818 ; 1.03768
3.0608 ; 3.80913 ; 1.04872 ; 0.757027
7.90926 ; 3.00803 ; -3.48104 ; 5.6597
7.70493 ; 6.5818 ; -3.69081 ; -3.9457
6.21791 ; 2.59041 ; -0.354423 ; 4.74556
3.89387 ; 3.47278 ; 2.42016 ; 6.9176
6.95692 ; 5.16047 ; 0.480848 ; -3.74742
6.72149 ; 2.73184 ; 2.23752 ; 5.12383
3.10546 ; 7.25917 ; 2.20388 ; -1.33418
7.16853 ; 3.013 ; -6.00235 ; 4.72903
3.17785 ; 7.26664 ; 2.59917 ; -3.80706
5.60221 ; 6.16161 ; 3.99251 ; -2.82973
4.07022 ; 7.39816 ; 6.10322 ; -4.7136
6.74223 ; 4.91548 ; -2.92382 ; -3.78077
3.86761 ; 4.08144 ; -1.88118 ; 2.95261
7.49028 ; 3.58092 ; -4.85639 ; 6.89343
4.28348 ; 6.3661 ; 6.74474 ; -6.81605
7.35734 ; 3.79249 ; -6.23609 ; 6.19579
5.15206 ; 3.08574 ; 1.01699 ; -0.42135
3.57919 ; 5.73507 ; -1.05327 ; 1.73209
7.73141 ; 3.18681 ; -6.39858 ; -0.598386
7.77931 ; 6.4074 ; -5.80318 ; -3.61071
3.87665 ; 7.17529 ; 6.42281 ; -5.53727
4.5044 ; 2.74435 ; -1.42808 ; 2.37786
4.49117 ; 6.66493 ; -2.46051 ; -1.85225
3.99249 ; 6.95475 ; 6.39532 ; -6.54098
4.28031 ; 6.2884 ; 6.46938 ; -6.82126
3.65158 ; 6.86867 ; 3.21715 ; -7.14813
3.89123 ; 3.10481 ; 3.69286 ; 6.2472
6.04964 ; 2.56486 ; -1.47497 ; 3.48558
8.29053 ; 6.00703 ; -2.81511 ; -1.13191
3.52415 ; 2.82683 ; 6.28158 ; 1.33646
7.42638 ; 4.6805 ; 1.71091 ; -0.286562
6.08595 ; 3.07212 ; 2.59615 ; 6.33117
3.41774 ; 3.30278 ; 6.47844 ; -0.787178
3.89113 ; 3.31112 ; 6.89512 ; 5.92516
7.68843 ; 3.1059 ; -6.28724 ; 3.31419
8.10797 ; 2.71891 ; -1.7894 ; 2.72661
7.79943 ; 3.38983 ; -3.85703 ; 2.86569
7.78854 ; 7.35704 ; -6.48621 ; -3.19499
3.19615 ; 4.93223 ; 5.76086 ; 2.65305
3.35705 ; 6.73786 ; -0.811073 ; 0.943978
7.36058 ; 3.03931 ; 0.780728 ; 6.41472
7.22363 ; 7.02545 ; -7.02582 ; -3.30356
3.52905 ; 7.53561 ; 1.07267 ; -5.14518
8.02418 ; 6.64584 ; -4.06504 ; 0.255826
7.05889 ; 3.40634 ; -5.61255 ; 6.12674
3.23432 ; 4.4349 ; 5.19442 ; -3.45595
7.88713 ; 5.44302 ; -5.03182 ; -4.07107
7.03439 ; 2.92281 ; -3.52196 ; 1.90777
6.30179 ; 4.92125 ; 2.26184 ; 0.737096
7.55873 ; 3.88775 ; -3.1926 ; 1.46868
7.5777 ; 3.23051 ; -4.62969 ; 5.7486
7.89975 ; 5.82443 ; -3.94103 ; -1.76435
5.54928 ; 2.74968 ; -1.85293 ; -0.698488
3.92341 ; 6.97742 ; 6.89483 ; -6.0203
3.32317 ; 2.82969 ; 5.72775 ; 3.45741
7.06717 ; 3.55525 ; -1.02969 ; 3.05358
5.43151 ; 3.25617 ; 4.64562 ; 6.22677
5.59599 ; 2.4983 ; -3.365 ; 2.90137
4.28545 ; 7.45709 ; -2.10044 ; -5.54255
8.14437 ; 4.09996 ; -5.24406 ; 0.0297408
6.75445 ; 2.52613 ; 1.80265 ; 1.96318
7.87522 ; 3.59552 ; -5.73792 ; 1.61799
5.73185 ; 6.08439 ; -3.6038 ; 1.04288
8.05382 ; 6.93929 ; -1.57973 ; 1.09923
8.01987 ; 3.80967 ; -2.68027 ; 3.43356
7.98995 ; 5.85272 ; -1.70773 ; 0.728181
6.8203 ; 7.35736 ; 1.08075 ; -6.31861
4.49417 ; 6.23982 ; 6.09866 ; -6.88291
6.48945 ; 2.52511 ; -1.60496 ; 2.54204
5.90854 ; 5.7185 ; 3.41587 ; -1.81523
3.56967 ; 3.14634 ; 5.11264 ; 6.34941
6.61599 ; 7.78098 ; -3.7687 ; -2.15369
3.64473 ; 6.80348 ; 6.7814 ; -3.71408
6.19712 ; 4.33648 ; -1.81104 ; -0.959981
7.61059 ; 7.76247 ; -0.0484235 ; -4.52504
3.38033 ; 4.4384 ; 6.06782 ; 3.09107
3.80996 ; 2.65135 ; 5.30184 ; 1.49315
5.0359 ; 3.01979 ; 4.6037 ; 4.40655
4.42844 ; 5.89395 ; -1.74311 ; 2.31133
3.30174 ; 6.88147 ; 2.07954 ; 0.0699879
4.09021 ; 3.17501 ; 4.47031 ; 5.80744
6.75388 ; 3.51548 ; -5.78845 ; 6.46054
5.47928 ; 7.73716 ; -0.183442 ; -1.82996
7.70852 ; 7.6215 ; -3.58325 ; -3.88432
3.68824 ; 6.90418 ; 5.1507 ; -6.52798
7.00966 ; 6.28209 ; -6.53521 ; -6.87915
3.38906 ; 7.37656 ; 0.656483 ; -0.0954422
4.15527 ; 3.04444 ; 1.77936 ; 6.35781
7.01706 ; 2.84979 ; -3.75869 ; -0.347176
5.51311 ; 2.67546 ; -2.08363 ; 3.39547
5.92869 ; 7.61948 ; 0.617079 ; -3.44572
3.29346 ; 6.23494 ; 3.85307 ; -3.28038
7.92835 ; 3.16764 ; -5.9662 ; 1.59983
3.39605 ; 5.9042 ; -0.350809 ; -3.18404
3.19461 ; 4.01216 ; 0.329695 ; 3.49485
7.56932 ; 2.81921 ; -3.12245 ; 5.46873
4.75827 ; 4.00745 ; -0.520655 ; 0.602459
7.5346 ; 3.31697 ; 1.72711 ; -0.807968
3.31713 ; 5.75268 ; 5.45166 ; 2.60161
3.58465 ; 7.61119 ; 2.67872 ; -3.28269
4.10255 ; 7.47831 ; 2.47247 ; -3.29854
8.29162 ; 4.82879 ; -3.18678 ; 1.29823
3.90097 ; 5.89234 ; -2.26098 ; -3.74281
6.23874 ; 2.67812 ; -0.649902 ; 2.00896
3.72819 ; 6.86381 ; 6.2144 ; -5.67294
3.43843 ; 7.12478 ; 1.65492 ; 1.04061
5.41748 ; 2.51933 ; -1.60193 ; 1.341
7.55794 ; 3.30178 ; -6.74218 ; 3.54916
6.3824 ; 2.56445 ; -2.731 ; 1.43503
8.01088 ; 3.24292 ; -2.14934 ; 3.50211
3.2008 ; 3.78941 ; 5.04202 ; 1.46939
7.9163 ; 2.8462 ; -2.05155 ; 3.3821
3.26208 ; 7.14718 ; 0.679674 ; -3.27132
5.83632 ; 7.73056 ; 1.5601 ; -3.59421
3.45492 ; 7.1579 ; 4.65991 ; -6.15556
7.79179 ; 6.20716 ; -1.19528 ; -3.69363
4.79327 ; 5.05648 ; -2.72612 ; 2.75435
4.45847 ; 5.61175 ; 1.41205 ; 1.7932
7.91732 ; 7.60062 ; -3.06903 ; -1.05784
3.83399 ; 6.61059 ; 6.99508 ; -2.71306
8.07614 ; 6.82299 ; -3.88625 ; -4.83299
4.27908 ; 4.50338 ; 3.08739 ; 0.925671
5.39622 ; 2.8924 ; 0.66608 ; 2.6239
7.77443 ; 2.94053 ; -6.52642 ; 2.23732
4.49195 ; 7.22095 ; 2.94405 ; -6.78131
3.53923 ; 3.20943 ; 5.75615 ; 4.74129
6.42767 ; 3.02394 ; -3.46295 ; 2.10498
3.70457 ; 3.60101 ; -1.07903 ; -0.416887
3.46773 ; 7.56731 ; 1.66776 ; -4.61197
6.43274 ; 3.28794 ; -2.49149 ; 1.16022
7.63027 ; 6.99757 ; -3.81646 ; -5.12947
6.74292 ; 7.40523 ; 0.542021 ; -1.64598
3.37983 ; 3.00749 ; 5.62799 ; 1.79945
5.11058 ; 3.32844 ; 3.86959 ; 6.58846
4.13858 ; 7.14488 ; 3.16689 ; -6.87146
4.79926 ; 5.17721 ; 3.0143 ; 2.45779
6.97767 ; 7.38653 ; -0.0142328 ; -2.33085
7.97176 ; 6.01597 ; -4.65364 ; -5.09648
3.03165 ; 3.0217 ; 1.86692 ; 0.822777
4.06998 ; 6.63039 ; 6.7782 ; -6.54817
8.12093 ; 7.05723 ; -3.64163 ; -4.45133
7.62574 ; 7.15136 ; -3.5308 ; -6.87113
6.74434 ; 6.48297 ; -0.953126 ; 2.04441
7.89172 ; 2.98558 ; -4.68371 ; 2.02164
6.37775 ; 7.78252 ; 2.37467 ; -0.558314
7.74604 ; 3.32191 ; -5.13425 ; 6.23581
7.47422 ; 3.17426 ; -3.73505 ; 6.58039
3.37047 ; 4.81178 ; 2.66541 ; 0.907356
7.97549 ; 6.82835 ; -2.53603 ; -3.48071
3.60981 ; 6.11547 ; 5.93274 ; -6.16617
3.80693 ; 7.10837 ; 5.48533 ; -6.67857
7.86427 ; 2.97956 ; -4.46101 ; 4.77698
3.26645 ; 6.81616 ; 6.02049 ; -0.928926
3.63055 ; 6.92336 ; 6.10186 ; -6.16833
3.43324 ; 6.46749 ; 5.60567 ; -3.71941
3.35994 ; 3.35595 ; -0.818731 ; 2.56143
3.84233 ; 6.89742 ; 6.93074 ; -4.60531
5.14706 ; 2.69925 ; -2.24466 ; 0.682952
5.19508 ; 5.95966 ; 2.33602 ; 1.69675
5.10599 ; 3.80107 ; 2.9115 ; 1.1592
3.29615 ; 3.01204 ; 4.90018 ; 4.63703
7.8852 ; 2.94617 ; -5.21 ; 5.24321
3.96612 ; 3.25343 ; 4.83477 ; 3.37696
7.10255 ; 2.95778 ; -4.08285 ; 4.93295
8.0198 ; 6.42778 ; -4.52208 ; -1.33867
3.82761 ; 3.16501 ; 4.33473 ; 6.43962
6.0497 ; 3.62283 ; 3.04363 ; 0.196214
6.10915 ; 5.24421 ; 1.4258 ; 3.21556
4.15439 ; 4.80838 ; 2.54838 ; -0.275709
3.60549 ; 2.82594 ; 1.14227 ; 1.53372
6.81607 ; 7.22544 ; 1.16929 ; 1.30348
3.90499 ; 6.9227 ; 6.29117 ; -5.859
4.87052 ; 3.133 ; 1.9351 ; -0.0273112
3.57505 ; 2.87901 ; 4.03181 ; 4.75801
6.21687 ; 2.50866 ; 2.51944 ; 3.11729
4.56307 ; 2.65158 ; 0.201978 ; 0.0355107
3.36524 ; 6.72274 ; 5.08622 ; -4.39649
4.58241 ; 6.53591 ; 2.79208 ; 0.826787
3.55389 ; 5.23972 ; 5.92182 ; -5.01487
4.70391 ; 5.94961 ; 6.47834 ; -6.70739
8.15931 ; 3.07381 ; -4.06236 ; 3.05034
3.47654 ; 4.60342 ; 0.541528 ; 0.102297
3.9546 ; 3.30909 ; 3.25486 ; 6.76137
7.86105 ; 2.61779 ; -1.37779 ; 4.12757
3.44764 ; 2.63781 ; 1.14204 ; 3.84457
7.2099 ; 2.64671 ; -1.52884 ; 2.17504
3.1373 ; 6.65303 ; 2.36893 ; -5.43888
4.20221 ; 7.26547 ; 0.240794 ; -3.5482
3.99679 ; 3.32527 ; 4.50878 ; 3.03367
8.22446 ; 6.6545 ; -4.49447 ; -0.728843
7.73798 ; 7.50218 ; -4.52825 ; -3.60093
6.06159 ; 2.99724 ; -1.48469 ; 6.29307
3.11525 ; 3.31446 ; 4.90121 ; 0.27207
4.0508 ; 7.77873 ; 0.510585 ; -4.54351
6.41157 ; 3.88804 ; -2.72965 ; -3.11136
7.75803 ; 7.63138 ; -2.19965 ; -2.70138
5.42797 ; 2.67588 ; 2.45158 ; 3.47887
8.1124 ; 5.56867 ; -4.46744 ; 2.42393
3.79066 ; 7.1199 ; 6.16132 ; -5.03801
7.89854 ; 7.00373 ; -6.22446 ; -1.18772
6.14135 ; 7.48627 ; 0.0613405 ; 0.0225988
6.82003 ; 2.95642 ; 2.31032 ; 5.61382
7.51819 ; 2.77343 ; -4.74102 ; 1.65834
3.82434 ; 3.38719 ; 6.09396 ; 6.46101
3.60675 ; 3.64237 ; 5.20751 ; 6.76758
7.37833 ; 6.46861 ; -6.26189 ; -6.73075
7.63276 ; 6.46162 ; -6.71165 ; 1.10839
7.09721 ; 6.7654 ; -4.29884 ; -7.03463
6.5374 ; 3.97399 ; -6.3877 ; 6.56475
3.3875 ; 2.88014 ; 0.894235 ; 5.52193
8.03683 ; 3.16932 ; -1.99385 ; 5.21474
3.53831 ; 7.46431 ; 3.53617 ; -3.42014
3.292 ; 2.56219 ; 0.60569 ; 1.45797
7.75955 ; 7.43984 ; -5.53408 ; -3.31011
5.96479 ; 7.12319 ; -3.72971 ; -3.16394
3.26653 ; 6.32541 ; 0.523656 ; -1.75889
4.71537 ; 6.52855 ; -2.25034 ; 2.38042
5.69118 ; 5.72683 ; 2.1552 ; -1.01169
6.37296 ; 6.0708 ; -6.61945 ; -6.5844
6.74949 ; 6.95129 ; 3.08225 ; -2.33494
3.53659 ; 5.08046 ; 3.99684 ; 2.87688
3.51443 ; 7.51128 ; 1.00788 ; -5.64802
3.65627 ; 3.46211 ; 1.66682 ; 2.92996
8.14651 ; 5.76004 ; -4.83536 ; -3.1975
5.30108 ; 7.14315 ; 2.35266 ; -6.84217
7.77741 ; 6.83344 ; -4.69441 ; -6.59803
3.72432 ; 6.51661 ; 6.13541 ; -6.0697
7.75946 ; 3.46202 ; -5.12126 ; -2.07567
7.43033 ; 7.29895 ; -0.639465 ; -6.66567
3.89309 ; 3.27966 ; -0.851782 ; 0.636632
7.85427 ; 5.0027 ; -1.35322 ; -1.82009
3.25753 ; 4.97186 ; -0.425148 ; -3.38388
8.08718 ; 6.92189 ; -4.07753 ; -2.03381
8.03812 ; 3.53422 ; -2.39018 ; 4.22723
7.56026 ; 2.85166 ; -2.72646 ; 1.07925
4.34538 ; 2.78703 ; 3.14015 ; 0.105797
7.9983 ; 2.91179 ; -3.6149 ; 4.89156
7.5479 ; 7.06916 ; -2.37684 ; -2.59338
7.09686 ; 6.52283 ; -6.93565 ; -5.11023
3.87173 ; 2.52357 ; 1.27574 ; 3.69106
6.85737 ; 6.70223 ; -6.12246 ; -6.78032
4.43498 ; 4.4035 ; -0.125924 ; 1.8418
7.86312 ; 6.72287 ; -2.16011 ; -3.45238
7.65693 ; 6.17899 ; -3.15554 ; -1.43911
5.87953 ; 7.31415 ; -3.84662 ; -2.56718
4.23426 ; 7.59052 ; -0.421978 ; -5.99608
7.26868 ; 6.59396 ; -6.79893 ; -5.8407
8.04487 ; 5.46281 ; -5.51281 ; 2.05856
7.83401 ; 3.7489 ; -5.2644 ; 3.98077
7.77516 ; 3.05597 ; -5.60023 ; 3.15357
6.02677 ; 4.62252 ; -1.18483 ; -1.44632
7.71346 ; 5.18387 ; 0.314272 ; 2.78162
7.72112 ; 7.56735 ; -3.04678 ; -5.09352
6.96121 ; 4.43492 ; 1.63159 ; 0.171162
4.27608 ; 7.09806 ; 3.73044 ; -0.885241
8.15372 ; 5.65494 ; -0.480165 ; -3.54421
4.48631 ; 6.50311 ; 5.72923 ; -6.95344
3.58383 ; 2.63734 ; 1.27717 ; 2.65931
3.3953 ; 3.00074 ; 6.62484 ; 1.80646
7.1678 ; 2.5621 ; -3.0397 ; 1.27457
6.65208 ; 4.16308 ; 3.01577 ; -2.20505
7.40549 ; 2.70311 ; -0.184764 ; 5.11555
3.15057 ; 3.52216 ; 0.941999 ; -0.767331
7.47822 ; 6.90305 ; -6.63651 ; -5.82812
8.09094 ; 2.87077 ; -4.03144 ; 0.802626
7.30071 ; 7.60914 ; -3.12493 ; -4.57083
7.40374 ; 7.20287 ; -5.64211 ; -6.41764
5.18249 ; 5.28771 ; 1.08436 ; 2.64334
4.03085 ; 7.28678 ; 6.17319 ; -4.61365
3.4822 ; 3.59952 ; 3.4502 ; 3.96929
5.14267 ; 7.65734 ; -0.944286 ; -1.15156
7.11126 ; 6.42458 ; -6.5766 ; -6.68431
6.5135 ; 5.61362 ; -3.65547 ; -2.38325
4.93192 ; 3.07141 ; -2.63119 ; 1.05838
7.83614 ; 3.51127 ; -4.3251 ; 6.30908
3.2712 ; 7.07318 ; 1.32119 ; -4.36489
3.80025 ; 6.7347 ; 5.71384 ; -6.98694
7.3381 ; 4.3597 ; 1.55477 ; 2.79674
5.05562 ; 6.4398 ; 3.89782 ; -0.600417
7.67889 ; 7.42714 ; -0.743562 ; -0.133069
7.77874 ; 7.3143 ; -1.87455 ; -6.1273
4.39426 ; 5.92877 ; 6.62387 ; -6.65193
4.50163 ; 4.13297 ; 6.72512 ; 6.61338
6.85968 ; 2.8714 ; -5.2481 ; 4.96723
6.35733 ; 2.86014 ; -3.74478 ; 5.08685
3.14235 ; 3.95296 ; 2.1738 ; 1.49502
3.73571 ; 2.86568 ; 5.51108 ; 4.47673
4.03288 ; 6.8104 ; 6.79002 ; -6.43289
5.10018 ; 3.04198 ; -2.30275 ; -0.68148
7.82581 ; 7.01019 ; -6.08791 ; -3.87234
5.29762 ; 2.91879 ; 1.10464 ; 4.13495
6.92258 ; 6.42442 ; -6.6214 ; -6.8228
7.7208 ; 7.75388 ; -1.13041 ; -4.45064
6.04777 ; 7.75951 ; -1.09963 ; -4.31746
7.84102 ; 3.43469 ; -5.69936 ; 4.01572
2.95268 ; 3.80244 ; 1.05122 ; 0.232685
3.7984 ; 3.24992 ; 3.09194 ; 6.64039
3.87157 ; 6.68648 ; 5.1803 ; -7.01369
3.42303 ; 2.84405 ; 6.26719 ; 3.34353
7.85737 ; 4.78095 ; -5.14217 ; 3.54973
7.56505 ; 4.06752 ; -1.87573 ; 2.6355
3.2502 ; 3.71906 ; 4.11434 ; 0.555596
7.98604 ; 7.59733 ; -0.861383 ; -3.42135
6.53617 ; 7.5757 ; -3.86236 ; -3.60856
8.21255 ; 7.2506 ; -3.63697 ; -0.829452
4.77653 ; 7.66296 ; 0.328921 ; -3.20104
3.00736 ; 3.91639 ; 2.21652 ; 0.708853
7.26005 ; 2.89481 ; -3.51342 ; -0.235127
6.58762 ; 2.79116 ; -0.13608 ; 3.29214
6.52927 ; 6.11986 ; -1.7612 ; -0.351354
6.33268 ; 2.83015 ; -0.121144 ; 0.0803814
5.75563 ; 7.43675 ; 2.80278 ; -5.33006
8.29939 ; 5.11704 ; -2.47773 ; -0.368668
6.13786 ; 7.68977 ; 2.54215 ; -5.36528
3.08669 ; 4.12646 ; 0.254301 ; -2.49894
