5.09729 ; 7.20706 ; 2.77255 ; 0.992089
3.56187 ; 4.36296 ; 5.43889 ; -2.06198
3.89308 ; 5.41574 ; 4.70157 ; -1.49401
6.17811 ; 6.05065 ; -6.09612 ; -6.43254
6.32133 ; 5.59495 ; 0.970769 ; 3.57056
6.55639 ; 5.6073 ; -6.33044 ; -6.15084
5.39084 ; 5.08742 ; 3.40644 ; 1.65337
5.53793 ; 3.61184 ; 2.70399 ; -2.57968
3.217 ; 5.04442 ; 2.52023 ; -3.59992
3.73129 ; 3.45715 ; 5.31157 ; 5.66735
3.61597 ; 6.45414 ; 5.11487 ; 1.22423
3.99949 ; 5.16473 ; -1.09247 ; 3.00355
7.99713 ; 6.95539 ; -3.46476 ; -0.835664
7.82927 ; 6.16926 ; -0.571716 ; -4.72862
3.6222 ; 6.62498 ; 0.850829 ; -2.1068
3.73917 ; 3.24915 ; -0.298172 ; 4.702
7.43815 ; 7.10662 ; -4.32986 ; -2.14137
4.18931 ; 3.53342 ; 6.75942 ; 2.47522
6.02236 ; 5.74716 ; 1.23181 ; 0.566591
7.6333 ; 4.27308 ; -0.203005 ; 2.50976
4.70768 ; 4.19759 ; 6.19637 ; 6.2813
6.65748 ; 3.76092 ; -6.62878 ; 5.59858
4.57406 ; 3.37727 ; 3.40026 ; 6.22537
3.72396 ; 4.76623 ; -1.60543 ; 2.50892
7.24577 ; 3.05208 ; -2.11297 ; 5.44157
3.31119 ; 4.31463 ; 2.25619 ; -2.43784
6.70622 ; 5.80026 ; 0.577605 ; -3.98405
7.18081 ; 5.2372 ; 2.23861 ; -1.76176
6.12806 ; 5.58726 ; -6.31329 ; -6.33689
4.57132 ; 7.27658 ; -0.766171 ; 0.58732
3.47135 ; 4.69285 ; 4.98896 ; 2.37898
6.19984 ; 7.27258 ; 1.53014 ; -4.91787
3.53543 ; 3.35185 ; 4.8569 ; 4.54282
4.42026 ; 3.69052 ; 6.73357 ; -0.00701493
8.01436 ; 7.1131 ; -3.59555 ; -2.57911
3.92018 ; 6.8387 ; 5.87959 ; -6.02681
7.37046 ; 7.48209 ; -1.38123 ; -2.79329
7.33293 ; 7.06882 ; -3.5284 ; -5.74253
7.33483 ; 3.69757 ; -4.5477 ; 6.55141
8.11528 ; 3.59223 ; -1.78067 ; -0.941064
5.66747 ; 3.67004 ; -1.39519 ; -2.21999
6.13862 ; 3.8472 ; -1.84606 ; 6.55504
4.17811 ; 4.52447 ; -1.92775 ; -2.7145
5.49479 ; 7.07489 ; -2.58198 ; -4.03186
7.36535 ; 5.83858 ; -6.20693 ; 1.27347
6.55241 ; 6.77118 ; -2.33329 ; -4.46064
4.72554 ; 6.38661 ; 6.65523 ; -5.57248
7.38059 ; 5.40902 ; -4.62825 ; -1.60281
7.85766 ; 6.46953 ; -3.48742 ; -1.33733
4.62514 ; 5.79957 ; 6.44539 ; -6.35298
7.56242 ; 7.36459 ; -3.8702 ; -4.44171
4.74357 ; 6.04815 ; 6.46265 ; -6.53355
7.01783 ; 6.87897 ; -5.18056 ; -5.76934
6.73604 ; 4.05334 ; -6.50643 ; 5.39469
6.74496 ; 6.78897 ; 0.86817 ; -0.310766
7.68906 ; 5.69246 ; -4.45376 ; 2.91689
3.93706 ; 5.2347 ; 6.50372 ; -3.51609
7.65235 ; 3.77066 ; -4.53841 ; 5.7009
4.15826 ; 6.07934 ; 6.48271 ; -5.85706
3.58237 ; 3.09558 ; 4.92821 ; 5.20554
7.66416 ; 5.12723 ; 1.0851 ; -2.98461
6.68012 ; 6.48557 ; -5.61236 ; -6.00781
7.42399 ; 3.65867 ; -4.70204 ; 6.44331
3.25305 ; 5.97138 ; 2.00855 ; -3.04894
5.05707 ; 4.85627 ; 6.27417 ; 6.20071
7.30232 ; 3.98495 ; -1.06276 ; 6.62718
3.64225 ; 7.03185 ; 5.84443 ; -3.88742
4.60066 ; 6.61487 ; 2.96266 ; -6.63437
7.65572 ; 7.03914 ; -3.89657 ; -6.3518
7.49106 ; 6.23026 ; -6.18932 ; 0.526373
3.23372 ; 6.09471 ; 1.67061 ; -3.22833
7.41625 ; 7.48858 ; -0.176171 ; -4.58628
4.00884 ; 6.78839 ; 5.57435 ; -6.38597
7.81124 ; 6.86847 ; -1.101 ; 0.438749
7.64668 ; 4.04777 ; -5.54187 ; 1.3117
4.64216 ; 4.04407 ; 5.55335 ; 6.53311
4.10817 ; 7.00828 ; 6.40364 ; -3.66159
3.45375 ; 6.21524 ; 4.7754 ; -2.30587
5.52901 ; 7.08243 ; 1.97345 ; -6.15293
5.69261 ; 2.76847 ; 2.6024 ; 3.89532
4.14814 ; 6.42146 ; 6.6588 ; -0.0768566
4.13924 ; 4.39322 ; 4.84608 ; 4.71304
7.73254 ; 4.13618 ; -4.56806 ; 3.14414
7.35792 ; 6.70138 ; -5.70961 ; -6.44381
4.06801 ; 3.79853 ; 6.41432 ; 4.06815
4.05278 ; 7.36296 ; 0.76054 ; -4.39216
3.34884 ; 4.34963 ; 4.43581 ; 4.1687
4.5416 ; 4.81615 ; 1.89346 ; 0.983222
3.47831 ; 6.4243 ; 3.09115 ; 1.49605
6.73537 ; 4.14061 ; -6.04956 ; 5.7126
7.5011 ; 3.96503 ; -4.77461 ; 6.42216
5.69759 ; 7.45685 ; -0.43701 ; -2.47271
5.32696 ; 6.26773 ; 2.54308 ; -2.78173
6.13626 ; 6.71051 ; 2.77099 ; -6.61523
4.31631 ; 5.1045 ; -1.07745 ; -4.05126
4.60513 ; 4.22451 ; 6.52495 ; 5.66851
8.11634 ; 3.06167 ; -1.9723 ; 0.210643
7.30395 ; 4.33688 ; -3.49294 ; -1.60957
3.79987 ; 6.70463 ; 0.0532908 ; -5.95783
4.75343 ; 3.59768 ; 5.11971 ; 4.45819
7.18167 ; 4.11459 ; -5.98712 ; 6.06605
3.72589 ; 6.42464 ; 5.22427 ; -6.1164
4.73545 ; 5.36496 ; 0.411629 ; -1.93597
3.36862 ; 3.88062 ; 5.28414 ; 0.0427384
7.71708 ; 2.94092 ; -5.04682 ; 1.17615
7.1277 ; 6.29441 ; -5.47054 ; -6.79402
4.69887 ; 6.0277 ; 0.952782 ; 1.65693
6.22497 ; 2.85383 ; -4.26588 ; 3.18688
5.75176 ; 2.87093 ; 1.07497 ; 2.19905
3.90606 ; 2.90672 ; 5.7751 ; 1.42471
3.30734 ; 5.0177 ; 4.45324 ; 0.378756
7.5517 ; 2.95659 ; -0.907608 ; 3.29418
4.24057 ; 3.12336 ; 6.64252 ; 3.70244
5.10355 ; 7.47678 ; 2.44353 ; -4.74758
7.55158 ; 3.50114 ; -0.0619405 ; 5.475
3.57446 ; 3.00774 ; 5.25312 ; 4.10278
4.08688 ; 6.4668 ; 5.77489 ; -6.70665
6.04676 ; 7.59258 ; -3.51515 ; -3.29324
4.92167 ; 3.08686 ; 3.17129 ; -1.55864
7.01559 ; 3.01719 ; -5.71048 ; 2.51644
4.04949 ; 3.69127 ; 3.59251 ; 6.59388
8.01642 ; 3.35604 ; -2.19835 ; 2.40451
3.7671 ; 3.12642 ; -0.766225 ; 1.17299
6.85746 ; 6.60519 ; -0.0123296 ; 2.23834
7.87476 ; 2.77567 ; -2.03947 ; 1.1101
6.57222 ; 3.72353 ; -3.7467 ; -0.324894
5.6016 ; 3.92525 ; 2.4516 ; 3.23449
6.44669 ; 6.02254 ; -6.3782 ; -6.56978
7.83219 ; 3.98574 ; -5.36092 ; -2.27427
7.68692 ; 5.30752 ; -3.96684 ; 2.68441
3.93453 ; 6.01779 ; 6.33188 ; -5.03292
5.60755 ; 2.8924 ; 3.25975 ; -0.0997738
7.20667 ; 4.2153 ; -6.03353 ; 5.93613
5.21468 ; 3.04615 ; -3.18794 ; 5.24676
3.85265 ; 5.3102 ; 1.67051 ; -2.38649
3.90701 ; 7.61073 ; 0.241183 ; -3.73596
7.24668 ; 3.43559 ; -6.31078 ; 5.39049
4.15606 ; 3.62968 ; 3.53158 ; 6.475
4.23979 ; 3.45367 ; 4.94751 ; 6.14767
5.77398 ; 3.48854 ; 4.61213 ; 5.53812
3.98146 ; 7.29114 ; 5.25743 ; -3.33614
5.97604 ; 3.73784 ; 3.84358 ; 6.39464
3.41808 ; 2.89421 ; 2.32119 ; 4.15288
5.40416 ; 2.94939 ; 2.1559 ; 0.269077
5.34827 ; 7.091 ; 3.8534 ; -5.90634
4.24073 ; 6.05744 ; 6.69716 ; -0.155354
7.20258 ; 3.49099 ; -0.777998 ; 6.18839
7.31491 ; 3.05221 ; -5.83064 ; 4.42769
7.12172 ; 4.62372 ; -6.43692 ; -3.6877
6.09966 ; 6.05751 ; -6.38833 ; -6.27467
7.63909 ; 7.58475 ; -1.7667 ; -2.6244
4.6955 ; 7.57735 ; 1.9935 ; -1.28087
6.51597 ; 5.63129 ; -6.30985 ; -6.36399
4.22584 ; 5.56943 ; -0.655687 ; 0.00201973
4.14374 ; 3.61602 ; 6.20391 ; 4.8246
5.19503 ; 3.47283 ; 4.18296 ; 3.44563
5.1828 ; 4.73795 ; -2.04115 ; -1.12244
3.92962 ; 7.15611 ; 2.83754 ; -3.39149
4.83741 ; 6.19918 ; 6.59192 ; -5.3068
7.0607 ; 7.34168 ; -5.96498 ; -3.39509
4.33527 ; 4.20991 ; 5.89692 ; 6.56414
7.77941 ; 4.30144 ; -5.53957 ; -0.434035
5.4207 ; 7.11463 ; 2.85838 ; -0.0284906
3.522 ; 3.05978 ; 4.04762 ; 5.36744
4.00319 ; 3.42238 ; 2.50681 ; 5.73871
7.25753 ; 4.9552 ; 0.629253 ; 0.811554
4.83033 ; 3.0271 ; -2.63614 ; -1.51838
7.3109 ; 3.88575 ; -3.45888 ; 6.65614
5.73139 ; 6.24979 ; 3.40616 ; 2.9776
3.96038 ; 4.27775 ; -2.0794 ; -2.63035
4.20869 ; 3.41397 ; -1.36416 ; 6.18726
4.54525 ; 4.1777 ; 6.55013 ; 6.13803
3.97004 ; 6.78741 ; 2.90417 ; -5.37547
3.90762 ; 6.33517 ; 1.84277 ; -1.15609
4.48667 ; 3.87112 ; 4.52447 ; 4.84255
6.48387 ; 7.0249 ; -0.95139 ; -3.08993
7.56516 ; 7.38573 ; -1.84463 ; -5.40974
6.72617 ; 3.79838 ; -6.37022 ; 5.75566
7.86488 ; 5.33863 ; -2.35659 ; -1.61796
6.70052 ; 3.05928 ; -0.201448 ; 0.143806
5.53458 ; 3.58566 ; -2.05 ; 3.15961
7.44808 ; 4.67875 ; -6.20569 ; -3.83736
3.62969 ; 7.31401 ; 4.5143 ; -4.15135
4.3283 ; 6.61673 ; 6.66542 ; -6.16658
4.42619 ; 7.01645 ; 3.93694 ; -4.07563
7.44167 ; 4.58149 ; -2.91029 ; 0.101689
7.22145 ; 7.36342 ; -4.8163 ; -3.713
6.16083 ; 3.16499 ; -3.40852 ; 5.06012
7.29575 ; 6.90964 ; -5.66346 ; -5.64076
3.85161 ; 6.67712 ; 3.44299 ; -6.81316
4.18908 ; 3.53659 ; -1.22819 ; 6.39499
4.34387 ; 3.95655 ; 1.72714 ; 2.72436
7.42045 ; 6.77057 ; -6.34155 ; -4.15965
3.7992 ; 7.29243 ; 5.33457 ; -4.02789
7.5526 ; 7.09659 ; -5.39224 ; 0.200295
7.52717 ; 7.42108 ; -1.41817 ; -5.27936
4.66343 ; 5.91787 ; 6.59645 ; -6.08045
4.10988 ; 4.26684 ; 6.66114 ; -1.90652
6.41783 ; 3.74468 ; -6.25766 ; 6.07389
6.43238 ; 6.54513 ; -6.60007 ; -5.70698
5.6673 ; 4.96855 ; 6.00328 ; -5.93219
6.72506 ; 4.38183 ; -6.33269 ; 6.38593
6.79501 ; 7.17035 ; -3.73263 ; 0.912017
3.42498 ; 3.40398 ; 1.7042 ; 6.00972
6.55704 ; 5.95614 ; -6.40872 ; -6.58338
6.62152 ; 7.03156 ; -5.23743 ; -5.91262
6.23106 ; 4.64255 ; -6.34639 ; 6.1854
6.81945 ; 3.54347 ; -3.46127 ; 5.94833
6.79675 ; 5.09318 ; 1.97589 ; 3.42385
7.63058 ; 6.3608 ; -1.31124 ; 2.00024
4.15499 ; 5.94323 ; 5.88663 ; -6.53244
4.53693 ; 6.9134 ; 1.42047 ; -0.921304
3.50076 ; 5.40667 ; 2.81506 ; -4.79739
3.90385 ; 7.16591 ; 4.38662 ; -2.14143
6.76202 ; 4.54559 ; -1.88734 ; -2.92999
8.13183 ; 5.93243 ; -1.89813 ; -3.00361
7.53902 ; 6.08755 ; -4.95846 ; -6.46733
7.11118 ; 4.1183 ; -5.52579 ; 6.56895
6.74739 ; 6.25245 ; -6.44217 ; -6.61712
6.90298 ; 7.00755 ; -4.10943 ; -5.7235
6.89007 ; 6.46619 ; -6.43493 ; -6.54498
3.47492 ; 3.35692 ; 1.33175 ; 5.97264
4.90895 ; 6.19438 ; 6.44375 ; -6.29346
3.53197 ; 7.30184 ; 1.89611 ; -5.33065
3.79308 ; 3.62983 ; 6.11508 ; 2.87908
3.69591 ; 6.82287 ; 4.28512 ; -6.56756
3.90088 ; 6.60597 ; 1.00777 ; -6.82881
7.68228 ; 3.18212 ; -5.26627 ; 4.02136
3.6516 ; 5.75261 ; 5.66459 ; -2.82397
3.95401 ; 3.53297 ; 1.59957 ; 6.49858
7.52507 ; 2.68737 ; 1.02319 ; 1.40117
7.79222 ; 3.68857 ; -5.41819 ; -0.106409
7.84488 ; 3.03675 ; -3.56529 ; 1.46534
4.28967 ; 6.44777 ; 1.10973 ; -4.8623
7.95583 ; 3.42204 ; -4.36453 ; 0.802933
7.93551 ; 3.75176 ; -2.81892 ; 0.859972
6.5562 ; 3.98485 ; -6.39228 ; 6.19132
7.43376 ; 3.45378 ; -1.09128 ; 6.49072
6.84572 ; 3.34135 ; -0.477364 ; 5.8153
7.01753 ; 6.19139 ; -3.89728 ; -6.74739
5.1813 ; 5.6688 ; 6.23042 ; -6.36575
5.61827 ; 5.16862 ; -3.42901 ; 1.92704
4.24859 ; 4.1906 ; 6.48137 ; 4.90532
6.84834 ; 2.92995 ; 1.56573 ; 1.65672
6.46357 ; 6.87845 ; -0.196243 ; -6.66388
7.42474 ; 4.01733 ; -4.69397 ; 4.13329
6.34407 ; 2.57993 ; 3.03848 ; 1.16673
6.97689 ; 3.49687 ; -6.40764 ; 5.7363
4.98517 ; 5.40601 ; 6.3838 ; -6.05652
7.11559 ; 5.8091 ; -2.14837 ; 0.769753
3.77704 ; 2.7623 ; 2.06268 ; 3.48885
6.83487 ; 2.97163 ; -0.669925 ; 5.35908
6.91045 ; 3.31189 ; -6.31886 ; 5.28281
4.35447 ; 3.6639 ; -0.621244 ; 2.6909
7.18768 ; 3.0266 ; 0.397557 ; 4.00811
6.49936 ; 3.64186 ; 3.15557 ; 3.47645
6.5145 ; 4.52744 ; -6.49949 ; 5.50063
8.03835 ; 6.25095 ; -3.00417 ; 0.130409
7.66528 ; 3.07145 ; -4.69622 ; 1.65472
7.41707 ; 3.62209 ; -6.42484 ; -0.942332
3.88865 ; 3.61604 ; 2.71203 ; 6.40656
3.3275 ; 5.17508 ; 3.71562 ; 0.17827
3.94801 ; 6.31348 ; 5.92595 ; -5.97371
6.82867 ; 3.29457 ; -6.41867 ; 4.96969
4.56099 ; 3.81182 ; 6.69553 ; 5.36461
3.57132 ; 3.20208 ; 3.96715 ; 5.76461
4.30678 ; 3.56034 ; 2.44361 ; 6.35378
4.8298 ; 6.00178 ; 6.34193 ; -6.41722
6.21211 ; 5.23752 ; -6.2994 ; -6.03238
5.76698 ; 7.33255 ; -3.06383 ; -4.94258
4.54961 ; 7.57796 ; 1.28391 ; -3.98057
7.77263 ; 6.97581 ; -0.317008 ; -2.8111
6.47245 ; 4.03189 ; -4.83431 ; 6.53139
4.36308 ; 5.80925 ; 6.24655 ; -6.43812
3.62869 ; 3.46045 ; 0.0699987 ; 4.39404
7.76354 ; 3.14467 ; -3.85379 ; 5.57957
7.48733 ; 7.04415 ; -0.146727 ; -6.54421
6.52041 ; 6.84946 ; 0.647156 ; -1.52062
6.74823 ; 3.44126 ; -3.61672 ; -0.969621
6.17122 ; 7.23431 ; 1.38529 ; -3.12036
4.27794 ; 4.74023 ; 3.00523 ; 1.88577
6.01387 ; 5.4272 ; -6.19587 ; -6.27732
7.42128 ; 6.41018 ; -4.78238 ; -6.80517
6.68443 ; 5.91724 ; 2.4328 ; 2.73921
4.00986 ; 6.18679 ; 6.51607 ; -3.20327
7.61526 ; 6.14915 ; -2.63653 ; -2.15242
3.64649 ; 5.98385 ; 4.98502 ; -2.78894
3.86625 ; 3.42153 ; -1.13721 ; 4.33765
5.98139 ; 4.08801 ; -3.22657 ; -3.11926
6.79372 ; 3.37124 ; -3.40345 ; 1.21122
3.72063 ; 4.70986 ; 6.20401 ; 0.319368
4.33068 ; 7.22269 ; -1.0435 ; -5.92634
4.72384 ; 5.20663 ; 6.47868 ; -5.54265
5.07518 ; 5.64676 ; 6.32308 ; -6.36228
6.59074 ; 6.23112 ; -6.45843 ; -6.36223
5.07923 ; 3.29537 ; 3.036 ; 6.112
7.27007 ; 5.23588 ; -1.12967 ; -1.9386
6.46631 ; 5.80507 ; -6.35899 ; -6.48273
5.43823 ; 3.58769 ; 3.37632 ; 6.23904
4.13955 ; 6.63155 ; -1.17206 ; 2.25969
5.30273 ; 4.54602 ; 6.18781 ; 6.22217
6.72505 ; 3.77086 ; -3.96777 ; 4.23877
6.92515 ; 5.17721 ; -6.62572 ; -0.542743
5.64006 ; 7.13995 ; -0.968887 ; -0.502485
4.16168 ; 6.11983 ; 6.05054 ; -6.54815
6.14469 ; 2.83408 ; 1.86 ; 1.8672
4.40072 ; 6.94195 ; 4.39409 ; -6.16903
6.82835 ; 4.4203 ; -6.11561 ; 6.39237
3.39442 ; 6.22092 ; 2.8772 ; -6.19668
4.68762 ; 3.46709 ; 6.69627 ; 2.64432
7.52072 ; 5.47626 ; -6.13421 ; 1.90366
5.52869 ; 6.4465 ; -1.21973 ; -6.73133
6.44761 ; 3.13518 ; 2.38931 ; 5.69544
3.23069 ; 4.56371 ; 1.31097 ; -0.53606
7.54352 ; 5.16103 ; -5.36813 ; 1.41149
6.7445 ; 6.86719 ; -1.59796 ; -3.00979
6.22718 ; 6.49745 ; 1.24845 ; 1.29012
4.01372 ; 3.66316 ; 6.03056 ; -2.84401
5.04036 ; 2.75921 ; -2.57495 ; 0.174611
3.38839 ; 2.94578 ; 2.70142 ; 4.24888
3.77938 ; 6.26401 ; -1.64505 ; 1.43247
4.86059 ; 4.41983 ; 6.47301 ; 6.24128
6.56789 ; 4.06785 ; -6.54698 ; 6.01335
7.15635 ; 3.1303 ; -5.82258 ; 4.79688
4.59629 ; 5.43661 ; 6.52121 ; -5.55225
7.99721 ; 4.71514 ; -2.20729 ; -2.9063
4.49842 ; 3.02613 ; -2.37999 ; 1.02433
7.56011 ; 5.21318 ; -3.40643 ; 2.55246
7.35468 ; 4.91492 ; -6.41734 ; -0.842908
7.56124 ; 6.50994 ; -3.00157 ; 1.81166
7.12899 ; 4.05021 ; -6.49327 ; 4.79889
4.75122 ; 6.96685 ; 4.62469 ; -6.17116
7.11711 ; 6.14585 ; -5.61523 ; -6.43864
4.26024 ; 3.03174 ; -2.34057 ; 3.68976
8.00999 ; 3.88838 ; -4.36171 ; -0.0449512
4.68948 ; 3.9881 ; -0.115728 ; 4.064
3.64948 ; 4.03183 ; 0.794004 ; -1.86201
7.8076 ; 6.75777 ; -5.28226 ; 0.955544
4.42584 ; 6.25723 ; 6.52134 ; -6.51073
6.84501 ; 6.35959 ; -6.62431 ; -6.099
3.68986 ; 3.17828 ; 1.42985 ; 2.27876
3.66587 ; 5.68167 ; 3.98119 ; -4.72644
4.05149 ; 6.53732 ; 5.63456 ; -6.10149
7.14361 ; 2.88352 ; -1.17171 ; 4.67791
5.36956 ; 6.95912 ; 3.88218 ; -1.73283
3.39538 ; 6.76393 ; 4.99672 ; -0.521529
7.29369 ; 3.3508 ; 0.736043 ; 5.44435
7.07577 ; 6.18921 ; -5.84744 ; -6.76185
6.98966 ; 5.6839 ; -6.32063 ; -6.03669
3.75957 ; 3.82401 ; 3.87619 ; 6.55178
6.25129 ; 4.46657 ; -6.21606 ; 6.18151
5.00162 ; 4.41786 ; 6.12848 ; 6.3662
6.19578 ; 7.62132 ; 2.11933 ; -0.539222
8.10076 ; 7.21947 ; -1.57728 ; -0.562171
6.67025 ; 2.9106 ; -4.85341 ; 0.646304
3.48158 ; 3.69613 ; 1.90265 ; 5.53739
4.01848 ; 6.66828 ; 5.64573 ; -5.80377
5.55022 ; 3.1452 ; 2.80893 ; 4.94488
4.26051 ; 6.52193 ; 5.10513 ; -6.62274
4.77242 ; 6.98141 ; 2.79359 ; 0.365256
4.1036 ; 4.77244 ; 2.02993 ; -1.25479
8.14091 ; 6.96879 ; -1.46942 ; 0.186654
7.72816 ; 2.99621 ; -5.6606 ; 2.26473
3.66707 ; 6.70407 ; 5.58762 ; -4.7148
7.19343 ; 3.4518 ; -4.78613 ; 4.98058
3.58151 ; 4.35563 ; 5.49397 ; -2.92864
6.86514 ; 6.80467 ; -6.71543 ; -3.80811
6.94453 ; 6.55513 ; -6.18155 ; -6.14699
7.75516 ; 3.51539 ; -4.72593 ; 2.44077
6.03375 ; 6.74086 ; -2.9093 ; -6.55409
7.35028 ; 4.43607 ; -6.36684 ; 3.76288
6.34616 ; 6.11305 ; -6.44826 ; -6.23651
4.08432 ; 3.34692 ; -1.25822 ; 6.16077
6.74622 ; 7.24998 ; 1.00364 ; 0.220631
4.81056 ; 2.69171 ; 0.486919 ; 1.20256
7.9078 ; 6.31868 ; -2.1421 ; -6.11323
7.2297 ; 3.05411 ; -4.85136 ; 2.67492
4.97903 ; 5.95213 ; 6.40954 ; -6.47054
7.36802 ; 5.13853 ; -3.09041 ; -3.25666
7.63497 ; 3.17179 ; -1.81152 ; -0.00479406
7.62875 ; 3.92674 ; -4.64696 ; 5.60678
6.97674 ; 6.23137 ; -4.0782 ; 2.82324
7.45907 ; 7.03074 ; -6.24235 ; -1.9374
6.75305 ; 3.72668 ; -4.38962 ; -1.86429
7.41741 ; 6.46736 ; -2.97574 ; -4.30316
4.0083 ; 3.40425 ; 6.52887 ; 5.03568
4.28825 ; 6.51424 ; 6.66666 ; -5.82015
4.33023 ; 3.54686 ; 6.21661 ; 5.71339
4.14176 ; 3.47907 ; -1.17114 ; 6.39999
6.55871 ; 6.9336 ; 2.15709 ; -3.45639
4.22087 ; 3.12959 ; 6.63754 ; 4.29524
7.40162 ; 4.02102 ; -5.23095 ; 6.37209
3.62611 ; 7.03876 ; 2.80054 ; -6.3032
7.89058 ; 3.67886 ; -1.28234 ; 5.63054
7.55102 ; 6.7203 ; -2.72278 ; -3.51874
3.65782 ; 3.48274 ; 5.83099 ; 4.97723
4.0263 ; 7.11344 ; 0.297703 ; 0.0341159
3.13711 ; 4.36936 ; 2.27799 ; -2.31527
6.15672 ; 5.04122 ; 3.209 ; 2.99174
6.172 ; 3.64945 ; 3.02598 ; 6.35356
6.72339 ; 6.60024 ; -6.59113 ; -6.11021
7.38382 ; 4.83883 ; -5.87236 ; 3.33736
3.5962 ; 2.76036 ; 2.89828 ; 2.6705
7.59885 ; 5.49639 ; -6.16122 ; 0.213104
7.99043 ; 5.16466 ; -2.26344 ; 3.59068
7.39431 ; 7.23322 ; -6.23195 ; -2.48316
3.85302 ; 7.09212 ; 6.05007 ; -5.23393
6.54323 ; 3.91173 ; -6.1179 ; 6.06628
7.76916 ; 6.97857 ; -3.7613 ; -2.59124
7.35169 ; 4.50032 ; -6.20478 ; 2.65862
6.55066 ; 5.32973 ; 0.029329 ; -3.60392
6.33306 ; 2.7795 ; 2.42697 ; 0.435714
6.42956 ; 6.67481 ; -1.90571 ; -6.67869
5.32031 ; 6.66453 ; 4.72043 ; -6.30683
3.39875 ; 7.45161 ; 3.60721 ; -3.58691
5.81749 ; 5.09782 ; 2.97539 ; 1.32456
3.54017 ; 3.49631 ; 5.23385 ; 5.12649
3.70038 ; 3.13647 ; 6.16476 ; -0.264116
4.76183 ; 5.9112 ; 6.35281 ; -6.48646
6.93154 ; 6.50021 ; -5.46965 ; -6.57868
3.40623 ; 5.32415 ; 4.05743 ; -1.96661
7.40073 ; 5.08765 ; -6.42581 ; -0.550505
5.22405 ; 6.91155 ; -2.13941 ; 0.293417
4.66979 ; 6.90481 ; 4.61583 ; -1.26217
4.64504 ; 2.8581 ; 1.74998 ; 2.68761
4.33265 ; 6.27926 ; 6.71197 ; -3.96517
7.46749 ; 7.31129 ; -4.40784 ; -4.07236
7.11555 ; 3.75843 ; -1.42414 ; 6.58976
7.58604 ; 6.82348 ; -5.23295 ; -2.54507
3.37798 ; 4.52519 ; 3.83181 ; 4.63401
4.16042 ; 4.87232 ; 6.59129 ; 4.39781
7.00727 ; 6.28912 ; -3.30168 ; 2.68698
7.50274 ; 6.40482 ; -4.45825 ; 2.46727
4.22597 ; 5.39064 ; 1.10378 ; 2.82396
4.36949 ; 6.55005 ; 6.63233 ; -5.10874
7.79123 ; 3.01033 ; -4.12102 ; -0.0537964
4.03742 ; 2.91136 ; 1.86799 ; 4.96389
7.74777 ; 4.05836 ; -4.23246 ; 5.00283
4.7055 ; 6.39619 ; 6.23308 ; -6.26028
3.85937 ; 5.40004 ; 6.48362 ; 2.57679
7.98914 ; 3.94479 ; -1.56529 ; -2.59044
7.76437 ; 6.47307 ; -5.51626 ; 0.212896
6.742 ; 4.08334 ; -2.08215 ; -1.78511
3.8415 ; 3.44472 ; 6.17094 ; 4.97289
7.82208 ; 2.95015 ; -1.9065 ; -0.218536
6.21347 ; 3.85958 ; -2.13353 ; 4.39113
4.89967 ; 6.18397 ; 5.3526 ; -5.40207
7.14712 ; 6.77424 ; -5.81414 ; -5.29387
3.68777 ; 3.72269 ; 3.87458 ; 4.69284
4.36689 ; 3.61086 ; 6.49635 ; 5.79509
3.23454 ; 7.03014 ; 1.53798 ; -1.51093
4.76648 ; 6.34423 ; -1.059 ; -4.40786
5.84762 ; 4.3467 ; -3.17607 ; 0.181395
7.19856 ; 7.0026 ; -5.41128 ; -4.40762
3.92202 ; 4.03928 ; 3.95159 ; 6.65574
5.62638 ; 7.44093 ; 0.352613 ; -5.12987
3.85853 ; 3.69018 ; 5.09381 ; 6.5984
6.04211 ; 3.70528 ; -5.19281 ; 5.94709
7.4299 ; 3.55842 ; 1.85138 ; 0.849349
7.78051 ; 6.56696 ; -0.986333 ; -6.62846
4.53124 ; 6.16382 ; 6.53657 ; -6.34027
4.00961 ; 6.69204 ; 5.7497 ; -6.44483
7.50433 ; 5.84685 ; -5.54417 ; -5.1294
3.27052 ; 5.58764 ; 4.46955 ; -2.79462
3.10672 ; 4.43003 ; 2.80879 ; 0.488614
6.222 ; 3.48485 ; 0.534916 ; 6.37405
6.75137 ; 4.31599 ; -1.33887 ; -0.768358
5.33406 ; 3.28515 ; -0.118861 ; 5.46529
5.25727 ; 6.64652 ; 5.62598 ; -6.02681
3.57681 ; 3.92429 ; 3.60876 ; 6.57248
4.73963 ; 5.58275 ; 6.17022 ; -6.41507
4.22005 ; 4.34085 ; 5.73136 ; 6.54539
3.58252 ; 5.22838 ; 2.74155 ; -3.41797
3.11686 ; 4.10414 ; 1.27517 ; -0.987941
4.18217 ; 5.7688 ; 6.68919 ; -0.67663
4.8515 ; 2.71173 ; -1.73668 ; 3.41081
5.30895 ; 5.59526 ; 5.93674 ; -6.36591
6.32169 ; 7.55192 ; -4.54614 ; -2.97261
4.34702 ; 3.6079 ; 4.96561 ; 5.9309
4.21828 ; 3.98406 ; 6.08758 ; 6.55048
7.02309 ; 4.03321 ; -6.17758 ; 6.38914
7.23139 ; 6.94917 ; -4.4651 ; 0.105616
7.12278 ; 3.78587 ; 0.988921 ; 6.54996
3.80767 ; 3.84327 ; 6.21198 ; 2.78859
7.66622 ; 7.10182 ; -5.41012 ; -2.47221
3.85644 ; 3.66795 ; 6.25426 ; 0.0355932
4.82378 ; 3.08941 ; 5.5036 ; 4.48559
4.12802 ; 3.81215 ; -0.822711 ; 6.58958
5.70164 ; 7.19673 ; -0.267709 ; 0.631864
3.81753 ; 4.98357 ; 6.29895 ; 3.50159
3.57428 ; 6.70132 ; 6.08336 ; -0.96608
4.19532 ; 3.97918 ; 0.997093 ; -0.47866
3.78608 ; 5.19548 ; 6.36113 ; -1.02529
4.74096 ; 3.63991 ; 6.53842 ; 5.69798
6.94213 ; 4.21431 ; -6.0946 ; 6.29113
7.69207 ; 4.19528 ; -5.49328 ; 0.183283
7.48436 ; 7.30966 ; -0.524771 ; -5.93783
6.82535 ; 7.3948 ; 2.3722 ; -5.48045
6.76505 ; 3.80167 ; -6.626 ; 4.58828
7.312 ; 3.10769 ; -2.97879 ; 4.13783
7.64972 ; 4.23137 ; -4.70911 ; 1.34734
6.95226 ; 6.37707 ; -5.44452 ; -6.72705
5.54234 ; 5.79189 ; 1.15396 ; -4.19898
5.19475 ; 4.53269 ; 6.36623 ; 6.12416
7.87423 ; 6.97427 ; -3.94843 ; -5.29044
5.43285 ; 5.59838 ; 2.14732 ; 0.0766791
4.57938 ; 4.12043 ; 6.57227 ; 5.6511
6.53113 ; 3.6366 ; -6.61973 ; 4.31097
8.00275 ; 6.74738 ; -3.07587 ; -4.39667
7.34491 ; 5.31798 ; -5.51274 ; 3.13316
6.77728 ; 4.54831 ; -1.11882 ; -1.94875
6.89196 ; 3.82202 ; -4.39769 ; 6.53868
4.3046 ; 6.71241 ; 4.32292 ; -6.20312
7.29434 ; 4.88276 ; -4.61933 ; -1.36321
6.42643 ; 5.93649 ; -6.35128 ; -6.54774
7.90594 ; 4.50726 ; -4.07809 ; 4.66952
7.75661 ; 5.68675 ; -4.88194 ; -4.59225
4.37846 ; 5.72575 ; 6.17616 ; -6.34297
3.58697 ; 6.6932 ; -0.282806 ; -1.65436
3.53873 ; 6.01042 ; 5.27368 ; 2.20734
7.39603 ; 3.8304 ; 0.0998983 ; 0.661846
7.74436 ; 7.10856 ; -5.25644 ; -2.33989
3.78634 ; 4.39191 ; -2.11795 ; -1.89598
7.76002 ; 6.38773 ; -0.21634 ; -4.80511
7.39233 ; 6.11208 ; 2.24907 ; -2.36184
6.21701 ; 4.2297 ; -2.88581 ; -2.34874
3.86948 ; 4.17804 ; 6.48441 ; -0.335489
6.62082 ; 2.99814 ; -3.48196 ; 4.5803
7.39164 ; 3.98181 ; -6.44937 ; -0.137873
6.11207 ; 6.88374 ; -1.2301 ; -3.05157
3.88285 ; 2.96359 ; 1.83026 ; 4.43945
6.34106 ; 7.33676 ; -1.39728 ; -4.86205
4.47998 ; 3.91047 ; 6.60944 ; 6.33932
6.99896 ; 7.4069 ; -1.46809 ; -3.96913
5.54357 ; 3.56325 ; -1.80107 ; 2.86661
4.89625 ; 4.27625 ; 2.02817 ; 2.67842
3.32493 ; 3.62268 ; 3.27661 ; 4.64
6.66082 ; 3.61803 ; -6.66346 ; 4.43363
7.52684 ; 6.36638 ; -0.978673 ; -4.33045
8.04366 ; 3.92431 ; -2.24052 ; 3.07453
7.74698 ; 7.48149 ; -3.08929 ; -4.10294
4.83812 ; 3.39574 ; 2.29499 ; 6.29893
8.05905 ; 4.63479 ; -3.69829 ; -1.40611
4.459 ; 3.93903 ; -1.39656 ; 3.94185
3.83028 ; 6.33915 ; 1.32295 ; -3.55202
4.7338 ; 6.4789 ; 2.11665 ; -2.80185
5.1528 ; 6.01717 ; 6.26806 ; -6.41544
7.78124 ; 4.12659 ; -3.27043 ; 1.88834
7.88228 ; 3.14006 ; -4.04603 ; 4.28149
4.1795 ; 6.76962 ; 6.74654 ; -4.93341
3.25025 ; 3.89792 ; 0.333059 ; 1.76324
5.3855 ; 6.08061 ; -1.19455 ; -3.9077
3.78152 ; 6.38691 ; 2.23873 ; 0.268487
7.91896 ; 5.13091 ; -2.93149 ; -1.94342
7.92026 ; 5.48558 ; -4.34731 ; -0.421836
4.02046 ; 4.06485 ; 4.67183 ; 4.04518
3.67155 ; 7.21619 ; 3.38406 ; -5.10541
3.82832 ; 4.13879 ; 5.19307 ; -3.54009
6.75224 ; 4.26195 ; -3.38683 ; -3.5107
4.88516 ; 6.10454 ; 5.90004 ; -6.62209
5.03745 ; 6.07342 ; 6.16806 ; -6.45606
6.4586 ; 3.73823 ; -6.14955 ; 5.79832
7.09339 ; 4.18816 ; -6.37363 ; 5.63682
3.92219 ; 4.83926 ; 6.33251 ; 4.02965
5.45862 ; 3.56264 ; 3.62734 ; 2.64484
4.74888 ; 6.86775 ; -2.40216 ; -6.44908
4.81712 ; 2.56704 ; -1.93313 ; 1.60906
3.49399 ; 3.64697 ; 1.12739 ; 5.13873
5.13733 ; 7.2692 ; 2.23301 ; -5.48194
6.118 ; 4.65894 ; -6.30867 ; 6.21215
7.46403 ; 7.10677 ; -1.5725 ; -6.38092
3.39721 ; 3.43281 ; 0.502138 ; -1.18277
3.24528 ; 6.65235 ; 2.90209 ; 0.994195
3.63819 ; 3.20936 ; 4.92942 ; 3.69499
3.61943 ; 5.09426 ; 5.8882 ; -3.98594
5.45771 ; 6.97323 ; -2.18186 ; -5.83479
4.41337 ; 3.4964 ; 4.55644 ; 5.82422
7.22133 ; 5.97196 ; -6.49404 ; 2.81161
7.30283 ; 5.67723 ; -6.48095 ; 1.79371
5.04111 ; 6.3025 ; 6.30773 ; -6.43937
6.74771 ; 3.66181 ; -6.00542 ; 5.94176
3.89034 ; 2.74862 ; 0.527654 ; 2.33488
5.09605 ; 6.96062 ; -3.14969 ; -6.41583
4.06104 ; 6.19834 ; 0.451888 ; -6.7209
4.52498 ; 3.17223 ; 6.09751 ; 4.81946
4.18952 ; 3.98347 ; 4.4339 ; -0.971155
3.475 ; 3.05315 ; 5.36286 ; 2.92492
5.85204 ; 2.8882 ; -0.104733 ; 4.22865
7.6872 ; 7.45278 ; -3.77029 ; -2.55985
7.91475 ; 5.38949 ; 0.920702 ; 2.50886
3.37905 ; 3.13458 ; 2.70937 ; 4.98738
4.89879 ; 5.45382 ; 3.44651 ; 3.74191
6.2413 ; 5.81699 ; -6.23169 ; -6.38371
7.72956 ; 5.24872 ; -4.41658 ; 1.59188
6.4124 ; 4.04715 ; -4.51747 ; 6.51856
4.54747 ; 6.47158 ; 6.65701 ; -5.12534
3.51849 ; 3.47054 ; 2.51085 ; 5.89754
6.85525 ; 3.94296 ; -6.53935 ; 5.84845
4.03028 ; 5.23501 ; 1.17496 ; 3.19986
3.8596 ; 6.70693 ; 2.68219 ; -5.8771
4.02141 ; 7.29127 ; 3.40319 ; -4.58161
7.7773 ; 6.10691 ; -4.64863 ; 2.52515
7.69111 ; 3.15227 ; 0.0766675 ; 4.35474
7.34852 ; 7.19469 ; -4.14763 ; -5.82032
4.81949 ; 6.16164 ; 0.862874 ; 2.27518
6.01558 ; 4.47588 ; -5.94453 ; 6.31306
4.66387 ; 7.20136 ; -0.419355 ; -1.73417
5.15254 ; 4.42062 ; 6.15327 ; 6.30401
5.41061 ; 4.73569 ; 6.22424 ; 6.06302
7.34221 ; 5.93397 ; -5.88412 ; -6.05674
4.20413 ; 3.56616 ; 4.7367 ; 6.1051
5.92586 ; 3.50965 ; -3.52692 ; 6.05817
3.7378 ; 6.72733 ; 2.1196 ; 0.989553
5.03893 ; 7.24772 ; -2.66433 ; -5.62206
3.48456 ; 7.27208 ; 4.4574 ; -4.11949
7.63377 ; 6.77826 ; -5.79943 ; -3.82622
6.75243 ; 3.2354 ; -2.50903 ; 2.96977
4.77892 ; 6.62522 ; 4.37709 ; -3.03049
3.05839 ; 4.18008 ; 2.3434 ; -1.08947
4.50699 ; 3.45578 ; 4.72284 ; 6.23901
6.71204 ; 6.51395 ; -6.44399 ; -6.16775
7.89334 ; 3.32621 ; -2.77191 ; 0.325107
4.91646 ; 4.01244 ; 6.55412 ; 6.03212
3.99502 ; 4.09179 ; 6.38075 ; -2.90121
5.61839 ; 7.41894 ; 1.30481 ; -4.87826
7.02721 ; 4.49085 ; -0.379795 ; 1.41992
4.26781 ; 2.74766 ; 4.52352 ; 2.50469
4.42322 ; 6.66586 ; 5.27232 ; -6.52266
5.92023 ; 7.27288 ; -3.03839 ; 0.651739
4.39699 ; 3.72329 ; 6.63871 ; 4.82849
5.09469 ; 7.03829 ; 2.61316 ; -6.20196
3.29905 ; 4.23488 ; 4.17291 ; 0.424905
7.40857 ; 7.45639 ; -4.25826 ; -1.2861
6.28278 ; 4.19904 ; -6.3339 ; 6.29381
6.83179 ; 3.91865 ; -6.50038 ; 5.55737
6.23583 ; 5.57973 ; -6.27548 ; -6.37337
7.11474 ; 6.6559 ; -5.61055 ; -5.61886
3.13344 ; 6.12783 ; 2.98797 ; 0.845535
4.54177 ; 3.6189 ; 3.98343 ; 0.64703
4.65864 ; 5.33584 ; 1.60173 ; 1.62654
7.22623 ; 3.28124 ; -5.42537 ; 0.865809
7.53506 ; 6.76765 ; -5.82651 ; -3.41858
6.88722 ; 4.47033 ; -6.51541 ; 5.18591
5.14932 ; 5.77818 ; 6.08582 ; -6.37704
5.94313 ; 7.44318 ; 0.317149 ; -4.24524
6.95022 ; 6.57582 ; -5.04945 ; -4.57162
5.90475 ; 6.82923 ; -2.25482 ; -5.80473
7.81796 ; 5.86031 ; 0.0193835 ; 2.47008
7.32963 ; 7.38659 ; -0.461941 ; -5.09679
4.70552 ; 3.69195 ; 0.237546 ; -2.40206
4.34687 ; 6.82576 ; 3.52723 ; 0.668258
7.02045 ; 6.7449 ; -0.675706 ; -6.70807
5.7332 ; 3.34656 ; -3.25463 ; 5.94659
3.6384 ; 3.36395 ; -0.221142 ; 6.02867
8.06259 ; 3.28011 ; -1.5526 ; 2.3387
5.09198 ; 5.48874 ; 6.29781 ; -6.21015
6.09828 ; 5.90343 ; -3.49663 ; 0.758576
5.14755 ; 7.5247 ; -2.61661 ; -1.44945
7.8062 ; 7.15593 ; -4.39236 ; -5.08013
4.84542 ; 4.19316 ; 6.25086 ; 6.35623
6.68256 ; 4.01806 ; -4.42867 ; 4.07155
7.28764 ; 3.23983 ; 1.65426 ; 3.14952
7.77392 ; 3.11238 ; -4.2884 ; 5.3688
4.62522 ; 3.20644 ; 3.01043 ; 3.55867
6.59239 ; 6.57345 ; 1.04084 ; -6.74303
3.14369 ; 6.41012 ; 2.69095 ; -0.3139
3.8116 ; 2.95556 ; 1.34512 ; -0.692937
4.63729 ; 4.9812 ; 6.45922 ; -5.56666
4.12259 ; 6.97871 ; 0.693451 ; -2.30782
4.46354 ; 6.52935 ; 6.72139 ; -2.7179
4.29883 ; 4.51139 ; 6.37735 ; 5.99852
3.60926 ; 2.80126 ; 1.48544 ; 1.06336
3.63039 ; 6.54508 ; 3.51736 ; 1.17772
6.32484 ; 3.32084 ; -3.31073 ; 6.04703
3.2871 ; 3.51817 ; 4.63099 ; -0.776816
3.45996 ; 5.51769 ; 4.79966 ; 0.130013
6.61595 ; 6.29472 ; -6.19293 ; -6.55169
7.62745 ; 6.03388 ; -5.41645 ; -0.160169
5.93928 ; 7.15222 ; -3.80293 ; -2.87567
3.50125 ; 3.82154 ; 3.95365 ; 5.10236
7.46426 ; 5.19567 ; -5.96759 ; 4.48445
5.82571 ; 3.30837 ; 2.78117 ; 0.687506
4.63332 ; 7.19697 ; 3.9316 ; -4.5085
5.43008 ; 3.64756 ; 0.352367 ; 1.70286
3.16567 ; 3.88484 ; 2.23881 ; 1.38402
7.56115 ; 3.574 ; -4.58837 ; 6.21451
7.33584 ; 6.18723 ; -4.63956 ; -4.64505
6.18246 ; 3.06497 ; -0.621299 ; 5.68649
4.13588 ; 4.16454 ; 3.299 ; 6.6037
7.00501 ; 4.78573 ; 0.0572472 ; -3.88384
6.94524 ; 3.24422 ; 1.96458 ; 5.91042
3.32585 ; 7.12575 ; 3.51128 ; -2.4272
6.56829 ; 3.4859 ; -6.14128 ; 5.50805
3.43777 ; 6.88593 ; 3.87201 ; -4.87918
6.00146 ; 5.87864 ; 4.09252 ; -3.37786
4.68055 ; 6.9268 ; 6.24525 ; -5.61356
6.44985 ; 4.53741 ; -3.48053 ; -3.82399
3.67949 ; 4.3767 ; -1.34725 ; 3.51694
7.00464 ; 4.27027 ; -5.49741 ; 6.54784
4.95796 ; 5.6845 ; 6.40655 ; -6.39593
6.73374 ; 4.41207 ; -6.30654 ; 6.13398
5.25376 ; 3.0436 ; 1.31525 ; 0.300865
3.47387 ; 5.90827 ; -0.350482 ; 1.62766
7.09155 ; 3.12697 ; -6.59453 ; 0.136662
7.19899 ; 6.04633 ; -6.26183 ; -4.27631
4.51893 ; 6.62156 ; 6.48125 ; -6.09804
4.36159 ; 2.98214 ; -1.07243 ; 3.49568
4.24512 ; 6.4797 ; -2.18207 ; -2.60074
4.63202 ; 6.30065 ; 6.40059 ; -6.54073
4.92725 ; 5.60627 ; 6.28246 ; -6.36728
3.97329 ; 6.15385 ; 4.19438 ; -6.76585
4.26052 ; 3.72953 ; 4.54383 ; 6.46595
5.90214 ; 2.91341 ; -1.76801 ; 4.63287
8.00902 ; 5.89384 ; -4.07865 ; -1.63016
4.15231 ; 2.96048 ; 6.60273 ; 2.43772
7.59748 ; 4.65184 ; 1.19389 ; -0.157922
6.34556 ; 3.70524 ; 2.60015 ; 6.46334
4.06558 ; 3.22406 ; 6.70854 ; -0.10473
4.58065 ; 3.90364 ; 6.66471 ; 6.19772
7.0597 ; 3.43732 ; -6.52517 ; 4.29201
7.92903 ; 2.99157 ; -3.04789 ; 3.96549
7.41373 ; 3.6764 ; -4.83932 ; 3.74053
7.13992 ; 7.03754 ; -6.7048 ; -4.33802
3.77224 ; 5.19754 ; 6.36119 ; 2.89639
3.27594 ; 6.83226 ; 0.0670318 ; 0.343397
7.43866 ; 3.68078 ; 0.152391 ; 6.57134
6.52105 ; 6.6951 ; -6.63722 ; -4.23228
3.63632 ; 7.02109 ; 2.11661 ; -6.05159
7.61767 ; 6.67142 ; -5.1273 ; -0.381333
6.49764 ; 4.01901 ; -5.84189 ; 6.2437
3.75376 ; 4.0893 ; 5.98391 ; -3.31953
7.38395 ; 5.03591 ; -5.76903 ; -4.2835
6.6822 ; 3.11358 ; -4.22262 ; 2.93328
6.52797 ; 4.99496 ; 2.20227 ; 0.870145
7.23947 ; 4.03462 ; -4.0922 ; 2.07716
7.11473 ; 3.80537 ; -5.38638 ; 6.13563
7.50564 ; 5.64799 ; -4.91581 ; -2.21186
5.36398 ; 2.67983 ; -1.95989 ; 0.148369
4.6129 ; 6.37539 ; 6.6511 ; -6.29092
3.89594 ; 3.17543 ; 6.39649 ; 4.59586
6.9642 ; 3.86061 ; -1.67565 ; 3.80878
5.89607 ; 3.87885 ; 4.69837 ; 6.32794
5.25949 ; 2.78844 ; -3.48272 ; 4.11165
4.0754 ; 6.90284 ; -1.68893 ; -6.21403
7.61996 ; 4.10293 ; -6.06258 ; 0.446542
6.93471 ; 2.72245 ; 1.48852 ; 3.17652
7.30143 ; 3.75732 ; -6.27345 ; 2.37798
5.37147 ; 6.18868 ; -3.75821 ; 0.791454
7.89584 ; 7.04921 ; -2.74895 ; 0.399087
7.75185 ; 4.15302 ; -3.81791 ; 4.10827
7.81918 ; 5.92554 ; -2.78506 ; 0.485572
6.92838 ; 6.7255 ; 0.696543 ; -6.60196
5.10404 ; 5.55153 ; 6.0086 ; -6.36555
6.32896 ; 2.77931 ; -2.09411 ; 3.75757
6.25013 ; 5.53698 ; 3.46807 ; -2.18503
4.08094 ; 3.78128 ; 5.8359 ; 6.52344
6.23912 ; 7.56561 ; -4.29604 ; -3.44348
4.32287 ; 6.43207 ; 6.72092 ; -4.5294
6.01602 ; 4.24048 ; -2.15608 ; -0.782909
7.60575 ; 7.30997 ; -0.940027 ; -5.70432
3.98711 ; 4.74751 ; 6.45636 ; 3.52224
4.34014 ; 2.80066 ; 5.89522 ; 2.66984
5.49627 ; 3.46044 ; 4.82593 ; 5.2153
4.25413 ; 6.12508 ; -1.44033 ; 2.18692
3.50969 ; 6.88847 ; 3.23896 ; -0.685395
4.53724 ; 3.75576 ; 5.11122 ; 6.17661
6.17503 ; 4.16153 ; -5.82038 ; 6.35412
5.46093 ; 7.55417 ; -0.131823 ; -3.05822
7.35019 ; 7.23306 ; -4.63294 ; -5.10025
4.20331 ; 6.25138 ; 5.7901 ; -6.53244
6.35614 ; 5.59417 ; -6.30797 ; -6.39109
3.45471 ; 7.36702 ; 1.71879 ; -1.1074
4.33321 ; 3.68022 ; 2.54913 ; 6.53176
6.64119 ; 2.81507 ; -4.43239 ; 0.521864
5.30475 ; 3.01501 ; -2.18505 ; 4.49101
5.9904 ; 7.27491 ; 0.559237 ; -4.60095
3.67877 ; 5.9069 ; 4.91046 ; -3.90291
7.33173 ; 3.32762 ; -6.46629 ; 2.55879
3.36097 ; 5.58579 ; 0.507806 ; -3.66724
3.22758 ; 4.36164 ; 1.37126 ; 4.08744
7.25708 ; 3.36608 ; -4.10089 ; 6.15614
4.70621 ; 4.06769 ; -0.238235 ; 1.05947
7.70731 ; 3.23617 ; 1.10988 ; -0.165926
3.8623 ; 6.01284 ; 6.11412 ; 2.50808
3.85253 ; 7.28292 ; 3.77286 ; -4.54304
4.3498 ; 7.14846 ; 3.30347 ; -4.44028
7.97295 ; 4.95861 ; -4.41635 ; 1.52479
3.67487 ; 5.51806 ; -1.76546 ; -4.16109
6.17375 ; 2.87901 ; -0.951672 ; 3.12617
4.34963 ; 6.29652 ; 6.42217 ; -6.04893
3.60392 ; 7.22884 ; 2.74505 ; 0.270467
5.25729 ; 2.65343 ; -1.63895 ; 2.49559
6.88372 ; 3.65669 ; -6.65977 ; 4.40905
6.1093 ; 2.70795 ; -3.20426 ; 2.58271
7.79595 ; 3.59313 ; -3.31574 ; 4.42846
3.70501 ; 3.93635 ; 5.9231 ; 2.15417
7.71115 ; 3.18441 ; -3.20383 ; 4.50456
3.33005 ; 6.82005 ; 1.78802 ; -4.31997
5.99233 ; 7.37113 ; 1.61606 ; -4.79432
3.92091 ; 6.54235 ; 5.56196 ; -6.48826
7.67226 ; 5.8378 ; -2.15711 ; -4.26577
4.52065 ; 5.33192 ; -2.59041 ; 2.94026
4.59967 ; 5.79107 ; 1.97335 ; 1.7561
7.61041 ; 7.49483 ; -4.259 ; -2.28982
4.5335 ; 6.33928 ; 6.70609 ; -3.48842
7.68752 ; 6.33969 ; -5.01393 ; -5.50164
4.58782 ; 4.59595 ; 3.75586 ; 1.23618
5.46282 ; 3.15479 ; 0.838646 ; 3.64404
7.12178 ; 3.16426 ; -6.6976 ; 3.32081
4.78636 ; 6.54282 ; 3.58368 ; -6.74097
4.11485 ; 3.68356 ; 6.26785 ; 5.47465
6.08137 ; 3.23444 ; -3.90837 ; 3.06603
3.59667 ; 3.55932 ; -0.39618 ; 0.147337
3.63451 ; 7.10611 ; 2.78935 ; -5.68
6.18359 ; 3.40396 ; -2.96477 ; 1.94949
7.24862 ; 6.48462 ; -4.7454 ; -5.76288
6.79712 ; 7.24063 ; 0.140453 ; -2.72084
3.94263 ; 3.18744 ; 6.28693 ; 2.85386
5.49754 ; 3.98728 ; 4.18009 ; 6.47719
4.45527 ; 6.45773 ; 3.94612 ; -6.75987
5.10069 ; 5.42299 ; 3.48353 ; 2.60146
6.97624 ; 7.15345 ; -0.572375 ; -3.4369
7.50639 ; 5.50632 ; -5.5441 ; -5.32595
3.21835 ; 3.10398 ; 3.19613 ; 1.83499
4.7478 ; 5.97557 ; 6.52043 ; -6.39883
7.75677 ; 6.61209 ; -4.84205 ; -5.32288
7.27267 ; 6.46424 ; -4.4996 ; -6.80421
6.64903 ; 6.68741 ; -1.46097 ; 1.68399
7.42335 ; 3.18775 ; -5.60172 ; 3.0871
6.61522 ; 7.72669 ; 2.23166 ; -1.72784
7.23262 ; 3.94549 ; -5.8336 ; 6.37982
7.10072 ; 3.8323 ; -4.59437 ; 6.59402
3.63701 ; 4.90252 ; 3.73269 ; 1.11306
7.72189 ; 6.48028 ; -3.68906 ; -4.36183
4.20308 ; 5.49885 ; 6.28226 ; -6.01673
4.35546 ; 6.44051 ; 5.97654 ; -6.68624
7.41817 ; 3.45725 ; -5.41332 ; 5.61456
3.8685 ; 6.72327 ; 6.54094 ; -1.75217
4.24074 ; 6.30652 ; 6.41201 ; -6.3674
3.99381 ; 6.09555 ; 6.18647 ; -4.3984
3.27807 ; 3.61209 ; 0.0685431 ; 3.4724
4.5354 ; 6.43688 ; 6.69581 ; -5.30641
4.92259 ; 2.76754 ; -2.20047 ; 1.69499
5.42868 ; 6.12933 ; 2.67194 ; 1.53614
5.39714 ; 3.91699 ; 3.2857 ; 1.73707
3.78617 ; 3.47574 ; 5.83225 ; 5.51183
7.36419 ; 3.47049 ; -5.98783 ; 5.97023
4.4496 ; 3.59113 ; 5.44314 ; 4.26255
6.69427 ; 3.45107 ; -4.7453 ; 5.68287
7.5676 ; 6.29391 ; -5.48645 ; -2.02389
4.26108 ; 3.80897 ; 5.11881 ; 6.53848
6.35406 ; 3.64245 ; 3.06043 ; 0.751965
6.25173 ; 5.56577 ; 1.39439 ; 3.31896
4.40923 ; 4.78081 ; 3.27197 ; -0.193473
3.71972 ; 2.97931 ; 2.14114 ; 2.64099
6.933 ; 7.35579 ; 0.800844 ; 0.573944
4.53411 ; 6.3368 ; 6.38561 ; -6.17539
5.06403 ; 3.13027 ; 2.40597 ; 0.720016
3.97823 ; 3.35481 ; 5.0091 ; 5.6436
6.46881 ; 2.82038 ; 2.45815 ; 4.32094
4.58327 ; 2.65513 ; 0.685226 ; 1.03012
3.87386 ; 6.28309 ; 5.88829 ; -5.09459
4.86162 ; 6.61859 ; 3.3717 ; 0.36766
4.14608 ; 4.73824 ; 6.28244 ; -4.9396
5.35175 ; 5.27887 ; 6.11387 ; -6.17824
7.75308 ; 3.37884 ; -5.22995 ; 4.10089
3.5307 ; 4.61365 ; 1.44368 ; 0.313305
4.28009 ; 3.98522 ; 4.09928 ; 6.60889
7.72327 ; 3.03055 ; -2.48853 ; 5.2833
3.56185 ; 3.02227 ; 2.24074 ; 5.03293
7.05702 ; 2.86421 ; -2.32694 ; 3.36015
3.37419 ; 6.10914 ; 3.60504 ; -5.84629
4.22629 ; 6.91065 ; 0.865503 ; -4.5572
4.44767 ; 3.62864 ; 5.17338 ; 3.9046
7.77501 ; 6.58162 ; -5.58848 ; -1.48165
7.28516 ; 7.14209 ; -5.44055 ; -4.78589
5.91312 ; 3.62655 ; -1.7764 ; 6.47748
3.60537 ; 3.34167 ; 5.90139 ; 1.07821
4.10186 ; 7.32438 ; 1.26766 ; -5.68937
6.13861 ; 3.57691 ; -3.18029 ; -2.83345
7.53806 ; 7.36125 ; -3.31397 ; -4.00426
5.67312 ; 3.02377 ; 2.71962 ; 4.56843
7.66566 ; 5.81106 ; -5.45233 ; 2.39647
4.40679 ; 6.6161 ; 6.38417 ; -5.73835
7.27609 ; 6.88496 ; -6.59802 ; -2.11865
6.14748 ; 7.48853 ; -0.136468 ; -0.926328
7.05106 ; 3.5178 ; 2.00685 ; 6.13357
7.04409 ; 2.93926 ; -5.48033 ; 2.77848
4.43373 ; 4.03329 ; 6.31558 ; 6.44972
4.12751 ; 4.31912 ; 5.84908 ; 6.48815
6.75214 ; 5.79554 ; -6.33739 ; -6.42354
6.96159 ; 6.57245 ; -6.66157 ; 0.65733
6.66733 ; 6.06194 ; -4.90442 ; -6.6529
5.89863 ; 4.63046 ; -6.04848 ; 6.21492
3.47693 ; 3.43233 ; 1.9766 ; 6.19872
7.83744 ; 3.6908 ; -3.17495 ; 5.85568
3.89192 ; 7.1223 ; 4.59922 ; -4.59559
3.35257 ; 2.70799 ; 1.74945 ; 2.737
7.20614 ; 7.10883 ; -6.16822 ; -4.48701
5.59182 ; 6.80679 ; -3.96887 ; -4.09691
3.31889 ; 6.14952 ; 1.55164 ; -2.41906
4.49033 ; 6.7666 ; -2.06144 ; 2.0191
5.9067 ; 5.62566 ; 2.3079 ; -1.32823
5.71102 ; 5.41236 ; -6.09451 ; -6.16754
7.05771 ; 6.7178 ; 2.80709 ; -3.22486
3.93627 ; 5.36815 ; 4.8919 ; 3.05494
3.61522 ; 6.94647 ; 2.05114 ; -6.37331
3.82295 ; 3.7551 ; 2.62571 ; 3.76641
7.66298 ; 5.44029 ; -5.76065 ; -3.63375
5.53635 ; 6.45893 ; 2.66094 ; -6.70709
7.30797 ; 6.17364 ; -5.52948 ; -6.5521
4.33786 ; 5.90964 ; 6.3608 ; -6.12832
7.24734 ; 3.25446 ; -5.82109 ; -1.56758
7.36638 ; 6.63239 ; -1.45852 ; -6.77577
3.80792 ; 3.34332 ; -0.21351 ; 1.43273
7.71895 ; 4.82069 ; -2.32799 ; -1.93839
3.21502 ; 4.63347 ; 0.48182 ; -3.47385
7.67943 ; 6.71851 ; -5.19319 ; -2.9932
7.79911 ; 3.95694 ; -3.55322 ; 4.92986
7.28761 ; 2.95958 ; -3.70908 ; 2.12229
4.6594 ; 2.79761 ; 3.85078 ; 1.05103
7.63681 ; 3.40094 ; -4.76677 ; 5.74808
7.31022 ; 6.80982 ; -3.3399 ; -3.58803
6.40329 ; 6.01181 ; -6.52159 ; -5.50692
3.99931 ; 2.89267 ; 2.1829 ; 4.91656
6.24512 ; 6.0242 ; -6.0577 ; -6.51675
4.42239 ; 4.58768 ; 0.309631 ; 2.25105
7.64711 ; 6.37764 ; -3.24218 ; -4.27811
7.34137 ; 6.03508 ; -4.10116 ; -2.00469
5.49487 ; 7.05743 ; -4.04069 ; -3.60193
4.19206 ; 6.99091 ; 0.142918 ; -6.5596
6.58879 ; 6.00989 ; -6.54363 ; -6.02005
7.49359 ; 5.66867 ; -6.17407 ; 2.06729
7.30757 ; 4.14698 ; -5.9388 ; 4.61355
7.21514 ; 3.37132 ; -6.18051 ; 4.17173
5.90829 ; 4.47789 ; -1.42577 ; -1.41018
7.74489 ; 5.46203 ; -0.442011 ; 2.91475
7.41644 ; 7.058 ; -4.1321 ; -6.0342
7.12437 ; 4.45204 ; 1.29529 ; 0.431711
4.64913 ; 7.00953 ; 4.40291 ; -1.76405
8.1057 ; 5.30052 ; -1.53504 ; -3.91186
5.05923 ; 5.80777 ; 5.8077 ; -6.49686
3.71154 ; 2.90327 ; 2.31618 ; 3.90465
4.05778 ; 3.18139 ; 6.8139 ; 2.86296
6.86383 ; 2.68955 ; -3.85309 ; 2.45282
6.95365 ; 3.94257 ; 2.81561 ; -2.03268
7.38702 ; 3.21466 ; -0.953383 ; 5.96219
3.24477 ; 3.44542 ; 2.09448 ; -0.163729
6.81457 ; 6.32023 ; -6.58696 ; -6.16166
7.6878 ; 2.95103 ; -5.18803 ; 1.8642
6.98821 ; 7.15206 ; -4.00575 ; -5.62594
6.83953 ; 6.56111 ; -6.04486 ; -6.61259
5.29093 ; 5.55204 ; 1.3536 ; 2.74882
4.64817 ; 6.82541 ; 6.29288 ; -5.4831
3.82722 ; 3.99645 ; 4.47858 ; 4.67358
5.04824 ; 7.54218 ; -0.822915 ; -2.29701
6.4536 ; 5.75615 ; -6.37391 ; -6.37274
6.14796 ; 5.37529 ; -4.08461 ; -2.7402
4.6688 ; 3.17724 ; -2.5127 ; 1.93384
7.40363 ; 4.14218 ; -5.2458 ; 6.33856
3.40332 ; 6.63669 ; 2.47161 ; -5.24419
4.37163 ; 6.03601 ; 6.09767 ; -6.63968
7.49358 ; 4.63937 ; 1.05989 ; 3.24711
5.4454 ; 6.37976 ; 4.21541 ; -1.14851
7.60453 ; 7.41383 ; -1.70292 ; -1.1589
7.59128 ; 6.70157 ; -2.95443 ; -6.55339
5.05665 ; 5.26358 ; 6.29765 ; -6.15313
5.17415 ; 4.79431 ; 6.30545 ; 6.18521
6.33488 ; 3.36812 ; -5.54392 ; 5.7362
5.98285 ; 3.36882 ; -4.13921 ; 5.8087
3.35973 ; 4.10246 ; 3.37885 ; 2.1128
4.28682 ; 3.31336 ; 6.05014 ; 5.41572
4.71189 ; 6.16711 ; 6.551 ; -6.42377
4.8699 ; 2.97383 ; -2.24863 ; 0.0364375
7.21702 ; 6.62296 ; -6.48951 ; -4.78657
5.40808 ; 3.33228 ; 1.35484 ; 5.03193
6.26044 ; 5.74214 ; -6.31739 ; -6.4223
7.60776 ; 7.30882 ; -2.17815 ; -5.65176
5.93781 ; 7.32777 ; -1.37382 ; -5.4386
7.27108 ; 3.83626 ; -6.24396 ; 4.78233
3.0578 ; 3.82571 ; 2.30167 ; 0.819433
4.10759 ; 3.91396 ; 4.01815 ; 6.59404
4.3896 ; 5.98512 ; 5.71385 ; -6.6243
4.04975 ; 3.1784 ; 6.64514 ; 4.472
7.34316 ; 5.13593 ; -5.8312 ; 3.80326
7.37748 ; 4.33107 ; -2.76886 ; 3.21136
3.66164 ; 3.77462 ; 5.1741 ; 1.19211
7.8999 ; 7.25519 ; -2.00839 ; -4.70177
6.14993 ; 7.21485 ; -4.33411 ; -4.74446
7.84885 ; 7.16765 ; -4.90937 ; -1.88561
4.80942 ; 7.34285 ; 0.730714 ; -4.40935
3.22901 ; 3.98728 ; 3.49729 ; 1.28679
6.90871 ; 2.8713 ; -4.31627 ; 0.638343
6.57402 ; 3.12037 ; -0.530866 ; 4.35503
6.35315 ; 6.08472 ; -2.23303 ; -0.760092
6.32057 ; 2.83819 ; -0.406518 ; 0.973212
6.03591 ; 6.90374 ; 2.92802 ; -6.02664
8.05162 ; 5.08017 ; -3.72499 ; -0.418534
6.39207 ; 7.15324 ; 2.50686 ; -6.18601
3.11212 ; 3.87657 ; 1.33908 ; -2.25841
