5.37455 ; 7.30627 ; 3.13047 ; 0.383266
4.10576 ; 4.15677 ; 5.87874 ; -1.97386
4.36323 ; 5.26634 ; 5.20541 ; -1.72917
5.5685 ; 5.4074 ; -5.73033 ; -6.0281
6.41841 ; 5.95201 ; 0.870914 ; 3.55029
5.92334 ; 4.99221 ; -5.95804 ; -5.75932
5.73148 ; 5.25275 ; 3.62558 ; 1.79428
5.80833 ; 3.35387 ; 2.91614 ; -2.31286
3.46902 ; 4.68443 ; 3.53669 ; -3.70674
4.26245 ; 4.02389 ; 5.77526 ; 5.89559
4.12746 ; 6.57656 ; 5.66391 ; 0.859855
3.89025 ; 5.46509 ; -0.683079 ; 3.1466
7.65066 ; 6.87183 ; -4.49875 ; -1.64242
7.7721 ; 5.6964 ; -1.37737 ; -5.06161
3.70729 ; 6.4143 ; 1.64926 ; -2.81544
3.70935 ; 3.71935 ; 0.368552 ; 5.30847
7.00517 ; 6.89248 ; -5.01049 ; -3.04398
4.86525 ; 3.78094 ; 6.38596 ; 3.15645
6.14554 ; 5.80382 ; 1.23863 ; 0.432071
7.613 ; 4.52405 ; -0.868713 ; 2.94899
5.32731 ; 4.82572 ; 5.91678 ; 5.93595
5.9946 ; 4.32078 ; -6.14647 ; 5.68381
4.91409 ; 3.99981 ; 3.90891 ; 6.18904
3.56342 ; 5.01712 ; -1.12374 ; 2.79046
7.03448 ; 3.59624 ; -2.83981 ; 5.88704
3.53681 ; 4.07084 ; 3.24081 ; -2.33153
6.76398 ; 5.40186 ; 0.320555 ; -4.28455
7.40467 ; 5.06102 ; 1.94312 ; -1.96252
5.49673 ; 4.95357 ; -5.8226 ; -5.84346
4.4947 ; 7.33531 ; -0.460226 ; -0.110097
3.97024 ; 4.93074 ; 5.59726 ; 2.68907
6.35285 ; 6.78079 ; 1.47196 ; -5.55017
4.02112 ; 3.80613 ; 5.54719 ; 5.1598
5.09362 ; 3.68982 ; 6.28473 ; 0.433816
7.6548 ; 6.85519 ; -4.6449 ; -3.55269
4.50814 ; 6.23602 ; 6.05667 ; -6.14302
7.23234 ; 7.20276 ; -2.16746 ; -3.87382
6.98009 ; 6.49456 ; -4.26802 ; -6.08141
6.88006 ; 4.35271 ; -5.08576 ; 6.25594
7.93721 ; 3.49813 ; -2.84068 ; -0.477811
5.52795 ; 3.44804 ; -1.52123 ; -1.96877
5.95402 ; 4.50271 ; -2.14411 ; 6.16519
3.98534 ; 4.25302 ; -1.62854 ; -2.70784
5.23659 ; 6.6717 ; -2.70455 ; -4.74825
6.74466 ; 5.96593 ; -6.17519 ; 1.14037
6.31908 ; 6.32512 ; -2.80071 ; -5.00349
5.39107 ; 5.82936 ; 6.13667 ; -5.6619
6.91777 ; 5.24874 ; -5.13324 ; -1.8516
7.50892 ; 6.3358 ; -4.40673 ; -1.96553
5.26968 ; 5.16427 ; 6.0575 ; -5.9188
7.1754 ; 6.92042 ; -4.70098 ; -5.31945
5.38984 ; 5.39479 ; 6.03376 ; -6.07934
6.49978 ; 6.30204 ; -5.47207 ; -5.99335
6.0854 ; 4.59281 ; -6.10766 ; 5.45901
6.83178 ; 6.7579 ; 0.586924 ; -0.897686
7.24368 ; 5.98415 ; -5.12412 ; 2.87314
4.58743 ; 4.88309 ; 6.31398 ; -3.69447
7.19851 ; 4.34075 ; -5.20311 ; 5.79219
4.80653 ; 5.49363 ; 6.23948 ; -5.75304
4.07519 ; 3.61613 ; 5.60391 ; 5.75937
7.77267 ; 4.82876 ; 0.541798 ; -3.17083
6.11889 ; 5.88479 ; -5.61873 ; -5.96604
6.95379 ; 4.303 ; -5.24312 ; 6.22522
3.4539 ; 5.66649 ; 3.0169 ; -3.52745
5.68449 ; 5.47634 ; 5.83949 ; 5.69361
7.19605 ; 4.64767 ; -1.68953 ; 6.18697
4.22669 ; 6.64311 ; 6.17434 ; -4.69895
4.89692 ; 5.95144 ; 3.46805 ; -6.31946
7.26606 ; 6.40396 ; -4.7322 ; -6.43397
6.87213 ; 6.2829 ; -6.23241 ; 0.186532
3.40078 ; 5.77188 ; 2.67851 ; -3.74607
7.39863 ; 7.02995 ; -0.875619 ; -5.48069
4.56627 ; 6.14979 ; 5.83154 ; -6.30342
7.70114 ; 6.91235 ; -2.00059 ; -0.185997
7.09249 ; 4.17894 ; -5.9055 ; 1.77776
5.19749 ; 4.69738 ; 5.56831 ; 6.10777
4.74853 ; 6.64212 ; 6.27318 ; -4.44777
3.93129 ; 5.98465 ; 5.47373 ; -2.87138
5.72636 ; 6.46714 ; 2.17068 ; -6.2475
5.95285 ; 3.158 ; 2.76752 ; 4.76255
4.81402 ; 6.41377 ; 6.33773 ; -0.517892
4.62385 ; 4.86452 ; 5.23508 ; 4.88201
7.27574 ; 4.4506 ; -5.24121 ; 3.62209
6.78696 ; 6.057 ; -5.93695 ; -6.3107
4.70945 ; 4.20534 ; 6.26037 ; 4.56058
4.12884 ; 6.92374 ; 1.42853 ; -5.24134
3.79242 ; 4.7665 ; 5.24023 ; 4.48692
4.73095 ; 4.91447 ; 2.3789 ; 1.15851
3.78743 ; 6.5739 ; 4.01972 ; 1.15346
6.13042 ; 4.71187 ; -5.87288 ; 5.6342
7.02364 ; 4.60724 ; -5.31219 ; 6.10839
5.65388 ; 7.20958 ; -0.500681 ; -3.45578
5.58126 ; 5.98956 ; 2.8137 ; -3.29919
6.41336 ; 6.04899 ; 2.78422 ; -6.33428
4.20857 ; 4.69938 ; -0.777956 ; -4.12742
5.25763 ; 4.79136 ; 6.11062 ; 5.58502
7.91911 ; 3.08274 ; -3.0969 ; 1.02242
6.95465 ; 4.17592 ; -4.14373 ; -1.51454
3.8052 ; 6.10884 ; 0.703858 ; -6.0591
5.2654 ; 4.0435 ; 5.25561 ; 4.92084
6.58296 ; 4.72119 ; -5.98993 ; 5.86085
4.24831 ; 5.813 ; 5.69068 ; -6.04288
4.77661 ; 5.17137 ; 0.719849 ; -2.17454
3.89703 ; 3.8849 ; 5.8878 ; 0.482057
7.2124 ; 3.05854 ; -5.68835 ; 2.08781
6.58065 ; 5.61501 ; -5.67376 ; -6.30066
4.79415 ; 6.19339 ; 1.33154 ; 1.51826
5.79838 ; 3.17252 ; -4.49701 ; 4.08522
5.85925 ; 3.09083 ; 1.14876 ; 3.09252
4.48357 ; 3.04919 ; 6.04596 ; 2.34577
3.75267 ; 5.05558 ; 5.25812 ; 0.44525
7.46094 ; 3.28601 ; -1.69672 ; 4.22262
4.90482 ; 3.4936 ; 6.34381 ; 4.48769
5.3479 ; 7.00202 ; 2.80715 ; -5.51553
7.54539 ; 4.04864 ; -0.721944 ; 5.74617
4.09977 ; 3.41802 ; 5.84812 ; 4.9473
4.66437 ; 5.79613 ; 5.90412 ; -6.32198
5.69524 ; 7.26326 ; -3.79721 ; -4.32734
5.2388 ; 2.93099 ; 3.5841 ; -1.04666
6.44455 ; 3.26884 ; -5.82501 ; 3.3942
4.40874 ; 4.35066 ; 4.25726 ; 6.28091
7.79658 ; 3.59649 ; -3.24662 ; 3.22046
3.69048 ; 3.24372 ; -0.144895 ; 1.98852
6.85623 ; 6.82902 ; -0.408484 ; 1.91366
7.67081 ; 2.88668 ; -3.07663 ; 2.11724
6.19755 ; 3.69104 ; -4.14286 ; 0.0555242
5.84676 ; 4.2487 ; 2.64236 ; 3.72437
5.80887 ; 5.36556 ; -5.95693 ; -6.08916
7.2961 ; 3.75831 ; -5.8713 ; -2.0645
7.29024 ; 5.57596 ; -4.70819 ; 2.77532
4.56772 ; 5.5145 ; 6.24759 ; -5.20119
5.93352 ; 2.88242 ; 3.43476 ; 0.607635
6.60331 ; 4.80891 ; -6.02142 ; 5.75601
4.89588 ; 3.57083 ; -3.19007 ; 5.70632
4.0197 ; 5.07155 ; 2.38206 ; -2.62596
3.93113 ; 7.23713 ; 0.947557 ; -4.82513
6.6156 ; 3.97464 ; -6.22077 ; 5.69516
4.50921 ; 4.27718 ; 4.16582 ; 6.24207
4.73454 ; 4.06844 ; 5.31797 ; 6.13687
6.23519 ; 4.04235 ; 4.54919 ; 5.7236
4.5072 ; 6.95752 ; 5.67461 ; -4.28922
6.3604 ; 4.3773 ; 3.84817 ; 6.12351
3.6502 ; 3.30949 ; 3.37387 ; 5.06232
5.61975 ; 2.9763 ; 2.41314 ; 0.990352
5.73361 ; 6.50037 ; 4.05142 ; -6.11545
4.91044 ; 6.04191 ; 6.30572 ; -0.475562
7.12478 ; 4.10983 ; -1.36874 ; 6.14706
6.73185 ; 3.49498 ; -6.01349 ; 5.1489
6.47803 ; 4.25495 ; -6.19075 ; -3.6662
5.46083 ; 5.43004 ; -5.85749 ; -5.95087
7.46242 ; 7.32231 ; -2.71041 ; -3.7904
4.89485 ; 7.44927 ; 2.50273 ; -2.29405
5.88499 ; 4.9949 ; -5.93587 ; -5.875
4.16027 ; 5.56964 ; -0.285732 ; -0.145395
4.76413 ; 4.09848 ; 6.13694 ; 5.22797
5.61333 ; 3.81739 ; 4.38714 ; 4.07782
4.97869 ; 4.62571 ; -2.06552 ; -1.13002
4.21338 ; 6.81696 ; 3.63526 ; -4.28187
5.4966 ; 5.6685 ; 6.06768 ; -5.42263
6.4642 ; 7.00217 ; -6.0189 ; -4.35232
4.92496 ; 4.86632 ; 5.87302 ; 6.07978
7.22546 ; 4.25804 ; -5.95012 ; -0.214403
5.70654 ; 7.11178 ; 3.10203 ; -0.689201
3.92676 ; 3.59652 ; 4.9341 ; 5.89239
4.25387 ; 3.99625 ; 3.25191 ; 5.93195
7.32046 ; 5.03635 ; 0.201646 ; 0.926132
4.56671 ; 2.87527 ; -2.5186 ; -0.975226
6.96501 ; 4.55136 ; -4.13211 ; 6.2342
6.072 ; 6.54755 ; 3.52493 ; 2.80249
3.75244 ; 4.01471 ; -1.69981 ; -2.53767
4.07228 ; 4.0327 ; -0.992735 ; 6.17483
5.20027 ; 4.7915 ; 6.14286 ; 5.87231
4.26046 ; 6.24986 ; 3.65333 ; -5.71976
4.0919 ; 6.21956 ; 2.57279 ; -1.67888
4.93912 ; 4.35537 ; 4.88738 ; 5.13635
6.38873 ; 6.7159 ; -1.32655 ; -3.88977
7.3807 ; 6.84475 ; -2.73487 ; -6.04142
6.08914 ; 4.37394 ; -6.04715 ; 5.7705
7.62922 ; 5.17683 ; -3.26081 ; -1.85269
6.68037 ; 3.07367 ; -0.575915 ; 0.827508
5.32958 ; 3.90163 ; -2.1701 ; 3.76561
6.82751 ; 4.29502 ; -6.19289 ; -3.81224
4.08112 ; 6.89887 ; 5.28476 ; -5.06062
4.99484 ; 6.00007 ; 6.28519 ; -6.10545
4.81988 ; 6.60889 ; 4.44564 ; -4.79263
7.15064 ; 4.59166 ; -3.63869 ; 0.269828
6.73982 ; 6.99212 ; -5.32572 ; -4.6656
5.81998 ; 3.671 ; -3.71457 ; 5.52546
6.72941 ; 6.34557 ; -5.89954 ; -5.94758
4.19591 ; 5.99581 ; 4.2048 ; -6.46136
4.06626 ; 4.17609 ; -0.847093 ; 6.23542
4.51658 ; 4.22898 ; 2.29246 ; 3.25089
6.7863 ; 6.35461 ; -6.318 ; -4.80845
4.33266 ; 6.88964 ; 5.80715 ; -4.92714
7.01337 ; 7.11662 ; -5.84909 ; -0.523708
7.38536 ; 6.89314 ; -2.26984 ; -5.96727
5.32307 ; 5.30982 ; 6.11746 ; -5.81274
4.77599 ; 4.07619 ; 6.33748 ; -1.79973
5.79207 ; 4.35207 ; -5.89256 ; 5.9625
5.77237 ; 5.97443 ; -6.07204 ; -5.80173
6.26763 ; 4.37533 ; 5.51996 ; -5.45079
6.09179 ; 5.02043 ; -6.01314 ; 5.93
6.42175 ; 7.26155 ; -4.24983 ; 0.28296
3.5954 ; 4.00495 ; 2.67395 ; 6.14541
5.91616 ; 5.2978 ; -6.00429 ; -6.07768
6.09778 ; 6.4403 ; -5.37592 ; -6.11761
5.59642 ; 5.26109 ; -5.86661 ; 5.74503
6.47333 ; 4.1383 ; -3.97372 ; 5.97556
6.99434 ; 5.43557 ; 1.80128 ; 3.5597
7.49946 ; 6.56083 ; -2.10596 ; 1.71194
4.74365 ; 5.28999 ; 5.92265 ; -6.06171
4.67897 ; 6.82127 ; 1.92233 ; -1.60894
3.78226 ; 4.92693 ; 3.69953 ; -4.82984
4.34252 ; 6.95177 ; 5.04319 ; -3.05952
6.57329 ; 4.25259 ; -2.36843 ; -2.93852
7.94202 ; 5.63207 ; -2.93445 ; -3.48504
7.04318 ; 5.44082 ; -5.4661 ; -6.10478
6.5586 ; 4.7752 ; -5.68687 ; 6.10912
6.10317 ; 5.59074 ; -6.0914 ; -6.19459
6.49204 ; 6.4352 ; -4.60751 ; -6.01131
6.24658 ; 5.81169 ; -6.14545 ; -6.24191
3.60809 ; 3.95418 ; 2.25808 ; 6.13957
5.55332 ; 5.56504 ; 5.97695 ; -6.00568
3.72159 ; 6.76878 ; 2.87626 ; -5.96331
4.40459 ; 3.91774 ; 6.22586 ; 3.54798
4.12442 ; 6.16611 ; 5.02021 ; -6.42788
4.00165 ; 5.92309 ; 1.69977 ; -6.43628
7.15565 ; 3.58426 ; -5.80149 ; 4.78704
4.21806 ; 5.47021 ; 5.97945 ; -3.21425
4.11397 ; 4.18283 ; 2.32373 ; 6.30163
7.62739 ; 2.82749 ; 0.402385 ; 2.43548
7.2504 ; 3.67793 ; -5.91053 ; 0.371503
7.48835 ; 3.18329 ; -4.52503 ; 2.36735
4.40064 ; 5.96154 ; 1.6531 ; -5.2095
7.51937 ; 3.50233 ; -5.23035 ; 1.49142
7.65362 ; 3.83776 ; -3.79672 ; 1.41695
5.91697 ; 4.60398 ; -5.99775 ; 5.95073
7.32463 ; 4.10286 ; -1.80216 ; 6.32678
6.79799 ; 3.92288 ; -0.917047 ; 5.97541
6.62781 ; 5.51665 ; -4.42209 ; -6.24124
5.80434 ; 5.03223 ; 5.78169 ; -5.87895
5.27537 ; 5.36132 ; -3.55867 ; 2.05921
4.89673 ; 4.68114 ; 6.21017 ; 5.08828
7.00491 ; 3.09562 ; 1.28699 ; 2.53365
6.44395 ; 6.21206 ; -0.487531 ; -6.42915
6.95534 ; 4.43066 ; -5.21787 ; 4.54028
6.64792 ; 2.69661 ; 2.95741 ; 2.15182
6.33613 ; 4.0705 ; -6.16452 ; 5.87569
5.62355 ; 4.80036 ; 5.91432 ; -5.64365
6.90076 ; 5.88608 ; -2.76496 ; 0.612207
3.98331 ; 3.11118 ; 2.95304 ; 4.50172
6.76788 ; 3.50754 ; -1.14401 ; 5.84013
6.27857 ; 3.84017 ; -6.10649 ; 5.65066
4.29234 ; 3.93299 ; -0.253861 ; 3.31655
7.22744 ; 3.42741 ; -0.104518 ; 4.80065
6.81491 ; 3.9895 ; 3.0508 ; 4.05231
5.86455 ; 5.07751 ; -6.02589 ; 5.37917
7.73794 ; 6.26399 ; -4.02232 ; -0.289963
7.19566 ; 3.23692 ; -5.39008 ; 2.53372
6.77459 ; 3.52786 ; -6.33158 ; -0.5441
4.15986 ; 4.2567 ; 3.48841 ; 6.23125
3.69906 ; 5.1929 ; 4.62208 ; 0.169937
4.54061 ; 5.7161 ; 6.03808 ; -5.91021
6.1868 ; 3.79154 ; -6.12716 ; 5.43212
5.23055 ; 4.34828 ; 6.21555 ; 5.52319
3.96804 ; 3.77854 ; 4.82706 ; 6.07553
4.55114 ; 4.19572 ; 3.06557 ; 6.19962
5.464 ; 5.36006 ; 5.94761 ; -6.00836
5.58217 ; 4.63428 ; -5.83693 ; -5.58411
5.4606 ; 6.83829 ; -3.27034 ; -5.587
4.678 ; 7.1799 ; 1.80841 ; -4.96786
7.74093 ; 6.6947 ; -1.13739 ; -3.69286
5.98902 ; 4.68503 ; -4.99792 ; 6.10172
4.98773 ; 5.16544 ; 6.04427 ; -5.96858
3.63569 ; 3.89985 ; 0.802962 ; 4.98811
7.37816 ; 3.70263 ; -4.73266 ; 5.98234
7.47265 ; 6.38973 ; -0.829766 ; -6.51181
6.58513 ; 6.69739 ; 0.420652 ; -2.2245
6.38656 ; 3.3443 ; -4.09549 ; -0.542793
6.30975 ; 6.92227 ; 1.32832 ; -3.99794
4.57846 ; 4.92881 ; 3.58758 ; 2.14943
5.39429 ; 4.79947 ; -5.728 ; -5.76696
6.94304 ; 5.72966 ; -5.30634 ; -6.36326
6.92771 ; 6.19116 ; 2.29423 ; 2.65644
4.66146 ; 5.86647 ; 6.31428 ; -3.71658
7.35161 ; 5.93391 ; -3.46422 ; -2.68706
4.14499 ; 5.70495 ; 5.53182 ; -3.2611
3.75253 ; 3.8553 ; -0.615258 ; 4.93819
5.65873 ; 3.77608 ; -3.47601 ; -2.99371
6.45337 ; 3.49236 ; -3.91941 ; 1.87126
4.34103 ; 4.74179 ; 6.25443 ; 0.47939
4.22633 ; 6.63006 ; -0.672618 ; -6.22334
5.37171 ; 4.65236 ; 6.03758 ; -5.28058
5.70749 ; 5.01053 ; 5.8595 ; -5.87167
5.9449 ; 5.5949 ; -6.04735 ; -6.0623
5.38283 ; 3.90657 ; 3.39415 ; 6.14239
7.15711 ; 5.04202 ; -1.73043 ; -2.14836
5.83041 ; 5.1568 ; -5.9485 ; -5.98304
5.77586 ; 4.21159 ; 3.59332 ; 6.09661
4.02234 ; 6.85751 ; -0.776786 ; 1.91696
5.92151 ; 5.16824 ; 5.72606 ; 5.7914
6.32827 ; 4.19473 ; -4.38518 ; 4.68348
6.26258 ; 5.12293 ; -6.20951 ; -0.627838
5.54317 ; 7.0897 ; -1.06043 ; -1.22043
4.76674 ; 5.46501 ; 6.01908 ; -6.12731
6.33069 ; 3.0208 ; 1.84875 ; 2.7697
4.84013 ; 6.32504 ; 4.83458 ; -6.23033
6.21679 ; 5.05954 ; -5.93254 ; 5.92334
3.68214 ; 5.60125 ; 3.83918 ; -6.0285
5.35725 ; 3.73152 ; 6.18658 ; 3.32546
6.9073 ; 5.66663 ; -6.1863 ; 1.9256
5.40672 ; 5.77337 ; -1.29523 ; -6.28472
6.68654 ; 3.70473 ; 2.29824 ; 5.96838
3.36179 ; 4.51011 ; 2.27676 ; -0.397721
7.00671 ; 5.30217 ; -5.72846 ; 1.50762
6.58471 ; 6.56621 ; -2.10592 ; -3.76093
6.35203 ; 6.62646 ; 1.18168 ; 0.977632
4.61677 ; 3.37876 ; 6.08968 ; -2.54005
4.78286 ; 2.77667 ; -2.52245 ; 0.981356
3.65853 ; 3.37067 ; 3.76456 ; 5.12098
3.61488 ; 6.40725 ; -1.16238 ; 1.16476
5.50789 ; 5.04396 ; 6.0015 ; 5.84439
5.91319 ; 4.66918 ; -6.07253 ; 5.82872
6.57409 ; 3.60999 ; -5.93927 ; 5.39114
5.24841 ; 4.88138 ; 6.09741 ; -5.35473
7.77648 ; 4.42451 ; -3.16926 ; -2.95187
4.26042 ; 3.12856 ; -2.13998 ; 1.81558
7.21946 ; 5.46843 ; -4.15345 ; 2.67656
6.71295 ; 4.83063 ; -6.26211 ; -0.875184
7.26108 ; 6.69111 ; -3.82251 ; 1.46291
6.47966 ; 4.5301 ; -6.23454 ; 5.04963
5.21369 ; 6.34974 ; 4.89347 ; -6.22509
6.55558 ; 5.50199 ; -5.75566 ; -6.09176
4.02619 ; 3.40072 ; -2.00937 ; 4.5145
7.57382 ; 3.88389 ; -5.2175 ; 0.376531
4.67791 ; 4.3945 ; 0.175331 ; 4.46651
3.72888 ; 3.84562 ; 1.5486 ; -1.65312
7.27938 ; 6.85333 ; -5.85748 ; 0.426484
5.07798 ; 5.60615 ; 6.17095 ; -6.14639
6.18258 ; 5.74969 ; -6.21229 ; -5.9794
3.83284 ; 3.40616 ; 2.28276 ; 3.13851
4.06399 ; 5.20902 ; 4.71304 ; -4.86685
4.61494 ; 5.92718 ; 5.83592 ; -6.05689
7.02644 ; 3.35131 ; -1.81545 ; 5.40937
5.75778 ; 6.78584 ; 4.06828 ; -2.47485
3.89505 ; 6.71178 ; 5.70724 ; -1.19503
7.3673 ; 3.89524 ; 0.24812 ; 5.76717
6.49103 ; 5.51302 ; -5.88383 ; -6.24893
6.3576 ; 5.08023 ; -6.0945 ; -5.72928
4.14719 ; 4.47919 ; 4.61624 ; 6.23182
5.62968 ; 5.08472 ; -5.80783 ; 5.79417
5.61447 ; 5.05448 ; 5.78501 ; 5.90528
6.40772 ; 7.5674 ; 2.08047 ; -1.49474
7.94303 ; 7.16325 ; -2.69606 ; -1.4814
6.18491 ; 2.97523 ; -5.11784 ; 1.44249
3.67184 ; 4.24987 ; 2.83166 ; 5.74012
4.58306 ; 6.0879 ; 5.86419 ; -5.93964
5.83112 ; 3.63968 ; 3.01917 ; 5.44604
4.77103 ; 5.85966 ; 5.40366 ; -6.29609
5.05178 ; 7.01794 ; 3.25807 ; -0.215459
4.30659 ; 4.64696 ; 2.66849 ; -1.26903
7.99397 ; 6.98745 ; -2.5721 ; -0.543035
7.1621 ; 3.22268 ; -6.09858 ; 3.21046
4.22584 ; 6.23259 ; 5.9769 ; -5.23537
6.71481 ; 3.94986 ; -5.23089 ; 5.39997
4.13091 ; 4.06277 ; 5.90657 ; -2.84369
6.19359 ; 6.42386 ; -6.28096 ; -4.48117
6.32637 ; 5.94043 ; -6.04139 ; -6.07926
7.28257 ; 3.75947 ; -5.41289 ; 3.16661
5.74282 ; 6.08545 ; -3.20202 ; -6.31598
6.7136 ; 4.81236 ; -6.24221 ; 4.0766
5.70134 ; 5.4894 ; -5.96223 ; -5.95329
3.9585 ; 3.963 ; -0.827029 ; 6.19558
6.84658 ; 7.27204 ; 0.708377 ; -0.506433
4.85926 ; 2.81196 ; 0.846794 ; 2.14518
7.69359 ; 5.70735 ; -3.1023 ; -6.03309
6.74457 ; 3.3216 ; -5.32182 ; 3.55157
5.61999 ; 5.30508 ; 5.93434 ; -6.01581
7.05898 ; 4.81287 ; -3.78173 ; -3.43191
7.45382 ; 3.17131 ; -2.6816 ; 0.683324
7.16406 ; 4.48742 ; -5.26893 ; 5.67477
6.56891 ; 6.51369 ; -4.5655 ; 2.62626
6.83484 ; 6.837 ; -6.30568 ; -2.80089
6.31409 ; 3.54025 ; -4.74934 ; -1.60083
7.11983 ; 6.03704 ; -3.73621 ; -4.80931
4.66118 ; 3.90782 ; 6.3628 ; 5.47164
4.95491 ; 5.93222 ; 6.29492 ; -5.87573
4.95189 ; 4.1182 ; 6.08009 ; 5.84867
4.02465 ; 4.11907 ; -0.764372 ; 6.26211
6.77442 ; 6.58796 ; 2.01611 ; -4.19981
4.88462 ; 3.55911 ; 6.34865 ; 4.99608
6.87852 ; 4.65823 ; -5.60102 ; 6.06014
3.90616 ; 6.40844 ; 3.72223 ; -6.40258
7.76234 ; 4.24191 ; -2.19193 ; 5.80061
7.27874 ; 6.36843 ; -3.56183 ; -4.23549
4.24092 ; 3.98047 ; 6.13423 ; 5.42608
4.05607 ; 7.11685 ; 0.911216 ; -0.680983
3.36491 ; 4.13783 ; 3.34623 ; -2.21956
6.47762 ; 5.34039 ; 3.22367 ; 3.16699
6.4746 ; 4.2848 ; 3.03193 ; 6.13522
6.06428 ; 5.98922 ; -6.16703 ; -6.06494
6.79658 ; 5.17257 ; -5.98264 ; 3.55876
3.88603 ; 3.02741 ; 3.87873 ; 3.74005
6.98273 ; 5.5177 ; -6.2321 ; 0.0921353
7.76408 ; 5.52372 ; -3.2213 ; 3.68295
6.77112 ; 6.9849 ; -6.29184 ; -3.44629
4.45803 ; 6.56873 ; 6.20295 ; -5.76451
5.93144 ; 4.51836 ; -5.85477 ; 5.90662
7.39303 ; 6.71945 ; -4.65902 ; -3.47585
6.73122 ; 4.76618 ; -6.15913 ; 3.01344
6.55359 ; 4.96934 ; -0.225858 ; -3.80502
6.57575 ; 2.82307 ; 2.36487 ; 1.25769
6.23899 ; 6.00694 ; -2.31463 ; -6.35708
5.79235 ; 6.03385 ; 4.77053 ; -6.16598
3.75947 ; 7.09292 ; 4.64324 ; -4.66552
6.11503 ; 5.23028 ; 3.09675 ; 1.43999
4.06356 ; 4.00896 ; 5.80285 ; 5.53761
4.31686 ; 3.11006 ; 6.33373 ; 0.417792
5.39711 ; 5.26255 ; 5.97205 ; -6.01486
6.38457 ; 5.84234 ; -5.61371 ; -6.27139
3.81198 ; 5.12749 ; 4.88506 ; -2.20276
6.75815 ; 5.0326 ; -6.28342 ; -0.611052
5.01011 ; 6.94089 ; -2.16622 ; -0.254898
5.13137 ; 6.7786 ; 4.91242 ; -1.96847
4.82004 ; 3.12687 ; 2.26328 ; 3.62043
5.00385 ; 5.88275 ; 6.28814 ; -4.42554
7.0267 ; 6.90405 ; -5.10662 ; -4.97761
6.97314 ; 4.41741 ; -2.02047 ; 6.23963
7.06274 ; 6.56897 ; -5.73085 ; -3.34511
3.76116 ; 4.98859 ; 4.7109 ; 4.80014
4.81955 ; 5.31211 ; 6.27471 ; 4.48172
6.67711 ; 6.55782 ; -3.88356 ; 2.47092
7.05691 ; 6.65155 ; -5.0859 ; 2.18253
4.33634 ; 5.67303 ; 1.63967 ; 2.90197
5.03272 ; 6.03917 ; 6.25289 ; -5.42125
7.37913 ; 3.00495 ; -4.99015 ; 0.718432
4.22422 ; 3.40775 ; 2.62265 ; 5.62771
7.32452 ; 4.55864 ; -4.97983 ; 5.22439
5.32881 ; 5.77016 ; 5.94203 ; -6.06075
4.50774 ; 5.65772 ; 6.33517 ; 2.65115
7.83261 ; 3.68574 ; -2.52345 ; -2.3594
7.21275 ; 6.49435 ; -5.96921 ; -0.266623
6.53378 ; 3.90483 ; -2.57412 ; -1.63456
4.4586 ; 3.94201 ; 6.24969 ; 5.42305
7.63143 ; 2.9283 ; -2.89105 ; 0.569196
6.00011 ; 4.29869 ; -2.4661 ; 4.76694
5.43493 ; 5.64376 ; 5.35025 ; -5.48029
6.56571 ; 6.24485 ; -5.92304 ; -5.65558
4.07522 ; 4.19198 ; 4.65144 ; 5.11828
5.01652 ; 4.19037 ; 6.20194 ; 5.87332
3.38834 ; 6.87905 ; 2.61773 ; -2.40398
4.66058 ; 5.90344 ; -0.883637 ; -4.80238
5.53001 ; 4.36484 ; -3.38748 ; 0.407221
6.65743 ; 6.56184 ; -5.70712 ; -5.09192
4.31718 ; 4.70486 ; 4.60548 ; 6.19346
5.66164 ; 6.92794 ; 0.392345 ; -5.77146
4.36791 ; 4.35002 ; 5.55435 ; 6.29542
5.52283 ; 4.29999 ; -5.12859 ; 5.89832
7.61504 ; 3.64336 ; 1.40523 ; 1.44458
7.68188 ; 5.90411 ; -1.83524 ; -6.37444
5.1849 ; 5.52979 ; 6.13951 ; -6.0299
4.58458 ; 6.04756 ; 5.93299 ; -6.29355
6.94991 ; 5.33391 ; -5.84358 ; -5.22537
3.71747 ; 5.30818 ; 5.29483 ; -3.13815
3.3876 ; 4.47889 ; 3.89144 ; 0.781032
6.27549 ; 4.12226 ; 0.410701 ; 6.20353
6.61749 ; 4.23916 ; -1.78726 ; -0.614716
5.32217 ; 3.83168 ; -0.0209669 ; 5.75467
5.81987 ; 6.04384 ; 5.42205 ; -6.01188
3.93769 ; 4.58154 ; 4.44977 ; 6.21582
5.35666 ; 4.94124 ; 5.88026 ; -5.88192
4.79319 ; 4.99539 ; 5.81008 ; 6.03317
3.85668 ; 4.88658 ; 3.58984 ; -3.6035
3.24437 ; 4.00534 ; 2.31573 ; -0.716202
4.85109 ; 5.70113 ; 6.3145 ; -0.954836
4.67783 ; 3.05281 ; -1.58847 ; 4.37299
5.90263 ; 4.95867 ; 5.58441 ; -5.85728
5.86708 ; 7.25466 ; -4.77803 ; -4.01059
4.84358 ; 4.20099 ; 5.28372 ; 5.95476
4.82704 ; 4.63911 ; 6.02923 ; 6.1517
6.40533 ; 4.67212 ; -6.04093 ; 6.04929
6.78488 ; 6.95973 ; -5.02224 ; -0.535487
7.22167 ; 4.44086 ; 0.613392 ; 6.2125
4.42887 ; 4.12213 ; 6.25758 ; 3.38029
7.12521 ; 6.8546 ; -5.91221 ; -3.40154
4.48187 ; 3.67151 ; 6.27077 ; 0.520931
5.37414 ; 3.53797 ; 5.50981 ; 5.1345
4.04575 ; 4.4711 ; -0.400704 ; 6.2321
5.67487 ; 7.25991 ; -0.314762 ; 0.000802517
4.44743 ; 5.33373 ; 6.26086 ; 3.6742
4.18261 ; 6.60471 ; 6.3102 ; -1.63779
4.29503 ; 3.93132 ; 1.56092 ; -0.17189
4.4222 ; 5.09295 ; 6.30369 ; -1.15429
5.3948 ; 4.20971 ; 6.09224 ; 5.7885
6.33267 ; 4.84342 ; -5.96334 ; 5.93978
7.14275 ; 4.21361 ; -5.88684 ; 0.49809
7.43189 ; 6.71588 ; -1.26977 ; -6.32153
7.06257 ; 6.84676 ; 2.11294 ; -6.02711
6.10246 ; 4.2605 ; -6.17903 ; 4.95693
7.01412 ; 3.52147 ; -3.72973 ; 4.88535
7.17881 ; 4.3661 ; -5.31172 ; 1.7521
6.40781 ; 5.70436 ; -5.59852 ; -6.29344
5.65774 ; 5.37199 ; 1.29459 ; -4.44953
5.83137 ; 5.1451 ; 5.8484 ; 5.7445
7.47938 ; 6.44522 ; -4.87229 ; -5.80061
5.64758 ; 5.60605 ; 2.37706 ; -0.0609187
5.23661 ; 4.68554 ; 6.14375 ; 5.60742
5.86916 ; 4.0677 ; -6.10489 ; 4.78249
7.69516 ; 6.30771 ; -4.11481 ; -5.0457
6.79363 ; 5.6313 ; -5.74953 ; 3.21343
6.66539 ; 4.35343 ; -1.55429 ; -1.94849
6.45219 ; 4.47588 ; -4.79919 ; 6.18516
4.7369 ; 6.0921 ; 4.79894 ; -6.16212
6.83241 ; 4.74644 ; -5.09108 ; -1.42786
5.7913 ; 5.28172 ; -5.93549 ; -6.05226
7.49813 ; 4.97421 ; -4.90379 ; 4.82114
7.26841 ; 5.22753 ; -5.48346 ; -4.77886
4.99608 ; 5.09146 ; 6.00072 ; -5.89565
3.55869 ; 6.52777 ; 0.426843 ; -2.37244
4.0661 ; 6.23115 ; 5.78355 ; 2.05831
7.40602 ; 3.89658 ; -0.459759 ; 1.13738
7.21872 ; 6.87458 ; -5.84539 ; -3.27873
3.57454 ; 4.20231 ; -1.67608 ; -1.8188
7.73838 ; 5.90722 ; -0.970392 ; -5.19825
7.61723 ; 5.8759 ; 1.85244 ; -2.87683
5.92843 ; 3.99483 ; -3.21785 ; -2.27348
4.51792 ; 4.14449 ; 6.35096 ; -0.0671539
6.27263 ; 3.45617 ; -3.94765 ; 5.24974
6.74671 ; 3.96802 ; -6.31355 ; 0.205696
5.98905 ; 6.57859 ; -1.49716 ; -3.78478
4.06587 ; 3.40754 ; 2.64364 ; 5.21477
6.20133 ; 6.85056 ; -1.76907 ; -5.54286
5.14093 ; 4.5444 ; 6.20094 ; 6.06419
6.85216 ; 7.00998 ; -2.09802 ; -4.89327
5.36346 ; 3.84991 ; -1.91273 ; 3.49075
5.09907 ; 4.54409 ; 2.41871 ; 3.08702
3.6526 ; 4.08668 ; 4.28158 ; 5.14382
5.99448 ; 4.0614 ; -6.16746 ; 4.89293
7.42897 ; 5.93333 ; -1.70407 ; -4.80115
7.81961 ; 4.23177 ; -3.25696 ; 3.6511
7.43805 ; 7.07119 ; -4.0843 ; -5.12044
5.06762 ; 4.02564 ; 2.7372 ; 6.20933
7.68922 ; 4.49418 ; -4.64136 ; -1.38077
4.31934 ; 4.33321 ; -1.14259 ; 4.38607
3.96258 ; 5.98395 ; 2.05194 ; -4.10388
4.94546 ; 6.19872 ; 2.57081 ; -3.40068
5.77961 ; 5.37563 ; 5.81265 ; -6.00687
7.4542 ; 4.31542 ; -4.13699 ; 2.36812
7.47768 ; 3.56821 ; -4.9563 ; 5.04489
4.85415 ; 6.27628 ; 6.38367 ; -5.38838
3.28355 ; 4.07424 ; 1.2354 ; 2.34849
5.26605 ; 5.68984 ; -1.22565 ; -4.28795
4.00539 ; 6.41375 ; 3.03766 ; -0.146001
7.62581 ; 4.93657 ; -3.85497 ; -2.12432
7.48553 ; 5.4434 ; -5.13322 ; -0.609662
4.48764 ; 4.46937 ; 5.15803 ; 4.45188
4.00995 ; 6.70565 ; 4.27748 ; -5.75016
4.34762 ; 3.78478 ; 5.61133 ; -3.3555
6.41356 ; 3.91088 ; -3.8592 ; -3.40056
5.47516 ; 5.44233 ; 5.69508 ; -6.13391
5.65426 ; 5.42782 ; 5.79629 ; -6.04516
5.84365 ; 4.31807 ; -5.84912 ; 5.80817
6.45602 ; 4.75184 ; -6.16002 ; 5.58237
4.55544 ; 5.24223 ; 6.23898 ; 4.18817
5.82136 ; 3.82712 ; 3.81718 ; 3.27307
4.50866 ; 6.22284 ; -2.275 ; -6.32525
4.62381 ; 2.72795 ; -1.7748 ; 2.64184
3.60673 ; 4.16084 ; 2.00423 ; 5.49018
5.36064 ; 6.72101 ; 2.57541 ; -5.93619
5.48714 ; 5.28016 ; -5.81489 ; 5.75367
7.30678 ; 6.46868 ; -2.37464 ; -6.46004
3.44742 ; 3.31454 ; 1.38636 ; -0.682124
3.53548 ; 6.75177 ; 3.96967 ; 0.500739
4.13113 ; 3.57886 ; 5.56791 ; 4.49479
4.20825 ; 4.69567 ; 6.11759 ; -4.06632
5.23952 ; 6.38975 ; -2.28662 ; -6.02492
4.86901 ; 4.07882 ; 4.95532 ; 5.92929
6.57193 ; 6.25312 ; -6.26889 ; 2.69209
6.65474 ; 5.8566 ; -6.28293 ; 1.74953
5.67188 ; 5.65856 ; 5.87107 ; -6.1099
6.14717 ; 4.25599 ; -5.86737 ; 5.92668
3.9431 ; 2.98211 ; 1.25845 ; 3.37606
4.78108 ; 6.31904 ; -3.12649 ; -6.33634
4.10623 ; 5.52624 ; 1.00786 ; -6.2341
5.13474 ; 3.65417 ; 5.96643 ; 5.37274
4.63291 ; 3.88635 ; 4.91225 ; -0.710646
4.01128 ; 3.34564 ; 5.96432 ; 3.86192
5.84157 ; 3.31107 ; -0.177253 ; 4.993
7.31017 ; 7.19679 ; -4.68064 ; -3.66232
8.00682 ; 5.64037 ; 0.251513 ; 2.56831
3.64998 ; 3.63331 ; 3.75506 ; 5.60871
5.24344 ; 5.82801 ; 3.80504 ; 3.74776
5.61813 ; 5.17861 ; -5.81704 ; -5.93493
7.2879 ; 5.40791 ; -5.10133 ; 1.66914
5.96065 ; 4.69901 ; -4.73443 ; 6.08978
5.21318 ; 5.95905 ; 6.19916 ; -5.39734
3.76958 ; 4.06029 ; 3.4573 ; 6.04597
6.20132 ; 4.52781 ; -6.16536 ; 5.78225
4.14778 ; 5.55499 ; 1.78536 ; 3.31213
4.12782 ; 6.11922 ; 3.47442 ; -6.0091
4.36173 ; 6.8331 ; 4.14759 ; -5.36057
7.31244 ; 6.35943 ; -5.33393 ; 2.33447
7.69878 ; 3.58774 ; -0.661388 ; 5.07983
6.93375 ; 6.61266 ; -4.82975 ; -6.18582
4.90578 ; 6.38916 ; 1.19937 ; 2.12281
5.42112 ; 5.10718 ; -5.59074 ; 5.85731
4.62193 ; 7.02795 ; -0.118739 ; -2.59761
5.76787 ; 5.05102 ; 5.75313 ; 5.87116
6.03304 ; 5.34199 ; 5.71274 ; 5.6518
6.7538 ; 5.3283 ; -5.99186 ; -5.83288
4.6778 ; 4.17667 ; 5.16645 ; 6.0748
5.57317 ; 4.11547 ; -3.74206 ; 6.02641
3.94976 ; 6.82628 ; 2.95761 ; 0.506796
4.77249 ; 6.68551 ; -2.62747 ; -6.01847
3.9303 ; 6.86013 ; 5.30469 ; -5.02966
7.05383 ; 6.39564 ; -6.11185 ; -4.54201
6.50153 ; 3.53238 ; -3.04557 ; 3.73478
5.21663 ; 6.32217 ; 4.67508 ; -3.67356
3.29273 ; 4.07113 ; 3.4629 ; -0.851877
4.97928 ; 4.07968 ; 5.05358 ; 6.16964
6.06765 ; 5.89718 ; -6.0913 ; -6.06434
7.61615 ; 3.35872 ; -3.76623 ; 1.00347
5.57187 ; 4.61565 ; 6.0312 ; 5.85541
4.6331 ; 3.80167 ; 6.25699 ; -2.74392
5.74887 ; 6.93111 ; 1.43166 ; -5.57895
6.98923 ; 4.63284 ; -0.830917 ; 1.72724
4.72016 ; 2.99813 ; 5.03221 ; 3.51465
4.95045 ; 6.0136 ; 5.46949 ; -6.29561
5.61639 ; 7.33805 ; -3.29827 ; -0.0135083
5.06086 ; 4.20614 ; 6.25033 ; 5.17995
5.35601 ; 6.4181 ; 2.96935 ; -6.26043
3.71634 ; 4.27737 ; 5.05274 ; 0.774093
6.98275 ; 7.32778 ; -4.97322 ; -2.3052
5.64939 ; 4.82842 ; -5.88047 ; 5.93206
6.18175 ; 4.47438 ; -6.14041 ; 5.61117
5.60829 ; 4.9424 ; -5.83468 ; -5.86046
6.55369 ; 6.09401 ; -5.77877 ; -5.81998
3.43224 ; 6.21239 ; 4.07066 ; 0.545182
4.94011 ; 3.6836 ; 4.43163 ; 1.17111
4.81881 ; 5.49849 ; 2.03215 ; 1.69468
6.68369 ; 3.36783 ; -5.70768 ; 1.55769
6.95241 ; 6.42579 ; -6.08497 ; -4.16127
6.23568 ; 4.98892 ; -6.1512 ; 5.1907
5.7579 ; 5.14048 ; 5.71508 ; -5.91656
5.97485 ; 7.01865 ; 0.241484 ; -5.09489
6.44527 ; 6.11866 ; -5.33649 ; -5.03759
5.67927 ; 6.24876 ; -2.50742 ; -5.95265
7.8199 ; 6.10732 ; -0.707255 ; 2.36655
7.28344 ; 6.87691 ; -1.14185 ; -5.80301
4.72927 ; 3.45174 ; 0.568775 ; -2.14386
4.69959 ; 6.89259 ; 4.09912 ; 0.159441
6.95288 ; 6.07409 ; -1.20276 ; -6.42393
5.40774 ; 3.94122 ; -3.42843 ; 6.02235
3.61629 ; 3.96682 ; 0.486939 ; 6.15312
7.90733 ; 3.51398 ; -2.602 ; 3.19187
5.72176 ; 4.86772 ; 5.84091 ; -5.74908
5.74861 ; 5.97928 ; -3.7637 ; 0.595024
4.88589 ; 7.37975 ; -2.61109 ; -2.42969
7.36696 ; 6.64792 ; -5.23179 ; -5.73034
5.47051 ; 4.82878 ; 5.90188 ; 5.97109
6.23969 ; 4.42522 ; -4.74885 ; 4.46083
7.45306 ; 3.55478 ; 1.23187 ; 3.93815
7.34508 ; 3.64926 ; -5.11075 ; 5.86073
4.92626 ; 3.56231 ; 3.52992 ; 4.30139
6.69647 ; 5.89915 ; 0.836001 ; -6.35362
3.41279 ; 6.37873 ; 3.79446 ; -0.839796
3.94611 ; 2.88627 ; 2.16012 ; 0.0188159
5.28322 ; 4.42454 ; 6.05595 ; -5.22916
4.19194 ; 6.74792 ; 1.29537 ; -3.12898
5.13568 ; 6.25756 ; 6.25769 ; -3.34586
4.93657 ; 5.11125 ; 6.13338 ; 5.69836
3.7578 ; 2.9076 ; 2.41895 ; 2.03934
3.98213 ; 6.66285 ; 4.35824 ; 0.775129
5.99377 ; 3.92554 ; -3.67474 ; 6.09596
3.7502 ; 3.44049 ; 5.47838 ; -0.266917
3.93993 ; 5.53069 ; 5.46145 ; -0.000845313
5.99665 ; 5.63955 ; -5.92507 ; -6.17419
7.0858 ; 6.01786 ; -5.8184 ; -0.504645
5.55899 ; 6.86465 ; -4.00896 ; -3.72104
3.89662 ; 4.33177 ; 4.79534 ; 5.39702
6.8675 ; 5.64412 ; -6.06829 ; 4.44062
6.10382 ; 3.37712 ; 2.90097 ; 1.30168
5.02648 ; 6.74612 ; 4.37394 ; -5.21679
5.46532 ; 3.81785 ; 0.461182 ; 2.2762
3.38955 ; 4.02324 ; 3.31923 ; 1.95649
7.10231 ; 4.19545 ; -5.21672 ; 6.15247
6.87189 ; 5.72273 ; -5.15093 ; -4.9765
6.12033 ; 3.63362 ; -0.854915 ; 5.98435
4.46578 ; 4.82491 ; 3.93194 ; 6.11944
7.01073 ; 4.39735 ; -0.339391 ; -3.89136
7.1417 ; 3.83526 ; 1.68931 ; 6.07469
3.67698 ; 6.88303 ; 4.55351 ; -3.39287
5.95417 ; 4.0367 ; -5.88811 ; 5.71896
3.82497 ; 6.39801 ; 4.79457 ; -5.45754
6.41072 ; 5.54085 ; 4.05671 ; -3.75158
5.30507 ; 6.36544 ; 5.97579 ; -5.88885
6.10179 ; 4.15501 ; -3.84739 ; -3.76987
3.54477 ; 4.72839 ; -0.819587 ; 3.89262
6.4549 ; 4.92505 ; -5.62714 ; 6.04749
5.59861 ; 5.0449 ; 5.93539 ; -5.90024
6.10308 ; 5.02547 ; -6.00219 ; 5.79205
5.38528 ; 3.07369 ; 1.57687 ; 0.98807
3.43882 ; 6.07104 ; 0.355192 ; 1.4869
6.4321 ; 3.14064 ; -6.3167 ; 0.813683
6.5728 ; 5.6187 ; -6.14998 ; -4.62651
5.16706 ; 6.01176 ; 6.13547 ; -6.06152
4.25435 ; 3.33171 ; -0.708232 ; 4.35363
4.02691 ; 6.21963 ; -1.89168 ; -3.22209
5.27208 ; 5.64658 ; 6.04684 ; -6.16745
5.5555 ; 4.96955 ; 5.88212 ; -5.86371
4.39273 ; 5.47727 ; 4.78721 ; -6.24144
4.7149 ; 4.37612 ; 4.98713 ; 6.19686
5.72534 ; 3.3767 ; -1.99623 ; 5.30791
7.60116 ; 5.73082 ; -4.96563 ; -2.06755
4.81258 ; 3.20425 ; 6.37296 ; 3.35589
7.71686 ; 4.63605 ; 0.684137 ; -0.0362967
6.60558 ; 4.35157 ; 2.56004 ; 6.17276
4.73643 ; 3.21359 ; 6.4333 ; 0.524055
5.24712 ; 4.52341 ; 6.19217 ; 5.99016
6.40719 ; 3.86652 ; -6.25356 ; 4.86236
7.62424 ; 3.38811 ; -4.08772 ; 4.8524
6.92979 ; 4.05045 ; -5.3422 ; 4.32092
6.46944 ; 6.60374 ; -6.39492 ; -5.04572
4.40836 ; 5.48718 ; 6.30904 ; 3.03202
3.28265 ; 6.8666 ; 0.974811 ; -0.286054
7.4539 ; 4.33791 ; -0.42738 ; 6.2776
5.85733 ; 6.27187 ; -6.12311 ; -4.78729
3.84798 ; 6.41593 ; 3.02602 ; -6.26106
7.10494 ; 6.63329 ; -5.65804 ; -0.987569
5.91345 ; 4.64338 ; -5.68234 ; 5.96588
4.35216 ; 3.75735 ; 6.14238 ; -3.1313
6.80705 ; 4.60756 ; -5.92121 ; -4.30865
6.25994 ; 3.40691 ; -4.61366 ; 3.74608
6.7482 ; 5.08197 ; 2.11892 ; 0.977211
6.83025 ; 4.24234 ; -4.65995 ; 2.57305
6.57609 ; 4.41894 ; -5.60948 ; 5.99984
7.01406 ; 5.42681 ; -5.40451 ; -2.56957
5.168 ; 2.69467 ; -2.00786 ; 0.981523
5.27801 ; 5.7463 ; 6.17118 ; -6.07249
4.53559 ; 3.63501 ; 6.36381 ; 5.24348
6.79664 ; 4.24149 ; -2.22998 ; 4.29363
6.36591 ; 4.51164 ; 4.57932 ; 6.04436
4.91122 ; 3.19961 ; -3.47453 ; 4.94457
3.90651 ; 6.28144 ; -1.28633 ; -6.25894
7.0137 ; 4.14759 ; -6.20149 ; 0.816388
7.08356 ; 3.0401 ; 1.15791 ; 4.17124
6.67408 ; 3.99512 ; -6.20366 ; 2.98036
4.99565 ; 6.26782 ; -3.78403 ; 0.546657
7.62095 ; 7.08912 ; -3.77537 ; -0.319241
7.37005 ; 4.56385 ; -4.62187 ; 4.48639
7.54067 ; 5.97409 ; -3.68761 ; 0.234986
6.99803 ; 6.0653 ; 0.338064 ; -6.36476
5.7049 ; 4.91497 ; 5.68393 ; -5.84568
6.11954 ; 3.15507 ; -2.48964 ; 4.64681
6.59693 ; 5.31848 ; 3.43542 ; -2.48371
4.66453 ; 4.43362 ; 5.94611 ; 6.21521
5.80952 ; 7.22126 ; -4.54637 ; -4.45941
4.99496 ; 5.97913 ; 6.30193 ; -4.94644
5.80041 ; 4.16219 ; -2.42545 ; -0.618785
7.51175 ; 6.73954 ; -1.77709 ; -6.19641
4.63275 ; 5.09973 ; 6.27636 ; 3.76703
4.92966 ; 3.06765 ; 5.94654 ; 3.64874
5.97886 ; 3.98197 ; 4.80147 ; 5.51941
4.11009 ; 6.34377 ; -1.13095 ; 2.02678
3.83359 ; 6.81993 ; 4.18429 ; -1.41769
5.04837 ; 4.37342 ; 5.3162 ; 6.02991
5.593 ; 4.79694 ; -5.56848 ; 5.97204
5.44775 ; 7.24835 ; -0.080765 ; -4.08061
6.8869 ; 6.72304 ; -5.22742 ; -5.73399
4.78232 ; 5.59814 ; 5.85983 ; -6.16314
5.72534 ; 4.95506 ; -5.88629 ; -5.87496
3.62659 ; 7.25628 ; 2.73601 ; -2.11066
4.58812 ; 4.33339 ; 3.15601 ; 6.24104
6.19795 ; 2.86726 ; -4.78499 ; 1.34854
5.08625 ; 3.46411 ; -2.2267 ; 5.15536
6.04632 ; 6.81482 ; 0.493887 ; -5.30527
4.16981 ; 5.51661 ; 5.46048 ; -4.26934
6.6851 ; 3.5835 ; -6.33723 ; 3.32816
3.41175 ; 5.21907 ; 1.33961 ; -3.95749
3.36471 ; 4.77039 ; 2.35026 ; 4.41897
6.84699 ; 3.98169 ; -4.71042 ; 6.18189
4.68238 ; 4.17364 ; 0.032724 ; 1.46555
7.8183 ; 3.21958 ; 0.469143 ; 0.485128
4.47371 ; 6.26365 ; 6.16257 ; 2.37661
4.22981 ; 6.82862 ; 4.55508 ; -5.34179
4.68014 ; 6.70443 ; 3.91073 ; -5.15677
7.53131 ; 5.11109 ; -5.20836 ; 1.69599
3.49832 ; 5.10195 ; -1.27271 ; -4.35669
6.07858 ; 3.19163 ; -1.21667 ; 4.01494
4.99185 ; 5.69162 ; 6.15177 ; -5.92782
3.87843 ; 7.25589 ; 3.69786 ; -0.515536
5.0934 ; 2.90299 ; -1.63159 ; 3.50082
6.21774 ; 4.0976 ; -6.2397 ; 4.86844
5.78888 ; 2.96623 ; -3.51551 ; 3.56112
7.46438 ; 4.03597 ; -4.21961 ; 4.96347
4.29732 ; 4.15176 ; 6.13601 ; 2.71342
7.39076 ; 3.63487 ; -4.11134 ; 5.18851
3.50885 ; 6.38805 ; 2.81067 ; -5.00162
6.15393 ; 6.8917 ; 1.63353 ; -5.4976
4.47711 ; 5.89352 ; 5.84188 ; -6.26251
7.45655 ; 5.41122 ; -2.98756 ; -4.56529
4.26161 ; 5.62594 ; -2.42849 ; 3.0349
4.79701 ; 5.96668 ; 2.44638 ; 1.69417
7.18451 ; 7.26585 ; -5.06899 ; -3.40162
5.20411 ; 5.99044 ; 6.21975 ; -4.013
7.18613 ; 5.78952 ; -5.58264 ; -5.66336
4.9634 ; 4.71957 ; 4.18538 ; 1.49737
5.54669 ; 3.5192 ; 0.988643 ; 4.37473
6.45202 ; 3.49634 ; -6.37087 ; 4.11958
5.14472 ; 5.86872 ; 3.9866 ; -6.33296
4.74163 ; 4.23102 ; 6.17681 ; 5.66174
5.69053 ; 3.54104 ; -4.13619 ; 3.80666
3.55705 ; 3.57405 ; 0.296497 ; 0.7045
3.91344 ; 6.53811 ; 3.71423 ; -6.08307
5.88712 ; 3.59891 ; -3.29703 ; 2.62294
6.77408 ; 5.90833 ; -5.2158 ; -5.85244
6.81116 ; 6.96855 ; -0.254521 ; -3.64013
4.57132 ; 3.47282 ; 6.28908 ; 3.68737
5.91555 ; 4.635 ; 4.28329 ; 6.08293
4.84988 ; 5.78174 ; 4.4156 ; -6.32312
5.44904 ; 5.68313 ; 3.78002 ; 2.67684
6.91901 ; 6.80976 ; -1.10024 ; -4.29829
6.95198 ; 4.97372 ; -5.83435 ; -5.2466
3.53796 ; 3.28747 ; 4.31244 ; 2.76324
5.39985 ; 5.33569 ; 6.05786 ; -5.99307
7.27256 ; 6.07981 ; -5.50681 ; -5.65649
6.8227 ; 5.78382 ; -5.03205 ; -6.37379
6.50293 ; 6.85581 ; -1.91843 ; 1.31542
6.86318 ; 3.49646 ; -5.90777 ; 3.91128
6.83838 ; 7.55391 ; 2.03087 ; -2.85265
6.64926 ; 4.58347 ; -5.92681 ; 6.08217
6.64128 ; 4.4917 ; -5.02856 ; 6.21558
4.01028 ; 5.01382 ; 4.50118 ; 1.28302
7.35298 ; 6.0441 ; -4.52944 ; -4.88346
4.83131 ; 4.89718 ; 6.11188 ; -5.65511
4.95312 ; 5.77189 ; 5.92276 ; -6.29041
6.87683 ; 4.01871 ; -5.76331 ; 5.84287
4.52259 ; 6.54805 ; 6.41388 ; -2.46549
4.88194 ; 5.66978 ; 6.18535 ; -6.10194
4.61245 ; 5.65571 ; 6.15342 ; -4.73952
3.28492 ; 3.95933 ; 0.952464 ; 4.1578
5.20499 ; 5.90624 ; 6.21852 ; -5.51118
4.70255 ; 2.93704 ; -2.10013 ; 2.63006
5.69588 ; 6.28295 ; 2.91099 ; 1.36897
5.72571 ; 4.0907 ; 3.51832 ; 2.22416
4.36939 ; 4.02693 ; 6.08069 ; 5.78575
6.76541 ; 4.06752 ; -6.09247 ; 6.0462
4.99391 ; 4.01738 ; 5.58007 ; 4.77617
6.21974 ; 4.01936 ; -5.02034 ; 5.84677
7.01895 ; 6.09153 ; -5.85373 ; -2.60432
4.77297 ; 4.46282 ; 5.41392 ; 6.20325
6.6601 ; 3.71765 ; 3.00689 ; 1.25943
6.39117 ; 5.89766 ; 1.3486 ; 3.3276
4.73642 ; 4.76146 ; 3.79722 ; -0.118589
3.93383 ; 3.24341 ; 3.03716 ; 3.59055
7.01308 ; 7.41319 ; 0.409346 ; -0.180086
5.17267 ; 5.71926 ; 6.07299 ; -6.00275
5.30463 ; 3.20227 ; 2.78121 ; 1.41654
4.47914 ; 3.91917 ; 5.46967 ; 5.90179
6.71462 ; 3.25248 ; 2.34871 ; 5.11464
4.65179 ; 2.75814 ; 1.15253 ; 1.98927
4.46269 ; 5.77363 ; 6.04393 ; -5.34102
5.19879 ; 6.65535 ; 3.76936 ; -0.0702111
4.77432 ; 4.24428 ; 6.13389 ; -4.71961
5.96313 ; 4.66105 ; 5.66975 ; -5.67231
7.23008 ; 3.78893 ; -5.7904 ; 4.77681
3.67506 ; 4.64498 ; 2.27912 ; 0.509648
4.69002 ; 4.64611 ; 4.60399 ; 6.17496
7.47442 ; 3.55888 ; -3.43324 ; 5.8352
3.78592 ; 3.52556 ; 3.20726 ; 5.67306
6.82432 ; 3.20023 ; -2.99803 ; 4.28445
3.7347 ; 5.52451 ; 4.52786 ; -5.79261
4.31284 ; 6.45493 ; 1.43795 ; -5.15574
4.96501 ; 4.0191 ; 5.39627 ; 4.45905
7.21616 ; 6.43345 ; -6.02848 ; -2.15817
6.7411 ; 6.6635 ; -5.7727 ; -5.45613
5.73548 ; 4.2743 ; -2.00305 ; 6.19992
4.19551 ; 3.44949 ; 6.21065 ; 1.80904
4.22863 ; 6.75544 ; 1.95446 ; -6.14817
5.82058 ; 3.29356 ; -3.48618 ; -2.55007
7.20667 ; 6.96082 ; -4.18591 ; -4.95107
5.94509 ; 3.48061 ; 2.89049 ; 5.20914
7.12042 ; 6.05071 ; -5.8483 ; 2.31569
5.0452 ; 6.04227 ; 6.12767 ; -5.85799
6.61629 ; 6.6731 ; -6.39002 ; -2.91141
6.13384 ; 7.39589 ; -0.331372 ; -1.84961
7.25174 ; 4.13116 ; 1.70985 ; 6.09894
6.49606 ; 3.21711 ; -5.69631 ; 3.69161
5.06529 ; 4.67827 ; 6.07241 ; 6.07982
4.71241 ; 4.96794 ; 5.91341 ; 6.01665
6.1184 ; 5.15318 ; -6.02682 ; -5.9586
6.29543 ; 6.63819 ; -6.27911 ; 0.235645
6.17689 ; 5.39665 ; -5.11376 ; -6.14494
5.29379 ; 5.25195 ; -5.61476 ; 5.76236
3.67459 ; 4.05221 ; 2.93271 ; 6.23123
7.51995 ; 4.27637 ; -4.09872 ; 5.92828
4.35184 ; 6.66274 ; 5.21386 ; -5.30413
3.52751 ; 2.98169 ; 2.83802 ; 3.86402
6.58932 ; 6.66013 ; -6.17013 ; -5.20229
5.19493 ; 6.3971 ; -4.03576 ; -4.69735
3.47405 ; 5.90761 ; 2.51345 ; -2.96931
4.28419 ; 6.96851 ; -1.83997 ; 1.63639
6.13749 ; 5.49284 ; 2.40483 ; -1.60358
5.10157 ; 4.7956 ; -5.58727 ; -5.70424
7.33842 ; 6.39531 ; 2.50424 ; -3.92591
4.42546 ; 5.67364 ; 5.33231 ; 3.13111
3.82033 ; 6.30914 ; 2.96072 ; -6.39723
4.08552 ; 4.13174 ; 3.4199 ; 4.32806
7.08691 ; 5.07691 ; -6.03002 ; -3.88209
5.80244 ; 5.78823 ; 2.86796 ; -6.27854
6.75502 ; 5.51843 ; -5.77275 ; -6.1629
4.97394 ; 5.29681 ; 6.1128 ; -5.84393
6.66523 ; 3.0977 ; -5.96526 ; -1.08417
7.22053 ; 5.95481 ; -2.1743 ; -6.43188
3.78656 ; 3.48659 ; 0.424004 ; 2.17217
7.48615 ; 4.62686 ; -3.16662 ; -2.01362
3.2632 ; 4.28608 ; 1.38107 ; -3.44494
7.16011 ; 6.41919 ; -5.73481 ; -3.75095
7.44378 ; 4.44993 ; -4.4157 ; 5.2108
6.91671 ; 3.17181 ; -4.41228 ; 3.0386
5.04448 ; 2.90271 ; 4.31336 ; 1.93865
7.16013 ; 3.97575 ; -5.40053 ; 5.96473
6.97623 ; 6.45102 ; -4.06372 ; -4.31611
5.75113 ; 5.46111 ; -6.01172 ; -5.49849
4.2176 ; 3.38433 ; 2.96718 ; 5.60503
5.63935 ; 5.37252 ; -5.72904 ; -6.06094
4.45335 ; 4.81278 ; 0.712744 ; 2.5719
7.32289 ; 5.94983 ; -4.07888 ; -4.77006
6.93126 ; 5.83461 ; -4.70814 ; -2.48063
5.0908 ; 6.69724 ; -4.0654 ; -4.36236
4.20635 ; 6.33495 ; 0.665064 ; -6.4563
5.93443 ; 5.40788 ; -6.07924 ; -5.81134
6.87618 ; 5.8754 ; -6.20176 ; 2.03276
6.71369 ; 4.60833 ; -6.00731 ; 4.88201
6.59709 ; 3.7885 ; -6.14598 ; 4.79763
5.76571 ; 4.33687 ; -1.62497 ; -1.36729
7.70069 ; 5.75351 ; -1.1697 ; 2.94852
7.00323 ; 6.45458 ; -4.83256 ; -6.2532
7.2539 ; 4.49521 ; 0.966479 ; 0.668175
5.08942 ; 6.83313 ; 4.75493 ; -2.54665
7.9522 ; 4.90933 ; -2.51686 ; -4.08821
5.64 ; 5.15808 ; 5.58344 ; -5.98357
3.94316 ; 3.29373 ; 3.22826 ; 4.81169
4.73917 ; 3.46768 ; 6.48337 ; 3.68947
6.47852 ; 2.93483 ; -4.38973 ; 3.47301
7.23521 ; 3.7393 ; 2.58198 ; -1.8413
7.29168 ; 3.81088 ; -1.65184 ; 6.14691
3.45422 ; 3.42905 ; 3.16701 ; 0.439651
6.15588 ; 5.70407 ; -6.18371 ; -5.99826
7.169 ; 3.13745 ; -5.7736 ; 2.8125
6.58764 ; 6.58946 ; -4.56085 ; -6.01912
6.23504 ; 5.89985 ; -5.93149 ; -6.30378
5.42629 ; 5.82692 ; 1.58174 ; 2.78726
5.27746 ; 6.2771 ; 6.00724 ; -5.76679
4.27508 ; 4.46381 ; 5.08383 ; 4.99641
4.96595 ; 7.31248 ; -0.687998 ; -3.32831
5.8162 ; 5.11887 ; -5.95103 ; -5.91536
5.7395 ; 5.10127 ; -4.29218 ; -2.9963
4.41753 ; 3.37063 ; -2.3439 ; 2.71301
6.87905 ; 4.77603 ; -5.60698 ; 6.00241
3.65048 ; 6.11227 ; 3.4626 ; -5.61491
4.9814 ; 5.37204 ; 5.96883 ; -6.13335
7.59957 ; 4.96408 ; 0.580342 ; 3.54049
5.86694 ; 6.26491 ; 4.32532 ; -1.63881
7.43424 ; 7.29794 ; -2.60665 ; -2.16777
7.29584 ; 6.04623 ; -3.8041 ; -6.37986
5.68641 ; 4.64826 ; 5.85039 ; -5.65508
5.80469 ; 5.41283 ; 5.82183 ; 5.70234
5.78048 ; 3.94174 ; -5.4628 ; 5.8984
5.56893 ; 3.94969 ; -4.29991 ; 5.93522
3.69762 ; 4.31374 ; 4.32769 ; 2.62953
4.89183 ; 3.85493 ; 6.0203 ; 5.75067
5.36699 ; 5.52474 ; 6.08778 ; -6.06628
4.64504 ; 2.97748 ; -2.13893 ; 0.738826
6.56807 ; 6.1443 ; -6.29866 ; -5.23708
5.54357 ; 3.83547 ; 1.56275 ; 5.43815
5.6287 ; 5.09991 ; -5.86516 ; -5.93187
7.38994 ; 6.74364 ; -3.09213 ; -6.16376
5.80043 ; 6.78391 ; -1.60153 ; -5.93206
6.64669 ; 4.3145 ; -6.17298 ; 5.11591
3.28797 ; 3.90765 ; 3.44419 ; 1.37744
4.50941 ; 4.57337 ; 4.59922 ; 6.20011
4.96098 ; 5.32269 ; 5.73995 ; -6.10967
4.71427 ; 3.6256 ; 6.41564 ; 5.1314
6.76004 ; 5.51625 ; -5.94378 ; 3.8872
7.10059 ; 4.65221 ; -3.48164 ; 3.60602
4.17905 ; 3.89383 ; 5.68675 ; 1.75827
7.69906 ; 6.78501 ; -3.04996 ; -5.5087
5.71652 ; 6.7404 ; -4.53483 ; -5.39332
7.35792 ; 6.97909 ; -5.6544 ; -2.84874
4.88249 ; 6.90192 ; 1.09684 ; -5.19616
3.57874 ; 4.11596 ; 4.50697 ; 1.80837
6.47708 ; 2.93513 ; -4.78865 ; 1.4654
6.52093 ; 3.55587 ; -0.889788 ; 5.0156
6.12984 ; 6.00872 ; -2.61184 ; -1.13125
6.27992 ; 2.93551 ; -0.673823 ; 1.81746
6.32871 ; 6.30108 ; 2.96664 ; -6.11122
7.67912 ; 5.03832 ; -4.65721 ; -0.466107
6.64276 ; 6.53464 ; 2.42174 ; -6.31019
3.24603 ; 3.65073 ; 2.40178 ; -1.97219
