5.6876 ; 7.3446 ; 3.36537 ; -0.216734
4.69363 ; 3.95938 ; 5.85232 ; -1.89326
4.88377 ; 5.09343 ; 5.31771 ; -1.91725
4.99547 ; 4.80459 ; -5.34684 ; -5.60138
6.5055 ; 6.30703 ; 0.778564 ; 3.48156
5.32754 ; 4.41628 ; -5.54911 ; -5.36555
6.09404 ; 5.43218 ; 3.73397 ; 1.90935
6.09994 ; 3.12258 ; 3.04899 ; -2.05873
3.82269 ; 4.31375 ; 4.29099 ; -3.70435
4.83997 ; 4.61345 ; 5.74781 ; 5.72824
4.69385 ; 6.66254 ; 5.74786 ; 0.525408
3.82194 ; 5.77975 ; -0.296684 ; 3.2084
7.20078 ; 6.70758 ; -5.12903 ; -2.36345
7.63437 ; 5.19024 ; -2.09599 ; -5.10605
3.87221 ; 6.13276 ; 2.3645 ; -3.37936
3.7462 ; 4.2502 ; 0.982206 ; 5.49108
6.50412 ; 6.58808 ; -5.27727 ; -3.73137
5.50385 ; 4.09658 ; 5.92038 ; 3.62157
6.2694 ; 5.84702 ; 1.24399 ; 0.317642
7.52613 ; 4.81895 ; -1.47485 ; 3.25919
5.91899 ; 5.41932 ; 5.5392 ; 5.53362
5.37995 ; 4.88916 ; -5.67109 ; 5.48924
5.30498 ; 4.61871 ; 4.17859 ; 5.86717
3.45105 ; 5.29617 ; -0.652776 ; 2.98311
6.75049 ; 4.18494 ; -3.37758 ; 5.84462
3.86089 ; 3.83769 ; 4.01624 ; -2.20249
6.79604 ; 4.9734 ; 0.104282 ; -4.39857
7.59899 ; 4.86477 ; 1.66266 ; -2.12402
4.91447 ; 4.36922 ; -5.38719 ; -5.40701
4.44868 ; 7.3243 ; -0.14814 ; -0.815316
4.52997 ; 5.19965 ; 5.70264 ; 2.9028
6.50005 ; 6.22577 ; 1.41194 ; -5.69296
4.57584 ; 4.32211 ; 5.7007 ; 5.33581
5.72209 ; 3.7332 ; 5.81413 ; 0.802239
7.19031 ; 6.49992 ; -5.24384 ; -4.25661
5.11381 ; 5.62172 ; 5.83429 ; -5.88284
7.01559 ; 6.81537 ; -2.83744 ; -4.64432
6.55329 ; 5.88642 ; -4.66287 ; -5.94713
6.37148 ; 4.97831 ; -5.22173 ; 5.82257
7.65315 ; 3.45034 ; -3.74343 ; -0.0218685
5.37583 ; 3.25116 ; -1.61903 ; -1.73551
5.73961 ; 5.11922 ; -2.37027 ; 5.7246
3.82248 ; 3.98224 ; -1.33255 ; -2.65979
4.96614 ; 6.19688 ; -2.77469 ; -5.08163
6.12714 ; 6.07997 ; -5.87544 ; 1.03167
6.03901 ; 5.82477 ; -3.13573 ; -5.17402
6.00473 ; 5.26317 ; 5.64889 ; -5.47731
6.40444 ; 5.06358 ; -5.25745 ; -2.05067
7.06825 ; 6.13925 ; -4.94676 ; -2.4935
5.87543 ; 4.57239 ; 5.62813 ; -5.49148
6.7053 ; 6.38847 ; -5.10731 ; -5.64838
5.99321 ; 4.78686 ; 5.5903 ; -5.62732
5.95257 ; 5.7027 ; -5.40991 ; -5.81323
5.47463 ; 5.13871 ; -5.66723 ; 5.28803
6.89047 ; 6.66813 ; 0.315589 ; -1.44523
6.73127 ; 6.27147 ; -5.37356 ; 2.79772
5.21883 ; 4.51365 ; 5.92345 ; -3.76556
6.67819 ; 4.91997 ; -5.40013 ; 5.57852
5.43048 ; 4.91833 ; 5.83083 ; -5.46511
4.63558 ; 4.19207 ; 5.7318 ; 5.78487
7.82685 ; 4.51168 ; 0.0146261 ; -3.26718
5.55701 ; 5.28818 ; -5.3984 ; -5.67649
6.42947 ; 4.92552 ; -5.35436 ; 5.82137
3.75559 ; 5.31374 ; 3.81618 ; -3.82884
6.26844 ; 6.04571 ; 5.42043 ; 5.26037
7.02709 ; 5.26637 ; -2.20588 ; 5.72206
4.84412 ; 6.17321 ; 6.01177 ; -5.08317
5.24373 ; 5.31949 ; 3.77472 ; -5.8837
6.79284 ; 5.76056 ; -5.11956 ; -6.11891
6.24889 ; 6.30155 ; -5.95634 ; -0.104861
3.66863 ; 5.39727 ; 3.51364 ; -4.06088
7.31107 ; 6.48188 ; -1.50954 ; -5.82202
5.14943 ; 5.51945 ; 5.68527 ; -5.93886
7.50108 ; 6.89375 ; -2.82261 ; -0.805842
6.50194 ; 4.35671 ; -5.82036 ; 2.14497
5.75433 ; 5.30816 ; 5.35728 ; 5.65671
5.37585 ; 6.19735 ; 5.89928 ; -4.85336
4.47866 ; 5.69752 ; 5.65832 ; -3.28144
5.94342 ; 5.84239 ; 2.31407 ; -5.97858
6.2296 ; 3.63426 ; 2.86316 ; 5.19493
5.44779 ; 6.36198 ; 5.90342 ; -0.892946
5.14736 ; 5.35272 ; 5.26879 ; 4.83824
6.75162 ; 4.81281 ; -5.4479 ; 3.89934
6.19326 ; 5.42593 ; -5.75986 ; -5.92656
5.33548 ; 4.6614 ; 5.88204 ; 4.74249
4.27169 ; 6.39961 ; 2.01089 ; -5.59187
4.31644 ; 5.21519 ; 5.53376 ; 4.57161
4.96884 ; 5.03032 ; 2.74945 ; 1.30419
4.1894 ; 6.68925 ; 4.65057 ; 0.817285
5.54313 ; 5.27529 ; -5.54412 ; 5.3754
6.49242 ; 5.21808 ; -5.41353 ; 5.68648
5.60382 ; 6.864 ; -0.556709 ; -4.18854
5.86264 ; 5.65964 ; 2.99654 ; -3.64409
6.69178 ; 5.41556 ; 2.77644 ; -5.92146
4.13077 ; 4.28663 ; -0.505525 ; -4.09249
5.86869 ; 5.34986 ; 5.66227 ; 5.32996
7.60942 ; 3.18498 ; -4.03141 ; 1.79491
6.54028 ; 4.02447 ; -4.51493 ; -1.43591
3.87559 ; 5.50293 ; 1.28423 ; -5.83906
5.79096 ; 4.53559 ; 5.14669 ; 5.04174
5.98397 ; 5.30728 ; -5.71458 ; 5.51404
4.81738 ; 5.20871 ; 5.68111 ; -5.72274
4.84859 ; 4.95391 ; 0.977276 ; -2.35884
4.48581 ; 3.9331 ; 5.94747 ; 0.860927
6.64356 ; 3.26732 ; -5.81083 ; 2.85751
6.01327 ; 4.98494 ; -5.53415 ; -5.80391
4.9273 ; 6.34522 ; 1.65463 ; 1.39195
5.34868 ; 3.58104 ; -4.52533 ; 4.64187
5.97413 ; 3.40009 ; 1.2056 ; 3.77488
5.08817 ; 3.28377 ; 5.89808 ; 3.09967
4.27848 ; 5.1001 ; 5.5576 ; 0.500446
7.29127 ; 3.70827 ; -2.38994 ; 4.80577
5.5392 ; 3.94237 ; 5.90108 ; 4.87833
5.62862 ; 6.45047 ; 3.05474 ; -5.73952
7.47319 ; 4.62326 ; -1.3106 ; 5.65138
4.68458 ; 3.91275 ; 5.88785 ; 5.30854
5.25478 ; 5.16393 ; 5.68884 ; -5.85279
5.31552 ; 6.83052 ; -3.92151 ; -4.97148
5.59721 ; 2.82633 ; 3.83869 ; -0.552808
5.86204 ; 3.60826 ; -5.62757 ; 4.00782
4.83447 ; 4.97875 ; 4.59623 ; 5.84566
7.47192 ; 3.91854 ; -4.05885 ; 3.8272
3.67599 ; 3.44257 ; 0.472221 ; 2.72685
6.81538 ; 7.02039 ; -0.790532 ; 1.58121
7.36315 ; 3.0984 ; -3.9207 ; 3.01604
5.78327 ; 3.69659 ; -4.32949 ; 0.382191
6.111 ; 4.62114 ; 2.77487 ; 4.00913
5.21318 ; 4.75664 ; -5.5271 ; -5.62735
6.70897 ; 3.55186 ; -5.89211 ; -1.87307
6.81942 ; 5.85349 ; -5.065 ; 2.81134
5.19248 ; 4.99438 ; 5.89613 ; -5.11474
6.277 ; 2.94318 ; 3.50148 ; 1.27542
6.00117 ; 5.38451 ; -5.73636 ; 5.43294
4.57688 ; 4.14146 ; -3.14832 ; 5.71732
4.25791 ; 4.80896 ; 2.95727 ; -2.79181
4.02589 ; 6.75462 ; 1.60034 ; -5.44785
5.99353 ; 4.54416 ; -5.86538 ; 5.59455
4.9258 ; 4.90138 ; 4.49426 ; 5.84016
5.26634 ; 4.68212 ; 5.3186 ; 5.82815
6.69011 ; 4.61471 ; 4.40427 ; 5.58331
5.07466 ; 6.5286 ; 5.65425 ; -4.8539
6.74522 ; 4.98965 ; 3.79596 ; 5.73481
3.98758 ; 3.81572 ; 4.16077 ; 5.47663
5.86106 ; 3.07533 ; 2.60014 ; 1.65132
6.13875 ; 5.88882 ; 4.09955 ; -5.91909
5.54102 ; 5.99435 ; 5.85008 ; -0.738954
6.98791 ; 4.72453 ; -1.86008 ; 5.83824
6.1305 ; 4.00987 ; -5.80791 ; 5.38565
5.85896 ; 3.88833 ; -5.80629 ; -3.60858
4.87508 ; 4.83495 ; -5.40112 ; -5.56269
7.19138 ; 6.94327 ; -3.49092 ; -4.65198
5.14513 ; 7.21986 ; 2.90429 ; -3.18476
5.2914 ; 4.4074 ; -5.52896 ; -5.43462
4.1317 ; 5.5551 ; 0.0491526 ; -0.278105
5.37782 ; 4.62128 ; 5.80713 ; 5.26094
6.05204 ; 4.22517 ; 4.41693 ; 4.42607
4.77214 ; 4.51271 ; -2.08265 ; -1.1398
4.5769 ; 6.38878 ; 4.1733 ; -4.81522
6.10337 ; 5.12623 ; 5.58847 ; -5.28802
5.86231 ; 6.56694 ; -5.76386 ; -4.90545
5.51227 ; 5.4743 ; 5.60169 ; 5.60994
6.63044 ; 4.2366 ; -5.88482 ; -0.0338685
6.01674 ; 7.04286 ; 3.24199 ; -1.30944
4.42017 ; 4.18576 ; 5.32979 ; 5.8822
4.57906 ; 4.58945 ; 3.76749 ; 5.75717
7.34062 ; 5.12896 ; -0.187304 ; 1.01818
4.31485 ; 2.77774 ; -2.35285 ; -0.415945
6.5518 ; 5.17478 ; -4.4965 ; 5.76516
6.42449 ; 6.8278 ; 3.54921 ; 2.61682
3.58246 ; 3.76094 ; -1.3076 ; -2.40826
3.973 ; 4.65018 ; -0.66764 ; 5.8909
5.81455 ; 5.37874 ; 5.69171 ; 5.50523
4.62579 ; 5.67789 ; 4.13482 ; -5.65815
4.34918 ; 6.05168 ; 3.15902 ; -2.12597
5.42786 ; 4.86901 ; 4.95326 ; 5.12984
6.25608 ; 6.32693 ; -1.64592 ; -4.40617
7.10721 ; 6.24061 ; -3.42967 ; -6.08286
5.48443 ; 4.95099 ; -5.63718 ; 5.53086
7.30314 ; 4.99157 ; -3.93551 ; -2.04131
6.62278 ; 3.15642 ; -0.922043 ; 1.46528
5.11257 ; 4.27819 ; -2.25735 ; 4.13537
6.20822 ; 3.91379 ; -5.89687 ; -3.73855
4.6096 ; 6.39281 ; 5.54468 ; -5.4594
5.62336 ; 5.38953 ; 5.81848 ; -5.78183
5.26444 ; 6.12963 ; 4.66233 ; -5.10777
6.78677 ; 4.61864 ; -4.12013 ; 0.410154
6.20724 ; 6.52556 ; -5.41991 ; -5.16695
5.44852 ; 4.22354 ; -3.86555 ; 5.55611
6.13945 ; 5.75081 ; -5.73661 ; -5.81131
4.61639 ; 5.34967 ; 4.62078 ; -5.99005
3.98156 ; 4.79963 ; -0.515402 ; 5.88321
4.74583 ; 4.55407 ; 2.73463 ; 3.60572
6.1545 ; 5.87376 ; -5.9791 ; -5.06009
4.91337 ; 6.39693 ; 5.78805 ; -5.33805
6.42846 ; 7.06425 ; -5.84993 ; -1.1905
7.15837 ; 6.29641 ; -2.96853 ; -6.06075
5.93482 ; 4.72855 ; 5.64955 ; -5.45864
5.40974 ; 3.89621 ; 5.90851 ; -1.72087
5.20281 ; 4.94832 ; -5.4865 ; 5.64616
5.16516 ; 5.39426 ; -5.5889 ; -5.5975
6.81963 ; 3.83025 ; 5.10028 ; -5.04019
5.49047 ; 5.61343 ; -5.61517 ; 5.48923
5.99677 ; 7.28985 ; -4.52486 ; -0.325154
3.86279 ; 4.61949 ; 3.44716 ; 5.91486
5.31573 ; 4.69003 ; -5.57495 ; -5.60824
5.56019 ; 5.82854 ; -5.24969 ; -5.90826
5.00976 ; 5.83559 ; -5.43345 ; 5.33454
6.07595 ; 4.73586 ; -4.2418 ; 5.71255
7.17447 ; 5.79154 ; 1.64011 ; 3.59883
7.28886 ; 6.73202 ; -2.8122 ; 1.41236
5.33592 ; 4.68381 ; 5.67168 ; -5.59844
4.87121 ; 6.66037 ; 2.34209 ; -2.21667
4.15222 ; 4.44395 ; 4.30653 ; -4.70444
4.84683 ; 6.64582 ; 5.28692 ; -3.76211
6.33645 ; 3.95873 ; -2.74535 ; -2.92471
7.64857 ; 5.28357 ; -3.76733 ; -3.79642
6.49657 ; 4.83034 ; -5.52227 ; -5.67132
5.98992 ; 5.38611 ; -5.52984 ; 5.64182
5.49403 ; 4.97128 ; -5.66589 ; -5.73409
6.03129 ; 5.83406 ; -4.79302 ; -5.8625
5.63203 ; 5.1875 ; -5.73135 ; -5.81154
3.8339 ; 4.56814 ; 3.02611 ; 5.92665
6.15102 ; 4.96447 ; 5.52598 ; -5.62128
4.00921 ; 6.17245 ; 3.64409 ; -6.02327
5.02718 ; 4.27254 ; 5.96227 ; 3.9688
4.62644 ; 5.52332 ; 5.28949 ; -6.02752
4.17163 ; 5.27946 ; 2.27441 ; -5.96669
6.5755 ; 4.06296 ; -5.81495 ; 5.11854
4.81601 ; 5.14879 ; 5.85156 ; -3.46194
4.34634 ; 4.813 ; 2.8909 ; 5.91283
7.66762 ; 3.07104 ; -0.227787 ; 3.36401
6.65935 ; 3.71508 ; -5.90487 ; 0.785029
7.03585 ; 3.42002 ; -5.08365 ; 3.11956
4.56595 ; 5.44059 ; 2.09791 ; -5.2363
6.99634 ; 3.65147 ; -5.58843 ; 2.08404
7.27395 ; 3.97945 ; -4.47907 ; 1.8989
5.3172 ; 5.19905 ; -5.57173 ; 5.58507
7.14442 ; 4.73553 ; -2.38716 ; 5.94342
6.70628 ; 4.52042 ; -1.28284 ; 5.78101
6.1856 ; 4.89253 ; -4.64764 ; -5.7522
6.38251 ; 4.44433 ; 5.36418 ; -5.44416
4.9195 ; 5.56724 ; -3.61413 ; 2.1644
5.51775 ; 5.18997 ; 5.79707 ; 5.02407
7.13361 ; 3.34898 ; 1.00933 ; 3.27822
6.3952 ; 5.56914 ; -0.727682 ; -6.01267
6.43355 ; 4.88469 ; -5.33362 ; 4.67458
6.94366 ; 2.91179 ; 2.81999 ; 3.04034
5.71968 ; 4.65807 ; -5.76215 ; 5.66896
6.21498 ; 4.23599 ; 5.47784 ; -5.25667
6.62426 ; 5.9473 ; -3.23543 ; 0.471317
4.27861 ; 3.56135 ; 3.6465 ; 5.09819
6.65348 ; 4.09155 ; -1.54117 ; 5.83038
5.66792 ; 4.40524 ; -5.72289 ; 5.59354
4.26696 ; 4.26464 ; 0.0746534 ; 3.75703
7.21698 ; 3.90748 ; -0.561729 ; 5.18971
7.11999 ; 4.39473 ; 2.93399 ; 4.38199
5.26196 ; 5.61542 ; -5.57557 ; 5.13687
7.3357 ; 6.23499 ; -4.71365 ; -0.682005
6.65665 ; 3.4903 ; -5.59746 ; 3.23778
6.14143 ; 3.47345 ; -5.98667 ; -0.20177
4.5087 ; 4.87982 ; 4.0039 ; 5.85489
4.16127 ; 5.2099 ; 5.11208 ; 0.160868
5.14442 ; 5.12508 ; 5.79567 ; -5.61444
5.57408 ; 4.33475 ; -5.71265 ; 5.46539
5.8521 ; 4.9006 ; 5.73025 ; 5.38542
4.45074 ; 4.3861 ; 5.22058 ; 5.92127
4.8577 ; 4.81568 ; 3.49312 ; 5.83655
6.05876 ; 4.75923 ; 5.52699 ; -5.58112
4.99848 ; 4.07587 ; -5.41082 ; -5.18523
5.13356 ; 6.27959 ; -3.37763 ; -5.7223
4.85884 ; 6.68311 ; 2.24433 ; -5.46292
7.62719 ; 6.32542 ; -1.8992 ; -4.32929
5.48923 ; 5.2952 ; -4.94052 ; 5.65288
5.59216 ; 4.56858 ; 5.68263 ; -5.51949
3.71599 ; 4.39866 ; 1.47319 ; 5.21197
6.9049 ; 4.30086 ; -5.15525 ; 5.88835
7.38968 ; 5.73855 ; -1.42749 ; -6.1668
6.62719 ; 6.47495 ; 0.209975 ; -2.81657
5.97701 ; 3.29002 ; -4.35037 ; -0.156278
6.44258 ; 6.52248 ; 1.26447 ; -4.57053
4.93722 ; 5.14375 ; 3.95391 ; 2.35099
4.82149 ; 4.22277 ; -5.30831 ; -5.3303
6.4124 ; 5.09334 ; -5.39539 ; -5.87386
7.15713 ; 6.45681 ; 2.14092 ; 2.54227
5.29289 ; 5.49481 ; 5.91295 ; -4.0109
7.00518 ; 5.6652 ; -4.04649 ; -3.09439
4.69817 ; 5.37884 ; 5.61056 ; -3.56756
3.691 ; 4.34911 ; -0.126637 ; 5.18111
5.31113 ; 3.47671 ; -3.61082 ; -2.86814
6.06143 ; 3.67949 ; -4.2116 ; 2.41746
4.96647 ; 4.78973 ; 5.96381 ; 0.609785
4.15907 ; 6.00773 ; -0.342286 ; -6.06921
5.97546 ; 4.1243 ; 5.59992 ; -4.9879
6.29344 ; 4.42336 ; 5.42896 ; -5.43546
5.34017 ; 4.98867 ; -5.60809 ; -5.66155
5.72224 ; 4.52081 ; 3.60429 ; 5.85586
6.98406 ; 4.82719 ; -2.23358 ; -2.31131
5.23556 ; 4.5585 ; -5.52563 ; -5.5274
6.13519 ; 4.82125 ; 3.69622 ; 5.75234
3.94466 ; 7.04921 ; -0.364401 ; 1.54369
6.49412 ; 5.74738 ; 5.30715 ; 5.37963
5.88976 ; 4.66308 ; -4.55003 ; 4.82736
5.64163 ; 5.06015 ; -5.75807 ; -0.701482
5.43713 ; 6.96766 ; -1.13628 ; -1.87741
5.36864 ; 4.85228 ; 5.72189 ; -5.67277
6.51556 ; 3.29777 ; 1.81614 ; 3.50185
5.32359 ; 5.70201 ; 4.94748 ; -5.9406
5.62354 ; 5.65187 ; -5.59635 ; 5.47746
4.06606 ; 4.9984 ; 4.47629 ; -5.67621
5.97591 ; 4.06406 ; 5.69653 ; 3.78065
6.28867 ; 5.85919 ; -5.91449 ; 1.93683
5.2772 ; 5.1449 ; -1.3635 ; -5.8161
6.91637 ; 4.30157 ; 2.21101 ; 5.83673
3.58947 ; 4.47034 ; 3.12086 ; -0.263429
6.43386 ; 5.45294 ; -5.67442 ; 1.58169
6.37412 ; 6.19012 ; -2.51515 ; -4.25271
6.4702 ; 6.72423 ; 1.10684 ; 0.680323
5.22574 ; 3.12475 ; 5.85747 ; -2.26391
4.53062 ; 2.8748 ; -2.42086 ; 1.75657
4.03499 ; 3.88277 ; 4.50564 ; 5.49343
3.49864 ; 6.52373 ; -0.659717 ; 0.874161
6.10804 ; 5.6284 ; 5.5488 ; 5.43627
5.30594 ; 5.25205 ; -5.61216 ; 5.50128
5.98016 ; 4.1491 ; -5.71513 ; 5.50587
5.85815 ; 4.34591 ; 5.65605 ; -5.08294
7.45955 ; 4.12932 ; -3.91989 ; -2.9404
4.04642 ; 3.31012 ; -1.88229 ; 2.53644
6.80412 ; 5.73608 ; -4.59204 ; 2.74361
6.08674 ; 4.74311 ; -5.89212 ; -0.908387
6.87883 ; 6.8374 ; -4.39098 ; 1.12232
5.8562 ; 5.03506 ; -5.82407 ; 5.02556
5.70303 ; 5.72723 ; 4.89772 ; -5.93502
5.98002 ; 4.89281 ; -5.57552 ; -5.66822
3.82525 ; 3.85217 ; -1.68682 ; 4.99057
7.05207 ; 3.92154 ; -5.56968 ; 0.747214
4.69544 ; 4.84115 ; 0.417105 ; 4.62346
3.88374 ; 3.68031 ; 2.24383 ; -1.43978
6.69363 ; 6.89598 ; -5.92514 ; -0.0647006
5.69507 ; 4.99152 ; 5.73312 ; -5.71058
5.56135 ; 5.15175 ; -5.75077 ; -5.65406
4.06112 ; 3.72001 ; 3.00787 ; 3.79828
4.53529 ; 4.72234 ; 5.05066 ; -4.80559
5.19853 ; 5.32149 ; 5.66588 ; -5.74751
6.84489 ; 3.89225 ; -2.34995 ; 5.63333
6.16461 ; 6.53835 ; 4.10567 ; -3.07639
4.46578 ; 6.59227 ; 5.87169 ; -1.79137
7.39211 ; 4.47195 ; -0.188889 ; 5.70024
5.90265 ; 4.88813 ; -5.6361 ; -5.75248
5.74815 ; 4.5073 ; -5.71794 ; -5.36558
4.60881 ; 5.10237 ; 4.95973 ; 5.79775
5.0489 ; 5.66414 ; -5.40491 ; 5.39822
6.19297 ; 5.64501 ; 5.40268 ; 5.46921
6.61576 ; 7.41792 ; 1.99774 ; -2.40743
7.67343 ; 7.01511 ; -3.67421 ; -2.35588
5.67313 ; 3.11948 ; -5.10435 ; 2.14659
3.95501 ; 4.82388 ; 3.55628 ; 5.60517
5.16947 ; 5.49394 ; 5.69712 ; -5.72546
6.13303 ; 4.18429 ; 3.14486 ; 5.51394
5.31139 ; 5.23005 ; 5.35266 ; -5.85248
5.37759 ; 6.99639 ; 3.57284 ; -0.762388
4.57344 ; 4.52006 ; 3.15984 ; -1.27946
7.73676 ; 6.93315 ; -3.55238 ; -1.26615
6.55224 ; 3.54372 ; -6.01493 ; 3.90072
4.82353 ; 5.70906 ; 5.87711 ; -5.3403
6.19172 ; 4.48986 ; -5.29214 ; 5.41655
4.72157 ; 3.7784 ; 5.86519 ; -2.74914
5.5655 ; 5.97574 ; -5.80657 ; -4.80075
5.72223 ; 5.3325 ; -5.6969 ; -5.75809
6.74128 ; 4.07613 ; -5.60222 ; 3.67707
5.42262 ; 5.45385 ; -3.38163 ; -5.90703
6.08938 ; 5.22002 ; -5.88221 ; 4.2004
5.10511 ; 4.89407 ; -5.5094 ; -5.57604
3.87579 ; 4.58255 ; -0.443316 ; 5.92932
6.91742 ; 7.2214 ; 0.405012 ; -1.22558
4.94394 ; 3.02648 ; 1.17549 ; 2.9716
7.38336 ; 5.10404 ; -3.82531 ; -5.72498
6.21239 ; 3.67675 ; -5.39454 ; 4.14887
6.21342 ; 4.7035 ; 5.48852 ; -5.57439
6.6808 ; 4.46968 ; -4.21644 ; -3.51515
7.18566 ; 3.23965 ; -3.41011 ; 1.33321
6.63716 ; 5.0549 ; -5.42986 ; 5.46844
6.11236 ; 6.77632 ; -4.78453 ; 2.43403
6.20427 ; 6.55691 ; -6.01821 ; -3.46126
5.83915 ; 3.38017 ; -4.8508 ; -1.36904
6.74621 ; 5.55611 ; -4.22147 ; -4.9866
5.29746 ; 4.45498 ; 5.95849 ; 5.47914
5.58441 ; 5.34465 ; 5.83128 ; -5.63719
5.5599 ; 4.70307 ; 5.72875 ; 5.64688
3.94821 ; 4.74528 ; -0.408029 ; 5.91476
6.97603 ; 6.16798 ; 1.87637 ; -4.64888
5.51948 ; 4.05872 ; 5.90597 ; 5.24565
6.31842 ; 5.26424 ; -5.56003 ; 5.64536
4.27839 ; 5.76819 ; 4.33054 ; -6.10681
7.54315 ; 4.82198 ; -2.95404 ; 5.63713
6.92256 ; 5.94488 ; -4.13787 ; -4.642
4.85434 ; 4.52307 ; 5.96072 ; 5.45063
4.14719 ; 7.04875 ; 1.49827 ; -1.3819
3.69953 ; 3.91588 ; 4.18714 ; -2.09751
6.79999 ; 5.65709 ; 3.20239 ; 3.26447
6.7778 ; 4.89832 ; 3.01448 ; 5.76489
5.44758 ; 5.38272 ; -5.70562 ; -5.75563
6.19832 ; 5.52844 ; -5.76385 ; 3.66269
4.2739 ; 3.40142 ; 4.54908 ; 4.50112
6.35952 ; 5.52692 ; -5.95561 ; -0.00959926
7.44195 ; 5.89202 ; -3.96039 ; 3.66565
6.14194 ; 6.64027 ; -6.00172 ; -4.12816
5.07833 ; 5.99228 ; 5.94624 ; -5.77507
5.34596 ; 5.10902 ; -5.49318 ; 5.57807
6.92713 ; 6.37186 ; -5.13555 ; -4.10706
6.1153 ; 5.06753 ; -5.84364 ; 3.24324
6.531 ; 4.58883 ; -0.440015 ; -3.89034
6.81224 ; 2.94884 ; 2.26357 ; 2.03286
6.00753 ; 5.37123 ; -2.61932 ; -5.91647
6.2694 ; 5.41725 ; 4.67072 ; -5.81716
4.22379 ; 6.62637 ; 5.22509 ; -5.27997
6.4247 ; 5.37428 ; 3.1645 ; 1.53591
4.64384 ; 4.56272 ; 5.82997 ; 5.52528
4.95023 ; 3.15184 ; 6.10127 ; 1.03117
5.99432 ; 4.66107 ; 5.55419 ; -5.56557
5.8232 ; 5.2152 ; -5.45529 ; -5.83757
4.30048 ; 4.90722 ; 5.26893 ; -2.37761
6.12981 ; 4.97149 ; -5.91414 ; -0.665591
4.79349 ; 6.9154 ; -2.16102 ; -0.77729
5.62261 ; 6.58175 ; 4.94283 ; -2.56037
5.04637 ; 3.48891 ; 2.67324 ; 4.27589
5.63266 ; 5.44019 ; 5.81533 ; -4.60987
6.51604 ; 6.40629 ; -5.35417 ; -5.38887
6.77109 ; 5.04137 ; -2.49093 ; 5.80088
6.48966 ; 6.23446 ; -5.75104 ; -3.90508
4.23225 ; 5.4686 ; 5.15689 ; 4.75604
5.44702 ; 5.76028 ; 5.84423 ; 4.4311
6.28875 ; 6.80491 ; -4.2494 ; 2.25862
6.54832 ; 6.8698 ; -5.32925 ; 1.90846
4.50031 ; 5.96323 ; 2.09316 ; 2.92997
5.65801 ; 5.49705 ; 5.79388 ; -5.37941
6.88012 ; 3.07679 ; -5.41201 ; 1.43495
4.48649 ; 3.97052 ; 3.20715 ; 5.76477
6.82654 ; 5.08108 ; -5.27623 ; 5.15994
5.92301 ; 5.16408 ; 5.55419 ; -5.69764
5.14125 ; 5.92283 ; 5.95948 ; 2.69094
7.58026 ; 3.4498 ; -3.36191 ; -2.10713
6.61583 ; 6.46769 ; -5.93516 ; -0.691968
6.27637 ; 3.74137 ; -2.95331 ; -1.50645
5.08357 ; 4.48432 ; 5.95734 ; 5.44768
7.34233 ; 2.98522 ; -3.71872 ; 1.33545
5.7535 ; 4.77538 ; -2.71008 ; 4.86206
5.96995 ; 5.09573 ; 5.16303 ; -5.32079
5.97341 ; 5.6793 ; -5.70086 ; -5.60029
4.54037 ; 4.70381 ; 5.02304 ; 5.19153
5.63672 ; 4.7777 ; 5.77625 ; 5.64185
3.65011 ; 6.63865 ; 3.55233 ; -3.18079
4.57222 ; 5.4232 ; -0.741214 ; -4.91733
5.19126 ; 4.40557 ; -3.5039 ; 0.592674
6.08672 ; 6.05265 ; -5.61356 ; -5.3251
4.77773 ; 5.3242 ; 4.8926 ; 5.71715
5.70088 ; 6.3508 ; 0.423046 ; -5.86821
4.92335 ; 4.97956 ; 5.56384 ; 5.85472
5.00997 ; 4.88982 ; -4.93698 ; 5.62179
7.75557 ; 3.78781 ; 0.955337 ; 1.99212
7.49835 ; 5.26667 ; -2.55482 ; -5.96105
5.79885 ; 4.9268 ; 5.69194 ; -5.62957
5.17788 ; 5.41821 ; 5.73487 ; -5.9052
6.36555 ; 4.81137 ; -5.72767 ; -5.1007
4.24695 ; 4.99437 ; 5.59755 ; -3.35483
3.77674 ; 4.557 ; 4.65102 ; 1.03879
6.31656 ; 4.74261 ; 0.314463 ; 5.83601
6.43876 ; 4.17768 ; -2.15543 ; -0.489829
5.32008 ; 4.40715 ; 0.0586381 ; 5.65627
6.36207 ; 5.44266 ; 5.12714 ; -5.73611
4.38266 ; 5.20312 ; 4.89506 ; 5.76981
5.94468 ; 4.35305 ; 5.51092 ; -5.42598
5.3742 ; 5.5987 ; 5.59455 ; 5.55818
4.21566 ; 4.52623 ; 4.18077 ; -3.67511
3.47595 ; 3.93372 ; 3.24522 ; -0.444647
5.48254 ; 5.60565 ; 5.86134 ; -1.18126
4.51899 ; 3.49011 ; -1.43783 ; 4.96112
6.46107 ; 4.37294 ; 5.22334 ; -5.41732
5.38928 ; 6.8536 ; -4.77822 ; -4.70361
5.37196 ; 4.79647 ; 5.26326 ; 5.6912
5.42996 ; 5.25428 ; 5.7171 ; 5.69897
5.80124 ; 5.27705 ; -5.70133 ; 5.63
6.28266 ; 6.90618 ; -5.21969 ; -1.12149
7.28301 ; 5.06211 ; 0.288434 ; 5.78836
5.05463 ; 4.46016 ; 5.96105 ; 3.75784
6.53399 ; 6.51444 ; -5.90227 ; -4.06476
5.10894 ; 3.72361 ; 5.97604 ; 0.93088
5.92512 ; 4.05142 ; 5.29898 ; 5.33615
4.00568 ; 5.09431 ; -0.0331462 ; 5.80363
5.6434 ; 7.25999 ; -0.358725 ; -0.614193
5.07352 ; 5.70115 ; 5.93351 ; 3.73741
4.81363 ; 6.44093 ; 6.09393 ; -2.20259
4.45113 ; 3.91413 ; 2.05124 ; 0.102407
5.05257 ; 4.97752 ; 5.96146 ; -1.26223
6.00402 ; 4.78856 ; 5.63001 ; 5.57954
5.73633 ; 5.4374 ; -5.63998 ; 5.53163
6.55406 ; 4.26342 ; -5.82369 ; 0.75776
7.30491 ; 6.08373 ; -1.91704 ; -6.1865
7.27386 ; 6.24405 ; 1.86701 ; -6.04668
5.48455 ; 4.75619 ; -5.71257 ; 5.01356
6.64115 ; 4.01001 ; -4.2099 ; 5.20377
6.64763 ; 4.54131 ; -5.46746 ; 2.07189
5.84796 ; 5.07502 ; -5.44771 ; -5.81679
5.7872 ; 4.92704 ; 1.41148 ; -4.51286
6.41621 ; 5.71955 ; 5.39823 ; 5.3563
6.99216 ; 5.86516 ; -5.30583 ; -5.8084
5.88529 ; 5.59996 ; 2.54736 ; -0.173824
5.85098 ; 5.24628 ; 5.68591 ; 5.36587
5.25867 ; 4.54594 ; -5.62302 ; 4.92778
7.28368 ; 5.80314 ; -4.7779 ; -5.28245
6.21868 ; 5.95264 ; -5.63566 ; 3.2354
6.50996 ; 4.15858 ; -1.91814 ; -1.94721
5.97227 ; 5.0944 ; -4.89853 ; 5.74692
5.21679 ; 5.47589 ; 4.93952 ; -5.84338
6.3233 ; 4.60366 ; -5.20407 ; -1.48513
5.19775 ; 4.67649 ; -5.51108 ; -5.59041
7.00775 ; 5.45633 ; -5.27624 ; 4.76246
6.72006 ; 4.74964 ; -5.60039 ; -4.75564
5.59615 ; 4.50189 ; 5.65675 ; -5.46249
3.60138 ; 6.29052 ; 1.11531 ; -2.99054
4.64445 ; 6.43698 ; 5.81822 ; 1.91258
7.36005 ; 4.01032 ; -0.980837 ; 1.56132
6.63418 ; 6.5467 ; -5.89815 ; -3.96626
3.40693 ; 4.02043 ; -1.22279 ; -1.71418
7.64134 ; 5.38739 ; -1.65319 ; -5.26411
7.80248 ; 5.58821 ; 1.46627 ; -3.27783
5.60665 ; 3.76748 ; -3.43211 ; -2.20949
5.15302 ; 4.13778 ; 5.98162 ; 0.148828
5.87786 ; 3.98115 ; -4.18871 ; 5.44885
6.11535 ; 3.98859 ; -5.94836 ; 0.486471
5.83934 ; 6.20011 ; -1.71911 ; -4.25598
4.33024 ; 3.92901 ; 3.28358 ; 5.50586
6.02443 ; 6.29627 ; -2.07042 ; -5.70762
5.76102 ; 5.15082 ; 5.73912 ; 5.66616
6.64235 ; 6.52066 ; -2.61519 ; -5.35452
5.17219 ; 4.19899 ; -1.99733 ; 3.90045
5.34094 ; 4.85279 ; 2.70933 ; 3.36003
4.08075 ; 4.60106 ; 4.88982 ; 5.2641
5.37773 ; 4.55069 ; -5.68441 ; 5.01308
7.25856 ; 5.45322 ; -2.32093 ; -4.96731
7.49391 ; 4.59688 ; -4.03059 ; 4.01139
7.02962 ; 6.55915 ; -4.72187 ; -5.59945
5.34134 ; 4.64657 ; 3.04752 ; 5.86669
7.22508 ; 4.3561 ; -5.15952 ; -1.35121
4.20508 ; 4.77182 ; -0.923564 ; 4.58614
4.16777 ; 5.57356 ; 2.65999 ; -4.40814
5.20255 ; 5.85865 ; 2.90626 ; -3.80133
6.36088 ; 4.77494 ; 5.38617 ; -5.5838
7.0405 ; 4.55223 ; -4.66673 ; 2.73435
6.98205 ; 4.0727 ; -5.37126 ; 5.34016
5.49252 ; 5.73744 ; 5.91038 ; -5.42691
3.40709 ; 4.30909 ; 2.08549 ; 2.83413
5.14348 ; 5.26105 ; -1.25944 ; -4.44937
4.30916 ; 6.39915 ; 3.65891 ; -0.531247
7.24031 ; 4.72414 ; -4.47408 ; -2.25882
6.97221 ; 5.38243 ; -5.44264 ; -0.774448
5.00344 ; 4.91455 ; 5.26035 ; 4.59988
4.4377 ; 6.13064 ; 4.79287 ; -5.84749
4.90876 ; 3.44923 ; 5.63445 ; -3.17054
6.02764 ; 3.57083 ; -4.13371 ; -3.2798
6.04467 ; 4.82894 ; 5.37553 ; -5.66614
6.23388 ; 4.8233 ; 5.40097 ; -5.61496
5.25873 ; 4.89888 ; -5.47208 ; 5.56421
5.84002 ; 5.31008 ; -5.77693 ; 5.33676
5.17934 ; 5.66104 ; 5.8922 ; 4.20532
6.20308 ; 4.15443 ; 3.88548 ; 3.7017
4.28116 ; 5.59031 ; -2.16158 ; -5.97337
4.44633 ; 2.99213 ; -1.59483 ; 3.52912
3.80715 ; 4.70986 ; 2.75099 ; 5.47869
5.61818 ; 6.12739 ; 2.81746 ; -5.89235
4.90565 ; 5.85552 ; -5.38143 ; 5.33599
7.06932 ; 5.82268 ; -3.00819 ; -6.15559
3.58606 ; 3.24633 ; 2.24331 ; -0.171111
3.93245 ; 6.80184 ; 4.73286 ; 0.0136952
4.68793 ; 4.02834 ; 5.69252 ; 4.90323
4.82001 ; 4.28904 ; 5.93264 ; -4.03995
5.01086 ; 5.78725 ; -2.36018 ; -5.83857
5.36454 ; 4.67175 ; 5.02863 ; 5.70589
5.94504 ; 6.52233 ; -5.89036 ; 2.57763
6.02644 ; 6.03155 ; -5.90349 ; 1.7135
6.25899 ; 5.04757 ; 5.44094 ; -5.69862
5.56043 ; 4.84866 ; -5.54931 ; 5.65002
4.06895 ; 3.31971 ; 1.93068 ; 4.18352
4.46843 ; 5.68541 ; -3.07657 ; -5.99494
4.20701 ; 4.90283 ; 1.48318 ; -5.75465
5.73138 ; 4.19145 ; 5.63384 ; 5.46934
5.12414 ; 3.81529 ; 5.0669 ; -0.493263
4.60772 ; 3.73184 ; 5.99339 ; 4.4665
5.82385 ; 3.81037 ; -0.238518 ; 5.30862
6.84211 ; 6.83056 ; -5.16926 ; -4.4623
8.03197 ; 5.8972 ; -0.419353 ; 2.56069
4.02549 ; 4.19418 ; 4.47485 ; 5.72237
5.62395 ; 6.20279 ; 3.99626 ; 3.70123
5.03643 ; 4.58512 ; -5.40846 ; -5.50389
6.77777 ; 5.57483 ; -5.35017 ; 1.72189
5.48721 ; 5.30799 ; -4.7386 ; 5.64353
5.83309 ; 5.41931 ; 5.72285 ; -5.34048
4.11531 ; 4.66489 ; 4.1244 ; 5.83232
5.58478 ; 5.10603 ; -5.72396 ; 5.50549
4.32631 ; 5.8862 ; 2.30233 ; 3.3468
4.47527 ; 5.51831 ; 4.00819 ; -5.79578
4.77649 ; 6.29705 ; 4.57102 ; -5.61899
6.77905 ; 6.59287 ; -5.56528 ; 2.14187
7.63264 ; 4.09573 ; -1.34283 ; 5.37804
6.45078 ; 5.99408 ; -5.09983 ; -6.03903
5.02572 ; 6.60144 ; 1.49024 ; 1.97417
4.86205 ; 5.69291 ; -5.2309 ; 5.43176
4.61006 ; 6.76819 ; 0.162603 ; -3.32074
6.34319 ; 5.63814 ; 5.35398 ; 5.44963
6.60431 ; 5.90717 ; 5.27475 ; 5.25912
6.15461 ; 4.74501 ; -5.75974 ; -5.48572
5.19445 ; 4.78415 ; 5.22509 ; 5.76962
5.19896 ; 4.71811 ; -3.83393 ; 5.73744
4.24552 ; 6.87696 ; 3.63658 ; 0.0325487
4.50975 ; 6.08366 ; -2.57113 ; -5.94463
4.46077 ; 6.35716 ; 5.61209 ; -5.43577
6.44264 ; 5.94144 ; -5.95467 ; -4.8835
6.19697 ; 3.90586 ; -3.42169 ; 4.22859
5.68413 ; 5.95481 ; 4.73133 ; -4.07881
3.63902 ; 3.98594 ; 4.33358 ; -0.618123
5.48463 ; 4.69665 ; 5.07265 ; 5.83475
5.45852 ; 5.29074 ; -5.66397 ; -5.73317
7.23952 ; 3.45906 ; -4.47992 ; 1.62288
6.17499 ; 5.20119 ; 5.555 ; 5.52762
5.2588 ; 3.52728 ; 5.91803 ; -2.60413
5.89204 ; 6.37322 ; 1.52871 ; -5.75104
6.90614 ; 4.80557 ; -1.22033 ; 1.97429
5.22338 ; 3.34959 ; 5.17806 ; 4.23781
5.4974 ; 5.38404 ; 5.35534 ; -5.88574
5.28656 ; 7.3367 ; -3.44436 ; -0.664492
5.68589 ; 4.72414 ; 5.79051 ; 5.19229
5.65294 ; 5.79206 ; 3.20285 ; -5.97115
4.22162 ; 4.35478 ; 5.44904 ; 1.07551
6.48542 ; 7.09726 ; -5.28019 ; -3.18089
5.06134 ; 5.42163 ; -5.45047 ; 5.5285
5.56771 ; 5.0355 ; -5.70705 ; 5.41185
5.02482 ; 4.35635 ; -5.41614 ; -5.41544
5.97581 ; 5.51201 ; -5.60677 ; -5.65799
3.8393 ; 6.2669 ; 4.81682 ; 0.252972
5.38327 ; 3.80071 ; 4.62174 ; 1.61286
5.02202 ; 5.66796 ; 2.37262 ; 1.75011
6.11293 ; 3.52359 ; -5.62187 ; 2.14044
6.34392 ; 6.00967 ; -5.91075 ; -4.57577
5.62056 ; 5.50799 ; -5.72118 ; 5.02569
6.32941 ; 4.54882 ; 5.33254 ; -5.4863
5.999 ; 6.50917 ; 0.171366 ; -5.46219
5.91162 ; 5.6149 ; -5.29898 ; -5.14613
5.42853 ; 5.65349 ; -2.68949 ; -5.75551
7.74917 ; 6.34397 ; -1.41434 ; 2.21976
7.16925 ; 6.29661 ; -1.73905 ; -5.949
4.78615 ; 3.23736 ; 0.87535 ; -1.89257
5.1095 ; 6.90853 ; 4.42544 ; -0.31778
6.83261 ; 5.4317 ; -1.63807 ; -5.995
5.0649 ; 4.54346 ; -3.50982 ; 5.78106
3.66498 ; 4.58213 ; 1.13064 ; 5.92941
7.64713 ; 3.83317 ; -3.49176 ; 3.84241
6.30586 ; 4.29282 ; 5.41571 ; -5.33499
5.37224 ; 6.03879 ; -3.89753 ; 0.460515
4.62478 ; 7.13678 ; -2.55435 ; -3.29024
6.84379 ; 6.07489 ; -5.53897 ; -5.82765
6.0607 ; 5.42589 ; 5.50113 ; 5.55163
5.76481 ; 4.8713 ; -4.81195 ; 4.59754
7.57625 ; 3.94859 ; 0.825725 ; 4.46176
6.834 ; 4.23533 ; -5.42594 ; 5.83371
5.27926 ; 3.99245 ; 3.85378 ; 4.70435
6.78007 ; 5.26379 ; 0.671925 ; -5.9029
3.79223 ; 6.29475 ; 4.59962 ; -1.3271
4.16212 ; 2.88815 ; 2.89142 ; 0.725832
5.88881 ; 3.90162 ; 5.63196 ; -4.90271
4.32147 ; 6.43503 ; 1.83073 ; -3.76237
5.76144 ; 5.92297 ; 5.77623 ; -3.76211
5.5499 ; 5.68108 ; 5.74277 ; 5.33725
3.9997 ; 3.11153 ; 3.23185 ; 2.91821
4.41795 ; 6.74037 ; 4.86583 ; 0.390679
5.62629 ; 4.53514 ; -3.86863 ; 5.82407
4.29803 ; 3.4138 ; 5.79015 ; 0.202196
4.48607 ; 5.53061 ; 5.62985 ; -0.114347
5.40415 ; 5.02213 ; -5.55092 ; -5.7322
6.50396 ; 5.9674 ; -5.77627 ; -0.79993
5.15809 ; 6.49255 ; -4.06869 ; -4.29309
4.37615 ; 4.87147 ; 5.18865 ; 5.35284
6.26067 ; 6.08818 ; -5.83956 ; 4.30799
6.39392 ; 3.50729 ; 2.9577 ; 1.84058
5.46387 ; 6.22444 ; 4.55222 ; -5.4537
5.51144 ; 4.04547 ; 0.554884 ; 2.72546
3.72147 ; 4.21889 ; 4.15867 ; 2.43906
6.58064 ; 4.8107 ; -5.38492 ; 5.81693
6.3568 ; 5.22508 ; -5.26821 ; -5.01623
6.03484 ; 4.23205 ; -1.04719 ; 5.84793
4.85898 ; 5.43686 ; 4.29145 ; 5.64687
6.97679 ; 4.00821 ; -0.694287 ; -3.82789
7.31063 ; 4.44273 ; 1.44591 ; 5.88071
4.13233 ; 6.54374 ; 5.16704 ; -4.11155
5.36535 ; 4.6086 ; -5.52067 ; 5.57794
4.30443 ; 5.85226 ; 5.24707 ; -5.56956
6.81639 ; 5.16569 ; 3.96466 ; -3.96603
5.90265 ; 5.77656 ; 5.58557 ; -5.75338
5.71706 ; 3.77802 ; -4.04381 ; -3.68417
3.46281 ; 5.11765 ; -0.310444 ; 4.09085
5.89218 ; 5.5298 ; -5.46728 ; 5.5754
6.19215 ; 4.45488 ; 5.49361 ; -5.45833
5.50286 ; 5.60467 ; -5.61129 ; 5.40763
5.54297 ; 3.1725 ; 1.79566 ; 1.61248
3.47434 ; 6.21973 ; 1.05375 ; 1.32158
5.80043 ; 3.222 ; -5.89864 ; 1.41011
5.95781 ; 5.15604 ; -5.80652 ; -4.71842
5.7806 ; 5.40561 ; 5.70037 ; -5.75728
4.18353 ; 3.76707 ; -0.369132 ; 4.86705
3.83775 ; 5.89742 ; -1.6105 ; -3.68399
5.87676 ; 5.02983 ; 5.62389 ; -5.72861
6.14371 ; 4.38317 ; 5.47173 ; -5.42234
4.87145 ; 4.85312 ; 5.00826 ; -5.74087
5.21362 ; 4.99581 ; 5.08117 ; 5.7857
5.52571 ; 3.90749 ; -2.16953 ; 5.50625
7.1046 ; 5.52407 ; -5.37641 ; -2.41938
5.44988 ; 3.53984 ; 5.95572 ; 4.00381
7.78528 ; 4.63242 ; 0.189916 ; 0.0750004
6.86158 ; 4.96885 ; 2.51999 ; 5.77211
5.37976 ; 3.26599 ; 6.00701 ; 1.07769
5.86633 ; 5.12243 ; 5.71157 ; 5.62787
5.78183 ; 4.35276 ; -5.83186 ; 5.04994
7.21547 ; 3.87336 ; -4.75953 ; 5.27995
6.39557 ; 4.48255 ; -5.42444 ; 4.595
5.82994 ; 6.09916 ; -5.94239 ; -5.29601
5.03926 ; 5.79038 ; 5.97103 ; 3.10285
3.38013 ; 6.838 ; 1.88084 ; -0.927781
7.41116 ; 4.96567 ; -0.938712 ; 5.85809
5.24501 ; 5.79314 ; -5.63923 ; -4.98757
4.15058 ; 5.78982 ; 3.70675 ; -6.04319
6.53914 ; 6.53453 ; -5.72501 ; -1.51926
5.34522 ; 5.23997 ; -5.38537 ; 5.58575
4.96639 ; 3.44422 ; 5.94359 ; -2.95134
6.21493 ; 4.1767 ; -5.7343 ; -4.23709
5.79857 ; 3.78152 ; -4.73606 ; 4.27152
6.96009 ; 5.17969 ; 2.04283 ; 1.06465
6.36425 ; 4.49964 ; -4.89461 ; 2.9362
6.01514 ; 5.01892 ; -5.49116 ; 5.66163
6.47361 ; 5.16985 ; -5.47311 ; -2.83138
4.96721 ; 2.79282 ; -2.01251 ; 1.77591
5.89512 ; 5.13905 ; 5.6908 ; -5.69927
5.17197 ; 4.15936 ; 6.00879 ; 5.41396
6.57364 ; 4.67085 ; -2.66308 ; 4.51736
6.82384 ; 5.11608 ; 4.40577 ; 5.66183
4.56376 ; 3.69406 ; -3.40111 ; 5.33263
3.77788 ; 5.65554 ; -0.91982 ; -5.9934
6.39355 ; 4.22923 ; -5.96041 ; 1.11789
7.19935 ; 3.45723 ; 0.837633 ; 4.82788
6.05372 ; 4.29316 ; -5.8713 ; 3.39616
4.61724 ; 6.32249 ; -3.73875 ; 0.32548
7.24341 ; 7.05719 ; -4.53194 ; -1.01831
6.90787 ; 5.01249 ; -5.02174 ; 4.60942
7.17191 ; 5.99759 ; -4.32077 ; 0.00102778
7.03184 ; 5.42883 ; 0.0350834 ; -5.96612
6.27329 ; 4.3304 ; 5.32435 ; -5.40176
5.87058 ; 3.61975 ; -2.78238 ; 5.11069
6.94047 ; 5.07011 ; 3.37168 ; -2.71276
5.25914 ; 5.05514 ; 5.71606 ; 5.78346
5.35488 ; 6.77532 ; -4.58197 ; -5.06135
5.62515 ; 5.48449 ; 5.82646 ; -5.03471
5.55786 ; 4.10031 ; -2.62641 ; -0.488762
7.33404 ; 6.11989 ; -2.4908 ; -6.139
5.26038 ; 5.47644 ; 5.89105 ; 3.87422
5.52432 ; 3.43252 ; 5.70186 ; 4.31933
6.45901 ; 4.53391 ; 4.65768 ; 5.46696
3.997 ; 6.54645 ; -0.821083 ; 1.84735
4.25202 ; 6.67816 ; 4.79433 ; -2.07812
5.57999 ; 4.97641 ; 5.23133 ; 5.68715
5.03615 ; 5.39415 ; -5.24956 ; 5.55767
5.43967 ; 6.84028 ; -0.0359858 ; -4.76033
6.36415 ; 6.14964 ; -5.37944 ; -5.81772
5.36831 ; 4.98182 ; 5.62906 ; -5.72168
5.13672 ; 4.36757 ; -5.469 ; -5.42673
3.90019 ; 7.04521 ; 3.60398 ; -3.02184
4.90372 ; 4.9575 ; 3.56424 ; 5.82301
5.71945 ; 3.00211 ; -4.8681 ; 2.09253
4.86358 ; 3.97965 ; -2.24265 ; 5.38239
6.09571 ; 6.28429 ; 0.433505 ; -5.53387
4.71586 ; 5.08968 ; 5.55159 ; -4.412
6.05137 ; 3.91632 ; -5.96039 ; 3.84942
3.54571 ; 4.82332 ; 2.10388 ; -4.0791
3.59973 ; 5.21228 ; 3.18651 ; 4.52527
6.37595 ; 4.59988 ; -4.94813 ; 5.87946
4.68566 ; 4.3202 ; 0.26658 ; 1.80507
7.86521 ; 3.26809 ; -0.19328 ; 1.13644
5.08997 ; 6.50131 ; 5.90292 ; 2.25273
4.68532 ; 6.29444 ; 4.94808 ; -5.61457
5.07122 ; 6.18875 ; 4.25902 ; -5.41241
7.01048 ; 5.28069 ; -5.50689 ; 1.82453
3.37105 ; 4.66628 ; -0.78603 ; -4.38041
5.95692 ; 3.59312 ; -1.43814 ; 4.5789
5.60702 ; 5.09884 ; 5.74385 ; -5.60992
4.24822 ; 7.20433 ; 4.40098 ; -1.28294
4.93024 ; 3.25308 ; -1.60254 ; 4.24626
5.59377 ; 4.58444 ; -5.77302 ; 4.98909
5.43733 ; 3.32234 ; -3.68167 ; 4.26235
7.04242 ; 4.53232 ; -4.75429 ; 5.12658
4.91092 ; 4.42311 ; 5.93524 ; 3.11613
6.97963 ; 4.15372 ; -4.66444 ; 5.41099
3.78992 ; 5.88789 ; 3.6366 ; -5.27752
6.31729 ; 6.34194 ; 1.63462 ; -5.69195
5.0613 ; 5.26727 ; 5.70654 ; -5.85263
7.1578 ; 4.95469 ; -3.61412 ; -4.64176
4.01876 ; 5.92943 ; -2.26676 ; 3.06854
5.04165 ; 6.13609 ; 2.81158 ; 1.63878
6.67761 ; 6.92569 ; -5.41729 ; -4.24229
5.82608 ; 5.58914 ; 5.73611 ; -4.28845
6.62786 ; 5.22319 ; -5.65262 ; -5.50926
5.38194 ; 4.8693 ; 4.38461 ; 1.7067
5.64555 ; 3.95667 ; 1.11403 ; 4.76232
5.81494 ; 3.9083 ; -5.91588 ; 4.57263
5.54338 ; 5.23543 ; 4.17723 ; -5.86545
5.35931 ; 4.7972 ; 5.8295 ; 5.51328
5.27692 ; 3.9217 ; -4.20053 ; 4.27261
3.5867 ; 3.6445 ; 0.98034 ; 1.23843
4.28487 ; 5.9298 ; 4.33076 ; -5.98627
5.55741 ; 3.86121 ; -3.50005 ; 3.13883
6.2525 ; 5.32309 ; -5.29362 ; -5.63708
6.78571 ; 6.60453 ; -0.61725 ; -4.30141
5.20023 ; 3.84156 ; 5.97024 ; 4.22374
6.34388 ; 5.24329 ; 4.26612 ; 5.65235
5.29144 ; 5.14943 ; 4.60286 ; -5.84553
5.82705 ; 5.95082 ; 3.92882 ; 2.72485
6.80898 ; 6.37993 ; -1.56351 ; -4.81743
6.36855 ; 4.44906 ; -5.71993 ; -5.03023
3.9692 ; 3.5638 ; 5.03603 ; 3.51227
6.00563 ; 4.73638 ; 5.60149 ; -5.56781
6.72188 ; 5.51416 ; -5.64724 ; -5.59029
6.3195 ; 5.14644 ; -5.17243 ; -5.88836
6.31109 ; 6.98735 ; -2.31207 ; 0.959056
6.2724 ; 3.88758 ; -5.78752 ; 4.41488
7.04147 ; 7.26864 ; 1.79912 ; -3.82526
6.05658 ; 5.19169 ; -5.69703 ; 5.67078
6.13843 ; 5.11326 ; -5.11369 ; 5.7627
4.4604 ; 5.14213 ; 4.90336 ; 1.42147
6.90004 ; 5.55575 ; -4.96791 ; -5.05684
5.4425 ; 4.33167 ; 5.75742 ; -5.27609
5.54539 ; 5.14285 ; 5.62754 ; -5.82477
6.3005 ; 4.603 ; -5.67873 ; 5.6816
5.16398 ; 6.3015 ; 6.03123 ; -3.01826
5.50048 ; 5.05959 ; 5.7871 ; -5.70377
5.22779 ; 5.18175 ; 5.8376 ; -4.81052
3.38017 ; 4.37511 ; 1.78762 ; 4.56784
5.82684 ; 5.35512 ; 5.73392 ; -5.40237
4.49253 ; 3.20005 ; -1.97463 ; 3.41776
5.98697 ; 6.41985 ; 3.06463 ; 1.22139
6.07754 ; 4.31312 ; 3.63894 ; 2.59956
4.97746 ; 4.6055 ; 5.88986 ; 5.65699
6.15616 ; 4.67214 ; -5.83406 ; 5.77989
5.55192 ; 4.495 ; 5.42666 ; 4.94657
5.7177 ; 4.60404 ; -5.01573 ; 5.66242
6.43358 ; 5.83109 ; -5.78036 ; -3.0388
5.31436 ; 5.08314 ; 5.36029 ; 5.76727
6.96079 ; 3.84359 ; 2.92314 ; 1.70478
6.52603 ; 6.23042 ; 1.30328 ; 3.29031
5.11614 ; 4.74961 ; 4.10387 ; -0.0595296
4.23755 ; 3.60247 ; 3.73346 ; 4.27152
7.05401 ; 7.39518 ; 0.00640798 ; -0.947658
5.77997 ; 5.11898 ; 5.66063 ; -5.65596
5.58275 ; 3.34393 ; 3.05187 ; 2.02669
5.0261 ; 4.50934 ; 5.49689 ; 5.74912
6.9495 ; 3.76394 ; 2.22958 ; 5.44705
4.76704 ; 2.95707 ; 1.57809 ; 2.84803
5.06708 ; 5.23952 ; 5.82204 ; -5.27504
5.57573 ; 6.64833 ; 3.98928 ; -0.466464
5.38771 ; 3.77232 ; 5.79805 ; -4.47736
6.53011 ; 4.09382 ; 5.26349 ; -5.24548
6.65104 ; 4.26661 ; -5.81968 ; 5.04917
3.90298 ; 4.69595 ; 2.98518 ; 0.683723
5.15041 ; 5.26361 ; 4.79093 ; 5.71268
7.13109 ; 4.1424 ; -4.10192 ; 5.86089
4.10665 ; 4.09287 ; 3.9266 ; 5.78863
6.52452 ; 3.62867 ; -3.49025 ; 4.83671
4.18748 ; 4.94525 ; 5.02957 ; -5.51709
4.45664 ; 5.93936 ; 1.92226 ; -5.34939
5.50463 ; 4.465 ; 5.31444 ; 4.69964
6.61332 ; 6.21764 ; -5.96501 ; -2.70286
6.16383 ; 6.11789 ; -5.68343 ; -5.6121
5.53517 ; 4.89429 ; -2.17903 ; 5.79297
4.81658 ; 3.63039 ; 6.0528 ; 2.41327
4.42407 ; 6.14062 ; 2.51731 ; -6.07455
5.47196 ; 3.03855 ; -3.66135 ; -2.27751
6.78807 ; 6.46571 ; -4.70835 ; -5.40778
6.23413 ; 4.00152 ; 2.99044 ; 5.40542
6.53559 ; 6.28228 ; -5.80631 ; 2.22894
5.65797 ; 5.45647 ; 5.72538 ; -5.65185
5.97729 ; 6.38196 ; -5.98413 ; -3.49738
6.1007 ; 7.21093 ; -0.515282 ; -2.68768
7.42273 ; 4.74105 ; 1.44818 ; 5.81278
5.92643 ; 3.58627 ; -5.56728 ; 4.3006
5.67253 ; 5.28625 ; 5.68488 ; 5.64754
5.30375 ; 5.5696 ; 5.67482 ; 5.5556
5.51572 ; 4.55732 ; -5.62867 ; -5.5143
5.66752 ; 6.66175 ; -5.83938 ; -0.132869
5.66551 ; 4.78216 ; -5.06495 ; -5.66747
4.73231 ; 5.82819 ; -5.22014 ; 5.34678
3.96786 ; 4.67533 ; 3.66583 ; 5.93994
7.11008 ; 4.86919 ; -4.66053 ; 5.68929
4.87323 ; 6.13233 ; 5.38314 ; -5.51955
3.81131 ; 3.36809 ; 3.74314 ; 4.67413
5.97231 ; 6.1399 ; -5.8642 ; -5.43103
4.79136 ; 5.92737 ; -4.00451 ; -4.95648
3.7254 ; 5.61068 ; 3.32292 ; -3.37756
4.10019 ; 7.13214 ; -1.59066 ; 1.22699
6.37797 ; 5.33248 ; 2.47448 ; -1.83133
4.54284 ; 4.22518 ; -5.15887 ; -5.28806
7.58885 ; 6.00272 ; 2.20761 ; -4.3918
4.95869 ; 5.98675 ; 5.393 ; 3.15282
4.11641 ; 5.66942 ; 3.64631 ; -6.07765
4.42751 ; 4.56455 ; 3.97133 ; 4.60283
6.48391 ; 4.6887 ; -5.87142 ; -3.9837
6.08924 ; 5.16037 ; 3.00301 ; -5.81709
6.17774 ; 4.90214 ; -5.63649 ; -5.71447
5.58522 ; 4.71242 ; 5.7233 ; -5.47528
6.0687 ; 2.98928 ; -5.78376 ; -0.638911
7.0031 ; 5.31162 ; -2.74097 ; -5.97949
3.82897 ; 3.70381 ; 1.03301 ; 2.81331
7.16949 ; 4.42549 ; -3.79599 ; -2.0622
3.40131 ; 3.94159 ; 2.23831 ; -3.3369
6.58663 ; 6.0441 ; -5.7746 ; -4.2327
7.00221 ; 4.97101 ; -4.88778 ; 5.18289
6.47548 ; 3.47567 ; -4.78355 ; 3.73703
5.47581 ; 3.09657 ; 4.52856 ; 2.70812
6.62008 ; 4.57222 ; -5.5388 ; 5.7783
6.56985 ; 6.01941 ; -4.48726 ; -4.71379
5.14996 ; 4.91127 ; -5.547 ; -5.29406
4.51432 ; 3.94483 ; 3.54977 ; 5.75939
5.06645 ; 4.76643 ; -5.36003 ; -5.61268
4.52463 ; 5.06997 ; 1.05601 ; 2.80819
6.915 ; 5.47282 ; -4.58214 ; -4.94302
6.46044 ; 5.58655 ; -4.9633 ; -2.84135
4.68426 ; 6.261 ; -3.99562 ; -4.78973
4.27286 ; 5.68932 ; 1.11278 ; -6.0878
5.3265 ; 4.82675 ; -5.62103 ; -5.47876
6.25601 ; 6.07867 ; -5.92175 ; 1.99681
6.11296 ; 5.09653 ; -5.75853 ; 4.88917
5.98249 ; 4.26826 ; -5.82805 ; 5.03065
5.60321 ; 4.20014 ; -1.78829 ; -1.34066
7.58372 ; 6.04836 ; -1.84563 ; 2.91495
6.51998 ; 5.82926 ; -5.11268 ; -6.02694
7.35054 ; 4.56203 ; 0.66464 ; 0.874062
5.56491 ; 6.57846 ; 4.83782 ; -3.17267
7.70051 ; 4.50051 ; -3.34714 ; -4.11534
6.19835 ; 4.55973 ; 5.2735 ; -5.52758
4.26599 ; 3.7749 ; 3.90698 ; 5.2686
5.38751 ; 3.83663 ; 6.0161 ; 4.21793
6.03955 ; 3.28214 ; -4.64019 ; 4.21526
7.49341 ; 3.55517 ; 2.32797 ; -1.63858
7.12649 ; 4.42557 ; -2.23504 ; 5.9373
3.77092 ; 3.47302 ; 4.04044 ; 1.01425
5.53751 ; 5.10424 ; -5.72896 ; -5.65379
6.59164 ; 3.4187 ; -5.83924 ; 3.55202
6.13155 ; 5.98755 ; -4.78991 ; -5.91984
5.6419 ; 5.26947 ; -5.61266 ; -5.86359
5.58446 ; 6.10565 ; 1.76673 ; 2.80174
5.87818 ; 5.70042 ; 5.60858 ; -5.65668
4.78346 ; 4.96345 ; 5.26961 ; 5.02467
4.89715 ; 6.97965 ; -0.555092 ; -4.13115
5.2211 ; 4.52734 ; -5.52423 ; -5.48178
5.31028 ; 4.80164 ; -4.34309 ; -3.16763
4.18314 ; 3.64193 ; -2.16305 ; 3.34872
6.31835 ; 5.37627 ; -5.56221 ; 5.5861
3.99674 ; 5.55078 ; 4.17538 ; -5.58844
5.57829 ; 4.7587 ; 5.64239 ; -5.65365
7.6576 ; 5.31813 ; 0.127564 ; 3.69518
6.29947 ; 6.10103 ; 4.29959 ; -2.04912
7.17357 ; 7.08116 ; -3.37327 ; -3.0736
6.91543 ; 5.40824 ; -4.33988 ; -5.98417
6.27145 ; 4.08276 ; 5.42848 ; -5.23293
6.38687 ; 5.98306 ; 5.38654 ; 5.27804
5.2342 ; 4.53159 ; -5.21965 ; 5.7079
5.13894 ; 4.54321 ; -4.30974 ; 5.72783
4.13038 ; 4.57669 ; 4.89661 ; 3.01852
5.49386 ; 4.43 ; 5.71956 ; 5.65948
5.97576 ; 4.91811 ; 5.62532 ; -5.64712
4.43115 ; 3.05136 ; -1.99914 ; 1.41301
5.9382 ; 5.62059 ; -5.89981 ; -5.29837
5.69984 ; 4.37929 ; 1.72941 ; 5.45287
5.04219 ; 4.50673 ; -5.43857 ; -5.48695
7.08073 ; 6.12726 ; -3.77093 ; -6.11141
5.64027 ; 6.1907 ; -1.78482 ; -5.91111
6.02939 ; 4.82609 ; -5.83758 ; 5.12584
3.63239 ; 4.04539 ; 4.33136 ; 1.87311
4.96933 ; 5.19338 ; 4.83643 ; 5.74708
5.53498 ; 4.71172 ; 5.51264 ; -5.63059
5.35583 ; 4.13874 ; 5.9828 ; 5.32939
6.16566 ; 5.90497 ; -5.73766 ; 3.8769
6.75243 ; 5.01281 ; -3.96056 ; 3.82972
4.74772 ; 4.06966 ; 5.72827 ; 2.21626
7.39406 ; 6.23414 ; -3.85991 ; -5.77347
5.26304 ; 6.20107 ; -4.54392 ; -5.56215
6.79248 ; 6.69422 ; -5.84451 ; -3.60899
4.99218 ; 6.3823 ; 1.40631 ; -5.50176
4.02944 ; 4.2968 ; 5.10083 ; 2.24185
5.99822 ; 3.08167 ; -4.95263 ; 2.20044
6.43195 ; 4.05743 ; -1.19236 ; 5.2604
5.86866 ; 5.89559 ; -2.89388 ; -1.44301
6.21253 ; 3.11725 ; -0.91396 ; 2.56414
6.62538 ; 5.68996 ; 2.96644 ; -5.87125
7.2134 ; 4.99171 ; -5.15875 ; -0.509736
6.88493 ; 5.90362 ; 2.3333 ; -6.05971
3.48621 ; 3.45351 ; 3.36417 ; -1.66321
