6.02413 ; 7.32293 ; 3.49694 ; -0.823367
5.27886 ; 3.77005 ; 5.62346 ; -1.83779
5.41554 ; 4.9017 ; 5.21158 ; -2.07521
4.46079 ; 4.24445 ; -5.02146 ; -5.24311
6.58335 ; 6.65519 ; 0.683616 ; 3.37457
4.77263 ; 3.87973 ; -5.20036 ; -5.03616
6.46744 ; 5.62312 ; 3.78168 ; 2.01148
6.40484 ; 2.91671 ; 3.11348 ; -1.77995
4.25179 ; 3.94332 ; 4.75058 ; -3.64407
5.41476 ; 5.18627 ; 5.50194 ; 5.43407
5.26863 ; 6.71509 ; 5.58473 ; 0.222383
3.79227 ; 6.10059 ; 0.0959099 ; 3.20109
6.68788 ; 6.47124 ; -5.35909 ; -2.95337
7.42477 ; 4.67964 ; -2.71052 ; -4.98689
4.10866 ; 5.79482 ; 2.96133 ; -3.77945
3.84442 ; 4.79931 ; 1.53351 ; 5.40977
5.97639 ; 6.21494 ; -5.25623 ; -4.16896
6.09589 ; 4.45874 ; 5.50023 ; 3.89899
6.3938 ; 5.87879 ; 1.25433 ; 0.219034
7.37864 ; 5.14487 ; -2.01763 ; 3.46025
6.47291 ; 5.97268 ; 5.20349 ; 5.19021
4.81284 ; 5.43809 ; -5.29064 ; 5.23534
5.72284 ; 5.20543 ; 4.28076 ; 5.50601
3.38577 ; 5.59448 ; -0.162957 ; 3.09437
6.41274 ; 4.76941 ; -3.72433 ; 5.58931
4.26251 ; 3.61744 ; 4.5402 ; -2.06587
6.80647 ; 4.53355 ; -0.0783393 ; -4.40242
7.76525 ; 4.65237 ; 1.36839 ; -2.24941
4.37575 ; 3.82852 ; -5.02269 ; -5.04448
4.43387 ; 7.24277 ; 0.174913 ; -1.52983
5.10023 ; 5.48993 ; 5.53675 ; 3.05096
6.64124 ; 5.65648 ; 1.37415 ; -5.56303
5.14591 ; 4.85569 ; 5.54227 ; 5.24563
6.3035 ; 3.81342 ; 5.40241 ; 1.11757
6.66593 ; 6.07426 ; -5.41588 ; -4.6457
5.69724 ; 5.03343 ; 5.50283 ; -5.53551
6.73185 ; 6.35094 ; -3.34916 ; -5.04801
6.087 ; 5.29171 ; -4.7824 ; -5.63861
5.84931 ; 5.56056 ; -5.13856 ; 5.42725
7.2788 ; 3.44816 ; -4.4087 ; 0.419866
5.21392 ; 3.07761 ; -1.69454 ; -1.49181
5.50258 ; 5.69168 ; -2.55426 ; 5.35088
3.68923 ; 3.71626 ; -1.00553 ; -2.56691
4.68867 ; 5.68872 ; -2.82231 ; -5.14059
5.53959 ; 6.18314 ; -5.53578 ; 0.955701
5.72544 ; 5.30737 ; -3.36029 ; -5.1182
6.56962 ; 4.71544 ; 5.26232 ; -5.23207
5.8787 ; 4.85852 ; -5.16911 ; -2.21602
6.57357 ; 5.8899 ; -5.13875 ; -2.901
6.43825 ; 4.02324 ; 5.26819 ; -5.14643
6.19457 ; 5.82364 ; -5.17347 ; -5.59062
6.55224 ; 4.22413 ; 5.22785 ; -5.26368
5.41158 ; 5.12138 ; -5.20835 ; -5.50748
4.90791 ; 5.66751 ; -5.30281 ; 5.06832
6.92203 ; 6.52361 ; 0.055395 ; -1.95238
6.19391 ; 6.55124 ; -5.35555 ; 2.71976
5.81117 ; 4.13709 ; 5.54052 ; -3.79569
6.13818 ; 5.47782 ; -5.31978 ; 5.28746
6.01357 ; 4.37182 ; 5.45141 ; -5.17569
5.20876 ; 4.77056 ; 5.55311 ; 5.55574
7.82831 ; 4.18496 ; -0.524201 ; -3.28739
5.01717 ; 4.72053 ; -5.14178 ; -5.35843
5.89404 ; 5.50766 ; -5.23929 ; 5.43463
4.13721 ; 4.93086 ; 4.34994 ; -3.9839
6.81048 ; 6.57174 ; 5.05508 ; 4.88758
6.80651 ; 5.83857 ; -2.62545 ; 5.31432
5.4453 ; 5.6649 ; 5.67493 ; -5.14098
5.6212 ; 4.73112 ; 3.93705 ; -5.48696
6.28089 ; 5.14867 ; -5.16913 ; -5.71751
5.65325 ; 6.29106 ; -5.61249 ; -0.346261
4.02 ; 4.99119 ; 4.11351 ; -4.20668
7.16012 ; 5.89968 ; -2.05069 ; -5.77194
5.71795 ; 4.92556 ; 5.40523 ; -5.54992
7.21882 ; 6.81317 ; -3.51439 ; -1.40589
5.91991 ; 4.57121 ; -5.55674 ; 2.42388
6.29005 ; 5.87383 ; 5.10766 ; 5.28459
5.96578 ; 5.71201 ; 5.50577 ; -4.9625
5.0445 ; 5.36937 ; 5.5334 ; -3.54734
6.17483 ; 5.24453 ; 2.43304 ; -5.62839
6.51592 ; 4.15375 ; 2.9221 ; 5.28774
6.03813 ; 6.27269 ; 5.49712 ; -1.21482
5.67424 ; 5.83655 ; 5.13307 ; 4.71692
6.20683 ; 5.20274 ; -5.36813 ; 4.03041
5.61728 ; 4.83327 ; -5.4614 ; -5.5332
5.92369 ; 5.13565 ; 5.49694 ; 4.73893
4.47278 ; 5.84042 ; 2.48379 ; -5.57959
4.86982 ; 5.67235 ; 5.48621 ; 4.52683
5.24379 ; 5.16074 ; 3.019 ; 1.43118
4.65446 ; 6.77098 ; 4.97616 ; 0.492428
4.98872 ; 5.81283 ; -5.23486 ; 5.10915
5.95106 ; 5.78673 ; -5.29157 ; 5.3084
5.54815 ; 6.44515 ; -0.606494 ; -4.63062
6.16229 ; 5.29523 ; 3.12628 ; -3.85291
6.96943 ; 4.82341 ; 2.77261 ; -5.53902
4.08022 ; 3.87738 ; -0.232573 ; -3.99345
6.43492 ; 5.88286 ; 5.28879 ; 5.06661
7.20628 ; 3.36447 ; -4.67318 ; 2.48708
6.08879 ; 3.88088 ; -4.66694 ; -1.3796
4.00401 ; 4.91903 ; 1.79291 ; -5.52118
6.30563 ; 5.03976 ; 4.96068 ; 4.9768
5.41251 ; 5.85868 ; -5.40064 ; 5.19261
5.38549 ; 4.63644 ; 5.45975 ; -5.3772
4.94632 ; 4.71803 ; 1.19151 ; -2.50973
5.08056 ; 4.0192 ; 5.73219 ; 1.17358
6.06248 ; 3.55307 ; -5.64002 ; 3.44199
5.45986 ; 4.40455 ; -5.2902 ; -5.39833
5.09276 ; 6.48441 ; 1.93512 ; 1.2706
4.89614 ; 4.04523 ; -4.45177 ; 4.89104
6.09469 ; 3.77757 ; 1.25428 ; 4.22261
5.67798 ; 3.59374 ; 5.59229 ; 3.6507
4.83424 ; 5.15015 ; 5.51152 ; 0.547076
7.05227 ; 4.18885 ; -2.95122 ; 5.05176
6.12931 ; 4.43021 ; 5.48488 ; 4.97229
5.93409 ; 5.87652 ; 3.21592 ; -5.62724
7.34213 ; 5.1884 ; -1.82748 ; 5.40526
5.27337 ; 4.4436 ; 5.64893 ; 5.31429
5.82367 ; 4.57866 ; 5.38869 ; -5.44746
4.92337 ; 6.33338 ; -3.94354 ; -5.23761
5.98108 ; 2.77104 ; 3.95946 ; -0.0511054
5.29929 ; 4.00904 ; -5.33666 ; 4.35991
5.29409 ; 5.56331 ; 4.69411 ; 5.44734
7.06604 ; 4.30126 ; -4.56751 ; 4.20182
3.72321 ; 3.71526 ; 1.07664 ; 3.35075
6.73632 ; 7.17851 ; -1.16717 ; 1.21982
6.97108 ; 3.40001 ; -4.48984 ; 3.72836
5.35032 ; 3.73481 ; -4.37838 ; 0.667883
6.38849 ; 5.02205 ; 2.87905 ; 4.14819
4.66047 ; 4.19391 ; -5.17492 ; -5.25527
6.11976 ; 3.36456 ; -5.68574 ; -1.7037
6.31292 ; 6.13462 ; -5.14088 ; 2.82831
5.78209 ; 4.4829 ; 5.52226 ; -4.94577
6.62715 ; 3.07072 ; 3.48648 ; 1.91274
5.42753 ; 5.92781 ; -5.41716 ; 5.12884
4.26205 ; 4.71319 ; -3.10075 ; 5.52907
4.55363 ; 4.52978 ; 3.38896 ; -2.91021
4.18592 ; 6.20983 ; 2.16636 ; -5.6275
5.40699 ; 5.10361 ; -5.49222 ; 5.34982
5.37522 ; 5.4854 ; 4.59695 ; 5.45463
5.7982 ; 5.26494 ; 5.15191 ; 5.4747
7.13054 ; 5.17304 ; 4.24438 ; 5.34275
5.64009 ; 6.04321 ; 5.42866 ; -5.0604
7.12481 ; 5.56313 ; 3.72042 ; 5.37299
4.40366 ; 4.36339 ; 4.61959 ; 5.50212
6.12108 ; 3.24047 ; 2.72871 ; 2.24757
6.54871 ; 5.29691 ; 4.08162 ; -5.60837
6.12602 ; 5.92046 ; 5.44623 ; -0.958646
6.8019 ; 5.30836 ; -2.25752 ; 5.48426
5.54971 ; 4.54843 ; -5.48916 ; 5.31833
5.27833 ; 3.52747 ; -5.4421 ; -3.53526
4.33497 ; 4.27869 ; -5.03602 ; -5.22155
6.84229 ; 6.47807 ; -4.04031 ; -5.12015
5.43556 ; 6.90139 ; 3.1961 ; -3.88296
4.73851 ; 3.86393 ; -5.18201 ; -5.07992
4.13661 ; 5.52729 ; 0.361389 ; -0.402733
5.95854 ; 5.14737 ; 5.44776 ; 5.11962
6.49373 ; 4.66778 ; 4.36538 ; 4.5636
4.56387 ; 4.39873 ; -2.09997 ; -1.15455
4.99423 ; 5.90725 ; 4.45186 ; -5.0165
6.66222 ; 4.59743 ; 5.21117 ; -5.08818
5.28592 ; 6.0764 ; -5.43104 ; -5.09996
6.07243 ; 6.0353 ; 5.29836 ; 5.23328
6.04196 ; 4.23321 ; -5.62595 ; 0.105038
6.34094 ; 6.91192 ; 3.30393 ; -1.8915
4.95315 ; 4.77398 ; 5.35008 ; 5.62567
4.95581 ; 5.16516 ; 4.06372 ; 5.46311
7.32189 ; 5.23078 ; -0.5513 ; 1.09548
4.07957 ; 2.73615 ; -2.13048 ; 0.196264
6.10215 ; 5.7513 ; -4.63271 ; 5.36235
6.77942 ; 7.08948 ; 3.49984 ; 2.38958
3.45169 ; 3.52012 ; -0.864355 ; -2.22626
3.90624 ; 5.23927 ; -0.375286 ; 5.54955
6.38372 ; 5.92926 ; 5.31381 ; 5.17884
5.03928 ; 5.11207 ; 4.37315 ; -5.42363
4.66508 ; 5.83908 ; 3.5836 ; -2.49191
5.92318 ; 5.38199 ; 4.87054 ; 4.99401
6.09149 ; 5.88631 ; -1.90771 ; -4.65672
6.76424 ; 5.63233 ; -3.89233 ; -5.83138
4.92071 ; 5.50408 ; -5.28398 ; 5.25297
6.90958 ; 4.78743 ; -4.35712 ; -2.19406
6.53058 ; 3.30294 ; -1.24161 ; 2.05134
4.88684 ; 4.69172 ; -2.33797 ; 4.31885
5.61853 ; 3.53994 ; -5.5581 ; -3.65165
5.16406 ; 5.84687 ; 5.46334 ; -5.46883
6.20521 ; 4.81134 ; 5.41587 ; -5.43658
5.73068 ; 5.61885 ; 4.68411 ; -5.13384
6.37476 ; 4.65966 ; -4.37761 ; 0.523521
5.66525 ; 6.00887 ; -5.28296 ; -5.2851
5.06197 ; 4.77915 ; -3.93038 ; 5.38147
5.56579 ; 5.16968 ; -5.44585 ; -5.51934
5.07847 ; 4.75067 ; 4.76191 ; -5.55945
3.93002 ; 5.38795 ; -0.21566 ; 5.51347
5.01929 ; 4.91464 ; 3.05593 ; 3.81742
5.55659 ; 5.36775 ; -5.5937 ; -5.05021
5.49218 ; 5.86313 ; 5.54044 ; -5.3731
5.84347 ; 6.9452 ; -5.62949 ; -1.78974
6.86152 ; 5.69034 ; -3.476 ; -5.83878
6.49977 ; 4.18268 ; 5.2732 ; -5.14797
6.00059 ; 3.72413 ; 5.51227 ; -1.66813
4.65416 ; 5.51294 ; -5.14912 ; 5.32828
4.60628 ; 4.83451 ; -5.20862 ; -5.32524
7.32965 ; 3.32623 ; 4.70829 ; -4.65469
4.92896 ; 6.16235 ; -5.27262 ; 5.13452
5.54428 ; 7.25733 ; -4.60769 ; -0.922385
4.20751 ; 5.21098 ; 3.98346 ; 5.57411
4.75824 ; 4.12921 ; -5.21957 ; -5.23521
5.03522 ; 5.23771 ; -5.04248 ; -5.58229
4.46641 ; 6.36904 ; -5.0728 ; 4.98457
5.65177 ; 5.30711 ; -4.34436 ; 5.39455
7.33848 ; 6.15142 ; 1.4692 ; 3.56857
7.00764 ; 6.87326 ; -3.4067 ; 1.10226
5.90308 ; 4.12397 ; 5.37057 ; -5.22843
5.10542 ; 6.43871 ; 2.67847 ; -2.72745
4.58287 ; 3.97351 ; 4.64622 ; -4.52512
5.37553 ; 6.26961 ; 5.24815 ; -4.21235
6.06191 ; 3.66626 ; -3.03677 ; -2.89932
7.27184 ; 4.90393 ; -4.33475 ; -3.96027
5.94434 ; 4.26321 ; -5.36264 ; -5.29389
5.43693 ; 5.95029 ; -5.28689 ; 5.26244
4.92744 ; 4.39787 ; -5.30321 ; -5.35245
5.55199 ; 5.24781 ; -4.78601 ; -5.56207
5.0589 ; 4.60635 ; -5.36264 ; -5.42751
4.13651 ; 5.1608 ; 3.59884 ; 5.59347
6.70362 ; 4.40234 ; 5.16472 ; -5.28395
4.37362 ; 5.57012 ; 4.14739 ; -5.78912
5.6234 ; 4.66942 ; 5.60196 ; 4.18037
5.15539 ; 4.92057 ; 5.25219 ; -5.61112
4.39907 ; 4.6828 ; 2.73169 ; -5.53959
5.99401 ; 4.57482 ; -5.58 ; 5.13775
5.40116 ; 4.80259 ; 5.56218 ; -3.6107
4.63543 ; 5.40428 ; 3.29987 ; 5.51994
7.64485 ; 3.40744 ; -0.855713 ; 4.10662
6.06886 ; 3.79358 ; -5.6703 ; 1.13295
6.52748 ; 3.73198 ; -5.26735 ; 3.67226
4.77574 ; 4.91696 ; 2.44737 ; -5.10412
6.4375 ; 3.85988 ; -5.57545 ; 2.56073
6.82604 ; 4.16934 ; -4.84081 ; 2.29452
4.76003 ; 5.75756 ; -5.22131 ; 5.2559
6.9057 ; 5.32988 ; -2.84514 ; 5.54638
6.578 ; 5.09852 ; -1.57955 ; 5.48188
5.72083 ; 4.31731 ; -4.68603 ; -5.35435
6.91893 ; 3.89992 ; 5.0139 ; -5.08752
4.55809 ; 5.78368 ; -3.62722 ; 2.25321
6.09746 ; 5.69237 ; 5.41789 ; 4.87647
7.23454 ; 3.67681 ; 0.734773 ; 3.85648
6.32243 ; 4.96788 ; -0.91717 ; -5.60975
5.90019 ; 5.35215 ; -5.22628 ; 4.65496
7.22566 ; 3.21582 ; 2.6404 ; 3.78634
5.14346 ; 5.22497 ; -5.39068 ; 5.37828
6.76277 ; 3.71033 ; 5.11392 ; -4.92651
6.30072 ; 5.99443 ; -3.56745 ; 0.353581
4.64326 ; 4.07117 ; 4.09814 ; 5.29748
6.49936 ; 4.67459 ; -1.85999 ; 5.59738
5.09563 ; 4.96459 ; -5.35945 ; 5.37052
4.27442 ; 4.64034 ; 0.36518 ; 4.0308
7.16081 ; 4.42645 ; -0.966755 ; 5.26544
7.41339 ; 4.83293 ; 2.80992 ; 4.52821
4.7044 ; 6.12911 ; -5.21295 ; 4.89405
6.86434 ; 6.16679 ; -5.05564 ; -1.03041
6.0969 ; 3.81407 ; -5.49784 ; 3.73175
5.54276 ; 3.45327 ; -5.60918 ; 0.097946
4.90909 ; 5.46531 ; 4.28085 ; 5.47184
4.67248 ; 5.22599 ; 5.24626 ; 0.152323
5.72398 ; 4.56364 ; 5.47023 ; -5.29744
5.00282 ; 4.88129 ; -5.33907 ; 5.30093
6.42513 ; 5.43914 ; 5.33471 ; 5.16272
4.9728 ; 4.97822 ; 5.25765 ; 5.60357
5.20701 ; 5.39934 ; 3.75025 ; 5.46596
6.61146 ; 4.20111 ; 5.1782 ; -5.23043
4.4574 ; 3.55735 ; -5.04393 ; -4.83735
4.7958 ; 5.70736 ; -3.4311 ; -5.57944
5.08328 ; 6.13682 ; 2.58282 ; -5.54559
7.43727 ; 5.89249 ; -2.56543 ; -4.69113
4.99517 ; 5.86049 ; -4.81294 ; 5.28531
6.16042 ; 4.01663 ; 5.34239 ; -5.16388
3.86331 ; 4.91986 ; 2.06511 ; 5.18665
6.38937 ; 4.8897 ; -5.22116 ; 5.59648
7.24693 ; 5.12187 ; -1.93531 ; -5.76666
6.64819 ; 6.19329 ; 0.0228481 ; -3.28457
5.54198 ; 3.27439 ; -4.43981 ; 0.20459
6.56903 ; 6.06543 ; 1.21248 ; -4.85123
5.33261 ; 5.37885 ; 4.14426 ; 2.51216
4.29065 ; 3.68974 ; -4.94488 ; -4.96094
5.87287 ; 4.50595 ; -5.26368 ; -5.45573
7.37122 ; 6.71103 ; 1.95172 ; 2.38164
5.88419 ; 5.09372 ; 5.51818 ; -4.14845
6.60054 ; 5.35576 ; -4.37822 ; -3.37693
5.25923 ; 5.02209 ; 5.44305 ; -3.74592
3.67834 ; 4.86723 ; 0.333636 ; 5.17904
4.95005 ; 3.18989 ; -3.66327 ; -2.71926
5.64027 ; 3.92124 ; -4.33386 ; 2.84528
5.56285 ; 4.85071 ; 5.60066 ; 0.71184
4.12484 ; 5.4008 ; -0.055945 ; -5.75979
6.53546 ; 3.62551 ; 5.23053 ; -4.71859
6.83633 ; 3.87982 ; 5.07212 ; -5.07993
4.77936 ; 4.42252 ; -5.24686 ; -5.30913
6.08267 ; 5.1064 ; 3.72133 ; 5.51129
6.76071 ; 4.59605 ; -2.64204 ; -2.4428
4.683 ; 4.00576 ; -5.17413 ; -5.16324
6.50482 ; 5.39648 ; 3.74514 ; 5.40723
3.90822 ; 7.20358 ; 0.0884909 ; 1.11131
7.02483 ; 6.28534 ; 4.94756 ; 5.0207
5.43475 ; 5.14582 ; -4.56733 ; 4.80024
5.06582 ; 4.99 ; -5.37934 ; -0.770078
5.3235 ; 6.77992 ; -1.19861 ; -2.46258
5.94083 ; 4.285 ; 5.39492 ; -5.29835
6.69718 ; 3.64795 ; 1.77451 ; 4.03338
5.81834 ; 5.10795 ; 4.88154 ; -5.57927
5.06391 ; 6.19961 ; -5.27998 ; 5.12049
4.51369 ; 4.43078 ; 4.79557 ; -5.31164
6.54556 ; 4.44213 ; 5.2898 ; 4.04886
5.69722 ; 6.05287 ; -5.57961 ; 1.96105
5.14085 ; 4.56329 ; -1.43884 ; -5.42341
7.13747 ; 4.88524 ; 2.13983 ; 5.56666
3.90155 ; 4.44399 ; 3.78797 ; -0.139897
5.86642 ; 5.6111 ; -5.45107 ; 1.6561
6.1226 ; 5.76485 ; -2.82427 ; -4.50163
6.58088 ; 6.79226 ; 1.02486 ; 0.380492
5.81149 ; 2.89836 ; 5.54235 ; -1.99005
4.28853 ; 3.05046 ; -2.28042 ; 2.49388
4.48555 ; 4.43211 ; 4.88013 ; 5.48988
3.43267 ; 6.61115 ; -0.109974 ; 0.542737
6.66292 ; 6.17202 ; 5.17797 ; 5.09081
4.74472 ; 5.80218 ; -5.24531 ; 5.19545
5.40865 ; 4.69969 ; -5.40508 ; 5.3646
6.42376 ; 3.83761 ; 5.28671 ; -4.83085
7.06756 ; 3.83528 ; -4.42768 ; -2.89491
3.85819 ; 3.56376 ; -1.60696 ; 3.1692
6.34491 ; 6.01044 ; -4.77722 ; 2.78697
5.49753 ; 4.65227 ; -5.51993 ; -0.953461
6.43973 ; 6.94963 ; -4.70947 ; 0.791819
5.2738 ; 5.53762 ; -5.44745 ; 4.89555
6.19281 ; 5.13372 ; 4.78762 ; -5.57961
5.42246 ; 4.32599 ; -5.31199 ; -5.30362
3.65657 ; 4.35123 ; -1.37344 ; 5.1704
6.4951 ; 3.99626 ; -5.56035 ; 1.05983
4.73715 ; 5.3035 ; 0.612773 ; 4.63026
4.10812 ; 3.53633 ; 2.86378 ; -1.2191
6.10112 ; 6.88951 ; -5.73257 ; -0.513203
6.26838 ; 4.42046 ; 5.35736 ; -5.34214
4.98628 ; 4.58635 ; -5.36503 ; -5.3269
4.3619 ; 4.09983 ; 3.55853 ; 4.22551
5.04036 ; 4.24178 ; 5.10538 ; -4.66934
5.76512 ; 4.74674 ; 5.38363 ; -5.40685
6.60989 ; 4.45558 ; -2.76152 ; 5.53717
6.57517 ; 6.23071 ; 4.06129 ; -3.53176
5.05294 ; 6.41314 ; 5.71637 ; -2.28971
7.37322 ; 5.04198 ; -0.582031 ; 5.4671
5.33904 ; 4.31288 ; -5.33931 ; -5.35459
5.17636 ; 3.97074 ; -5.36793 ; -5.05384
5.10478 ; 5.68215 ; 5.01773 ; 5.39997
4.50841 ; 6.20396 ; -5.06559 ; 5.0603
6.73324 ; 6.19193 ; 5.06888 ; 5.10752
6.81554 ; 7.17718 ; 1.88443 ; -3.23471
7.30601 ; 6.77953 ; -4.40193 ; -3.11936
5.16269 ; 3.33414 ; -4.94969 ; 2.74737
4.31064 ; 5.3844 ; 4.04582 ; 5.34081
5.73919 ; 4.92139 ; 5.40896 ; -5.41978
6.44752 ; 4.73568 ; 3.22705 ; 5.3651
5.84666 ; 4.6448 ; 5.16462 ; -5.45611
5.73487 ; 6.92015 ; 3.76043 ; -1.27902
4.88942 ; 4.39211 ; 3.50854 ; -1.29982
7.38152 ; 6.80653 ; -4.30849 ; -1.95006
5.95074 ; 3.9338 ; -5.71621 ; 4.31069
5.41124 ; 5.17503 ; 5.58504 ; -5.21817
5.66251 ; 5.03151 ; -5.16152 ; 5.24651
5.30808 ; 3.50348 ; 5.63453 ; -2.66412
4.98484 ; 5.49567 ; -5.4001 ; -4.8715
5.15254 ; 4.7567 ; -5.35462 ; -5.41506
6.18106 ; 4.44383 ; -5.48789 ; 3.97885
5.08446 ; 4.86315 ; -3.49847 ; -5.51921
5.50116 ; 5.64006 ; -5.51482 ; 4.22661
4.55417 ; 4.33647 ; -5.14809 ; -5.24102
3.83146 ; 5.17549 ; -0.0938775 ; 5.59004
6.95792 ; 7.09884 ; 0.0946901 ; -1.93234
5.06148 ; 3.32364 ; 1.46509 ; 3.63186
7.00083 ; 4.53155 ; -4.28721 ; -5.37367
5.67293 ; 4.09164 ; -5.25411 ; 4.46841
6.76227 ; 4.14606 ; 5.1292 ; -5.21661
6.25916 ; 4.11816 ; -4.43807 ; -3.552
6.84465 ; 3.37297 ; -3.95155 ; 1.92706
6.09418 ; 5.60174 ; -5.33055 ; 5.19499
5.63391 ; 7.01972 ; -4.82128 ; 2.23803
5.60245 ; 6.21078 ; -5.64788 ; -3.90025
5.35407 ; 3.24326 ; -4.80034 ; -1.1494
6.32407 ; 5.05745 ; -4.45785 ; -4.95569
5.89331 ; 5.0029 ; 5.54971 ; 5.29227
6.16753 ; 4.78093 ; 5.42886 ; -5.34177
6.13278 ; 5.26776 ; 5.37441 ; 5.3587
3.90741 ; 5.33676 ; -0.0855098 ; 5.54401
7.16367 ; 5.70309 ; 1.75278 ; -4.84828
6.11008 ; 4.58328 ; 5.48988 ; 5.20912
5.76242 ; 5.82878 ; -5.35584 ; 5.27794
4.71144 ; 5.15751 ; 4.6296 ; -5.71668
7.24775 ; 5.38569 ; -3.53791 ; 5.35306
6.50877 ; 5.48068 ; -4.44731 ; -4.78482
5.45042 ; 5.06814 ; 5.62632 ; 5.27356
4.29701 ; 6.91056 ; 2.04516 ; -2.05254
4.11825 ; 3.70613 ; 4.73969 ; -1.96708
7.12023 ; 5.98354 ; 3.15229 ; 3.30535
7.07924 ; 5.47481 ; 2.98979 ; 5.40654
4.87702 ; 4.80716 ; -5.32326 ; -5.41945
5.62193 ; 5.89471 ; -5.46661 ; 3.71218
4.72881 ; 3.85153 ; 4.87807 ; 4.901
5.76396 ; 5.52596 ; -5.60618 ; -0.0851204
7.04591 ; 6.25858 ; -4.45246 ; 3.5891
5.54176 ; 6.22746 ; -5.62865 ; -4.5128
5.67295 ; 5.41477 ; 5.58321 ; -5.54482
4.79664 ; 5.66683 ; -5.17475 ; 5.26333
6.41357 ; 5.96116 ; -5.25061 ; -4.46045
5.53094 ; 5.39185 ; -5.49521 ; 3.39401
6.487 ; 4.1998 ; -0.623884 ; -3.91243
7.0386 ; 3.15213 ; 2.12813 ; 2.74856
5.7456 ; 4.77959 ; -2.84305 ; -5.51653
6.73647 ; 4.83554 ; 4.53496 ; -5.46945
4.7463 ; 6.09837 ; 5.38089 ; -5.45123
6.74115 ; 5.52787 ; 3.20306 ; 1.62037
5.22684 ; 5.11525 ; 5.5948 ; 5.3215
5.56036 ; 3.25496 ; 5.74701 ; 1.57388
6.54974 ; 4.10451 ; 5.20437 ; -5.20693
5.27767 ; 4.63144 ; -5.21415 ; -5.44766
4.82738 ; 4.66946 ; 5.31615 ; -2.51518
5.5384 ; 4.90493 ; -5.53833 ; -0.720323
4.57739 ; 6.83767 ; -2.12534 ; -1.2902
6.1169 ; 6.32571 ; 4.83313 ; -3.03001
5.31369 ; 3.9165 ; 2.97567 ; 4.63648
6.21419 ; 4.97921 ; 5.41248 ; -4.63125
5.98062 ; 5.8674 ; -5.30044 ; -5.41704
6.522 ; 5.62146 ; -2.85018 ; 5.4043
5.91455 ; 5.84395 ; -5.53837 ; -4.22265
4.74794 ; 5.94421 ; 5.26159 ; 4.61805
6.03145 ; 6.20339 ; 5.45655 ; 4.33713
5.86381 ; 7.03077 ; -4.43786 ; 2.04254
6.0154 ; 7.06065 ; -5.31982 ; 1.64257
4.70963 ; 6.25623 ; 2.4776 ; 2.92517
6.2374 ; 4.95911 ; 5.39623 ; -5.19743
6.33891 ; 3.22028 ; -5.47434 ; 2.07101
4.8072 ; 4.54699 ; 3.60221 ; 5.60385
6.29892 ; 5.59707 ; -5.26974 ; 4.98139
6.47843 ; 4.59432 ; 5.21475 ; -5.35726
5.7372 ; 6.19193 ; 5.57718 ; 2.72388
7.24407 ; 3.23909 ; -4.03172 ; -1.83502
6.02231 ; 6.3985 ; -5.68836 ; -1.05483
5.98104 ; 3.59073 ; -3.23576 ; -1.39394
5.6793 ; 5.02908 ; 5.58291 ; 5.2716
6.97045 ; 3.11876 ; -4.3171 ; 2.0504
5.48249 ; 5.26159 ; -2.89542 ; 4.81038
6.48625 ; 4.56366 ; 4.94685 ; -5.10578
5.40332 ; 5.11927 ; -5.39623 ; -5.37374
5.04267 ; 5.22296 ; 5.08475 ; 5.07598
6.21434 ; 5.34188 ; 5.39229 ; 5.34514
4.00535 ; 6.32058 ; 4.24453 ; -3.77863
4.4981 ; 4.93147 ; -0.62928 ; -4.87346
4.84087 ; 4.46483 ; -3.56836 ; 0.748997
5.52536 ; 5.52014 ; -5.36958 ; -5.26916
5.26699 ; 5.89592 ; 4.93291 ; 5.31623
5.74318 ; 5.76398 ; 0.449714 ; -5.67665
5.47973 ; 5.56503 ; 5.36607 ; 5.45201
4.51627 ; 5.452 ; -4.73675 ; 5.32283
7.8511 ; 3.98703 ; 0.485335 ; 2.48947
7.24287 ; 4.67056 ; -3.12837 ; -5.549
6.36804 ; 4.36384 ; 5.31854 ; -5.28402
5.75137 ; 4.82769 ; 5.42987 ; -5.51445
5.79279 ; 4.3013 ; -5.46707 ; -4.91277
4.80671 ; 4.65888 ; 5.54617 ; -3.48419
4.24184 ; 4.66087 ; 5.04302 ; 1.2571
6.34801 ; 5.32621 ; 0.247456 ; 5.47015
6.22322 ; 4.1287 ; -2.4544 ; -0.390686
5.32594 ; 4.97278 ; 0.11499 ; 5.4122
6.87479 ; 4.86905 ; 4.85627 ; -5.42675
4.87217 ; 5.7801 ; 5.02655 ; 5.36491
6.49578 ; 3.81045 ; 5.18155 ; -5.06646
5.93365 ; 6.15452 ; 5.31445 ; 5.1805
4.63374 ; 4.15872 ; 4.51951 ; -3.68531
3.80047 ; 3.88926 ; 3.99127 ; -0.180488
6.06867 ; 5.48752 ; 5.46046 ; -1.3667
4.37521 ; 3.98622 ; -1.30272 ; 5.20234
6.9834 ; 3.83121 ; 4.90142 ; -5.05467
4.91145 ; 6.38324 ; -4.65799 ; -5.04341
5.89828 ; 5.36559 ; 5.09836 ; 5.37486
6.00167 ; 5.82418 ; 5.38121 ; 5.31928
5.23111 ; 5.84005 ; -5.36743 ; 5.27175
5.76069 ; 6.79403 ; -5.18112 ; -1.6468
7.31185 ; 5.64095 ; -0.00924376 ; 5.39215
5.65073 ; 4.83594 ; 5.59055 ; 3.96052
5.94376 ; 6.10797 ; -5.65315 ; -4.43933
5.70655 ; 3.81669 ; 5.61349 ; 1.27211
6.45502 ; 4.58504 ; 5.04109 ; 5.27257
4.00237 ; 5.67468 ; 0.302868 ; 5.40483
5.60752 ; 7.19857 ; -0.397512 ; -1.22197
5.66687 ; 6.07489 ; 5.56923 ; 3.75295
5.42303 ; 6.22067 ; 5.74027 ; -2.64863
4.65625 ; 3.92437 ; 2.4655 ; 0.349495
5.64871 ; 4.8513 ; 5.58251 ; -1.36369
6.56702 ; 5.34651 ; 5.25143 ; 5.30421
5.17234 ; 5.99056 ; -5.32198 ; 5.18823
5.97169 ; 4.3392 ; -5.57262 ; 0.965315
7.11321 ; 5.46508 ; -2.44594 ; -5.8591
7.46057 ; 5.63938 ; 1.6469 ; -5.82535
4.91329 ; 5.25754 ; -5.32905 ; 4.92565
6.22016 ; 4.53038 ; -4.44185 ; 5.21278
6.10089 ; 4.7485 ; -5.36261 ; 2.31803
5.30319 ; 4.49334 ; -5.21185 ; -5.41739
5.92835 ; 4.47576 ; 1.51943 ; -4.48815
6.95603 ; 6.25518 ; 5.02446 ; 5.01307
6.46157 ; 5.28432 ; -5.35383 ; -5.57377
6.14003 ; 5.58257 ; 2.68175 ; -0.268173
6.41957 ; 5.78287 ; 5.30653 ; 5.10477
4.69637 ; 5.03872 ; -5.2389 ; 4.89611
6.80589 ; 5.2749 ; -5.05805 ; -5.23928
5.65512 ; 6.27618 ; -5.40316 ; 3.24008
6.31815 ; 3.96386 ; -2.22338 ; -1.95084
5.48242 ; 5.66909 ; -4.84515 ; 5.36658
5.71074 ; 4.89155 ; 4.88994 ; -5.48695
5.80289 ; 4.45514 ; -5.12116 ; -1.55081
4.64664 ; 4.11745 ; -5.1612 ; -5.22052
6.48013 ; 5.93257 ; -5.32121 ; 4.61972
6.16003 ; 4.27408 ; -5.45972 ; -4.64533
6.16182 ; 3.95564 ; 5.32616 ; -5.11685
3.71291 ; 5.99147 ; 1.76634 ; -3.48167
5.22628 ; 6.62824 ; 5.62553 ; 1.78123
7.26196 ; 4.16645 ; -1.46424 ; 1.93614
6.04436 ; 6.15008 ; -5.67654 ; -4.37052
3.28466 ; 3.84901 ; -0.72043 ; -1.5728
7.47602 ; 4.86098 ; -2.25367 ; -5.14309
7.9491 ; 5.26043 ; 1.06654 ; -3.5675
5.26344 ; 3.54653 ; -3.56262 ; -2.14751
5.75118 ; 4.15266 ; 5.59405 ; 0.314281
5.45899 ; 4.52603 ; -4.27657 ; 5.36262
5.52052 ; 4.03724 ; -5.56868 ; 0.714082
5.66743 ; 5.77451 ; -1.90457 ; -4.49138
4.6586 ; 4.4796 ; 3.72019 ; 5.4632
5.81738 ; 5.72551 ; -2.3072 ; -5.57122
6.33493 ; 5.71744 ; 5.35137 ; 5.31102
6.38083 ; 5.9852 ; -3.002 ; -5.43482
4.97246 ; 4.58903 ; -2.07786 ; 4.1314
5.61187 ; 5.18879 ; 2.92191 ; 3.53562
4.56974 ; 5.12747 ; 5.1185 ; 5.15963
4.80929 ; 5.052 ; -5.29465 ; 4.95555
7.02647 ; 4.95649 ; -2.81529 ; -4.93697
7.09086 ; 4.99801 ; -4.51153 ; 4.18765
6.55743 ; 5.9992 ; -4.99111 ; -5.63547
5.6461 ; 5.23324 ; 3.25444 ; 5.50117
6.70913 ; 4.22098 ; -5.31341 ; -1.33181
4.11272 ; 5.23043 ; -0.730652 ; 4.62275
4.43377 ; 5.13275 ; 3.12891 ; -4.5203
5.49317 ; 5.47852 ; 3.14181 ; -4.03108
6.89949 ; 4.21656 ; 5.03788 ; -5.23181
6.57382 ; 4.82567 ; -4.88774 ; 2.99822
6.44492 ; 4.60671 ; -5.40146 ; 5.30942
6.08356 ; 5.19475 ; 5.48805 ; -5.26821
3.61564 ; 4.59251 ; 2.84297 ; 3.20669
5.01754 ; 4.81611 ; -1.30667 ; -4.47951
4.67505 ; 6.34603 ; 4.08105 ; -0.88344
6.7929 ; 4.49826 ; -4.79023 ; -2.36426
6.42795 ; 5.30499 ; -5.42135 ; -0.913511
5.52948 ; 5.37454 ; 5.15173 ; 4.59714
4.91699 ; 5.54589 ; 4.96806 ; -5.64892
5.4722 ; 3.13217 ; 5.46826 ; -2.98482
5.61427 ; 3.24285 ; -4.2643 ; -3.14434
6.58223 ; 4.26233 ; 5.08165 ; -5.29325
6.77398 ; 4.26181 ; 5.06965 ; -5.25966
4.71153 ; 5.4553 ; -5.14768 ; 5.28305
5.26233 ; 5.84375 ; -5.41853 ; 5.07678
5.76856 ; 6.08157 ; 5.52635 ; 4.16614
6.59162 ; 4.5246 ; 3.89111 ; 3.96376
4.065 ; 4.99298 ; -2.06286 ; -5.60438
4.28685 ; 3.34505 ; -1.40642 ; 4.20851
4.08225 ; 5.25773 ; 3.3353 ; 5.2884
5.89992 ; 5.53815 ; 2.98716 ; -5.63562
4.36751 ; 6.38912 ; -5.0174 ; 4.97819
6.7685 ; 5.20712 ; -3.45645 ; -5.76368
3.81039 ; 3.22921 ; 3.03066 ; 0.350334
4.40574 ; 6.80321 ; 5.14197 ; -0.455663
5.25718 ; 4.51866 ; 5.52512 ; 4.9988
5.41327 ; 3.88504 ; 5.62574 ; -3.98236
4.77484 ; 5.2034 ; -2.43013 ; -5.54227
5.86741 ; 5.24234 ; 4.93603 ; 5.4014
5.35601 ; 6.78009 ; -5.5215 ; 2.46741
5.43609 ; 6.2029 ; -5.5334 ; 1.69919
6.80308 ; 4.47771 ; 5.09229 ; -5.34371
5.0055 ; 5.41366 ; -5.23785 ; 5.34109
4.26201 ; 3.73806 ; 2.50916 ; 4.69067
4.16077 ; 5.08591 ; -3.02151 ; -5.62959
4.35533 ; 4.32737 ; 1.89342 ; -5.34223
6.29476 ; 4.73838 ; 5.29192 ; 5.33043
5.63083 ; 3.76596 ; 5.02354 ; -0.314718
5.20706 ; 4.17849 ; 5.73931 ; 4.7436
5.79999 ; 4.34123 ; -0.290565 ; 5.30971
6.32518 ; 6.38433 ; -5.28709 ; -4.8943
7.99003 ; 6.15327 ; -1.11237 ; 2.49518
4.47298 ; 4.76642 ; 4.8364 ; 5.55163
6.02357 ; 6.57291 ; 4.07553 ; 3.62338
4.49558 ; 4.03473 ; -5.06578 ; -5.14796
6.24275 ; 5.74701 ; -5.31757 ; 1.77367
5.01335 ; 5.87234 ; -4.66156 ; 5.27797
6.40538 ; 4.88526 ; 5.33002 ; -5.16141
4.52775 ; 5.24812 ; 4.4975 ; 5.50782
5.01238 ; 5.65658 ; -5.35158 ; 5.21604
4.55655 ; 6.22088 ; 2.73561 ; 3.33147
4.87609 ; 4.93873 ; 4.29696 ; -5.48088
5.23359 ; 5.73515 ; 4.72047 ; -5.53515
6.22252 ; 6.80706 ; -5.51487 ; 1.96244
7.49836 ; 4.63353 ; -1.9498 ; 5.37185
5.9408 ; 5.39017 ; -5.09045 ; -5.70852
5.17474 ; 6.79885 ; 1.74954 ; 1.81594
4.33896 ; 6.23609 ; -4.91147 ; 5.07245
4.62632 ; 6.43611 ; 0.420536 ; -3.86628
6.87858 ; 6.1831 ; 5.01076 ; 5.09202
7.13179 ; 6.43308 ; 4.8967 ; 4.90278
5.57864 ; 4.19644 ; -5.45205 ; -5.16651
5.71696 ; 5.36111 ; 5.09743 ; 5.42652
4.81557 ; 5.29186 ; -3.87228 ; 5.41624
4.60918 ; 6.88022 ; 4.12239 ; -0.431405
4.25263 ; 5.4892 ; -2.51858 ; -5.68927
5.02198 ; 5.81359 ; 5.54366 ; -5.45286
5.84718 ; 5.45309 ; -5.63455 ; -4.94498
5.8548 ; 4.32872 ; -3.65859 ; 4.47438
6.15727 ; 5.54693 ; 4.66403 ; -4.28699
4.07237 ; 3.92413 ; 4.87917 ; -0.400297
5.9919 ; 5.28012 ; 4.95038 ; 5.47391
4.89212 ; 4.71742 ; -5.29918 ; -5.39323
6.79153 ; 3.62135 ; -4.87386 ; 2.16155
6.73049 ; 5.75395 ; 5.17858 ; 5.21437
5.8506 ; 3.26687 ; 5.55611 ; -2.4725
6.04491 ; 5.79811 ; 1.61258 ; -5.61495
6.7841 ; 5.003 ; -1.55431 ; 2.17399
5.74119 ; 3.77337 ; 5.09801 ; 4.64292
6.03293 ; 4.79546 ; 5.14038 ; -5.49658
4.94213 ; 7.27025 ; -3.49389 ; -1.31703
6.26494 ; 5.24336 ; 5.39441 ; 5.05563
5.97323 ; 5.19494 ; 3.35356 ; -5.61152
4.76652 ; 4.46233 ; 5.47674 ; 1.32231
5.95741 ; 6.77917 ; -5.2848 ; -3.84351
4.5163 ; 5.97448 ; -5.10221 ; 5.18631
4.99701 ; 5.57669 ; -5.33865 ; 5.16391
4.4832 ; 3.81481 ; -5.0624 ; -5.05136
5.41513 ; 4.94621 ; -5.33535 ; -5.38248
4.32098 ; 6.2922 ; 5.18921 ; -0.0192674
5.84545 ; 3.962 ; 4.64121 ; 1.97665
5.25928 ; 5.84297 ; 2.63825 ; 1.80583
5.55074 ; 3.73764 ; -5.38478 ; 2.60893
5.75284 ; 5.55209 ; -5.59308 ; -4.72028
5.04844 ; 6.01056 ; -5.35665 ; 4.83369
6.86266 ; 4.00019 ; 5.00414 ; -5.13383
6.01613 ; 5.96295 ; 0.114185 ; -5.47328
5.38173 ; 5.10029 ; -5.12652 ; -5.05911
5.15958 ; 5.07794 ; -2.83308 ; -5.46133
7.60774 ; 6.56595 ; -2.10423 ; 2.03471
6.99535 ; 5.70171 ; -2.23132 ; -5.77722
4.87369 ; 3.0481 ; 1.16833 ; -1.62434
5.55205 ; 6.87675 ; 4.55452 ; -0.767729
6.6688 ; 4.8322 ; -1.987 ; -5.587
4.71392 ; 5.12156 ; -3.556 ; 5.47172
3.77804 ; 5.17508 ; 1.70819 ; 5.59873
7.29795 ; 4.21741 ; -4.14013 ; 4.25608
6.84743 ; 3.75932 ; 5.05838 ; -4.98874
4.98249 ; 6.08484 ; -3.95 ; 0.347046
4.36935 ; 6.80776 ; -2.46094 ; -3.97894
6.28989 ; 5.49212 ; -5.48008 ; -5.62597
6.61081 ; 5.98106 ; 5.15855 ; 5.19875
5.28361 ; 5.33105 ; -4.75189 ; 4.59517
7.65882 ; 4.39477 ; 0.431417 ; 4.73572
6.29141 ; 4.8187 ; -5.38986 ; 5.5756
5.66463 ; 4.46288 ; 4.01848 ; 4.8337
6.84727 ; 4.6735 ; 0.546222 ; -5.5034
4.25219 ; 6.16204 ; 5.04275 ; -1.75815
4.45127 ; 2.96073 ; 3.49427 ; 1.41657
6.45201 ; 3.41135 ; 5.26307 ; -4.60742
4.50455 ; 6.05879 ; 2.28334 ; -4.18186
6.33907 ; 5.54676 ; 5.36725 ; -4.00576
6.12418 ; 6.21481 ; 5.38041 ; 5.02296
4.32288 ; 3.40335 ; 3.85517 ; 3.62895
4.90454 ; 6.77944 ; 5.07198 ; 0.0277202
5.23943 ; 5.11754 ; -3.96153 ; 5.49045
4.87705 ; 3.43402 ; 5.73476 ; 0.62174
5.04905 ; 5.51917 ; 5.5083 ; -0.206669
4.84906 ; 4.44891 ; -5.21946 ; -5.35723
5.92633 ; 5.8874 ; -5.54364 ; -1.04074
4.75122 ; 6.06324 ; -4.04516 ; -4.60614
4.89502 ; 5.40676 ; 5.24078 ; 5.15966
5.67671 ; 6.51898 ; -5.53912 ; 4.15922
6.68969 ; 3.69135 ; 2.97211 ; 2.31299
5.91909 ; 5.67907 ; 4.56318 ; -5.38879
5.56693 ; 4.31801 ; 0.634197 ; 3.06024
4.13734 ; 4.46279 ; 4.68414 ; 2.81758
6.04215 ; 5.39239 ; -5.28971 ; 5.45085
5.82998 ; 4.72346 ; -5.16914 ; -4.91386
5.93012 ; 4.81684 ; -1.20579 ; 5.5597
5.28812 ; 6.00154 ; 4.44714 ; 5.25551
6.90737 ; 3.62542 ; -1.03235 ; -3.7178
7.45522 ; 5.03081 ; 1.22712 ; 5.57815
4.64903 ; 6.13259 ; 5.36328 ; -4.53496
4.81329 ; 5.16639 ; -5.19059 ; 5.3305
4.82913 ; 5.2953 ; 5.31799 ; -5.41852
7.21285 ; 4.76909 ; 3.85095 ; -4.07269
6.46121 ; 5.20122 ; 5.22978 ; -5.48394
5.31267 ; 3.4096 ; -4.12702 ; -3.57645
3.43177 ; 5.52674 ; 0.20507 ; 4.14864
5.34546 ; 6.08734 ; -5.23449 ; 5.20045
6.74151 ; 3.90905 ; 5.13211 ; -5.10229
4.94173 ; 6.14544 ; -5.27186 ; 5.0824
5.72254 ; 3.33375 ; 1.97558 ; 2.16939
3.57971 ; 6.35189 ; 1.74826 ; 1.12766
5.21056 ; 3.36301 ; -5.49051 ; 1.93515
5.37715 ; 4.6842 ; -5.45113 ; -4.67886
6.35064 ; 4.82988 ; 5.32342 ; -5.42493
4.14662 ; 4.25378 ; -0.0638051 ; 5.07453
3.6767 ; 5.52902 ; -1.32759 ; -3.99494
6.43915 ; 4.45697 ; 5.2656 ; -5.35882
6.69088 ; 3.84094 ; 5.12475 ; -5.06681
5.37228 ; 4.27904 ; 4.99878 ; -5.33471
5.72173 ; 5.57438 ; 4.9917 ; 5.40699
5.30876 ; 4.45812 ; -2.31167 ; 5.41701
6.56696 ; 5.28213 ; -5.41764 ; -2.68608
6.04545 ; 3.94022 ; 5.53844 ; 4.3784
7.80427 ; 4.63992 ; -0.309023 ; 0.182004
7.11358 ; 5.54606 ; 2.48346 ; 5.39921
5.98046 ; 3.37376 ; 5.58789 ; 1.56517
6.43749 ; 5.68521 ; 5.32072 ; 5.29028
5.19865 ; 4.85775 ; -5.44182 ; 5.01304
6.73951 ; 4.40135 ; -5.0482 ; 5.33694
5.85313 ; 4.94205 ; -5.28526 ; 4.65744
5.2357 ; 5.56956 ; -5.52348 ; -5.25467
5.63636 ; 6.10066 ; 5.59901 ; 3.14898
3.56821 ; 6.74522 ; 2.74192 ; -1.56705
7.31729 ; 5.55148 ; -1.39722 ; 5.45353
4.68109 ; 5.29438 ; -5.24738 ; -4.97672
4.52126 ; 5.18551 ; 4.13385 ; -5.69271
5.96664 ; 6.38261 ; -5.55038 ; -1.96367
4.80668 ; 5.79855 ; -5.10415 ; 5.25097
5.56075 ; 3.14909 ; 5.63945 ; -2.77598
5.6415 ; 3.75299 ; -5.45608 ; -4.13912
5.32496 ; 4.20867 ; -4.7025 ; 4.53439
7.16437 ; 5.28616 ; 1.97053 ; 1.13898
5.87479 ; 4.79326 ; -4.90834 ; 3.1877
5.46603 ; 5.58508 ; -5.2628 ; 5.32435
5.9263 ; 4.88671 ; -5.32661 ; -3.02086
4.76596 ; 2.97041 ; -1.98539 ; 2.518
6.4642 ; 4.56912 ; 5.30411 ; -5.35495
5.77285 ; 4.70076 ; 5.6054 ; 5.30754
6.30733 ; 5.12259 ; -2.98235 ; 4.56763
7.26442 ; 5.68226 ; 4.21885 ; 5.30701
4.22365 ; 4.22733 ; -3.30753 ; 5.39732
3.6859 ; 5.0562 ; -0.575444 ; -5.6502
5.79751 ; 4.34101 ; -5.6206 ; 1.3582
7.28312 ; 3.94001 ; 0.536326 ; 5.14261
5.46659 ; 4.63277 ; -5.50817 ; 3.65564
4.24337 ; 6.35504 ; -3.6411 ; 0.100826
6.79022 ; 6.95536 ; -4.9636 ; -1.67288
6.40569 ; 5.47343 ; -5.11052 ; 4.58468
6.73983 ; 5.9977 ; -4.6736 ; -0.205338
7.03535 ; 4.83222 ; -0.218793 ; -5.57523
6.80572 ; 3.79023 ; 5.00401 ; -5.04115
5.59234 ; 4.13082 ; -2.99175 ; 5.22447
7.27764 ; 4.79883 ; 3.28912 ; -2.89037
5.83074 ; 5.63349 ; 5.40509 ; 5.39732
4.89668 ; 6.26919 ; -4.50065 ; -5.28265
6.2078 ; 4.98102 ; 5.41989 ; -4.9566
5.29522 ; 4.05143 ; -2.78163 ; -0.385595
7.08496 ; 5.50599 ; -3.04736 ; -5.84571
5.84949 ; 5.86386 ; 5.51029 ; 3.91433
6.0945 ; 3.86445 ; 5.3752 ; 4.67568
6.92478 ; 5.08061 ; 4.491 ; 5.2772
3.91489 ; 6.73118 ; -0.484009 ; 1.62757
4.73145 ; 6.47035 ; 5.06489 ; -2.63538
6.10312 ; 5.54513 ; 5.04718 ; 5.34708
4.51119 ; 5.94991 ; -4.96351 ; 5.20885
5.43608 ; 6.36425 ; 0.00160915 ; -5.08114
5.82621 ; 5.56787 ; -5.27239 ; -5.61317
5.93121 ; 4.40965 ; 5.3366 ; -5.34535
4.58982 ; 3.82489 ; -5.1171 ; -5.06413
4.26059 ; 6.74303 ; 4.23617 ; -3.75796
5.26015 ; 5.5398 ; 3.80499 ; 5.43659
5.23264 ; 3.21136 ; -4.78879 ; 2.73749
4.63931 ; 4.51789 ; -2.26218 ; 5.33826
6.13906 ; 5.7309 ; 0.389421 ; -5.46124
5.27102 ; 4.64848 ; 5.39926 ; -4.42477
5.45533 ; 4.30126 ; -5.56542 ; 4.14423
3.7561 ; 4.41541 ; 2.78088 ; -4.08413
3.91838 ; 5.66481 ; 3.83297 ; 4.48329
5.88113 ; 5.18783 ; -4.94781 ; 5.51915
4.71231 ; 4.5007 ; 0.465234 ; 2.08753
7.84588 ; 3.38174 ; -0.880432 ; 1.78252
5.68026 ; 6.72658 ; 5.57329 ; 2.13648
5.18013 ; 5.73298 ; 5.02881 ; -5.53652
5.49712 ; 5.64751 ; 4.39986 ; -5.36195
6.45979 ; 5.46315 ; -5.47115 ; 1.93107
3.29245 ; 4.22824 ; -0.268788 ; -4.29019
5.8131 ; 4.05101 ; -1.62294 ; 4.83585
6.18141 ; 4.53785 ; 5.37508 ; -5.29301
4.68831 ; 7.07604 ; 4.80944 ; -2.00221
4.76998 ; 3.6777 ; -1.57171 ; 4.69709
5.01647 ; 5.08335 ; -5.37956 ; 4.93165
5.06916 ; 3.74857 ; -3.75013 ; 4.6666
6.56699 ; 5.04498 ; -4.95609 ; 5.06219
5.50444 ; 4.73472 ; 5.60368 ; 3.3797
6.51319 ; 4.69482 ; -4.88611 ; 5.33699
4.15358 ; 5.36014 ; 4.19995 ; -5.26328
6.48075 ; 5.77275 ; 1.64388 ; -5.58325
5.63195 ; 4.68201 ; 5.43029 ; -5.46233
6.79638 ; 4.49052 ; -4.02774 ; -4.59033
3.79209 ; 6.23629 ; -2.07397 ; 3.04097
5.3228 ; 6.29997 ; 3.08693 ; 1.59123
6.13588 ; 6.50146 ; -5.41703 ; -4.73655
6.3997 ; 5.16029 ; 5.33685 ; -4.39734
6.0626 ; 4.67226 ; -5.47207 ; -5.25382
5.8204 ; 5.03997 ; 4.43723 ; 1.87914
5.75696 ; 4.4329 ; 1.22155 ; 4.88113
5.22335 ; 4.36556 ; -5.49852 ; 4.7461
5.96111 ; 4.64888 ; 4.24227 ; -5.46505
5.94226 ; 5.34853 ; 5.46125 ; 5.26296
4.85686 ; 4.34896 ; -4.18234 ; 4.50594
3.68474 ; 3.76834 ; 1.64655 ; 1.74401
4.71794 ; 5.33118 ; 4.63569 ; -5.68723
5.20741 ; 4.17509 ; -3.61692 ; 3.50376
5.72314 ; 4.75938 ; -5.17029 ; -5.34541
6.72399 ; 6.17439 ; -0.9353 ; -4.68218
5.79725 ; 4.26393 ; 5.58771 ; 4.48731
6.77049 ; 5.80853 ; 4.20129 ; 5.28506
5.75173 ; 4.56488 ; 4.62203 ; -5.44133
6.21993 ; 6.2233 ; 3.98478 ; 2.75627
6.65263 ; 5.89819 ; -1.94804 ; -5.02316
5.79656 ; 3.94604 ; -5.46869 ; -4.80369
4.4728 ; 3.91503 ; 5.33325 ; 4.02627
6.56578 ; 4.1796 ; 5.23303 ; -5.21923
6.15716 ; 4.95513 ; -5.49517 ; -5.35782
5.80226 ; 4.55761 ; -5.09589 ; -5.47149
6.07988 ; 7.08326 ; -2.64285 ; 0.598534
5.69365 ; 4.32907 ; -5.50699 ; 4.63392
7.22138 ; 6.88612 ; 1.55336 ; -4.55505
5.48688 ; 5.75877 ; -5.39933 ; 5.30684
5.62706 ; 5.68953 ; -5.02489 ; 5.37297
4.95074 ; 5.28427 ; 5.01224 ; 1.53906
6.40325 ; 5.05007 ; -5.07863 ; -5.01105
6.01824 ; 3.80406 ; 5.41155 ; -4.96243
6.10815 ; 4.56037 ; 5.31104 ; -5.42918
5.73263 ; 5.17116 ; -5.42857 ; 5.39888
5.7671 ; 5.99967 ; 5.62369 ; -3.40903
6.07919 ; 4.48921 ; 5.41492 ; -5.34553
5.81155 ; 4.7007 ; 5.48214 ; -4.74917
3.55893 ; 4.8319 ; 2.54023 ; 4.73435
6.40023 ; 4.81489 ; 5.33818 ; -5.19387
4.29507 ; 3.54182 ; -1.83863 ; 4.01957
6.29344 ; 6.54198 ; 3.15729 ; 1.08017
6.44144 ; 4.57307 ; 3.69669 ; 2.88411
5.56645 ; 5.1712 ; 5.55975 ; 5.38825
5.57276 ; 5.25012 ; -5.49744 ; 5.44554
6.09459 ; 4.98965 ; 5.18532 ; 4.91431
5.21613 ; 5.17028 ; -4.89497 ; 5.38212
5.85554 ; 5.52721 ; -5.52691 ; -3.33499
5.85039 ; 5.65987 ; 5.16959 ; 5.38359
7.25311 ; 4.01407 ; 2.81412 ; 2.10546
6.65636 ; 6.55945 ; 1.25197 ; 3.21544
5.52653 ; 4.74365 ; 4.24462 ; -0.0194309
4.61089 ; 4.02962 ; 4.18528 ; 4.65149
7.05466 ; 7.30041 ; -0.407621 ; -1.72518
6.34603 ; 4.55338 ; 5.30097 ; -5.32524
5.88794 ; 3.5466 ; 3.23379 ; 2.54347
5.57579 ; 5.08426 ; 5.31214 ; 5.45891
7.17245 ; 4.30865 ; 2.11833 ; 5.46024
4.92485 ; 3.24187 ; 1.94988 ; 3.55177
5.64929 ; 4.71202 ; 5.49871 ; -5.09148
5.97465 ; 6.60169 ; 4.08034 ; -0.83086
5.96751 ; 3.32458 ; 5.454 ; -4.24569
7.05646 ; 3.56927 ; 4.90517 ; -4.87934
6.06907 ; 4.77153 ; -5.59113 ; 5.04743
4.20149 ; 4.76432 ; 3.53043 ; 0.834764
5.62951 ; 5.83488 ; 4.78798 ; 5.32589
6.7209 ; 4.72849 ; -4.47415 ; 5.62864
4.49931 ; 4.67173 ; 4.35885 ; 5.61181
6.1755 ; 4.11234 ; -3.80312 ; 5.04406
4.69044 ; 4.39354 ; 5.17976 ; -5.20191
4.64886 ; 5.40442 ; 2.3101 ; -5.28757
6.03608 ; 4.93497 ; 5.11744 ; 4.73403
6.01681 ; 5.94735 ; -5.68952 ; -3.10174
5.59549 ; 5.55668 ; -5.42848 ; -5.47273
5.31727 ; 5.47359 ; -2.3302 ; 5.42226
5.42185 ; 3.87172 ; 5.72636 ; 2.8769
4.6758 ; 5.53317 ; 2.93985 ; -5.78092
5.10582 ; 2.8108 ; -3.73444 ; -1.97739
6.31724 ; 5.92493 ; -4.90514 ; -5.46406
6.53318 ; 4.54207 ; 3.05656 ; 5.33592
5.95496 ; 6.50517 ; -5.58369 ; 2.15708
6.23051 ; 4.89128 ; 5.35514 ; -5.36696
5.37888 ; 6.03222 ; -5.57834 ; -3.87709
6.04917 ; 6.94216 ; -0.683935 ; -3.39318
7.56755 ; 5.32233 ; 1.20166 ; 5.47547
5.3697 ; 4.01633 ; -5.31134 ; 4.61345
6.24102 ; 5.851 ; 5.32929 ; 5.28236
5.87124 ; 6.12516 ; 5.37507 ; 5.183
4.95285 ; 4.00589 ; -5.28016 ; -5.1584
5.08359 ; 6.64847 ; -5.43687 ; -0.468324
5.15902 ; 4.21541 ; -4.92356 ; -5.28772
4.2103 ; 6.36287 ; -4.87192 ; 4.985
4.33444 ; 5.26932 ; 4.14461 ; 5.5727
6.64402 ; 5.43812 ; -4.89551 ; 5.36904
5.41154 ; 5.58037 ; 5.28172 ; -5.42574
4.18563 ; 3.8355 ; 4.36704 ; 5.0956
5.38589 ; 5.5968 ; -5.50356 ; -5.35652
4.39091 ; 5.43172 ; -3.9342 ; -4.99437
4.05769 ; 5.27292 ; 3.92218 ; -3.64772
3.94112 ; 7.25484 ; -1.28972 ; 0.754506
6.62542 ; 5.14935 ; 2.5358 ; -2.02739
4.02695 ; 3.69637 ; -4.77779 ; -4.91973
7.80961 ; 5.56354 ; 1.90609 ; -4.6437
5.49799 ; 6.30204 ; 5.26477 ; 3.15348
4.48104 ; 5.06165 ; 4.08489 ; -5.68554
4.82464 ; 5.02483 ; 4.28084 ; 4.66933
5.89677 ; 4.29033 ; -5.57588 ; -4.01088
6.38954 ; 4.57866 ; 3.1063 ; -5.42979
5.61409 ; 4.33069 ; -5.37921 ; -5.33272
6.15755 ; 4.16489 ; 5.36771 ; -5.15604
5.49033 ; 2.92539 ; -5.49016 ; -0.208896
6.729 ; 4.71367 ; -3.15927 ; -5.55962
3.93227 ; 3.98514 ; 1.60091 ; 3.33078
6.78989 ; 4.21927 ; -4.20656 ; -2.10037
3.62514 ; 3.6079 ; 3.03093 ; -3.17241
6.00917 ; 5.62083 ; -5.56347 ; -4.46081
6.51344 ; 5.4893 ; -5.037 ; 5.01673
5.99712 ; 3.84937 ; -4.88761 ; 4.18351
5.92867 ; 3.36739 ; 4.56276 ; 3.32581
6.0662 ; 5.15005 ; -5.4021 ; 5.46881
6.12113 ; 5.54803 ; -4.65371 ; -4.83917
4.59526 ; 4.38186 ; -5.17957 ; -5.05859
4.86929 ; 4.52077 ; 3.91486 ; 5.60515
4.53044 ; 4.20516 ; -5.0421 ; -5.24559
4.63023 ; 5.35079 ; 1.34776 ; 2.98056
6.45679 ; 4.97852 ; -4.7876 ; -4.91297
5.96411 ; 5.30241 ; -4.9795 ; -3.09834
4.2847 ; 5.78203 ; -3.88618 ; -4.95604
4.38414 ; 5.08054 ; 1.48753 ; -5.68922
4.7644 ; 4.27887 ; -5.2518 ; -5.17158
5.66383 ; 6.27835 ; -5.58575 ; 1.97899
5.5371 ; 5.58545 ; -5.44433 ; 4.7869
5.39968 ; 4.77133 ; -5.4718 ; 5.0165
5.42438 ; 4.06608 ; -1.92959 ; -1.33197
7.39916 ; 6.33986 ; -2.46866 ; 2.83415
6.00871 ; 5.22656 ; -5.10679 ; -5.67052
7.41701 ; 4.64944 ; 0.372772 ; 1.05903
6.0487 ; 6.2612 ; 4.76668 ; -3.6271
7.3658 ; 4.08898 ; -3.98258 ; -4.04899
6.7257 ; 4.00697 ; 4.98637 ; -5.16446
4.65669 ; 4.30176 ; 4.31535 ; 5.35262
5.98912 ; 4.25842 ; 5.57839 ; 4.47889
5.57553 ; 3.70366 ; -4.68463 ; 4.64303
7.72621 ; 3.39132 ; 2.0193 ; -1.39079
6.90299 ; 5.0193 ; -2.6945 ; 5.60696
4.17497 ; 3.57444 ; 4.63078 ; 1.54157
4.96461 ; 4.53886 ; -5.34864 ; -5.32071
6.00771 ; 3.77391 ; -5.63298 ; 4.04232
5.65256 ; 5.39557 ; -4.8044 ; -5.62854
5.08063 ; 4.68311 ; -5.29122 ; -5.46888
5.76113 ; 6.38582 ; 1.92118 ; 2.79988
6.43904 ; 5.13476 ; 5.24912 ; -5.41082
5.31042 ; 5.46592 ; 5.19895 ; 4.91127
4.84164 ; 6.56653 ; -0.432202 ; -4.64739
4.66868 ; 3.97916 ; -5.17048 ; -5.12889
4.87597 ; 4.48488 ; -4.32196 ; -3.2892
3.96683 ; 3.9768 ; -1.97626 ; 3.83066
5.76213 ; 5.93488 ; -5.35885 ; 5.22377
4.41428 ; 4.99193 ; 4.57957 ; -5.37512
6.14252 ; 4.19334 ; 5.31848 ; -5.27553
7.67036 ; 5.68765 ; -0.321953 ; 3.74642
6.72943 ; 5.89611 ; 4.21327 ; -2.39524
6.83625 ; 6.77381 ; -3.94057 ; -3.79592
6.48144 ; 4.80982 ; -4.59194 ; -5.57858
6.8143 ; 3.55946 ; 5.06759 ; -4.87718
6.92553 ; 6.51087 ; 5.01282 ; 4.90871
4.71224 ; 5.10238 ; -4.96923 ; 5.42537
4.70796 ; 5.11599 ; -4.26434 ; 5.43784
4.62005 ; 4.87854 ; 5.10903 ; 3.28465
6.06582 ; 4.99594 ; 5.37989 ; 5.40827
6.5383 ; 4.35339 ; 5.2529 ; -5.29386
4.23123 ; 3.19266 ; -1.83215 ; 2.06357
5.34822 ; 5.09075 ; -5.5084 ; -5.16567
5.87278 ; 4.92457 ; 1.87039 ; 5.28457
4.49833 ; 3.95803 ; -5.08469 ; -5.1247
6.70364 ; 5.51612 ; -4.18519 ; -5.8148
5.46179 ; 5.59959 ; -1.93884 ; -5.66117
5.44563 ; 5.33867 ; -5.47945 ; 4.99529
4.06552 ; 4.2327 ; 4.87523 ; 2.28938
5.45297 ; 5.76809 ; 4.85267 ; 5.35645
6.08624 ; 4.14866 ; 5.24236 ; -5.25462
5.95411 ; 4.67168 ; 5.55953 ; 5.25134
5.59189 ; 6.29266 ; -5.45522 ; 3.83503
6.35637 ; 5.39578 ; -4.22923 ; 3.93588
5.32055 ; 4.29129 ; 5.53108 ; 2.56545
7.00807 ; 5.6568 ; -4.37276 ; -5.67491
4.80865 ; 5.64486 ; -4.46503 ; -5.4565
6.20802 ; 6.33332 ; -5.69716 ; -4.11326
5.13281 ; 5.83213 ; 1.65813 ; -5.47357
4.53952 ; 4.52098 ; 5.30201 ; 2.57856
5.50295 ; 3.30171 ; -4.91623 ; 2.82103
6.31271 ; 4.58347 ; -1.4395 ; 5.23193
5.57927 ; 5.75129 ; -3.10169 ; -1.70176
6.12114 ; 3.37367 ; -1.12767 ; 3.18353
6.92202 ; 5.10283 ; 2.9646 ; -5.55831
6.69752 ; 4.94074 ; -5.29294 ; -0.551455
7.11826 ; 5.29765 ; 2.26514 ; -5.72051
3.82263 ; 3.28719 ; 4.14826 ; -1.33586
