5.78229 ; 5.49819 ; -0.00651044 ; -1.00251
6.17365 ; 5.36752 ; 1.10884 ; 0.243689
6.11653 ; 5.36707 ; 0.509521 ; -0.139439
4.83645 ; 4.65263 ; -0.541795 ; -1.17554
5.51705 ; 5.7516 ; -0.217308 ; -0.542369
4.64148 ; 4.82809 ; -1.16339 ; -0.592827
5.79356 ; 5.5968 ; -0.192 ; -0.217037
5.74669 ; 5.37078 ; -0.137709 ; 0.6167
5.80187 ; 5.19038 ; 1.17731 ; 0.12588
5.88876 ; 5.96373 ; 1.19289 ; 0.940476
6.11304 ; 5.57229 ; 0.857877 ; -0.702028
5.57956 ; 5.73225 ; 0.634949 ; -0.347896
5.20604 ; 5.47584 ; -1.14343 ; -0.789977
5.3731 ; 5.02905 ; -0.95439 ; -0.193942
5.7091 ; 5.239 ; 0.80953 ; -0.485875
5.52052 ; 6.03148 ; 0.848864 ; 0.603306
5.06477 ; 5.25159 ; -0.566878 ; -0.886494
6.38836 ; 5.59463 ; 1.48075 ; 0.684585
5.54255 ; 5.42955 ; -0.182244 ; -0.314309
5.31613 ; 5.7497 ; -0.755113 ; -0.0174782
6.16978 ; 6.2992 ; 0.786621 ; 0.940048
4.66618 ; 5.80294 ; -1.51691 ; 1.22182
5.70511 ; 6.24422 ; 0.388856 ; 1.58341
5.4767 ; 5.72785 ; 0.856752 ; -0.175835
5.40693 ; 6.0426 ; -0.618187 ; 1.39175
5.84397 ; 5.32253 ; 0.95047 ; 0.318564
5.42185 ; 5.10603 ; -0.325128 ; 0.00629254
5.57594 ; 5.33958 ; -0.682863 ; 0.00238939
4.6738 ; 4.78149 ; -1.63779 ; -1.39903
5.50055 ; 5.46835 ; 0.400565 ; -0.994467
6.1117 ; 5.67305 ; 1.1393 ; -0.0862521
5.59321 ; 4.90241 ; -0.231045 ; -1.05222
5.89244 ; 5.83666 ; 1.21262 ; 0.733122
6.57146 ; 5.44951 ; 1.63594 ; 0.502549
5.31061 ; 5.39263 ; -1.3298 ; -0.849821
5.8916 ; 5.11498 ; 1.22231 ; -1.28737
5.38939 ; 5.2364 ; -0.569247 ; -1.14004
5.2495 ; 4.94354 ; -0.681003 ; -1.12978
5.32747 ; 6.23553 ; -1.06001 ; 1.47595
5.3468 ; 5.40474 ; -1.1572 ; 0.516398
5.40792 ; 5.4381 ; 0.126481 ; 0.577119
5.40955 ; 6.5805 ; -0.169852 ; 1.61886
5.47062 ; 5.30306 ; 0.641662 ; 0.276212
5.34715 ; 4.95641 ; 0.260552 ; -0.715512
4.65327 ; 5.56213 ; -1.05469 ; -0.402488
5.27396 ; 4.94624 ; -0.138946 ; -0.505498
6.45281 ; 5.22632 ; 1.53615 ; -1.16946
4.90405 ; 5.35683 ; -0.463462 ; -0.0917234
5.07533 ; 5.34888 ; -0.940875 ; -0.503196
6.24504 ; 4.84653 ; 1.4197 ; -0.884898
5.25928 ; 5.21649 ; -0.795633 ; -1.30338
6.13878 ; 4.84565 ; 1.29315 ; -1.44856
5.06625 ; 4.91323 ; -0.544493 ; -1.07179
4.6062 ; 5.94738 ; -1.13879 ; 0.653502
5.47376 ; 5.29745 ; -0.376985 ; -0.617073
4.92741 ; 5.7006 ; -0.837627 ; -0.464382
6.30746 ; 5.28008 ; 1.651 ; -0.116269
5.1351 ; 6.02016 ; -1.28082 ; 0.511805
6.1852 ; 5.08222 ; 1.59844 ; -0.661096
5.69728 ; 5.75574 ; 1.19449 ; 1.38389
5.48138 ; 5.2371 ; -0.828731 ; 0.115053
4.95782 ; 4.81391 ; -0.4156 ; -0.8151
5.28437 ; 6.17795 ; -1.16344 ; 1.23921
5.75211 ; 5.23514 ; 1.15354 ; -0.210582
6.16361 ; 6.5161 ; 1.40486 ; 1.45462
5.55384 ; 6.5832 ; -0.790535 ; 1.64565
5.94434 ; 5.3635 ; 1.34131 ; -1.06743
5.69976 ; 4.62687 ; 0.474699 ; -1.24223
5.4216 ; 5.05923 ; -1.15639 ; -1.41848
4.71957 ; 5.54162 ; -1.24865 ; -0.543638
5.68811 ; 5.21393 ; 1.19587 ; -0.242657
5.56749 ; 5.13271 ; -0.707288 ; -1.31373
5.83639 ; 5.00457 ; 1.07895 ; -1.40614
5.33638 ; 5.49001 ; -0.809104 ; -0.755
4.82359 ; 5.60981 ; -1.10314 ; 0.278471
5.87234 ; 6.43411 ; 0.67709 ; 1.65561
6.1759 ; 5.29788 ; 0.91551 ; -1.13717
6.03579 ; 5.32374 ; 1.15079 ; -0.435118
5.63373 ; 4.77643 ; 0.028053 ; -1.37506
5.71359 ; 5.92689 ; -0.153258 ; 1.34072
6.43665 ; 5.53374 ; 1.29515 ; -0.685419
6.1012 ; 5.93483 ; 0.503981 ; -0.0131513
4.94892 ; 5.755 ; -1.03618 ; 0.137253
5.1516 ; 5.01559 ; -1.29644 ; -1.22686
6.28982 ; 5.81337 ; 1.08523 ; 0.495957
5.56674 ; 5.06046 ; 0.649768 ; -1.11001
5.9309 ; 5.83472 ; 1.38368 ; 0.00419199
5.78941 ; 5.57462 ; 0.178993 ; -0.105025
5.91395 ; 5.57797 ; 0.772198 ; -0.688305
4.77865 ; 6.11714 ; -0.646671 ; 0.477921
5.21492 ; 6.21854 ; -1.36093 ; 0.775195
5.48057 ; 5.12932 ; 0.057358 ; -1.03789
5.7146 ; 5.14274 ; -0.063988 ; -0.256842
5.69381 ; 4.61254 ; -0.185137 ; -1.46733
5.56722 ; 5.13205 ; 0.504855 ; 0.217275
6.40933 ; 6.01385 ; 1.10753 ; 0.582714
5.44324 ; 5.41749 ; -1.20237 ; 0.781714
5.03496 ; 5.46057 ; -0.351097 ; 0.275514
5.5363 ; 4.82127 ; 0.863564 ; -0.65755
6.01691 ; 6.03869 ; 0.140727 ; 0.493721
4.89965 ; 6.08445 ; -1.30766 ; 0.572322
5.8863 ; 4.99025 ; 1.38762 ; -0.722209
5.66771 ; 5.32873 ; 0.246975 ; -0.000959843
6.03634 ; 5.48664 ; 1.41009 ; 0.356882
5.06419 ; 5.45759 ; -0.969907 ; 1.05582
5.27036 ; 4.74369 ; -1.19887 ; -1.62783
5.69524 ; 5.49249 ; 0.206253 ; -0.515939
5.13578 ; 5.8681 ; 0.0439244 ; 1.15738
5.5782 ; 5.88272 ; -0.0921055 ; 0.847594
6.07804 ; 5.52802 ; 0.69604 ; 1.10333
6.03221 ; 5.5276 ; 1.22148 ; -0.114419
5.41264 ; 5.8598 ; -0.755937 ; 0.847533
6.22039 ; 5.63728 ; 0.966564 ; 1.26451
5.68059 ; 5.08144 ; 0.114834 ; -1.51611
5.45956 ; 6.14514 ; -0.83814 ; 0.520205
5.81805 ; 5.65662 ; 1.14888 ; 1.23082
5.80549 ; 4.88537 ; 1.29005 ; -1.41749
5.21578 ; 5.21289 ; 0.103254 ; -1.38821
5.83898 ; 5.43195 ; 0.0182741 ; 0.844415
4.9189 ; 5.7359 ; -0.423668 ; 1.04605
5.64978 ; 6.33871 ; 0.824413 ; 1.56325
5.33891 ; 5.70193 ; -1.19857 ; 0.499407
5.50841 ; 5.69144 ; 0.793292 ; 0.596932
5.41406 ; 5.59082 ; -0.312256 ; -0.783683
5.40186 ; 5.47127 ; -0.898389 ; 1.08312
5.12779 ; 5.62374 ; 0.0118889 ; 0.397163
5.67921 ; 5.87866 ; -0.151873 ; 0.0663873
4.89634 ; 4.79678 ; -1.20426 ; -1.62387
4.94301 ; 5.26925 ; -1.43202 ; 0.453546
4.96268 ; 5.67407 ; -0.762625 ; -0.32629
6.18435 ; 5.16563 ; 1.535 ; -0.468053
5.79756 ; 5.60592 ; -0.204186 ; 0.871699
4.8684 ; 6.04691 ; -1.37488 ; 0.443146
5.24948 ; 6.12049 ; 0.32227 ; 1.34289
5.85202 ; 5.30896 ; 0.541943 ; 0.0132233
5.44127 ; 5.27654 ; 0.724521 ; -1.40173
4.98579 ; 5.81548 ; -1.32015 ; 1.17953
5.71176 ; 6.33476 ; 0.697913 ; 1.33001
5.833 ; 6.16154 ; 0.647177 ; 1.42448
5.90374 ; 6.24848 ; -0.205836 ; 0.866303
5.95961 ; 5.28682 ; 0.638474 ; -1.25482
5.79604 ; 6.48165 ; -0.168348 ; 1.46352
5.54885 ; 5.76961 ; 1.05791 ; 1.13262
5.69228 ; 5.6849 ; -0.0768089 ; 0.812503
5.78466 ; 4.85174 ; 0.0278382 ; -1.39726
6.50596 ; 5.52185 ; 1.47448 ; -0.520988
5.43706 ; 6.31733 ; -0.646528 ; 0.958971
5.06462 ; 5.70259 ; -0.870494 ; 1.44218
4.56145 ; 5.2223 ; -1.36004 ; 0.166335
4.48209 ; 5.08664 ; -1.57593 ; -1.4927
5.42619 ; 5.38945 ; -0.736158 ; -1.30417
5.69526 ; 5.36968 ; 0.204113 ; -1.25492
4.77461 ; 4.71021 ; -1.39921 ; -0.944554
5.64008 ; 5.43078 ; 0.522837 ; -0.225064
6.19084 ; 5.9299 ; 0.866109 ; 0.707295
5.87229 ; 5.96858 ; -0.0996059 ; 0.42053
5.44374 ; 5.45357 ; 0.33911 ; 0.0961259
5.79353 ; 5.12963 ; 0.602696 ; -0.896787
6.57468 ; 5.21712 ; 1.57081 ; -0.973661
4.93887 ; 5.31124 ; -0.522549 ; -1.34256
5.82802 ; 6.39305 ; 1.1922 ; 1.61858
4.86891 ; 5.46307 ; -1.39304 ; 0.237538
5.75358 ; 5.32746 ; -0.117597 ; -0.843168
5.59152 ; 5.79819 ; 1.15246 ; 1.43228
5.75021 ; 6.17636 ; 0.659506 ; 0.779681
5.37227 ; 5.55645 ; -0.564423 ; -0.119226
5.28825 ; 5.39458 ; 0.437066 ; 0.846784
5.43408 ; 6.42049 ; -0.963148 ; 1.66323
5.81758 ; 5.68051 ; -0.234116 ; -0.665805
5.41297 ; 5.30113 ; 0.753929 ; 0.331326
5.3773 ; 6.32374 ; 0.650443 ; 1.15924
6.27995 ; 6.06937 ; 1.36591 ; 0.880733
5.8073 ; 4.93143 ; 0.687337 ; -0.697036
5.83142 ; 5.29262 ; 0.521044 ; -0.426049
5.9908 ; 6.03732 ; 0.278076 ; 0.26213
5.37849 ; 5.04434 ; -0.165494 ; -0.639915
5.49304 ; 5.13003 ; -0.812319 ; -1.46356
4.77502 ; 6.06013 ; -0.853368 ; 0.985673
5.11195 ; 5.36757 ; -0.857833 ; -0.0463753
5.41225 ; 5.67062 ; -0.27879 ; 0.737982
5.40397 ; 5.9227 ; 0.209178 ; 0.238815
4.76168 ; 5.18497 ; -1.64131 ; 0.185691
5.78317 ; 5.30969 ; 0.975432 ; -1.30202
6.08245 ; 5.21394 ; 1.4742 ; -1.46151
5.87295 ; 5.01756 ; 0.32201 ; -0.8364
5.0654 ; 5.55021 ; -0.450908 ; 0.0649673
5.11093 ; 5.21596 ; -0.494416 ; -1.27486
5.25146 ; 6.15578 ; -0.0109093 ; 1.00737
5.03152 ; 5.05666 ; -0.924439 ; -1.13171
5.55459 ; 4.80251 ; 1.0581 ; -1.57247
5.37186 ; 6.39272 ; 0.654426 ; 1.29053
5.79862 ; 5.80798 ; 0.308963 ; 0.0819296
4.88874 ; 5.31169 ; -1.49253 ; -0.863029
5.89698 ; 5.33046 ; 0.878782 ; -1.36315
4.9241 ; 5.56023 ; -0.785533 ; -0.986317
5.51802 ; 5.13427 ; -0.776161 ; -1.46516
6.3795 ; 5.05812 ; 1.67901 ; -0.873099
6.44661 ; 5.36661 ; 1.59353 ; 0.225851
4.86839 ; 6.13007 ; -0.598813 ; 1.49732
4.53317 ; 5.29067 ; -1.58414 ; -1.40059
6.53769 ; 4.54195 ; 1.51303 ; -1.23691
4.91675 ; 6.2538 ; -1.50527 ; 1.10711
5.11986 ; 5.50008 ; -0.118366 ; -0.982549
5.50138 ; 6.11687 ; 1.18205 ; 0.866261
4.9684 ; 4.82758 ; -1.52132 ; -1.61112
5.10317 ; 4.93517 ; -0.283496 ; -1.46208
4.61991 ; 6.21092 ; -1.55127 ; 1.08737
5.2098 ; 6.27066 ; -0.391376 ; 0.829596
5.55609 ; 5.78113 ; -0.464387 ; -0.351394
5.25544 ; 5.59606 ; -0.624069 ; -0.664251
5.95386 ; 4.75237 ; 1.44394 ; -0.856931
5.71388 ; 5.23948 ; 0.272537 ; -0.683873
5.8844 ; 5.05604 ; 0.943292 ; 0.0508331
5.93721 ; 5.27678 ; 0.56983 ; -0.987968
5.23765 ; 5.33325 ; -0.160044 ; 0.324695
5.35425 ; 5.24429 ; -1.31914 ; -0.173505
5.16975 ; 4.82553 ; -1.46636 ; -0.601433
5.21147 ; 6.35958 ; -1.25273 ; 1.37012
4.95861 ; 4.92907 ; -1.35864 ; -1.49842
5.18417 ; 4.87454 ; -0.381373 ; -1.10115
4.97219 ; 5.00612 ; -1.27971 ; -1.45982
5.48564 ; 6.12667 ; 1.11446 ; 0.914431
6.29877 ; 4.89453 ; 0.927606 ; -1.26819
5.47893 ; 5.12895 ; 1.06798 ; -1.26081
6.20052 ; 5.7113 ; 1.13996 ; 0.509958
5.61575 ; 4.96718 ; 1.25611 ; -1.33739
5.41969 ; 4.65647 ; 0.896071 ; -1.60372
5.12718 ; 5.71687 ; -1.27317 ; 0.953088
6.18493 ; 5.3015 ; 1.16099 ; -0.262883
5.53465 ; 6.32995 ; 0.787639 ; 1.41
5.67194 ; 5.58919 ; -0.777823 ; 1.04118
4.92098 ; 5.46154 ; -1.30572 ; 0.507253
5.19272 ; 5.58502 ; -0.959161 ; 0.855827
5.72611 ; 4.9594 ; 0.474554 ; -0.316333
5.10759 ; 5.5194 ; -1.27531 ; 0.594722
5.14592 ; 5.60707 ; -1.00526 ; 0.355849
4.79999 ; 6.14556 ; -0.962778 ; 1.24924
5.58797 ; 6.26429 ; -0.844772 ; 1.62011
5.4332 ; 6.26859 ; -0.441399 ; 0.9036
5.32616 ; 4.49865 ; -0.767542 ; -1.59005
6.24457 ; 4.61 ; 0.979673 ; -1.31182
5.25906 ; 5.60996 ; 0.316066 ; -0.247076
6.36104 ; 5.89112 ; 1.13394 ; 0.336766
5.57736 ; 5.79097 ; -0.50086 ; 0.752508
5.51175 ; 4.69825 ; -0.262428 ; -1.65844
4.93222 ; 5.88028 ; -0.717229 ; 0.187427
5.81797 ; 5.57156 ; -0.396058 ; 1.22795
4.94259 ; 5.89158 ; -1.05907 ; 1.42924
6.48645 ; 4.85552 ; 1.35659 ; -0.673482
5.18354 ; 5.44625 ; -0.280381 ; -0.360526
5.61618 ; 5.74758 ; 0.688549 ; 1.29208
5.494 ; 6.05824 ; -0.42085 ; 1.5145
4.93383 ; 5.84877 ; -0.778516 ; 1.50508
5.61663 ; 5.84626 ; 0.487235 ; 0.198899
5.48965 ; 5.99636 ; -0.6128 ; 0.78563
5.69667 ; 5.95152 ; -0.490067 ; 0.23773
4.45247 ; 5.92105 ; -1.59626 ; 0.472011
5.15974 ; 5.49261 ; -1.13237 ; -0.486331
5.05238 ; 5.61191 ; -0.86187 ; 0.887931
4.71119 ; 5.35464 ; -1.49007 ; 0.586847
5.67761 ; 6.30317 ; 0.84262 ; 1.05026
6.00078 ; 5.50517 ; 1.03248 ; -0.154647
6.05369 ; 5.01445 ; 1.31244 ; -0.710312
4.85368 ; 5.82382 ; -0.752403 ; 1.42517
6.3885 ; 5.82495 ; 1.48499 ; 0.971752
5.62533 ; 5.9325 ; 1.14234 ; 1.30689
5.67952 ; 6.35448 ; 0.551258 ; 1.14296
6.21576 ; 4.76618 ; 0.950847 ; -1.11832
4.50069 ; 4.80086 ; -1.5787 ; -0.655121
5.28104 ; 4.94541 ; 0.163023 ; -1.23875
5.59204 ; 5.1848 ; 0.363533 ; -1.46213
5.44374 ; 5.19727 ; -0.921564 ; -0.625232
5.20615 ; 6.5186 ; -0.466067 ; 1.66806
6.08224 ; 4.78464 ; 1.49279 ; -0.822675
5.59312 ; 5.97864 ; 0.882027 ; 0.37759
5.46339 ; 5.85704 ; -1.27234 ; 1.31073
5.65129 ; 4.87223 ; -0.819356 ; -1.5468
5.4692 ; 5.18347 ; -0.286065 ; -0.568373
5.11524 ; 5.56353 ; -0.0812751 ; 0.596313
5.57004 ; 5.04103 ; -0.226973 ; -0.808735
5.91053 ; 5.64282 ; 0.233962 ; -0.13683
4.7834 ; 4.57603 ; -1.44194 ; -1.64418
5.33658 ; 4.77198 ; -1.29857 ; -1.32488
5.63379 ; 5.66137 ; -0.464773 ; -0.534035
6.3225 ; 5.30875 ; 1.30851 ; -0.549268
5.10339 ; 5.2588 ; -0.647195 ; -0.287729
6.11599 ; 5.26907 ; 0.915583 ; -0.319564
5.49197 ; 6.00674 ; 0.794412 ; 0.393408
5.20913 ; 5.30593 ; 0.15221 ; 0.468672
5.14981 ; 5.76976 ; -0.1315 ; 0.515839
6.28834 ; 5.52762 ; 1.32347 ; 0.00826589
5.38031 ; 4.89011 ; 0.622915 ; -1.36524
6.52948 ; 5.01795 ; 1.38978 ; -0.308277
6.27244 ; 4.68327 ; 1.23802 ; -1.28444
4.7541 ; 4.90974 ; -1.09365 ; -1.17439
5.69738 ; 6.23618 ; 0.144593 ; 1.65729
5.22504 ; 5.34845 ; -0.429696 ; 0.0342741
4.84708 ; 4.73971 ; -1.4162 ; -1.32287
5.74461 ; 6.41101 ; 0.0103898 ; 1.1462
5.50121 ; 5.64268 ; 0.563301 ; -0.777678
6.30913 ; 6.40557 ; 0.805973 ; 1.29497
5.10084 ; 5.98645 ; -0.17418 ; 0.253771
4.41038 ; 5.46756 ; -1.59886 ; -0.112223
5.44884 ; 5.2606 ; 0.115824 ; -0.812577
5.97198 ; 4.83834 ; 1.43941 ; -0.952956
5.62395 ; 5.82812 ; -0.272391 ; 0.877257
5.80599 ; 4.87164 ; 0.527271 ; -1.35663
4.95699 ; 6.34602 ; -1.33791 ; 0.97806
5.63019 ; 4.86245 ; 1.377 ; -0.461286
6.61164 ; 5.55212 ; 1.63781 ; 0.846508
4.72169 ; 5.62973 ; -1.39275 ; -0.290019
5.42848 ; 4.47019 ; 0.110707 ; -1.66366
5.70685 ; 6.19634 ; -0.386874 ; 1.40198
5.74263 ; 5.47458 ; 1.06405 ; 0.0900183
4.789 ; 5.57883 ; -0.812362 ; -0.176418
5.30186 ; 5.072 ; -0.221094 ; -0.549773
5.54713 ; 5.43846 ; -0.230199 ; -0.629593
6.29096 ; 5.25415 ; 0.824671 ; 0.562992
5.28965 ; 5.57497 ; 0.383071 ; 0.987084
5.57903 ; 5.77603 ; 1.11308 ; 1.07868
5.43856 ; 5.55388 ; 0.822821 ; -0.528168
6.32927 ; 6.17228 ; 1.38558 ; 1.08023
4.66035 ; 5.96054 ; -1.50452 ; 1.09475
5.04122 ; 5.81474 ; -0.731228 ; 1.4258
6.47579 ; 5.047 ; 1.38274 ; -0.38023
5.18252 ; 5.26997 ; -1.01097 ; 0.234692
5.35642 ; 5.7238 ; 0.584919 ; 0.665111
5.01771 ; 5.65634 ; -0.583373 ; -0.300051
4.61535 ; 5.44624 ; -1.41252 ; 0.00988244
5.11059 ; 5.57061 ; -0.544631 ; -0.720439
4.70525 ; 5.81793 ; -1.51983 ; 0.45932
5.82821 ; 4.87187 ; 0.329585 ; -1.49282
4.96639 ; 4.79219 ; -1.03767 ; -0.73364
5.32678 ; 5.96587 ; 0.688152 ; 0.727197
5.08501 ; 5.47615 ; -1.38707 ; 0.374715
5.63139 ; 5.93793 ; 0.318756 ; -0.00142173
5.7479 ; 5.41495 ; 0.682015 ; 0.388317
4.96245 ; 5.65677 ; -1.21327 ; -0.808818
6.07331 ; 4.98124 ; 1.48429 ; -1.29049
4.77351 ; 5.13999 ; -1.66958 ; -1.07292
5.73213 ; 5.78744 ; 0.719729 ; 0.594935
6.00571 ; 5.08843 ; 0.880489 ; -0.0912439
6.00311 ; 4.94338 ; 1.01361 ; -0.909977
5.45035 ; 5.96367 ; -0.535348 ; 1.33267
5.83798 ; 5.16961 ; -0.156084 ; -0.686926
5.98104 ; 5.51719 ; 1.21153 ; -0.785823
5.52604 ; 6.17639 ; -0.70585 ; 0.683296
5.26209 ; 4.77228 ; -1.41418 ; -1.61924
4.75541 ; 4.94984 ; -1.51038 ; -0.436583
5.70645 ; 6.30681 ; 1.11326 ; 1.04683
4.70252 ; 6.3245 ; -0.815329 ; 0.888714
6.09835 ; 6.48057 ; 0.777195 ; 1.40379
5.69097 ; 5.45567 ; -0.268132 ; -1.24451
5.49167 ; 5.55283 ; -1.17704 ; -0.902207
5.00698 ; 5.62235 ; -0.0914148 ; 0.964439
5.70367 ; 6.07802 ; 1.03693 ; 0.381124
6.00608 ; 5.00033 ; 0.974875 ; -0.951629
5.70951 ; 6.16575 ; -0.100061 ; 0.91606
5.85057 ; 4.75645 ; 0.842645 ; -1.2707
5.79821 ; 5.36817 ; 0.0861792 ; -0.821086
5.85928 ; 5.44549 ; 0.354456 ; 0.0914297
5.47286 ; 5.58495 ; -1.20995 ; -0.78007
5.09646 ; 5.45003 ; -1.34708 ; 1.08142
5.97946 ; 5.19901 ; 1.31943 ; -0.792635
5.03824 ; 6.03779 ; -0.610628 ; 0.721326
6.16637 ; 5.27991 ; 1.16733 ; 0.28512
4.5893 ; 5.36419 ; -1.39204 ; -1.04347
4.89666 ; 4.93555 ; -0.88953 ; -1.06783
5.00184 ; 5.69869 ; -1.0802 ; 0.516153
5.31372 ; 4.62863 ; -0.0368747 ; -1.30972
4.73226 ; 5.73971 ; -1.63222 ; 0.134279
4.60326 ; 4.93658 ; -1.12194 ; -1.15599
5.34819 ; 6.28146 ; 0.714443 ; 1.25826
5.53757 ; 5.40309 ; -0.3738 ; -0.935626
5.57578 ; 5.679 ; 0.233126 ; 1.10272
5.39285 ; 4.86328 ; -1.23679 ; -0.441575
5.03241 ; 5.79008 ; -0.483765 ; 0.932908
6.22855 ; 4.80758 ; 1.16305 ; -1.50191
5.05815 ; 5.25831 ; -0.440347 ; 0.133265
5.25509 ; 5.56734 ; -0.654174 ; 0.721789
5.07519 ; 6.01435 ; -1.24393 ; 0.372727
5.02622 ; 5.64566 ; -0.20766 ; -0.654042
4.84042 ; 5.45415 ; -1.16131 ; -0.974935
5.01181 ; 5.46229 ; -0.0723846 ; 0.511642
5.12062 ; 5.05592 ; -0.593245 ; -0.368526
6.08274 ; 5.76443 ; 1.35259 ; 1.09679
6.18152 ; 5.18774 ; 1.53016 ; -1.12771
6.08879 ; 6.03767 ; 0.791518 ; 1.15439
5.34581 ; 6.35792 ; 0.680879 ; 1.43485
5.59708 ; 5.03111 ; -0.422786 ; -0.569451
6.14931 ; 5.62512 ; 0.99951 ; 1.44589
5.1293 ; 6.19413 ; -1.363 ; 0.733806
5.52842 ; 4.98635 ; 1.1047 ; -1.3322
5.45697 ; 6.10178 ; -1.16858 ; 0.423554
5.15568 ; 5.12032 ; -0.678846 ; -0.519833
5.93978 ; 5.80955 ; 1.48298 ; 0.764726
5.62256 ; 5.40019 ; 0.552502 ; -0.866235
5.76271 ; 5.30711 ; 1.19989 ; 0.277867
5.72277 ; 5.73598 ; -0.37553 ; -0.288223
5.72212 ; 6.46713 ; -0.250434 ; 1.29094
4.78541 ; 5.11515 ; -1.16405 ; -1.41439
4.7208 ; 5.73801 ; -0.964287 ; -0.102042
5.68941 ; 5.62437 ; 0.772245 ; 1.23248
4.77391 ; 5.52129 ; -1.60612 ; -0.237309
5.20424 ; 5.81909 ; -1.06067 ; -0.332799
4.8845 ; 5.45688 ; -1.01296 ; -1.18038
5.89938 ; 5.31696 ; 1.19887 ; -1.4371
4.85588 ; 6.21923 ; -0.603051 ; 0.994029
5.12645 ; 5.26906 ; -0.919542 ; -0.76422
4.66827 ; 5.68356 ; -1.14243 ; 0.0830823
5.39805 ; 5.19654 ; -0.224506 ; 0.145804
5.69781 ; 5.63083 ; -0.361429 ; 0.944355
5.38591 ; 4.59272 ; -0.234195 ; -1.3819
5.87349 ; 4.69828 ; 0.0914081 ; -1.15394
5.61528 ; 5.44495 ; 1.13334 ; -1.34007
5.70415 ; 5.57302 ; -0.28614 ; -0.198443
5.86285 ; 5.85764 ; 1.44773 ; 0.691403
6.15486 ; 5.35049 ; 1.18178 ; 0.854306
6.15705 ; 4.73356 ; 1.16776 ; -1.21482
5.07786 ; 4.75784 ; -0.742194 ; -1.21418
6.03376 ; 5.35388 ; 1.01094 ; -0.0812343
4.64946 ; 5.46495 ; -1.56602 ; -0.0639065
5.38538 ; 5.34549 ; 0.328241 ; -0.71768
5.97142 ; 5.23687 ; 0.085183 ; -0.741848
5.68549 ; 5.88548 ; 0.231198 ; 0.945425
6.42961 ; 5.30107 ; 1.49656 ; -0.713583
5.16433 ; 5.20323 ; -0.709829 ; -1.21105
5.47196 ; 6.47879 ; -0.65514 ; 1.47461
4.9413 ; 5.27839 ; -0.897604 ; -0.735833
5.92271 ; 5.90891 ; 1.2 ; -0.0938606
6.38175 ; 5.81876 ; 1.66852 ; -0.0358552
5.10886 ; 5.62721 ; -0.217869 ; -0.682312
4.95476 ; 5.65921 ; -0.58875 ; -0.714121
5.76747 ; 5.66208 ; 0.363944 ; -0.422606
6.30633 ; 5.17392 ; 1.17272 ; -0.995042
5.11079 ; 5.40925 ; -0.858167 ; 0.945871
5.58503 ; 5.94226 ; 0.602691 ; 1.44592
5.07305 ; 5.93828 ; -1.21219 ; 0.18369
6.13908 ; 4.84465 ; 0.691926 ; -1.14308
6.30347 ; 5.69456 ; 1.64261 ; -0.298966
5.27412 ; 5.27164 ; -0.937963 ; 0.494033
4.90133 ; 5.54527 ; -1.27879 ; -0.634977
5.23302 ; 5.47952 ; -0.130643 ; 0.374602
6.0397 ; 5.82046 ; 1.30918 ; 0.89754
5.32396 ; 5.42425 ; -0.79102 ; 0.928477
5.31167 ; 6.00286 ; -0.0271479 ; 0.100862
6.05809 ; 4.89358 ; 0.191811 ; -0.444849
4.92788 ; 5.02131 ; -0.748476 ; -0.91873
5.95646 ; 5.95013 ; 0.850067 ; 0.335307
6.14034 ; 5.9728 ; 1.00432 ; 1.24304
5.58075 ; 5.39685 ; 1.16436 ; -0.757315
5.54204 ; 4.99423 ; 0.388745 ; -0.216378
5.27559 ; 5.59067 ; 0.244481 ; 0.102939
4.98902 ; 5.08456 ; -0.594901 ; -0.965775
5.61652 ; 6.47188 ; 1.08278 ; 1.5416
5.53035 ; 4.98458 ; 0.0414974 ; -1.46023
5.6418 ; 6.14077 ; 1.24126 ; 1.62607
5.04872 ; 6.30556 ; -0.0547454 ; 0.940407
5.60142 ; 5.67571 ; -0.805402 ; 0.339623
5.55473 ; 4.71686 ; -1.08592 ; -0.916138
6.21706 ; 4.96489 ; 1.35282 ; -1.08847
5.85956 ; 4.99204 ; 1.18304 ; -1.33028
4.87286 ; 5.084 ; -1.22769 ; -0.234047
5.92017 ; 5.30173 ; 1.46619 ; -0.151456
5.79048 ; 5.54392 ; 1.32401 ; 0.072537
5.54589 ; 6.41979 ; -0.218411 ; 1.4493
5.28146 ; 5.53791 ; -0.181554 ; 0.202372
5.52864 ; 6.25037 ; 0.134006 ; 0.788978
6.03663 ; 4.79585 ; 0.137751 ; -1.15264
5.62412 ; 6.31029 ; 1.32079 ; 0.920116
5.97068 ; 4.50189 ; 1.40142 ; -1.43868
5.76342 ; 6.46395 ; 1.35297 ; 1.54846
5.93327 ; 5.23103 ; 0.75425 ; 0.0744652
5.6432 ; 5.42895 ; 1.21382 ; 0.272652
6.48586 ; 5.48184 ; 1.52377 ; -0.394474
5.36473 ; 5.86996 ; 0.392822 ; 1.25315
6.05755 ; 4.39354 ; 0.733613 ; -1.55558
5.09995 ; 5.26142 ; 0.0272923 ; -1.36575
5.94475 ; 6.20729 ; 0.532412 ; 0.888043
5.87084 ; 6.21276 ; 1.26995 ; 1.46788
4.99888 ; 6.15268 ; -1.38622 ; 1.065
5.01708 ; 5.39639 ; -0.350136 ; -0.828391
5.63792 ; 6.52544 ; -0.629624 ; 1.44189
6.24248 ; 5.69964 ; 1.21065 ; 0.377443
5.00626 ; 5.38326 ; -1.07619 ; -0.967966
6.29038 ; 5.52121 ; 1.03626 ; 0.490549
6.00794 ; 5.9601 ; 0.165289 ; 1.2567
5.3692 ; 6.53129 ; 0.676091 ; 1.57919
5.49064 ; 5.41092 ; 0.0403188 ; -0.945708
6.27223 ; 5.75313 ; 1.48692 ; -0.161997
6.07961 ; 5.53928 ; 1.49521 ; -0.788963
5.75855 ; 5.58085 ; 0.384895 ; 0.28882
6.31132 ; 5.44394 ; 1.42947 ; -0.13835
6.26594 ; 5.96481 ; 0.837062 ; 1.38388
4.88935 ; 6.21299 ; -1.18856 ; 0.765483
4.8215 ; 5.5278 ; -1.12982 ; 0.254122
5.61173 ; 5.0373 ; -0.787546 ; -1.53761
5.77119 ; 5.03258 ; -0.513206 ; -1.55912
4.55145 ; 5.78288 ; -1.36364 ; 0.772105
5.22188 ; 5.96844 ; -0.573904 ; 0.857303
4.89112 ; 5.63573 ; -0.811735 ; 0.160322
5.14937 ; 4.70827 ; -0.873882 ; -1.44178
5.60176 ; 5.08215 ; -0.00993584 ; 0.0179582
6.5175 ; 6.06921 ; 1.66437 ; 1.23135
5.34834 ; 5.15193 ; -1.41065 ; -0.87395
5.67597 ; 5.41767 ; -0.1087 ; -0.234197
6.40078 ; 5.98356 ; 1.19766 ; 0.680675
4.44258 ; 5.65554 ; -1.62695 ; 1.01231
5.34173 ; 5.17123 ; -1.38103 ; -0.568053
4.77419 ; 5.70469 ; -0.691476 ; -0.304114
5.29045 ; 5.42537 ; -0.207303 ; 0.239909
5.24491 ; 6.40613 ; -0.643473 ; 1.46693
5.85473 ; 4.8039 ; 0.599968 ; -0.990126
4.91172 ; 5.4244 ; -0.377396 ; 0.0662666
4.89635 ; 4.75024 ; -1.23715 ; -1.58121
5.13907 ; 5.91011 ; -1.4135 ; -0.0519041
4.97985 ; 5.13365 ; -1.31162 ; -0.111133
6.14239 ; 4.77934 ; 1.32454 ; -0.663811
5.56575 ; 5.27778 ; 0.902738 ; -0.510992
6.1359 ; 5.67005 ; 1.06502 ; -0.562173
5.34459 ; 5.66084 ; -0.613811 ; 0.259773
5.04781 ; 5.41578 ; -1.16445 ; -0.961054
5.37937 ; 5.36535 ; 0.876131 ; 0.226158
5.41237 ; 5.00542 ; -0.919175 ; -0.293064
5.63676 ; 5.21815 ; -0.806553 ; -0.2239
5.23435 ; 5.40942 ; 0.0892348 ; 0.358512
6.34706 ; 5.47976 ; 1.38955 ; 0.249045
5.23683 ; 6.02922 ; -0.193912 ; 1.1973
4.671 ; 5.46146 ; -1.50439 ; 0.387774
5.39363 ; 5.04808 ; -0.0132034 ; -0.534364
5.64561 ; 5.95636 ; 0.675747 ; 1.06282
5.39517 ; 4.93411 ; -0.12351 ; -1.15928
6.05764 ; 5.97171 ; 1.44129 ; 1.55007
5.37416 ; 5.06563 ; -0.390406 ; -1.12253
5.4206 ; 5.89994 ; 0.191584 ; 0.253185
5.74627 ; 5.76759 ; 0.0753894 ; -0.0556535
5.76585 ; 5.89354 ; 1.27715 ; 0.378107
4.52558 ; 5.66841 ; -1.60603 ; 1.01313
5.27893 ; 5.05239 ; -0.69353 ; -0.267286
5.29159 ; 5.76693 ; -1.24805 ; 0.165037
5.38956 ; 5.33048 ; -0.932806 ; -1.37275
5.6383 ; 6.31478 ; 0.282193 ; 1.58443
5.09606 ; 5.39603 ; -1.29708 ; 0.154097
5.54327 ; 5.93773 ; 0.497023 ; 0.0381949
5.78134 ; 5.12636 ; 0.664391 ; -0.294927
5.75724 ; 5.12395 ; 0.169672 ; -0.360381
6.24378 ; 4.73308 ; 0.751773 ; -1.37459
5.04592 ; 5.68468 ; -0.846948 ; 0.139171
5.33462 ; 5.75149 ; -1.36896 ; 0.895631
6.17949 ; 5.35633 ; 1.5885 ; -1.18662
5.57494 ; 5.68173 ; 1.13219 ; 0.16989
5.47549 ; 5.07385 ; 0.197519 ; -0.0981951
5.86102 ; 5.4072 ; 0.553258 ; -0.562199
5.07277 ; 5.35706 ; -0.947988 ; 0.0347464
4.96765 ; 5.45807 ; -1.15783 ; -0.192035
6.07727 ; 5.8834 ; 0.531021 ; 0.1328
5.69075 ; 5.12096 ; 0.943306 ; -1.19925
6.1651 ; 5.2168 ; 0.755112 ; 0.416913
5.10338 ; 5.25619 ; -0.119237 ; 0.44457
5.94402 ; 4.60627 ; 0.724087 ; -1.66429
6.14811 ; 4.68264 ; 0.659674 ; -1.25794
4.83995 ; 6.15611 ; -0.480919 ; 1.06965
4.76787 ; 5.94636 ; -1.50218 ; 0.466368
6.30771 ; 5.79604 ; 1.3854 ; -0.0939566
5.79476 ; 5.88693 ; -0.194537 ; 0.309947
5.31517 ; 4.68597 ; 0.471835 ; -1.31603
5.32251 ; 5.60129 ; 0.401167 ; 1.30478
5.66095 ; 6.03667 ; 0.984393 ; 0.332204
5.66289 ; 4.90334 ; 0.136744 ; -1.33585
4.64936 ; 6.22124 ; -1.62586 ; 1.3783
5.51437 ; 4.92477 ; -0.797838 ; -1.49152
5.6223 ; 5.41985 ; 0.894883 ; 0.59026
5.8108 ; 5.6049 ; 1.04306 ; -0.749884
5.9519 ; 5.79297 ; 0.964492 ; 0.823349
6.11199 ; 5.20406 ; 1.60154 ; 0.0107071
5.37454 ; 4.75519 ; 0.214588 ; -0.943242
5.89084 ; 6.20864 ; 0.445465 ; 0.940645
4.60948 ; 5.74291 ; -1.57459 ; -0.475967
4.61622 ; 5.62866 ; -1.53633 ; -0.345187
6.17587 ; 4.83723 ; 0.680189 ; -1.57525
4.94039 ; 6.14998 ; -0.633845 ; 1.14961
5.55258 ; 5.72777 ; 0.647172 ; 1.05995
5.24904 ; 4.7582 ; 0.355151 ; -1.5605
5.44295 ; 4.41457 ; 0.78182 ; -1.52688
6.06939 ; 5.8894 ; 0.455467 ; 1.40767
6.04188 ; 5.53813 ; 0.261399 ; 0.331774
5.87971 ; 5.57726 ; 1.2853 ; 0.981179
5.49713 ; 6.0573 ; -0.0460347 ; 1.09008
5.23042 ; 5.40113 ; -0.800486 ; -1.23835
5.5627 ; 5.72308 ; -1.02113 ; -0.333446
5.58697 ; 5.89596 ; 1.19787 ; 0.91863
5.88617 ; 5.77232 ; 0.0264049 ; -0.467225
4.7411 ; 4.67034 ; -0.857926 ; -1.09009
4.90959 ; 5.59064 ; -0.849781 ; -0.232031
5.21767 ; 6.55893 ; -0.398729 ; 1.52525
6.39866 ; 5.18022 ; 1.19807 ; -1.005
5.65662 ; 6.10606 ; 1.09266 ; 0.752535
4.74678 ; 5.94678 ; -1.43806 ; 0.907785
5.79107 ; 5.71964 ; 0.452727 ; -0.398479
5.76513 ; 4.87886 ; 0.816967 ; -0.710335
5.75882 ; 5.0954 ; 0.608933 ; -1.22104
4.94104 ; 5.69926 ; -0.982879 ; -0.59301
5.53688 ; 5.96887 ; -0.941356 ; 0.672931
5.27853 ; 5.06928 ; -0.724821 ; -1.49736
5.67012 ; 5.55501 ; 0.177828 ; -0.619807
4.90326 ; 6.54407 ; -0.574074 ; 1.41174
5.55148 ; 5.17668 ; 0.384407 ; -0.799223
6.18402 ; 6.44352 ; 0.6949 ; 1.30286
6.60879 ; 6.14469 ; 1.61567 ; 1.23359
4.93297 ; 4.96632 ; -1.4988 ; -0.437635
5.88337 ; 6.21532 ; 0.651015 ; 1.04566
5.26045 ; 6.35256 ; 0.0177414 ; 1.04745
5.81781 ; 5.49682 ; 0.577248 ; -0.772311
5.29595 ; 4.88253 ; 0.395813 ; -1.31972
5.73374 ; 5.3425 ; 1.17894 ; -1.21507
4.98491 ; 5.30091 ; -1.42698 ; -0.767312
5.23975 ; 5.93182 ; -0.203233 ; 0.56435
5.92878 ; 5.09657 ; 0.0720618 ; -0.522467
5.70116 ; 5.40782 ; 1.34978 ; 0.256871
5.80103 ; 6.19782 ; 0.464059 ; 1.63739
4.80698 ; 4.96897 ; -0.918982 ; -1.2297
5.19029 ; 5.55165 ; -0.922083 ; 0.626206
6.39649 ; 5.90844 ; 1.45903 ; 1.41788
6.37032 ; 5.28109 ; 1.18379 ; 0.346196
5.59781 ; 4.97216 ; -0.0113332 ; -1.32922
5.30668 ; 5.64828 ; -0.376539 ; -0.0386
5.8909 ; 5.65085 ; 0.325442 ; 1.33915
5.8696 ; 4.80838 ; 0.673285 ; -1.40988
5.23434 ; 5.45476 ; 0.162823 ; -0.98774
6.35879 ; 5.85603 ; 1.13444 ; 0.785612
5.67834 ; 4.7841 ; 0.18248 ; -1.38469
5.99822 ; 5.5472 ; 1.16886 ; 0.165597
5.12322 ; 5.45521 ; -0.51168 ; -1.23034
4.77374 ; 6.22871 ; -0.953143 ; 1.4679
4.69 ; 5.95751 ; -1.18105 ; 0.790943
4.81905 ; 4.6276 ; -1.40794 ; -1.44556
4.94819 ; 4.95397 ; -0.708465 ; -0.83074
5.79812 ; 5.57757 ; 1.25655 ; -0.511589
5.93393 ; 5.70579 ; 0.092922 ; 0.389277
5.75388 ; 5.55073 ; 0.163054 ; -0.305732
4.88645 ; 5.65172 ; -0.476086 ; 0.711733
4.8956 ; 5.27167 ; -1.14143 ; -0.754964
4.58547 ; 5.88648 ; -1.49678 ; 0.29449
6.18228 ; 4.58482 ; 0.675881 ; -1.06613
5.52246 ; 4.99789 ; -0.0706353 ; -1.17915
4.97993 ; 4.99863 ; -0.3496 ; -0.556413
5.34907 ; 4.75151 ; 0.0543968 ; -0.753267
5.39698 ; 5.68287 ; -0.844584 ; -0.499229
5.51968 ; 5.03763 ; -0.655723 ; -1.27627
5.62467 ; 5.40106 ; 0.255572 ; 0.591427
5.90478 ; 5.41653 ; 0.215649 ; -0.78811
5.491 ; 4.64837 ; -0.533252 ; -1.40346
5.28396 ; 6.30085 ; 0.0980655 ; 1.24749
5.39249 ; 6.20647 ; 0.967253 ; 0.961695
5.45324 ; 5.69073 ; -1.2516 ; 0.523882
6.38989 ; 4.71368 ; 1.14862 ; -0.891373
5.20654 ; 5.43092 ; 0.185812 ; -0.365358
5.29838 ; 5.28267 ; 0.374423 ; -1.08693
5.32311 ; 5.23596 ; -1.32494 ; -1.11109
6.13812 ; 6.33496 ; 0.796114 ; 1.27945
5.04475 ; 5.93328 ; -0.133525 ; 0.131222
5.58523 ; 5.90855 ; -0.732052 ; 0.481604
5.44686 ; 5.77843 ; -1.34639 ; 1.32151
5.80374 ; 5.98912 ; 0.186359 ; 0.626484
5.58745 ; 4.53955 ; -0.332989 ; -1.56681
5.74776 ; 5.48232 ; 1.25562 ; -0.542745
5.69219 ; 5.43999 ; 0.552799 ; 0.922967
6.46794 ; 4.96257 ; 1.52487 ; -0.191492
5.67781 ; 5.16006 ; 0.535932 ; -0.656895
6.51756 ; 5.39822 ; 1.40139 ; -0.8348
6.25844 ; 6.09307 ; 1.40671 ; 0.377091
5.64098 ; 5.56068 ; 0.727341 ; 1.01263
5.95413 ; 5.52768 ; 0.649159 ; -0.72165
5.29098 ; 6.25574 ; -0.157734 ; 1.47747
5.9464 ; 5.39119 ; 1.26667 ; 0.573464
6.11077 ; 5.49139 ; 1.02724 ; -0.275156
4.92923 ; 4.77098 ; -0.818316 ; -1.33354
4.81732 ; 5.4476 ; -0.940294 ; -0.419788
5.19861 ; 5.07278 ; 0.19159 ; -0.798788
5.90211 ; 5.95879 ; 1.13866 ; 0.307898
4.81001 ; 5.88629 ; -1.51029 ; -0.235373
5.69564 ; 5.74441 ; -0.262398 ; 0.49995
5.83093 ; 4.99773 ; 0.250899 ; -1.08482
5.56563 ; 5.79721 ; 0.0534196 ; 0.245262
5.74749 ; 5.62791 ; 1.21684 ; 0.225585
5.27275 ; 6.09155 ; -1.26343 ; 1.01998
4.95274 ; 5.06048 ; -0.626637 ; -0.306407
5.47658 ; 6.15734 ; -0.155414 ; 1.57347
5.61596 ; 6.61675 ; 0.854162 ; 1.6604
5.36332 ; 5.1844 ; -0.376537 ; 0.327235
5.70203 ; 6.2457 ; -0.581426 ; 1.27345
5.74744 ; 5.37769 ; 1.16242 ; -0.908379
4.88683 ; 6.05631 ; -0.472156 ; 1.26586
5.74681 ; 5.14696 ; 1.27463 ; -0.795515
5.83397 ; 5.12711 ; -0.368737 ; -0.142043
6.09985 ; 5.07793 ; 0.522053 ; -1.51148
5.131 ; 5.20646 ; -0.00944708 ; 0.365707
5.4965 ; 5.8539 ; 0.862823 ; -0.0966164
5.23758 ; 6.46819 ; -1.20768 ; 1.54832
6.24023 ; 4.76894 ; 1.5204 ; -1.32012
4.73455 ; 6.17365 ; -1.19052 ; 0.619383
5.6383 ; 5.70976 ; 0.0259842 ; 0.730007
5.58982 ; 5.59123 ; 0.899311 ; -0.452766
4.61814 ; 5.37658 ; -1.1372 ; 0.92865
4.68841 ; 5.17402 ; -1.04997 ; -0.399047
6.1439 ; 5.03399 ; 0.930253 ; -1.39203
5.48517 ; 5.9615 ; 0.549578 ; 0.76369
5.42788 ; 5.1582 ; 0.694367 ; -0.343984
6.08294 ; 4.87252 ; 1.04563 ; -1.47731
6.19511 ; 4.61707 ; 1.22426 ; -1.1444
5.57845 ; 4.56695 ; 1.20359 ; -1.61459
5.80884 ; 6.33509 ; 0.694174 ; 1.28247
5.38352 ; 6.06866 ; 0.0247212 ; 1.23984
5.07928 ; 5.37838 ; -1.34096 ; -0.266543
6.22318 ; 5.5016 ; 0.931359 ; 1.24716
5.47204 ; 5.51639 ; -0.819142 ; 0.0399765
5.70012 ; 6.50534 ; -0.297388 ; 1.51368
6.35348 ; 5.36371 ; 1.38545 ; 0.79955
6.16304 ; 5.88996 ; 1.55931 ; 1.48031
4.75278 ; 5.7713 ; -1.11746 ; 0.964971
5.43272 ; 5.73454 ; -1.24726 ; 0.982615
4.94669 ; 5.86929 ; -0.707966 ; 0.407036
4.82755 ; 5.44534 ; -1.46659 ; -1.29105
6.24723 ; 5.71396 ; 1.64542 ; -0.236018
5.47626 ; 5.53001 ; 1.08486 ; -0.701933
5.64996 ; 6.4301 ; -0.831604 ; 1.46386
4.42651 ; 5.36931 ; -1.56073 ; -1.1097
5.56079 ; 4.94571 ; 1.03346 ; -1.09746
4.90753 ; 5.42374 ; -0.818948 ; -0.695432
4.93579 ; 6.32892 ; -0.525578 ; 0.966727
6.23658 ; 5.20929 ; 1.23026 ; 0.389387
4.7431 ; 5.163 ; -1.00646 ; 0.095033
5.11558 ; 5.90938 ; -0.127514 ; 0.778006
5.56463 ; 5.55547 ; -0.430488 ; -0.135804
4.99903 ; 5.74075 ; -0.369207 ; 0.169123
5.01772 ; 6.19157 ; -0.857694 ; 0.831025
4.86144 ; 5.30791 ; -0.666087 ; -0.155457
5.34256 ; 5.53219 ; 0.233522 ; 1.12088
6.22232 ; 5.13454 ; 1.47525 ; -1.44229
5.99525 ; 5.65535 ; 1.25009 ; 1.30082
5.24105 ; 5.91993 ; -0.332516 ; 0.109395
5.90379 ; 6.48598 ; -0.121485 ; 1.31308
5.18359 ; 5.89158 ; 0.337533 ; 1.43734
5.32722 ; 4.76035 ; 0.766942 ; -1.037
4.79547 ; 5.5109 ; -1.48327 ; 0.302418
5.64722 ; 5.84468 ; -0.541453 ; 1.1454
4.70316 ; 5.68207 ; -1.04785 ; 0.477421
5.21295 ; 5.42817 ; 0.421829 ; -0.438683
5.22596 ; 5.56147 ; -0.874525 ; -0.904012
5.0384 ; 5.85307 ; -1.00674 ; 0.0820669
5.08582 ; 5.47472 ; -0.795326 ; -0.390597
5.55374 ; 4.62578 ; -0.490798 ; -1.19616
6.02118 ; 4.39104 ; 0.952485 ; -1.57254
5.34664 ; 5.91512 ; -0.0958956 ; 1.30465
5.73406 ; 5.27219 ; -0.439832 ; -0.0642028
5.81158 ; 6.14486 ; 1.19109 ; 1.52327
5.13634 ; 5.23789 ; 0.0465681 ; -1.44046
6.36729 ; 5.27967 ; 1.51091 ; -0.859011
5.33455 ; 5.54575 ; 0.114571 ; 0.217738
5.57249 ; 5.04748 ; -0.871749 ; -1.36704
6.3603 ; 5.74423 ; 1.36968 ; -0.0398053
6.06701 ; 5.5707 ; 0.415589 ; 1.43111
5.93212 ; 6.18714 ; -0.125322 ; 0.780131
5.51283 ; 5.59389 ; 0.557045 ; -0.571667
5.87706 ; 5.40139 ; 0.807632 ; -0.785641
5.94828 ; 6.29502 ; 0.475788 ; 0.931142
4.96171 ; 6.44871 ; -0.429489 ; 1.27752
5.508 ; 5.13086 ; 0.110511 ; -1.20503
5.17851 ; 5.11561 ; -0.695897 ; -1.32204
5.9838 ; 4.80229 ; 1.12319 ; -0.979012
4.8518 ; 4.65656 ; -1.54177 ; -1.35663
5.62907 ; 5.46802 ; 0.882793 ; -1.05962
5.64743 ; 6.42524 ; 0.577297 ; 1.38328
5.06363 ; 5.57634 ; -0.0793939 ; 1.06027
5.37185 ; 6.09942 ; 0.263965 ; 0.944938
5.5298 ; 4.91648 ; -0.101199 ; -0.977027
6.09818 ; 5.18591 ; 0.945414 ; -0.250114
4.78138 ; 5.58669 ; -1.31811 ; 0.845872
5.64838 ; 5.15961 ; 1.0211 ; -0.0167663
5.67317 ; 5.88231 ; 1.15581 ; -0.0751504
5.29845 ; 6.12051 ; -0.77215 ; 1.48978
5.62836 ; 5.68243 ; 0.312401 ; 0.115541
5.60224 ; 5.53617 ; -0.894139 ; 0.583214
6.29937 ; 5.6887 ; 1.03883 ; -0.553299
5.77087 ; 5.14913 ; 0.738724 ; -1.23981
5.79923 ; 5.0005 ; 0.399748 ; -0.972781
5.01998 ; 5.61053 ; -1.35829 ; -0.122547
5.40375 ; 5.06282 ; 0.906442 ; 0.0287521
5.41709 ; 5.95887 ; -0.0888138 ; 0.919602
6.20313 ; 4.99169 ; 1.14637 ; -0.904483
5.79563 ; 5.56028 ; 0.676487 ; -1.05631
5.3804 ; 5.7826 ; 0.24797 ; 1.23526
4.61824 ; 5.73234 ; -1.44485 ; 0.856514
5.23733 ; 5.77589 ; 0.0595197 ; 1.2543
5.17452 ; 5.90105 ; -1.08816 ; 0.407549
6.21379 ; 5.66681 ; 1.13542 ; 0.29922
5.26376 ; 5.90854 ; -0.98981 ; 0.819842
5.60449 ; 5.12862 ; 1.2059 ; -0.598973
5.61274 ; 4.94648 ; -0.16165 ; -1.19953
5.85715 ; 4.93942 ; 1.30604 ; -1.09417
5.15394 ; 5.11117 ; -0.758036 ; -0.0657939
5.39226 ; 5.71851 ; 0.56215 ; -0.371452
5.78294 ; 5.51891 ; 0.159351 ; -0.449524
5.1815 ; 5.4592 ; -0.730937 ; -1.3226
6.54362 ; 5.35418 ; 1.54706 ; -0.775948
5.07919 ; 5.06958 ; -1.41534 ; -0.479003
5.9228 ; 5.62576 ; 0.061176 ; -0.0395861
5.58265 ; 6.03246 ; 0.0187459 ; 0.582753
4.77611 ; 5.49641 ; -1.42334 ; 1.20846
5.69857 ; 4.6135 ; 0.430303 ; -1.65638
6.1531 ; 5.96808 ; 1.06277 ; 0.801922
5.18487 ; 5.95001 ; 0.126096 ; 0.595086
5.58369 ; 5.59068 ; 0.847201 ; 0.404639
5.62502 ; 5.02776 ; 1.01662 ; -1.12683
5.25943 ; 5.84373 ; 0.0792561 ; 0.422297
5.0171 ; 4.90903 ; -0.708015 ; -0.596104
5.44766 ; 5.09901 ; -0.366411 ; -0.814297
6.16539 ; 5.67221 ; 0.958311 ; 0.930788
5.79601 ; 6.58343 ; 0.0824885 ; 1.51639
5.70754 ; 4.61523 ; 0.655763 ; -1.57465
5.84974 ; 5.63764 ; -0.0860353 ; -0.379834
5.38199 ; 5.04691 ; -0.408529 ; -0.757085
4.88273 ; 5.03615 ; -1.3219 ; -0.0943737
5.70932 ; 5.58321 ; 1.23006 ; 0.735039
6.27002 ; 4.9179 ; 1.43257 ; -1.17661
5.15987 ; 5.11949 ; -1.45633 ; -0.630952
5.30135 ; 4.71802 ; -1.0051 ; -1.44682
5.3153 ; 5.49599 ; -0.145282 ; -0.766243
4.94619 ; 5.74419 ; -0.841563 ; 0.897395
5.73415 ; 5.41915 ; -0.417753 ; -1.36857
5.0797 ; 6.1434 ; -1.39654 ; 0.957886
5.29244 ; 6.35084 ; -0.869493 ; 1.60727
6.04115 ; 5.57518 ; 0.655497 ; -0.124245
5.08455 ; 5.1107 ; -0.957054 ; -0.427612
6.17966 ; 4.91621 ; 1.58359 ; -0.361308
5.88203 ; 4.84693 ; 1.03944 ; -1.58941
5.0899 ; 5.97513 ; -1.11547 ; 0.992579
6.23104 ; 5.47926 ; 1.42042 ; -0.844332
6.07549 ; 4.99384 ; 1.44642 ; -1.04389
6.25101 ; 5.17317 ; 1.08699 ; -0.462473
5.48106 ; 5.84351 ; 1.17434 ; 0.259453
6.39332 ; 5.21857 ; 1.44224 ; -1.04321
5.34779 ; 5.76602 ; 0.406944 ; 0.955478
5.7344 ; 5.47647 ; -0.136179 ; -0.516253
5.76982 ; 5.76188 ; -0.178577 ; 0.154235
5.94791 ; 5.90153 ; 1.29468 ; 0.939481
5.18416 ; 5.86397 ; -1.43205 ; 1.3385
6.08624 ; 5.98514 ; 0.325407 ; 0.524935
5.11023 ; 6.19829 ; -0.325567 ; 0.9936
4.83405 ; 5.31441 ; -0.926846 ; -0.462193
5.81457 ; 6.32185 ; 0.80851 ; 1.4857
5.68961 ; 5.71046 ; -0.45814 ; 0.308491
5.55417 ; 5.71583 ; -0.235363 ; -0.508421
5.90724 ; 5.51159 ; 0.145453 ; 0.0014895
5.7378 ; 5.79097 ; 0.690186 ; 0.834945
5.53682 ; 5.51099 ; -0.413652 ; -1.0546
6.19428 ; 4.92234 ; 0.933541 ; -1.03965
5.73512 ; 5.75222 ; -0.000977972 ; 0.648566
5.89093 ; 6.04863 ; 0.794844 ; 1.1189
5.72679 ; 5.97374 ; -0.41536 ; 1.30357
5.5892 ; 5.6086 ; 0.29239 ; 1.1764
6.1293 ; 5.11289 ; 1.18963 ; -0.559718
5.84581 ; 5.35543 ; 0.00677923 ; -0.631377
6.33269 ; 5.04849 ; 1.29439 ; 0.0980802
6.21248 ; 4.41816 ; 1.19508 ; -1.47298
5.13593 ; 5.73194 ; -1.48828 ; 0.715029
5.83867 ; 5.54844 ; 0.755136 ; 0.0133495
5.71618 ; 6.49776 ; 0.756691 ; 1.52986
5.48964 ; 5.90548 ; -1.03079 ; 1.2918
5.57486 ; 5.92649 ; 0.969383 ; 1.14401
5.30057 ; 5.88554 ; -0.393666 ; 1.08368
5.70398 ; 4.95747 ; 1.46931 ; -0.351222
5.67248 ; 4.96423 ; 0.53788 ; -0.62089
6.05922 ; 5.95183 ; 0.274486 ; 0.435121
4.95521 ; 5.44736 ; -1.43316 ; -0.633773
5.04908 ; 5.13505 ; -0.717333 ; -1.20844
5.40616 ; 6.47698 ; -0.0537689 ; 1.55207
6.11432 ; 5.53087 ; 1.21618 ; 0.681594
5.52549 ; 5.02489 ; 0.656101 ; -1.50438
5.18555 ; 5.30896 ; 0.0879142 ; 0.668082
5.26521 ; 5.19002 ; -0.722275 ; -1.17995
5.70266 ; 6.10768 ; -0.147856 ; 0.997066
4.82577 ; 5.67166 ; -1.1131 ; -0.45758
6.1687 ; 5.02562 ; 0.873067 ; -1.11223
4.72531 ; 5.46729 ; -1.39274 ; -0.916979
5.47847 ; 5.30618 ; -0.0989349 ; -1.0946
5.6722 ; 6.35597 ; -0.618856 ; 0.972242
4.98214 ; 5.72918 ; -0.418192 ; 1.16681
6.02268 ; 6.21115 ; 1.14709 ; 1.35778
5.91322 ; 6.34363 ; 1.41606 ; 0.974785
4.83747 ; 4.80494 ; -1.52306 ; -0.877417
4.48046 ; 5.61209 ; -1.50305 ; -0.707915
5.19122 ; 4.46445 ; -0.649702 ; -1.48035
4.75696 ; 6.50315 ; -0.708674 ; 1.30455
5.50896 ; 6.1534 ; 1.16073 ; 0.984803
5.34073 ; 6.0721 ; -1.32855 ; 0.534194
5.88119 ; 5.11747 ; 0.754164 ; -1.10373
5.47621 ; 5.55612 ; 1.02688 ; 1.23024
4.92549 ; 5.22847 ; -0.844607 ; -1.2396
5.20317 ; 4.96581 ; 0.301027 ; -0.569122
5.74039 ; 5.26923 ; 1.05278 ; -0.294039
5.39167 ; 5.60325 ; 0.515851 ; -0.794289
5.62864 ; 5.32895 ; -0.246358 ; -0.124383
4.40082 ; 4.79395 ; -1.56666 ; -1.41558
5.70667 ; 5.08928 ; -0.685798 ; -0.457432
6.14144 ; 5.6934 ; 0.538026 ; -0.36725
5.50848 ; 4.90014 ; 1.09092 ; -1.17145
5.89054 ; 5.89083 ; 0.618673 ; 0.215034
4.87273 ; 5.24389 ; -1.54323 ; -0.0756428
5.66216 ; 4.49871 ; 0.0933275 ; -1.57227
5.08233 ; 4.81943 ; -1.36496 ; -0.811019
6.23064 ; 4.94165 ; 1.29225 ; -0.632345
4.77846 ; 5.34056 ; -0.637496 ; 0.802323
5.47875 ; 4.65093 ; -0.776499 ; -1.34361
5.61741 ; 5.73087 ; 0.720126 ; 0.449662
5.10211 ; 5.38305 ; -0.688465 ; 0.143937
5.58876 ; 5.16628 ; 1.10167 ; 0.269065
4.96103 ; 5.27638 ; -1.08927 ; -0.663465
5.1388 ; 5.94679 ; -1.15264 ; 0.20354
5.14397 ; 5.75524 ; -0.458351 ; 0.939092
5.87486 ; 5.65941 ; 0.103552 ; 1.04216
5.26134 ; 5.95239 ; -1.31894 ; 1.00437
5.12637 ; 5.0839 ; -0.492776 ; -0.592848
4.40094 ; 5.15842 ; -1.64469 ; -0.818519
5.59433 ; 5.8974 ; 0.613197 ; 1.51902
4.90829 ; 4.60652 ; -0.621852 ; -1.34603
5.70163 ; 5.6905 ; 0.357163 ; -0.143075
5.09308 ; 5.09672 ; -0.81161 ; -0.34483
4.98997 ; 5.26349 ; -0.424203 ; -0.276992
5.18118 ; 5.01095 ; 0.345431 ; -0.738577
5.43081 ; 4.80184 ; 0.678579 ; -1.56195
4.58293 ; 5.04513 ; -1.51567 ; -0.850743
4.71335 ; 5.64788 ; -1.38641 ; -0.366823
4.77615 ; 5.87366 ; -1.05818 ; 0.25381
4.85179 ; 5.81974 ; -0.939391 ; 0.906487
5.39605 ; 5.47497 ; 0.0836831 ; 0.205107
5.31596 ; 5.72157 ; -0.76937 ; -0.417853
5.25998 ; 4.99115 ; -0.831845 ; -1.31089
5.44524 ; 5.58928 ; -0.571902 ; 0.0478895
5.93704 ; 5.19541 ; 0.113952 ; -0.793881
5.34794 ; 5.13932 ; -1.21099 ; 0.0852377
5.96271 ; 4.44199 ; 0.717654 ; -1.55773
5.66731 ; 5.8481 ; 0.75804 ; 1.08974
6.20265 ; 5.45839 ; 1.64927 ; 1.05643
5.18576 ; 5.63226 ; -0.231494 ; 1.41924
5.69275 ; 5.40253 ; -0.619374 ; 0.3849
5.51517 ; 6.1631 ; -0.762217 ; 1.30125
5.74726 ; 5.50081 ; 1.03827 ; 0.535883
4.75763 ; 5.08246 ; -1.52332 ; -1.05898
5.06844 ; 5.51383 ; -1.00434 ; 1.07559
5.22051 ; 4.94669 ; -0.423452 ; -1.29901
5.06018 ; 4.87962 ; -0.839725 ; -1.59381
5.65599 ; 5.62998 ; 0.0102982 ; -0.464866
6.14825 ; 5.03535 ; 0.561697 ; -1.29522
6.04804 ; 5.93724 ; 0.747836 ; 0.184385
5.46871 ; 5.19687 ; 0.285063 ; -1.13598
4.71194 ; 4.78396 ; -1.33319 ; -1.00019
5.13324 ; 5.25104 ; 0.172972 ; 0.0109612
5.37428 ; 5.82727 ; 0.538091 ; 0.527989
5.10291 ; 6.20357 ; -1.3884 ; 0.610801
5.67947 ; 5.03331 ; 1.20189 ; -0.549848
5.90752 ; 4.71729 ; 1.37391 ; -1.33303
5.455 ; 5.80641 ; -0.732042 ; -0.184175
5.87621 ; 5.25406 ; -0.232603 ; -0.425018
5.34798 ; 5.40866 ; -0.661327 ; -1.07814
5.35118 ; 4.80706 ; -1.0166 ; -1.00965
6.32408 ; 4.6401 ; 1.57023 ; -0.946671
6.32225 ; 6.35481 ; 1.48732 ; 1.35512
5.03775 ; 6.1031 ; -0.204771 ; 1.53816
5.1979 ; 6.26215 ; 0.0233299 ; 1.18727
5.94635 ; 5.68734 ; 1.01481 ; 0.121099
6.01259 ; 5.9533 ; 0.684079 ; 1.37845
6.22874 ; 4.96724 ; 1.33618 ; -1.35088
5.36233 ; 5.63062 ; 0.427166 ; 0.772789
4.79292 ; 5.22621 ; -1.39126 ; -0.846567
5.61908 ; 6.18064 ; 0.0241519 ; 0.587723
4.75995 ; 4.70594 ; -1.25097 ; -1.35604
5.47406 ; 5.09286 ; -0.8734 ; -1.41488
5.41224 ; 4.90456 ; 0.0162144 ; -1.35856
4.79569 ; 5.84986 ; -1.28879 ; 0.541688
5.64746 ; 5.5598 ; 1.40795 ; 0.280352
5.73496 ; 6.43401 ; 0.844871 ; 1.2999
5.88466 ; 4.59422 ; 1.15213 ; -1.29257
6.07984 ; 5.60119 ; 1.26883 ; 1.36905
4.7246 ; 5.78126 ; -0.934583 ; -0.231281
5.09444 ; 5.78977 ; -0.491477 ; -0.043071
6.13411 ; 5.64295 ; 0.839725 ; 0.367168
5.48929 ; 5.16618 ; -1.14766 ; -1.00483
5.1547 ; 4.95505 ; 0.0586427 ; -1.118
5.11999 ; 5.48184 ; -1.22101 ; -0.988296
5.58921 ; 4.97583 ; 0.302118 ; -1.07306
5.89348 ; 5.61187 ; 1.21136 ; 0.21336
5.07379 ; 5.60144 ; -0.200684 ; 1.01602
5.41101 ; 6.08648 ; -0.279284 ; 0.72718
5.28889 ; 5.29961 ; 0.0185659 ; -0.309979
5.43844 ; 5.73503 ; -0.14745 ; 0.907655
5.69956 ; 4.73038 ; -0.204769 ; -1.01629
5.08116 ; 5.46908 ; -1.2943 ; -0.054891
5.71651 ; 4.86736 ; -0.319882 ; -1.62335
5.62192 ; 5.27209 ; 1.17961 ; 0.457367
