6.37383 ; 7.24059 ; 3.54036 ; -1.46634
5.84121 ; 3.58628 ; 5.3615 ; -1.77393
5.9367 ; 4.69418 ; 5.05167 ; -2.22273
3.95864 ; 3.72014 ; -4.67723 ; -4.90221
6.65172 ; 6.99265 ; 0.557012 ; 3.18403
4.25259 ; 3.37611 ; -4.85531 ; -4.69143
6.8456 ; 5.82426 ; 3.77141 ; 2.08476
6.71619 ; 2.73871 ; 3.09313 ; -1.4116
4.72685 ; 3.57891 ; 4.97849 ; -3.53847
5.96495 ; 5.72968 ; 5.24553 ; 5.15624
5.82711 ; 6.73732 ; 5.34635 ; -0.0845799
3.80186 ; 6.4207 ; 0.541422 ; 3.10997
6.15197 ; 6.1759 ; -5.33161 ; -3.40635
7.15372 ; 4.18095 ; -3.23932 ; -4.79183
4.4048 ; 5.41688 ; 3.43352 ; -4.03589
3.99778 ; 5.34029 ; 2.04553 ; 5.21296
5.45077 ; 5.79805 ; -5.10904 ; -4.41075
6.64591 ; 4.84864 ; 5.15788 ; 4.06942
6.51924 ; 5.90069 ; 1.25693 ; 0.110947
7.17688 ; 5.49089 ; -2.51468 ; 3.5779
6.99326 ; 6.4917 ; 4.88831 ; 4.85926
4.28378 ; 5.96162 ; -4.95989 ; 4.98416
6.15091 ; 5.75603 ; 4.30612 ; 5.20025
3.36947 ; 5.90392 ; 0.392723 ; 3.11909
6.0403 ; 5.32834 ; -3.94229 ; 5.31162
4.71653 ; 3.41085 ; 4.83876 ; -1.90984
6.79863 ; 4.0933 ; -0.271406 ; -4.33335
7.90209 ; 4.42742 ; 1.00496 ; -2.32653
3.87348 ; 3.32407 ; -4.62898 ; -4.65843
4.45136 ; 7.08979 ; 0.518497 ; -2.25199
5.65391 ; 5.79503 ; 5.31344 ; 3.15308
6.77866 ; 5.10018 ; 1.3463 ; -5.35658
5.70013 ; 5.38025 ; 5.3094 ; 5.07157
6.84374 ; 3.92518 ; 5.04223 ; 1.43381
6.12434 ; 5.60969 ; -5.33908 ; -4.79125
6.24752 ; 4.47988 ; 5.2126 ; -5.24196
6.39693 ; 5.84614 ; -3.70476 ; -5.16499
5.60876 ; 4.72785 ; -4.7687 ; -5.33943
5.33545 ; 6.10329 ; -5.00072 ; 5.10294
6.83793 ; 3.49014 ; -4.81557 ; 0.852418
5.04447 ; 2.92843 ; -1.73796 ; -1.18438
5.24715 ; 6.22677 ; -2.70942 ; 5.03386
3.58868 ; 3.45957 ; -0.597258 ; -2.39622
4.40644 ; 5.17466 ; -2.8425 ; -5.0774
4.98602 ; 6.27871 ; -5.22628 ; 0.869368
5.38941 ; 4.79555 ; -3.51751 ; -4.99383
7.09586 ; 4.19223 ; 4.92828 ; -4.99212
5.36179 ; 4.63691 ; -5.02425 ; -2.36281
6.0597 ; 5.5998 ; -5.12144 ; -3.20809
6.96507 ; 3.5086 ; 4.93432 ; -4.81189
5.67722 ; 5.26457 ; -5.07656 ; -5.38975
7.07503 ; 3.69776 ; 4.89266 ; -4.93031
4.89074 ; 4.57063 ; -4.99599 ; -5.23435
4.37763 ; 6.17434 ; -4.98058 ; 4.83223
6.92757 ; 6.32837 ; -0.210355 ; -2.43039
5.65836 ; 6.82321 ; -5.22504 ; 2.60869
6.36522 ; 3.75752 ; 5.22031 ; -3.77269
5.6062 ; 6.00657 ; -5.16234 ; 5.01804
6.55871 ; 3.85425 ; 5.13673 ; -4.91033
5.76407 ; 5.32613 ; 5.30812 ; 5.28752
7.77589 ; 3.85623 ; -1.11518 ; -3.22338
4.503 ; 4.18469 ; -4.89083 ; -5.08192
5.37011 ; 6.05112 ; -5.07591 ; 5.11466
4.5722 ; 4.53247 ; 4.6521 ; -4.04339
7.31599 ; 7.0605 ; 4.66984 ; 4.46663
6.54396 ; 6.37 ; -2.99334 ; 4.95626
6.01279 ; 5.1508 ; 5.35248 ; -5.05821
6.01491 ; 4.18243 ; 4.02718 ; -5.17354
5.76397 ; 4.57692 ; -5.07674 ; -5.37031
5.092 ; 6.25644 ; -5.29205 ; -0.582363
4.43135 ; 4.57052 ; 4.49117 ; -4.24279
6.95505 ; 5.32249 ; -2.50683 ; -5.55886
6.25848 ; 4.37057 ; 5.14622 ; -5.23801
6.86739 ; 6.67258 ; -4.04019 ; -1.97927
5.36423 ; 4.8136 ; -5.28983 ; 2.65349
6.80082 ; 6.40229 ; 4.8572 ; 4.9497
6.51635 ; 5.21576 ; 5.17874 ; -4.93887
5.59784 ; 5.01464 ; 5.31876 ; -3.72341
6.41814 ; 4.68169 ; 2.53787 ; -5.32751
6.80813 ; 4.68253 ; 2.95016 ; 5.2202
6.58785 ; 6.15121 ; 5.15161 ; -1.52951
6.18754 ; 6.30824 ; 4.96471 ; 4.55481
5.67001 ; 5.60578 ; -5.20224 ; 4.08357
5.07114 ; 4.27995 ; -5.19125 ; -5.21612
6.47338 ; 5.60954 ; 5.18197 ; 4.66701
4.72116 ; 5.28246 ; 2.86107 ; -5.40924
5.41844 ; 6.12504 ; 5.32308 ; 4.42195
5.54569 ; 5.30386 ; 3.23198 ; 1.54372
5.15207 ; 6.82022 ; 5.07776 ; 0.159769
4.46523 ; 6.32374 ; -4.94481 ; 4.83823
5.42191 ; 6.31757 ; -5.12211 ; 4.98835
5.4875 ; 5.98209 ; -0.650215 ; -4.83932
6.47492 ; 4.90994 ; 3.22112 ; -3.98638
7.24669 ; 4.26951 ; 2.72528 ; -5.20718
4.05696 ; 3.47804 ; 0.0912231 ; -3.81538
6.9638 ; 6.38952 ; 4.95764 ; 4.79078
6.73896 ; 3.61318 ; -5.00873 ; 3.07155
5.62209 ; 3.74292 ; -4.69633 ; -1.31585
4.1833 ; 4.36691 ; 2.26359 ; -5.20529
6.8017 ; 5.53744 ; 4.7614 ; 4.85679
4.87245 ; 6.37794 ; -5.12261 ; 4.89753
5.93147 ; 4.09872 ; 5.22432 ; -5.08772
5.06547 ; 4.46705 ; 1.39923 ; -2.63686
5.65378 ; 4.13655 ; 5.45695 ; 1.44671
5.49848 ; 3.89727 ; -5.38153 ; 3.85667
4.93084 ; 3.86472 ; -5.05437 ; -5.06794
5.28628 ; 6.61147 ; 2.19383 ; 1.12261
4.45097 ; 4.53433 ; -4.32804 ; 4.9605
6.22012 ; 4.19984 ; 1.29546 ; 4.48189
6.23721 ; 3.95881 ; 5.27365 ; 4.03052
5.38539 ; 5.20485 ; 5.33872 ; 0.585549
6.75715 ; 4.69402 ; -3.38133 ; 5.07516
6.6778 ; 4.92743 ; 5.14274 ; 4.93667
6.25568 ; 5.31379 ; 3.33012 ; -5.41678
7.15938 ; 5.72892 ; -2.30453 ; 5.1267
5.83826 ; 4.97503 ; 5.36315 ; 5.17507
6.36253 ; 4.03391 ; 5.12201 ; -5.12711
4.52902 ; 5.80961 ; -3.90198 ; -5.27421
6.37703 ; 2.76593 ; 3.967 ; 0.506962
4.76562 ; 4.44503 ; -5.05505 ; 4.54127
5.7635 ; 6.10805 ; 4.69006 ; 5.11476
6.60929 ; 4.72144 ; -4.80905 ; 4.38997
3.83088 ; 4.05033 ; 1.66856 ; 3.83741
6.61961 ; 7.30049 ; -1.55132 ; 0.789096
6.52209 ; 3.77284 ; -4.78683 ; 4.21941
4.91248 ; 3.8016 ; -4.34358 ; 0.957055
6.67639 ; 5.43687 ; 2.95011 ; 4.20729
4.14298 ; 3.66838 ; -4.82963 ; -4.91016
5.55118 ; 3.19419 ; -5.427 ; -1.51419
5.79883 ; 6.41745 ; -5.08358 ; 2.81914
6.33432 ; 3.98833 ; 5.21395 ; -4.76497
6.97579 ; 3.262 ; 3.39301 ; 2.5391
4.88582 ; 6.44069 ; -5.13483 ; 4.84066
3.95197 ; 5.2661 ; -3.01512 ; 5.29806
4.89253 ; 4.23876 ; 3.71219 ; -2.99204
4.40256 ; 5.64708 ; 2.64082 ; -5.54567
4.85777 ; 5.6386 ; -5.18579 ; 5.10968
5.83492 ; 6.03086 ; 4.60309 ; 5.13071
6.31339 ; 5.81241 ; 4.96387 ; 5.17262
7.55497 ; 5.70732 ; 4.02609 ; 5.08993
6.18295 ; 5.53717 ; 5.1707 ; -5.06588
7.49686 ; 6.10043 ; 3.56743 ; 5.03729
4.86562 ; 4.9136 ; 4.81027 ; 5.34271
6.39395 ; 3.46522 ; 2.80368 ; 2.79336
6.95687 ; 4.73608 ; 4.02358 ; -5.32556
6.67065 ; 5.82459 ; 5.11336 ; -1.17936
6.57615 ; 5.85678 ; -2.60402 ; 5.16447
5.0008 ; 5.08026 ; -5.1998 ; 5.15898
4.73412 ; 3.17395 ; -5.10835 ; -3.38378
3.83137 ; 3.75653 ; -4.65711 ; -4.88787
6.43825 ; 5.96605 ; -4.36053 ; -5.26091
5.75517 ; 6.51309 ; 3.39637 ; -4.36759
4.2203 ; 3.35594 ; -4.83424 ; -4.71705
4.17275 ; 5.48701 ; 0.682902 ; -0.532472
6.50331 ; 5.65934 ; 5.1458 ; 4.94545
6.93027 ; 5.12414 ; 4.26686 ; 4.59739
4.35387 ; 4.28327 ; -2.08205 ; -1.15315
5.43942 ; 5.4056 ; 4.554 ; -5.01897
7.18334 ; 4.08861 ; 4.87229 ; -4.87084
4.74282 ; 5.5664 ; -5.11989 ; -5.10468
6.60227 ; 6.55862 ; 5.02028 ; 4.88964
5.47937 ; 4.24372 ; -5.3543 ; 0.229446
6.67133 ; 6.72277 ; 3.30283 ; -2.45631
5.48816 ; 5.33655 ; 5.21423 ; 5.33479
5.36218 ; 5.71147 ; 4.22667 ; 5.17706
7.26676 ; 5.34033 ; -0.924428 ; 1.161
3.86652 ; 2.75577 ; -1.82707 ; 0.896569
5.63888 ; 6.28753 ; -4.66154 ; 5.02803
7.1294 ; 7.32844 ; 3.35538 ; 2.04994
3.36526 ; 3.29749 ; -0.320719 ; -1.95803
3.86871 ; 5.79423 ; -0.0594808 ; 5.21257
6.9151 ; 6.44714 ; 4.98196 ; 4.86325
5.47659 ; 4.56971 ; 4.47097 ; -5.17811
5.02344 ; 5.58989 ; 3.87228 ; -2.79493
6.41024 ; 5.88139 ; 4.74506 ; 4.82657
5.90071 ; 5.42064 ; -2.12755 ; -4.73979
6.37501 ; 5.04919 ; -4.16461 ; -5.52095
4.39231 ; 6.02938 ; -4.97359 ; 4.9879
6.47387 ; 4.56803 ; -4.58288 ; -2.31945
6.40641 ; 3.50808 ; -1.54482 ; 2.5898
4.65304 ; 5.12361 ; -2.40022 ; 4.39781
5.06272 ; 3.17478 ; -5.24783 ; -3.49945
5.7104 ; 5.29999 ; 5.26212 ; -5.31438
6.7468 ; 4.26769 ; 5.09138 ; -5.14871
6.19909 ; 5.10547 ; 4.62622 ; -5.04596
5.937 ; 4.71201 ; -4.4956 ; 0.626792
5.13696 ; 5.48036 ; -5.07842 ; -5.21613
4.66893 ; 5.3173 ; -3.94231 ; 5.1747
5.02121 ; 4.61774 ; -5.17503 ; -5.24815
5.55466 ; 4.19472 ; 4.77368 ; -5.21836
3.90845 ; 5.9393 ; 0.110707 ; 5.1594
5.32488 ; 5.29638 ; 3.30135 ; 3.93757
4.99722 ; 4.86273 ; -5.26885 ; -4.95291
6.04622 ; 5.32582 ; 5.26353 ; -5.24899
5.28052 ; 6.76622 ; -5.34235 ; -2.34431
6.51392 ; 5.10646 ; -3.8164 ; -5.53967
7.02709 ; 3.66789 ; 4.93218 ; -4.84407
6.55182 ; 3.55731 ; 5.16655 ; -1.58663
4.13925 ; 6.04577 ; -4.82938 ; 5.03251
4.08541 ; 4.30198 ; -4.86324 ; -5.06969
7.80048 ; 2.86077 ; 4.232 ; -4.17631
4.40169 ; 6.6758 ; -4.94685 ; 4.78241
5.08351 ; 7.16509 ; -4.55449 ; -1.54023
4.60586 ; 5.76839 ; 4.32381 ; 5.23715
4.23628 ; 3.60569 ; -4.8782 ; -4.8877
4.53097 ; 4.67948 ; -4.82605 ; -5.29718
3.95913 ; 6.8675 ; -4.68755 ; 4.59482
5.21734 ; 5.84657 ; -4.3711 ; 5.11503
7.4854 ; 6.50828 ; 1.23134 ; 3.45093
6.66697 ; 6.98348 ; -3.87827 ; 0.758557
6.44014 ; 3.60113 ; 5.09579 ; -4.90416
5.37326 ; 6.16596 ; 2.94738 ; -3.15032
5.04749 ; 3.52099 ; 4.80873 ; -4.3165
5.90034 ; 5.84837 ; 5.09264 ; -4.4595
5.75823 ; 3.37633 ; -3.27193 ; -2.82536
6.83837 ; 4.5079 ; -4.66358 ; -4.02021
5.40807 ; 3.73382 ; -5.16942 ; -4.97455
4.90824 ; 6.47653 ; -5.04855 ; 4.92956
4.39712 ; 3.86262 ; -4.97885 ; -5.02561
5.07338 ; 4.69161 ; -4.70707 ; -5.28463
4.52263 ; 4.0636 ; -5.04675 ; -5.11208
4.49639 ; 5.72015 ; 4.00399 ; 5.25791
7.22009 ; 3.87395 ; 4.82496 ; -4.97224
4.78836 ; 4.99121 ; 4.4256 ; -5.48826
6.1836 ; 5.08745 ; 5.28456 ; 4.27699
5.68061 ; 4.35946 ; 5.11516 ; -5.27427
4.67224 ; 4.12884 ; 3.11418 ; -5.18043
5.43601 ; 5.08859 ; -5.31422 ; 5.03197
5.95738 ; 4.44152 ; 5.28695 ; -3.70835
4.96542 ; 5.95627 ; 3.60391 ; 5.17612
7.55927 ; 3.8181 ; -1.47579 ; 4.61679
5.50183 ; 3.90688 ; -5.39543 ; 1.44791
6.00075 ; 4.09921 ; -5.22559 ; 4.03518
5.02048 ; 4.40654 ; 2.74316 ; -4.93152
5.87995 ; 4.11595 ; -5.40301 ; 2.93867
6.34196 ; 4.39879 ; -4.96321 ; 2.61807
4.23789 ; 6.28315 ; -4.89436 ; 4.94352
6.62119 ; 5.88451 ; -3.21759 ; 5.19905
6.42004 ; 5.64671 ; -1.84798 ; 5.19692
5.25223 ; 3.78187 ; -4.65106 ; -5.02588
7.42032 ; 3.39116 ; 4.63955 ; -4.71375
4.19537 ; 6.009 ; -3.569 ; 2.29648
6.63924 ; 6.18002 ; 5.1036 ; 4.69414
7.30802 ; 4.06245 ; 0.449 ; 4.26752
6.23071 ; 4.4069 ; -1.09266 ; -5.27985
5.37756 ; 5.81765 ; -5.06723 ; 4.57571
7.4897 ; 3.59446 ; 2.41152 ; 4.363
4.60439 ; 5.76279 ; -5.08346 ; 5.11392
7.27416 ; 3.21768 ; 4.73788 ; -4.55729
5.94397 ; 6.02979 ; -3.79809 ; 0.240113
5.05308 ; 4.60092 ; 4.3438 ; 5.25597
6.31336 ; 5.23433 ; -2.13365 ; 5.33212
4.55969 ; 5.50164 ; -5.05508 ; 5.14242
4.31094 ; 5.04342 ; 0.646723 ; 4.18076
7.06414 ; 4.95299 ; -1.34138 ; 5.17899
7.69439 ; 5.28575 ; 2.63025 ; 4.55835
4.18311 ; 6.61852 ; -4.8601 ; 4.60536
6.35877 ; 6.06375 ; -5.14405 ; -1.34451
5.54712 ; 4.18725 ; -5.29056 ; 4.04972
4.98185 ; 3.46307 ; -5.2651 ; 0.408718
5.33717 ; 6.0125 ; 4.41921 ; 5.13986
5.1971 ; 5.24122 ; 5.19285 ; 0.140525
6.27101 ; 4.0339 ; 5.18765 ; -5.02531
4.46891 ; 5.41138 ; -5.02666 ; 5.1074
6.9586 ; 5.95541 ; 5.00226 ; 4.93345
5.49857 ; 5.53858 ; 5.14618 ; 5.29242
5.58203 ; 5.94593 ; 3.91614 ; 5.14869
7.12928 ; 3.67807 ; 4.84555 ; -4.90054
3.953 ; 3.07361 ; -4.64537 ; -4.43445
4.45269 ; 5.14942 ; -3.44352 ; -5.37077
5.34156 ; 5.58226 ; 2.84499 ; -5.4243
7.18073 ; 5.42337 ; -3.12185 ; -4.83089
4.51388 ; 6.38902 ; -4.64031 ; 4.95228
6.69466 ; 3.50025 ; 5.03464 ; -4.83216
4.06982 ; 5.43852 ; 2.59544 ; 5.03585
5.86726 ; 5.44935 ; -5.13019 ; 5.29912
7.0534 ; 4.5452 ; -2.38696 ; -5.40044
6.65047 ; 5.86483 ; -0.15385 ; -3.64493
5.098 ; 3.29485 ; -4.42124 ; 0.584708
6.69028 ; 5.5803 ; 1.17007 ; -4.94052
5.74703 ; 5.63007 ; 4.23995 ; 2.64019
3.79617 ; 3.19365 ; -4.53688 ; -4.55211
5.3465 ; 3.96038 ; -5.09062 ; -5.12184
7.5664 ; 6.9492 ; 1.67589 ; 2.12604
6.436 ; 4.67887 ; 5.20047 ; -4.21485
6.16271 ; 5.01807 ; -4.533 ; -3.56992
5.80353 ; 4.6475 ; 5.22783 ; -3.85675
3.7117 ; 5.38513 ; 0.804232 ; 5.04469
4.58372 ; 2.91797 ; -3.62458 ; -2.48
5.20689 ; 4.20576 ; -4.3585 ; 3.18922
6.12292 ; 4.92189 ; 5.29069 ; 0.802564
4.11925 ; 4.82483 ; 0.22393 ; -5.44543
7.05851 ; 3.15365 ; 4.868 ; -4.39164
7.34355 ; 3.37182 ; 4.70132 ; -4.7088
4.25467 ; 3.8916 ; -4.91388 ; -4.99563
6.4548 ; 5.65753 ; 3.78184 ; 5.21519
6.4965 ; 4.35177 ; -2.98729 ; -2.54377
4.16559 ; 3.48943 ; -4.82409 ; -4.80669
6.87933 ; 5.93721 ; 3.73727 ; 5.105
3.91707 ; 7.31471 ; 0.607278 ; 0.585626
7.51959 ; 6.78741 ; 4.55566 ; 4.63099
4.97802 ; 5.62584 ; -4.52374 ; 4.71292
4.52789 ; 4.91299 ; -5.0641 ; -0.838566
5.20364 ; 6.53366 ; -1.24525 ; -2.98322
6.48032 ; 3.75517 ; 5.10848 ; -4.98123
6.87463 ; 4.05129 ; 1.71712 ; 4.3858
6.30649 ; 4.55002 ; 4.76639 ; -5.27892
4.53591 ; 6.71166 ; -4.97613 ; 4.76933
4.99324 ; 3.89962 ; 4.91547 ; -4.98818
7.07454 ; 4.84702 ; 4.9443 ; 4.21165
5.13926 ; 6.24897 ; -5.27788 ; 1.97021
4.99696 ; 4.02095 ; -1.49897 ; -5.10452
7.35145 ; 5.44191 ; 2.04215 ; 5.28823
4.28035 ; 4.43 ; 4.26422 ; -0.0237861
5.32131 ; 5.77672 ; -5.21542 ; 1.72408
5.84017 ; 5.31468 ; -3.05985 ; -4.59778
6.68337 ; 6.83031 ; 0.919786 ; 0.0365294
6.36572 ; 2.69936 ; 5.21125 ; -1.6455
4.06049 ; 3.29985 ; -2.09042 ; 3.18408
4.97356 ; 4.9811 ; 4.98526 ; 5.31782
3.42167 ; 6.66542 ; 0.516687 ; 0.147227
7.18072 ; 6.68111 ; 4.82068 ; 4.73527
4.22019 ; 6.32173 ; -4.90618 ; 4.89301
4.86814 ; 5.23615 ; -5.12732 ; 5.17038
6.95243 ; 3.35453 ; 4.94166 ; -4.53969
6.6248 ; 3.54579 ; -4.72824 ; -2.81101
3.6975 ; 3.88068 ; -1.2928 ; 3.70184
5.86719 ; 6.28914 ; -4.81895 ; 2.80411
4.94553 ; 4.55692 ; -5.21346 ; -0.997648
5.96878 ; 7.02881 ; -4.83552 ; 0.439165
4.72905 ; 6.02717 ; -5.13768 ; 4.73261
6.67157 ; 4.57576 ; 4.64896 ; -5.28269
4.89126 ; 3.79563 ; -5.06295 ; -4.99113
3.51922 ; 4.86827 ; -1.03224 ; 5.1618
5.93906 ; 4.10224 ; -5.39874 ; 1.33595
4.79843 ; 5.76653 ; 0.804905 ; 4.55896
4.3945 ; 3.41442 ; 3.40138 ; -0.973527
5.52786 ; 6.83819 ; -5.45954 ; -0.954297
6.80412 ; 3.88624 ; 5.0372 ; -5.02804
4.44977 ; 4.05366 ; -5.03601 ; -5.0404
4.71776 ; 4.52239 ; 3.93623 ; 4.45304
5.5509 ; 3.77485 ; 5.04383 ; -4.50713
6.30348 ; 4.20605 ; 5.12632 ; -5.12306
6.33374 ; 5.0093 ; -3.07858 ; 5.33164
6.9813 ; 5.87754 ; 3.96741 ; -3.87874
5.62458 ; 6.18417 ; 5.46046 ; -2.70535
7.31502 ; 5.58869 ; -0.973572 ; 5.19597
4.80511 ; 3.77742 ; -5.06906 ; -5.02199
4.63956 ; 3.46536 ; -5.05387 ; -4.74241
5.60656 ; 6.22214 ; 4.96171 ; 5.06258
4.00185 ; 6.70999 ; -4.70503 ; 4.69645
7.24013 ; 6.70269 ; 4.72637 ; 4.7381
7.00398 ; 6.85371 ; 1.7406 ; -3.93918
6.86581 ; 6.46759 ; -4.83364 ; -3.7233
4.66773 ; 3.60888 ; -4.73549 ; 3.26791
4.71522 ; 5.91848 ; 4.3512 ; 5.05527
6.28008 ; 4.37941 ; 5.1464 ; -5.15312
6.77022 ; 5.27219 ; 3.27168 ; 5.17135
6.36312 ; 4.09919 ; 4.96664 ; -5.14181
6.11091 ; 6.79225 ; 3.85175 ; -1.79037
5.24028 ; 4.26213 ; 3.75935 ; -1.32125
6.95067 ; 6.61153 ; -4.78763 ; -2.57008
5.37912 ; 4.36486 ; -5.40133 ; 4.51476
5.96974 ; 4.65321 ; 5.29902 ; -5.04724
5.14636 ; 5.55616 ; -4.99372 ; 5.0483
5.87154 ; 3.23707 ; 5.37062 ; -2.54561
4.44483 ; 5.00852 ; -5.06248 ; -4.84399
4.61708 ; 4.21519 ; -5.0582 ; -5.12656
5.63227 ; 4.84172 ; -5.2833 ; 4.14235
4.73461 ; 4.31123 ; -3.56113 ; -5.20774
4.94968 ; 6.06272 ; -5.21074 ; 4.19302
4.03936 ; 3.81237 ; -4.79415 ; -4.92401
3.82207 ; 5.73449 ; 0.275444 ; 5.25062
6.96739 ; 6.90561 ; -0.231214 ; -2.62067
5.20799 ; 3.68683 ; 1.72168 ; 4.11309
6.57211 ; 3.99418 ; -4.55527 ; -5.04575
5.14752 ; 4.53848 ; -5.05812 ; 4.60703
7.27519 ; 3.6244 ; 4.77554 ; -4.87235
5.81535 ; 3.76296 ; -4.53804 ; -3.54191
6.44949 ; 3.56567 ; -4.30464 ; 2.45952
5.56112 ; 6.12124 ; -5.16533 ; 4.93737
5.15178 ; 7.24352 ; -4.74047 ; 1.9746
5.03766 ; 5.82076 ; -5.30643 ; -4.17692
4.87404 ; 3.12832 ; -4.66246 ; -0.882574
5.87828 ; 4.56188 ; -4.54829 ; -4.8463
6.44828 ; 5.53212 ; 5.2197 ; 5.08302
6.71042 ; 4.24675 ; 5.10502 ; -5.08202
6.67022 ; 5.80363 ; 5.07475 ; 5.09463
3.89886 ; 5.89116 ; 0.260301 ; 5.18902
7.33895 ; 5.21826 ; 1.61635 ; -4.89097
6.65907 ; 5.1042 ; 5.15088 ; 5.08202
5.22683 ; 6.35657 ; -5.14048 ; 4.96256
5.1744 ; 4.58584 ; 4.73232 ; -5.37085
6.89396 ; 5.92099 ; -3.96878 ; 5.05485
6.06404 ; 5.0022 ; -4.5742 ; -4.78088
6.01305 ; 5.59549 ; 5.32053 ; 5.06227
4.50153 ; 6.70531 ; 2.54375 ; -2.67811
4.59222 ; 3.50942 ; 5.03075 ; -1.82105
7.43546 ; 6.31407 ; 3.02339 ; 3.26684
7.37822 ; 6.01547 ; 2.90308 ; 5.07781
4.34469 ; 4.26522 ; -4.99418 ; -5.13233
5.07527 ; 6.26593 ; -5.19491 ; 3.70849
5.21661 ; 4.34163 ; 4.95847 ; 5.02141
5.20334 ; 5.51745 ; -5.30207 ; -0.15639
6.60067 ; 6.61749 ; -4.7414 ; 3.46338
4.9789 ; 5.77618 ; -5.28499 ; -4.69198
6.23127 ; 4.86029 ; 5.26649 ; -5.29448
4.27917 ; 6.19316 ; -4.87206 ; 4.96577
5.88851 ; 5.51511 ; -5.17141 ; -4.60897
4.98142 ; 5.73125 ; -5.20292 ; 3.49324
6.42461 ; 3.80856 ; -0.817234 ; -3.87145
7.25141 ; 3.42698 ; 1.94757 ; 3.3941
5.46129 ; 4.22793 ; -3.0256 ; -5.19872
7.18997 ; 4.28859 ; 4.35885 ; -5.16723
5.28439 ; 5.55325 ; 5.29508 ; -5.36913
7.06146 ; 5.6899 ; 3.18964 ; 1.68235
5.78632 ; 5.6474 ; 5.32951 ; 5.0897
6.13506 ; 3.41234 ; 5.39415 ; 2.07789
7.07017 ; 3.58382 ; 4.87193 ; -4.86717
4.75626 ; 4.08668 ; -4.97936 ; -5.13234
5.35899 ; 4.41794 ; 5.21533 ; -2.63243
4.98456 ; 4.8329 ; -5.23148 ; -0.775733
4.36485 ; 6.70865 ; -2.04365 ; -1.81949
6.60021 ; 6.02271 ; 4.67245 ; -3.41152
5.61126 ; 4.38015 ; 3.19653 ; 4.78181
6.75544 ; 4.51608 ; 5.08902 ; -4.59141
5.45058 ; 5.3257 ; -5.13329 ; -5.2808
6.23698 ; 6.16189 ; -3.14724 ; 5.06717
5.36072 ; 5.42169 ; -5.28087 ; -4.38047
5.2741 ; 6.40601 ; 5.20678 ; 4.43845
6.5771 ; 6.6371 ; 5.12814 ; 4.17707
5.42002 ; 7.23503 ; -4.49233 ; 1.76722
5.48342 ; 7.2249 ; -5.18133 ; 1.33244
4.95739 ; 6.54874 ; 2.82112 ; 2.86977
6.77702 ; 4.43936 ; 5.07494 ; -5.00628
5.79148 ; 3.42738 ; -5.34845 ; 2.62843
5.16742 ; 5.10738 ; 3.85462 ; 5.35906
5.77194 ; 6.09521 ; -5.15418 ; 4.78246
6.99991 ; 4.05859 ; 4.90933 ; -5.06075
6.29492 ; 6.46432 ; 5.25234 ; 2.71632
6.8409 ; 3.05559 ; -4.51185 ; -1.52494
5.45347 ; 6.29301 ; -5.40199 ; -1.38824
5.65746 ; 3.45133 ; -3.44848 ; -1.25827
6.23759 ; 5.55624 ; 5.26573 ; 5.06576
6.53874 ; 3.3238 ; -4.67346 ; 2.69314
5.19295 ; 5.74263 ; -3.04585 ; 4.70647
6.98094 ; 4.05308 ; 4.71632 ; -4.88278
4.8637 ; 4.58189 ; -5.12261 ; -5.14637
5.55115 ; 5.73056 ; 5.01434 ; 4.90508
6.75357 ; 5.8764 ; 5.07489 ; 5.07528
4.4298 ; 5.94271 ; 4.66373 ; -4.17933
4.43517 ; 4.44412 ; -0.508313 ; -4.76324
4.48404 ; 4.53973 ; -3.57572 ; 0.908799
4.98841 ; 4.99322 ; -5.11911 ; -5.12658
5.76028 ; 6.42754 ; 4.87878 ; 4.97358
5.78815 ; 5.19631 ; 0.479836 ; -5.42708
6.01634 ; 6.11023 ; 5.14926 ; 5.11853
4.0426 ; 5.98428 ; -4.49764 ; 5.0359
7.89963 ; 4.23597 ; -0.0317388 ; 2.93569
6.93004 ; 4.11566 ; -3.5865 ; -5.17957
6.8999 ; 3.83544 ; 4.99313 ; -4.97667
6.29435 ; 4.27624 ; 5.15868 ; -5.20333
5.24608 ; 3.81002 ; -5.21736 ; -4.71202
5.36133 ; 4.31046 ; 5.37053 ; -3.56431
4.74615 ; 4.78659 ; 5.15961 ; 1.44435
6.37275 ; 5.87323 ; 0.179411 ; 5.15862
5.97778 ; 4.08963 ; -2.71283 ; -0.291366
5.33744 ; 5.514 ; 0.164502 ; 5.16753
7.36041 ; 4.32637 ; 4.57508 ; -5.14308
5.37482 ; 6.31659 ; 5.01075 ; 5.01697
7.01393 ; 3.30381 ; 4.85304 ; -4.70185
6.4651 ; 6.67257 ; 5.0501 ; 4.83063
5.08569 ; 3.79019 ; 4.68727 ; -3.64995
4.1996 ; 3.87121 ; 4.51651 ; 0.0812153
6.61472 ; 5.35085 ; 5.13828 ; -1.55017
4.24493 ; 4.50646 ; -1.17088 ; 5.22696
7.47354 ; 3.32574 ; 4.53479 ; -4.66764
4.44566 ; 5.87889 ; -4.48428 ; -5.15132
6.40812 ; 5.90308 ; 4.91364 ; 5.09403
6.53979 ; 6.3561 ; 5.09055 ; 4.9888
4.69436 ; 6.36723 ; -5.07394 ; 4.95242
5.24258 ; 6.62935 ; -5.02705 ; -2.1387
7.31093 ; 6.18016 ; -0.337922 ; 5.02614
6.20979 ; 5.23199 ; 5.27395 ; 4.06892
5.37845 ; 5.66404 ; -5.36114 ; -4.60882
6.2679 ; 3.9439 ; 5.28177 ; 1.58815
6.95913 ; 5.11229 ; 4.79034 ; 5.13119
4.03265 ; 6.21516 ; 0.667193 ; 5.02922
5.56777 ; 7.07638 ; -0.427526 ; -1.83881
6.22379 ; 6.45019 ; 5.2579 ; 3.71033
5.99705 ; 5.95581 ; 5.40229 ; -3.00788
4.9028 ; 3.95932 ; 2.82243 ; 0.589385
6.20696 ; 4.71493 ; 5.26906 ; -1.46612
7.09217 ; 5.87693 ; 4.92225 ; 5.04255
4.64014 ; 6.50938 ; -5.03055 ; 4.86559
5.41443 ; 4.43573 ; -5.30903 ; 1.15189
6.86861 ; 4.87917 ; -2.8784 ; -5.5177
7.62526 ; 5.05684 ; 1.4111 ; -5.54739
4.38039 ; 5.75011 ; -5.00556 ; 4.79072
5.77598 ; 5.05166 ; -4.52531 ; 5.09378
5.56463 ; 4.9803 ; -5.1855 ; 2.52314
4.782 ; 3.9516 ; -4.97952 ; -5.09246
6.08029 ; 4.02694 ; 1.61668 ; -4.41248
7.45848 ; 6.75649 ; 4.63314 ; 4.63879
5.92619 ; 4.72694 ; -5.23262 ; -5.30087
6.4082 ; 5.55576 ; 2.78853 ; -0.368817
6.95022 ; 6.29335 ; 4.97582 ; 4.83685
4.17248 ; 5.52833 ; -4.90496 ; 4.79939
6.30009 ; 4.75097 ; -5.0955 ; -5.08234
5.1148 ; 6.60019 ; -5.15737 ; 3.19565
6.09581 ; 3.76878 ; -2.49984 ; -1.93257
4.9979 ; 6.20575 ; -4.74171 ; 5.0476
6.19974 ; 4.34285 ; 4.78525 ; -5.19348
5.29078 ; 4.30006 ; -4.98288 ; -1.61256
4.13052 ; 3.5954 ; -4.81314 ; -4.86943
5.94801 ; 6.39455 ; -5.23068 ; 4.4453
5.61405 ; 3.80955 ; -5.2651 ; -4.49963
6.69444 ; 3.44396 ; 5.02191 ; -4.7856
3.88954 ; 5.6433 ; 2.37352 ; -3.84189
5.78883 ; 6.80637 ; 5.37783 ; 1.62825
7.11554 ; 4.36006 ; -1.92284 ; 2.27441
5.47671 ; 5.71303 ; -5.39211 ; -4.56438
3.21261 ; 3.69173 ; -0.122044 ; -1.36984
7.25066 ; 4.34667 ; -2.79268 ; -4.94032
8.05576 ; 4.90368 ; 0.604885 ; -3.75201
4.90717 ; 3.33178 ; -3.61847 ; -2.03376
6.31058 ; 4.18409 ; 5.2629 ; 0.471478
5.03133 ; 5.06229 ; -4.28965 ; 5.19267
4.96365 ; 4.10865 ; -5.24248 ; 0.933743
5.47697 ; 5.32537 ; -2.06497 ; -4.58643
5.03062 ; 5.02592 ; 3.99258 ; 5.28513
5.58666 ; 5.16839 ; -2.50039 ; -5.35536
6.87007 ; 6.24854 ; 5.02245 ; 4.99365
6.08064 ; 5.44172 ; -3.2815 ; -5.32527
4.76467 ; 5.00217 ; -2.14532 ; 4.25534
5.90406 ; 5.54235 ; 3.09195 ; 3.64844
5.08159 ; 5.64343 ; 5.12526 ; 4.97624
4.27983 ; 5.54755 ; -4.9645 ; 4.84106
6.74494 ; 4.46279 ; -3.21675 ; -4.81517
6.6397 ; 5.41678 ; -4.75223 ; 4.24616
6.05832 ; 5.43566 ; -5.01758 ; -5.46443
5.97154 ; 5.78336 ; 3.40606 ; 5.19384
6.17779 ; 4.0878 ; -5.27093 ; -1.31529
4.03966 ; 5.69271 ; -0.515625 ; 4.55805
4.74666 ; 4.68072 ; 3.48577 ; -4.52404
5.80735 ; 5.07541 ; 3.31796 ; -4.16314
7.40328 ; 3.69338 ; 4.68126 ; -4.89063
6.08505 ; 5.12549 ; -4.92355 ; 3.19391
5.90477 ; 5.13766 ; -5.26587 ; 5.15294
6.63236 ; 4.66793 ; 5.15626 ; -5.08513
3.89994 ; 4.91318 ; 3.48256 ; 3.47044
4.88687 ; 4.36816 ; -1.34235 ; -4.44813
5.08315 ; 6.25769 ; 4.33458 ; -1.21676
6.31388 ; 4.26183 ; -4.90313 ; -2.44616
5.88581 ; 5.21364 ; -5.27217 ; -1.03909
6.04465 ; 5.83426 ; 4.99546 ; 4.52845
5.41379 ; 4.981 ; 4.95427 ; -5.38457
6.01903 ; 2.83369 ; 5.23937 ; -2.73862
5.18784 ; 2.92841 ; -4.29241 ; -2.93346
7.09039 ; 3.733 ; 4.78581 ; -4.9567
7.28095 ; 3.73584 ; 4.73638 ; -4.92536
4.19676 ; 5.98361 ; -4.84118 ; 5.01246
4.72048 ; 6.35143 ; -5.11228 ; 4.81623
6.32119 ; 6.49819 ; 5.21579 ; 4.06592
6.98074 ; 4.92098 ; 3.84523 ; 4.12616
3.85872 ; 4.43254 ; -1.92505 ; -5.27298
4.1462 ; 3.7659 ; -1.20317 ; 4.66283
4.41578 ; 5.78657 ; 3.77909 ; 5.0392
6.19864 ; 4.97459 ; 3.11995 ; -5.3692
3.86577 ; 6.88694 ; -4.61881 ; 4.57697
6.42285 ; 4.63075 ; -3.76522 ; -5.40969
4.11345 ; 3.26425 ; 3.70508 ; 0.886444
4.91993 ; 6.75765 ; 5.26936 ; -0.914191
5.80969 ; 5.01854 ; 5.28615 ; 4.94267
5.97585 ; 3.48681 ; 5.33706 ; -3.8794
4.53183 ; 4.64917 ; -2.47733 ; -5.26834
6.36101 ; 5.78248 ; 4.8006 ; 5.12711
4.80386 ; 7.02683 ; -5.17395 ; 2.29075
4.88275 ; 6.37282 ; -5.20819 ; 1.66144
7.31231 ; 3.94334 ; 4.75495 ; -5.0229
4.48171 ; 5.94777 ; -4.95734 ; 5.06218
4.51293 ; 4.20713 ; 2.98334 ; 4.92664
3.85862 ; 4.52295 ; -2.91482 ; -5.30652
4.54467 ; 3.79315 ; 2.28475 ; -4.98126
6.82395 ; 5.27142 ; 4.99427 ; 5.14519
6.13318 ; 3.73449 ; 4.89602 ; -0.134057
5.78099 ; 4.65285 ; 5.4345 ; 4.81183
5.77094 ; 4.8722 ; -0.340769 ; 5.18496
5.79647 ; 5.8949 ; -5.19757 ; -5.03855
7.8788 ; 6.40279 ; -1.8487 ; 2.36269
4.95661 ; 5.32159 ; 4.94559 ; 5.29814
6.43113 ; 6.93525 ; 4.07467 ; 3.46467
3.98901 ; 3.51994 ; -4.70565 ; -4.79163
5.711 ; 5.92438 ; -5.18114 ; 1.82111
4.54719 ; 6.40014 ; -4.52742 ; 4.94569
6.93838 ; 4.36912 ; 5.00492 ; -4.96989
4.9775 ; 5.7989 ; 4.66783 ; 5.19167
4.47723 ; 6.17818 ; -5.03185 ; 4.94034
4.83011 ; 6.55403 ; 3.11303 ; 3.25662
5.30578 ; 4.39064 ; 4.43596 ; -5.19151
5.70563 ; 5.18163 ; 4.7215 ; -5.33707
5.67103 ; 7.0033 ; -5.34656 ; 1.75473
7.30338 ; 5.17071 ; -2.49232 ; 5.21983
5.43175 ; 4.81932 ; -4.97681 ; -5.39442
5.34969 ; 6.98045 ; 1.99453 ; 1.60715
3.84781 ; 6.74334 ; -4.54491 ; 4.68498
4.66837 ; 6.04948 ; 0.665224 ; -4.24066
7.37966 ; 6.6923 ; 4.64916 ; 4.71962
7.62146 ; 6.92336 ; 4.47385 ; 4.49326
5.03343 ; 3.67978 ; -5.1775 ; -4.87542
6.2267 ; 5.90377 ; 4.93493 ; 5.12936
4.42834 ; 5.83348 ; -3.85206 ; 5.12791
5.02142 ; 6.83708 ; 4.42527 ; -0.898
4.00078 ; 4.92027 ; -2.44002 ; -5.41613
5.57634 ; 5.2683 ; 5.33687 ; -5.30171
5.28372 ; 4.95859 ; -5.3296 ; -4.88815
5.48894 ; 4.77616 ; -3.80822 ; 4.56903
6.62367 ; 5.11823 ; 4.55635 ; -4.39087
4.56029 ; 3.8841 ; 5.13206 ; -0.19295
6.48694 ; 5.82751 ; 4.79611 ; 5.16965
4.3622 ; 4.1781 ; -4.97889 ; -5.10212
6.30415 ; 3.83751 ; -5.01476 ; 2.61889
7.24835 ; 6.27539 ; 4.82711 ; 4.90767
6.40621 ; 3.01962 ; 5.2158 ; -2.28209
6.20617 ; 5.23662 ; 1.69758 ; -5.39755
6.62867 ; 5.22039 ; -1.86343 ; 2.34517
6.25099 ; 4.23766 ; 4.931 ; 4.81656
6.54697 ; 4.2458 ; 4.92686 ; -5.18686
4.59274 ; 7.13855 ; -3.45199 ; -1.99523
6.80438 ; 5.74893 ; 5.06975 ; 4.88706
6.30858 ; 4.63379 ; 3.46006 ; -5.31014
5.31419 ; 4.59456 ; 5.33953 ; 1.53296
5.42893 ; 6.39482 ; -5.13761 ; -4.29149
4.00608 ; 6.49311 ; -4.74674 ; 4.84057
4.46314 ; 6.09308 ; -5.02214 ; 4.91643
3.97696 ; 3.30967 ; -4.68523 ; -4.66776
4.8816 ; 4.40797 ; -5.08289 ; -5.13122
4.83991 ; 6.29028 ; 5.28409 ; -0.279761
6.30957 ; 4.15966 ; 4.57517 ; 2.30151
5.52311 ; 6.02355 ; 2.86318 ; 1.84301
5.01226 ; 3.99853 ; -5.12487 ; 3.00083
5.19353 ; 5.08006 ; -5.29257 ; -4.7326
4.51277 ; 6.49393 ; -5.03189 ; 4.60143
7.36308 ; 3.48681 ; 4.6536 ; -4.77524
6.02755 ; 5.41562 ; 0.0713744 ; -5.33557
4.86907 ; 4.59437 ; -4.93527 ; -4.9266
4.87627 ; 4.53181 ; -2.94215 ; -5.19864
7.39732 ; 6.76942 ; -2.77639 ; 1.79491
6.77221 ; 5.12399 ; -2.63632 ; -5.51068
4.99052 ; 2.88566 ; 1.46452 ; -1.29577
6.0075 ; 6.79998 ; 4.55669 ; -1.22084
6.4701 ; 4.2735 ; -2.29579 ; -5.24295
4.35832 ; 5.66874 ; -3.55134 ; 5.18833
3.94886 ; 5.73495 ; 2.25218 ; 5.25575
6.88394 ; 4.64302 ; -4.5355 ; 4.46728
7.35326 ; 3.26044 ; 4.6804 ; -4.61045
4.58749 ; 6.11954 ; -3.9302 ; 0.212375
4.12325 ; 6.40986 ; -2.32826 ; -4.48026
5.74188 ; 4.92952 ; -5.29113 ; -5.3613
7.12667 ; 6.50093 ; 4.82893 ; 4.85697
4.80842 ; 5.79057 ; -4.6471 ; 4.53172
7.70196 ; 4.86834 ; 0.0182454 ; 4.82715
5.75242 ; 5.37626 ; -5.2303 ; 5.29447
6.06648 ; 4.94625 ; 4.09229 ; 4.82571
6.90189 ; 4.12316 ; 0.409184 ; -5.16093
4.75647 ; 5.98622 ; 5.19096 ; -2.13578
4.80069 ; 3.10239 ; 3.94592 ; 2.08343
6.97831 ; 2.95061 ; 4.89732 ; -4.24413
4.73288 ; 5.6406 ; 2.66135 ; -4.42118
6.87579 ; 5.14618 ; 5.03632 ; -4.15701
6.66222 ; 6.7171 ; 5.06236 ; 4.70061
4.7084 ; 3.76625 ; 4.26773 ; 4.13543
5.41173 ; 6.78221 ; 5.0844 ; -0.336693
4.84328 ; 5.66659 ; -3.99753 ; 5.2012
5.45052 ; 3.49619 ; 5.52781 ; 1.01352
5.59988 ; 5.49851 ; 5.30365 ; -0.293163
4.32711 ; 3.91319 ; -4.90904 ; -5.03496
5.37197 ; 5.78333 ; -5.28642 ; -1.25862
4.34671 ; 5.60263 ; -3.96645 ; -4.75277
5.41909 ; 5.92273 ; 5.14935 ; 4.93732
5.1228 ; 6.9349 ; -5.2496 ; 3.95296
6.9869 ; 3.92264 ; 2.93584 ; 2.74684
6.37541 ; 5.14019 ; 4.50786 ; -5.23072
5.63035 ; 4.62404 ; 0.706594 ; 3.31979
4.60575 ; 4.74455 ; 4.93009 ; 3.1025
5.51318 ; 5.93748 ; -5.12829 ; 5.13993
5.31306 ; 4.23207 ; -5.01865 ; -4.77461
5.80954 ; 5.37281 ; -1.35271 ; 5.28216
5.73284 ; 6.52709 ; 4.50353 ; 4.91252
6.80413 ; 3.25364 ; -1.39298 ; -3.53319
7.57794 ; 5.58862 ; 0.978516 ; 5.2697
5.18536 ; 5.67909 ; 5.30681 ; -4.71803
4.29423 ; 5.69944 ; -4.89353 ; 5.08856
5.36093 ; 4.75345 ; 5.21265 ; -5.20078
7.59795 ; 4.36182 ; 3.66369 ; -4.09203
6.98418 ; 4.65283 ; 4.92773 ; -5.23139
4.89997 ; 3.05196 ; -4.11944 ; -3.38589
3.45227 ; 5.9416 ; 0.773901 ; 4.08956
4.82201 ; 6.60738 ; -4.99678 ; 4.85818
7.25472 ; 3.39882 ; 4.76885 ; -4.73816
4.41455 ; 6.65368 ; -4.9495 ; 4.74983
5.9201 ; 3.55068 ; 2.12283 ; 2.6738
3.75454 ; 6.46465 ; 2.4405 ; 0.890685
4.66151 ; 3.55653 ; -5.12048 ; 2.43049
4.83204 ; 4.21632 ; -5.15339 ; -4.59105
6.88298 ; 4.28739 ; 5.00826 ; -5.142
4.14023 ; 4.76123 ; 0.229173 ; 5.08879
3.54394 ; 5.12953 ; -1.00287 ; -4.18307
6.96571 ; 3.92109 ; 4.94737 ; -5.04123
7.20336 ; 3.33426 ; 4.77133 ; -4.69881
5.87216 ; 3.74557 ; 4.91293 ; -5.00348
6.2209 ; 6.11508 ; 4.8577 ; 5.0882
5.07759 ; 4.99982 ; -2.43568 ; 5.2409
6.02519 ; 5.01352 ; -5.29361 ; -2.89429
6.59929 ; 4.37806 ; 5.18032 ; 4.57047
7.77337 ; 4.65812 ; -0.843869 ; 0.29543
7.36193 ; 6.08598 ; 2.3914 ; 5.05836
6.53925 ; 3.53028 ; 5.21138 ; 2.03087
6.96956 ; 6.21424 ; 4.98522 ; 4.98224
4.65446 ; 5.35905 ; -5.1237 ; 4.90678
6.23469 ; 4.93504 ; -5.08482 ; 5.21457
5.3246 ; 5.40779 ; -5.10129 ; 4.62819
4.68336 ; 5.0441 ; -5.18136 ; -5.12536
6.19627 ; 6.41556 ; 5.28111 ; 3.14876
3.84241 ; 6.58851 ; 3.50626 ; -2.18754
7.17756 ; 6.09683 ; -1.84905 ; 5.08537
4.15635 ; 4.79671 ; -4.90688 ; -4.89532
4.93464 ; 4.61624 ; 4.37052 ; -5.36125
5.4116 ; 6.18624 ; -5.30569 ; -2.35049
4.29626 ; 6.32364 ; -4.82002 ; 4.93431
6.1247 ; 2.87149 ; 5.32921 ; -2.54252
5.09589 ; 3.33908 ; -5.1872 ; -3.9834
4.85471 ; 4.66211 ; -4.60567 ; 4.6408
7.36143 ; 5.40006 ; 1.85779 ; 1.19974
5.38396 ; 5.11203 ; -4.83638 ; 3.37306
4.93975 ; 6.11752 ; -5.03936 ; 5.03092
5.39364 ; 4.58462 ; -5.13803 ; -3.16807
4.56742 ; 3.22221 ; -1.92299 ; 3.19857
6.99461 ; 4.03363 ; 4.97224 ; -5.05601
6.33339 ; 5.23151 ; 5.26869 ; 5.1307
6.0091 ; 5.57935 ; -3.23305 ; 4.53571
7.6863 ; 6.21296 ; 3.95071 ; 4.96238
3.8929 ; 4.76706 ; -3.17935 ; 5.31246
3.62835 ; 4.49118 ; -0.199341 ; -5.31316
5.23545 ; 4.47683 ; -5.31599 ; 1.57427
7.33675 ; 4.45427 ; 0.238331 ; 5.21718
4.91577 ; 4.99834 ; -5.2018 ; 3.82656
3.87926 ; 6.36512 ; -3.46123 ; -0.17146
6.29386 ; 6.78807 ; -5.11987 ; -2.27489
5.89464 ; 5.9319 ; -5.05842 ; 4.49918
6.27248 ; 5.97716 ; -4.81883 ; -0.395146
7.01347 ; 4.27469 ; -0.4757 ; -5.23083
7.30613 ; 3.28611 ; 4.65394 ; -4.6596
5.29317 ; 4.65327 ; -3.14913 ; 5.16442
7.60655 ; 4.50979 ; 3.13409 ; -3.01288
6.37125 ; 6.17322 ; 5.13103 ; 5.07304
4.44662 ; 5.74092 ; -4.36326 ; -5.28994
6.74979 ; 4.48536 ; 5.09464 ; -4.8373
5.01706 ; 4.01287 ; -2.89713 ; -0.272909
6.78022 ; 4.92142 ; -3.46517 ; -5.51661
6.40052 ; 6.25529 ; 5.19541 ; 3.89125
6.63202 ; 4.33202 ; 5.06397 ; 4.8246
7.37388 ; 5.60833 ; 4.28193 ; 5.06278
3.86649 ; 6.89394 ; -0.0811138 ; 1.33153
5.23794 ; 6.20681 ; 5.10141 ; -3.08713
6.60784 ; 6.07983 ; 4.84948 ; 5.04927
4.01484 ; 6.4708 ; -4.64696 ; 4.86127
5.43624 ; 5.85614 ; 0.0357289 ; -5.15533
5.29897 ; 5.00655 ; -5.0909 ; -5.3588
6.46487 ; 3.87512 ; 5.07217 ; -5.03353
4.07811 ; 3.31848 ; -4.75167 ; -4.68692
4.68421 ; 6.36723 ; 4.61169 ; -4.274
5.64064 ; 6.08346 ; 3.95809 ; 5.11054
4.75376 ; 3.48511 ; -4.62627 ; 3.29804
4.41309 ; 5.05171 ; -2.27 ; 5.19656
6.178 ; 5.18478 ; 0.360619 ; -5.29003
5.81095 ; 4.206 ; 5.20029 ; -4.38452
4.89879 ; 4.71568 ; -5.23363 ; 4.30341
4.03419 ; 4.007 ; 3.37492 ; -4.0078
4.30168 ; 6.11314 ; 4.29681 ; 4.35265
5.38635 ; 5.73974 ; -4.86619 ; 5.21058
4.75884 ; 4.70946 ; 0.657227 ; 2.33627
7.75784 ; 3.55999 ; -1.59231 ; 2.41219
6.23759 ; 6.94023 ; 5.25782 ; 1.97473
5.68301 ; 5.17933 ; 4.95876 ; -5.33855
5.93711 ; 5.11131 ; 4.43136 ; -5.20703
5.91267 ; 5.65625 ; -5.31248 ; 2.02655
3.26557 ; 3.79922 ; 0.336765 ; -4.10173
5.65081 ; 4.5346 ; -1.78856 ; 4.90045
6.71892 ; 4.00855 ; 5.06452 ; -5.0146
5.16926 ; 6.87582 ; 4.96859 ; -2.65582
4.61281 ; 4.14741 ; -1.53592 ; 4.91181
4.47851 ; 5.57652 ; -5.05692 ; 4.81902
4.69414 ; 4.21523 ; -3.7559 ; 4.8544
6.07138 ; 5.5512 ; -4.97112 ; 4.91806
6.06481 ; 5.07269 ; 5.30027 ; 3.56071
6.02457 ; 5.22852 ; -4.91329 ; 5.15978
4.57358 ; 4.83381 ; 4.52553 ; -5.11729
6.64514 ; 5.21442 ; 1.66122 ; -5.38482
6.17498 ; 4.13577 ; 5.17309 ; -5.15136
6.39361 ; 4.03148 ; -4.28824 ; -4.47594
3.58469 ; 6.54038 ; -1.78937 ; 2.91805
5.6315 ; 6.45909 ; 3.30062 ; 1.52204
5.59418 ; 6.0278 ; -5.25283 ; -4.94467
6.93338 ; 4.72056 ; 5.01098 ; -4.42948
5.51539 ; 4.14688 ; -5.2532 ; -5.0085
6.26412 ; 5.22789 ; 4.42229 ; 2.03199
5.87911 ; 4.92101 ; 1.31907 ; 4.86572
4.6735 ; 4.84017 ; -5.15755 ; 4.77965
6.38533 ; 4.10238 ; 4.24475 ; -5.14749
6.48839 ; 5.87482 ; 5.15607 ; 5.02032
4.43863 ; 4.79956 ; -4.1114 ; 4.60535
3.84939 ; 3.94275 ; 2.28923 ; 2.2189
5.18151 ; 4.76245 ; 4.73718 ; -5.37845
4.84572 ; 4.52547 ; -3.67547 ; 3.76709
5.20611 ; 4.22484 ; -5.0069 ; -5.08381
6.63046 ; 5.70617 ; -1.21973 ; -4.84642
6.35602 ; 4.71267 ; 5.25283 ; 4.58978
7.19062 ; 6.33704 ; 4.06445 ; 4.94397
6.21393 ; 4.02075 ; 4.57604 ; -5.12146
6.61841 ; 6.49893 ; 3.9726 ; 2.73114
6.45783 ; 5.39587 ; -2.26998 ; -5.0359
5.24969 ; 3.46567 ; -5.22066 ; -4.56084
5.00613 ; 4.31765 ; 5.33838 ; 4.32173
7.08908 ; 3.65768 ; 4.89182 ; -4.89048
5.60764 ; 4.41935 ; -5.27929 ; -5.11553
5.29267 ; 4.01046 ; -4.96452 ; -5.13999
5.81559 ; 7.14311 ; -2.91259 ; 0.194014
5.14295 ; 4.79246 ; -5.22996 ; 4.69429
7.37672 ; 6.43061 ; 1.28984 ; -5.0122
4.94694 ; 6.28945 ; -5.13292 ; 4.99355
5.12457 ; 6.22682 ; -4.89215 ; 5.04903
5.45196 ; 5.43818 ; 4.97749 ; 1.64138
5.89539 ; 4.54896 ; -5.0313 ; -4.8855
6.55939 ; 3.30782 ; 5.09939 ; -4.64235
6.63925 ; 4.01745 ; 5.03236 ; -5.11004
5.18977 ; 5.71105 ; -5.18315 ; 5.13421
6.32947 ; 5.65877 ; 5.27814 ; -3.69083
6.62068 ; 3.95466 ; 5.1049 ; -5.04426
6.35977 ; 4.22578 ; 5.18541 ; -4.64836
3.81295 ; 5.30533 ; 3.19846 ; 4.72988
6.93405 ; 4.2955 ; 5.01031 ; -4.98283
4.11121 ; 3.94378 ; -1.682 ; 4.43604
6.60917 ; 6.65 ; 3.19402 ; 0.897807
6.81111 ; 4.86148 ; 3.70131 ; 3.11814
6.12242 ; 5.71003 ; 5.26429 ; 5.12732
5.02301 ; 5.79468 ; -5.20938 ; 5.15571
6.61312 ; 5.48109 ; 4.95106 ; 4.81686
4.72663 ; 5.70849 ; -4.74566 ; 5.1237
5.30285 ; 5.19371 ; -5.26279 ; -3.54635
6.36734 ; 6.19823 ; 4.96819 ; 5.05996
7.53452 ; 4.22462 ; 2.64858 ; 2.48782
6.78156 ; 6.881 ; 1.16275 ; 3.06009
5.95099 ; 4.74171 ; 4.30001 ; 0.0134814
5.02942 ; 4.49477 ; 4.42678 ; 4.79665
7.01389 ; 7.12789 ; -0.836829 ; -2.50126
6.87613 ; 4.02086 ; 4.98922 ; -5.03609
6.21132 ; 3.80094 ; 3.34599 ; 2.9884
6.10701 ; 5.63015 ; 5.10061 ; 5.18416
7.38429 ; 4.85467 ; 1.99094 ; 5.33515
5.11984 ; 3.59705 ; 2.27007 ; 4.07632
6.19916 ; 4.20287 ; 5.21561 ; -4.90222
6.38269 ; 6.5186 ; 4.08711 ; -1.20168
6.51291 ; 2.90001 ; 5.12684 ; -3.94335
7.54697 ; 3.08133 ; 4.49476 ; -4.457
5.50996 ; 5.27627 ; -5.32964 ; 4.94159
4.55454 ; 4.8478 ; 3.92588 ; 0.968396
6.10831 ; 6.36747 ; 4.71841 ; 4.99435
6.27348 ; 5.29135 ; -4.63542 ; 5.34765
4.93519 ; 5.23291 ; 4.56787 ; 5.35185
5.79518 ; 4.61675 ; -3.98798 ; 5.04677
5.20842 ; 3.87335 ; 5.15738 ; -4.91349
4.87987 ; 4.87566 ; 2.63055 ; -5.13181
6.54782 ; 5.40837 ; 4.91084 ; 4.68816
5.44786 ; 5.63718 ; -5.39161 ; -3.39468
5.05264 ; 5.0094 ; -5.16671 ; -5.26712
5.08425 ; 6.01581 ; -2.46018 ; 5.11073
5.99449 ; 4.15941 ; 5.398 ; 3.2338
4.96979 ; 4.95507 ; 3.2549 ; -5.4681
4.73238 ; 2.61306 ; -3.70703 ; -1.5807
5.82672 ; 5.37853 ; -4.90688 ; -5.33056
6.83883 ; 5.07566 ; 3.09052 ; 5.1827
5.39659 ; 6.72088 ; -5.32742 ; 2.0609
6.76602 ; 4.35459 ; 5.04802 ; -5.11301
4.82104 ; 5.64451 ; -5.23029 ; -4.12066
5.98078 ; 6.60285 ; -0.836874 ; -3.94509
7.68771 ; 5.86988 ; 0.907294 ; 5.14106
4.83856 ; 4.47767 ; -5.04952 ; 4.74059
6.77395 ; 6.37924 ; 5.01921 ; 4.95381
6.40874 ; 6.64346 ; 5.10086 ; 4.83967
4.42484 ; 3.49005 ; -4.95391 ; -4.81635
4.5399 ; 6.60163 ; -5.06677 ; -0.82927
4.66666 ; 3.68664 ; -4.74569 ; -4.95549
3.7231 ; 6.86137 ; -4.46761 ; 4.57676
4.7489 ; 5.82659 ; 4.42672 ; 5.22741
6.15447 ; 5.97503 ; -4.94521 ; 5.07059
5.93972 ; 5.0378 ; 5.10096 ; -5.24046
4.62233 ; 4.34506 ; 4.70454 ; 5.20551
4.83553 ; 5.06115 ; -5.1892 ; -5.19685
3.99749 ; 4.93228 ; -3.8113 ; -4.93547
4.44991 ; 4.90815 ; 4.31626 ; -3.81156
3.81215 ; 7.33029 ; -0.904372 ; 0.179008
6.879 ; 4.94661 ; 2.56847 ; -2.20557
3.54918 ; 3.2044 ; -4.32972 ; -4.50036
8.00022 ; 5.09917 ; 1.55134 ; -4.73334
6.02447 ; 6.61738 ; 5.08431 ; 3.10654
4.88952 ; 4.4931 ; 4.33838 ; -5.33729
5.25273 ; 5.49176 ; 4.43147 ; 4.62943
5.33918 ; 3.88924 ; -5.30143 ; -3.98753
6.70017 ; 4.03568 ; 3.16337 ; -5.10862
5.07617 ; 3.79742 ; -5.13522 ; -5.01327
6.69432 ; 3.64928 ; 5.05588 ; -4.85704
4.94131 ; 2.9045 ; -5.17034 ; 0.263751
6.41307 ; 4.15771 ; -3.48113 ; -5.20619
4.09236 ; 4.31822 ; 2.12846 ; 3.72093
6.36923 ; 4.00924 ; -4.44948 ; -2.12193
3.92823 ; 3.29066 ; 3.73624 ; -2.94489
5.45282 ; 5.17475 ; -5.30657 ; -4.54096
6.00974 ; 5.99097 ; -5.02464 ; 4.82051
5.50836 ; 4.26772 ; -4.84912 ; 4.42974
6.38494 ; 3.69997 ; 4.4913 ; 3.80385
5.52599 ; 5.69693 ; -5.20592 ; 5.18226
5.65576 ; 5.06411 ; -4.67706 ; -4.82524
4.0773 ; 3.876 ; -4.82732 ; -4.8063
5.26078 ; 5.08128 ; 4.12175 ; 5.36221
4.02623 ; 3.6806 ; -4.70683 ; -4.89933
4.765 ; 5.64885 ; 1.62428 ; 3.09964
5.97803 ; 4.48722 ; -4.82641 ; -4.80387
5.46616 ; 4.99258 ; -4.89956 ; -3.29374
3.89608 ; 5.28643 ; -3.7285 ; -4.97973
4.53289 ; 4.51162 ; 1.82926 ; -5.34245
4.23922 ; 3.76172 ; -4.9085 ; -4.8741
5.10526 ; 6.47625 ; -5.2767 ; 1.93932
4.99267 ; 6.06414 ; -5.16968 ; 4.64632
4.8525 ; 5.27298 ; -5.1705 ; 4.91893
5.23142 ; 3.93288 ; -2.05239 ; -1.30791
7.15229 ; 6.62327 ; -3.0466 ; 2.69703
5.49803 ; 4.65951 ; -4.99624 ; -5.35085
7.45428 ; 4.75534 ; 0.0541296 ; 1.23864
6.52536 ; 5.89849 ; 4.63584 ; -3.95101
6.96754 ; 3.68408 ; -4.43235 ; -3.91468
7.22433 ; 3.49052 ; 4.67401 ; -4.80661
5.08822 ; 4.83702 ; 4.51063 ; 5.24451
6.54696 ; 4.70631 ; 5.22034 ; 4.58601
5.10707 ; 4.16796 ; -4.6252 ; 4.83517
7.92814 ; 3.25224 ; 1.60643 ; -1.05498
6.63354 ; 5.58 ; -3.06614 ; 5.28904
4.63805 ; 3.7286 ; 4.94074 ; 2.01725
4.42975 ; 4.00679 ; -5.02024 ; -5.02844
5.44442 ; 4.17814 ; -5.36238 ; 4.32878
5.17212 ; 4.83271 ; -4.73283 ; -5.34497
4.55151 ; 4.13622 ; -5.00344 ; -5.1507
5.95325 ; 6.66581 ; 2.05761 ; 2.744
6.96395 ; 4.59367 ; 4.94515 ; -5.17411
5.83031 ; 5.95704 ; 5.05676 ; 4.7543
4.79842 ; 6.10179 ; -0.315276 ; -4.91192
4.15163 ; 3.46627 ; -4.81697 ; -4.77571
4.44377 ; 4.15596 ; -4.23508 ; -3.35764
3.76921 ; 4.35987 ; -1.75849 ; 4.17397
5.22624 ; 6.45726 ; -5.14297 ; 4.90667
4.87224 ; 4.45442 ; 4.75953 ; -5.12658
6.67437 ; 3.66579 ; 5.02583 ; -4.94542
7.63816 ; 6.06229 ; -0.813555 ; 3.70817
7.15076 ; 5.65659 ; 4.07982 ; -2.71328
6.44219 ; 6.39421 ; -4.29729 ; -4.29738
6.02225 ; 4.25197 ; -4.68152 ; -5.23664
7.32106 ; 3.07174 ; 4.68062 ; -4.47275
7.42681 ; 7.00174 ; 4.61312 ; 4.49166
4.21531 ; 5.64491 ; -4.71693 ; 5.16051
4.28153 ; 5.65978 ; -4.16663 ; 5.16688
5.13095 ; 5.20701 ; 5.10928 ; 3.46183
6.60381 ; 5.53677 ; 5.08731 ; 5.16185
7.06359 ; 3.82401 ; 4.91745 ; -4.97607
4.04802 ; 3.39902 ; -1.62177 ; 2.69396
4.79738 ; 4.57419 ; -5.18902 ; -5.00078
6.05982 ; 5.45303 ; 1.99677 ; 5.08737
3.98986 ; 3.44556 ; -4.7149 ; -4.75729
6.28512 ; 4.93464 ; -4.39827 ; -5.489
5.26791 ; 5.03347 ; -2.07483 ; -5.3932
4.89769 ; 5.8382 ; -5.18244 ; 4.8334
4.55305 ; 4.46164 ; 5.10928 ; 2.6282
5.93824 ; 6.30373 ; 4.79038 ; 5.02518
6.61048 ; 3.6232 ; 4.98159 ; -4.92398
6.51006 ; 5.19681 ; 5.21733 ; 5.09733
5.04637 ; 6.67617 ; -5.18162 ; 3.73416
5.93345 ; 5.78937 ; -4.36887 ; 3.97453
5.87365 ; 4.54783 ; 5.28428 ; 2.84194
6.5708 ; 5.08931 ; -4.63094 ; -5.44017
4.36215 ; 5.09921 ; -4.34196 ; -5.28073
5.63831 ; 5.92199 ; -5.43843 ; -4.39935
5.29862 ; 5.28477 ; 1.87361 ; -5.31564
5.06972 ; 4.77884 ; 5.26929 ; 2.83861
5.01133 ; 3.58382 ; -4.78127 ; 3.34181
6.16876 ; 5.10667 ; -1.65972 ; 5.10067
5.2691 ; 5.58111 ; -3.25557 ; -1.94247
6.00837 ; 3.69202 ; -1.32494 ; 3.67293
7.21848 ; 4.547 ; 2.9261 ; -5.26639
6.16823 ; 4.88559 ; -5.235 ; -0.591323
7.34478 ; 4.7256 ; 2.17487 ; -5.40363
4.23745 ; 3.1536 ; 4.70495 ; -0.979953
