6.72786 ; 7.09396 ; 3.48884 ; -2.17436
6.37736 ; 3.40888 ; 5.08938 ; -1.63278
6.44187 ; 4.47191 ; 4.87023 ; -2.33873
3.49092 ; 3.22992 ; -4.20765 ; -4.46931
6.70742 ; 7.31105 ; 0.365855 ; 2.84882
3.76706 ; 2.90697 ; -4.41027 ; -4.22284
7.22274 ; 6.03274 ; 3.65419 ; 2.09031
7.0255 ; 2.59755 ; 2.95493 ; -0.889194
5.2247 ; 3.22506 ; 5.06683 ; -3.35122
6.4895 ; 6.2453 ; 5.00165 ; 4.87013
6.36174 ; 6.72887 ; 5.08451 ; -0.458909
3.856 ; 6.73169 ; 1.08181 ; 2.90232
5.61881 ; 5.83527 ; -5.1948 ; -3.76244
6.82978 ; 3.70177 ; -3.71319 ; -4.52935
4.74815 ; 5.01329 ; 3.81158 ; -4.18827
4.20233 ; 5.86158 ; 2.56236 ; 4.95678
4.93986 ; 5.35697 ; -4.91635 ; -4.55202
7.1617 ; 5.25558 ; 4.81917 ; 4.17347
6.64493 ; 5.91179 ; 1.21943 ; -0.0396514
6.92541 ; 5.84868 ; -2.99403 ; 3.61159
7.48209 ; 6.97763 ; 4.48631 ; 4.42821
3.78779 ; 6.46004 ; -4.55558 ; 4.66202
6.58152 ; 6.27606 ; 4.25887 ; 4.89374
3.40875 ; 6.21583 ; 1.05944 ; 3.03661
5.64607 ; 5.8595 ; -4.08652 ; 5.04499
5.20041 ; 3.21987 ; 4.97637 ; -1.6922
6.77149 ; 3.65997 ; -0.526277 ; -4.16617
8.00259 ; 4.19477 ; 0.51491 ; -2.32914
3.41058 ; 2.85823 ; -4.09986 ; -4.14037
4.50321 ; 6.86459 ; 0.895739 ; -2.9708
6.18525 ; 6.11033 ; 5.0986 ; 3.18401
6.91329 ; 4.56452 ; 1.27291 ; -5.13491
6.23107 ; 5.88741 ; 5.08759 ; 4.87045
7.34797 ; 4.06856 ; 4.65693 ; 1.7999
5.59043 ; 5.13057 ; -5.1838 ; -4.8167
6.76878 ; 3.95568 ; 4.92768 ; -4.95199
6.02645 ; 5.32964 ; -3.94775 ; -5.13942
5.13189 ; 4.19391 ; -4.69406 ; -5.06743
4.83538 ; 6.61358 ; -4.81516 ; 4.75499
6.35638 ; 3.57539 ; -5.01515 ; 1.29775
4.87067 ; 2.80999 ; -1.72503 ; -0.756754
4.97621 ; 6.73016 ; -2.80117 ; 4.67483
3.52895 ; 3.21994 ; -0.0583395 ; -2.1073
4.12219 ; 4.66692 ; -2.77877 ; -4.95932
4.46339 ; 6.36564 ; -4.90152 ; 0.707182
5.03766 ; 4.29616 ; -3.60836 ; -4.83597
7.58868 ; 3.69302 ; 4.52041 ; -4.68362
4.85936 ; 4.40063 ; -4.84386 ; -2.47236
5.54755 ; 5.27899 ; -5.02302 ; -3.45756
7.4585 ; 3.02741 ; 4.51539 ; -4.36889
5.16957 ; 4.7256 ; -4.93107 ; -5.18423
7.56429 ; 3.20473 ; 4.46702 ; -4.507
4.39115 ; 4.0472 ; -4.74054 ; -4.96187
3.87957 ; 6.65757 ; -4.58474 ; 4.50147
6.90653 ; 6.08533 ; -0.507276 ; -2.89152
5.13585 ; 7.08408 ; -5.03019 ; 2.38663
6.88726 ; 3.38025 ; 4.88685 ; -3.62504
5.08997 ; 6.50837 ; -4.97818 ; 4.71834
7.07238 ; 3.36321 ; 4.7902 ; -4.56928
6.29488 ; 5.85488 ; 5.0772 ; 5.02934
7.66437 ; 3.53389 ; -1.78997 ; -3.0502
4.01391 ; 3.6765 ; -4.56513 ; -4.76273
4.86252 ; 6.56259 ; -4.87626 ; 4.77546
5.03741 ; 4.12813 ; 4.8137 ; -4.02329
7.78297 ; 7.50716 ; 4.15722 ; 3.88548
6.24463 ; 6.86563 ; -3.33758 ; 4.56463
6.54804 ; 4.64498 ; 5.06908 ; -4.93744
6.41762 ; 3.66507 ; 4.04078 ; -4.85174
5.2563 ; 4.03989 ; -4.94575 ; -5.06307
4.5628 ; 6.1982 ; -4.96911 ; -0.876069
4.88047 ; 4.14624 ; 4.72007 ; -4.19479
6.70436 ; 4.7666 ; -2.91946 ; -5.3108
6.7731 ; 3.84677 ; 4.8769 ; -4.92835
6.46337 ; 6.47465 ; -4.39813 ; -2.53064
4.83525 ; 5.07895 ; -5.03168 ; 2.85732
7.28654 ; 6.89726 ; 4.52405 ; 4.53561
7.03423 ; 4.72187 ; 4.86248 ; -4.86183
6.12971 ; 4.6423 ; 5.10907 ; -3.83802
6.67192 ; 4.14894 ; 2.58467 ; -5.04374
7.10315 ; 5.20455 ; 2.90888 ; 5.09947
7.10301 ; 5.99826 ; 4.80462 ; -1.88732
6.68402 ; 6.76372 ; 4.75081 ; 4.29048
5.14979 ; 6.01414 ; -5.01776 ; 4.05799
4.55201 ; 3.75834 ; -4.90695 ; -4.8982
6.99158 ; 6.07624 ; 4.8685 ; 4.5232
5.00726 ; 4.74154 ; 3.1911 ; -5.20504
5.95075 ; 6.56723 ; 5.14731 ; 4.2345
5.86888 ; 5.45823 ; 3.40535 ; 1.63513
5.65985 ; 6.8362 ; 5.04879 ; -0.226781
3.97075 ; 6.80756 ; -4.57342 ; 4.47079
4.9097 ; 6.81641 ; -4.91397 ; 4.62296
5.42247 ; 5.49815 ; -0.681691 ; -4.92196
6.79703 ; 4.5113 ; 3.24349 ; -4.04731
7.51921 ; 3.74879 ; 2.55272 ; -4.84715
4.06608 ; 3.0965 ; 0.513947 ; -3.51476
7.45956 ; 6.8686 ; 4.5537 ; 4.40995
6.23809 ; 3.92034 ; -5.12202 ; 3.55168
5.15246 ; 3.61133 ; -4.64017 ; -1.19036
4.40966 ; 3.84638 ; 2.74136 ; -4.8767
7.27784 ; 6.02312 ; 4.49191 ; 4.6743
4.36019 ; 6.8677 ; -4.80004 ; 4.52295
6.4539 ; 3.58995 ; 4.98474 ; -4.77547
5.20539 ; 4.20337 ; 1.6268 ; -2.71484
6.19947 ; 4.28123 ; 5.19206 ; 1.72858
4.96033 ; 4.28293 ; -5.10927 ; 4.16258
4.4254 ; 3.35793 ; -4.76887 ; -4.69464
5.50566 ; 6.72374 ; 2.44215 ; 0.898286
4.01816 ; 5.03038 ; -4.12661 ; 4.94333
6.34966 ; 4.64802 ; 1.31421 ; 4.62764
6.76457 ; 4.36186 ; 4.95743 ; 4.30698
5.91926 ; 5.26341 ; 5.1546 ; 0.613491
6.41902 ; 5.20154 ; -3.722 ; 4.99422
7.19207 ; 5.4211 ; 4.80262 ; 4.84884
6.5887 ; 4.77212 ; 3.38675 ; -5.21039
6.92893 ; 6.2416 ; -2.78386 ; 4.81704
6.37457 ; 5.49254 ; 5.10267 ; 5.00549
6.87474 ; 3.5212 ; 4.82996 ; -4.77806
4.13882 ; 5.28219 ; -3.77706 ; -5.223
6.77373 ; 2.81663 ; 3.856 ; 1.17077
4.26012 ; 4.89916 ; -4.75547 ; 4.63237
6.23251 ; 6.61952 ; 4.62847 ; 4.76576
6.12838 ; 5.16044 ; -4.89656 ; 4.46289
3.99773 ; 4.43407 ; 2.25834 ; 4.18467
6.46448 ; 7.3794 ; -1.94699 ; 0.245584
6.04341 ; 4.19478 ; -4.89531 ; 4.52548
4.47812 ; 3.89731 ; -4.21612 ; 1.2948
6.9714 ; 5.8576 ; 2.94184 ; 4.18246
3.66001 ; 3.17737 ; -4.38148 ; -4.47478
5.00848 ; 3.04277 ; -5.14464 ; -1.22913
5.29047 ; 6.69937 ; -4.95833 ; 2.72013
6.85571 ; 3.51183 ; 4.89821 ; -4.50339
7.3151 ; 3.51591 ; 3.20109 ; 3.16461
4.37234 ; 6.92476 ; -4.80863 ; 4.46381
3.65046 ; 5.7959 ; -2.81039 ; 5.03102
5.26375 ; 3.93955 ; 3.96747 ; -3.01399
4.66664 ; 5.09251 ; 3.05694 ; -5.37265
4.33919 ; 6.14956 ; -4.86758 ; 4.84321
6.29523 ; 6.54393 ; 4.54883 ; 4.79351
6.80978 ; 6.32967 ; 4.73886 ; 4.86006
7.95758 ; 6.21631 ; 3.65852 ; 4.77864
6.70002 ; 5.03058 ; 4.91559 ; -5.00678
7.8536 ; 6.60416 ; 3.25158 ; 4.63692
5.34665 ; 5.44787 ; 4.86592 ; 5.13345
6.67431 ; 3.74456 ; 2.80985 ; 3.30719
7.35923 ; 4.20352 ; 3.85682 ; -5.04165
7.18198 ; 5.70666 ; 4.7725 ; -1.44004
6.31575 ; 6.37323 ; -2.94002 ; 4.83767
4.48082 ; 5.59616 ; -4.91105 ; 4.9792
4.22328 ; 2.83557 ; -4.72209 ; -3.07112
3.36565 ; 3.26774 ; -4.14857 ; -4.45901
6.0022 ; 5.43996 ; -4.52063 ; -5.23204
6.0948 ; 6.07633 ; 3.52475 ; -4.68321
3.73688 ; 2.88424 ; -4.3823 ; -4.23251
4.24104 ; 5.43377 ; 1.05289 ; -0.682813
7.01789 ; 6.15388 ; 4.83618 ; 4.72291
7.35696 ; 5.58388 ; 4.07249 ; 4.55574
4.14567 ; 4.16796 ; -1.98088 ; -1.1052
5.89482 ; 4.90371 ; 4.57253 ; -4.94984
7.67057 ; 3.60153 ; 4.44686 ; -4.56368
4.23083 ; 5.05593 ; -4.7995 ; -5.04947
7.1043 ; 7.04759 ; 4.68584 ; 4.45667
4.94394 ; 4.26666 ; -5.0902 ; 0.383487
7.00161 ; 6.47714 ; 3.22076 ; -3.0227
6.00958 ; 5.87003 ; 5.05456 ; 5.05934
5.78485 ; 6.22918 ; 4.3218 ; 4.88673
7.17432 ; 5.45643 ; -1.34479 ; 1.20527
3.68381 ; 2.84543 ; -1.4116 ; 1.70437
5.17273 ; 6.79033 ; -4.61364 ; 4.66122
7.46494 ; 7.53343 ; 3.07062 ; 1.53142
3.33319 ; 3.10169 ; 0.366182 ; -1.56705
3.86276 ; 6.31548 ; 0.35009 ; 4.84369
7.4133 ; 6.93347 ; 4.58127 ; 4.45068
5.92369 ; 4.0519 ; 4.50189 ; -4.93037
5.41067 ; 5.3104 ; 4.07557 ; -3.06303
6.88474 ; 6.36405 ; 4.55503 ; 4.5927
5.68796 ; 4.94666 ; -2.3269 ; -4.74423
5.95855 ; 4.49709 ; -4.33252 ; -5.23513
3.89495 ; 6.52817 ; -4.59221 ; 4.65418
6.01558 ; 4.33608 ; -4.69824 ; -2.40673
6.25193 ; 3.76706 ; -1.84578 ; 3.09256
4.41302 ; 5.56339 ; -2.39675 ; 4.39473
4.53794 ; 2.82483 ; -4.90546 ; -3.19618
6.23661 ; 4.76855 ; 5.05387 ; -5.13907
7.25594 ; 3.75281 ; 4.73361 ; -4.82959
6.66171 ; 4.60087 ; 4.51215 ; -4.9213
5.48744 ; 4.77469 ; -4.53279 ; 0.736805
4.62912 ; 4.95874 ; -4.84705 ; -5.10471
4.2747 ; 5.83477 ; -3.85757 ; 4.94598
4.50371 ; 4.09293 ; -4.89296 ; -4.9821
6.03203 ; 3.67289 ; 4.7266 ; -4.88916
3.91952 ; 6.45524 ; 0.531333 ; 4.77123
5.65502 ; 5.69014 ; 3.50393 ; 3.9819
4.47033 ; 4.36744 ; -4.95678 ; -4.8142
6.57258 ; 4.80092 ; 5.00365 ; -5.09896
4.74629 ; 6.53179 ; -5.0273 ; -2.89406
6.13228 ; 4.5525 ; -4.05927 ; -5.25643
7.52031 ; 3.18348 ; 4.50804 ; -4.43796
7.06847 ; 3.39865 ; 4.79658 ; -1.40212
3.65631 ; 6.54902 ; -4.41049 ; 4.66739
3.59909 ; 3.79501 ; -4.43158 ; -4.76118
8.22368 ; 2.44313 ; 3.57719 ; -3.51164
3.90701 ; 7.15404 ; -4.53078 ; 4.31526
4.62806 ; 7.01107 ; -4.38832 ; -2.21431
5.03824 ; 6.29211 ; 4.55006 ; 4.89933
3.74846 ; 3.11692 ; -4.44207 ; -4.4463
4.04837 ; 4.14977 ; -4.54099 ; -5.01753
3.49038 ; 7.32698 ; -4.16759 ; 4.05804
4.78023 ; 6.35807 ; -4.31406 ; 4.81565
7.60853 ; 6.85337 ; 0.869508 ; 3.1989
6.27915 ; 7.05934 ; -4.22396 ; 0.342408
6.94972 ; 3.11071 ; 4.77553 ; -4.50068
5.668 ; 5.85093 ; 3.16885 ; -3.51645
5.52836 ; 3.08934 ; 4.86723 ; -4.02469
6.40961 ; 5.40242 ; 4.90456 ; -4.60028
5.43104 ; 3.0938 ; -3.44559 ; -2.63986
6.37201 ; 4.10588 ; -4.84263 ; -3.99303
4.89113 ; 3.23637 ; -4.94493 ; -4.60665
4.40339 ; 6.96949 ; -4.75063 ; 4.52062
3.89924 ; 3.36006 ; -4.58308 ; -4.63509
4.60268 ; 4.16314 ; -4.56003 ; -5.02063
4.01796 ; 3.55239 ; -4.67758 ; -4.75658
4.89679 ; 6.24594 ; 4.30625 ; 4.91959
7.70258 ; 3.37672 ; 4.38516 ; -4.57776
5.23092 ; 4.44238 ; 4.58068 ; -5.2045
6.71206 ; 5.51515 ; 4.99587 ; 4.30306
6.19212 ; 3.83203 ; 4.95519 ; -4.95968
4.98366 ; 3.61079 ; 3.46643 ; -4.82733
4.90458 ; 5.59179 ; -5.06002 ; 4.88647
6.48608 ; 4.07069 ; 5.02851 ; -3.72879
5.32581 ; 6.47389 ; 3.85699 ; 4.82948
7.4117 ; 4.27978 ; -2.09254 ; 4.90753
4.96229 ; 4.05167 ; -5.11915 ; 1.78239
5.47819 ; 4.50272 ; -5.09609 ; 4.27379
5.2948 ; 3.91339 ; 3.02494 ; -4.71881
5.33965 ; 4.40982 ; -5.1941 ; 3.26396
5.84564 ; 4.6606 ; -4.96518 ; 2.90171
3.74846 ; 6.7775 ; -4.47323 ; 4.54459
6.29943 ; 6.40442 ; -3.54755 ; 4.85445
6.23525 ; 6.1664 ; -2.12765 ; 4.90673
4.78712 ; 3.27928 ; -4.53182 ; -4.65365
7.88428 ; 2.91979 ; 4.1304 ; -4.21116
3.83847 ; 6.23865 ; -3.37951 ; 2.24736
7.1496 ; 6.64943 ; 4.7574 ; 4.41384
7.35292 ; 4.48921 ; 0.117411 ; 4.53701
6.12144 ; 3.87892 ; -1.29212 ; -4.96452
4.87084 ; 6.27522 ; -4.87467 ; 4.42068
7.73085 ; 4.03076 ; 2.1034 ; 4.7707
4.09605 ; 6.27419 ; -4.73684 ; 4.81421
7.74795 ; 2.76195 ; 4.24048 ; -4.0406
5.56416 ; 6.0538 ; -3.95009 ; 0.0883505
5.48746 ; 5.12651 ; 4.46966 ; 5.12603
6.1 ; 5.76754 ; -2.39982 ; 5.07337
4.05418 ; 6.01588 ; -4.71375 ; 4.88578
4.37561 ; 5.4615 ; 0.967795 ; 4.23037
6.93 ; 5.47089 ; -1.73252 ; 5.0213
7.95741 ; 5.74159 ; 2.31777 ; 4.48196
3.6971 ; 7.07905 ; -4.40268 ; 4.17948
5.84437 ; 5.9293 ; -5.10341 ; -1.65951
5.01806 ; 4.59222 ; -5.05853 ; 4.26454
4.45534 ; 3.50394 ; -4.91057 ; 0.79169
5.77909 ; 6.52648 ; 4.48799 ; 4.80099
5.71639 ; 5.25527 ; 5.08452 ; 0.118963
6.78977 ; 3.53136 ; 4.89399 ; -4.70861
3.96625 ; 5.92212 ; -4.67341 ; 4.87696
7.45882 ; 6.44876 ; 4.61443 ; 4.63331
6.01319 ; 6.06782 ; 5.00657 ; 4.99772
5.97365 ; 6.4608 ; 4.02367 ; 4.82371
7.61383 ; 3.18802 ; 4.41397 ; -4.47478
3.48847 ; 2.63017 ; -4.11442 ; -3.87344
4.10834 ; 4.61234 ; -3.36227 ; -5.1567
5.62606 ; 5.03983 ; 3.06644 ; -5.26026
6.86855 ; 4.94029 ; -3.5888 ; -4.83072
4.04985 ; 6.88424 ; -4.35245 ; 4.53986
7.19813 ; 3.01703 ; 4.66335 ; -4.40149
4.32936 ; 5.94211 ; 3.10134 ; 4.81123
5.35424 ; 5.97926 ; -4.99792 ; 5.01772
6.8147 ; 4.00516 ; -2.83232 ; -5.04946
6.63509 ; 5.50034 ; -0.349796 ; -3.92604
4.65587 ; 3.35332 ; -4.30036 ; 1.03612
6.80728 ; 5.08625 ; 1.09822 ; -4.93285
6.17103 ; 5.89409 ; 4.27146 ; 2.71463
3.34248 ; 2.73844 ; -3.98207 ; -3.99787
4.83743 ; 3.44819 ; -4.88086 ; -4.76826
7.73398 ; 7.1618 ; 1.2641 ; 1.72532
6.95605 ; 4.25739 ; 4.88874 ; -4.20064
5.70941 ; 4.66108 ; -4.59672 ; -3.69893
6.32632 ; 4.26182 ; 5.01486 ; -3.89711
3.79212 ; 5.8896 ; 1.34056 ; 4.82142
4.22126 ; 2.66997 ; -3.45549 ; -2.07985
4.77104 ; 4.52469 ; -4.29997 ; 3.48797
6.65199 ; 5.00215 ; 5.00895 ; 0.895695
4.14164 ; 4.28028 ; 0.561514 ; -5.13877
7.54531 ; 2.71449 ; 4.40576 ; -3.905
7.81368 ; 2.90094 ; 4.2041 ; -4.20848
3.76328 ; 3.39204 ; -4.49621 ; -4.61148
6.83299 ; 6.17904 ; 3.75626 ; 4.91665
6.19777 ; 4.0974 ; -3.30148 ; -2.59075
3.68318 ; 3.00876 ; -4.36895 ; -4.34161
7.25306 ; 6.44771 ; 3.60994 ; 4.76548
3.9778 ; 7.37327 ; 1.2102 ; -0.0658149
7.97515 ; 7.25051 ; 4.02052 ; 4.10176
4.52565 ; 6.09713 ; -4.39766 ; 4.55559
4.02148 ; 4.82914 ; -4.71796 ; -0.897819
5.07911 ; 6.23533 ; -1.26322 ; -3.45702
6.99117 ; 3.25705 ; 4.78307 ; -4.599
7.04634 ; 4.48987 ; 1.61417 ; 4.6103
6.78313 ; 4.02213 ; 4.59446 ; -4.98921
4.03829 ; 7.1886 ; -4.58827 ; 4.3038
5.48479 ; 3.4008 ; 4.94397 ; -4.64842
7.56897 ; 5.26818 ; 4.56115 ; 4.29997
4.61147 ; 6.446 ; -4.96906 ; 1.89591
4.84707 ; 3.5105 ; -1.50638 ; -4.76129
7.55567 ; 5.97073 ; 1.84212 ; 4.98895
4.70677 ; 4.42762 ; 4.58131 ; 0.0992836
4.79977 ; 5.94912 ; -4.97023 ; 1.74421
5.53419 ; 4.85491 ; -3.24784 ; -4.61767
6.77535 ; 6.83396 ; 0.764736 ; -0.393262
6.88685 ; 2.53481 ; 4.82877 ; -1.14403
3.85145 ; 3.61826 ; -1.82375 ; 3.80843
5.47209 ; 5.51288 ; 4.97517 ; 5.10468
3.47334 ; 6.68014 ; 1.24303 ; -0.333753
7.66279 ; 7.15463 ; 4.35976 ; 4.25597
3.72958 ; 6.81103 ; -4.47367 ; 4.49504
4.35541 ; 5.75318 ; -4.83522 ; 4.95982
7.44659 ; 2.90056 ; 4.51173 ; -4.10765
6.15197 ; 3.26469 ; -4.88834 ; -2.65007
3.56822 ; 4.25087 ; -0.900505 ; 4.12491
5.3853 ; 6.56955 ; -4.77652 ; 2.73851
4.42419 ; 4.45716 ; -4.90463 ; -1.01233
5.48523 ; 7.07273 ; -4.82361 ; 0.00923872
4.21528 ; 6.50043 ; -4.79376 ; 4.48069
7.13646 ; 4.04749 ; 4.43192 ; -4.98798
4.38497 ; 3.29652 ; -4.76343 ; -4.61963
3.416 ; 5.38445 ; -0.595738 ; 5.0329
5.39919 ; 4.23584 ; -5.2021 ; 1.61963
4.87892 ; 6.22242 ; 1.03779 ; 4.40443
4.73463 ; 3.31707 ; 3.85537 ; -0.670285
4.98191 ; 6.74276 ; -5.15865 ; -1.44542
7.30784 ; 3.38344 ; 4.66118 ; -4.65012
3.94617 ; 3.54962 ; -4.65062 ; -4.69891
5.11138 ; 4.96769 ; 4.19209 ; 4.54861
6.05528 ; 3.32413 ; 4.92842 ; -4.2625
6.81612 ; 3.69375 ; 4.85021 ; -4.81423
6.02589 ; 5.54246 ; -3.34588 ; 5.10989
7.37804 ; 5.48966 ; 3.78721 ; -4.15063
6.17063 ; 5.91363 ; 5.20241 ; -3.08586
7.21766 ; 6.10829 ; -1.42045 ; 4.89247
4.2982 ; 3.27522 ; -4.74719 ; -4.63291
4.13418 ; 2.99112 ; -4.67686 ; -4.32261
6.10273 ; 6.7284 ; 4.8604 ; 4.70206
3.53135 ; 7.17964 ; -4.21366 ; 4.20056
7.71277 ; 7.1765 ; 4.26592 ; 4.24485
7.17804 ; 6.45979 ; 1.54768 ; -4.49562
6.38245 ; 6.09526 ; -5.02053 ; -4.16398
4.19418 ; 3.93567 ; -4.45761 ; 3.7343
5.15034 ; 6.42401 ; 4.55276 ; 4.74351
6.79472 ; 3.8641 ; 4.87347 ; -4.87045
7.09739 ; 5.78933 ; 3.22939 ; 4.95395
6.85979 ; 3.58501 ; 4.7206 ; -4.80293
6.49609 ; 6.61321 ; 3.85429 ; -2.33123
5.61621 ; 4.13001 ; 3.94302 ; -1.31166
6.47191 ; 6.35452 ; -5.02118 ; -3.12057
4.83899 ; 4.81634 ; -5.10536 ; 4.6148
6.49964 ; 4.14849 ; 5.03743 ; -4.85058
4.64699 ; 6.06099 ; -4.78665 ; 4.8203
6.4086 ; 2.98251 ; 5.08444 ; -2.31317
3.93858 ; 4.52412 ; -4.69698 ; -4.75642
4.11126 ; 3.70253 ; -4.71612 ; -4.80648
5.10394 ; 5.25595 ; -5.06866 ; 4.22773
4.3785 ; 3.79045 ; -3.52104 ; -4.88884
4.4286 ; 6.48202 ; -4.89113 ; 4.04863
3.55995 ; 3.31997 ; -4.33252 ; -4.52024
3.84962 ; 6.25955 ; 0.732327 ; 4.88274
6.94427 ; 6.64354 ; -0.587957 ; -3.27713
5.38016 ; 4.09814 ; 1.96119 ; 4.44348
6.11658 ; 3.48961 ; -4.71711 ; -4.70199
4.64171 ; 4.99919 ; -4.83133 ; 4.65874
7.75275 ; 3.13716 ; 4.30907 ; -4.42451
5.36155 ; 3.40877 ; -4.55518 ; -3.43263
6.01903 ; 3.81163 ; -4.50844 ; 2.94618
5.04459 ; 6.61498 ; -4.97202 ; 4.63454
4.67774 ; 7.44098 ; -4.54719 ; 1.56471
4.50702 ; 5.40306 ; -4.9809 ; -4.37084
4.40779 ; 3.04007 ; -4.42637 ; -0.50125
5.42345 ; 4.07725 ; -4.5665 ; -4.68851
6.97025 ; 6.04042 ; 4.901 ; 4.84728
7.22092 ; 3.73855 ; 4.75085 ; -4.77941
7.17769 ; 6.31309 ; 4.74586 ; 4.79631
3.92489 ; 6.41006 ; 0.696332 ; 4.80393
7.50058 ; 4.72916 ; 1.40343 ; -4.83297
7.17416 ; 5.6124 ; 4.81366 ; 4.92183
4.71278 ; 6.85283 ; -4.88831 ; 4.58973
5.64763 ; 4.04875 ; 4.75595 ; -5.06193
6.49708 ; 6.42648 ; -4.29614 ; 4.73271
5.60662 ; 4.52411 ; -4.61349 ; -4.7101
6.5451 ; 6.10172 ; 5.04593 ; 4.82732
4.75591 ; 6.4375 ; 2.99442 ; -3.25039
5.09529 ; 3.32731 ; 5.14388 ; -1.62316
7.7378 ; 6.64076 ; 2.74807 ; 3.09507
7.66853 ; 6.52325 ; 2.6741 ; 4.6978
3.84527 ; 3.75198 ; -4.60326 ; -4.80956
4.55578 ; 6.63678 ; -4.89887 ; 3.5851
5.71246 ; 4.84377 ; 4.92097 ; 5.00565
4.67313 ; 5.50181 ; -5.01342 ; -0.254079
6.12653 ; 6.96383 ; -4.88955 ; 3.2462
4.4504 ; 5.30698 ; -4.95646 ; -4.77826
6.75792 ; 4.33084 ; 4.97397 ; -5.05536
3.79196 ; 6.68974 ; -4.47541 ; 4.58885
5.37137 ; 5.05422 ; -5.03041 ; -4.65856
4.46113 ; 6.08058 ; -4.90161 ; 3.50451
6.34289 ; 3.42141 ; -1.05103 ; -3.7229
7.44617 ; 3.76639 ; 1.69528 ; 3.95842
5.15873 ; 3.70806 ; -3.15454 ; -4.88178
7.62585 ; 3.77187 ; 4.05531 ; -4.82672
5.8139 ; 5.01633 ; 5.14311 ; -5.21935
7.38042 ; 5.85814 ; 3.06669 ; 1.69089
6.31927 ; 6.15637 ; 5.08803 ; 4.83885
6.67447 ; 3.62013 ; 5.0434 ; 2.59135
7.55737 ; 3.0971 ; 4.44383 ; -4.42586
4.25832 ; 3.57344 ; -4.68549 ; -4.78743
5.88052 ; 4.1547 ; 5.07858 ; -2.70527
4.46142 ; 4.75533 ; -4.92867 ; -0.81944
4.16049 ; 6.52671 ; -1.886 ; -2.38409
7.06745 ; 5.68156 ; 4.45409 ; -3.74635
5.93091 ; 4.85833 ; 3.3621 ; 4.81785
7.26434 ; 4.05694 ; 4.73885 ; -4.46639
4.93725 ; 4.79762 ; -4.9372 ; -5.12095
5.92226 ; 6.66861 ; -3.4102 ; 4.71134
4.83263 ; 4.98364 ; -5.02509 ; -4.46255
5.79478 ; 6.84986 ; 5.10067 ; 4.17511
7.08992 ; 7.05481 ; 4.76433 ; 3.86985
4.97079 ; 7.41175 ; -4.42365 ; 1.35944
4.96528 ; 7.35815 ; -4.9555 ; 0.902405
5.2395 ; 6.83572 ; 3.14246 ; 2.71655
7.28452 ; 3.93874 ; 4.72139 ; -4.76329
5.25664 ; 3.69023 ; -5.1468 ; 3.13942
5.55289 ; 5.64329 ; 4.03107 ; 5.11143
5.25652 ; 6.57346 ; -5.0011 ; 4.52504
7.49084 ; 3.55252 ; 4.52646 ; -4.70562
6.82015 ; 6.73595 ; 4.92637 ; 2.59391
6.38972 ; 2.9031 ; -4.81596 ; -1.1379
4.91327 ; 6.15419 ; -5.11179 ; -1.75063
5.31261 ; 3.3255 ; -3.58762 ; -1.04337
6.76417 ; 6.06282 ; 4.97153 ; 4.834
6.0714 ; 3.59312 ; -4.83793 ; 3.26348
4.88837 ; 6.21328 ; -3.13021 ; 4.53363
7.45257 ; 3.5648 ; 4.38592 ; -4.57564
4.35144 ; 4.06726 ; -4.82654 ; -4.90207
6.05258 ; 6.22106 ; 4.90565 ; 4.68947
7.26106 ; 6.38392 ; 4.72357 ; 4.76384
4.89617 ; 5.52478 ; 4.87194 ; -4.4215
4.38434 ; 3.9678 ; -0.322492 ; -4.58283
4.12646 ; 4.63061 ; -3.4841 ; 1.09096
4.47649 ; 4.48056 ; -4.85199 ; -4.96055
6.24816 ; 6.9249 ; 4.77008 ; 4.58442
5.83614 ; 4.6536 ; 0.509723 ; -5.19841
6.53126 ; 6.62209 ; 4.92105 ; 4.76517
3.59283 ; 6.48787 ; -4.12633 ; 4.67981
7.89646 ; 4.52954 ; -0.630132 ; 3.32438
6.57139 ; 3.5977 ; -3.97468 ; -4.80745
7.39921 ; 3.33777 ; 4.6009 ; -4.59328
6.81022 ; 3.75591 ; 4.87666 ; -4.88477
4.72434 ; 3.33882 ; -4.94719 ; -4.4271
5.89838 ; 3.95403 ; 5.18481 ; -3.57525
5.26211 ; 4.93102 ; 5.14503 ; 1.61633
6.39069 ; 6.38909 ; 0.0744085 ; 4.83652
5.7065 ; 4.0605 ; -2.94176 ; -0.155217
5.35389 ; 6.03075 ; 0.232974 ; 4.91437
7.81792 ; 3.81206 ; 4.17547 ; -4.81052
5.8759 ; 6.81829 ; 4.94004 ; 4.6431
7.49923 ; 2.83362 ; 4.42287 ; -4.21065
6.97011 ; 7.15563 ; 4.7349 ; 4.38451
5.55442 ; 3.42519 ; 4.75639 ; -3.52904
4.65125 ; 3.87933 ; 4.84148 ; 0.359319
7.12854 ; 5.19583 ; 4.81312 ; -1.74295
4.12784 ; 5.02915 ; -0.994336 ; 5.14553
7.92702 ; 2.85898 ; 4.02099 ; -4.1459
3.99723 ; 5.36376 ; -4.2399 ; -5.15673
6.89948 ; 6.41248 ; 4.68123 ; 4.78388
7.04884 ; 6.85498 ; 4.76268 ; 4.59227
4.18697 ; 6.86247 ; -4.72373 ; 4.5571
4.73987 ; 6.41548 ; -4.80315 ; -2.63984
7.27714 ; 6.68278 ; -0.756497 ; 4.61941
6.73718 ; 5.63888 ; 4.98425 ; 4.10565
4.84233 ; 5.20315 ; -5.07983 ; -4.68582
6.79607 ; 4.10272 ; 4.95653 ; 1.93222
7.43816 ; 5.62541 ; 4.47974 ; 4.9555
4.09937 ; 6.71808 ; 1.11789 ; 4.61096
5.52502 ; 6.8925 ; -0.443903 ; -2.48059
6.74958 ; 6.82122 ; 4.94615 ; 3.53892
6.53728 ; 5.65502 ; 5.09965 ; -3.33346
5.18504 ; 4.01826 ; 3.13975 ; 0.854051
6.73387 ; 4.56832 ; 4.97787 ; -1.54604
7.58439 ; 6.38119 ; 4.52163 ; 4.7248
4.13708 ; 6.99594 ; -4.67032 ; 4.4486
4.88353 ; 4.55092 ; -5.05001 ; 1.35488
6.58077 ; 4.32739 ; -3.26578 ; -5.19819
7.76637 ; 4.5021 ; 1.08277 ; -5.25037
3.87983 ; 6.22918 ; -4.62559 ; 4.57211
5.32345 ; 5.56104 ; -4.53058 ; 4.93645
5.04608 ; 5.23262 ; -4.99111 ; 2.70002
4.28405 ; 3.44235 ; -4.68564 ; -4.72765
6.24196 ; 3.58569 ; 1.67932 ; -4.24323
7.92179 ; 7.22037 ; 4.10849 ; 4.12622
5.40293 ; 4.19686 ; -5.0798 ; -5.04004
6.68705 ; 5.51887 ; 2.83655 ; -0.496457
7.44781 ; 6.77703 ; 4.5775 ; 4.47322
3.68198 ; 6.00827 ; -4.50094 ; 4.61982
5.79054 ; 4.24273 ; -5.04592 ; -4.88797
4.59906 ; 6.91975 ; -4.86902 ; 3.02075
5.84583 ; 3.57552 ; -2.75877 ; -1.84529
4.52373 ; 6.71051 ; -4.55444 ; 4.68203
6.67826 ; 3.82351 ; 4.62319 ; -4.89359
4.79249 ; 4.13881 ; -4.79862 ; -1.63086
3.64921 ; 3.10845 ; -4.3588 ; -4.42041
5.42494 ; 6.83908 ; -5.09053 ; 4.18612
5.08754 ; 3.35958 ; -5.05244 ; -4.26561
7.19663 ; 2.9654 ; 4.6504 ; -4.34833
4.12689 ; 5.25911 ; 2.94505 ; -4.08599
6.32661 ; 6.96919 ; 5.11326 ; 1.38071
6.92325 ; 4.58751 ; -2.3793 ; 2.59027
4.9375 ; 5.25659 ; -5.11555 ; -4.65877
3.20041 ; 3.55475 ; 0.613109 ; -1.07801
6.97139 ; 3.85264 ; -3.30445 ; -4.67492
8.11625 ; 4.52848 ; 0.0229067 ; -3.82285
4.54533 ; 3.1284 ; -3.56758 ; -1.80516
6.83687 ; 4.23124 ; 4.9432 ; 0.671596
4.60237 ; 5.58156 ; -4.22333 ; 5.0056
4.4394 ; 4.20202 ; -4.91676 ; 1.19263
5.27047 ; 4.86673 ; -2.1982 ; -4.61092
5.42987 ; 5.55443 ; 4.17443 ; 5.07503
5.33662 ; 4.63285 ; -2.65984 ; -5.14684
7.37232 ; 6.74791 ; 4.63637 ; 4.60647
5.75248 ; 4.9092 ; -3.49592 ; -5.16989
4.55014 ; 5.42771 ; -2.15992 ; 4.29984
6.21326 ; 5.9072 ; 3.21748 ; 3.68768
5.59411 ; 6.14106 ; 5.06146 ; 4.75148
3.78338 ; 6.03166 ; -4.57516 ; 4.64995
6.42327 ; 3.98127 ; -3.57145 ; -4.62807
6.16448 ; 5.8414 ; -4.85761 ; 4.21908
5.55656 ; 4.88921 ; -4.94728 ; -5.26113
6.31215 ; 6.30274 ; 3.50085 ; 4.88637
5.6507 ; 3.95627 ; -5.1608 ; -1.26542
3.9881 ; 6.14851 ; -0.214449 ; 4.39143
5.09524 ; 4.22832 ; 3.78021 ; -4.45181
6.13915 ; 4.65909 ; 3.44648 ; -4.22804
7.87141 ; 3.20432 ; 4.19851 ; -4.44843
5.59269 ; 5.44488 ; -4.88249 ; 3.33396
5.37819 ; 5.65295 ; -5.09768 ; 4.96543
7.14799 ; 4.15942 ; 4.81773 ; -4.86889
4.24819 ; 5.26022 ; 4.00568 ; 3.63545
4.75264 ; 3.92335 ; -1.32741 ; -4.33614
5.51661 ; 6.13601 ; 4.4736 ; -1.56649
5.82357 ; 4.01721 ; -4.91945 ; -2.4797
5.35859 ; 5.10973 ; -5.09893 ; -1.16773
6.5442 ; 6.2871 ; 4.81049 ; 4.38006
5.90922 ; 4.44254 ; 4.88045 ; -5.13737
6.54296 ; 2.55983 ; 4.95012 ; -2.34118
4.7586 ; 2.63507 ; -4.20395 ; -2.56881
7.56897 ; 3.23733 ; 4.38525 ; -4.5355
7.75458 ; 3.2433 ; 4.28708 ; -4.49792
3.71264 ; 6.48485 ; -4.44083 ; 4.67213
4.20925 ; 6.83306 ; -4.75818 ; 4.46171
6.84277 ; 6.90478 ; 4.89398 ; 3.83179
7.36526 ; 5.33359 ; 3.69872 ; 4.2121
3.66621 ; 3.90524 ; -1.66787 ; -4.92473
4.02589 ; 4.23218 ; -0.955967 ; 4.92673
4.79369 ; 6.29049 ; 4.13279 ; 4.74883
6.51063 ; 4.43767 ; 3.19781 ; -5.12453
3.40388 ; 7.34464 ; -4.07646 ; 4.02579
6.04633 ; 4.08978 ; -4.00195 ; -5.08952
4.48396 ; 3.35289 ; 4.23659 ; 1.44684
5.44687 ; 6.66623 ; 5.23524 ; -1.39292
6.33831 ; 5.51281 ; 5.05509 ; 4.83237
6.50955 ; 3.09887 ; 5.04282 ; -3.65276
4.28409 ; 4.12234 ; -2.4429 ; -4.99209
6.84107 ; 6.29519 ; 4.60938 ; 4.83279
4.28646 ; 7.25591 ; -4.78205 ; 1.96218
4.36194 ; 6.53897 ; -4.86233 ; 1.52949
7.7878 ; 3.44105 ; 4.30711 ; -4.62727
3.98598 ; 6.45399 ; -4.60796 ; 4.7319
4.81126 ; 4.6998 ; 3.37525 ; 4.98709
3.56714 ; 3.9923 ; -2.67218 ; -4.96988
4.77315 ; 3.29502 ; 2.69451 ; -4.59317
7.32338 ; 5.78594 ; 4.66386 ; 4.93533
6.62278 ; 3.72108 ; 4.70323 ; 0.107
6.32444 ; 5.13403 ; 5.15746 ; 4.79348
5.73686 ; 5.3907 ; -0.390203 ; 5.02827
5.27671 ; 5.39105 ; -5.03503 ; -5.04981
7.69393 ; 6.63906 ; -2.63163 ; 2.13885
5.45117 ; 5.8514 ; 4.95031 ; 5.03375
6.83859 ; 7.28172 ; 3.96187 ; 3.14712
3.51844 ; 3.04077 ; -4.222 ; -4.324
5.19288 ; 6.10649 ; -5.00921 ; 1.82035
4.09445 ; 6.8947 ; -4.27194 ; 4.53401
7.43887 ; 3.87214 ; 4.6283 ; -4.71553
5.44428 ; 6.31807 ; 4.74588 ; 4.87331
3.97404 ; 6.67222 ; -4.64874 ; 4.58666
5.14141 ; 6.87969 ; 3.45509 ; 3.0796
5.74938 ; 3.87149 ; 4.50327 ; -4.90633
6.17778 ; 4.64793 ; 4.66215 ; -5.13641
5.13638 ; 7.17878 ; -5.11578 ; 1.44316
7.05414 ; 5.6927 ; -3.0056 ; 5.00358
4.93407 ; 4.27988 ; -4.8215 ; -5.11834
5.54915 ; 7.14116 ; 2.23074 ; 1.29214
3.39332 ; 7.21183 ; -4.02764 ; 4.16306
4.7349 ; 5.62542 ; 0.924876 ; -4.48647
7.84457 ; 7.16427 ; 4.15737 ; 4.22039
8.06884 ; 7.37268 ; 3.898 ; 3.92758
4.51568 ; 3.19224 ; -4.87091 ; -4.50864
6.72019 ; 6.4167 ; 4.732 ; 4.81326
4.04313 ; 6.34627 ; -3.70711 ; 4.80219
5.46394 ; 6.74728 ; 4.58408 ; -1.39801
3.75677 ; 4.37866 ; -2.25946 ; -5.13901
6.11003 ; 4.73813 ; 5.12477 ; -5.1259
4.75076 ; 4.46977 ; -5.04651 ; -4.78402
5.10812 ; 5.23306 ; -3.88497 ; 4.58626
7.0793 ; 4.67915 ; 4.37751 ; -4.42133
5.0735 ; 3.86481 ; 5.20094 ; 0.0303625
6.96655 ; 6.34448 ; 4.57992 ; 4.85011
3.86431 ; 3.66789 ; -4.59262 ; -4.76853
5.80267 ; 4.0994 ; -5.01358 ; 3.02396
7.73106 ; 6.76616 ; 4.37652 ; 4.50989
6.92779 ; 2.79141 ; 4.83815 ; -1.94469
6.37592 ; 4.69686 ; 1.75972 ; -5.18497
6.44233 ; 5.45491 ; -2.18015 ; 2.48251
6.74409 ; 4.71932 ; 4.71999 ; 4.88049
7.03966 ; 3.72712 ; 4.65878 ; -4.85938
4.24754 ; 6.93903 ; -3.30517 ; -2.71398
7.31136 ; 6.23763 ; 4.71231 ; 4.65257
6.65459 ; 4.10278 ; 3.49298 ; -5.0256
5.84815 ; 4.74786 ; 5.169 ; 1.73648
4.91516 ; 5.96567 ; -4.92503 ; -4.58917
3.5314 ; 6.97716 ; -4.26836 ; 4.38495
3.96093 ; 6.58472 ; -4.64283 ; 4.58993
3.50844 ; 2.84289 ; -4.18056 ; -4.15351
4.37331 ; 3.89484 ; -4.79754 ; -4.85973
5.36831 ; 6.2623 ; 5.24081 ; -0.562828
6.76709 ; 4.38981 ; 4.4361 ; 2.62917
5.80943 ; 6.20786 ; 3.05869 ; 1.82232
4.49977 ; 4.29862 ; -4.84092 ; 3.35902
4.66428 ; 4.6068 ; -5.00739 ; -4.68566
4.00958 ; 6.95407 ; -4.63831 ; 4.24296
7.82844 ; 3.00928 ; 4.17198 ; -4.29755
6.03469 ; 4.88206 ; 0.0238214 ; -5.1723
4.37555 ; 4.10171 ; -4.69274 ; -4.74615
4.58205 ; 4.01194 ; -2.97397 ; -4.92994
7.11968 ; 6.94891 ; -3.41595 ; 1.46996
6.50858 ; 4.57293 ; -3.00264 ; -5.24042
5.13697 ; 2.75609 ; 1.7725 ; -0.855943
6.46317 ; 6.6779 ; 4.4658 ; -1.72404
6.24052 ; 3.7492 ; -2.6106 ; -4.90651
4.00318 ; 6.18757 ; -3.42612 ; 4.87765
4.17408 ; 6.26052 ; 2.8047 ; 4.89224
6.43039 ; 5.08974 ; -4.7498 ; 4.5464
7.8213 ; 2.7994 ; 4.17266 ; -4.09016
4.19447 ; 6.14078 ; -3.802 ; 0.00964954
3.89043 ; 5.96184 ; -2.12708 ; -4.81448
5.21277 ; 4.39339 ; -5.09069 ; -5.11412
7.60956 ; 6.98663 ; 4.39979 ; 4.4128
4.34371 ; 6.24374 ; -4.45633 ; 4.37851
7.70379 ; 5.35106 ; -0.466899 ; 4.79241
5.22939 ; 5.90571 ; -5.05017 ; 5.02646
6.47571 ; 5.42882 ; 4.0977 ; 4.75758
6.94281 ; 3.60706 ; 0.19722 ; -4.79768
5.27557 ; 5.77265 ; 5.18253 ; -2.48544
5.19529 ; 3.31073 ; 4.25016 ; 2.72705
7.46805 ; 2.5262 ; 4.43443 ; -3.70831
4.99901 ; 5.19848 ; 2.99842 ; -4.54509
7.37942 ; 4.73048 ; 4.68223 ; -4.23318
7.16846 ; 7.18716 ; 4.6904 ; 4.25895
5.13517 ; 4.17979 ; 4.50705 ; 4.4616
5.92017 ; 6.74854 ; 4.99386 ; -0.752398
4.44353 ; 6.18671 ; -3.93482 ; 4.90193
6.00331 ; 3.59754 ; 5.28125 ; 1.42778
6.13025 ; 5.46919 ; 5.09945 ; -0.397858
3.83621 ; 3.40969 ; -4.51543 ; -4.65082
4.84333 ; 5.65747 ; -5.02712 ; -1.50177
3.95006 ; 5.12735 ; -3.79373 ; -4.80891
5.93403 ; 6.41646 ; 5.02464 ; 4.67536
4.59784 ; 7.3302 ; -4.92196 ; 3.59441
7.28048 ; 4.19733 ; 2.81578 ; 3.16501
6.82619 ; 4.61712 ; 4.38814 ; -5.05681
5.701 ; 4.95602 ; 0.78138 ; 3.53068
5.09876 ; 5.0548 ; 5.01113 ; 3.31569
5.00035 ; 6.45147 ; -4.93919 ; 4.81885
4.8112 ; 3.75461 ; -4.82744 ; -4.57292
5.67427 ; 5.90103 ; -1.49643 ; 5.01849
6.18319 ; 7.01835 ; 4.48609 ; 4.51167
6.66483 ; 2.90033 ; -1.80381 ; -3.22375
7.67579 ; 6.11559 ; 0.624257 ; 4.93343
5.71604 ; 5.20729 ; 5.16936 ; -4.77559
3.80488 ; 6.2083 ; -4.52203 ; 4.79857
5.88219 ; 4.23337 ; 5.07366 ; -4.97605
7.96432 ; 3.95262 ; 3.3216 ; -3.98905
7.47696 ; 4.12969 ; 4.56965 ; -4.95989
4.48803 ; 2.71337 ; -3.98892 ; -3.0359
3.52966 ; 6.35056 ; 1.44181 ; 3.90831
4.32233 ; 7.0932 ; -4.68617 ; 4.42378
7.73161 ; 2.925 ; 4.28946 ; -4.24964
3.9196 ; 7.12866 ; -4.5383 ; 4.29888
6.13238 ; 3.81806 ; 2.23257 ; 3.14781
3.99859 ; 6.55372 ; 3.12166 ; 0.588887
4.14947 ; 3.79958 ; -4.73595 ; 2.93215
4.3167 ; 3.75721 ; -4.83141 ; -4.41616
7.38381 ; 3.77319 ; 4.64136 ; -4.82328
4.16315 ; 5.27011 ; 0.561954 ; 4.99576
3.44365 ; 4.71122 ; -0.575556 ; -4.25983
7.46045 ; 3.41696 ; 4.55515 ; -4.65864
7.68049 ; 2.86438 ; 4.30236 ; -4.20155
6.36345 ; 3.24522 ; 4.76924 ; -4.63102
6.70667 ; 6.6239 ; 4.67069 ; 4.73778
4.83403 ; 5.52391 ; -2.51393 ; 5.04864
5.49583 ; 4.72409 ; -5.13561 ; -3.06192
7.11733 ; 4.83511 ; 4.83361 ; 4.67315
7.68898 ; 4.68766 ; -1.44611 ; 0.424704
7.60107 ; 6.59182 ; 2.16621 ; 4.6656
7.06039 ; 3.73337 ; 4.82929 ; 2.5227
7.46808 ; 6.71247 ; 4.58398 ; 4.60126
4.14209 ; 5.84973 ; -4.78712 ; 4.74544
5.72621 ; 5.4565 ; -5.02457 ; 5.04136
4.81448 ; 5.87061 ; -4.89474 ; 4.53296
4.16522 ; 4.53156 ; -4.8364 ; -4.96781
6.72438 ; 6.73044 ; 4.96902 ; 3.03106
4.19303 ; 6.36976 ; 4.12935 ; -2.77483
6.99266 ; 6.60537 ; -2.33779 ; 4.69412
3.66567 ; 4.30718 ; -4.50233 ; -4.74906
5.3717 ; 4.08011 ; 4.51263 ; -5.05688
4.88103 ; 5.95119 ; -5.0412 ; -2.73209
3.81426 ; 6.81707 ; -4.43234 ; 4.53062
6.65762 ; 2.61724 ; 4.98442 ; -2.15908
4.57717 ; 2.94074 ; -4.87843 ; -3.68689
4.39415 ; 5.12619 ; -4.44127 ; 4.66847
7.5472 ; 5.52003 ; 1.64756 ; 1.23166
4.90032 ; 5.44934 ; -4.71133 ; 3.5033
4.43581 ; 6.62061 ; -4.76618 ; 4.68927
4.87984 ; 4.26782 ; -4.92968 ; -3.2566
4.37512 ; 3.54207 ; -1.80529 ; 3.80575
7.49184 ; 3.52803 ; 4.57254 ; -4.69652
6.86026 ; 5.74458 ; 4.95948 ; 4.93489
5.68579 ; 6.03292 ; -3.44024 ; 4.43284
8.08137 ; 6.7092 ; 3.50869 ; 4.534
3.57496 ; 5.2983 ; -2.94576 ; 5.15475
3.60842 ; 3.95987 ; 0.280459 ; -4.95703
4.70385 ; 4.63426 ; -5.02528 ; 1.80196
7.36058 ; 4.97599 ; -0.102523 ; 5.16358
4.39559 ; 5.38099 ; -4.89699 ; 3.93354
3.53313 ; 6.34797 ; -3.14745 ; -0.531864
5.78187 ; 6.56059 ; -5.1009 ; -2.83957
5.3888 ; 6.38182 ; -4.95363 ; 4.3389
5.79059 ; 5.93765 ; -4.84721 ; -0.605168
6.9659 ; 3.75161 ; -0.797385 ; -4.87621
7.77152 ; 2.82015 ; 4.17183 ; -4.14307
4.97825 ; 5.16971 ; -3.24833 ; 5.05075
7.91996 ; 4.20851 ; 2.83436 ; -3.04543
6.88436 ; 6.68052 ; 4.83684 ; 4.70823
4.01029 ; 5.21193 ; -4.14821 ; -5.22226
7.25925 ; 4.00163 ; 4.74315 ; -4.64897
4.72734 ; 3.98558 ; -2.94319 ; -0.110242
6.43371 ; 4.36976 ; -3.80103 ; -5.20654
6.92006 ; 6.64442 ; 4.87252 ; 3.74475
7.13842 ; 4.81448 ; 4.74274 ; 4.87901
7.80207 ; 6.11461 ; 3.94307 ; 4.79174
3.85838 ; 7.02709 ; 0.422876 ; 0.920904
5.74808 ; 5.8981 ; 5.02868 ; -3.46894
7.09279 ; 6.58476 ; 4.58439 ; 4.70442
3.55014 ; 6.95693 ; -4.1967 ; 4.40831
5.43981 ; 5.3406 ; 0.0789155 ; -5.12626
4.78988 ; 4.47067 ; -4.88368 ; -5.12383
6.97209 ; 3.37177 ; 4.76641 ; -4.66892
3.60294 ; 2.84979 ; -4.26832 ; -4.18201
5.14538 ; 5.93983 ; 4.78927 ; -4.59486
6.03645 ; 6.59451 ; 4.05072 ; 4.76824
4.29113 ; 3.81492 ; -4.38767 ; 3.79576
4.18609 ; 5.57137 ; -2.20755 ; 5.0099
6.21407 ; 4.65578 ; 0.318087 ; -5.10457
6.33098 ; 3.76755 ; 4.99128 ; -4.26247
4.37543 ; 5.14602 ; -4.9129 ; 4.38836
4.37168 ; 3.60622 ; 3.89759 ; -3.84265
4.73136 ; 6.5484 ; 4.62372 ; 4.13704
4.89973 ; 6.2608 ; -4.73013 ; 4.9052
4.82456 ; 4.94308 ; 0.876262 ; 2.56249
7.59861 ; 3.80121 ; -2.32287 ; 3.00926
6.76337 ; 7.1377 ; 4.92397 ; 1.68531
6.17888 ; 4.64548 ; 4.84298 ; -5.1371
6.38024 ; 4.59061 ; 4.39915 ; -5.03648
5.38142 ; 5.85891 ; -5.13192 ; 2.08501
3.29925 ; 3.38905 ; 1.08061 ; -3.79432
5.47195 ; 5.02464 ; -1.93618 ; 4.87905
7.22537 ; 3.50709 ; 4.70896 ; -4.67589
5.66612 ; 6.61024 ; 4.96808 ; -3.24929
4.45922 ; 4.63859 ; -1.46649 ; 4.98494
3.97282 ; 6.05842 ; -4.69342 ; 4.63319
4.31855 ; 4.70067 ; -3.68342 ; 4.9236
5.57427 ; 6.043 ; -4.91649 ; 4.72948
6.59483 ; 5.42876 ; 5.02551 ; 3.68268
5.53325 ; 5.7445 ; -4.86527 ; 4.95632
5.02613 ; 4.32208 ; 4.70798 ; -4.92301
6.81126 ; 4.67594 ; 1.63836 ; -5.17434
6.69229 ; 3.62064 ; 4.90499 ; -4.82322
5.96479 ; 3.58389 ; -4.46131 ; -4.28563
3.40576 ; 6.83219 ; -1.3516 ; 2.65459
5.96156 ; 6.6113 ; 3.46004 ; 1.37683
5.0689 ; 5.53334 ; -5.03886 ; -5.00877
7.43448 ; 4.27761 ; 4.6451 ; -4.37407
4.99007 ; 3.64603 ; -5.02735 ; -4.73088
6.70635 ; 5.43109 ; 4.33932 ; 2.16042
6.01102 ; 5.40759 ; 1.40766 ; 4.7907
4.15774 ; 5.31814 ; -4.81639 ; 4.74545
6.80981 ; 3.58763 ; 4.15257 ; -4.80681
7.00399 ; 6.37686 ; 4.84032 ; 4.73432
4.02749 ; 5.26009 ; -3.94901 ; 4.62176
4.07832 ; 4.16464 ; 2.90536 ; 2.66183
5.65523 ; 4.22461 ; 4.75655 ; -5.09701
4.47817 ; 4.90217 ; -3.65389 ; 3.96445
4.70542 ; 3.71646 ; -4.79986 ; -4.79695
6.50848 ; 5.22153 ; -1.5036 ; -4.88693
6.8813 ; 5.17164 ; 4.94031 ; 4.61917
7.59707 ; 6.83143 ; 3.77856 ; 4.52274
6.67154 ; 3.5086 ; 4.45072 ; -4.77609
7.01567 ; 6.77204 ; 3.85206 ; 2.58223
6.23083 ; 4.89228 ; -2.56809 ; -4.96368
4.72762 ; 3.00959 ; -4.94127 ; -4.21074
5.53997 ; 4.74983 ; 5.22686 ; 4.47417
7.57827 ; 3.16863 ; 4.45898 ; -4.46453
5.07971 ; 3.90779 ; -5.06176 ; -4.86025
4.79622 ; 3.49646 ; -4.78079 ; -4.79173
5.52433 ; 7.16251 ; -3.11472 ; -0.303215
4.61996 ; 5.26189 ; -4.95442 ; 4.6833
7.5057 ; 5.92939 ; 0.979911 ; -5.23974
4.43365 ; 6.78881 ; -4.82769 ; 4.62014
4.63535 ; 6.73173 ; -4.6923 ; 4.68205
5.94971 ; 5.60232 ; 4.89236 ; 1.71717
5.39226 ; 4.06041 ; -4.93417 ; -4.71547
7.06933 ; 2.84358 ; 4.73261 ; -4.20087
7.14248 ; 3.50645 ; 4.70516 ; -4.75018
4.67146 ; 6.22447 ; -4.92631 ; 4.8544
6.85728 ; 5.28969 ; 4.96132 ; -3.91706
7.13117 ; 3.45023 ; 4.75831 ; -4.68913
6.87831 ; 3.76095 ; 4.88172 ; -4.46447
4.1328 ; 5.77832 ; 3.77336 ; 4.60931
7.43508 ; 3.79722 ; 4.63011 ; -4.70888
3.94301 ; 4.38738 ; -1.46981 ; 4.69934
6.92857 ; 6.73978 ; 3.13937 ; 0.617351
7.18124 ; 5.1733 ; 3.61258 ; 3.31229
6.64885 ; 6.22276 ; 4.98833 ; 4.85176
4.50208 ; 6.31025 ; -4.9123 ; 4.85007
7.10822 ; 5.96277 ; 4.6772 ; 4.65921
4.25207 ; 6.22086 ; -4.51732 ; 4.83628
4.77657 ; 4.83908 ; -5.00471 ; -3.70589
6.86416 ; 6.70423 ; 4.71986 ; 4.69297
7.79938 ; 4.4734 ; 2.3745 ; 2.86187
6.89783 ; 7.18701 ; 0.996321 ; 2.7634
6.38099 ; 4.74306 ; 4.28864 ; 0.0587791
5.4721 ; 4.97443 ; 4.54303 ; 4.8142
6.93021 ; 6.87777 ; -1.28752 ; -3.25187
7.37505 ; 3.51725 ; 4.61576 ; -4.68592
6.54592 ; 4.09978 ; 3.3834 ; 3.393
6.61707 ; 6.14856 ; 4.87795 ; 4.90638
7.58338 ; 5.38819 ; 1.7811 ; 5.15307
5.34685 ; 4.00468 ; 2.55321 ; 4.44089
6.72072 ; 3.71265 ; 4.93167 ; -4.6568
6.7914 ; 6.39843 ; 4.0057 ; -1.6266
7.0256 ; 2.50568 ; 4.73924 ; -3.46859
7.99645 ; 2.63563 ; 3.93101 ; -3.8741
4.977 ; 5.77043 ; -5.08152 ; 4.7918
4.94712 ; 4.94463 ; 4.21339 ; 1.09434
6.58015 ; 6.8669 ; 4.58092 ; 4.61016
5.80994 ; 5.82612 ; -4.69556 ; 5.07471
5.39198 ; 5.7681 ; 4.66636 ; 5.08517
5.39639 ; 5.12143 ; -4.08993 ; 4.97212
5.72415 ; 3.382 ; 5.07489 ; -4.5938
5.14293 ; 4.36248 ; 2.93139 ; -4.94396
7.03891 ; 5.87719 ; 4.66216 ; 4.57567
4.9087 ; 5.29771 ; -5.11127 ; -3.63878
4.53597 ; 4.48269 ; -4.89656 ; -5.0612
4.83823 ; 6.52688 ; -2.52645 ; 4.77398
6.53429 ; 4.48279 ; 5.092 ; 3.53918
5.29528 ; 4.40826 ; 3.51969 ; -5.18625
4.36168 ; 2.45499 ; -3.55208 ; -1.01853
5.33604 ; 4.84547 ; -4.83014 ; -5.16217
7.14789 ; 5.59393 ; 3.04197 ; 4.9985
4.86385 ; 6.92697 ; -5.04373 ; 1.86115
7.27083 ; 3.84328 ; 4.70156 ; -4.82233
4.29801 ; 5.23244 ; -4.89098 ; -4.29527
5.89709 ; 6.20834 ; -0.98077 ; -4.35809
7.77844 ; 6.38398 ; 0.489687 ; 4.76368
4.33361 ; 4.95173 ; -4.76725 ; 4.77889
7.27587 ; 6.87462 ; 4.65156 ; 4.54691
6.91883 ; 7.12743 ; 4.78631 ; 4.40358
3.92945 ; 3.00842 ; -4.5459 ; -4.37098
4.03322 ; 6.51871 ; -4.66306 ; -1.27267
4.19209 ; 3.19109 ; -4.4698 ; -4.55147
3.27634 ; 7.31904 ; -3.90251 ; 4.01904
5.19158 ; 6.34933 ; 4.60318 ; 4.88553
5.65995 ; 6.48209 ; -4.91858 ; 4.75821
6.44981 ; 4.51375 ; 4.90655 ; -5.04839
5.09279 ; 4.86561 ; 4.84863 ; 5.15134
4.31661 ; 4.54146 ; -4.873 ; -5.02079
3.61636 ; 4.43873 ; -3.56275 ; -4.80603
4.88153 ; 4.52699 ; 4.56789 ; -3.89281
3.72171 ; 7.3482 ; -0.402592 ; -0.533159
7.13584 ; 4.72605 ; 2.52003 ; -2.35393
3.1162 ; 2.75436 ; -3.71139 ; -3.93081
8.15535 ; 4.62584 ; 1.07319 ; -4.68974
6.5329 ; 6.92804 ; 4.86292 ; 2.93639
5.32336 ; 3.95937 ; 4.49744 ; -5.01801
5.69587 ; 5.95471 ; 4.50471 ; 4.51913
4.80904 ; 3.49049 ; -5.02474 ; -3.85818
7.0165 ; 3.52482 ; 3.11475 ; -4.75049
4.56265 ; 3.29609 ; -4.85474 ; -4.64331
7.19991 ; 3.16358 ; 4.68839 ; -4.46548
4.42428 ; 2.93088 ; -4.80657 ; 0.843165
6.06496 ; 3.63709 ; -3.75616 ; -4.85875
4.3052 ; 4.69031 ; 2.633 ; 3.99527
5.92428 ; 3.79704 ; -4.58854 ; -2.09276
4.30186 ; 2.99617 ; 4.3281 ; -2.6268
4.92216 ; 4.72065 ; -5.05744 ; -4.5518
5.50727 ; 6.47302 ; -4.95008 ; 4.57417
5.02345 ; 4.7107 ; -4.73689 ; 4.56447
6.83407 ; 4.08035 ; 4.33642 ; 4.18204
5.00539 ; 6.21516 ; -4.99705 ; 4.89438
5.18805 ; 4.58159 ; -4.63118 ; -4.75397
3.59457 ; 3.39537 ; -4.37504 ; -4.45405
5.67295 ; 5.61751 ; 4.24618 ; 5.11746
3.55555 ; 3.19067 ; -4.25053 ; -4.46065
4.92743 ; 5.95881 ; 1.92396 ; 3.1461
5.49538 ; 4.00683 ; -4.79787 ; -4.64244
4.97621 ; 4.6632 ; -4.77065 ; -3.44129
3.52323 ; 4.78845 ; -3.45356 ; -4.91896
4.71582 ; 3.97738 ; 2.1912 ; -5.01511
3.74837 ; 3.27431 ; -4.47791 ; -4.48411
4.57759 ; 6.67018 ; -4.95398 ; 1.802
4.4757 ; 6.52877 ; -4.87107 ; 4.41545
4.33545 ; 5.76487 ; -4.86222 ; 4.77272
5.02619 ; 3.80209 ; -2.13269 ; -1.22468
6.84763 ; 6.89297 ; -3.57791 ; 2.46915
4.99841 ; 4.12443 ; -4.84541 ; -5.06371
7.4597 ; 4.8792 ; -0.335902 ; 1.42069
6.98895 ; 5.50338 ; 4.44696 ; -4.19922
6.5243 ; 3.29261 ; -4.73906 ; -3.69337
7.69173 ; 3.00986 ; 4.236 ; -4.33599
5.53928 ; 5.36147 ; 4.59494 ; 5.07775
7.06899 ; 5.16491 ; 4.88094 ; 4.62082
4.64455 ; 4.65148 ; -4.49319 ; 4.9058
8.08878 ; 3.14674 ; 1.04139 ; -0.590796
6.32693 ; 6.1089 ; -3.39704 ; 4.97833
5.13212 ; 3.93032 ; 5.05249 ; 2.45875
3.92772 ; 3.50395 ; -4.63121 ; -4.67739
4.90818 ; 4.61102 ; -5.08919 ; 4.50045
4.69884 ; 4.29822 ; -4.5979 ; -5.0859
4.05116 ; 3.62115 ; -4.65727 ; -4.80257
6.15901 ; 6.94021 ; 2.16126 ; 2.57058
7.45847 ; 4.07626 ; 4.58605 ; -4.90855
6.33599 ; 6.43247 ; 4.89017 ; 4.53289
4.76689 ; 5.6106 ; -0.179521 ; -5.02037
3.66993 ; 2.9887 ; -4.35697 ; -4.3092
4.02027 ; 3.8202 ; -4.03241 ; -3.32335
3.59336 ; 4.77726 ; -1.45661 ; 4.39311
4.71195 ; 6.94793 ; -4.88713 ; 4.5212
5.34819 ; 3.94177 ; 4.83405 ; -4.86515
7.17695 ; 3.17124 ; 4.67275 ; -4.5368
7.55681 ; 6.43311 ; -1.38966 ; 3.55991
7.55874 ; 5.38526 ; 3.84358 ; -3.01634
6.01246 ; 5.96448 ; -4.48689 ; -4.61063
5.55409 ; 3.7283 ; -4.69932 ; -4.90933
7.78912 ; 2.62447 ; 4.16353 ; -3.90978
7.88812 ; 7.4509 ; 4.07746 ; 3.91733
3.74362 ; 6.16096 ; -4.3684 ; 4.85838
3.86486 ; 6.17647 ; -3.94458 ; 4.8619
5.64188 ; 5.55319 ; 5.03674 ; 3.57043
7.11254 ; 6.05295 ; 4.77651 ; 4.89944
7.55533 ; 3.3264 ; 4.49848 ; -4.57802
3.88584 ; 3.66841 ; -1.3382 ; 3.29838
4.27848 ; 4.07411 ; -4.86005 ; -4.79535
6.2595 ; 5.96177 ; 2.09673 ; 4.86899
3.51837 ; 2.96983 ; -4.22214 ; -4.27248
5.84529 ; 4.38574 ; -4.5099 ; -5.19619
5.06042 ; 4.49415 ; -2.17631 ; -5.15084
4.37944 ; 6.32154 ; -4.86806 ; 4.60414
5.06398 ; 4.72446 ; 5.15975 ; 2.90884
6.41728 ; 6.80625 ; 4.67086 ; 4.65275
7.10864 ; 3.1308 ; 4.65401 ; -4.51253
7.0318 ; 5.70655 ; 4.89055 ; 4.91657
4.52821 ; 7.04958 ; -4.86758 ; 3.4892
5.49656 ; 6.18682 ; -4.43092 ; 3.9309
6.40208 ; 4.83203 ; 5.04164 ; 3.08684
6.1077 ; 4.54529 ; -4.74809 ; -5.18892
3.92795 ; 4.57113 ; -4.12271 ; -5.08656
5.09447 ; 5.48205 ; -5.17123 ; -4.56592
5.48598 ; 4.7532 ; 2.08438 ; -5.13864
5.59665 ; 5.0627 ; 5.16048 ; 3.04788
4.53321 ; 3.918 ; -4.57374 ; 3.79313
6.00279 ; 5.61673 ; -1.87973 ; 4.93386
4.94355 ; 5.38687 ; -3.34501 ; -2.19215
5.87588 ; 4.05931 ; -1.51651 ; 4.05563
7.51109 ; 4.02036 ; 2.77022 ; -4.95392
5.64473 ; 4.82646 ; -5.11922 ; -0.627748
7.56227 ; 4.18524 ; 1.98226 ; -5.08303
4.70795 ; 3.05561 ; 5.03861 ; -0.567572
