7.07675 ; 6.87652 ; 3.31519 ; -2.95162
6.8863 ; 3.2456 ; 4.74713 ; -1.34462
6.92889 ; 4.23803 ; 4.60764 ; -2.37772
3.07015 ; 2.78299 ; -3.5258 ; -3.85788
6.744 ; 7.59593 ; 0.0839645 ; 2.31246
3.32604 ; 2.48468 ; -3.77766 ; -3.54632
7.58816 ; 6.24177 ; 3.37031 ; 1.98144
7.321 ; 2.50864 ; 2.66102 ; -0.15708
5.73138 ; 2.88994 ; 5.04524 ; -3.01369
6.98967 ; 6.73232 ; 4.68024 ; 4.47647
6.87019 ; 6.68297 ; 4.75622 ; -0.955775
3.96418 ; 7.02193 ; 1.74328 ; 2.53911
5.09933 ; 5.45902 ; -4.99622 ; -4.05422
6.45846 ; 3.24883 ; -4.13639 ; -4.16038
5.12931 ; 4.59446 ; 4.122 ; -4.23825
4.45856 ; 6.35726 ; 3.11055 ; 4.6202
4.44823 ; 4.90177 ; -4.65102 ; -4.61166
7.64362 ; 5.67293 ; 4.37807 ; 4.17242
6.76687 ; 5.90782 ; 1.1056 ; -0.259359
6.62601 ; 6.20984 ; -3.46341 ; 3.52981
7.93072 ; 7.42045 ; 3.90736 ; 3.80872
3.33223 ; 6.92624 ; -3.9765 ; 4.18393
7.00741 ; 6.76543 ; 4.07664 ; 4.4817
3.51469 ; 6.51949 ; 1.86481 ; 2.81727
5.23742 ; 6.364 ; -4.14268 ; 4.71989
5.69804 ; 3.05065 ; 4.98672 ; -1.35018
6.71887 ; 3.24335 ; -0.871426 ; -3.85437
8.05408 ; 3.96186 ; -0.151889 ; -2.22494
3.00059 ; 2.44419 ; -3.35022 ; -3.40909
4.59278 ; 6.56751 ; 1.32231 ; -3.66436
6.69511 ; 6.42873 ; 4.831 ; 3.08444
7.04058 ; 4.05103 ; 1.09561 ; -4.85163
6.73983 ; 6.37446 ; 4.81694 ; 4.5801
7.81366 ; 4.24855 ; 4.16258 ; 2.22675
5.07205 ; 4.6489 ; -4.98371 ; -4.7624
7.26155 ; 3.46049 ; 4.54562 ; -4.56204
5.63168 ; 4.8157 ; -4.10443 ; -5.04093
4.66248 ; 3.68716 ; -4.52172 ; -4.73399
4.35386 ; 7.08908 ; -4.51231 ; 4.27449
5.85486 ; 3.70516 ; -5.06537 ; 1.78991
4.69817 ; 2.73432 ; -1.62743 ; -0.159428
4.69609 ; 7.19764 ; -2.77963 ; 4.17909
3.52312 ; 3.00922 ; 0.649704 ; -1.65936
3.84431 ; 4.17099 ; -2.56312 ; -4.75318
3.97324 ; 6.43636 ; -4.4818 ; 0.417713
4.67682 ; 3.81257 ; -3.58936 ; -4.58824
8.04072 ; 3.22466 ; 3.93803 ; -4.22329
4.37498 ; 4.1534 ; -4.57472 ; -2.50057
5.04525 ; 4.93323 ; -4.86053 ; -3.6518
7.91004 ; 2.59052 ; 3.92047 ; -3.72788
4.67646 ; 4.20718 ; -4.71386 ; -4.94118
8.011 ; 2.75403 ; 3.85796 ; -3.90227
3.91709 ; 3.55101 ; -4.35844 ; -4.59524
3.4211 ; 7.10771 ; -4.01801 ; 3.99453
6.85581 ; 5.79618 ; -0.864754 ; -3.33314
4.63283 ; 7.32275 ; -4.7373 ; 1.97651
7.37594 ; 3.01775 ; 4.44489 ; -3.28067
4.59215 ; 6.9802 ; -4.70594 ; 4.29032
7.5514 ; 2.90629 ; 4.31009 ; -4.06015
6.8026 ; 6.35782 ; 4.7949 ; 4.70349
7.48538 ; 3.22887 ; -2.55823 ; -2.73415
3.5574 ; 3.20023 ; -4.07465 ; -4.30743
4.37489 ; 7.04013 ; -4.56775 ; 4.30799
5.51878 ; 3.7258 ; 4.88532 ; -3.89229
8.1987 ; 7.89571 ; 3.43766 ; 3.06383
5.91087 ; 7.32209 ; -3.63687 ; 4.04899
7.05495 ; 4.15123 ; 4.73019 ; -4.73705
6.8217 ; 3.1799 ; 3.92254 ; -4.41812
4.76172 ; 3.53358 ; -4.73785 ; -4.69332
4.06589 ; 6.11059 ; -4.5694 ; -1.26321
5.35247 ; 3.72676 ; 4.85203 ; -4.03847
6.41242 ; 4.23552 ; -3.31968 ; -5.02691
7.26079 ; 3.35394 ; 4.50128 ; -4.51259
6.02355 ; 6.22159 ; -4.61005 ; -3.07363
4.33208 ; 5.36468 ; -4.71256 ; 3.01304
7.73895 ; 7.35082 ; 4.02303 ; 3.94698
7.52048 ; 4.23569 ; 4.44712 ; -4.69096
6.64062 ; 4.25849 ; 4.85701 ; -3.85292
6.93039 ; 3.64457 ; 2.51576 ; -4.68642
7.39403 ; 5.71449 ; 2.73191 ; 4.90507
7.58347 ; 5.80952 ; 4.36625 ; -2.2989
7.1591 ; 7.19277 ; 4.41401 ; 3.84515
4.64801 ; 6.41994 ; -4.76277 ; 3.89778
4.06132 ; 3.26852 ; -4.51679 ; -4.47041
7.47843 ; 6.52856 ; 4.44567 ; 4.23852
5.32638 ; 4.22103 ; 3.49435 ; -4.95802
6.46548 ; 6.99068 ; 4.9152 ; 3.89196
6.20942 ; 5.62174 ; 3.51248 ; 1.68225
6.16473 ; 6.81352 ; 4.91942 ; -0.725129
3.51341 ; 7.25464 ; -4.03024 ; 3.92142
4.4183 ; 7.2787 ; -4.59775 ; 4.10527
5.35431 ; 5.00596 ; -0.690472 ; -4.92206
7.12138 ; 4.10657 ; 3.13434 ; -3.99031
7.77449 ; 3.26408 ; 2.18427 ; -4.37228
4.11748 ; 2.74503 ; 1.06673 ; -3.04225
7.91493 ; 7.3096 ; 3.98122 ; 3.84133
5.72589 ; 4.2755 ; -5.09864 ; 3.9498
4.68844 ; 3.4923 ; -4.47293 ; -0.948344
4.6838 ; 3.35871 ; 3.24051 ; -4.47411
7.72703 ; 6.49055 ; 4.06421 ; 4.35903
3.88018 ; 7.31999 ; -4.33926 ; 3.97316
6.95237 ; 3.1124 ; 4.65825 ; -4.33573
5.36807 ; 3.93188 ; 1.87555 ; -2.70004
6.71868 ; 4.45408 ; 4.89356 ; 2.04754
4.4494 ; 4.69919 ; -4.79 ; 4.38869
3.94851 ; 2.88846 ; -4.35032 ; -4.17282
5.74987 ; 6.81356 ; 2.66308 ; 0.547589
3.6055 ; 5.52472 ; -3.7707 ; 4.8303
6.48109 ; 5.11079 ; 1.28792 ; 4.683
7.26032 ; 4.79256 ; 4.58554 ; 4.50559
6.43472 ; 5.32476 ; 4.93887 ; 0.622209
6.04682 ; 5.70096 ; -3.99527 ; 4.83286
7.67233 ; 5.90598 ; 4.3537 ; 4.66436
6.92737 ; 4.25108 ; 3.32844 ; -4.96116
6.65054 ; 6.7233 ; -3.27554 ; 4.4191
6.88484 ; 5.99309 ; 4.79861 ; 4.77365
7.35773 ; 3.04339 ; 4.41647 ; -4.29193
3.76111 ; 4.75989 ; -3.50631 ; -5.10129
7.15933 ; 2.93371 ; 3.60425 ; 1.97079
3.78457 ; 5.36239 ; -4.35358 ; 4.62855
6.69536 ; 7.0961 ; 4.45541 ; 4.29144
5.63873 ; 5.60673 ; -4.89114 ; 4.43618
4.22357 ; 4.85254 ; 2.86142 ; 4.39562
6.26978 ; 7.40396 ; -2.34615 ; -0.452432
5.55388 ; 4.64733 ; -4.88111 ; 4.70499
4.05651 ; 4.02679 ; -3.95816 ; 1.70492
7.26559 ; 6.27585 ; 2.79066 ; 4.02349
3.22186 ; 2.72989 ; -3.73887 ; -3.85909
4.49402 ; 2.91985 ; -4.7876 ; -0.779347
4.79464 ; 6.97138 ; -4.73912 ; 2.45956
7.34554 ; 3.06149 ; 4.47246 ; -4.07675
7.6352 ; 3.83237 ; 2.87437 ; 3.77688
3.89147 ; 7.37114 ; -4.34535 ; 3.90486
3.36942 ; 6.29901 ; -2.40707 ; 4.66779
5.6605 ; 3.63815 ; 4.14917 ; -2.92503
4.97233 ; 4.55525 ; 3.44646 ; -5.15152
3.85243 ; 6.63388 ; -4.4305 ; 4.45954
6.75011 ; 7.02328 ; 4.37848 ; 4.3352
7.28366 ; 6.81568 ; 4.39082 ; 4.43033
8.32343 ; 6.69417 ; 3.06505 ; 4.33193
7.19158 ; 4.5299 ; 4.58401 ; -4.87742
8.17876 ; 7.06785 ; 2.7052 ; 4.08707
5.83324 ; 5.96122 ; 4.84998 ; 4.8772
6.9553 ; 4.07528 ; 2.71937 ; 3.79261
7.74491 ; 3.69936 ; 3.50379 ; -4.66872
7.65923 ; 5.56265 ; 4.32752 ; -1.74566
6.02175 ; 6.857 ; -3.2616 ; 4.42056
3.98971 ; 6.09408 ; -4.52633 ; 4.71795
3.75107 ; 2.52846 ; -4.20078 ; -2.52641
2.9508 ; 2.82184 ; -3.42098 ; -3.85135
5.55014 ; 4.91676 ; -4.57541 ; -5.12995
6.44728 ; 5.60801 ; 3.56594 ; -4.88368
3.29865 ; 2.46098 ; -3.73927 ; -3.54034
4.34633 ; 5.36548 ; 1.50203 ; -0.855438
7.50151 ; 6.62617 ; 4.40981 ; 4.36999
7.76421 ; 6.03945 ; 3.70734 ; 4.39117
3.94758 ; 4.05744 ; -1.74488 ; -0.980273
6.35207 ; 4.40872 ; 4.50965 ; -4.81149
8.11525 ; 3.14516 ; 3.83766 ; -4.08991
3.75088 ; 4.55098 ; -4.37824 ; -4.92046
7.57288 ; 7.49326 ; 4.204 ; 3.83864
4.43492 ; 4.30501 ; -4.77235 ; 0.596181
7.32369 ; 6.17486 ; 3.01848 ; -3.58664
6.51504 ; 6.37596 ; 4.84474 ; 4.72568
6.21703 ; 6.71785 ; 4.32953 ; 4.50848
7.03984 ; 5.57696 ; -1.83736 ; 1.20864
3.54265 ; 3.01587 ; -0.850077 ; 2.61104
4.71136 ; 7.25646 ; -4.44442 ; 4.15419
7.772 ; 7.68657 ; 2.60019 ; 0.777548
3.36981 ; 2.94498 ; 1.22403 ; -1.01768
3.89777 ; 6.79985 ; 0.906194 ; 4.3778
7.87143 ; 7.37853 ; 4.01502 ; 3.8523
6.37388 ; 3.55886 ; 4.43872 ; -4.5996
5.81822 ; 5.00409 ; 4.20404 ; -3.28815
7.34025 ; 6.82332 ; 4.22394 ; 4.2113
5.45527 ; 4.47224 ; -2.49523 ; -4.66806
5.5253 ; 3.97358 ; -4.41872 ; -4.92418
3.43573 ; 6.99358 ; -4.0413 ; 4.16292
5.54576 ; 4.09541 ; -4.72379 ; -2.42227
6.06735 ; 4.07631 ; -2.14346 ; 3.56486
4.17334 ; 6.00286 ; -2.26578 ; 4.27445
4.04739 ; 2.50521 ; -4.45138 ; -2.66733
6.742 ; 4.25464 ; 4.79533 ; -4.91474
7.7293 ; 3.26986 ; 4.2336 ; -4.38032
7.11292 ; 4.10874 ; 4.27953 ; -4.71248
5.03416 ; 4.84837 ; -4.47793 ; 0.861612
4.14441 ; 4.44827 ; -4.52634 ; -4.93598
3.88894 ; 6.32937 ; -3.60407 ; 4.62289
4.01441 ; 3.59472 ; -4.50804 ; -4.62777
6.50469 ; 3.18397 ; 4.58012 ; -4.46082
3.97265 ; 6.93236 ; 1.09438 ; 4.28016
6.00541 ; 6.08833 ; 3.64865 ; 3.91715
3.97465 ; 3.88602 ; -4.55557 ; -4.57625
7.07294 ; 4.29102 ; 4.67926 ; -4.88986
4.24356 ; 6.24239 ; -4.64747 ; -3.45825
5.72635 ; 4.02685 ; -4.22842 ; -4.94954
7.97111 ; 2.73968 ; 3.90627 ; -3.84315
7.54813 ; 3.25844 ; 4.31906 ; -1.05263
3.21526 ; 7.01576 ; -3.79861 ; 4.14432
3.15593 ; 3.3189 ; -3.81284 ; -4.31507
8.5814 ; 2.09197 ; 2.67121 ; -2.5874
3.45393 ; 7.58557 ; -3.93563 ; 3.64342
4.18923 ; 6.78964 ; -4.09402 ; -2.95793
5.49324 ; 6.78204 ; 4.69397 ; 4.49024
3.30426 ; 2.67229 ; -3.81918 ; -3.82038
3.59427 ; 3.64801 ; -4.09798 ; -4.64913
3.07362 ; 7.73278 ; -3.43179 ; 3.29398
4.34882 ; 6.83963 ; -4.11432 ; 4.39864
7.69548 ; 7.17326 ; 0.337116 ; 2.76539
5.85675 ; 7.09358 ; -4.438 ; -0.196365
7.42727 ; 2.66064 ; 4.32027 ; -3.9176
5.98489 ; 5.49928 ; 3.33332 ; -3.83629
6.01509 ; 2.68687 ; 4.81626 ; -3.56886
6.90006 ; 4.94239 ; 4.64745 ; -4.65824
5.08648 ; 2.82981 ; -3.51929 ; -2.28038
5.88774 ; 3.70657 ; -4.9236 ; -3.85311
4.39664 ; 2.7757 ; -4.61761 ; -4.08648
3.92833 ; 7.42155 ; -4.30835 ; 3.93488
3.44093 ; 2.89655 ; -4.01813 ; -4.08451
4.14667 ; 3.66108 ; -4.28391 ; -4.67875
3.5502 ; 3.07673 ; -4.15391 ; -4.26001
5.32742 ; 6.7379 ; 4.53205 ; 4.51359
8.1411 ; 2.91895 ; 3.75212 ; -4.01258
5.68899 ; 3.92193 ; 4.65745 ; -4.8913
7.21164 ; 5.94546 ; 4.63659 ; 4.21973
6.68764 ; 3.33606 ; 4.71503 ; -4.5553
5.3303 ; 3.12806 ; 3.78089 ; -4.38968
4.39858 ; 6.08043 ; -4.74366 ; 4.66037
6.98893 ; 3.69781 ; 4.70078 ; -3.60852
5.71151 ; 6.95683 ; 4.04769 ; 4.39108
7.20244 ; 4.77053 ; -2.723 ; 5.02382
4.45037 ; 4.22991 ; -4.79241 ; 2.16175
4.96858 ; 4.9301 ; -4.89906 ; 4.42426
5.59729 ; 3.44151 ; 3.27936 ; -4.40531
4.82024 ; 4.73621 ; -4.9372 ; 3.55196
5.34912 ; 4.95077 ; -4.88301 ; 3.14902
3.30114 ; 7.23196 ; -3.86528 ; 3.96988
5.94467 ; 6.88986 ; -3.83054 ; 4.42436
6.02248 ; 6.65707 ; -2.42059 ; 4.53377
4.33394 ; 2.81392 ; -4.27371 ; -4.13421
8.29732 ; 2.49867 ; 3.40424 ; -3.49722
3.50052 ; 6.46339 ; -2.99959 ; 2.05669
7.62534 ; 7.09082 ; 4.27561 ; 3.95552
7.36466 ; 4.94291 ; -0.308247 ; 4.67733
5.99223 ; 3.38247 ; -1.51905 ; -4.57391
4.38337 ; 6.71728 ; -4.58088 ; 4.11898
7.94119 ; 4.50783 ; 1.66108 ; 5.01635
3.62236 ; 6.75561 ; -4.24499 ; 4.3853
8.17199 ; 2.35789 ; 3.53916 ; -3.29599
5.16915 ; 6.06263 ; -4.00689 ; -0.139233
5.93442 ; 5.63912 ; 4.51321 ; 4.94299
5.86002 ; 6.27488 ; -2.65965 ; 4.75959
3.5828 ; 6.50446 ; -4.22848 ; 4.51554
4.47239 ; 5.88454 ; 1.37019 ; 4.16465
6.75674 ; 5.97302 ; -2.17553 ; 4.78253
8.18919 ; 6.18979 ; 1.80168 ; 4.26316
3.25683 ; 7.497 ; -3.75284 ; 3.54002
5.33403 ; 5.76335 ; -4.98161 ; -2.00776
4.51221 ; 5.01868 ; -4.77162 ; 4.39919
3.96428 ; 3.58311 ; -4.47548 ; 1.288
6.22789 ; 7.00658 ; 4.46376 ; 4.35615
6.22484 ; 5.26717 ; 4.93204 ; 0.0812255
7.27917 ; 3.0605 ; 4.49074 ; -4.248
3.4989 ; 6.40982 ; -4.17174 ; 4.53221
7.92027 ; 6.91209 ; 4.06645 ; 4.17676
6.51384 ; 6.56759 ; 4.80681 ; 4.63115
6.37601 ; 6.94317 ; 4.03127 ; 4.3916
8.05523 ; 2.74054 ; 3.79302 ; -3.86428
3.07703 ; 2.24282 ; -3.36907 ; -3.07588
3.77211 ; 4.09667 ; -3.11653 ; -4.87996
5.9327 ; 4.51381 ; 3.24343 ; -5.06188
6.50967 ; 4.45721 ; -3.99205 ; -4.72485
3.61461 ; 7.33823 ; -3.87598 ; 3.95352
7.66446 ; 2.57688 ; 4.1373 ; -3.77672
4.6395 ; 6.42323 ; 3.60247 ; 4.49511
4.85445 ; 6.48103 ; -4.79648 ; 4.66852
6.53147 ; 3.50021 ; -3.28901 ; -4.64461
6.60011 ; 5.10774 ; -0.599673 ; -4.12647
4.22584 ; 3.45694 ; -4.05176 ; 1.59527
6.9171 ; 4.59297 ; 0.943459 ; -4.83681
6.59817 ; 6.16555 ; 4.20168 ; 2.68574
2.94427 ; 2.33865 ; -3.19863 ; -3.21881
4.34935 ; 2.97137 ; -4.56451 ; -4.28507
7.86039 ; 7.33433 ; 0.673151 ; 1.13291
7.44492 ; 3.83732 ; 4.47619 ; -4.04778
5.24974 ; 4.29118 ; -4.57511 ; -3.73754
6.8278 ; 3.87211 ; 4.73694 ; -3.81124
3.92618 ; 6.37174 ; 1.98406 ; 4.49159
3.87571 ; 2.46198 ; -3.11096 ; -1.45647
4.34104 ; 4.87348 ; -4.12789 ; 3.7399
7.15288 ; 5.09172 ; 4.66454 ; 0.990729
4.19779 ; 3.76641 ; 1.0085 ; -4.77726
7.98589 ; 2.32399 ; 3.75949 ; -3.18154
8.23409 ; 2.4801 ; 3.49688 ; -3.49552
3.31366 ; 2.93089 ; -3.8978 ; -4.06522
7.20861 ; 6.67071 ; 3.57732 ; 4.51648
5.86762 ; 3.83832 ; -3.57331 ; -2.54456
3.24628 ; 2.5746 ; -3.71954 ; -3.68069
7.61405 ; 6.92426 ; 3.29481 ; 4.29423
4.09882 ; 7.36669 ; 1.90137 ; -0.869057
8.3772 ; 7.66069 ; 3.26245 ; 3.35371
4.08588 ; 6.55269 ; -4.12306 ; 4.26282
3.54969 ; 4.73935 ; -4.24736 ; -0.933559
4.95279 ; 5.88963 ; -1.23143 ; -3.88991
7.46948 ; 2.79715 ; 4.32362 ; -4.04998
7.20776 ; 4.9509 ; 1.41845 ; 4.72441
7.24258 ; 3.52321 ; 4.29156 ; -4.60736
3.57947 ; 7.61898 ; -4.02968 ; 3.6326
5.97919 ; 2.93596 ; 4.88252 ; -4.19418
8.02509 ; 5.69818 ; 4.03564 ; 4.27005
4.11456 ; 6.63559 ; -4.57103 ; 1.67588
4.69643 ; 3.03437 ; -1.42237 ; -4.30123
7.73988 ; 6.46962 ; 1.47079 ; 4.59673
5.1649 ; 4.43755 ; 4.7812 ; 0.249135
4.30275 ; 6.12354 ; -4.64443 ; 1.66782
5.2094 ; 4.39314 ; -3.36847 ; -4.55128
6.85182 ; 6.79464 ; 0.530719 ; -0.943053
7.36972 ; 2.42041 ; 4.33462 ; -0.414295
3.66907 ; 3.9991 ; -1.43858 ; 4.33762
5.96961 ; 6.02335 ; 4.90454 ; 4.84293
3.59764 ; 6.64677 ; 2.0762 ; -0.917193
8.09876 ; 7.58023 ; 3.70716 ; 3.56897
3.28221 ; 7.26053 ; -3.85427 ; 3.91534
3.87189 ; 6.24917 ; -4.42879 ; 4.65844
7.89777 ; 2.48979 ; 3.90829 ; -3.45564
5.66314 ; 2.99968 ; -4.92726 ; -2.34917
3.47817 ; 4.66336 ; -0.377002 ; 4.41872
4.90765 ; 6.8434 ; -4.63077 ; 2.52246
3.93372 ; 4.35593 ; -4.50668 ; -0.968814
5.00287 ; 7.07365 ; -4.68604 ; -0.557761
3.73591 ; 6.9485 ; -4.31318 ; 4.06099
7.57966 ; 3.5487 ; 4.05568 ; -4.59584
3.90863 ; 2.83455 ; -4.32853 ; -4.08895
3.35643 ; 5.88774 ; 0.00597203 ; 4.78773
4.87898 ; 4.3978 ; -4.9551 ; 1.9371
4.9827 ; 6.66286 ; 1.33393 ; 4.12095
5.12017 ; 3.25004 ; 4.21377 ; -0.265994
4.46604 ; 6.59821 ; -4.79736 ; -2.0313
7.77396 ; 2.91843 ; 4.1292 ; -4.11053
3.48111 ; 3.07972 ; -4.10609 ; -4.20889
5.53059 ; 5.42255 ; 4.36556 ; 4.54461
6.54812 ; 2.89788 ; 4.71707 ; -3.85307
7.30114 ; 3.21232 ; 4.46031 ; -4.37884
5.6913 ; 6.05345 ; -3.56343 ; 4.8395
7.75677 ; 5.0746 ; 3.45447 ; -4.32974
6.69087 ; 5.60504 ; 4.91113 ; -3.45254
7.07561 ; 6.59753 ; -1.95561 ; 4.50143
3.82348 ; 2.81193 ; -4.28519 ; -4.08454
3.66649 ; 2.55886 ; -4.14695 ; -3.70551
6.58877 ; 7.19861 ; 4.66424 ; 4.2095
3.10998 ; 7.59969 ; -3.5097 ; 3.49085
8.13936 ; 7.60098 ; 3.60487 ; 3.54357
7.33281 ; 6.01023 ; 1.26853 ; -4.89645
5.88039 ; 5.67886 ; -5.05294 ; -4.47703
3.74842 ; 4.3091 ; -4.06942 ; 4.14266
5.60562 ; 6.89836 ; 4.67138 ; 4.33734
7.28207 ; 3.37705 ; 4.49354 ; -4.47368
7.42033 ; 6.28472 ; 3.0296 ; 4.64472
7.33185 ; 3.10472 ; 4.34242 ; -4.33284
6.88152 ; 6.38009 ; 3.74089 ; -2.91854
6.01051 ; 3.99884 ; 4.04502 ; -1.22928
5.96979 ; 6.04246 ; -5.08547 ; -3.61521
4.32845 ; 5.27782 ; -4.76574 ; 4.63135
7.00339 ; 3.66343 ; 4.70641 ; -4.5511
4.16832 ; 6.54302 ; -4.46343 ; 4.48207
6.91704 ; 2.75119 ; 4.71439 ; -1.88744
3.46889 ; 4.04848 ; -4.19579 ; -4.55846
3.63965 ; 3.22189 ; -4.22865 ; -4.3566
4.59707 ; 5.67873 ; -4.79923 ; 4.22087
4.02639 ; 3.30157 ; -3.31416 ; -4.4641
3.93949 ; 6.88688 ; -4.45657 ; 3.72397
3.1267 ; 2.86794 ; -3.67037 ; -3.94352
3.92285 ; 6.74783 ; 1.32581 ; 4.42441
6.88547 ; 6.31583 ; -0.995221 ; -3.88196
5.57628 ; 4.54248 ; 2.18806 ; 4.66022
5.64487 ; 3.01941 ; -4.78172 ; -4.2595
4.15858 ; 5.46506 ; -4.51781 ; 4.62378
8.18365 ; 2.69471 ; 3.64122 ; -3.78645
4.90603 ; 3.06551 ; -4.45709 ; -3.15799
5.56819 ; 4.10624 ; -4.5859 ; 3.40466
4.54739 ; 7.07843 ; -4.68589 ; 4.18969
4.22302 ; 7.59745 ; -4.20854 ; 0.937186
4.00893 ; 4.96598 ; -4.58898 ; -4.48359
3.96516 ; 2.98994 ; -4.05272 ; 0.0499658
4.9668 ; 3.6084 ; -4.48812 ; -4.42615
7.46035 ; 6.52515 ; 4.47778 ; 4.49946
7.69601 ; 3.26061 ; 4.25787 ; -4.34037
7.65228 ; 6.79272 ; 4.28035 ; 4.36718
3.99452 ; 6.89046 ; 1.26942 ; 4.32067
7.64093 ; 4.24587 ; 1.04569 ; -4.66185
7.65552 ; 6.10458 ; 4.36383 ; 4.66737
4.22395 ; 7.3118 ; -4.51862 ; 4.05552
6.12323 ; 3.54256 ; 4.70041 ; -4.69683
6.06746 ; 6.89975 ; -4.53399 ; 4.31861
5.14527 ; 4.0531 ; -4.56668 ; -4.55014
7.04969 ; 6.58445 ; 4.70234 ; 4.48312
5.05535 ; 6.11246 ; 3.39966 ; -3.76928
5.60968 ; 3.165 ; 5.1329 ; -1.31352
8.0126 ; 6.95026 ; 2.26833 ; 2.73835
7.93594 ; 6.99303 ; 2.23603 ; 4.18218
3.38495 ; 3.27103 ; -4.04688 ; -4.35567
4.06589 ; 6.99529 ; -4.49183 ; 3.27148
6.20456 ; 5.34434 ; 4.81323 ; 4.91773
4.17179 ; 5.4764 ; -4.65484 ; -0.393648
5.63757 ; 7.28845 ; -4.91527 ; 2.86991
3.95475 ; 4.82915 ; -4.55698 ; -4.78111
7.25532 ; 3.82531 ; 4.59835 ; -4.73981
3.34442 ; 7.14863 ; -3.89368 ; 4.04313
4.86833 ; 4.58836 ; -4.83015 ; -4.62595
3.97097 ; 6.43103 ; -4.49593 ; 3.36588
6.23779 ; 3.04912 ; -1.3323 ; -3.41327
7.6157 ; 4.16223 ; 1.32925 ; 4.42265
4.84328 ; 3.21988 ; -3.18534 ; -4.46586
8.03139 ; 3.2892 ; 3.54628 ; -4.35636
6.32821 ; 4.4944 ; 4.95279 ; -5.02802
7.68709 ; 6.02723 ; 2.77657 ; 1.60844
6.82808 ; 6.64025 ; 4.78928 ; 4.4838
7.17881 ; 3.87927 ; 4.63906 ; 3.13743
8.00175 ; 2.65451 ; 3.83033 ; -3.7932
3.78977 ; 3.0947 ; -4.24645 ; -4.30892
6.38838 ; 3.88417 ; 4.88563 ; -2.67882
3.96855 ; 4.67338 ; -4.54046 ; -0.834454
3.97189 ; 6.2883 ; -1.61131 ; -2.98562
7.51286 ; 5.30693 ; 4.11599 ; -4.02456
6.26712 ; 5.34011 ; 3.45817 ; 4.77739
7.73823 ; 3.6103 ; 4.25408 ; -4.19273
4.44353 ; 4.28552 ; -4.66708 ; -4.91133
5.58124 ; 7.13974 ; -3.61204 ; 4.24059
4.33012 ; 4.53738 ; -4.70725 ; -4.45612
6.30484 ; 7.26737 ; 4.92002 ; 3.74768
7.56635 ; 7.44179 ; 4.26849 ; 3.34425
4.52843 ; 7.54769 ; -4.20907 ; 0.749616
4.46973 ; 7.44839 ; -4.61937 ; 0.280623
5.55374 ; 7.10737 ; 3.42415 ; 2.40676
7.75666 ; 3.46241 ; 4.22672 ; -4.38734
4.74196 ; 4.00417 ; -4.87637 ; 3.62437
5.95599 ; 6.15443 ; 4.1376 ; 4.81828
4.75641 ; 7.02596 ; -4.76422 ; 4.12334
7.94348 ; 3.08196 ; 3.96947 ; -4.19871
7.31279 ; 6.99534 ; 4.50505 ; 2.28828
5.90812 ; 2.78931 ; -4.95845 ; -0.616089
4.4021 ; 5.97913 ; -4.76813 ; -2.17532
4.95385 ; 3.22117 ; -3.61986 ; -0.696278
7.26132 ; 6.54622 ; 4.58941 ; 4.49132
5.58761 ; 3.91947 ; -4.85856 ; 3.7743
4.57535 ; 6.66664 ; -3.09452 ; 4.22718
7.89116 ; 3.10724 ; 3.87247 ; -4.10548
3.86878 ; 3.57705 ; -4.41262 ; -4.55515
6.54315 ; 6.69001 ; 4.72124 ; 4.35853
7.73342 ; 6.86031 ; 4.22964 ; 4.31385
5.38337 ; 5.08263 ; 4.95632 ; -4.5471
4.35209 ; 3.50952 ; -0.0253017 ; -4.28448
3.77805 ; 4.73971 ; -3.23537 ; 1.29517
3.9913 ; 3.98451 ; -4.48293 ; -4.71399
6.72517 ; 7.38334 ; 4.54994 ; 4.04226
5.88711 ; 4.13376 ; 0.528526 ; -4.9352
7.02337 ; 7.0986 ; 4.59446 ; 4.27859
3.1802 ; 6.95586 ; -3.5421 ; 4.17048
7.83345 ; 4.86198 ; -1.34486 ; 3.63395
6.17392 ; 3.11696 ; -4.2968 ; -4.35687
7.8593 ; 2.87845 ; 4.04348 ; -4.04035
7.29789 ; 3.26743 ; 4.48538 ; -4.45091
4.22963 ; 2.89611 ; -4.57525 ; -3.97339
6.41686 ; 3.59651 ; 4.95359 ; -3.45442
5.77661 ; 5.09265 ; 5.06851 ; 1.77644
6.39813 ; 6.87274 ; -0.0928578 ; 4.41253
5.41232 ; 4.04497 ; -3.11543 ; 0.0493562
5.37719 ; 6.52219 ; 0.333994 ; 4.57993
8.23547 ; 3.33101 ; 3.56923 ; -4.34281
6.3699 ; 7.2826 ; 4.78252 ; 4.13656
7.94152 ; 2.41256 ; 3.80746 ; -3.50514
7.44359 ; 7.59408 ; 4.28053 ; 3.74561
6.03006 ; 3.07229 ; 4.72387 ; -3.25411
5.1354 ; 3.91526 ; 5.01413 ; 0.683703
7.60986 ; 5.02154 ; 4.38441 ; -1.93004
4.02841 ; 5.54371 ; -0.708039 ; 4.97586
8.32912 ; 2.44439 ; 3.28226 ; -3.408
3.57324 ; 4.84809 ; -3.85524 ; -5.07915
7.36761 ; 6.89087 ; 4.31519 ; 4.34247
7.52511 ; 7.31421 ; 4.29873 ; 4.0287
3.7146 ; 7.31818 ; -4.22164 ; 3.98805
4.25956 ; 6.1515 ; -4.48608 ; -3.17143
7.20149 ; 7.14472 ; -1.29799 ; 4.09626
7.23561 ; 6.04945 ; 4.61883 ; 4.02346
4.33435 ; 4.73457 ; -4.74831 ; -4.68173
7.29173 ; 4.29594 ; 4.566 ; 2.32735
7.88613 ; 6.12096 ; 4.01318 ; 4.68113
4.21116 ; 7.17918 ; 1.68929 ; 4.07775
5.48063 ; 6.64444 ; -0.441956 ; -3.14942
7.2442 ; 7.17511 ; 4.53629 ; 3.16678
7.04725 ; 5.32168 ; 4.75409 ; -3.62841
5.49902 ; 4.10366 ; 3.41366 ; 1.17011
7.23165 ; 4.41371 ; 4.61459 ; -1.56766
8.03655 ; 6.85367 ; 3.94864 ; 4.26115
3.67005 ; 7.4408 ; -4.15046 ; 3.84374
4.37853 ; 4.68641 ; -4.734 ; 1.58522
6.25419 ; 3.80758 ; -3.62887 ; -4.84544
7.87464 ; 3.97707 ; 0.587358 ; -4.88717
3.41727 ; 6.68639 ; -4.08447 ; 4.19873
4.87039 ; 6.05468 ; -4.43946 ; 4.70973
4.54697 ; 5.50262 ; -4.73075 ; 2.82452
3.81549 ; 2.96959 ; -4.24584 ; -4.21901
6.40989 ; 3.16137 ; 1.67546 ; -3.9198
8.33264 ; 7.63299 ; 3.36808 ; 3.39628
4.89495 ; 3.69285 ; -4.86968 ; -4.71772
6.97071 ; 5.46923 ; 2.77712 ; -0.661206
7.90556 ; 7.22435 ; 4.01355 ; 3.92972
3.23189 ; 6.47025 ; -3.92346 ; 4.29413
5.28594 ; 3.75394 ; -4.93285 ; -4.61735
4.11216 ; 7.22183 ; -4.46499 ; 2.64272
5.56995 ; 3.39099 ; -2.97515 ; -1.63874
4.06829 ; 7.17871 ; -4.21394 ; 4.16764
7.14058 ; 3.33415 ; 4.33379 ; -4.48485
4.31263 ; 3.97572 ; -4.51774 ; -1.561
3.21333 ; 2.66641 ; -3.70795 ; -3.78475
4.91589 ; 7.25769 ; -4.86778 ; 3.75935
4.5823 ; 2.93302 ; -4.75655 ; -3.86467
7.66167 ; 2.53056 ; 4.12281 ; -3.71132
4.4214 ; 4.85051 ; 3.49435 ; -4.21627
6.83794 ; 7.10726 ; 4.77735 ; 0.966761
6.68532 ; 4.84653 ; -2.84642 ; 2.87675
4.42594 ; 4.79071 ; -4.7954 ; -4.67233
3.26172 ; 3.44695 ; 1.50997 ; -0.66981
6.64094 ; 3.38515 ; -3.79667 ; -4.31213
8.11854 ; 4.14619 ; -0.73114 ; -3.75668
4.18857 ; 2.94789 ; -3.36723 ; -1.40223
7.33119 ; 4.2984 ; 4.55013 ; 0.941773
4.18004 ; 6.08212 ; -4.01895 ; 4.74382
3.94772 ; 4.32128 ; -4.51156 ; 1.51022
5.05066 ; 4.40564 ; -2.27664 ; -4.54845
5.84732 ; 6.06194 ; 4.28472 ; 4.81234
5.07064 ; 4.11817 ; -2.75679 ; -4.89528
7.83595 ; 7.20855 ; 4.09187 ; 4.05331
5.40289 ; 4.39221 ; -3.64388 ; -4.97106
4.33415 ; 5.85769 ; -2.06457 ; 4.23391
6.535 ; 6.27597 ; 3.25547 ; 3.60148
6.10026 ; 6.61621 ; 4.94309 ; 4.43107
3.32586 ; 6.49666 ; -4.02113 ; 4.31617
6.06612 ; 3.51846 ; -3.88249 ; -4.33926
5.67872 ; 6.2633 ; -4.87509 ; 4.07823
5.06183 ; 4.3631 ; -4.80822 ; -5.0305
6.66223 ; 6.79138 ; 3.48488 ; 4.47776
5.13462 ; 3.82973 ; -4.98389 ; -1.13496
3.96665 ; 6.58766 ; 0.228031 ; 4.08708
5.47326 ; 3.78313 ; 4.02068 ; -4.27426
6.4838 ; 4.23629 ; 3.48844 ; -4.19014
8.29126 ; 2.75947 ; 3.50331 ; -3.82031
5.10445 ; 5.77828 ; -4.76661 ; 3.39052
4.86842 ; 6.14949 ; -4.8769 ; 4.71015
7.62976 ; 3.67253 ; 4.35831 ; -4.54007
4.64876 ; 5.62377 ; 4.42958 ; 3.69736
4.6199 ; 3.48973 ; -1.22204 ; -4.09036
5.96397 ; 5.97936 ; 4.51479 ; -1.96234
5.33162 ; 3.76924 ; -4.85053 ; -2.41929
4.8487 ; 4.99295 ; -4.87643 ; -1.29542
7.02525 ; 6.72511 ; 4.52276 ; 4.08071
6.39727 ; 3.9288 ; 4.73799 ; -4.84406
7.03798 ; 2.32571 ; 4.54949 ; -1.71302
4.33821 ; 2.37819 ; -3.96115 ; -1.98083
8.0075 ; 2.78378 ; 3.79368 ; -3.93755
8.18329 ; 2.79351 ; 3.63463 ; -3.88979
3.26856 ; 6.95207 ; -3.85249 ; 4.17642
3.73343 ; 7.27923 ; -4.25825 ; 3.92537
7.33217 ; 7.28796 ; 4.46264 ; 3.39143
7.73513 ; 5.7548 ; 3.38297 ; 4.18143
3.49942 ; 3.41277 ; -1.22141 ; -4.48055
3.93029 ; 4.72485 ; -0.614301 ; 5.03706
5.20697 ; 6.76537 ; 4.41619 ; 4.36869
6.83041 ; 3.92522 ; 3.16439 ; -4.82329
2.99624 ; 7.74722 ; -3.30998 ; 3.24548
5.64614 ; 3.58083 ; -4.1671 ; -4.72237
4.90762 ; 3.49758 ; 4.61475 ; 2.04822
5.97039 ; 6.52693 ; 5.10541 ; -1.93679
6.84381 ; 5.99605 ; 4.77306 ; 4.64167
7.01384 ; 2.73359 ; 4.65966 ; -3.22191
4.0398 ; 3.62313 ; -2.2617 ; -4.63363
7.30201 ; 6.77847 ; 4.2833 ; 4.41888
3.80826 ; 7.45212 ; -4.26669 ; 1.41149
3.8757 ; 6.69191 ; -4.41047 ; 1.24373
8.21851 ; 2.97832 ; 3.65775 ; -4.06769
3.52518 ; 6.92718 ; -4.09338 ; 4.25585
5.14879 ; 5.19851 ; 3.71282 ; 4.93917
3.29992 ; 3.49532 ; -2.21807 ; -4.53603
5.0426 ; 2.8357 ; 3.11533 ; -4.09207
7.78977 ; 6.27948 ; 4.19365 ; 4.62388
7.09311 ; 3.73178 ; 4.40617 ; 0.457711
6.84018 ; 5.61338 ; 4.85069 ; 4.69969
5.69784 ; 5.89352 ; -0.436831 ; 4.816
4.77321 ; 4.88607 ; -4.81217 ; -4.99186
7.43076 ; 6.85294 ; -3.43519 ; 1.79072
5.9462 ; 6.35477 ; 4.89277 ; 4.71299
7.23478 ; 7.59643 ; 3.68594 ; 2.60421
3.09624 ; 2.60837 ; -3.52809 ; -3.66093
4.69196 ; 6.28853 ; -4.76475 ; 1.71686
3.66726 ; 7.34811 ; -3.82541 ; 3.9489
7.9017 ; 3.40058 ; 4.0947 ; -4.31936
5.91887 ; 6.8054 ; 4.74648 ; 4.47213
3.50917 ; 7.13089 ; -4.10259 ; 4.06501
5.48692 ; 7.18765 ; 3.74537 ; 2.74124
6.19971 ; 3.38086 ; 4.47869 ; -4.53586
6.644 ; 4.13429 ; 4.51504 ; -4.88678
4.6248 ; 7.32309 ; -4.79518 ; 0.95187
6.75358 ; 6.19306 ; -3.50841 ; 4.70858
4.45192 ; 3.76805 ; -4.5738 ; -4.78799
5.77222 ; 7.27038 ; 2.43972 ; 0.81504
2.99056 ; 7.62814 ; -3.28168 ; 3.42558
4.82738 ; 5.17677 ; 1.23001 ; -4.62659
8.26031 ; 7.58631 ; 3.4543 ; 3.51211
8.45864 ; 7.76544 ; 3.09085 ; 3.1296
4.02859 ; 2.74138 ; -4.44489 ; -3.97054
7.19339 ; 6.89803 ; 4.40768 ; 4.37271
3.67242 ; 6.82649 ; -3.36553 ; 4.34946
5.92235 ; 6.60748 ; 4.62146 ; -1.96959
3.53083 ; 3.86476 ; -1.90125 ; -4.79021
6.62251 ; 4.22554 ; 4.87374 ; -4.90008
4.24611 ; 3.99137 ; -4.69803 ; -4.58621
4.71962 ; 5.69169 ; -3.85611 ; 4.51566
7.51706 ; 4.23701 ; 4.05451 ; -4.33708
5.59359 ; 3.86784 ; 5.16271 ; 0.311589
7.42454 ; 6.82949 ; 4.21936 ; 4.40998
3.40505 ; 3.19104 ; -4.03942 ; -4.29712
5.30131 ; 4.40179 ; -4.91356 ; 3.3991
8.16871 ; 7.21715 ; 3.73461 ; 3.93525
7.41161 ; 2.59694 ; 4.34886 ; -1.38745
6.5519 ; 4.17837 ; 1.75669 ; -4.92906
6.22432 ; 5.70316 ; -2.51233 ; 2.55714
7.21609 ; 5.20737 ; 4.42225 ; 4.8653
7.50554 ; 3.24118 ; 4.24737 ; -4.40915
3.91702 ; 6.66763 ; -3.02261 ; -3.46192
7.78259 ; 6.70289 ; 4.21258 ; 4.27328
7.00389 ; 3.60022 ; 3.39095 ; -4.66174
6.36505 ; 4.92151 ; 4.9621 ; 1.94421
4.42266 ; 5.50675 ; -4.63961 ; -4.78997
3.10457 ; 7.41566 ; -3.58081 ; 3.73451
3.49664 ; 7.04371 ; -4.10076 ; 4.09833
3.09038 ; 2.42754 ; -3.4635 ; -3.42591
3.89356 ; 3.40887 ; -4.38881 ; -4.47414
5.8924 ; 6.20602 ; 5.12299 ; -0.913221
7.21069 ; 4.65273 ; 4.18498 ; 2.96159
6.1153 ; 6.39009 ; 3.19507 ; 1.69651
4.01568 ; 4.63452 ; -4.47591 ; 3.68403
4.16354 ; 4.13823 ; -4.65033 ; -4.54253
3.54575 ; 7.37837 ; -4.08176 ; 3.68079
8.24564 ; 2.57953 ; 3.47715 ; -3.61723
6.03707 ; 4.36483 ; -0.0462372 ; -4.96507
3.90627 ; 3.6271 ; -4.31965 ; -4.44881
4.28466 ; 3.51895 ; -2.8702 ; -4.57022
6.77808 ; 7.09591 ; -3.99125 ; 1.01938
6.20832 ; 4.04888 ; -3.35363 ; -4.93638
5.31422 ; 2.67049 ; 2.08398 ; -0.25438
6.90975 ; 6.50549 ; 4.261 ; -2.30876
5.97946 ; 3.25855 ; -2.92498 ; -4.49092
3.66057 ; 6.67533 ; -3.10661 ; 4.454
4.45455 ; 6.74975 ; 3.38162 ; 4.4529
5.95541 ; 5.54438 ; -4.85054 ; 4.51897
8.23857 ; 2.39038 ; 3.45351 ; -3.34661
3.81427 ; 6.14175 ; -3.5146 ; -0.294697
3.67772 ; 5.48039 ; -1.80346 ; -5.00634
4.7037 ; 3.88198 ; -4.83638 ; -4.81647
8.04954 ; 7.42791 ; 3.78294 ; 3.77851
3.89808 ; 6.68159 ; -4.10853 ; 4.06886
7.6571 ; 5.8303 ; -1.07517 ; 4.63322
4.72437 ; 6.40836 ; -4.80678 ; 4.69146
6.88548 ; 5.90458 ; 3.98965 ; 4.6035
6.96253 ; 3.1273 ; -0.131726 ; -4.33058
5.79382 ; 5.5241 ; 5.09669 ; -2.82644
5.6203 ; 3.58344 ; 4.41931 ; 3.35211
7.91149 ; 2.15536 ; 3.79302 ; -2.92142
5.29886 ; 4.74398 ; 3.31156 ; -4.56995
7.84765 ; 4.30716 ; 4.19719 ; -4.19022
7.6375 ; 7.61306 ; 4.17063 ; 3.61079
5.58588 ; 4.62595 ; 4.62405 ; 4.65656
6.41956 ; 6.6733 ; 4.8109 ; -1.27178
4.05004 ; 6.6769 ; -3.70626 ; 4.49777
6.53143 ; 3.74032 ; 4.98735 ; 1.91134
6.64019 ; 5.4294 ; 4.85338 ; -0.535431
3.38466 ; 2.94461 ; -3.94446 ; -4.10978
4.34062 ; 5.50729 ; -4.70406 ; -1.78348
3.57069 ; 4.64646 ; -3.45905 ; -4.76322
6.43649 ; 6.88399 ; 4.8342 ; 4.29262
4.10565 ; 7.68964 ; -4.47531 ; 3.00385
7.56206 ; 4.51383 ; 2.56105 ; 3.55724
7.26501 ; 4.11144 ; 4.13612 ; -4.81133
5.77914 ; 5.30908 ; 0.855983 ; 3.67854
5.59987 ; 5.38637 ; 5.00849 ; 3.4575
4.50643 ; 6.93336 ; -4.65583 ; 4.38137
4.32845 ; 3.29732 ; -4.5306 ; -4.2326
5.52463 ; 6.40288 ; -1.62411 ; 4.69077
6.6318 ; 7.46951 ; 4.34427 ; 3.95077
6.48445 ; 2.57795 ; -2.26283 ; -2.73295
7.73821 ; 6.60893 ; 0.103649 ; 4.50211
6.23298 ; 4.72973 ; 4.99194 ; -4.74786
3.35267 ; 6.68816 ; -3.97628 ; 4.37477
6.38956 ; 3.73577 ; 4.88264 ; -4.67895
8.29648 ; 3.55371 ; 2.75476 ; -3.71637
7.93392 ; 3.6337 ; 4.05083 ; -4.58103
4.08914 ; 2.40978 ; -3.6899 ; -2.45821
3.67384 ; 6.74139 ; 2.23224 ; 3.57986
3.85371 ; 7.53558 ; -4.22088 ; 3.79949
8.16055 ; 2.50004 ; 3.60835 ; -3.55152
3.46577 ; 7.55855 ; -3.94945 ; 3.6426
6.35564 ; 4.13285 ; 2.28737 ; 3.59923
4.31075 ; 6.61261 ; 3.77126 ; 0.193793
3.67587 ; 4.09279 ; -4.2638 ; 3.4402
3.83356 ; 3.3156 ; -4.3886 ; -4.08355
7.84794 ; 3.29086 ; 4.11797 ; -4.37297
4.21935 ; 5.76968 ; 0.988553 ; 4.80685
3.38609 ; 4.28523 ; 0.0152369 ; -4.20539
7.91596 ; 2.9511 ; 3.99146 ; -4.1155
8.11073 ; 2.44422 ; 3.63417 ; -3.48984
6.84037 ; 2.78212 ; 4.50844 ; -4.10935
7.17374 ; 7.09768 ; 4.35373 ; 4.24802
4.58263 ; 6.02877 ; -2.49581 ; 4.79354
4.98227 ; 4.4179 ; -4.93112 ; -3.16079
7.60069 ; 5.30242 ; 4.40174 ; 4.68485
7.54437 ; 4.73013 ; -2.13482 ; 0.573301
7.81769 ; 7.05838 ; 1.74436 ; 4.13785
7.54332 ; 3.98564 ; 4.37115 ; 3.05657
7.92648 ; 7.17259 ; 4.01656 ; 4.05404
3.66338 ; 6.32428 ; -4.32239 ; 4.46297
5.22375 ; 5.96064 ; -4.89844 ; 4.8109
4.325 ; 6.32391 ; -4.59498 ; 4.31723
3.68158 ; 4.03478 ; -4.37886 ; -4.7247
7.22128 ; 7.03354 ; 4.56639 ; 2.72493
4.60597 ; 6.09228 ; 4.59778 ; -3.32193
6.75888 ; 7.07478 ; -2.87038 ; 4.20339
3.21543 ; 3.83227 ; -3.92998 ; -4.47865
5.82296 ; 3.57442 ; 4.57487 ; -4.70045
4.37691 ; 5.67798 ; -4.71619 ; -3.12574
3.37103 ; 7.27014 ; -3.85534 ; 3.95002
7.15606 ; 2.40133 ; 4.53867 ; -1.54745
4.08933 ; 2.57205 ; -4.4531 ; -3.17441
3.95002 ; 5.59304 ; -4.14691 ; 4.59988
7.71196 ; 5.6432 ; 1.28678 ; 1.21142
4.42919 ; 5.79967 ; -4.48644 ; 3.54076
3.95919 ; 7.08954 ; -4.35623 ; 4.19892
4.38687 ; 3.94216 ; -4.64088 ; -3.23377
4.19459 ; 3.92264 ; -1.5993 ; 4.32223
7.94909 ; 3.05837 ; 4.00326 ; -4.18294
7.35621 ; 6.23807 ; 4.56356 ; 4.65009
5.34177 ; 6.47621 ; -3.57796 ; 4.20997
8.43224 ; 7.1626 ; 2.8222 ; 3.93998
3.28039 ; 5.81378 ; -2.52367 ; 4.90352
3.63646 ; 3.46416 ; 0.918905 ; -4.5186
4.20133 ; 4.81446 ; -4.67364 ; 2.04319
7.35033 ; 5.49235 ; -0.542647 ; 5.01112
3.90589 ; 5.77435 ; -4.49665 ; 3.93297
3.21839 ; 6.29479 ; -2.64667 ; -1.00399
5.27178 ; 6.27663 ; -4.96932 ; -3.39133
4.89344 ; 6.81571 ; -4.76648 ; 4.03514
5.30587 ; 5.87713 ; -4.78297 ; -0.871444
6.88616 ; 3.26399 ; -1.22116 ; -4.43404
8.1887 ; 2.40585 ; 3.47873 ; -3.40799
4.65342 ; 5.67479 ; -3.24924 ; 4.87802
8.2034 ; 3.90396 ; 2.32539 ; -2.94413
7.36804 ; 7.15135 ; 4.42187 ; 4.195
3.59547 ; 4.6897 ; -3.78538 ; -5.08404
7.73357 ; 3.53673 ; 4.2559 ; -4.32039
4.43303 ; 3.97456 ; -2.87919 ; 0.134023
6.0536 ; 3.84911 ; -4.07899 ; -4.86601
7.40731 ; 7.01889 ; 4.43946 ; 3.4048
7.61269 ; 5.30238 ; 4.32623 ; 4.8464
8.19638 ; 6.59378 ; 3.39479 ; 4.38851
3.90067 ; 7.11918 ; 1.05384 ; 0.357918
6.25095 ; 5.55121 ; 4.88483 ; -3.80421
7.55122 ; 7.0552 ; 4.16634 ; 4.21164
3.13047 ; 7.39776 ; -3.53219 ; 3.76438
5.4477 ; 4.82798 ; 0.140332 ; -5.03428
4.30151 ; 3.95829 ; -4.58871 ; -4.83584
7.44873 ; 2.90487 ; 4.32631 ; -4.14883
3.17611 ; 2.43159 ; -3.58162 ; -3.46543
5.6243 ; 5.48035 ; 4.84345 ; -4.7822
6.44153 ; 7.07133 ; 4.03606 ; 4.30642
3.85237 ; 4.19449 ; -4.03742 ; 4.22889
3.96534 ; 6.07236 ; -2.00419 ; 4.73832
6.24587 ; 4.14532 ; 0.235154 ; -4.86558
6.8301 ; 3.3413 ; 4.70359 ; -3.988
3.88414 ; 5.58486 ; -4.50542 ; 4.37304
4.76144 ; 3.22195 ; 4.34537 ; -3.5533
5.19373 ; 6.96211 ; 4.84408 ; 3.7947
4.42672 ; 6.75132 ; -4.4797 ; 4.49901
4.91219 ; 5.19933 ; 1.14832 ; 2.75209
7.36632 ; 4.10213 ; -3.06033 ; 3.55267
7.25577 ; 7.30624 ; 4.49455 ; 1.19769
6.66318 ; 4.13177 ; 4.65248 ; -4.88689
6.82016 ; 4.08696 ; 4.25879 ; -4.79958
4.86823 ; 6.06741 ; -4.89993 ; 2.05931
3.40731 ; 3.00961 ; 1.98684 ; -3.33378
5.27833 ; 5.51255 ; -2.04751 ; 4.78576
7.69626 ; 3.0395 ; 4.20668 ; -4.18239
6.16293 ; 6.28531 ; 4.85912 ; -3.8007
4.31257 ; 5.13709 ; -1.31265 ; 4.95707
3.50348 ; 6.52174 ; -4.18201 ; 4.30604
3.95021 ; 5.19303 ; -3.47747 ; 4.89899
5.08262 ; 6.51595 ; -4.78612 ; 4.43981
7.09739 ; 5.79703 ; 4.68971 ; 3.70854
5.04672 ; 6.24013 ; -4.74052 ; 4.68289
5.49693 ; 3.82978 ; 4.80416 ; -4.65886
6.97509 ; 4.15851 ; 1.51722 ; -4.90923
7.18279 ; 3.13832 ; 4.53319 ; -4.36975
5.51866 ; 3.15533 ; -4.53944 ; -3.9618
3.2706 ; 7.09765 ; -0.706983 ; 2.20631
6.30756 ; 6.74898 ; 3.53054 ; 1.1008
4.56501 ; 5.03246 ; -4.76757 ; -4.99639
7.89899 ; 3.8402 ; 4.1332 ; -4.17486
4.48734 ; 3.17294 ; -4.72161 ; -4.32794
7.14028 ; 5.64713 ; 4.13197 ; 2.23139
6.15178 ; 5.88666 ; 1.46808 ; 4.63633
3.6761 ; 5.79268 ; -4.36577 ; 4.60838
7.22507 ; 3.10694 ; 3.90076 ; -4.33985
7.48803 ; 6.85029 ; 4.40546 ; 4.3101
3.63259 ; 5.72227 ; -3.62055 ; 4.52616
4.36885 ; 4.43082 ; 3.49128 ; 3.06652
6.13088 ; 3.71491 ; 4.69976 ; -4.76548
4.11278 ; 5.29862 ; -3.49877 ; 4.0775
4.22543 ; 3.23676 ; -4.479 ; -4.38899
6.35812 ; 4.73284 ; -1.81749 ; -4.83491
7.37534 ; 5.63356 ; 4.55275 ; 4.5563
7.97492 ; 7.28371 ; 3.2777 ; 3.93273
7.11661 ; 3.03099 ; 4.18253 ; -4.29885
7.40087 ; 7.03027 ; 3.56928 ; 2.24985
5.97402 ; 4.39591 ; -2.85627 ; -4.81668
4.23349 ; 2.58851 ; -4.55302 ; -3.66729
6.06265 ; 5.19724 ; 5.06729 ; 4.5321
8.02416 ; 2.72218 ; 3.84182 ; -3.85209
4.57354 ; 3.42177 ; -4.77704 ; -4.50625
4.31814 ; 3.01729 ; -4.48028 ; -4.31725
5.21286 ; 7.13219 ; -3.2265 ; -0.938047
4.12451 ; 5.73022 ; -4.60177 ; 4.58059
7.60369 ; 5.40542 ; 0.570474 ; -5.29926
3.95088 ; 7.25082 ; -4.39028 ; 4.08493
4.16612 ; 7.19993 ; -4.35414 ; 4.16708
6.43895 ; 5.77403 ; 4.74206 ; 1.73599
4.89884 ; 3.58887 ; -4.7609 ; -4.4425
7.54259 ; 2.42349 ; 4.22207 ; -3.54689
7.613 ; 3.03143 ; 4.23273 ; -4.24574
4.17883 ; 6.70991 ; -4.56753 ; 4.46227
7.35342 ; 4.89798 ; 4.57422 ; -4.06945
7.607 ; 2.98132 ; 4.27278 ; -4.18015
7.36648 ; 3.3145 ; 4.46924 ; -4.12408
4.51013 ; 6.23925 ; 4.27693 ; 4.3776
7.89809 ; 3.32633 ; 4.09208 ; -4.2901
3.79603 ; 4.85732 ; -1.14505 ; 4.82445
7.2425 ; 6.80152 ; 2.94765 ; 0.191639
7.54249 ; 5.50453 ; 3.36903 ; 3.42814
7.14769 ; 6.70793 ; 4.62807 ; 4.46334
4.01085 ; 6.79526 ; -4.50435 ; 4.42534
7.57594 ; 6.42869 ; 4.26894 ; 4.37292
3.80034 ; 6.70449 ; -4.12942 ; 4.42817
4.2761 ; 4.46849 ; -4.67887 ; -3.78044
7.33615 ; 7.17352 ; 4.33809 ; 4.17625
8.03683 ; 4.75959 ; 1.93258 ; 3.20536
6.99746 ; 7.46335 ; 0.716632 ; 2.27045
6.80986 ; 4.74894 ; 4.17079 ; 0.131742
5.9264 ; 5.45585 ; 4.57437 ; 4.74791
6.80146 ; 6.55258 ; -1.76702 ; -3.9433
7.83663 ; 3.04866 ; 4.08073 ; -4.18114
6.88425 ; 4.43908 ; 3.31876 ; 3.76534
7.10486 ; 6.6392 ; 4.55855 ; 4.52637
7.76149 ; 5.90349 ; 1.41661 ; 4.88737
5.60217 ; 4.44877 ; 2.80231 ; 4.68221
7.21389 ; 3.24697 ; 4.54962 ; -4.26983
7.19197 ; 6.23577 ; 3.79709 ; -2.12987
7.49952 ; 2.15882 ; 4.21168 ; -2.74238
8.38955 ; 2.24822 ; 3.1376 ; -3.05258
4.46885 ; 6.24961 ; -4.77278 ; 4.54714
5.36846 ; 5.05407 ; 4.4201 ; 1.21425
7.03824 ; 7.32792 ; 4.30863 ; 4.06959
5.34039 ; 6.33359 ; -4.67174 ; 4.74882
5.85862 ; 6.27662 ; 4.69114 ; 4.76935
4.98739 ; 5.61864 ; -4.09502 ; 4.83345
6.23164 ; 2.92262 ; 4.91366 ; -4.14547
5.43607 ; 3.86809 ; 3.21836 ; -4.68573
7.50512 ; 6.33476 ; 4.28245 ; 4.33499
4.39757 ; 4.93383 ; -4.78546 ; -3.82456
4.04631 ; 3.97657 ; -4.53254 ; -4.78878
4.58559 ; 7.00428 ; -2.477 ; 4.31725
7.04349 ; 4.83671 ; 4.74663 ; 3.80202
5.64725 ; 3.88964 ; 3.73902 ; -4.87128
4.00647 ; 2.35314 ; -3.23317 ; -0.231898
4.85302 ; 4.32925 ; -4.67533 ; -4.9527
7.45208 ; 6.09378 ; 2.8407 ; 4.729
4.35948 ; 7.11308 ; -4.67347 ; 1.48537
7.74098 ; 3.36105 ; 4.21004 ; -4.40284
3.80892 ; 4.80292 ; -4.46571 ; -4.38241
5.79901 ; 5.77253 ; -1.12125 ; -4.65866
7.82741 ; 6.86035 ; -0.107676 ; 4.27427
3.85689 ; 5.42962 ; -4.38465 ; 4.72754
7.74103 ; 7.32931 ; 4.12911 ; 3.9658
7.39746 ; 7.56779 ; 4.33978 ; 3.7774
3.47486 ; 2.57132 ; -3.9657 ; -3.732
3.56692 ; 6.39144 ; -4.14821 ; -1.82761
3.74511 ; 2.73594 ; -4.02391 ; -3.97876
2.88609 ; 7.72095 ; -3.09904 ; 3.23406
5.65189 ; 6.83789 ; 4.69871 ; 4.46745
5.1681 ; 6.95791 ; -4.80666 ; 4.33791
6.94047 ; 4.00891 ; 4.63362 ; -4.78865
5.57765 ; 5.38075 ; 4.89049 ; 5.01723
3.82931 ; 4.03938 ; -4.45363 ; -4.76955
3.26008 ; 3.95813 ; -3.11196 ; -4.55985
5.33832 ; 4.13771 ; 4.72602 ; -3.87433
3.68146 ; 7.29488 ; 0.243345 ; -1.40114
7.38785 ; 4.49066 ; 2.33396 ; -2.44091
2.74506 ; 2.36128 ; -2.84353 ; -3.13563
8.26267 ; 4.15686 ; 0.401965 ; -4.50426
7.01919 ; 7.22168 ; 4.53558 ; 2.57102
5.77311 ; 3.45757 ; 4.57531 ; -4.64069
6.14634 ; 6.40662 ; 4.49859 ; 4.29877
4.30656 ; 3.10467 ; -4.66384 ; -3.55194
7.32798 ; 3.04977 ; 2.89684 ; -4.26203
4.07718 ; 2.83176 ; -4.45472 ; -4.11932
7.66875 ; 2.71703 ; 4.16996 ; -3.88924
3.94362 ; 3.01519 ; -4.34636 ; 1.57087
5.68934 ; 3.15122 ; -3.96707 ; -4.42656
4.5685 ; 5.08984 ; 3.13348 ; 4.1585
5.46543 ; 3.58777 ; -4.62615 ; -1.96222
4.73467 ; 2.73349 ; 4.7791 ; -2.17071
4.41642 ; 4.26547 ; -4.75036 ; -4.46773
5.01227 ; 6.93044 ; -4.79191 ; 4.19769
4.54976 ; 5.16715 ; -4.53587 ; 4.61451
7.26772 ; 4.49856 ; 4.07329 ; 4.4804
4.50569 ; 6.7046 ; -4.70703 ; 4.50728
4.72493 ; 4.10619 ; -4.49 ; -4.59515
3.15706 ; 2.94997 ; -3.72843 ; -3.92471
6.09757 ; 6.12925 ; 4.29364 ; 4.82867
3.1305 ; 2.7446 ; -3.58647 ; -3.84176
5.11983 ; 6.27342 ; 2.2583 ; 3.08192
5.0156 ; 3.54259 ; -4.68302 ; -4.37288
4.49914 ; 4.31908 ; -4.55056 ; -3.50145
3.17787 ; 4.29656 ; -2.98211 ; -4.74664
4.93494 ; 3.47587 ; 2.59183 ; -4.62801
3.30058 ; 2.8259 ; -3.86489 ; -3.91632
4.08219 ; 6.85038 ; -4.5369 ; 1.5011
3.98859 ; 6.97032 ; -4.4533 ; 4.01643
3.84923 ; 6.24214 ; -4.44273 ; 4.51527
4.81292 ; 3.67962 ; -2.13873 ; -1.04025
6.48984 ; 7.13989 ; -4.04204 ; 2.10264
4.51386 ; 3.61806 ; -4.60384 ; -4.71139
7.42611 ; 5.02127 ; -0.835742 ; 1.59563
7.43364 ; 5.08346 ; 4.13828 ; -4.36623
6.0504 ; 2.92327 ; -4.92108 ; -3.33242
8.11533 ; 2.57626 ; 3.59252 ; -3.66614
5.99878 ; 5.86925 ; 4.6024 ; 4.85769
7.55709 ; 5.627 ; 4.45353 ; 4.5585
4.19523 ; 5.14206 ; -4.25454 ; 4.89311
8.19292 ; 3.08766 ; 0.28131 ; 0.035779
5.98722 ; 6.60674 ; -3.6903 ; 4.59947
5.63737 ; 4.1762 ; 5.04202 ; 2.88879
3.4646 ; 3.03621 ; -4.08006 ; -4.17422
4.39926 ; 5.06106 ; -4.7686 ; 4.5877
4.23905 ; 3.78963 ; -4.34378 ; -4.76409
3.58544 ; 3.14089 ; -4.1558 ; -4.32155
6.37514 ; 7.19727 ; 2.19723 ; 2.22088
7.91707 ; 3.58541 ; 4.06752 ; -4.52804
6.82501 ; 6.88576 ; 4.63269 ; 4.16731
4.74894 ; 5.10856 ; 0.0108938 ; -5.02846
3.23424 ; 2.55778 ; -3.70168 ; -3.64368
3.61703 ; 3.48786 ; -3.6493 ; -3.12916
3.4477 ; 5.21657 ; -1.00556 ; 4.47971
4.22324 ; 7.40005 ; -4.51187 ; 3.96509
5.83159 ; 3.45525 ; 4.83013 ; -4.52421
7.64423 ; 2.71756 ; 4.16683 ; -3.95118
7.41784 ; 6.7891 ; -2.07106 ; 3.26551
7.9431 ; 5.08363 ; 3.43913 ; -3.27636
5.56377 ; 5.50341 ; -4.5553 ; -4.79723
5.08416 ; 3.23737 ; -4.62149 ; -4.49748
8.20547 ; 2.23349 ; 3.43686 ; -3.10812
8.29587 ; 7.84264 ; 3.32656 ; 3.10629
3.30678 ; 6.6468 ; -3.83197 ; 4.43086
3.47041 ; 6.66266 ; -3.5214 ; 4.43651
6.14555 ; 5.91023 ; 4.9136 ; 3.58408
7.59019 ; 6.5429 ; 4.33948 ; 4.52848
8.00518 ; 2.8686 ; 3.8997 ; -4.0082
3.75202 ; 3.99825 ; -0.940097 ; 3.85299
3.79248 ; 3.59458 ; -4.41553 ; -4.47395
6.46917 ; 6.44867 ; 2.13103 ; 4.55973
3.09616 ; 2.54258 ; -3.51934 ; -3.58625
5.3943 ; 3.86612 ; -4.53797 ; -4.87255
4.84279 ; 3.97907 ; -2.20546 ; -4.86435
3.89264 ; 6.78195 ; -4.43379 ; 4.22703
5.57995 ; 5.01535 ; 5.1231 ; 3.14242
6.88436 ; 7.27152 ; 4.42996 ; 4.13311
7.57404 ; 2.67955 ; 4.17324 ; -3.92178
7.52085 ; 6.1982 ; 4.46307 ; 4.64193
4.04145 ; 7.3985 ; -4.43208 ; 3.02659
5.05347 ; 6.57991 ; -4.39246 ; 3.74801
6.90625 ; 5.14071 ; 4.74874 ; 3.2955
5.63289 ; 4.0264 ; -4.78007 ; -4.90159
3.51568 ; 4.06248 ; -3.72941 ; -4.81435
4.57734 ; 5.02546 ; -4.86777 ; -4.64955
5.69442 ; 4.23934 ; 2.29031 ; -4.91645
6.1127 ; 5.36749 ; 5.00991 ; 3.20283
4.07583 ; 4.29731 ; -4.26493 ; 4.18231
5.81482 ; 6.11012 ; -2.10013 ; 4.69551
4.60905 ; 5.16765 ; -3.33004 ; -2.44146
5.72423 ; 4.46488 ; -1.69674 ; 4.34964
7.78811 ; 3.52497 ; 2.42286 ; -4.54076
5.13281 ; 4.76368 ; -4.95039 ; -0.647196
7.76049 ; 3.67693 ; 1.61329 ; -4.68228
5.21181 ; 2.99885 ; 5.18547 ; -0.0500815
