7.40827 ; 6.58136 ; 2.98472 ; -3.76081
7.36101 ; 3.11114 ; 4.26872 ; -0.853837
7.38966 ; 4.00026 ; 4.19609 ; -2.29377
2.71757 ; 2.3972 ; -2.56257 ; -3.00037
6.7524 ; 7.82718 ; -0.304941 ; 1.52402
2.94827 ; 2.13005 ; -2.8887 ; -2.5942
7.92519 ; 6.43991 ; 2.87028 ; 1.71654
7.5871 ; 2.49293 ; 2.17488 ; 0.823604
6.2359 ; 2.58857 ; 4.88533 ; -2.45624
7.45769 ; 7.17996 ; 4.19817 ; 3.89717
7.34582 ; 6.5874 ; 4.30332 ; -1.59929
4.13851 ; 7.27584 ; 2.52102 ; 1.97928
4.5997 ; 5.0536 ; -4.70185 ; -4.25398
6.04483 ; 2.83279 ; -4.45947 ; -3.62781
5.5415 ; 4.17064 ; 4.34366 ; -4.15729
4.76962 ; 6.81928 ; 3.66758 ; 4.15522
3.98313 ; 4.4406 ; -4.24702 ; -4.54738
8.08142 ; 6.09017 ; 3.75122 ; 4.00838
6.87743 ; 5.88189 ; 0.885248 ; -0.558488
6.27967 ; 6.56282 ; -3.88817 ; 3.29288
8.32146 ; 7.80132 ; 3.08387 ; 2.93144
2.93458 ; 7.34463 ; -3.14836 ; 3.48404
7.41507 ; 7.2136 ; 3.69948 ; 3.88722
3.70117 ; 6.80122 ; 2.80288 ; 2.42929
4.82315 ; 6.83599 ; -4.05913 ; 4.25588
6.19671 ; 2.91563 ; 4.85563 ; -0.821844
6.63172 ; 2.85791 ; -1.31182 ; -3.34972
8.03889 ; 3.73936 ; -1.02952 ; -1.98131
2.66557 ; 2.10328 ; -2.31105 ; -2.39713
4.72501 ; 6.20107 ; 1.80319 ; -4.28916
7.17821 ; 6.73718 ; 4.43318 ; 2.79713
7.15014 ; 3.56586 ; 0.76903 ; -4.44482
7.22153 ; 6.83247 ; 4.40954 ; 4.12626
8.22992 ; 4.47122 ; 3.48665 ; 2.68155
4.57368 ; 4.17266 ; -4.68727 ; -4.59018
7.71611 ; 3.00428 ; 3.98261 ; -3.99079
5.22124 ; 4.31161 ; -4.15054 ; -4.84448
4.21031 ; 3.21376 ; -4.1904 ; -4.25372
3.90263 ; 7.51653 ; -4.0255 ; 3.58062
5.34832 ; 3.88415 ; -4.97554 ; 2.34224
4.53543 ; 2.71837 ; -1.41505 ; 0.644361
4.41813 ; 7.61555 ; -2.59417 ; 3.47406
3.58809 ; 2.84328 ; 1.54471 ; -1.01584
3.588 ; 3.69567 ; -2.13475 ; -4.40475
3.52506 ; 6.47813 ; -3.89885 ; -0.0319996
4.31789 ; 3.35374 ; -3.40499 ; -4.18566
8.43453 ; 2.80233 ; 3.10694 ; -3.54513
3.9175 ; 3.90334 ; -4.15041 ; -2.39957
4.5592 ; 4.56805 ; -4.58895 ; -3.74778
8.30208 ; 2.21773 ; 3.0809 ; -2.81997
4.20507 ; 3.71306 ; -4.36006 ; -4.58466
8.39679 ; 2.3638 ; 2.9959 ; -3.04642
3.48125 ; 3.09149 ; -3.7744 ; -4.05516
3.01929 ; 7.50717 ; -3.20831 ; 3.24794
6.76933 ; 5.46286 ; -1.29905 ; -3.72033
4.1591 ; 7.5204 ; -4.29238 ; 1.31573
7.82043 ; 2.68968 ; 3.81849 ; -2.68243
4.12156 ; 7.40924 ; -4.27323 ; 3.65601
7.98241 ; 2.50027 ; 3.6207 ; -3.31229
7.28209 ; 6.82817 ; 4.37209 ; 4.22547
7.22955 ; 2.95545 ; -3.38988 ; -2.23854
3.14993 ; 2.76948 ; -3.34884 ; -3.6439
3.91812 ; 7.47093 ; -4.08082 ; 3.63117
6.00731 ; 3.33657 ; 4.83968 ; -3.59407
8.54246 ; 8.20209 ; 2.44652 ; 1.93235
5.54718 ; 7.72699 ; -3.83469 ; 3.33278
7.52797 ; 3.67753 ; 4.24351 ; -4.39134
7.21396 ; 2.73809 ; 3.61467 ; -3.79262
4.28794 ; 3.06425 ; -4.38647 ; -4.17016
3.60895 ; 5.98427 ; -4.02334 ; -1.74524
5.83768 ; 3.32291 ; 4.8653 ; -3.71999
6.08045 ; 3.73283 ; -3.68363 ; -4.65382
7.71092 ; 2.90268 ; 3.93958 ; -3.9087
5.56255 ; 5.91422 ; -4.67772 ; -3.596
3.86083 ; 5.66598 ; -4.25343 ; 3.0689
8.14125 ; 7.74552 ; 3.2886 ; 3.11183
7.96519 ; 3.76659 ; 3.84692 ; -4.36544
7.12632 ; 3.8732 ; 4.4834 ; -3.71298
7.18197 ; 3.17593 ; 2.27713 ; -4.18032
7.66722 ; 6.205 ; 2.35866 ; 4.58008
8.02009 ; 5.57963 ; 3.76244 ; -2.73278
7.6005 ; 7.57728 ; 3.88928 ; 3.15733
4.17174 ; 6.80971 ; -4.36429 ; 3.54364
3.60964 ; 2.82148 ; -3.94009 ; -3.85051
7.923 ; 6.95241 ; 3.83372 ; 3.75258
5.67581 ; 3.72523 ; 3.73456 ; -4.60963
6.957 ; 7.37988 ; 4.55237 ; 3.32922
6.56067 ; 5.78997 ; 3.50178 ; 1.65217
6.65667 ; 6.74101 ; 4.66395 ; -1.37119
3.11038 ; 7.64678 ; -3.24732 ; 3.12378
3.95853 ; 7.68923 ; -4.10443 ; 3.35682
5.28526 ; 4.51375 ; -0.662169 ; -4.8129
7.43481 ; 3.70754 ; 2.83763 ; -3.76601
7.99291 ; 2.82685 ; 1.56481 ; -3.713
4.22415 ; 2.4408 ; 1.75474 ; -2.3495
8.31305 ; 7.69373 ; 3.1699 ; 3.01964
5.21603 ; 4.67048 ; -4.95579 ; 4.25565
4.24115 ; 3.39746 ; -4.15275 ; -0.544991
5.00785 ; 2.9113 ; 3.72178 ; -3.92798
8.13345 ; 6.92645 ; 3.41202 ; 3.84958
3.44626 ; 7.71731 ; -3.6699 ; 3.17689
7.4182 ; 2.67883 ; 4.1661 ; -3.68833
5.55563 ; 3.66188 ; 2.12305 ; -2.54633
7.20804 ; 4.65884 ; 4.49015 ; 2.38904
3.9704 ; 5.13806 ; -4.35244 ; 4.50197
3.51348 ; 2.47118 ; -3.72637 ; -3.42523
6.01618 ; 6.86832 ; 2.81872 ; 0.0314741
3.22843 ; 6.00775 ; -3.19078 ; 4.5724
6.60988 ; 5.57909 ; 1.18144 ; 4.6146
7.71887 ; 5.24312 ; 4.0745 ; 4.58065
6.92861 ; 5.38698 ; 4.61986 ; 0.596169
5.64729 ; 6.18425 ; -4.1745 ; 4.55462
8.1077 ; 6.37242 ; 3.71087 ; 4.32046
7.26022 ; 3.75496 ; 3.09466 ; -4.59635
6.32299 ; 7.16521 ; -3.74155 ; 3.87226
7.3647 ; 6.47045 ; 4.35989 ; 4.40242
7.79938 ; 2.6142 ; 3.8057 ; -3.58923
3.41048 ; 4.24977 ; -3.02364 ; -4.86145
7.51975 ; 3.13079 ; 3.18164 ; 2.89865
3.34921 ; 5.82525 ; -3.76668 ; 4.47829
7.1409 ; 7.52524 ; 4.10988 ; 3.6121
5.14961 ; 6.05035 ; -4.77789 ; 4.2754
4.50971 ; 5.2921 ; 3.47207 ; 4.46199
6.03516 ; 7.35871 ; -2.72227 ; -1.33398
5.06577 ; 5.11783 ; -4.74806 ; 4.76333
3.66069 ; 4.19728 ; -3.52046 ; 2.17908
7.54465 ; 6.67819 ; 2.44432 ; 3.68061
2.84798 ; 2.34398 ; -2.83151 ; -2.99367
4.01526 ; 2.84192 ; -4.29643 ; -0.111091
4.32073 ; 7.21734 ; -4.37209 ; 1.97688
7.79278 ; 2.65382 ; 3.85742 ; -3.4181
7.92264 ; 4.21006 ; 2.36666 ; 4.31903
3.45694 ; 7.76162 ; -3.67459 ; 3.09353
3.12871 ; 6.76579 ; -1.74195 ; 4.14616
6.07541 ; 3.34565 ; 4.21246 ; -2.66897
5.31698 ; 4.0401 ; 3.79185 ; -4.84665
3.40938 ; 7.07984 ; -3.79465 ; 3.88438
7.18796 ; 7.4568 ; 4.03158 ; 3.67645
7.72274 ; 7.25871 ; 3.84914 ; 3.80652
8.62994 ; 7.12737 ; 2.18342 ; 3.68755
7.64998 ; 4.04216 ; 4.09318 ; -4.61827
8.44928 ; 7.47656 ; 1.87231 ; 3.3213
6.31824 ; 6.44894 ; 4.7258 ; 4.50919
7.22724 ; 4.45454 ; 2.49228 ; 4.20837
8.09529 ; 3.23248 ; 2.90463 ; -4.13274
8.09198 ; 5.38809 ; 3.70632 ; -2.07326
5.69559 ; 7.29905 ; -3.52 ; 3.84103
3.53708 ; 6.56588 ; -3.96109 ; 4.30084
3.331 ; 2.27582 ; -3.47512 ; -1.69244
2.6087 ; 2.43671 ; -2.40258 ; -2.99898
5.0926 ; 4.40376 ; -4.5127 ; -4.93701
6.80387 ; 5.11964 ; 3.47938 ; -4.96225
2.92472 ; 2.10695 ; -2.83664 ; -2.57161
4.49654 ; 5.27994 ; 2.03781 ; -1.04656
7.94249 ; 7.06317 ; 3.78824 ; 3.81972
8.13494 ; 6.47857 ; 3.11127 ; 4.0502
3.77309 ; 3.95941 ; -1.32857 ; -0.751118
6.80304 ; 3.92757 ; 4.30922 ; -4.54959
8.49902 ; 2.73617 ; 2.97194 ; -3.38777
3.31306 ; 4.05894 ; -3.7704 ; -4.6595
7.99328 ; 7.87712 ; 3.50541 ; 2.9621
3.95768 ; 4.36463 ; -4.32769 ; 0.876632
7.62554 ; 5.8162 ; 2.64845 ; -4.10019
6.99951 ; 6.84853 ; 4.5057 ; 4.24668
6.64998 ; 7.1687 ; 4.18967 ; 3.96122
6.85611 ; 5.69782 ; -2.39995 ; 1.14912
3.45764 ; 3.27697 ; -0.11062 ; 3.56451
4.26692 ; 7.67187 ; -4.09628 ; 3.42705
8.03202 ; 7.76433 ; 1.90367 ; -0.255028
3.49221 ; 2.84322 ; 2.25204 ; -0.278888
3.98839 ; 7.23763 ; 1.63165 ; 3.75449
8.27293 ; 7.76376 ; 3.21256 ; 2.99924
6.81775 ; 3.0989 ; 4.22319 ; -4.10695
6.23863 ; 4.67528 ; 4.22001 ; -3.43295
7.76264 ; 7.24445 ; 3.68844 ; 3.61942
5.20575 ; 4.00543 ; -2.59997 ; -4.46673
5.08342 ; 3.48116 ; -4.38251 ; -4.50809
3.0316 ; 7.40988 ; -3.24836 ; 3.44659
5.07338 ; 3.85318 ; -4.62824 ; -2.3201
5.85301 ; 4.4328 ; -2.42102 ; 3.97857
3.94677 ; 6.43031 ; -1.95318 ; 3.9883
3.60225 ; 2.23848 ; -3.81527 ; -1.85196
7.22153 ; 3.76317 ; 4.40395 ; -4.56939
8.15266 ; 2.83182 ; 3.51317 ; -3.72641
7.54088 ; 3.63749 ; 3.86242 ; -4.35587
4.58636 ; 4.93453 ; -4.29019 ; 0.99476
3.69178 ; 3.95467 ; -4.03919 ; -4.64597
3.52853 ; 6.79166 ; -3.12286 ; 4.13512
3.5636 ; 3.13194 ; -3.93717 ; -4.10433
6.9627 ; 2.73789 ; 4.27527 ; -3.84608
4.08209 ; 7.36038 ; 1.81593 ; 3.6243
6.37028 ; 6.48005 ; 3.68108 ; 3.69158
3.5191 ; 3.42839 ; -3.97648 ; -4.17197
7.54087 ; 3.80204 ; 4.20313 ; -4.55215
3.77881 ; 5.89656 ; -4.14335 ; -4.00076
5.30351 ; 3.5319 ; -4.2848 ; -4.54283
8.36174 ; 2.35537 ; 3.0566 ; -2.99256
7.98004 ; 3.15318 ; 3.66412 ; -0.492203
2.8354 ; 7.43019 ; -2.9223 ; 3.39555
2.77465 ; 2.88739 ; -2.9317 ; -3.66383
8.84852 ; 1.83323 ; 1.44758 ; -1.33651
3.06037 ; 7.94991 ; -3.09395 ; 2.69658
3.77983 ; 6.49385 ; -3.63913 ; -3.7394
5.96264 ; 7.23106 ; 4.71332 ; 3.928
2.92234 ; 2.29025 ; -2.93908 ; -2.93998
3.18447 ; 3.1831 ; -3.42503 ; -4.11232
2.73044 ; 8.06218 ; -2.41185 ; 2.23485
3.93739 ; 7.2795 ; -3.71395 ; 3.78837
7.7292 ; 7.4498 ; -0.399774 ; 2.10656
5.41295 ; 7.07394 ; -4.49812 ; -0.901475
7.8593 ; 2.26888 ; 3.65906 ; -3.08106
6.31822 ; 5.11566 ; 3.40155 ; -4.07474
6.49671 ; 2.32999 ; 4.61338 ; -2.87616
7.36481 ; 4.47657 ; 4.25123 ; -4.58851
4.73455 ; 2.60177 ; -3.44805 ; -1.69174
5.39538 ; 3.32126 ; -4.88259 ; -3.55042
3.93488 ; 2.36706 ; -4.11762 ; -3.33529
3.49749 ; 7.81504 ; -3.65541 ; 3.09807
3.03912 ; 2.4881 ; -3.21081 ; -3.30159
3.71828 ; 3.19321 ; -3.8114 ; -4.17747
3.13481 ; 2.65073 ; -3.39972 ; -3.54738
5.78062 ; 7.18926 ; 4.64033 ; 3.96134
8.51631 ; 2.51769 ; 2.85538 ; -3.20877
6.15473 ; 3.4328 ; 4.61688 ; -4.46687
7.6753 ; 6.36743 ; 4.11993 ; 3.96653
7.15915 ; 2.88053 ; 4.32234 ; -3.97329
5.70839 ; 2.68909 ; 4.00217 ; -3.78579
3.92422 ; 6.54647 ; -4.27935 ; 4.28029
7.45901 ; 3.33696 ; 4.22275 ; -3.29056
6.11628 ; 7.39594 ; 4.11703 ; 3.77965
6.93014 ; 5.27292 ; -3.36101 ; 4.98039
3.97113 ; 4.44608 ; -4.346 ; 2.57284
4.47867 ; 5.37253 ; -4.59537 ; 4.46015
5.92523 ; 3.00098 ; 3.45531 ; -3.92422
4.32652 ; 5.09141 ; -4.57925 ; 3.76654
4.86082 ; 5.26568 ; -4.69208 ; 3.32863
2.91461 ; 7.62895 ; -2.9997 ; 3.15116
5.56162 ; 7.3323 ; -4.01336 ; 3.83221
5.78042 ; 7.11045 ; -2.69439 ; 4.00838
3.90657 ; 2.4005 ; -3.81896 ; -3.38954
8.63774 ; 2.14895 ; 2.39405 ; -2.50514
3.20056 ; 6.66906 ; -2.3786 ; 1.68251
8.05291 ; 7.48637 ; 3.5834 ; 3.25844
7.33384 ; 5.41064 ; -0.864127 ; 4.66696
5.84033 ; 2.92507 ; -1.75566 ; -4.03191
3.92528 ; 7.12918 ; -4.11538 ; 3.60806
8.1073 ; 5.00946 ; 1.02394 ; 5.08376
3.19787 ; 7.19414 ; -3.53236 ; 3.75517
8.52591 ; 2.02829 ; 2.56742 ; -2.257
4.76847 ; 6.04871 ; -3.92791 ; -0.464864
6.38574 ; 6.13342 ; 4.4387 ; 4.65536
5.59405 ; 6.75084 ; -2.87974 ; 4.32012
3.15995 ; 6.95602 ; -3.52164 ; 3.96034
4.60941 ; 6.301 ; 1.86728 ; 3.9481
6.53919 ; 6.45127 ; -2.66414 ; 4.41952
8.36936 ; 6.6161 ; 1.02364 ; 3.8614
2.88154 ; 7.851 ; -2.84126 ; 2.6243
4.83587 ; 5.56257 ; -4.75639 ; -2.38442
4.03505 ; 5.45859 ; -4.36042 ; 4.4129
3.51673 ; 3.71191 ; -3.89033 ; 1.90468
6.67427 ; 7.4422 ; 4.2867 ; 3.723
6.71804 ; 5.27529 ; 4.67711 ; 0.0195646
7.72824 ; 2.6357 ; 3.89936 ; -3.56757
3.08173 ; 6.86304 ; -3.44328 ; 4.00499
8.32691 ; 7.32976 ; 3.28481 ; 3.4995
6.99453 ; 7.03071 ; 4.47116 ; 4.10481
6.77914 ; 7.38233 ; 3.87909 ; 3.77336
8.43453 ; 2.35411 ; 2.9141 ; -3.00044
2.74012 ; 1.93523 ; -2.34186 ; -1.97436
3.46046 ; 3.60867 ; -2.64332 ; -4.47025
6.25705 ; 4.00762 ; 3.32947 ; -4.77012
6.11046 ; 3.98473 ; -4.31348 ; -4.49564
3.22701 ; 7.73358 ; -3.1532 ; 3.12167
8.07819 ; 2.19921 ; 3.38713 ; -2.88704
4.99975 ; 6.87274 ; 4.06636 ; 4.04117
4.3748 ; 6.94788 ; -4.45632 ; 4.16499
6.20257 ; 3.03575 ; -3.7174 ; -4.11403
6.54014 ; 4.69509 ; -0.919783 ; -4.2098
3.82066 ; 3.61646 ; -3.63472 ; 2.26595
7.01145 ; 4.10929 ; 0.664018 ; -4.61459
7.01834 ; 6.43413 ; 3.97523 ; 2.50321
2.62441 ; 2.01677 ; -2.11821 ; -2.14755
3.8929 ; 2.54286 ; -4.07119 ; -3.59023
7.92771 ; 7.44762 ; -0.130472 ; 0.310508
7.89254 ; 3.43255 ; 3.87947 ; -3.70156
4.79223 ; 3.91743 ; -4.42779 ; -3.63654
7.3015 ; 3.49099 ; 4.31638 ; -3.5424
4.12459 ; 6.8209 ; 2.73879 ; 4.01798
3.56462 ; 2.31634 ; -2.54821 ; -0.558108
3.92825 ; 5.24747 ; -3.78771 ; 3.89655
7.61934 ; 5.19079 ; 4.17746 ; 1.06899
4.29864 ; 3.28868 ; 1.58687 ; -4.29492
8.36183 ; 2.00584 ; 2.86285 ; -2.15682
8.58378 ; 2.13054 ; 2.51257 ; -2.50272
2.92388 ; 2.52437 ; -3.04612 ; -3.28682
7.56635 ; 7.12236 ; 3.18891 ; 3.93961
5.51029 ; 3.58387 ; -3.75808 ; -2.35921
2.87433 ; 2.20653 ; -2.80637 ; -2.75483
7.94353 ; 7.35368 ; 2.73776 ; 3.62153
4.28896 ; 7.27979 ; 2.66173 ; -1.83428
8.70345 ; 7.99606 ; 2.21482 ; 2.32039
3.67357 ; 6.97897 ; -3.64023 ; 3.77326
3.12495 ; 4.646 ; -3.5804 ; -0.926455
4.82965 ; 5.50064 ; -1.12493 ; -4.24555
7.90184 ; 2.39215 ; 3.65713 ; -3.25936
7.3496 ; 5.42334 ; 1.07945 ; 4.69937
7.67173 ; 3.06247 ; 3.78961 ; -4.05258
3.1765 ; 7.98224 ; -3.23423 ; 2.68482
6.46744 ; 2.51654 ; 4.6813 ; -3.53966
8.42865 ; 6.12518 ; 3.29005 ; 4.06841
3.65746 ; 6.80317 ; -4.0113 ; 1.26111
4.55419 ; 2.60424 ; -1.21181 ; -3.65288
7.88696 ; 6.9293 ; 0.874763 ; 4.047
5.64302 ; 4.46247 ; 4.86277 ; 0.444335
3.8383 ; 6.29033 ; -4.16779 ; 1.45244
4.87256 ; 3.93801 ; -3.37692 ; -4.35173
6.90489 ; 6.70033 ; 0.193136 ; -1.62851
7.80319 ; 2.37898 ; 3.67162 ; 0.594073
3.52522 ; 4.43286 ; -0.885204 ; 4.72078
6.46006 ; 6.50765 ; 4.72653 ; 4.46333
3.80526 ; 6.55505 ; 2.99548 ; -1.60855
8.46948 ; 7.93713 ; 2.79538 ; 2.6064
2.89678 ; 7.65207 ; -2.97653 ; 3.08712
3.42901 ; 6.71501 ; -3.82781 ; 4.19169
8.2886 ; 2.14423 ; 3.06318 ; -2.51986
5.17041 ; 2.76476 ; -4.82017 ; -1.84657
3.44047 ; 5.10523 ; 0.327776 ; 4.5535
4.44457 ; 7.09565 ; -4.3336 ; 2.09751
3.48306 ; 4.25904 ; -3.94168 ; -0.841829
4.53427 ; 7.01788 ; -4.40072 ; -1.30151
3.30459 ; 7.3546 ; -3.62163 ; 3.41193
7.98522 ; 3.08911 ; 3.45434 ; -4.02857
3.47577 ; 2.42566 ; -3.68592 ; -3.32467
3.35702 ; 6.36651 ; 0.824149 ; 4.39801
4.38347 ; 4.59151 ; -4.60755 ; 2.27904
5.11609 ; 7.07496 ; 1.68726 ; 3.65898
5.54155 ; 3.22344 ; 4.443 ; 0.28152
3.98631 ; 6.39508 ; -4.31881 ; -2.71515
8.18688 ; 2.50738 ; 3.36769 ; -3.33656
3.0705 ; 2.65884 ; -3.32648 ; -3.49886
5.96714 ; 5.87701 ; 4.4333 ; 4.41534
7.01983 ; 2.51258 ; 4.35132 ; -3.20877
7.74717 ; 2.77444 ; 3.8792 ; -3.73894
5.33495 ; 6.5374 ; -3.69122 ; 4.45257
8.10221 ; 4.64163 ; 2.90794 ; -4.36627
7.18198 ; 5.25979 ; 4.51691 ; -3.76688
6.88005 ; 7.04768 ; -2.57538 ; 3.96458
3.39496 ; 2.40348 ; -3.60974 ; -3.30134
3.2518 ; 2.18831 ; -3.39253 ; -2.82236
7.05519 ; 7.61956 ; 4.3087 ; 3.50394
2.75901 ; 7.94878 ; -2.52511 ; 2.50042
8.49984 ; 7.95534 ; 2.6779 ; 2.56575
7.45966 ; 5.52059 ; 0.854592 ; -5.12595
5.3751 ; 5.23116 ; -4.96427 ; -4.66571
3.34147 ; 4.72336 ; -3.50507 ; 4.44337
6.07276 ; 7.33209 ; 4.65983 ; 3.75943
7.73142 ; 2.92969 ; 3.9268 ; -3.88538
7.72329 ; 6.74919 ; 2.61513 ; 4.17715
7.76609 ; 2.67143 ; 3.76183 ; -3.6521
7.25561 ; 6.08824 ; 3.4737 ; -3.52553
6.41502 ; 3.87591 ; 4.02204 ; -1.0356
5.46125 ; 5.68094 ; -5.01522 ; -4.04233
3.85188 ; 5.74096 ; -4.29393 ; 4.51627
7.47403 ; 3.20832 ; 4.21992 ; -4.07763
3.72198 ; 6.99123 ; -3.95267 ; 3.96072
7.38848 ; 2.56245 ; 4.19706 ; -1.20608
3.04931 ; 3.59263 ; -3.47608 ; -4.19054
3.21678 ; 2.78623 ; -3.51884 ; -3.70194
4.11715 ; 6.10081 ; -4.39993 ; 4.0647
3.69498 ; 2.85516 ; -2.88424 ; -3.85676
3.49383 ; 7.25928 ; -3.83123 ; 3.16308
2.75966 ; 2.47359 ; -2.7364 ; -3.12683
4.05543 ; 7.19027 ; 2.07085 ; 3.81563
6.78595 ; 5.92763 ; -1.46793 ; -4.3943
5.79509 ; 5.00851 ; 2.38776 ; 4.75927
5.1667 ; 2.59346 ; -4.7054 ; -3.63485
3.7068 ; 5.92744 ; -4.03951 ; 4.44795
8.54778 ; 2.31607 ; 2.70322 ; -2.89027
4.46032 ; 2.74971 ; -4.19863 ; -2.65872
5.1096 ; 4.44671 ; -4.5277 ; 3.81788
4.0788 ; 7.4974 ; -4.2356 ; 3.52772
3.80216 ; 7.69117 ; -3.68404 ; 0.0374897
3.55003 ; 4.51762 ; -4.04574 ; -4.4651
3.55988 ; 2.99494 ; -3.49423 ; 0.807186
4.51799 ; 3.16578 ; -4.26162 ; -3.99341
7.90813 ; 6.9751 ; 3.86707 ; 3.96741
8.12179 ; 2.82657 ; 3.54755 ; -3.69304
8.08031 ; 7.22944 ; 3.603 ; 3.7354
4.12146 ; 7.32252 ; 1.99247 ; 3.67737
7.7455 ; 3.77968 ; 0.489258 ; -4.34108
8.09191 ; 6.57132 ; 3.71732 ; 4.24994
3.77209 ; 7.71736 ; -3.96144 ; 3.2837
6.59327 ; 3.07288 ; 4.51045 ; -4.18398
5.61407 ; 7.33161 ; -4.643 ; 3.74025
4.6886 ; 3.59808 ; -4.38852 ; -4.24583
7.51993 ; 7.03276 ; 4.20144 ; 3.95649
5.39531 ; 5.73553 ; 3.73678 ; -4.2085
6.12297 ; 3.03365 ; 4.98998 ; -0.830716
8.23944 ; 7.2241 ; 1.53404 ; 2.15162
8.15954 ; 7.41125 ; 1.53537 ; 3.46491
2.98026 ; 2.83546 ; -3.2486 ; -3.69835
3.61671 ; 7.32244 ; -3.90189 ; 2.71209
6.68588 ; 5.83611 ; 4.59447 ; 4.72263
3.70631 ; 5.43703 ; -4.15134 ; -0.579923
5.14604 ; 7.57544 ; -4.79137 ; 2.26665
3.49905 ; 4.35104 ; -3.99916 ; -4.65165
7.71515 ; 3.35133 ; 4.05093 ; -4.26917
2.95505 ; 7.55294 ; -3.0572 ; 3.26078
4.38531 ; 4.12577 ; -4.51355 ; -4.46633
3.52137 ; 6.76762 ; -3.90966 ; 3.02241
6.10456 ; 2.7078 ; -1.64776 ; -2.89292
7.74862 ; 4.6045 ; 0.801909 ; 4.74163
4.52474 ; 2.7733 ; -3.06479 ; -3.87208
8.38601 ; 2.85356 ; 2.76996 ; -3.68502
6.82349 ; 3.9916 ; 4.65641 ; -4.73544
7.96475 ; 6.18807 ; 2.26983 ; 1.40006
7.307 ; 7.08863 ; 4.34575 ; 3.94779
7.64272 ; 4.19301 ; 4.11492 ; 3.68498
8.38478 ; 2.27519 ; 2.96322 ; -2.90005
3.36513 ; 2.66381 ; -3.58992 ; -3.61978
6.87694 ; 3.61629 ; 4.57491 ; -2.49755
3.5145 ; 4.58994 ; -3.98945 ; -0.803162
3.81076 ; 5.98974 ; -1.17934 ; -3.58673
7.92446 ; 4.90447 ; 3.5949 ; -4.18975
6.61294 ; 5.81785 ; 3.43658 ; 4.61882
8.16364 ; 3.19103 ; 3.55614 ; -3.71426
3.97682 ; 3.79439 ; -4.24937 ; -4.58234
5.22003 ; 7.5638 ; -3.69703 ; 3.57816
3.8594 ; 4.09177 ; -4.24748 ; -4.3097
6.79684 ; 7.64213 ; 4.60232 ; 3.0862
7.9932 ; 7.77622 ; 3.56776 ; 2.5417
4.10752 ; 7.62265 ; -3.8147 ; -0.116297
4.0078 ; 7.47645 ; -4.12959 ; -0.583572
5.89616 ; 7.34805 ; 3.61548 ; 1.88635
8.17933 ; 3.02367 ; 3.51264 ; -3.81207
4.25432 ; 4.36661 ; -4.49904 ; 4.06046
6.36975 ; 6.63626 ; 4.12144 ; 4.40328
4.27999 ; 7.4383 ; -4.37493 ; 3.50607
8.34043 ; 2.66209 ; 3.16735 ; -3.46913
7.7633 ; 7.22417 ; 3.91495 ; 1.7459
5.41228 ; 2.7277 ; -4.93024 ; 0.0942975
3.92528 ; 5.76159 ; -4.30316 ; -2.64706
4.59187 ; 3.15154 ; -3.50549 ; -0.173735
7.72026 ; 6.99535 ; 4.03493 ; 3.96533
5.10175 ; 4.2969 ; -4.7425 ; 4.21175
4.26589 ; 7.08936 ; -2.88444 ; 3.7294
8.27841 ; 2.69669 ; 3.11148 ; -3.40829
3.42752 ; 3.12154 ; -3.80028 ; -4.03048
7.01527 ; 7.12586 ; 4.39162 ; 3.8405
8.15638 ; 7.29169 ; 3.51754 ; 3.65496
5.879 ; 4.62792 ; 4.93102 ; -4.54828
4.34956 ; 3.08107 ; 0.411362 ; -3.81618
3.45452 ; 4.86923 ; -2.77834 ; 1.50645
3.543 ; 3.51311 ; -3.93034 ; -4.31532
7.18016 ; 7.78757 ; 4.15748 ; 3.26786
5.93996 ; 3.64024 ; 0.522663 ; -4.56428
7.48282 ; 7.52646 ; 4.09468 ; 3.57979
2.82599 ; 7.3729 ; -2.6803 ; 3.44187
7.69896 ; 5.22538 ; -2.18912 ; 3.82364
5.74424 ; 2.68127 ; -4.49959 ; -3.74702
8.26365 ; 2.47441 ; 3.24873 ; -3.24742
7.74642 ; 2.82234 ; 3.90513 ; -3.82065
3.7721 ; 2.49877 ; -4.02603 ; -3.28334
6.91222 ; 3.25107 ; 4.60627 ; -3.13975
6.28346 ; 5.2703 ; 4.90306 ; 1.90689
6.38885 ; 7.31399 ; -0.334925 ; 3.81806
5.10078 ; 4.04991 ; -3.19627 ; 0.343396
5.41059 ; 6.98018 ; 0.468462 ; 4.09426
8.59239 ; 2.89673 ; 2.68809 ; -3.67169
6.84815 ; 7.69626 ; 4.47567 ; 3.41384
8.32227 ; 2.06204 ; 2.94142 ; -2.51594
7.87165 ; 7.96865 ; 3.61838 ; 2.83995
6.50244 ; 2.74688 ; 4.54735 ; -2.76035
5.63681 ; 3.98363 ; 5.04861 ; 1.0834
8.0483 ; 4.82854 ; 3.77854 ; -2.07862
3.95761 ; 6.04129 ; -0.258539 ; 4.68475
8.65735 ; 2.10359 ; 2.25346 ; -2.38706
3.18771 ; 4.34018 ; -3.25743 ; -4.8736
7.79913 ; 7.32511 ; 3.74721 ; 3.69707
7.95499 ; 7.71708 ; 3.62553 ; 3.22406
3.29243 ; 7.71698 ; -3.49766 ; 3.17295
3.81095 ; 5.83435 ; -4.02656 ; -3.69971
7.07169 ; 7.55435 ; -1.96647 ; 3.39283
7.69749 ; 6.45179 ; 4.09307 ; 3.76345
3.85952 ; 4.2664 ; -4.28322 ; -4.54952
7.74833 ; 4.52868 ; 4.03436 ; 2.74519
8.28745 ; 6.58908 ; 3.31863 ; 4.24189
4.38009 ; 7.58695 ; 2.3762 ; 3.36405
5.43643 ; 6.32949 ; -0.415815 ; -3.81483
7.69782 ; 7.49179 ; 3.95341 ; 2.53776
7.52266 ; 4.95883 ; 4.28297 ; -3.84183
5.84038 ; 4.22067 ; 3.61041 ; 1.5499
7.69311 ; 4.25695 ; 4.0991 ; -1.4988
8.43142 ; 7.27978 ; 3.13058 ; 3.58475
3.25501 ; 7.82518 ; -3.40313 ; 2.98007
3.90513 ; 4.84493 ; -4.28649 ; 1.8256
5.89131 ; 3.32303 ; -3.92855 ; -4.38607
7.93338 ; 3.48835 ; -0.129692 ; -4.39869
3.00883 ; 7.10627 ; -3.30745 ; 3.61222
4.42644 ; 6.52565 ; -4.19629 ; 4.34256
4.07389 ; 5.78507 ; -4.33534 ; 2.84601
3.3909 ; 2.54769 ; -3.58916 ; -3.48983
6.57743 ; 2.76939 ; 1.5694 ; -3.38854
8.66945 ; 7.97262 ; 2.34443 ; 2.383
4.40798 ; 3.22108 ; -4.53506 ; -4.2507
7.24842 ; 5.40311 ; 2.56348 ; -0.86174
8.30691 ; 7.61733 ; 3.21266 ; 3.14091
2.83954 ; 6.89967 ; -3.0957 ; 3.76668
4.79266 ; 3.2922 ; -4.70681 ; -4.20233
3.66566 ; 7.4861 ; -3.88043 ; 2.0042
5.27244 ; 3.22712 ; -3.10807 ; -1.26746
3.6469 ; 7.59548 ; -3.66081 ; 3.4282
7.57396 ; 2.88566 ; 3.8504 ; -3.88763
3.86085 ; 3.81962 ; -4.07708 ; -1.36269
2.84254 ; 2.28794 ; -2.79077 ; -2.89316
4.42911 ; 7.63362 ; -4.49977 ; 3.095
4.10665 ; 2.54655 ; -4.30749 ; -3.23016
8.07395 ; 2.15943 ; 3.37066 ; -2.80445
4.77083 ; 4.42889 ; 4.0054 ; -4.21235
7.31567 ; 7.20394 ; 4.30715 ; 0.332416
6.40068 ; 5.13421 ; -3.30553 ; 3.1032
3.9464 ; 4.32348 ; -4.34969 ; -4.56049
3.41272 ; 3.37997 ; 2.56072 ; -0.12256
6.26128 ; 2.95394 ; -4.22364 ; -3.79918
8.04542 ; 3.77053 ; -1.686 ; -3.52508
3.85185 ; 2.80766 ; -2.97255 ; -0.775753
7.78621 ; 4.39257 ; 4.00697 ; 1.28058
3.77814 ; 6.5565 ; -3.6141 ; 4.33423
3.49657 ; 4.4723 ; -3.94982 ; 1.8746
4.82299 ; 3.95079 ; -2.26188 ; -4.35228
6.27579 ; 6.54317 ; 4.27656 ; 4.42907
4.79496 ; 3.62864 ; -2.74739 ; -4.52964
8.24514 ; 7.61388 ; 3.31605 ; 3.2632
5.0385 ; 3.8951 ; -3.68438 ; -4.67082
4.12769 ; 6.28108 ; -1.80845 ; 4.01021
6.86055 ; 6.63611 ; 3.1501 ; 3.33822
6.59457 ; 7.05931 ; 4.70678 ; 3.94001
2.92375 ; 6.92827 ; -3.22533 ; 3.78161
5.67787 ; 3.08454 ; -4.10122 ; -3.89284
5.19121 ; 6.67113 ; -4.77699 ; 3.77485
4.58101 ; 3.86005 ; -4.55276 ; -4.70398
7.01072 ; 7.23915 ; 3.30037 ; 3.89222
4.63623 ; 3.71623 ; -4.69837 ; -0.879957
3.98945 ; 6.99637 ; 0.844853 ; 3.60386
5.87533 ; 3.35571 ; 4.1601 ; -3.9379
6.83264 ; 3.81728 ; 3.38789 ; -3.99925
8.64159 ; 2.37744 ; 2.52693 ; -2.93948
4.62778 ; 6.11733 ; -4.52904 ; 3.31104
4.38073 ; 6.62051 ; -4.53179 ; 4.31194
8.06559 ; 3.21852 ; 3.69464 ; -4.0303
5.09172 ; 5.9935 ; 4.74707 ; 3.63023
4.49769 ; 3.0807 ; -0.991306 ; -3.65936
6.41545 ; 5.78313 ; 4.42951 ; -2.40296
4.84657 ; 3.52732 ; -4.65984 ; -2.21146
4.36106 ; 4.86341 ; -4.54297 ; -1.40622
7.47752 ; 7.13318 ; 4.0622 ; 3.57128
6.87107 ; 3.4444 ; 4.46226 ; -4.42159
7.49293 ; 2.15441 ; 3.98318 ; -0.789199
3.94209 ; 2.1801 ; -3.52209 ; -1.10929
8.38686 ; 2.39003 ; 2.94499 ; -3.09268
8.54675 ; 2.40453 ; 2.71104 ; -3.03303
2.88331 ; 7.36971 ; -3.00497 ; 3.4587
3.30761 ; 7.67176 ; -3.54106 ; 3.13987
7.77843 ; 7.6271 ; 3.84735 ; 2.68712
8.07343 ; 6.17294 ; 2.84056 ; 3.98367
3.37728 ; 2.96471 ; -0.532085 ; -3.87301
3.86886 ; 5.22856 ; -0.123625 ; 4.99729
5.64859 ; 7.20224 ; 4.58771 ; 3.83176
7.14685 ; 3.44289 ; 2.961 ; -4.38956
2.66524 ; 8.07176 ; -2.25086 ; 2.16828
5.22943 ; 3.10859 ; -4.21236 ; -4.22461
5.3691 ; 3.7024 ; 4.83062 ; 2.69401
6.48094 ; 6.33326 ; 4.86618 ; -2.55883
7.32112 ; 6.46021 ; 4.35432 ; 4.30139
7.4798 ; 2.4114 ; 4.11424 ; -2.52426
3.81364 ; 3.15976 ; -1.8783 ; -4.12143
7.73034 ; 7.22036 ; 3.75661 ; 3.81114
3.38159 ; 7.59327 ; -3.56358 ; 0.584346
3.43465 ; 6.81629 ; -3.78363 ; 0.759381
8.58429 ; 2.57155 ; 2.73665 ; -3.27576
3.11584 ; 7.35276 ; -3.34305 ; 3.56412
5.52007 ; 5.69242 ; 3.9826 ; 4.77981
3.07812 ; 3.04171 ; -1.49227 ; -3.93492
5.35413 ; 2.4265 ; 3.49644 ; -3.40262
8.20913 ; 6.74186 ; 3.507 ; 4.14115
7.53372 ; 3.77755 ; 3.95406 ; 0.940211
7.32525 ; 6.08335 ; 4.42293 ; 4.47079
5.65416 ; 6.37512 ; -0.479624 ; 4.48475
4.29199 ; 4.38688 ; -4.47232 ; -4.82993
7.08724 ; 7.03202 ; -4.19711 ; 1.28194
6.43548 ; 6.82607 ; 4.72154 ; 4.25691
7.60337 ; 7.85685 ; 3.20028 ; 1.77875
2.74343 ; 2.24228 ; -2.5551 ; -2.73458
4.21549 ; 6.46021 ; -4.38576 ; 1.4634
3.28472 ; 7.743 ; -3.13265 ; 3.11887
8.31117 ; 2.96865 ; 3.32813 ; -3.71688
6.39352 ; 7.25261 ; 4.61513 ; 3.90414
3.09891 ; 7.53739 ; -3.32103 ; 3.30727
5.86146 ; 7.46178 ; 3.93052 ; 2.18515
6.64757 ; 2.92727 ; 4.30713 ; -3.99596
7.0955 ; 3.64561 ; 4.21512 ; -4.51335
4.14528 ; 7.41828 ; -4.33343 ; 0.222279
6.40274 ; 6.66391 ; -3.97142 ; 4.28897
3.99454 ; 3.28925 ; -4.1621 ; -4.31549
6.01619 ; 7.35188 ; 2.58567 ; 0.12996
2.66239 ; 7.9707 ; -2.24001 ; 2.40546
4.95039 ; 4.71411 ; 1.59219 ; -4.64022
8.60574 ; 7.93752 ; 2.47366 ; 2.5275
8.76772 ; 8.0784 ; 1.98551 ; 2.03349
3.5841 ; 2.34432 ; -3.82433 ; -3.18858
7.63416 ; 7.3353 ; 3.89298 ; 3.73203
3.33587 ; 7.26144 ; -2.77288 ; 3.70025
6.3845 ; 6.41052 ; 4.5197 ; -2.62156
3.3407 ; 3.38574 ; -1.30456 ; -4.30246
7.10988 ; 3.73553 ; 4.50074 ; -4.55278
3.77631 ; 3.53275 ; -4.19492 ; -4.22984
4.33401 ; 6.14325 ; -3.66666 ; 4.30316
7.92251 ; 3.80331 ; 3.52282 ; -4.08494
6.10986 ; 3.899 ; 5.01757 ; 0.688013
7.84648 ; 7.27049 ; 3.64912 ; 3.77333
3.00111 ; 2.76132 ; -3.2441 ; -3.61583
4.80996 ; 4.7417 ; -4.70087 ; 3.72314
8.54217 ; 7.61067 ; 2.83046 ; 3.11728
7.84649 ; 2.4582 ; 3.68284 ; -0.553902
6.72756 ; 3.68546 ; 1.64502 ; -4.56127
5.97308 ; 5.95888 ; -2.83459 ; 2.53011
7.65831 ; 5.6939 ; 3.96298 ; 4.72258
7.93027 ; 2.80026 ; 3.62194 ; -3.75806
3.61476 ; 6.32144 ; -2.56653 ; -4.18686
8.20385 ; 7.13022 ; 3.4945 ; 3.68583
7.34298 ; 3.13404 ; 3.09529 ; -4.14054
6.86126 ; 5.11593 ; 4.65692 ; 2.13451
3.9587 ; 5.02776 ; -4.22464 ; -4.8713
2.74649 ; 7.78911 ; -2.61419 ; 2.82215
3.08657 ; 7.45355 ; -3.3231 ; 3.37542
2.74403 ; 2.08495 ; -2.46573 ; -2.41682
3.45467 ; 2.96146 ; -3.77873 ; -3.89964
6.40469 ; 6.11469 ; 4.90562 ; -1.35455
7.62919 ; 4.94889 ; 3.7653 ; 3.25466
6.43481 ; 6.55974 ; 3.22419 ; 1.42309
3.56809 ; 5.00292 ; -3.95529 ; 3.92621
3.6985 ; 3.68398 ; -4.13372 ; -4.24266
3.13757 ; 7.74645 ; -3.29243 ; 2.85269
8.59335 ; 2.21781 ; 2.50286 ; -2.66738
6.03245 ; 3.86832 ; -0.150235 ; -4.65488
3.47431 ; 3.18222 ; -3.74353 ; -3.96803
3.99764 ; 3.06193 ; -2.57531 ; -4.0463
6.37896 ; 7.19784 ; -4.45198 ; 0.398188
5.87295 ; 3.55525 ; -3.65624 ; -4.53367
5.52262 ; 2.64506 ; 2.37384 ; 0.548625
7.33585 ; 6.27462 ; 3.90472 ; -2.96498
5.68696 ; 2.80946 ; -3.19302 ; -3.91815
3.34991 ; 7.12073 ; -2.53686 ; 3.84756
4.79271 ; 7.19504 ; 3.94552 ; 3.87487
5.47036 ; 5.99628 ; -4.83677 ; 4.35929
8.58392 ; 2.05572 ; 2.45647 ; -2.31295
3.46281 ; 6.11228 ; -3.02238 ; -0.714778
3.49737 ; 4.97976 ; -1.29777 ; -5.03967
4.22006 ; 3.40034 ; -4.45333 ; -4.38567
8.42783 ; 7.80576 ; 2.91086 ; 2.88506
3.48723 ; 7.08848 ; -3.54362 ; 3.54571
7.54958 ; 6.29362 ; -1.83252 ; 4.32437
4.2437 ; 6.8775 ; -4.42359 ; 4.20378
7.28445 ; 6.36493 ; 3.7073 ; 4.30072
6.94936 ; 2.69424 ; -0.600223 ; -3.68964
6.30349 ; 5.24146 ; 4.91814 ; -3.14003
6.06223 ; 3.91865 ; 4.44714 ; 3.94141
8.29079 ; 1.86322 ; 2.90809 ; -1.81628
5.63001 ; 4.28698 ; 3.57226 ; -4.46942
8.26737 ; 3.88814 ; 3.50281 ; -3.97405
8.05456 ; 7.97414 ; 3.43257 ; 2.68657
6.04828 ; 5.0916 ; 4.62298 ; 4.7322
6.90065 ; 6.54612 ; 4.5022 ; -1.91772
3.67942 ; 7.12668 ; -3.25487 ; 3.91283
7.03017 ; 3.93146 ; 4.5983 ; 2.47466
7.12553 ; 5.37586 ; 4.4923 ; -0.708131
2.99022 ; 2.53363 ; -3.12463 ; -3.33999
3.87021 ; 5.32894 ; -4.24716 ; -2.08707
3.22479 ; 4.17014 ; -2.89702 ; -4.57097
6.91991 ; 7.31326 ; 4.5065 ; 3.71431
3.65811 ; 7.99002 ; -3.84241 ; 2.1181
7.81817 ; 4.86956 ; 2.12128 ; 3.87049
7.67862 ; 3.63031 ; 3.68621 ; -4.42516
5.86474 ; 5.67694 ; 0.916555 ; 3.71596
6.10072 ; 5.73212 ; 4.90924 ; 3.49265
4.04085 ; 7.37149 ; -4.20595 ; 3.74527
3.87539 ; 2.87406 ; -4.05817 ; -3.68694
5.36222 ; 6.87196 ; -1.71102 ; 4.2238
7.06623 ; 7.86459 ; 4.02336 ; 3.15182
6.25817 ; 2.30466 ; -2.73674 ; -2.00899
7.74858 ; 7.05914 ; -0.623106 ; 3.91506
6.73217 ; 4.25494 ; 4.71614 ; -4.59916
2.95504 ; 7.12563 ; -3.18295 ; 3.75047
6.87782 ; 3.26787 ; 4.56772 ; -4.23099
8.57195 ; 3.18207 ; 1.90378 ; -3.22973
8.339 ; 3.1756 ; 3.29591 ; -4.02286
3.72015 ; 2.16396 ; -3.17675 ; -1.5943
3.89707 ; 7.09937 ; 3.13015 ; 3.07206
3.43162 ; 7.91553 ; -3.53721 ; 2.9122
8.52139 ; 2.14488 ; 2.65806 ; -2.57613
3.07082 ; 7.92281 ; -3.11558 ; 2.71219
6.58437 ; 4.49277 ; 2.25677 ; 3.99748
4.68788 ; 6.63199 ; 4.34363 ; -0.323968
3.24949 ; 4.43681 ; -3.62812 ; 3.90347
3.3947 ; 2.90724 ; -3.74546 ; -3.53311
8.25974 ; 2.85356 ; 3.36288 ; -3.71806
4.3182 ; 6.25037 ; 1.53825 ; 4.49002
3.38762 ; 3.8647 ; 0.814349 ; -3.98906
8.31511 ; 2.53955 ; 3.18479 ; -3.34002
8.47414 ; 2.09524 ; 2.70046 ; -2.49566
7.29122 ; 2.37118 ; 4.06899 ; -3.35733
7.60911 ; 7.52248 ; 3.84189 ; 3.54367
4.33305 ; 6.50813 ; -2.3264 ; 4.4063
4.48916 ; 4.10182 ; -4.62122 ; -3.1416
8.04086 ; 5.77091 ; 3.79561 ; 4.55121
7.33089 ; 4.78747 ; -2.8989 ; 0.737172
7.99213 ; 7.47216 ; 1.07544 ; 3.40943
7.98044 ; 4.29129 ; 3.7631 ; 3.58956
8.32814 ; 7.578 ; 3.21074 ; 3.27106
3.23114 ; 6.77057 ; -3.64858 ; 3.99557
4.73391 ; 6.44173 ; -4.66061 ; 4.45678
3.8655 ; 6.75563 ; -4.12752 ; 3.91808
3.24369 ; 3.56231 ; -3.72192 ; -4.32612
7.67792 ; 7.30603 ; 3.99809 ; 2.17536
5.06575 ; 5.76008 ; 4.90737 ; -3.80696
6.47184 ; 7.49512 ; -3.41037 ; 3.54481
2.82243 ; 3.38441 ; -3.11079 ; -4.02525
6.28045 ; 3.10438 ; 4.5084 ; -4.20392
3.90529 ; 5.36541 ; -4.26467 ; -3.49313
2.98549 ; 7.66514 ; -3.0223 ; 3.12363
7.60993 ; 2.24658 ; 3.92987 ; -0.645081
3.64402 ; 2.25461 ; -3.84159 ; -2.3844
3.53533 ; 6.05302 ; -3.65543 ; 4.38196
7.84064 ; 5.76434 ; 0.731329 ; 1.11414
3.98054 ; 6.15374 ; -4.09895 ; 3.42738
3.52357 ; 7.50943 ; -3.74042 ; 3.4858
3.92278 ; 3.61878 ; -4.19863 ; -3.04418
4.03466 ; 4.35487 ; -1.26255 ; 4.70953
8.34942 ; 2.64008 ; 3.19103 ; -3.44434
7.81257 ; 6.70308 ; 3.99446 ; 4.20208
4.98397 ; 6.8972 ; -3.59508 ; 3.81031
8.71446 ; 7.5566 ; 1.83057 ; 3.11549
3.02802 ; 6.30413 ; -1.84446 ; 4.50903
3.72835 ; 3.0123 ; 1.74113 ; -3.93731
3.73396 ; 5.01878 ; -4.18088 ; 2.26836
7.29607 ; 5.99346 ; -1.11864 ; 4.73394
3.45623 ; 6.16764 ; -3.91902 ; 3.76739
2.95372 ; 6.19439 ; -1.90738 ; -1.58843
4.77485 ; 5.9375 ; -4.72237 ; -3.91566
4.41679 ; 7.21922 ; -4.43422 ; 3.52353
4.82757 ; 5.78999 ; -4.5995 ; -1.20668
6.76404 ; 2.82058 ; -1.75117 ; -3.83584
8.53657 ; 2.06505 ; 2.5101 ; -2.38657
4.3285 ; 6.16259 ; -3.09394 ; 4.58568
8.43594 ; 3.60955 ; 1.55211 ; -2.66628
7.81023 ; 7.57085 ; 3.81171 ; 3.45865
3.21693 ; 4.1813 ; -3.2034 ; -4.8226
8.15916 ; 3.10469 ; 3.55367 ; -3.79031
4.14511 ; 3.98796 ; -2.65841 ; 0.478561
5.6457 ; 3.36251 ; -4.25975 ; -4.4198
7.85126 ; 7.35937 ; 3.8208 ; 2.81814
8.04532 ; 5.78702 ; 3.72929 ; 4.67377
8.53586 ; 7.03263 ; 2.57407 ; 3.79106
4.00605 ; 7.15498 ; 1.8191 ; -0.388476
6.73943 ; 5.17079 ; 4.6336 ; -4.06306
7.96786 ; 7.47637 ; 3.52967 ; 3.49988
2.77726 ; 7.77419 ; -2.58693 ; 2.86198
5.46173 ; 4.32455 ; 0.223899 ; -4.84358
3.84264 ; 3.4747 ; -4.1285 ; -4.41229
7.88136 ; 2.48999 ; 3.67958 ; -3.39731
2.81794 ; 2.08505 ; -2.62303 ; -2.46846
6.10865 ; 5.00213 ; 4.78102 ; -4.84456
6.84513 ; 7.50198 ; 3.85539 ; 3.64721
3.44863 ; 4.61738 ; -3.51582 ; 4.55195
3.76492 ; 6.54619 ; -1.60191 ; 4.32284
6.26939 ; 3.65876 ; 0.0931672 ; -4.5109
7.30046 ; 2.9425 ; 4.26221 ; -3.49862
3.4336 ; 6.02216 ; -3.92375 ; 4.20182
5.19597 ; 2.86662 ; 4.6757 ; -3.08675
5.67814 ; 7.34158 ; 4.93015 ; 3.26515
3.97875 ; 7.20122 ; -4.04901 ; 3.90946
5.02702 ; 5.47454 ; 1.47897 ; 2.8708
7.06029 ; 4.4574 ; -3.77248 ; 4.00221
7.70523 ; 7.426 ; 3.90392 ; 0.458547
7.12843 ; 3.64308 ; 4.3168 ; -4.51203
7.24604 ; 3.60701 ; 3.947 ; -4.42659
4.37824 ; 6.27334 ; -4.55109 ; 1.90175
3.60599 ; 2.67624 ; 3.03463 ; -2.68233
5.07358 ; 5.99112 ; -2.09017 ; 4.57442
8.11693 ; 2.62126 ; 3.48279 ; -3.46281
6.64884 ; 5.90524 ; 4.63139 ; -4.29003
4.1813 ; 5.63279 ; -1.02146 ; 4.80614
3.08528 ; 6.95234 ; -3.44528 ; 3.77773
3.60247 ; 5.68293 ; -3.07303 ; 4.74265
4.60401 ; 6.95993 ; -4.52178 ; 3.97906
7.56636 ; 6.16788 ; 4.20773 ; 3.57906
4.57267 ; 6.70842 ; -4.4828 ; 4.26538
5.97734 ; 3.36389 ; 4.78542 ; -4.26122
7.12682 ; 3.66758 ; 1.24939 ; -4.52622
7.63611 ; 2.70134 ; 3.97899 ; -3.70959
5.06471 ; 2.75915 ; -4.47564 ; -3.44019
3.1999 ; 7.31828 ; 0.186797 ; 1.53301
6.66062 ; 6.85906 ; 3.46562 ; 0.649864
4.08826 ; 4.53282 ; -4.37397 ; -4.87694
8.31231 ; 3.42272 ; 3.39817 ; -3.77957
4.01518 ; 2.74015 ; -4.25927 ; -3.72318
7.55348 ; 5.87027 ; 3.74538 ; 2.20247
6.29859 ; 6.35029 ; 1.46839 ; 4.34676
3.23953 ; 6.25352 ; -3.71857 ; 4.30973
7.61514 ; 2.67296 ; 3.43268 ; -3.66819
7.92857 ; 7.2813 ; 3.77323 ; 3.67797
3.27053 ; 6.17489 ; -3.06166 ; 4.26845
4.71798 ; 4.73747 ; 4.02553 ; 3.41185
6.60086 ; 3.23836 ; 4.51163 ; -4.29725
3.7629 ; 5.70637 ; -3.15189 ; 4.05536
3.77753 ; 2.79786 ; -3.97338 ; -3.78323
6.17637 ; 4.24935 ; -2.1592 ; -4.66463
7.83061 ; 6.08919 ; 4.00108 ; 4.34166
8.30269 ; 7.67698 ; 2.50785 ; 3.10529
7.53486 ; 2.60111 ; 3.71132 ; -3.61001
7.7578 ; 7.25525 ; 3.0754 ; 1.68371
5.68839 ; 3.91424 ; -3.10612 ; -4.55487
3.77819 ; 2.22178 ; -3.9848 ; -2.86149
6.56938 ; 5.65045 ; 4.82177 ; 4.47058
8.40835 ; 2.33697 ; 2.97076 ; -2.98447
4.09583 ; 2.97114 ; -4.34641 ; -3.97325
3.87011 ; 2.58556 ; -3.99539 ; -3.63522
4.89021 ; 7.03839 ; -3.21351 ; -1.73544
3.66434 ; 6.18828 ; -4.0863 ; 4.32602
7.66074 ; 4.87549 ; 0.0042631 ; -5.20865
3.51185 ; 7.65931 ; -3.74934 ; 3.3134
3.73071 ; 7.61664 ; -3.81481 ; 3.42627
6.91315 ; 5.94763 ; 4.46698 ; 1.65982
4.42275 ; 3.14462 ; -4.45155 ; -3.99764
7.9648 ; 2.0688 ; 3.49835 ; -2.61143
8.03627 ; 2.60685 ; 3.54184 ; -3.52052
3.72207 ; 7.15614 ; -4.02821 ; 3.88049
7.81084 ; 4.49104 ; 4.03181 ; -4.09125
8.03428 ; 2.56331 ; 3.57259 ; -3.44333
7.81341 ; 2.90209 ; 3.86803 ; -3.5653
4.93783 ; 6.67701 ; 4.68698 ; 4.0059
8.3073 ; 2.89732 ; 3.32047 ; -3.66083
3.68152 ; 5.33976 ; -0.649493 ; 4.79875
7.53727 ; 6.82068 ; 2.5744 ; -0.412442
7.8794 ; 5.84734 ; 2.91584 ; 3.41273
7.61049 ; 7.15427 ; 4.09924 ; 3.88649
3.56041 ; 7.23779 ; -3.90572 ; 3.80376
8.00284 ; 6.86598 ; 3.65496 ; 3.89613
3.38739 ; 7.14731 ; -3.51863 ; 3.82652
3.80821 ; 4.09045 ; -4.20577 ; -3.71564
7.76996 ; 7.59115 ; 3.75525 ; 3.43552
8.23008 ; 5.08012 ; 1.27009 ; 3.46798
7.06913 ; 7.69039 ; 0.295493 ; 1.53186
7.22694 ; 4.76211 ; 3.89389 ; 0.234241
6.38384 ; 5.93064 ; 4.48981 ; 4.56322
6.62476 ; 6.15825 ; -2.27555 ; -4.53023
8.2447 ; 2.63055 ; 3.31113 ; -3.45085
7.21613 ; 4.81562 ; 3.10589 ; 4.0633
7.56072 ; 7.09184 ; 4.0656 ; 3.96652
7.90315 ; 6.39223 ; 0.839539 ; 4.48659
5.8824 ; 4.91699 ; 2.99827 ; 4.80381
7.66885 ; 2.81999 ; 3.98824 ; -3.67133
7.57168 ; 6.02278 ; 3.41641 ; -2.69595
7.92069 ; 1.88458 ; 3.47901 ; -1.69771
8.70331 ; 1.94297 ; 2.04866 ; -1.92501
3.99157 ; 6.70432 ; -4.31851 ; 4.13638
5.81047 ; 5.17549 ; 4.52219 ; 1.31821
7.4691 ; 7.73488 ; 3.84237 ; 3.2967
4.87321 ; 6.80847 ; -4.51897 ; 4.28991
6.32773 ; 6.75355 ; 4.59616 ; 4.32711
4.57789 ; 6.10198 ; -3.95594 ; 4.57554
6.72301 ; 2.50807 ; 4.61548 ; -3.48562
5.7579 ; 3.39951 ; 3.44668 ; -4.2943
7.93337 ; 6.76825 ; 3.70194 ; 3.90627
3.91903 ; 4.55137 ; -4.33372 ; -3.90182
3.59306 ; 3.49769 ; -3.99058 ; -4.37207
4.33789 ; 7.43601 ; -2.26276 ; 3.6677
7.51815 ; 5.21691 ; 4.27745 ; 3.9722
6.02115 ; 3.40251 ; 3.86249 ; -4.44188
3.68315 ; 2.32995 ; -2.71337 ; 0.820628
4.38549 ; 3.83398 ; -4.38826 ; -4.63473
7.73615 ; 6.56668 ; 2.42858 ; 4.31104
3.89213 ; 7.26162 ; -4.15217 ; 0.876554
8.16198 ; 2.92077 ; 3.49676 ; -3.78294
3.36234 ; 4.36467 ; -3.86905 ; -4.32857
5.68689 ; 5.30666 ; -1.2546 ; -4.83657
7.81664 ; 7.28778 ; -0.919806 ; 3.61337
3.41842 ; 5.90238 ; -3.81968 ; 4.5334
8.15394 ; 7.72589 ; 3.38032 ; 3.13864
7.83144 ; 7.94553 ; 3.69097 ; 2.88721
3.07829 ; 2.19812 ; -3.14312 ; -2.82931
3.1521 ; 6.20868 ; -3.45598 ; -2.48236
3.34272 ; 2.33806 ; -3.34572 ; -3.16438
2.57619 ; 8.04435 ; -1.98908 ; 2.15516
6.12176 ; 7.28463 ; 4.66557 ; 3.88882
4.68743 ; 7.3917 ; -4.55361 ; 3.72878
7.40383 ; 3.53005 ; 4.20352 ; -4.38748
6.0667 ; 5.88247 ; 4.8288 ; 4.78508
3.38395 ; 3.56243 ; -3.84461 ; -4.36959
2.94889 ; 3.50215 ; -2.39525 ; -4.14375
5.81093 ; 3.75028 ; 4.77169 ; -3.71062
3.70579 ; 7.15477 ; 1.05026 ; -2.41656
7.62124 ; 4.24657 ; 1.96124 ; -2.42698
2.46071 ; 2.04772 ; -1.65582 ; -2.0495
8.30287 ; 3.70644 ; -0.516332 ; -4.15168
7.47275 ; 7.47878 ; 4.0411 ; 1.95226
6.23064 ; 2.9935 ; 4.52296 ; -4.11586
6.5962 ; 6.8365 ; 4.35609 ; 3.90653
3.84018 ; 2.74948 ; -4.14135 ; -3.00969
7.61766 ; 2.62357 ; 2.45612 ; -3.57012
3.6317 ; 2.41983 ; -3.86128 ; -3.3645
8.08574 ; 2.32811 ; 3.42919 ; -3.05846
3.50898 ; 3.17228 ; -3.73258 ; 2.45114
5.29264 ; 2.70856 ; -4.05789 ; -3.82675
4.88185 ; 5.50569 ; 3.62062 ; 4.19313
5.00281 ; 3.39155 ; -4.52844 ; -1.67983
5.21258 ; 2.51642 ; 5.05102 ; -1.51849
3.94138 ; 3.8187 ; -4.30386 ; -4.23372
4.53307 ; 7.35021 ; -4.48994 ; 3.61932
4.09617 ; 5.6286 ; -4.18896 ; 4.53966
7.67504 ; 4.9466 ; 3.64623 ; 4.65792
4.03499 ; 7.15533 ; -4.2582 ; 3.9389
4.27593 ; 3.64667 ; -4.19822 ; -4.29074
2.78422 ; 2.5575 ; -2.81548 ; -3.15608
6.52694 ; 6.61212 ; 4.20979 ; 4.41754
2.77185 ; 2.36043 ; -2.64644 ; -2.97404
5.34566 ; 6.58161 ; 2.60369 ; 2.86189
4.5473 ; 3.1053 ; -4.42859 ; -3.92783
4.04409 ; 3.96893 ; -4.1775 ; -3.42115
2.87966 ; 3.82189 ; -2.24704 ; -4.41673
5.19412 ; 3.01307 ; 3.00147 ; -4.10406
2.91409 ; 2.43426 ; -2.99731 ; -3.10403
3.6285 ; 7.00049 ; -3.95581 ; 0.986169
3.54326 ; 7.37196 ; -3.84166 ; 3.38716
3.40496 ; 6.69367 ; -3.8304 ; 4.0806
4.59904 ; 3.5756 ; -2.03238 ; -0.717797
6.08563 ; 7.35015 ; -4.39173 ; 1.54387
4.05348 ; 3.14692 ; -4.201 ; -4.20522
7.34253 ; 5.18084 ; -1.46494 ; 1.74271
7.84747 ; 4.64684 ; 3.64639 ; -4.39949
5.55829 ; 2.59003 ; -4.94979 ; -2.76827
8.47459 ; 2.20965 ; 2.67957 ; -2.72869
6.45902 ; 6.35502 ; 4.4893 ; 4.52217
8.00244 ; 6.08285 ; 3.84954 ; 4.34116
3.76978 ; 5.63137 ; -3.84336 ; 4.75667
8.22105 ; 3.09124 ; -0.705585 ; 0.84488
5.61819 ; 7.06668 ; -3.89879 ; 4.07914
6.14157 ; 4.46508 ; 4.92017 ; 3.30585
3.0566 ; 2.61879 ; -3.29157 ; -3.44763
3.9224 ; 5.51983 ; -4.32145 ; 4.5501
3.80467 ; 3.31322 ; -3.90207 ; -4.29546
3.16986 ; 2.70874 ; -3.42467 ; -3.63137
6.59486 ; 7.41936 ; 2.12708 ; 1.64461
8.32383 ; 3.1326 ; 3.31422 ; -3.96248
7.28828 ; 7.3025 ; 4.21377 ; 3.59123
4.75003 ; 4.60572 ; 0.283825 ; -4.92205
2.86407 ; 2.19341 ; -2.78161 ; -2.71069
3.2521 ; 3.17495 ; -3.03026 ; -2.72524
3.34714 ; 5.66454 ; -0.346972 ; 4.40672
3.77205 ; 7.79656 ; -3.9484 ; 3.16275
6.31461 ; 3.00283 ; 4.70028 ; -4.02286
8.06091 ; 2.32245 ; 3.43808 ; -3.1154
7.21073 ; 7.11565 ; -2.84434 ; 2.78654
8.28701 ; 4.75599 ; 2.80862 ; -3.44038
5.10824 ; 5.02369 ; -4.50006 ; -4.86265
4.62201 ; 2.78762 ; -4.39582 ; -3.91238
8.54916 ; 1.92268 ; 2.43518 ; -1.99947
8.62852 ; 8.15326 ; 2.29466 ; 1.99039
2.92358 ; 7.08989 ; -3.0382 ; 3.80936
3.11827 ; 7.10631 ; -2.83813 ; 3.82226
6.63691 ; 6.26864 ; 4.68269 ; 3.45027
8.02414 ; 6.99575 ; 3.69897 ; 3.97443
8.39515 ; 2.46778 ; 3.05014 ; -3.19691
3.65801 ; 4.38355 ; -0.382991 ; 4.30557
3.35092 ; 3.14718 ; -3.77165 ; -3.96745
6.68228 ; 6.90464 ; 2.05355 ; 4.09356
2.74422 ; 2.18396 ; -2.53749 ; -2.63043
4.9405 ; 3.37887 ; -4.43903 ; -4.43498
4.62225 ; 3.49263 ; -2.11876 ; -4.45777
3.44926 ; 7.20466 ; -3.80219 ; 3.63742
6.09226 ; 5.32959 ; 4.99634 ; 3.30435
7.32736 ; 7.68483 ; 4.00676 ; 3.38865
7.99136 ; 2.28737 ; 3.472 ; -3.07852
7.96716 ; 6.6624 ; 3.84991 ; 4.20195
3.59824 ; 7.70116 ; -3.80793 ; 2.28783
4.61423 ; 6.95471 ; -4.20201 ; 3.36845
7.38112 ; 5.47026 ; 4.32781 ; 3.4144
5.15489 ; 3.53624 ; -4.69633 ; -4.50787
3.14274 ; 3.58104 ; -3.09542 ; -4.39553
4.09057 ; 4.56051 ; -4.45305 ; -4.61446
5.92345 ; 3.7477 ; 2.45802 ; -4.58422
6.61369 ; 5.68777 ; 4.76604 ; 3.26001
3.64934 ; 4.71554 ; -3.79779 ; 4.46927
5.60481 ; 6.57967 ; -2.29791 ; 4.32507
4.27604 ; 4.9235 ; -3.163 ; -2.6576
5.55455 ; 4.89984 ; -1.85054 ; 4.53559
8.0304 ; 3.07089 ; 1.82595 ; -3.95833
4.63777 ; 4.69896 ; -4.68059 ; -0.635792
7.92182 ; 3.2087 ; 1.01049 ; -4.13314
5.73036 ; 2.99384 ; 5.16323 ; 0.622348
