7.70674 ; 6.20528 ; 2.46311 ; -4.50414
7.78788 ; 3.02576 ; 3.60003 ; -0.124918
7.80926 ; 3.77089 ; 3.58269 ; -2.04519
2.46131 ; 2.09716 ; -1.25258 ; -1.83662
6.72191 ; 7.97958 ; -0.80391 ; 0.439933
2.6594 ; 1.87063 ; -1.68159 ; -1.30295
8.21222 ; 6.61157 ; 2.11246 ; 1.26181
7.80458 ; 2.57529 ; 1.467 ; 2.0559
6.72444 ; 2.34295 ; 4.55121 ; -1.62088
7.87751 ; 7.56968 ; 3.4955 ; 3.07114
7.77615 ; 6.42747 ; 3.67573 ; -2.37104
4.39061 ; 7.47377 ; 3.35909 ; 1.18571
4.12952 ; 4.6282 ; -4.25929 ; -4.30792
5.59888 ; 2.47001 ; -4.61457 ; -2.87523
5.97587 ; 3.75491 ; 4.42134 ; -3.90566
5.13638 ; 7.2348 ; 4.15594 ; 3.51111
3.55842 ; 3.98587 ; -3.64462 ; -4.30759
8.45655 ; 6.49101 ; 2.87477 ; 3.63563
6.96596 ; 5.82604 ; 0.535258 ; -0.935187
5.89085 ; 6.89211 ; -4.20375 ; 2.86394
8.62984 ; 8.09446 ; 1.95647 ; 1.73443
2.61975 ; 7.69304 ; -2.00613 ; 2.50752
7.78502 ; 7.60232 ; 3.08137 ; 3.04906
3.98146 ; 7.04414 ; 3.80597 ; 1.84452
4.41724 ; 7.26158 ; -3.78335 ; 3.58985
6.68228 ; 2.83345 ; 4.55613 ; -0.0609347
6.50054 ; 2.52294 ; -1.82932 ; -2.61028
7.93594 ; 3.54123 ; -2.11749 ; -1.5713
2.43447 ; 1.86357 ; -0.916909 ; -1.04146
4.90533 ; 5.77216 ; 2.31921 ; -4.76776
7.62153 ; 7.01689 ; 3.8473 ; 2.27743
7.22704 ; 3.12138 ; 0.262087 ; -3.86104
7.66248 ; 7.24509 ; 3.80344 ; 3.45173
8.57858 ; 4.73938 ; 2.56905 ; 3.10393
4.10495 ; 3.71364 ; -4.2309 ; -4.24945
8.11437 ; 2.6052 ; 3.17749 ; -3.17697
4.80618 ; 3.82716 ; -4.04035 ; -4.50413
3.79127 ; 2.78839 ; -3.64505 ; -3.56127
3.50008 ; 7.87459 ; -3.30464 ; 2.61072
4.85077 ; 4.11838 ; -4.73377 ; 2.92935
4.39392 ; 2.78281 ; -1.06128 ; 1.66442
4.15871 ; 7.96296 ; -2.20391 ; 2.50029
3.74256 ; 2.7417 ; 2.60174 ; -0.147824
3.37452 ; 3.25519 ; -1.44619 ; -3.86553
3.13517 ; 6.47493 ; -3.09816 ; -0.655015
3.97739 ; 2.93518 ; -3.00575 ; -3.574
8.74522 ; 2.44782 ; 1.96353 ; -2.59558
3.50246 ; 3.66338 ; -3.518 ; -2.12545
4.1003 ; 4.19327 ; -4.15485 ; -3.69308
8.61017 ; 1.93573 ; 1.93671 ; -1.5827
3.76907 ; 3.25459 ; -3.80801 ; -4.04869
8.69638 ; 2.05916 ; 1.81929 ; -1.87857
3.10381 ; 2.68597 ; -2.93037 ; -3.28065
2.69846 ; 7.83196 ; -2.09256 ; 2.20672
6.63942 ; 5.09083 ; -1.80523 ; -3.99547
3.72987 ; 7.65197 ; -3.65081 ; 0.357676
8.20228 ; 2.42144 ; 2.9489 ; -1.78452
3.69424 ; 7.77484 ; -3.62636 ; 2.755
8.34448 ; 2.16904 ; 2.66289 ; -2.26784
7.7193 ; 7.25071 ; 3.7463 ; 3.53311
6.89056 ; 2.7316 ; -4.19201 ; -1.52948
2.81505 ; 2.40509 ; -2.32928 ; -2.71468
3.51003 ; 7.83405 ; -3.36366 ; 2.6825
6.49128 ; 2.97716 ; 4.6302 ; -3.0773
8.78711 ; 8.39533 ; 1.12412 ; 0.425274
5.16371 ; 8.06027 ; -3.86934 ; 2.3497
7.95232 ; 3.2384 ; 3.54246 ; -3.84385
7.57542 ; 2.35882 ; 3.07218 ; -2.91348
3.84929 ; 2.64723 ; -3.83215 ; -3.42587
3.20661 ; 5.80975 ; -3.27407 ; -2.29221
6.32421 ; 2.95091 ; 4.71411 ; -3.18729
5.71209 ; 3.26745 ; -3.94919 ; -4.13397
8.10487 ; 2.51181 ; 3.13293 ; -3.05487
5.09478 ; 5.55462 ; -4.58372 ; -4.04431
3.43548 ; 5.97287 ; -3.59381 ; 2.97238
8.47011 ; 8.0567 ; 2.26602 ; 1.96748
8.34988 ; 3.33005 ; 2.99649 ; -3.8342
7.57466 ; 3.5019 ; 3.92532 ; -3.36978
7.40968 ; 2.75789 ; 1.82574 ; -3.46587
7.90309 ; 6.66301 ; 1.74224 ; 4.07589
8.39634 ; 5.30636 ; 2.93482 ; -3.1302
7.98943 ; 7.89302 ; 3.12495 ; 2.17254
3.73531 ; 7.16408 ; -3.76622 ; 2.94839
3.21563 ; 2.43643 ; -3.11613 ; -2.97643
8.30637 ; 7.32767 ; 2.9709 ; 3.01732
6.04927 ; 3.26427 ; 3.85028 ; -4.10116
7.41224 ; 7.7128 ; 4.00144 ; 2.49247
6.91084 ; 5.95519 ; 3.32501 ; 1.51388
7.12306 ; 6.60389 ; 4.24939 ; -2.16222
2.78565 ; 7.95916 ; -2.16443 ; 2.01971
3.54808 ; 8.02491 ; -3.38285 ; 2.3137
5.21904 ; 4.03246 ; -0.5826 ; -4.5544
7.71857 ; 3.33094 ; 2.30814 ; -3.33103
8.14939 ; 2.45555 ; 0.652433 ; -2.81311
4.39963 ; 2.20585 ; 2.54607 ; -1.39152
8.63004 ; 7.99569 ; 2.059 ; 1.88691
4.72045 ; 5.09605 ; -4.67411 ; 4.42167
3.82587 ; 3.34296 ; -3.63691 ; 0.049252
5.38003 ; 2.5185 ; 4.10657 ; -3.17652
8.47465 ; 7.31141 ; 2.47954 ; 3.09707
3.07927 ; 8.035 ; -2.73465 ; 2.07212
7.83481 ; 2.30999 ; 3.44991 ; -2.77164
5.76793 ; 3.40725 ; 2.33458 ; -2.21381
7.65705 ; 4.89774 ; 3.92143 ; 2.70596
3.53516 ; 5.58826 ; -3.73133 ; 4.4474
3.14084 ; 2.12866 ; -2.84091 ; -2.38859
6.29805 ; 6.87147 ; 2.86563 ; -0.671939
2.90935 ; 6.46499 ; -2.33074 ; 4.12413
6.72802 ; 6.04055 ; 0.963327 ; 4.38198
8.12632 ; 5.70118 ; 3.35878 ; 4.4768
7.3906 ; 5.4466 ; 4.14046 ; 0.521608
5.22984 ; 6.63971 ; -4.20816 ; 4.11442
8.47879 ; 6.80447 ; 2.80875 ; 3.76754
7.56968 ; 3.29533 ; 2.6372 ; -4.05591
5.94883 ; 7.55244 ; -4.10607 ; 3.11967
7.80069 ; 6.91069 ; 3.72012 ; 3.83419
8.17995 ; 2.25528 ; 2.94012 ; -2.60879
3.10812 ; 3.76362 ; -2.27451 ; -4.45414
7.83791 ; 3.42065 ; 2.55887 ; 3.8815
2.97254 ; 6.27308 ; -2.93024 ; 4.13446
7.55189 ; 7.88645 ; 3.54471 ; 2.66285
4.67182 ; 6.47789 ; -4.50874 ; 3.93598
4.85691 ; 5.7383 ; 4.03873 ; 4.3617
5.76294 ; 7.22532 ; -3.0313 ; -2.39298
4.59096 ; 5.59416 ; -4.46501 ; 4.66416
3.30865 ; 4.41519 ; -2.85972 ; 2.67732
7.78908 ; 7.04626 ; 1.8595 ; 3.11373
2.56483 ; 2.04461 ; -1.59489 ; -1.81653
3.58562 ; 2.83081 ; -3.61825 ; 0.80561
3.88352 ; 7.41502 ; -3.8116 ; 1.2254
8.17852 ; 2.31201 ; 2.99351 ; -2.47433
8.15931 ; 4.64196 ; 1.63305 ; 4.70045
3.08948 ; 8.07098 ; -2.73921 ; 1.96785
2.95452 ; 7.1804 ; -0.765014 ; 3.41654
6.49666 ; 3.07875 ; 4.10728 ; -2.19919
5.69617 ; 3.55543 ; 4.03272 ; -4.40457
3.02991 ; 7.46828 ; -2.89753 ; 3.06165
7.59112 ; 7.82445 ; 3.46102 ; 2.75403
8.10766 ; 7.63936 ; 3.05868 ; 2.92785
8.84828 ; 7.49612 ; 0.956344 ; 2.79453
8.0593 ; 3.58033 ; 3.37969 ; -4.17564
8.63651 ; 7.80869 ; 0.703954 ; 2.28344
6.79082 ; 6.89986 ; 4.4376 ; 3.96772
7.47646 ; 4.87538 ; 2.08653 ; 4.48346
8.38575 ; 2.81921 ; 2.00987 ; -3.37557
8.46262 ; 5.18076 ; 2.851 ; -2.38145
5.34359 ; 7.68315 ; -3.65132 ; 3.03658
3.14097 ; 6.99596 ; -3.1519 ; 3.67414
2.98348 ; 2.10657 ; -2.48844 ; -0.520618
2.36844 ; 2.13681 ; -1.02496 ; -1.84341
4.64133 ; 3.91006 ; -4.291 ; -4.60602
7.15181 ; 4.62342 ; 3.21733 ; -4.88052
2.64106 ; 1.84979 ; -1.6124 ; -1.26172
4.70032 ; 5.17528 ; 2.6328 ; -1.24352
8.32132 ; 7.44514 ; 2.91047 ; 3.01924
8.44607 ; 6.88359 ; 2.23229 ; 3.48976
3.64024 ; 3.8843 ; -0.697376 ; -0.39651
7.23396 ; 3.47262 ; 3.91893 ; -4.11053
8.79621 ; 2.39739 ; 1.78583 ; -2.40538
2.93602 ; 3.59299 ; -2.90847 ; -4.21375
8.34382 ; 8.17333 ; 2.53502 ; 1.76212
3.52491 ; 4.45229 ; -3.69856 ; 1.21587
7.89038 ; 5.40618 ; 2.06845 ; -4.48081
7.45008 ; 7.2732 ; 3.97696 ; 3.55791
7.06895 ; 7.56482 ; 3.85208 ; 3.18355
6.61611 ; 5.81273 ; -2.99411 ; 1.00603
3.44658 ; 3.63342 ; 0.826864 ; 4.45163
3.85729 ; 8.01458 ; -3.52579 ; 2.41497
8.22238 ; 7.73882 ; 0.946583 ; -1.58244
3.71741 ; 2.81533 ; 3.39081 ; 0.667087
4.15156 ; 7.61308 ; 2.50517 ; 2.92035
8.59419 ; 8.06369 ; 2.11372 ; 1.83021
7.24007 ; 2.68821 ; 3.80414 ; -3.39066
6.66063 ; 4.33198 ; 4.07388 ; -3.44671
8.13148 ; 7.60639 ; 2.89761 ; 2.76414
4.94575 ; 3.55876 ; -2.59703 ; -4.09649
4.64517 ; 3.03035 ; -4.17238 ; -3.91841
2.70677 ; 7.75454 ; -2.1504 ; 2.44886
4.61056 ; 3.62117 ; -4.36967 ; -2.05816
5.61091 ; 4.83066 ; -2.6488 ; 4.27437
3.75145 ; 6.82914 ; -1.41622 ; 3.49778
3.22073 ; 2.05328 ; -2.94126 ; -0.698848
7.66192 ; 3.30623 ; 3.81559 ; -4.04017
8.50397 ; 2.45918 ; 2.51075 ; -2.80959
7.92712 ; 3.2019 ; 3.20875 ; -3.79667
4.15735 ; 5.03401 ; -3.92659 ; 1.11969
3.28786 ; 3.49008 ; -3.32363 ; -4.17583
3.21625 ; 7.20517 ; -2.36651 ; 3.42989
3.16989 ; 2.72151 ; -3.11846 ; -3.34984
7.39023 ; 2.35328 ; 3.76077 ; -2.97923
4.26368 ; 7.72281 ; 2.66598 ; 2.7486
6.73838 ; 6.8492 ; 3.54641 ; 3.26151
3.12145 ; 3.0112 ; -3.15424 ; -3.54648
7.96118 ; 3.34682 ; 3.51034 ; -4.02587
3.36447 ; 5.49649 ; -3.45784 ; -4.43584
4.87503 ; 3.07762 ; -4.17756 ; -3.96996
8.6674 ; 2.05611 ; 1.89755 ; -1.82682
8.34645 ; 3.10396 ; 2.77556 ; 0.304975
2.54317 ; 7.76974 ; -1.71662 ; 2.36431
2.48148 ; 2.52101 ; -1.72047 ; -2.75306
8.99328 ; 1.69958 ; -0.152351 ; 0.299674
2.75097 ; 8.21957 ; -1.94532 ; 1.40975
3.41592 ; 6.11991 ; -2.98794 ; -4.46209
6.43397 ; 7.62386 ; 4.55509 ; 3.14383
2.62843 ; 1.99625 ; -1.73847 ; -1.74208
2.84197 ; 2.77187 ; -2.46413 ; -3.3476
2.48926 ; 8.28567 ; -1.04392 ; 0.816523
3.56599 ; 7.65834 ; -3.06986 ; 2.92504
7.68922 ; 7.66045 ; -1.35158 ; 1.1848
4.96314 ; 6.9838 ; -4.37718 ; -1.78718
8.2252 ; 1.96078 ; 2.73616 ; -1.92809
6.65837 ; 4.70818 ; 3.32582 ; -4.17589
6.95805 ; 2.04237 ; 4.21867 ; -1.88421
7.78993 ; 4.01772 ; 3.65664 ; -4.34254
4.38975 ; 2.4326 ; -3.18911 ; -0.828214
4.90713 ; 2.96622 ; -4.68018 ; -3.03478
3.52312 ; 2.03353 ; -3.38909 ; -2.28831
3.13195 ; 8.12485 ; -2.73749 ; 1.94511
2.71803 ; 2.15794 ; -2.09868 ; -2.22471
3.33714 ; 2.77546 ; -3.09012 ; -3.45417
2.79484 ; 2.29599 ; -2.35326 ; -2.55892
6.24466 ; 7.5854 ; 4.57305 ; 3.19444
8.80185 ; 2.19681 ; 1.63155 ; -2.10831
6.61642 ; 2.98611 ; 4.40508 ; -3.86161
8.08729 ; 6.76409 ; 3.38323 ; 3.49771
7.59138 ; 2.4832 ; 3.71968 ; -3.14832
6.10861 ; 2.31051 ; 4.06593 ; -2.94919
3.49628 ; 6.9745 ; -3.60344 ; 3.69199
7.88128 ; 3.0079 ; 3.53372 ; -2.72925
6.52798 ; 7.77391 ; 4.00794 ; 2.92998
6.59404 ; 5.77096 ; -3.95568 ; 4.77047
3.53653 ; 4.70337 ; -3.72126 ; 2.96749
4.01914 ; 5.81854 ; -4.12827 ; 4.32996
6.27076 ; 2.60856 ; 3.4939 ; -3.22091
3.86859 ; 5.46806 ; -4.0588 ; 3.84743
4.39161 ; 5.59854 ; -4.34737 ; 3.38734
2.61464 ; 7.94407 ; -1.81288 ; 2.02895
5.16028 ; 7.71552 ; -4.03405 ; 3.012
5.51098 ; 7.51129 ; -2.89735 ; 3.27213
3.52467 ; 2.06154 ; -3.12011 ; -2.35554
8.87715 ; 1.89844 ; 1.03666 ; -1.17259
2.9627 ; 6.83731 ; -1.47256 ; 1.09268
8.41125 ; 7.81221 ; 2.62177 ; 2.26923
7.24742 ; 5.87734 ; -1.56169 ; 4.47975
5.66476 ; 2.52188 ; -1.97185 ; -3.27914
3.51375 ; 7.48999 ; -3.42569 ; 2.83773
8.20969 ; 5.51784 ; 0.14298 ; 4.95127
2.84463 ; 7.56966 ; -2.53527 ; 2.86632
8.78265 ; 1.80259 ; 1.26378 ; -0.860279
4.37567 ; 6.00222 ; -3.67355 ; -0.894269
6.82961 ; 6.59895 ; 4.193 ; 4.20679
5.30608 ; 7.18285 ; -3.00636 ; 3.69538
2.80779 ; 7.35205 ; -2.52958 ; 3.16574
4.79614 ; 6.69581 ; 2.43468 ; 3.54727
6.27278 ; 6.89323 ; -3.15334 ; 3.8897
8.47172 ; 7.00224 ; -0.0614768 ; 3.24213
2.59742 ; 8.11343 ; -1.60468 ; 1.37358
4.36023 ; 5.32413 ; -4.38452 ; -2.75361
3.599 ; 5.89988 ; -3.76094 ; 4.25189
3.1277 ; 3.90237 ; -3.0978 ; 2.61011
7.10294 ; 7.8145 ; 3.90914 ; 2.8358
7.18575 ; 5.27725 ; 4.26641 ; -0.0689573
8.11818 ; 2.27895 ; 3.06148 ; -2.60867
2.7374 ; 7.26354 ; -2.42311 ; 3.24343
8.65539 ; 7.67971 ; 2.20653 ; 2.54776
7.44164 ; 7.44119 ; 3.94133 ; 3.35459
7.16705 ; 7.75967 ; 3.51977 ; 2.906
8.72594 ; 2.05407 ; 1.71567 ; -1.8228
2.50593 ; 1.7378 ; -0.969804 ; -0.504932
3.19613 ; 3.16165 ; -1.89338 ; -3.87053
6.58999 ; 3.53061 ; 3.26993 ; -4.32746
5.67911 ; 3.53516 ; -4.49768 ; -4.10752
2.91169 ; 8.04575 ; -2.13164 ; 1.98169
8.4169 ; 1.9105 ; 2.35537 ; -1.66887
5.40638 ; 7.27686 ; 4.41435 ; 3.39861
3.92917 ; 7.36438 ; -3.92016 ; 3.44192
5.83083 ; 2.62435 ; -4.0437 ; -3.39328
6.44816 ; 4.27411 ; -1.31034 ; -4.13495
3.45719 ; 3.84306 ; -3.0098 ; 3.00806
7.07785 ; 3.64783 ; 0.230234 ; -4.22684
7.41586 ; 6.68445 ; 3.54862 ; 2.12523
2.41259 ; 1.80202 ; -0.676154 ; -0.720754
3.48578 ; 2.18384 ; -3.34499 ; -2.61949
7.91466 ; 7.47867 ; -1.16019 ; -0.764481
8.28049 ; 3.06239 ; 3.03713 ; -3.11645
4.34945 ; 3.55378 ; -4.10564 ; -3.34864
7.73313 ; 3.13675 ; 3.69356 ; -3.04321
4.39847 ; 7.2227 ; 3.55008 ; 3.3603
3.30979 ; 2.26053 ; -1.73105 ; 0.650594
3.54948 ; 5.63713 ; -3.2318 ; 3.89874
8.03708 ; 5.29769 ; 3.49177 ; 1.1098
4.45733 ; 2.85919 ; 2.27943 ; -3.63453
8.64812 ; 1.79015 ; 1.65649 ; -0.769051
8.83503 ; 1.88027 ; 1.18847 ; -1.1672
2.61927 ; 2.19569 ; -1.87671 ; -2.21646
7.88524 ; 7.51632 ; 2.54551 ; 3.12772
5.13449 ; 3.34795 ; -3.80454 ; -1.99339
2.59369 ; 1.93105 ; -1.56606 ; -1.50051
8.21731 ; 7.71583 ; 1.89432 ; 2.68981
4.55513 ; 7.09636 ; 3.43186 ; -2.93058
8.92493 ; 8.2281 ; 0.814797 ; 0.939523
3.30955 ; 7.3563 ; -2.9025 ; 3.03849
2.76691 ; 4.55335 ; -2.65869 ; -0.857251
4.71716 ; 5.07609 ; -0.91936 ; -4.46345
8.26755 ; 2.06621 ; 2.72651 ; -2.16555
7.45755 ; 5.89328 ; 0.559985 ; 4.49969
8.05069 ; 2.65722 ; 3.03645 ; -3.2632
2.85308 ; 8.25072 ; -2.14368 ; 1.39447
6.93557 ; 2.16257 ; 4.29345 ; -2.61687
8.75766 ; 6.53202 ; 2.25792 ; 3.6528
3.25633 ; 6.92929 ; -3.23575 ; 0.616833
4.43301 ; 2.23896 ; -0.845172 ; -2.75835
7.97443 ; 7.334 ; 0.0149347 ; 3.28855
6.1293 ; 4.5069 ; 4.79179 ; 0.689518
3.42152 ; 6.43557 ; -3.48693 ; 1.0645
4.53487 ; 3.50284 ; -3.222 ; -3.97327
6.92421 ; 6.53748 ; -0.261878 ; -2.42917
8.17035 ; 2.43838 ; 2.79127 ; 1.89478
3.43669 ; 4.90494 ; -0.118862 ; 4.9053
6.93271 ; 6.95398 ; 4.38292 ; 3.90385
4.10481 ; 6.39419 ; 3.92717 ; -2.38415
8.74902 ; 8.19777 ; 1.56292 ; 1.3052
2.59913 ; 7.96078 ; -1.77616 ; 1.95147
3.04623 ; 7.13418 ; -2.96999 ; 3.50555
8.59491 ; 1.89224 ; 1.91688 ; -1.24019
4.6884 ; 2.58011 ; -4.53582 ; -1.09006
3.47324 ; 5.56058 ; 1.2449 ; 4.49896
4.01121 ; 7.3054 ; -3.84207 ; 1.41749
3.08889 ; 4.17486 ; -3.15241 ; -0.610654
4.09419 ; 6.88773 ; -3.93951 ; -2.22249
2.94243 ; 7.69579 ; -2.65706 ; 2.48105
8.33066 ; 2.68626 ; 2.5756 ; -3.22613
3.10718 ; 2.09319 ; -2.77915 ; -2.26437
3.43944 ; 6.80631 ; 1.87483 ; 3.83215
3.92272 ; 4.81942 ; -4.10154 ; 2.60718
5.28482 ; 7.44086 ; 2.06796 ; 2.97462
5.98585 ; 3.2516 ; 4.50097 ; 0.998748
3.55443 ; 6.12357 ; -3.67221 ; -3.44141
8.52365 ; 2.17372 ; 2.31646 ; -2.26829
2.73785 ; 2.30895 ; -2.24866 ; -2.51099
6.41047 ; 6.31855 ; 4.34514 ; 4.11886
7.45496 ; 2.1917 ; 3.78047 ; -2.27348
8.13509 ; 2.40054 ; 3.04903 ; -2.83505
4.96583 ; 6.98266 ; -3.66964 ; 3.8901
8.39301 ; 4.205 ; 2.09483 ; -4.21385
7.63367 ; 4.8831 ; 3.95809 ; -3.9625
6.62252 ; 7.44414 ; -3.22882 ; 3.23299
3.03399 ; 2.07334 ; -2.66337 ; -2.21985
2.91254 ; 1.90607 ; -2.3546 ; -1.61014
7.48606 ; 7.96995 ; 3.74377 ; 2.51903
2.5065 ; 8.19882 ; -1.19624 ; 1.16659
8.76763 ; 8.21191 ; 1.42451 ; 1.24792
7.54512 ; 5.00799 ; 0.266779 ; -5.15578
4.87867 ; 4.76459 ; -4.73556 ; -4.69894
2.99097 ; 5.1677 ; -2.70464 ; 4.57051
6.53874 ; 7.70803 ; 4.46722 ; 2.94462
8.1241 ; 2.54115 ; 3.11428 ; -3.04624
7.9848 ; 7.16691 ; 1.94011 ; 3.49916
8.14227 ; 2.30622 ; 2.92484 ; -2.70024
7.60298 ; 5.73568 ; 3.01457 ; -4.07411
6.81722 ; 3.77235 ; 3.82831 ; -0.701806
4.95972 ; 5.27671 ; -4.80096 ; -4.35232
3.42249 ; 6.19258 ; -3.62113 ; 4.21811
7.89602 ; 2.80055 ; 3.51436 ; -3.37255
3.32671 ; 7.3873 ; -3.20091 ; 3.20079
7.80819 ; 2.44184 ; 3.47967 ; -0.223266
2.7017 ; 3.17358 ; -2.47054 ; -3.60423
2.8649 ; 2.41603 ; -2.5261 ; -2.78388
3.67716 ; 6.50728 ; -3.80842 ; 3.7098
3.40655 ; 2.46948 ; -2.1869 ; -3.00747
3.11071 ; 7.57559 ; -2.95562 ; 2.31939
2.48602 ; 2.16091 ; -1.46408 ; -2.01115
4.26252 ; 7.57183 ; 2.93116 ; 3.00323
6.63916 ; 5.4882 ; -1.99916 ; -4.74685
6.03386 ; 5.48443 ; 2.5242 ; 4.70191
4.69616 ; 2.22997 ; -4.44339 ; -2.76002
3.30284 ; 6.37223 ; -3.3359 ; 4.08185
8.8181 ; 2.02704 ; 1.43179 ; -1.67517
4.04046 ; 2.48384 ; -3.73576 ; -1.88563
4.65683 ; 4.8285 ; -4.30916 ; 4.12874
3.65524 ; 7.85017 ; -3.56812 ; 2.58862
3.43376 ; 7.69492 ; -2.93763 ; -1.1652
3.14545 ; 4.07111 ; -3.28171 ; -4.26352
3.21046 ; 3.07566 ; -2.70909 ; 1.77366
4.09183 ; 2.76644 ; -3.83448 ; -3.33516
8.29484 ; 7.37184 ; 3.00579 ; 3.19573
8.47655 ; 2.45727 ; 2.55862 ; -2.78055
8.44061 ; 7.60298 ; 2.65334 ; 2.84379
4.32071 ; 7.69026 ; 2.82958 ; 2.81883
7.79442 ; 3.34557 ; -0.302317 ; -3.83444
8.46364 ; 6.99631 ; 2.80922 ; 3.61699
3.37595 ; 8.04573 ; -3.16398 ; 2.21037
7.04431 ; 2.65448 ; 4.13189 ; -3.45462
5.14977 ; 7.70564 ; -4.5709 ; 2.93126
4.24975 ; 3.1735 ; -4.02526 ; -3.74471
7.94007 ; 7.42841 ; 3.48031 ; 3.19018
5.76899 ; 5.31468 ; 3.95841 ; -4.5129
6.62197 ; 2.95057 ; 4.68827 ; -0.128268
8.39284 ; 7.43926 ; 0.503699 ; 1.29785
8.31308 ; 7.75774 ; 0.529407 ; 2.49066
2.6554 ; 2.46563 ; -2.1439 ; -2.77989
3.22652 ; 7.59365 ; -3.07413 ; 1.86114
7.14533 ; 6.30837 ; 4.20906 ; 4.36788
3.29117 ; 5.37904 ; -3.4456 ; -0.807265
4.66691 ; 7.80211 ; -4.48356 ; 1.37967
3.09914 ; 3.88588 ; -3.21294 ; -4.34031
8.12025 ; 2.92441 ; 3.26744 ; -3.58146
2.64933 ; 7.87902 ; -1.90375 ; 2.18341
3.93396 ; 3.67913 ; -4.01974 ; -4.12892
3.13041 ; 7.06986 ; -3.08389 ; 2.43208
5.93978 ; 2.4185 ; -1.97061 ; -2.1204
7.82881 ; 5.07866 ; 0.073672 ; 4.86259
4.21827 ; 2.38609 ; -2.74446 ; -3.03961
8.66301 ; 2.48506 ; 1.672 ; -2.75633
7.28913 ; 3.51805 ; 4.19025 ; -4.27964
8.19173 ; 6.32808 ; 1.50616 ; 1.03704
7.74158 ; 7.48341 ; 3.69555 ; 3.17177
8.05421 ; 4.56151 ; 3.40821 ; 4.15083
8.68111 ; 1.98519 ; 1.78172 ; -1.68453
3.00614 ; 2.30183 ; -2.65939 ; -2.65933
7.33444 ; 3.36653 ; 4.08987 ; -2.1154
3.11556 ; 4.50962 ; -3.21808 ; -0.706877
3.69282 ; 5.63106 ; -0.555344 ; -4.10701
8.28395 ; 4.4855 ; 2.83663 ; -4.1823
6.95659 ; 6.27973 ; 3.24516 ; 4.29581
8.51925 ; 2.8196 ; 2.58287 ; -2.98452
3.55189 ; 3.33616 ; -3.6218 ; -4.07128
4.85033 ; 7.92161 ; -3.60913 ; 2.65971
3.43465 ; 3.6608 ; -3.58089 ; -3.97174
7.25708 ; 7.95075 ; 4.097 ; 2.13205
8.34997 ; 8.03039 ; 2.6049 ; 1.4096
3.72605 ; 7.61103 ; -3.2106 ; -1.2665
3.59484 ; 7.41809 ; -3.44754 ; -1.70816
6.25771 ; 7.53668 ; 3.66059 ; 1.11099
8.53059 ; 2.64246 ; 2.51698 ; -2.98411
3.80442 ; 4.77265 ; -3.96076 ; 4.37923
6.7819 ; 7.07658 ; 3.92661 ; 3.80424
3.8425 ; 7.7889 ; -3.78034 ; 2.61554
8.65717 ; 2.31517 ; 2.0592 ; -2.45927
8.15479 ; 7.39876 ; 3.09928 ; 0.92397
4.91925 ; 2.73713 ; -4.71746 ; 1.02857
3.49497 ; 5.49689 ; -3.65984 ; -3.11419
4.24132 ; 3.13417 ; -3.20471 ; 0.551272
8.12375 ; 7.39189 ; 3.24489 ; 3.19986
4.6275 ; 4.71807 ; -4.47263 ; 4.52171
3.97745 ; 7.4623 ; -2.45737 ; 2.99111
8.58956 ; 2.35586 ; 2.04678 ; -2.43069
3.04749 ; 2.71849 ; -2.92834 ; -3.2697
7.45443 ; 7.50991 ; 3.86251 ; 3.07969
8.50814 ; 7.65719 ; 2.526 ; 2.72991
6.3721 ; 4.17309 ; 4.75983 ; -4.39049
4.39069 ; 2.69945 ; 0.995114 ; -3.13276
3.17668 ; 5.01987 ; -2.07092 ; 1.69951
3.14997 ; 3.08158 ; -3.13239 ; -3.70664
7.59591 ; 8.11435 ; 3.54549 ; 2.19442
5.99223 ; 3.18381 ; 0.478074 ; -4.02897
7.89228 ; 7.88444 ; 3.36595 ; 2.60461
2.55796 ; 7.71709 ; -1.48079 ; 2.43858
7.48005 ; 5.60774 ; -3.13127 ; 3.85233
5.29428 ; 2.30657 ; -4.52475 ; -2.91058
8.58852 ; 2.14967 ; 2.15596 ; -2.15508
8.13694 ; 2.44027 ; 3.07703 ; -2.93258
3.3695 ; 2.17044 ; -3.2415 ; -2.29988
7.37284 ; 2.93709 ; 4.08137 ; -2.58334
6.77377 ; 5.46099 ; 4.59728 ; 1.97546
6.35536 ; 7.6958 ; -0.652448 ; 2.99759
4.78115 ; 4.08425 ; -3.13946 ; 0.73286
5.45743 ; 7.38961 ; 0.630362 ; 3.40423
8.8612 ; 2.52956 ; 1.46992 ; -2.74274
7.29572 ; 8.03764 ; 3.97014 ; 2.40713
8.61641 ; 1.81045 ; 1.76627 ; -1.17791
8.23349 ; 8.25264 ; 2.6949 ; 1.60107
6.95718 ; 2.47084 ; 4.1844 ; -1.99558
6.14167 ; 4.09197 ; 4.92828 ; 1.56436
8.42615 ; 4.62067 ; 2.93749 ; -2.14941
3.93175 ; 6.50977 ; 0.386983 ; 4.23151
8.8827 ; 1.86488 ; 0.872789 ; -1.02041
2.86197 ; 3.85282 ; -2.38559 ; -4.49382
8.17385 ; 7.69482 ; 2.92329 ; 2.7884
8.31754 ; 8.03949 ; 2.68612 ; 2.115
2.94267 ; 8.03428 ; -2.49277 ; 2.04902
3.40829 ; 5.46438 ; -3.37526 ; -4.14497
6.87504 ; 7.89363 ; -2.72396 ; 2.45124
8.1068 ; 6.82814 ; 3.34495 ; 3.28092
3.4312 ; 3.81145 ; -3.61654 ; -4.23655
8.15176 ; 4.8032 ; 3.30175 ; 3.12739
8.61932 ; 7.01327 ; 2.33508 ; 3.58675
4.61771 ; 7.92336 ; 3.12457 ; 2.4117
5.39485 ; 5.94801 ; -0.358344 ; -4.39994
8.09317 ; 7.74556 ; 3.13941 ; 1.60438
7.95095 ; 4.57465 ; 3.6221 ; -3.91004
6.20143 ; 4.37566 ; 3.68259 ; 1.97716
8.10302 ; 4.10707 ; 3.37393 ; -1.30907
8.74448 ; 7.63826 ; 2.0035 ; 2.64072
2.91469 ; 8.12318 ; -2.36987 ; 1.79399
3.47648 ; 5.02749 ; -3.64946 ; 2.04397
5.49845 ; 2.88443 ; -4.10057 ; -3.75486
7.92041 ; 3.04848 ; -1.09729 ; -3.73438
2.67808 ; 7.46749 ; -2.22916 ; 2.76352
4.00681 ; 6.95991 ; -3.75063 ; 3.77895
3.64036 ; 6.06967 ; -3.74867 ; 2.7154
3.03199 ; 2.1987 ; -2.65957 ; -2.47822
6.73438 ; 2.43054 ; 1.32834 ; -2.60499
8.90389 ; 8.21092 ; 0.974204 ; 1.0245
3.95447 ; 2.79601 ; -4.01183 ; -3.57268
7.50477 ; 5.31693 ; 2.15733 ; -1.08652
8.62818 ; 7.93142 ; 2.11367 ; 2.04949
2.52997 ; 7.27634 ; -1.95039 ; 2.99187
4.32198 ; 2.87197 ; -4.30873 ; -3.58049
3.27762 ; 7.68652 ; -3.06355 ; 1.05882
4.96163 ; 3.10037 ; -3.11125 ; -0.694668
3.28082 ; 7.9383 ; -2.84749 ; 2.40113
7.959 ; 2.4969 ; 3.12158 ; -3.04107
3.45314 ; 3.68335 ; -3.42691 ; -1.00329
2.56346 ; 1.99862 ; -1.54306 ; -1.68314
3.97913 ; 7.94312 ; -3.93558 ; 2.1356
3.6759 ; 2.22354 ; -3.64757 ; -2.30666
8.41102 ; 1.87899 ; 2.33698 ; -1.56381
5.17137 ; 4.00765 ; 4.41603 ; -4.04383
7.74639 ; 7.23718 ; 3.65125 ; -0.555168
6.07013 ; 5.44453 ; -3.7043 ; 3.22554
3.51143 ; 3.86743 ; -3.71062 ; -4.27076
3.66879 ; 3.36771 ; 3.696 ; 0.576136
5.83891 ; 2.57402 ; -4.507 ; -3.08082
7.87682 ; 3.41802 ; -2.82235 ; -3.10301
3.55459 ; 2.73009 ; -2.34594 ; 0.107971
8.1869 ; 4.52063 ; 3.25607 ; 1.66724
3.41673 ; 6.98992 ; -2.96053 ; 3.72262
3.10159 ; 4.65976 ; -3.17267 ; 2.25208
4.5968 ; 3.51557 ; -2.11165 ; -3.97773
6.70344 ; 6.98608 ; 4.09431 ; 3.86591
4.52022 ; 3.17567 ; -2.58172 ; -3.99055
8.57674 ; 7.9402 ; 2.2481 ; 2.17553
4.67007 ; 3.42802 ; -3.56462 ; -4.21271
3.94684 ; 6.6821 ; -1.35082 ; 3.58938
7.17556 ; 6.96994 ; 2.8558 ; 2.85656
7.06525 ; 7.45331 ; 4.29517 ; 3.21972
2.60121 ; 7.30643 ; -2.12126 ; 2.99911
5.26775 ; 2.69525 ; -4.168 ; -3.23501
4.71351 ; 7.04861 ; -4.51287 ; 3.25887
4.12574 ; 3.38965 ; -4.12168 ; -4.21494
7.34076 ; 7.62837 ; 2.90093 ; 3.06952
4.16639 ; 3.62824 ; -4.2529 ; -0.468754
4.07394 ; 7.35675 ; 1.6393 ; 2.90335
6.29134 ; 2.96192 ; 4.14033 ; -3.39248
7.17143 ; 3.41735 ; 3.09514 ; -3.61053
8.89428 ; 2.08349 ; 1.20501 ; -1.74651
4.17488 ; 6.44843 ; -4.11733 ; 3.04651
3.92755 ; 7.0517 ; -4.00048 ; 3.71109
8.43506 ; 2.81549 ; 2.76378 ; -3.28446
5.56643 ; 6.35653 ; 4.90894 ; 3.39845
4.39856 ; 2.71476 ; -0.60661 ; -3.00077
6.8584 ; 5.54283 ; 4.17964 ; -2.85046
4.38059 ; 3.30617 ; -4.30086 ; -1.81041
3.90676 ; 4.72279 ; -4.04395 ; -1.47585
7.88374 ; 7.49031 ; 3.375 ; 2.80246
7.31729 ; 3.00224 ; 3.99479 ; -3.80408
7.89124 ; 2.07549 ; 3.20464 ; 0.477182
3.58988 ; 2.06917 ; -2.8506 ; 0.0933502
8.68136 ; 2.08076 ; 1.77989 ; -1.94013
8.81786 ; 2.10123 ; 1.45374 ; -1.86802
2.58281 ; 7.71558 ; -1.83434 ; 2.46348
2.9535 ; 7.98575 ; -2.54687 ; 2.04618
8.16317 ; 7.89581 ; 2.99043 ; 1.6687
8.35749 ; 6.57131 ; 2.02232 ; 3.57768
3.32407 ; 2.57741 ; 0.43452 ; -3.04827
3.8565 ; 5.72829 ; 0.552164 ; 4.78816
6.10736 ; 7.58542 ; 4.58522 ; 3.07533
7.44295 ; 3.00393 ; 2.54003 ; -3.76268
2.44015 ; 8.28859 ; -0.834587 ; 0.730368
4.80819 ; 2.68613 ; -4.0837 ; -3.52662
5.85216 ; 3.9718 ; 4.86659 ; 3.35431
6.96755 ; 6.07737 ; 4.48463 ; -3.22182
7.75655 ; 6.89035 ; 3.73532 ; 3.75848
7.89123 ; 2.15897 ; 3.34984 ; -1.50808
3.62581 ; 2.74762 ; -1.25068 ; -3.39825
8.106 ; 7.60147 ; 2.97684 ; 2.95071
3.02523 ; 7.65171 ; -2.61835 ; -0.556222
3.05629 ; 6.89223 ; -2.92542 ; 0.0481821
8.85795 ; 2.24398 ; 1.47971 ; -2.19363
2.78154 ; 7.70917 ; -2.29539 ; 2.59898
5.91833 ; 6.1704 ; 4.12933 ; 4.47191
2.92889 ; 2.64822 ; -0.447664 ; -3.11145
5.70378 ; 2.08624 ; 3.76696 ; -2.46057
8.55983 ; 7.15598 ; 2.54115 ; 3.43383
7.92913 ; 3.87157 ; 3.30037 ; 1.54999
7.76754 ; 6.53042 ; 3.80597 ; 4.05538
5.60619 ; 6.8236 ; -0.509077 ; 3.98414
3.84476 ; 3.90389 ; -3.95494 ; -4.5106
6.66753 ; 7.16021 ; -4.81801 ; 0.578555
6.90764 ; 7.25176 ; 4.37949 ; 3.60052
7.9234 ; 8.03473 ; 2.46696 ; 0.62118
2.48792 ; 1.96882 ; -1.23813 ; -1.48307
3.77691 ; 6.60655 ; -3.82215 ; 1.02346
2.97145 ; 8.05488 ; -2.14371 ; 1.98117
8.64398 ; 2.59696 ; 2.26549 ; -2.85585
6.85503 ; 7.64303 ; 4.30106 ; 3.10313
2.7668 ; 7.86811 ; -2.2414 ; 2.25556
6.25451 ; 7.68029 ; 3.95326 ; 1.36371
7.07829 ; 2.52768 ; 3.93748 ; -3.22307
7.51701 ; 3.19427 ; 3.70806 ; -3.95282
3.71194 ; 7.44051 ; -3.68598 ; -0.780662
6.0056 ; 7.09281 ; -4.3257 ; 3.69838
3.57833 ; 2.8577 ; -3.52907 ; -3.63387
6.27476 ; 7.36488 ; 2.62795 ; -0.790903
2.43839 ; 8.21124 ; -0.839025 ; 1.03993
5.1096 ; 4.25009 ; 1.99511 ; -4.49427
8.85311 ; 8.19027 ; 1.15357 ; 1.20407
8.96628 ; 8.28175 ; 0.519217 ; 0.577428
3.20167 ; 2.02547 ; -2.95143 ; -2.10055
8.02346 ; 7.7085 ; 3.13435 ; 2.83026
3.05858 ; 7.63146 ; -1.882 ; 2.79708
6.83647 ; 6.14836 ; 4.2528 ; -3.31347
3.21025 ; 2.95549 ; -0.423831 ; -3.62053
7.55996 ; 3.28025 ; 3.93944 ; -4.02106
3.35682 ; 3.10977 ; -3.4714 ; -3.66067
3.96735 ; 6.57357 ; -3.26924 ; 3.90051
8.27479 ; 3.39481 ; 2.73019 ; -3.62015
6.61162 ; 3.9678 ; 4.73253 ; 1.17153
8.21139 ; 7.64782 ; 2.81671 ; 2.88003
2.6767 ; 2.39974 ; -2.1431 ; -2.66683
4.33987 ; 5.11402 ; -4.33653 ; 3.9382
8.82522 ; 7.9224 ; 1.60007 ; 1.99825
8.21478 ; 2.40281 ; 2.78752 ; 0.593102
6.89207 ; 3.22933 ; 1.38738 ; -4.02411
5.68962 ; 6.21189 ; -3.10255 ; 2.36408
8.05461 ; 6.16616 ; 3.28437 ; 4.40269
8.29247 ; 2.42446 ; 2.72752 ; -2.84607
3.35811 ; 5.90275 ; -1.89779 ; -4.78251
8.5533 ; 7.4988 ; 2.49559 ; 2.83906
7.65251 ; 2.71999 ; 2.55995 ; -3.40073
7.32695 ; 5.32938 ; 4.19626 ; 2.26782
3.53624 ; 4.54063 ; -3.62155 ; -4.78604
2.48507 ; 8.07133 ; -1.30332 ; 1.58704
2.75426 ; 7.79109 ; -2.24705 ; 2.36543
2.49746 ; 1.84327 ; -1.12314 ; -1.06231
3.0768 ; 2.57149 ; -2.90819 ; -3.07755
6.89526 ; 5.97924 ; 4.54697 ; -1.88036
8.00572 ; 5.27436 ; 3.13047 ; 3.44516
6.75722 ; 6.70205 ; 3.09903 ; 0.968905
3.17256 ; 5.39554 ; -3.21826 ; 4.02053
3.28513 ; 3.25972 ; -3.39267 ; -3.73413
2.80833 ; 8.03171 ; -2.20922 ; 1.7019
8.84364 ; 1.95107 ; 1.18685 ; -1.38649
6.01742 ; 3.40284 ; -0.292535 ; -4.18898
3.09996 ; 2.78541 ; -2.90753 ; -3.25025
3.74011 ; 2.6573 ; -2.0446 ; -3.3006
5.93376 ; 7.23766 ; -4.73225 ; -0.429164
5.50733 ; 3.10188 ; -3.84974 ; -3.97099
5.76 ; 2.69992 ; 2.60558 ; 1.56914
7.72632 ; 5.97812 ; 3.35836 ; -3.62737
5.36766 ; 2.41765 ; -3.35607 ; -3.12593
3.09622 ; 7.50549 ; -1.67004 ; 3.00256
5.18726 ; 7.58252 ; 4.40732 ; 3.09788
4.98668 ; 6.43221 ; -4.67103 ; 4.02865
8.82957 ; 1.82443 ; 1.11938 ; -0.925879
3.16057 ; 6.0408 ; -2.28391 ; -1.24543
3.3676 ; 4.47579 ; -0.559856 ; -4.88979
3.77473 ; 2.96177 ; -3.87522 ; -3.75472
8.71892 ; 8.09426 ; 1.72274 ; 1.67068
3.13286 ; 7.44305 ; -2.71161 ; 2.76261
7.36633 ; 6.72606 ; -2.72123 ; 3.83808
3.80134 ; 7.29788 ; -3.84143 ; 3.49907
7.65518 ; 6.795 ; 3.20241 ; 3.80076
6.88933 ; 2.32527 ; -1.20745 ; -2.8189
6.7953 ; 4.92746 ; 4.60135 ; -3.37644
6.50695 ; 4.31279 ; 4.3146 ; 4.43749
8.5816 ; 1.68159 ; 1.72225 ; -0.329019
5.98724 ; 3.84004 ; 3.72337 ; -4.20471
8.61765 ; 3.49074 ; 2.53416 ; -3.54165
8.39782 ; 8.2428 ; 2.41975 ; 1.42234
6.51058 ; 5.56482 ; 4.4683 ; 4.65214
7.35087 ; 6.35435 ; 4.03038 ; -2.66678
3.35393 ; 7.51796 ; -2.53735 ; 3.08867
7.49 ; 4.17892 ; 4.05879 ; 3.07677
7.57476 ; 5.30505 ; 3.96101 ; -0.907443
2.67775 ; 2.19963 ; -1.99362 ; -2.28085
3.44549 ; 5.12023 ; -3.60004 ; -2.37473
2.93508 ; 3.71304 ; -2.05322 ; -4.18953
7.37056 ; 7.68469 ; 3.98574 ; 2.88067
3.27387 ; 8.20183 ; -2.96976 ; 0.8791
8.0303 ; 5.2566 ; 1.45177 ; 4.03942
8.04724 ; 3.18779 ; 2.98704 ; -3.84041
5.9564 ; 6.04853 ; 0.945922 ; 3.59723
6.59165 ; 6.08138 ; 4.66554 ; 3.37399
3.62025 ; 7.74602 ; -3.53616 ; 2.848
3.46957 ; 2.50536 ; -3.35433 ; -2.88235
5.19112 ; 7.29434 ; -1.72376 ; 3.56092
7.46856 ; 8.17977 ; 3.48065 ; 2.04816
5.9845 ; 2.10376 ; -3.16749 ; -1.00453
7.68627 ; 7.45065 ; -1.56886 ; 3.12216
7.20379 ; 3.79503 ; 4.28007 ; -4.28038
2.63675 ; 7.50068 ; -2.07805 ; 2.87108
7.3346 ; 2.84478 ; 4.06661 ; -3.5692
8.76233 ; 2.8591 ; 0.715644 ; -2.49257
8.66859 ; 2.77331 ; 2.24179 ; -3.229
3.40247 ; 2.00453 ; -2.41112 ; -0.393949
4.21008 ; 7.40658 ; 4.05334 ; 2.35035
3.0779 ; 8.20675 ; -2.58136 ; 1.69558
8.7872 ; 1.88727 ; 1.37635 ; -1.2604
2.75926 ; 8.19403 ; -1.97639 ; 1.44404
6.81005 ; 4.89252 ; 2.10323 ; 4.27655
5.12224 ; 6.59959 ; 4.76236 ; -0.978966
2.88668 ; 4.82716 ; -2.76308 ; 4.24117
3.02016 ; 2.55393 ; -2.84162 ; -2.7161
8.59603 ; 2.48175 ; 2.31398 ; -2.80125
4.47203 ; 6.69937 ; 2.20203 ; 4.00805
3.46905 ; 3.46579 ; 1.83596 ; -3.58214
8.63359 ; 2.20555 ; 2.07423 ; -2.2728
8.74419 ; 1.84567 ; 1.44032 ; -1.15514
7.69812 ; 2.03545 ; 3.40212 ; -2.31052
7.9933 ; 7.87684 ; 3.08444 ; 2.56194
4.10041 ; 6.94876 ; -1.9626 ; 3.8339
4.02703 ; 3.78766 ; -4.14516 ; -2.95527
8.42042 ; 6.22603 ; 2.94827 ; 4.22574
7.041 ; 4.86118 ; -3.68155 ; 0.906862
8.09967 ; 7.8131 ; 0.122294 ; 2.4253
8.35675 ; 4.65025 ; 2.94335 ; 4.03699
8.64921 ; 7.9051 ; 2.10438 ; 2.19293
2.86629 ; 7.17013 ; -2.7016 ; 3.29538
4.26785 ; 6.8874 ; -4.25144 ; 3.91861
3.45275 ; 7.14744 ; -3.43631 ; 3.28662
2.8715 ; 3.1297 ; -2.79832 ; -3.71678
8.07773 ; 7.52357 ; 3.20626 ; 1.33755
5.55648 ; 5.37939 ; 5.03531 ; -4.18039
6.1308 ; 7.8496 ; -3.87958 ; 2.65657
2.51136 ; 2.98188 ; -1.9765 ; -3.34169
6.73129 ; 2.68399 ; 4.26048 ; -3.49802
3.47882 ; 5.0161 ; -3.629 ; -3.76754
2.68326 ; 7.9775 ; -1.87282 ; 1.99131
8.00292 ; 2.18208 ; 3.10716 ; 0.590878
3.25986 ; 2.01616 ; -2.98859 ; -1.26304
3.16979 ; 6.49122 ; -2.9124 ; 3.96771
7.91377 ; 5.87575 ; -0.0501114 ; 0.918545
3.57065 ; 6.49648 ; -3.49836 ; 3.11571
3.14953 ; 7.85801 ; -2.86379 ; 2.48876
3.50292 ; 3.31436 ; -3.54666 ; -2.6407
3.90841 ; 4.82582 ; -0.754481 ; 4.91506
8.66852 ; 2.29564 ; 2.07347 ; -2.42286
8.21201 ; 7.12329 ; 3.1873 ; 3.53519
4.62446 ; 7.27823 ; -3.43773 ; 3.18683
8.89752 ; 7.86815 ; 0.477465 ; 2.00448
2.84358 ; 6.75503 ; -0.853487 ; 3.92761
3.90247 ; 2.61857 ; 2.72431 ; -3.16104
3.31587 ; 5.24561 ; -3.48682 ; 2.43466
7.1842 ; 6.46686 ; -1.83443 ; 4.29907
3.06433 ; 6.54438 ; -3.10104 ; 3.39135
2.76298 ; 6.03555 ; -0.884233 ; -2.25507
4.30261 ; 5.54593 ; -4.32906 ; -4.34757
3.97337 ; 7.57158 ; -3.90409 ; 2.75193
4.36762 ; 5.66932 ; -4.25676 ; -1.60205
6.58892 ; 2.437 ; -2.35657 ; -3.02495
8.78758 ; 1.82639 ; 1.20555 ; -1.01482
4.0191 ; 6.62116 ; -2.73472 ; 4.1197
8.59115 ; 3.34292 ; 0.467393 ; -2.17685
8.1914 ; 7.91671 ; 2.94855 ; 2.43596
2.89659 ; 3.69904 ; -2.34388 ; -4.38745
8.51452 ; 2.72566 ; 2.57421 ; -3.00878
3.87927 ; 4.03582 ; -2.24187 ; 0.926818
5.21973 ; 2.92053 ; -4.28711 ; -3.80121
8.23334 ; 7.64119 ; 2.9578 ; 1.93865
8.41825 ; 6.2544 ; 2.88662 ; 4.31447
8.79326 ; 7.41174 ; 1.42324 ; 2.9491
4.18796 ; 7.11613 ; 2.68829 ; -1.32975
7.20279 ; 4.76448 ; 4.22472 ; -4.18592
8.32083 ; 7.82635 ; 2.62099 ; 2.50913
2.51856 ; 8.06039 ; -1.29834 ; 1.64023
5.48412 ; 3.84019 ; 0.327898 ; -4.50859
3.42979 ; 3.03348 ; -3.44271 ; -3.7882
8.24932 ; 2.15026 ; 2.76974 ; -2.35342
2.55564 ; 1.8382 ; -1.32934 ; -1.12667
6.58675 ; 4.51767 ; 4.5683 ; -4.75197
7.23067 ; 7.8667 ; 3.4628 ; 2.72695
3.09704 ; 5.07258 ; -2.76601 ; 4.69947
3.60473 ; 6.97848 ; -0.957302 ; 3.71691
6.27871 ; 3.20767 ; -0.117743 ; -3.98792
7.72668 ; 2.59264 ; 3.60947 ; -2.74557
3.04122 ; 6.44235 ; -3.10165 ; 3.82753
5.66354 ; 2.55795 ; 4.82601 ; -2.38968
6.17116 ; 7.66809 ; 4.83374 ; 2.49151
3.57385 ; 7.59217 ; -3.38843 ; 3.074
5.17491 ; 5.76162 ; 1.8497 ; 2.87529
6.68304 ; 4.85762 ; -4.38988 ; 4.30361
8.09562 ; 7.47186 ; 3.09925 ; -0.566484
7.56011 ; 3.19187 ; 3.77823 ; -3.94902
7.64074 ; 3.16435 ; 3.41351 ; -3.8586
3.92313 ; 6.46352 ; -4.03013 ; 1.57223
3.90945 ; 2.408 ; 4.12673 ; -1.80174
4.86456 ; 6.44857 ; -2.02503 ; 4.19825
8.46521 ; 2.27498 ; 2.47746 ; -2.4592
7.11198 ; 5.47623 ; 4.25066 ; -4.65025
4.07916 ; 6.11341 ; -0.553964 ; 4.49436
2.74075 ; 7.33011 ; -2.41797 ; 3.00014
3.29516 ; 6.1572 ; -2.41797 ; 4.41002
4.15183 ; 7.35784 ; -4.06892 ; 3.29049
7.98713 ; 6.52579 ; 3.51803 ; 3.24659
4.12439 ; 7.13496 ; -4.03668 ; 3.64343
6.45589 ; 2.93777 ; 4.6013 ; -3.66854
7.25175 ; 3.21496 ; 0.798491 ; -3.97059
8.03401 ; 2.33038 ; 3.18445 ; -2.78148
4.61715 ; 2.41513 ; -4.22427 ; -2.66565
3.21858 ; 7.47158 ; 1.34859 ; 0.602249
7.00718 ; 6.92405 ; 3.22408 ; -0.0056985
3.65086 ; 4.04513 ; -3.79493 ; -4.59846
8.65213 ; 3.04476 ; 2.37619 ; -3.14473
3.58925 ; 2.36783 ; -3.57946 ; -2.85674
7.92802 ; 6.09052 ; 3.13651 ; 2.03387
6.44543 ; 6.78496 ; 1.37573 ; 3.87692
2.86767 ; 6.68449 ; -2.80839 ; 3.80384
7.95841 ; 2.30614 ; 2.70389 ; -2.73142
8.30589 ; 7.64909 ; 2.88312 ; 2.78087
2.96437 ; 6.60173 ; -2.22051 ; 3.80701
5.12053 ; 5.07866 ; 4.45084 ; 3.65712
7.05202 ; 2.80863 ; 4.13704 ; -3.62407
3.44771 ; 6.11191 ; -2.56604 ; 3.84939
3.38019 ; 2.41954 ; -3.22726 ; -2.92022
5.96045 ; 3.78288 ; -2.49921 ; -4.33985
8.23072 ; 6.52336 ; 3.22086 ; 3.92746
8.55348 ; 7.98751 ; 1.41965 ; 1.9805
7.90599 ; 2.24011 ; 2.99027 ; -2.64823
8.06534 ; 7.42362 ; 2.33005 ; 0.84313
5.37778 ; 3.45876 ; -3.26771 ; -4.13204
3.37971 ; 1.93563 ; -3.18075 ; -1.73289
7.05156 ; 6.09751 ; 4.42968 ; 4.242
8.70542 ; 2.03852 ; 1.78398 ; -1.80097
3.66119 ; 2.57382 ; -3.70652 ; -3.20036
3.47057 ; 2.22204 ; -3.27278 ; -2.68175
4.56886 ; 6.86484 ; -3.04153 ; -2.67817
3.25571 ; 6.62088 ; -3.34372 ; 3.87064
7.66117 ; 4.35463 ; -0.754983 ; -4.95574
3.13692 ; 7.99065 ; -2.84815 ; 2.24251
3.34923 ; 7.95927 ; -3.02541 ; 2.39639
7.35985 ; 6.11362 ; 4.01728 ; 1.45483
3.97759 ; 2.74485 ; -3.94778 ; -3.32449
8.31464 ; 1.80766 ; 2.5052 ; -1.32978
8.39046 ; 2.2548 ; 2.57469 ; -2.514
3.31925 ; 7.54418 ; -3.25171 ; 3.04964
8.21402 ; 4.08191 ; 3.26877 ; -3.92937
8.39154 ; 2.21897 ; 2.59844 ; -2.41898
8.20021 ; 2.54556 ; 3.01857 ; -2.73849
5.40653 ; 7.0776 ; 4.9371 ; 3.45158
8.63935 ; 2.53124 ; 2.25226 ; -2.76791
3.61657 ; 5.81964 ; 0.0596697 ; 4.59458
7.79471 ; 6.77944 ; 1.98393 ; -1.20483
8.17098 ; 6.18861 ; 2.20911 ; 3.21865
8.02042 ; 7.54292 ; 3.3403 ; 3.0617
3.16984 ; 7.61817 ; -3.0573 ; 2.9251
8.36833 ; 7.2556 ; 2.77742 ; 3.17973
3.03553 ; 7.52996 ; -2.63089 ; 2.97433
3.38764 ; 3.71888 ; -3.5234 ; -3.45955
8.14548 ; 7.9347 ; 2.9175 ; 2.40759
8.35709 ; 5.42692 ; 0.343535 ; 3.59249
7.09868 ; 7.84358 ; -0.28266 ; 0.506145
7.61633 ; 4.78553 ; 3.41682 ; 0.363931
6.83282 ; 6.38696 ; 4.23784 ; 4.21278
6.3972 ; 5.70523 ; -2.78728 ; -4.94264
8.57582 ; 2.28546 ; 2.24649 ; -2.43717
7.52672 ; 5.22195 ; 2.70061 ; 4.21974
7.96728 ; 7.48849 ; 3.34131 ; 3.1665
7.98711 ; 6.84089 ; 0.00807703 ; 3.90568
6.18223 ; 5.39737 ; 3.09836 ; 4.76834
8.06767 ; 2.45285 ; 3.18785 ; -2.80643
7.91332 ; 5.75319 ; 2.82434 ; -3.26737
8.26859 ; 1.71481 ; 2.48782 ; -0.2734
8.90818 ; 1.75046 ; 0.60248 ; -0.428011
3.55972 ; 7.11796 ; -3.65591 ; 3.50556
6.26269 ; 5.30731 ; 4.47268 ; 1.38502
7.85334 ; 8.06455 ; 3.13544 ; 2.22651
4.42132 ; 7.23746 ; -4.18325 ; 3.63176
6.78735 ; 7.18626 ; 4.32688 ; 3.69307
4.1823 ; 6.55954 ; -3.62303 ; 4.14446
7.18456 ; 2.15951 ; 4.12796 ; -2.54913
6.10257 ; 2.97008 ; 3.55611 ; -3.71388
8.30356 ; 7.15888 ; 2.86401 ; 3.24224
3.48565 ; 4.16119 ; -3.69088 ; -3.813
3.194 ; 3.06049 ; -3.20789 ; -3.74945
4.11161 ; 7.80278 ; -1.84412 ; 2.76734
7.9459 ; 5.61413 ; 3.62046 ; 3.98582
6.4074 ; 2.95832 ; 3.82992 ; -3.83147
3.41181 ; 2.41201 ; -1.96016 ; 2.14233
3.94666 ; 3.37051 ; -3.91066 ; -4.14491
7.97901 ; 6.99778 ; 1.75925 ; 3.69448
3.47691 ; 7.34928 ; -3.43026 ; -0.00429755
8.51166 ; 2.54247 ; 2.50067 ; -2.90619
2.97544 ; 3.93182 ; -3.03299 ; -4.08399
5.56143 ; 4.823 ; -1.36602 ; -4.85499
7.72466 ; 7.64911 ; -1.94862 ; 2.73087
3.03645 ; 6.35572 ; -3.00856 ; 4.14813
8.49197 ; 8.03975 ; 2.34688 ; 2.00307
8.20053 ; 8.23425 ; 2.78542 ; 1.66684
2.76397 ; 1.91519 ; -2.01753 ; -1.59879
2.8065 ; 5.96044 ; -2.52625 ; -3.17597
3.00815 ; 2.02163 ; -2.38336 ; -2.045
2.37728 ; 8.25987 ; -0.508196 ; 0.719756
6.58832 ; 7.67351 ; 4.45243 ; 3.08102
4.23207 ; 7.76458 ; -4.10806 ; 2.86573
7.82418 ; 3.0913 ; 3.55664 ; -3.78349
6.54958 ; 6.36098 ; 4.617 ; 4.40556
2.99949 ; 3.12547 ; -2.98084 ; -3.76258
2.70936 ; 3.08777 ; -1.35757 ; -3.51278
6.28809 ; 3.37922 ; 4.65859 ; -3.35542
3.81082 ; 6.91311 ; 2.00971 ; -3.51517
7.81737 ; 4.00387 ; 1.36182 ; -2.27385
2.29513 ; 1.84277 ; -0.0830895 ; -0.611778
8.25123 ; 3.29127 ; -1.70404 ; -3.60507
7.87686 ; 7.67401 ; 3.32962 ; 1.03333
6.68293 ; 2.58192 ; 4.28859 ; -3.37431
7.03181 ; 7.22715 ; 4.02546 ; 3.29255
3.42604 ; 2.44851 ; -3.39705 ; -2.18387
7.86328 ; 2.26656 ; 1.7516 ; -2.61602
3.24558 ; 2.08338 ; -3.01754 ; -2.3155
8.42866 ; 2.02226 ; 2.40768 ; -1.91264
3.13573 ; 3.41739 ; -2.91445 ; 3.42668
4.88685 ; 2.32589 ; -3.97304 ; -2.99325
5.24391 ; 5.925 ; 4.03742 ; 4.06664
4.54997 ; 3.22356 ; -4.25617 ; -1.2021
5.71768 ; 2.36457 ; 5.10558 ; -0.614421
3.511 ; 3.39532 ; -3.65239 ; -3.79807
4.08408 ; 7.71214 ; -3.99208 ; 2.78036
3.67728 ; 6.08256 ; -3.64115 ; 4.28811
8.03967 ; 5.41239 ; 3.00307 ; 4.65721
3.60917 ; 7.54922 ; -3.59369 ; 3.12656
3.85611 ; 3.2176 ; -3.70154 ; -3.78715
2.50267 ; 2.24189 ; -1.5697 ; -2.09318
6.94791 ; 7.05387 ; 3.94042 ; 3.82153
2.50721 ; 2.06302 ; -1.366 ; -1.79645
5.60603 ; 6.8678 ; 2.91161 ; 2.44654
4.10444 ; 2.71252 ; -3.9804 ; -3.25195
3.62634 ; 3.62682 ; -3.5986 ; -3.15059
2.65496 ; 3.38022 ; -1.18992 ; -3.88771
5.49427 ; 2.60266 ; 3.35833 ; -3.38043
2.61436 ; 2.12386 ; -1.81084 ; -1.98787
3.23292 ; 7.09911 ; -3.15745 ; 0.22214
3.1591 ; 7.71068 ; -2.97866 ; 2.4752
3.02192 ; 7.10173 ; -2.96182 ; 3.41993
4.39581 ; 3.50382 ; -1.77764 ; -0.232414
5.64646 ; 7.50454 ; -4.56561 ; 0.745721
3.63338 ; 2.7264 ; -3.57919 ; -3.47963
7.19604 ; 5.35511 ; -2.21258 ; 1.83464
8.21211 ; 4.20689 ; 2.91651 ; -4.24907
5.06331 ; 2.3132 ; -4.79187 ; -1.94397
8.74254 ; 1.93678 ; 1.43777 ; -1.46118
6.90795 ; 6.80724 ; 4.20158 ; 4.01294
8.38739 ; 6.51696 ; 3.00302 ; 3.92174
3.38544 ; 6.10704 ; -3.20461 ; 4.44668
8.15049 ; 3.17572 ; -1.9206 ; 1.82806
5.22831 ; 7.4746 ; -3.95886 ; 3.35315
6.63359 ; 4.79566 ; 4.65733 ; 3.65907
2.72744 ; 2.27402 ; -2.20264 ; -2.43926
3.49025 ; 5.97484 ; -3.68024 ; 4.33511
3.41447 ; 2.88367 ; -3.21993 ; -3.6158
2.82739 ; 2.3456 ; -2.40369 ; -2.67206
6.80757 ; 7.58382 ; 1.91503 ; 0.800985
8.65525 ; 2.73636 ; 2.26321 ; -3.15649
7.70965 ; 7.66162 ; 3.57934 ; 2.75033
4.77841 ; 4.11351 ; 0.649816 ; -4.6673
2.58591 ; 1.92234 ; -1.53327 ; -1.44699
2.94907 ; 2.90242 ; -2.12806 ; -2.07065
3.31244 ; 6.10522 ; 0.559716 ; 4.14553
3.37721 ; 8.11283 ; -3.14418 ; 2.0496
6.78463 ; 2.60054 ; 4.39327 ; -3.29668
8.40472 ; 2.01091 ; 2.42915 ; -1.96709
6.9263 ; 7.39431 ; -3.64579 ; 2.08758
8.56788 ; 4.41195 ; 1.90064 ; -3.45333
4.65824 ; 4.53742 ; -4.28719 ; -4.77528
4.18243 ; 2.39638 ; -3.97113 ; -3.08704
8.79268 ; 1.72273 ; 1.09774 ; -0.518886
8.85799 ; 8.3523 ; 0.920534 ; 0.505094
2.61976 ; 7.47082 ; -1.92523 ; 2.93862
2.83445 ; 7.48853 ; -1.84258 ; 2.96319
7.10518 ; 6.61367 ; 4.28712 ; 3.12136
8.39403 ; 7.39319 ; 2.79394 ; 3.1808
8.70016 ; 2.14809 ; 1.88773 ; -2.08477
3.61971 ; 4.81411 ; 0.369111 ; 4.59226
2.97376 ; 2.75044 ; -2.86511 ; -3.22128
6.88763 ; 7.314 ; 1.82484 ; 3.41938
2.49047 ; 1.92091 ; -1.21167 ; -1.34218
4.4966 ; 2.93537 ; -4.15998 ; -3.81343
4.41037 ; 3.04686 ; -1.8735 ; -3.87103
3.06904 ; 7.5684 ; -2.91241 ; 2.78258
6.5919 ; 5.66002 ; 4.73375 ; 3.34585
7.72804 ; 8.0237 ; 3.35389 ; 2.35421
8.33856 ; 1.97951 ; 2.49503 ; -1.91991
8.35215 ; 7.08259 ; 2.98581 ; 3.54284
3.21745 ; 7.92994 ; -2.94115 ; 1.22226
4.19403 ; 7.29156 ; -3.81284 ; 2.74554
7.8139 ; 5.8117 ; 3.72007 ; 3.38734
4.68526 ; 3.08545 ; -4.44894 ; -3.94231
2.83319 ; 3.14149 ; -2.16502 ; -3.77464
3.64526 ; 4.09906 ; -3.86024 ; -4.40906
6.16925 ; 3.28927 ; 2.54096 ; -4.08787
7.09029 ; 6.01377 ; 4.37077 ; 3.16947
3.26956 ; 5.16247 ; -3.11636 ; 4.59025
5.37501 ; 7.01218 ; -2.42989 ; 3.77171
3.95974 ; 4.65774 ; -2.80316 ; -2.79486
5.3695 ; 5.3534 ; -1.9543 ; 4.5665
8.21299 ; 2.67506 ; 0.934225 ; -3.1519
4.16971 ; 4.63539 ; -4.25696 ; -0.58095
8.02287 ; 2.79539 ; 0.133104 ; -3.38069
6.24668 ; 3.05608 ; 4.96838 ; 1.47795
