7.95305 ; 5.75486 ; 1.72034 ; -5.04529
8.14789 ; 3.01327 ; 2.70033 ; 0.853978
8.16753 ; 3.56637 ; 2.7268 ; -1.59984
2.33606 ; 1.9135 ; 0.459047 ; -0.314332
6.64151 ; 8.02357 ; -1.39581 ; -0.963317
2.49124 ; 1.74034 ; -0.102475 ; 0.380546
8.42347 ; 6.73775 ; 1.06231 ; 0.595869
7.95129 ; 2.78088 ; 0.519283 ; 3.46539
7.17956 ; 2.18086 ; 4.01398 ; -0.463614
8.22706 ; 7.87679 ; 2.5257 ; 1.94693
8.14372 ; 6.19036 ; 2.83358 ; -3.20215
4.72652 ; 7.59234 ; 4.14076 ; 0.133595
3.70359 ; 4.19741 ; -3.62377 ; -4.16758
5.13742 ; 2.18249 ; -4.54955 ; -1.85109
6.418 ; 3.36434 ; 4.30554 ; -3.45038
5.55197 ; 7.58591 ; 4.47608 ; 2.64308
3.19396 ; 3.55511 ; -2.79595 ; -3.85463
8.74402 ; 6.85457 ; 1.69142 ; 3.02399
7.01948 ; 5.73252 ; 0.041872 ; -1.37408
5.47047 ; 7.17851 ; -4.3376 ; 2.20958
8.82549 ; 8.26791 ; 0.47197 ; 0.162525
2.41913 ; 7.94379 ; -0.490211 ; 1.20578
8.09316 ; 7.90723 ; 2.18668 ; 1.91538
4.36206 ; 7.2286 ; 4.72435 ; 1.0411
4.03891 ; 7.62056 ; -3.28099 ; 2.67284
7.13789 ; 2.82735 ; 4.06438 ; 0.952527
6.31761 ; 2.26191 ; -2.38196 ; -1.60016
7.72419 ; 3.3841 ; -3.34833 ; -0.977229
2.34278 ; 1.75942 ; 0.880833 ; 0.705686
5.13725 ; 5.29538 ; 2.82541 ; -5.02396
8.00626 ; 7.24463 ; 3.02975 ; 1.49188
7.25325 ; 2.73528 ; -0.438565 ; -3.06037
8.04282 ; 7.59027 ; 2.95158 ; 2.5098
8.83549 ; 5.04977 ; 1.35609 ; 3.41959
3.68186 ; 3.28869 ; -3.56584 ; -3.6982
8.43212 ; 2.28751 ; 2.08079 ; -2.0706
4.40215 ; 3.37675 ; -3.73162 ; -3.97834
3.42677 ; 2.43227 ; -2.84565 ; -2.60571
3.16962 ; 8.13566 ; -2.30673 ; 1.30715
4.37739 ; 4.41131 ; -4.318 ; 3.48463
4.2878 ; 2.94925 ; -0.549554 ; 2.85754
3.93832 ; 8.21298 ; -1.58195 ; 1.20266
4.00273 ; 2.72691 ; 3.72539 ; 0.953165
3.2299 ; 2.86864 ; -0.463697 ; -3.09918
2.82536 ; 6.40943 ; -2.03232 ; -1.43918
3.67681 ; 2.57778 ; -2.35703 ; -2.71099
8.94157 ; 2.18826 ; 0.449206 ; -1.32744
3.15066 ; 3.45084 ; -2.63594 ; -1.64485
3.68482 ; 3.82396 ; -3.51525 ; -3.44194
8.80385 ; 1.77746 ; 0.434822 ; 0.0390931
3.38827 ; 2.84972 ; -3.01233 ; -3.28474
8.87831 ; 1.8713 ; 0.273143 ; -0.344203
2.81077 ; 2.35791 ; -1.77591 ; -2.22318
2.48921 ; 8.05263 ; -0.613291 ; 0.821198
6.4589 ; 4.69128 ; -2.35328 ; -4.10286
3.36479 ; 7.68774 ; -2.77732 ; -0.922241
8.49717 ; 2.24299 ; 1.78748 ; -0.549895
3.3316 ; 8.05034 ; -2.72368 ; 1.53283
8.61077 ; 1.94226 ; 1.38482 ; -0.873295
8.09393 ; 7.60402 ; 2.86979 ; 2.57662
6.47136 ; 2.57865 ; -4.82509 ; -0.578769
2.58212 ; 2.13362 ; -0.960701 ; -1.4683
3.17367 ; 8.1023 ; -2.37206 ; 1.40512
6.9543 ; 2.66943 ; 4.21991 ; -2.30337
8.89952 ; 8.43786 ; -0.57441 ; -1.49612
4.77678 ; 8.29524 ; -3.69499 ; 1.0407
8.30657 ; 2.85401 ; 2.57604 ; -3.05281
7.88264 ; 2.06747 ; 2.26274 ; -1.72781
3.46608 ; 2.30464 ; -3.03227 ; -2.40671
2.87921 ; 5.58053 ; -2.27437 ; -2.84469
6.79562 ; 2.63218 ; 4.362 ; -2.40068
5.31717 ; 2.85405 ; -4.05081 ; -3.42028
8.41817 ; 2.20632 ; 2.03309 ; -1.89954
4.6364 ; 5.15019 ; -4.3073 ; -4.34405
3.0761 ; 6.27011 ; -2.6871 ; 2.68461
8.69671 ; 8.25345 ; 0.905166 ; 0.457023
8.64953 ; 2.94663 ; 1.84115 ; -3.06003
7.96719 ; 3.16493 ; 3.13719 ; -2.78737
7.59225 ; 2.41131 ; 1.1316 ; -2.4976
8.07731 ; 7.0706 ; 0.846406 ; 3.35677
8.68982 ; 4.99334 ; 1.83122 ; -3.41862
8.30192 ; 8.11027 ; 2.0791 ; 0.841011
3.35869 ; 7.45892 ; -2.92615 ; 2.07663
2.90401 ; 2.13878 ; -1.99463 ; -1.79423
8.60346 ; 7.6294 ; 1.80408 ; 1.9927
6.43429 ; 2.85415 ; 3.78411 ; -3.38671
7.81238 ; 7.96205 ; 3.22104 ; 1.3348
7.24334 ; 6.10657 ; 2.94983 ; 1.2418
7.548 ; 6.38767 ; 3.64797 ; -3.04304
2.56921 ; 8.16113 ; -0.72716 ; 0.556511
3.2098 ; 8.25628 ; -2.39073 ; 0.915769
5.16078 ; 3.57702 ; -0.439519 ; -4.11516
7.94939 ; 2.99783 ; 1.51272 ; -2.6545
8.21464 ; 2.17424 ; -0.576062 ; -1.62556
4.65423 ; 2.0667 ; 3.3593 ; -0.131886
8.83594 ; 8.18438 ; 0.59368 ; 0.39056
4.25304 ; 5.53822 ; -4.22094 ; 4.39796
3.46218 ; 3.34789 ; -2.89425 ; 0.84253
5.79068 ; 2.20085 ; 4.31112 ; -2.16763
8.72261 ; 7.62112 ; 1.21555 ; 2.06097
2.8058 ; 8.24221 ; -1.48281 ; 0.60202
8.1798 ; 2.03283 ; 2.46518 ; -1.53218
6.00139 ; 3.18587 ; 2.46591 ; -1.67375
8.04919 ; 5.16834 ; 3.14402 ; 2.9417
3.16202 ; 6.033 ; -2.87499 ; 4.18457
2.85675 ; 1.8898 ; -1.64473 ; -1.00475
6.58462 ; 6.80428 ; 2.76517 ; -1.55621
2.67628 ; 6.8774 ; -1.14099 ; 3.45515
6.82435 ; 6.47875 ; 0.61105 ; 3.95907
8.4622 ; 6.14886 ; 2.38368 ; 4.15845
7.80464 ; 5.49876 ; 3.46181 ; 0.387758
4.80903 ; 7.05115 ; -4.04713 ; 3.47175
8.75966 ; 7.18122 ; 1.58914 ; 2.96972
7.8334 ; 2.88973 ; 1.91976 ; -3.29526
5.53823 ; 7.8644 ; -4.28836 ; 2.11074
8.1727 ; 7.29411 ; 2.8294 ; 3.02495
8.47396 ; 1.9944 ; 1.77132 ; -1.29576
2.88067 ; 3.31821 ; -1.21431 ; -3.84111
8.0938 ; 3.8088 ; 1.70901 ; 4.76445
2.67952 ; 6.68652 ; -1.78857 ; 3.56792
7.90636 ; 8.15274 ; 2.72422 ; 1.38641
4.22095 ; 6.87148 ; -4.04556 ; 3.38108
5.26079 ; 6.17447 ; 4.47019 ; 4.07553
5.4598 ; 6.98602 ; -3.22297 ; -3.55474
4.14446 ; 6.06058 ; -3.99547 ; 4.37436
3.02268 ; 4.68292 ; -1.93949 ; 3.13405
7.97503 ; 7.35763 ; 1.00387 ; 2.29148
2.40534 ; 1.86296 ; 0.0276996 ; -0.273184
3.22379 ; 2.91137 ; -2.71383 ; 1.96241
3.50236 ; 7.53756 ; -3.02452 ; 0.173819
8.47787 ; 2.06457 ; 1.83121 ; -1.19672
8.32261 ; 5.112 ; 0.635361 ; 4.84508
2.81556 ; 8.26776 ; -1.48878 ; 0.471035
2.87802 ; 7.52206 ; 0.556119 ; 2.43842
6.90739 ; 2.85883 ; 3.79589 ; -1.48151
6.09944 ; 3.11498 ; 4.10216 ; -3.78048
2.74016 ; 7.77444 ; -1.6847 ; 1.94315
7.93722 ; 8.09985 ; 2.63136 ; 1.51174
8.41353 ; 7.93215 ; 1.97426 ; 1.74233
8.94392 ; 7.77558 ; -0.660899 ; 1.60977
8.39727 ; 3.16277 ; 2.39258 ; -3.50917
8.7069 ; 8.03703 ; -0.832043 ; 0.924669
7.23458 ; 7.29663 ; 3.94638 ; 3.20485
7.68512 ; 5.32372 ; 1.47036 ; 4.55361
8.58674 ; 2.48165 ; 0.776747 ; -2.3525
8.74772 ; 4.94262 ; 1.71033 ; -2.61903
4.97845 ; 7.98681 ; -3.59882 ; 1.95518
2.82578 ; 7.36337 ; -2.04532 ; 2.79547
2.73464 ; 2.05451 ; -1.19143 ; 1.01819
2.26595 ; 1.95247 ; 0.76651 ; -0.334114
4.21223 ; 3.44946 ; -3.87038 ; -4.09303
7.47354 ; 4.13537 ; 2.74355 ; -4.60597
2.47982 ; 1.72362 ; -0.0130101 ; 0.442783
4.9636 ; 5.05093 ; 3.22381 ; -1.4257
8.61236 ; 7.74707 ; 1.72366 ; 1.92366
8.6693 ; 7.23257 ; 1.02375 ; 2.67784
3.5705 ; 3.84465 ; 0.167876 ; 0.0938344
7.62585 ; 3.06156 ; 3.30054 ; -3.45192
8.97479 ; 2.15685 ; 0.221021 ; -1.09651
2.64517 ; 3.17161 ; -1.73453 ; -3.54452
8.59733 ; 8.34954 ; 1.24402 ; 0.179442
3.15506 ; 4.57388 ; -2.84168 ; 1.59048
8.09723 ; 4.9581 ; 1.24278 ; -4.65106
7.84778 ; 7.62899 ; 3.21406 ; 2.60808
7.45415 ; 7.88318 ; 3.28297 ; 2.12297
6.3167 ; 5.91334 ; -3.55038 ; 0.763807
3.52927 ; 4.07859 ; 1.95415 ; 5.11883
3.50471 ; 8.25608 ; -2.7006 ; 1.05737
8.31704 ; 7.58058 ; -0.290982 ; -3.14838
4.05649 ; 2.88204 ; 4.49408 ; 1.80906
4.40207 ; 7.90512 ; 3.4434 ; 1.83029
8.80556 ; 8.24671 ; 0.664256 ; 0.290103
7.62048 ; 2.34914 ; 3.14641 ; -2.40223
7.06802 ; 3.98731 ; 3.72995 ; -3.28469
8.42124 ; 7.88281 ; 1.80825 ; 1.59926
4.68605 ; 3.14911 ; -2.44329 ; -3.52174
4.22794 ; 2.63851 ; -3.74748 ; -3.10175
2.49173 ; 7.99942 ; -0.689755 ; 1.1194
4.17359 ; 3.41536 ; -3.91355 ; -1.60097
5.34603 ; 5.2581 ; -2.78612 ; 4.39136
3.60983 ; 7.17891 ; -0.627182 ; 2.77315
2.9266 ; 1.9834 ; -1.78281 ; 0.827407
8.04348 ; 2.90221 ; 2.98269 ; -3.28099
8.75505 ; 2.17822 ; 1.17067 ; -1.57953
8.24799 ; 2.82224 ; 2.27687 ; -2.99399
3.76469 ; 5.14598 ; -3.35615 ; 1.21625
2.95549 ; 3.0725 ; -2.32904 ; -3.48267
2.9796 ; 7.54816 ; -1.29563 ; 2.46347
2.85804 ; 2.38653 ; -2.00055 ; -2.31594
7.7663 ; 2.05536 ; 3.0009 ; -1.80519
4.53028 ; 7.99767 ; 3.55373 ; 1.60544
7.09303 ; 7.17535 ; 3.2063 ; 2.59399
2.80603 ; 2.65655 ; -2.0349 ; -2.65916
8.31221 ; 2.94423 ; 2.55054 ; -3.26738
3.01869 ; 5.0529 ; -2.5402 ; -4.67127
4.45728 ; 2.68062 ; -3.86168 ; -3.17767
8.85716 ; 1.87343 ; 0.374141 ; -0.292556
8.624 ; 3.13445 ; 1.60699 ; 1.33597
2.37151 ; 8.00618 ; -0.122993 ; 1.00024
2.30943 ; 2.2457 ; -0.117062 ; -1.53567
8.97805 ; 1.72955 ; -2.14044 ; 2.32769
2.55644 ; 8.36054 ; -0.436314 ; -0.27263
3.11712 ; 5.6737 ; -2.10234 ; -4.98961
6.88948 ; 7.93825 ; 4.18413 ; 2.08222
2.45458 ; 1.82205 ; -0.161025 ; -0.171221
2.59556 ; 2.43711 ; -1.16048 ; -2.30774
2.38486 ; 8.36732 ; 0.720605 ; -1.00619
3.25901 ; 7.95084 ; -2.14511 ; 1.75709
7.55406 ; 7.77893 ; -2.48283 ; -0.0273819
4.52542 ; 6.80508 ; -4.05784 ; -2.81607
8.49882 ; 1.76797 ; 1.50372 ; -0.399629
6.99096 ; 4.29059 ; 3.06721 ; -4.0917
7.37992 ; 1.85395 ; 3.60356 ; -0.539388
8.15559 ; 3.58346 ; 2.81641 ; -3.88317
4.07084 ; 2.34978 ; -2.71279 ; 0.340199
4.43911 ; 2.66274 ; -4.27858 ; -2.26602
3.18421 ; 1.80469 ; -2.38907 ; -0.885753
2.8582 ; 8.31936 ; -1.50648 ; 0.41657
2.50817 ; 1.93547 ; -0.624092 ; -0.798632
3.02813 ; 2.43004 ; -2.07728 ; -2.46089
2.55951 ; 2.0401 ; -0.95675 ; -1.24018
6.70196 ; 7.90484 ; 4.29145 ; 2.15777
8.96501 ; 1.98598 ; 0.0241551 ; -0.659516
7.05693 ; 2.59995 ; 3.9824 ; -3.0233
8.42562 ; 7.11386 ; 2.37467 ; 2.77932
7.96335 ; 2.16837 ; 2.86565 ; -2.02673
6.5152 ; 2.01559 ; 3.92201 ; -1.82307
3.13594 ; 7.3437 ; -2.66708 ; 2.85391
8.23465 ; 2.73498 ; 2.58728 ; -1.8911
6.92877 ; 8.0669 ; 3.68083 ; 1.78566
6.19847 ; 6.248 ; -4.42275 ; 4.38538
3.1644 ; 5.00012 ; -2.87239 ; 3.2776
3.60631 ; 6.25154 ; -3.45233 ; 3.99605
6.62015 ; 2.28647 ; 3.34487 ; -2.2505
3.46271 ; 5.85281 ; -3.32937 ; 3.742
3.95688 ; 5.93727 ; -3.81158 ; 3.27766
2.43335 ; 8.14696 ; -0.247478 ; 0.550252
4.75688 ; 8.01672 ; -3.8451 ; 1.90875
5.22125 ; 7.8385 ; -2.97391 ; 2.27878
3.21266 ; 1.82599 ; -2.13998 ; -0.972917
8.98081 ; 1.78118 ; -0.716258 ; 0.549474
2.81544 ; 6.94657 ; -0.246785 ; 0.268766
8.67342 ; 8.03914 ; 1.33768 ; 0.93913
7.09125 ; 6.32531 ; -2.3758 ; 4.09992
5.46758 ; 2.19397 ; -2.12692 ; -2.26728
3.17118 ; 7.77376 ; -2.46765 ; 1.76597
8.22399 ; 6.01296 ; -1.00735 ; 4.60959
2.5911 ; 7.85629 ; -1.19713 ; 1.66997
8.90903 ; 1.71656 ; -0.420593 ; 0.940251
4.00832 ; 5.9128 ; -3.21685 ; -1.41426
7.24891 ; 7.01963 ; 3.73863 ; 3.55381
5.00544 ; 7.55239 ; -2.98767 ; 2.8403
2.55483 ; 7.66862 ; -1.19439 ; 2.08608
5.03961 ; 7.05054 ; 3.01199 ; 2.93603
5.95744 ; 7.2822 ; -3.57028 ; 3.15574
8.46557 ; 7.32645 ; -1.47036 ; 2.37851
2.43695 ; 8.25079 ; 0.0117204 ; -0.261296
3.92178 ; 5.04877 ; -3.83163 ; -3.059
3.22291 ; 6.32507 ; -2.92452 ; 3.88032
2.81792 ; 4.16338 ; -2.04888 ; 3.32729
7.49385 ; 8.09808 ; 3.2984 ; 1.6377
7.6124 ; 5.27035 ; 3.66424 ; -0.184378
8.42433 ; 2.01808 ; 1.92873 ; -1.31843
2.49509 ; 7.58788 ; -1.05192 ; 2.20392
8.87605 ; 7.93449 ; 0.773891 ; 1.27343
7.83577 ; 7.77665 ; 3.17493 ; 2.32763
7.51903 ; 8.05027 ; 2.92091 ; 1.7349
8.8975 ; 1.87179 ; 0.143212 ; -0.277531
2.40895 ; 1.6873 ; 0.793133 ; 1.37134
3.00679 ; 2.7746 ; -0.828066 ; -3.03857
6.91698 ; 3.09786 ; 3.01921 ; -3.68904
5.22934 ; 3.12441 ; -4.49119 ; -3.52526
2.69852 ; 8.24392 ; -0.764103 ; 0.477192
8.65244 ; 1.74362 ; 0.991433 ; -0.064698
5.84782 ; 7.61672 ; 4.56402 ; 2.52231
3.53715 ; 7.70858 ; -3.14756 ; 2.44915
5.42646 ; 2.28502 ; -4.1919 ; -2.42965
6.31713 ; 3.86061 ; -1.75213 ; -3.87115
3.15621 ; 4.14386 ; -2.14377 ; 3.73122
7.10088 ; 3.22514 ; -0.372045 ; -3.64258
7.77073 ; 6.89697 ; 2.88992 ; 1.52039
2.34497 ; 1.72994 ; 1.17038 ; 1.10374
3.15128 ; 1.92189 ; -2.3426 ; -1.31451
7.79864 ; 7.40223 ; -2.38629 ; -2.0758
8.5842 ; 2.75074 ; 1.89713 ; -2.25932
3.93889 ; 3.21891 ; -3.57121 ; -2.83598
8.10249 ; 2.83242 ; 2.82354 ; -2.27927
4.75347 ; 7.55873 ; 4.29828 ; 2.48133
3.13669 ; 2.32559 ; -0.632734 ; 2.16212
3.2263 ; 6.027 ; -2.42264 ; 3.70215
8.38626 ; 5.40867 ; 2.56229 ; 1.09201
4.68527 ; 2.49574 ; 3.02503 ; -2.75256
8.81377 ; 1.71325 ; 0.0906188 ; 1.02599
8.95388 ; 1.76355 ; -0.525242 ; 0.560875
2.4316 ; 1.97404 ; -0.331164 ; -0.800607
8.13979 ; 7.82909 ; 1.61264 ; 2.03154
4.75403 ; 3.14861 ; -3.6652 ; -1.4155
2.43708 ; 1.781 ; 0.0563761 ; 0.136562
8.40674 ; 7.98481 ; 0.727686 ; 1.44881
4.89832 ; 6.8033 ; 4.10744 ; -4.04898
9.00641 ; 8.32205 ; -0.981899 ; -0.834225
3.0193 ; 7.66015 ; -1.86809 ; 2.01736
2.50104 ; 4.46763 ; -1.42934 ; -0.709519
4.62522 ; 4.62974 ; -0.596089 ; -4.49048
8.54021 ; 1.84966 ; 1.48211 ; -0.711201
7.51355 ; 6.34325 ; -0.163149 ; 4.10332
8.35434 ; 2.3309 ; 1.98914 ; -2.18994
2.63871 ; 8.39016 ; -0.706378 ; -0.295058
7.36491 ; 1.90089 ; 3.68576 ; -1.36728
8.98345 ; 6.89731 ; 0.877996 ; 2.9958
2.93275 ; 6.99097 ; -2.19725 ; -0.274007
4.34849 ; 1.96312 ; -0.304834 ; -1.56637
7.97593 ; 7.66285 ; -1.12137 ; 2.28005
6.60848 ; 4.57585 ; 4.5373 ; 0.976348
3.07283 ; 6.54202 ; -2.55847 ; 0.483517
4.21267 ; 3.10551 ; -2.86276 ; -3.37929
6.89802 ; 6.29456 ; -0.83458 ; -3.27571
8.44948 ; 2.62786 ; 1.65481 ; 3.42065
3.42481 ; 5.39547 ; 0.882901 ; 4.85613
7.37101 ; 7.34436 ; 3.83276 ; 3.11616
4.49753 ; 6.15578 ; 4.73409 ; -3.18075
8.90531 ; 8.32829 ; -0.0427457 ; -0.387064
2.42151 ; 8.15592 ; -0.195566 ; 0.455969
2.74923 ; 7.48474 ; -1.80122 ; 2.5563
8.7866 ; 1.76823 ; 0.417495 ; 0.433514
4.23482 ; 2.4711 ; -4.04743 ; -0.0440131
3.59773 ; 6.01048 ; 2.36068 ; 4.2374
3.627 ; 7.44715 ; -3.12626 ; 0.450571
2.77365 ; 4.1138 ; -2.09097 ; -0.26053
3.70024 ; 6.66548 ; -3.28028 ; -3.25879
2.67672 ; 7.9439 ; -1.36503 ; 1.22179
8.58822 ; 2.36364 ; 1.37303 ; -2.14046
2.82927 ; 1.86675 ; -1.55831 ; -0.85035
3.62692 ; 7.18953 ; 3.10995 ; 3.06306
3.51256 ; 5.08013 ; -3.39562 ; 2.86698
5.49161 ; 7.73832 ; 2.42854 ; 2.03071
6.43595 ; 3.35147 ; 4.35746 ; 1.87833
3.1872 ; 5.77943 ; -2.81317 ; -4.10253
8.75529 ; 1.94689 ; 0.921034 ; -0.851055
2.51299 ; 2.05785 ; -0.813924 ; -1.19241
6.84499 ; 6.73043 ; 4.06028 ; 3.62166
7.83301 ; 1.96435 ; 2.96807 ; -0.996752
8.43999 ; 2.11704 ; 1.92162 ; -1.61561
4.59887 ; 7.37167 ; -3.45289 ; 3.10663
8.60249 ; 3.78361 ; 0.969078 ; -3.84277
8.02948 ; 4.48685 ; 3.18722 ; -3.97706
6.29963 ; 7.76743 ; -3.82284 ; 2.26092
2.76765 ; 1.85136 ; -1.39443 ; -0.781626
2.67708 ; 1.74506 ; -0.980404 ; -0.0120152
7.86044 ; 8.22186 ; 2.93269 ; 1.19569
2.38687 ; 8.31548 ; 0.528172 ; -0.560172
8.91009 ; 8.3367 ; -0.205881 ; -0.461877
7.5718 ; 4.49241 ; -0.518379 ; -4.97328
4.40512 ; 4.29469 ; -4.33612 ; -4.54249
2.7205 ; 5.62475 ; -1.61541 ; 4.47468
6.98546 ; 8.00249 ; 4.05948 ; 1.83824
8.43553 ; 2.23652 ; 2.0075 ; -1.90651
8.17881 ; 7.51682 ; 0.969441 ; 2.56915
8.43475 ; 2.0362 ; 1.78573 ; -1.42348
7.90443 ; 5.32827 ; 2.33281 ; -4.46461
7.20005 ; 3.70217 ; 3.43215 ; -0.210372
4.47963 ; 4.84148 ; -4.41925 ; -4.48454
3.06037 ; 6.61439 ; -2.69469 ; 3.70417
8.24746 ; 2.4633 ; 2.54148 ; -2.39132
3.00662 ; 7.70738 ; -2.16126 ; 2.15619
8.15615 ; 2.41951 ; 2.52222 ; 1.08135
2.45464 ; 2.81315 ; -1.11805 ; -2.76359
2.61229 ; 2.13764 ; -1.19369 ; -1.55019
3.29631 ; 6.87826 ; -2.97832 ; 3.12316
3.18786 ; 2.16874 ; -1.18827 ; -1.86538
2.81515 ; 7.80753 ; -1.7776 ; 1.15303
2.33961 ; 1.95979 ; 0.204515 ; -0.544417
4.55563 ; 7.87215 ; 3.80468 ; 1.94207
6.43924 ; 5.01352 ; -2.55689 ; -4.8843
6.28628 ; 5.95463 ; 2.55549 ; 4.45924
4.25182 ; 1.95397 ; -3.96266 ; -1.57603
2.96925 ; 6.78042 ; -2.35792 ; 3.49325
8.96128 ; 1.85952 ; -0.22701 ; -0.0883356
3.66688 ; 2.29528 ; -3.03651 ; -0.799726
4.22591 ; 5.24137 ; -3.90272 ; 4.27044
3.29843 ; 8.10903 ; -2.64144 ; 1.3171
3.13999 ; 7.5784 ; -1.93808 ; -2.64522
2.81728 ; 3.64476 ; -2.24123 ; -3.84288
2.93955 ; 3.25302 ; -1.66059 ; 2.89816
3.70838 ; 2.43293 ; -3.1703 ; -2.40674
8.59542 ; 7.69141 ; 1.84015 ; 2.13849
8.73241 ; 2.17921 ; 1.23591 ; -1.55343
8.70595 ; 7.88736 ; 1.37724 ; 1.64309
4.60367 ; 7.97214 ; 3.68357 ; 1.69759
7.76419 ; 2.96213 ; -1.33645 ; -3.11323
8.74456 ; 7.35801 ; 1.58202 ; 2.72867
3.05955 ; 8.26676 ; -2.08056 ; 0.776074
7.4575 ; 2.30902 ; 3.52792 ; -2.45604
4.69268 ; 7.99876 ; -4.28163 ; 1.83601
3.84722 ; 2.79903 ; -3.43867 ; -3.00494
8.2881 ; 7.74743 ; 2.49016 ; 2.1363
6.16483 ; 4.86339 ; 4.01409 ; -4.62669
7.09079 ; 2.93775 ; 4.20188 ; 0.813956
8.44321 ; 7.56904 ; -0.844841 ; 0.152333
8.36602 ; 8.0068 ; -0.80495 ; 1.21157
2.44101 ; 2.18764 ; -0.672237 ; -1.54996
2.91911 ; 7.77976 ; -1.95927 ; 0.681752
7.56624 ; 6.74516 ; 3.61549 ; 3.81339
2.94661 ; 5.29831 ; -2.49157 ; -1.05924
4.21855 ; 7.94007 ; -3.96796 ; 0.166367
2.77784 ; 3.45185 ; -2.14116 ; -3.81069
8.44699 ; 2.56626 ; 2.19688 ; -2.63074
2.45896 ; 8.09736 ; -0.376599 ; 0.758839
3.53198 ; 3.26624 ; -3.30272 ; -3.57381
2.82202 ; 7.31307 ; -1.9673 ; 1.56335
5.74272 ; 2.20646 ; -2.25899 ; -1.05921
7.83618 ; 5.56492 ; -0.873601 ; 4.75549
3.94382 ; 2.08213 ; -2.19049 ; -1.91657
8.83021 ; 2.20942 ; 0.203463 ; -1.52196
7.70816 ; 3.09009 ; 3.5076 ; -3.61256
8.34235 ; 6.43178 ; 0.455126 ; 0.50193
8.11114 ; 7.80059 ; 2.79166 ; 2.10613
8.39503 ; 4.97659 ; 2.46811 ; 4.43835
8.85928 ; 1.81673 ; 0.2321 ; -0.0919039
2.7402 ; 2.0359 ; -1.4029 ; -1.37243
7.74342 ; 3.15499 ; 3.39168 ; -1.49868
2.79375 ; 4.43893 ; -2.17883 ; -0.531915
3.63729 ; 5.22036 ; 0.280949 ; -4.45516
8.56762 ; 4.06727 ; 1.79166 ; -3.96107
7.28111 ; 6.70931 ; 2.84579 ; 3.77407
8.77754 ; 2.52115 ; 1.27798 ; -1.96672
3.18971 ; 2.92903 ; -2.73683 ; -3.33219
4.48942 ; 8.18759 ; -3.30935 ; 1.42891
3.07656 ; 3.26363 ; -2.65721 ; -3.40548
7.66678 ; 8.16396 ; 3.36747 ; 0.833179
8.61046 ; 8.17135 ; 1.33026 ; -0.0976154
3.40499 ; 7.48438 ; -2.37267 ; -2.67467
3.25008 ; 7.24728 ; -2.53984 ; -3.04614
6.62377 ; 7.64778 ; 3.51563 ; 0.0490921
8.78229 ; 2.34405 ; 1.18339 ; -1.85883
3.40834 ; 5.21058 ; -3.21785 ; 4.50676
7.17456 ; 7.45701 ; 3.51554 ; 2.97267
3.46447 ; 8.05046 ; -2.94231 ; 1.39992
8.86309 ; 2.06925 ; 0.589083 ; -1.11777
8.46472 ; 7.49115 ; 2.01151 ; -0.202444
4.44751 ; 2.83998 ; -4.30673 ; 2.17961
3.12898 ; 5.18547 ; -2.79227 ; -3.50056
3.92085 ; 3.18929 ; -2.69156 ; 1.47763
8.44824 ; 7.71187 ; 2.16862 ; 2.14829
4.18024 ; 5.17024 ; -4.02216 ; 4.63993
3.73171 ; 7.76141 ; -1.78309 ; 1.97235
8.79424 ; 2.11279 ; 0.62675 ; -1.1248
2.75466 ; 2.39152 ; -1.74325 ; -2.22599
7.84068 ; 7.81788 ; 3.09402 ; 2.02777
8.76074 ; 7.93018 ; 1.19943 ; 1.48864
6.84809 ; 3.73404 ; 4.40582 ; -4.03945
4.4902 ; 2.38617 ; 1.70752 ; -2.19683
2.96959 ; 5.18982 ; -1.07946 ; 1.84137
2.83673 ; 2.71091 ; -2.03743 ; -2.84553
7.95046 ; 8.3338 ; 2.67814 ; 0.760696
6.04003 ; 2.78092 ; 0.383674 ; -3.28701
8.22888 ; 8.1449 ; 2.36451 ; 1.29545
2.40988 ; 7.96095 ; 0.10931 ; 1.11193
7.16692 ; 5.99297 ; -4.07397 ; 3.69197
4.8418 ; 2.01551 ; -4.32958 ; -1.78769
8.80412 ; 1.93416 ; 0.710086 ; -0.709225
8.44464 ; 2.14702 ; 1.95215 ; -1.73458
3.04535 ; 1.94045 ; -2.17516 ; -0.970112
7.78098 ; 2.67876 ; 3.3362 ; -1.7495
7.2335 ; 5.65853 ; 4.11502 ; 1.94774
6.29011 ; 7.99556 ; -1.034 ; 1.9032
4.4672 ; 4.15754 ; -2.90917 ; 1.20819
5.52047 ; 7.73003 ; 0.807903 ; 2.46803
9.00819 ; 2.25529 ; -0.140599 ; -1.50957
7.69273 ; 8.27835 ; 3.23077 ; 1.05569
8.79304 ; 1.69266 ; 0.231597 ; 0.562335
8.50297 ; 8.41275 ; 1.46375 ; -0.0311472
7.37562 ; 2.27128 ; 3.6046 ; -0.918514
6.6345 ; 4.24841 ; 4.62961 ; 2.10111
8.7199 ; 4.40573 ; 1.81005 ; -2.10395
3.97045 ; 6.93292 ; 1.23198 ; 3.586
8.96997 ; 1.76284 ; -0.904121 ; 0.738972
2.62341 ; 3.40343 ; -1.18581 ; -3.90458
8.46618 ; 7.97366 ; 1.79743 ; 1.56438
8.58615 ; 8.25099 ; 1.43057 ; 0.643431
2.69339 ; 8.23918 ; -1.15407 ; 0.559333
3.07077 ; 5.04989 ; -2.48754 ; -4.41575
6.60264 ; 8.13875 ; -3.48403 ; 1.22115
8.44129 ; 7.15623 ; 2.32311 ; 2.54254
3.06954 ; 3.38779 ; -2.69565 ; -3.70472
8.48194 ; 5.11593 ; 2.3202 ; 3.40286
8.85282 ; 7.37194 ; 1.00675 ; 2.67686
4.93017 ; 8.16453 ; 3.82918 ; 1.16792
5.35902 ; 5.50802 ; -0.264527 ; -4.80611
8.40711 ; 7.906 ; 2.04791 ; 0.327744
8.31316 ; 4.18365 ; 2.72003 ; -3.78111
6.56969 ; 4.57338 ; 3.58592 ; 2.41273
8.44042 ; 3.97616 ; 2.39288 ; -0.974318
8.94483 ; 7.90233 ; 0.508754 ; 1.38085
2.67771 ; 8.30258 ; -0.998484 ; 0.228358
3.11153 ; 5.23188 ; -2.77854 ; 2.19897
5.08839 ; 2.50894 ; -4.08369 ; -2.89915
7.81068 ; 2.67504 ; -2.29752 ; -2.85652
2.45517 ; 7.74384 ; -0.790306 ; 1.61074
3.63175 ; 7.33781 ; -3.06671 ; 2.97587
3.26549 ; 6.34121 ; -2.92797 ; 2.39553
2.76603 ; 1.95088 ; -1.40614 ; -1.12739
6.86721 ; 2.17004 ; 0.928324 ; -1.53012
9.00131 ; 8.31337 ; -0.790032 ; -0.725904
3.55329 ; 2.43874 ; -3.25526 ; -2.63241
7.7205 ; 5.20828 ; 1.53094 ; -1.31632
8.83954 ; 8.13637 ; 0.661084 ; 0.60356
2.33494 ; 7.57552 ; -0.425481 ; 1.93181
3.8911 ; 2.51392 ; -3.6968 ; -2.70364
2.97126 ; 7.7924 ; -1.96882 ; -0.224998
4.6505 ; 3.03091 ; -2.94348 ; 0.100353
2.99607 ; 8.17841 ; -1.73117 ; 1.02948
8.27116 ; 2.19279 ; 2.106 ; -1.89416
3.11045 ; 3.58302 ; -2.52721 ; -0.460611
2.40915 ; 1.83031 ; 0.0911151 ; -0.100262
3.58558 ; 8.15668 ; -3.13972 ; 0.828734
3.31114 ; 1.99287 ; -2.73412 ; -1.04416
8.64472 ; 1.72261 ; 0.97182 ; 0.0677752
5.61298 ; 3.60327 ; 4.64794 ; -3.68404
8.11151 ; 7.18166 ; 2.77126 ; -1.69394
5.6997 ; 5.76708 ; -3.97636 ; 3.20382
3.14037 ; 3.44035 ; -2.82531 ; -3.76452
4.03839 ; 3.42532 ; 4.75884 ; 1.4179
5.38821 ; 2.26593 ; -4.57878 ; -2.10719
7.59459 ; 3.10772 ; -4.03521 ; -2.47258
3.32 ; 2.74089 ; -1.46079 ; 1.25713
8.51251 ; 4.68736 ; 2.2511 ; 2.0643
3.12068 ; 7.36219 ; -2.01918 ; 2.86648
2.78432 ; 4.88497 ; -2.13081 ; 2.59119
4.38564 ; 3.11779 ; -1.7904 ; -3.39113
7.11288 ; 7.37267 ; 3.70012 ; 3.07625
4.26205 ; 2.77662 ; -2.22109 ; -3.23328
8.80155 ; 8.15776 ; 0.832717 ; 0.735394
4.3136 ; 3.00675 ; -3.24033 ; -3.55084
3.81176 ; 7.04104 ; -0.665138 ; 2.94336
7.46114 ; 7.25559 ; 2.3387 ; 2.1247
7.49476 ; 7.77529 ; 3.66893 ; 2.22072
2.38909 ; 7.60635 ; -0.647769 ; 1.9292
4.85095 ; 2.37175 ; -4.03091 ; -2.31997
4.26222 ; 7.3745 ; -4.04768 ; 2.49182
3.71357 ; 2.96816 ; -3.47049 ; -3.51301
7.63085 ; 7.93533 ; 2.25374 ; 1.95801
3.7411 ; 3.58136 ; -3.61031 ; 0.115804
4.23787 ; 7.64709 ; 2.56918 ; 1.9533
6.70537 ; 2.62267 ; 3.91533 ; -2.59972
7.48094 ; 3.0563 ; 2.57449 ; -2.99007
9.01478 ; 1.90884 ; -0.515378 ; -0.190115
3.76315 ; 6.75309 ; -3.49402 ; 2.56113
3.5275 ; 7.42281 ; -3.23921 ; 2.86254
8.71144 ; 2.48705 ; 1.51013 ; -2.25966
6.05732 ; 6.69637 ; 4.86674 ; 2.97043
4.3379 ; 2.41468 ; -0.0529915 ; -2.07901
7.27637 ; 5.25778 ; 3.73842 ; -3.24262
3.9505 ; 3.12513 ; -3.73929 ; -1.18269
3.50237 ; 4.5752 ; -3.33839 ; -1.4762
8.22124 ; 7.77055 ; 2.41867 ; 1.73184
7.71677 ; 2.62183 ; 3.29522 ; -2.94191
8.21171 ; 2.12321 ; 2.17662 ; 2.09005
3.30482 ; 2.07851 ; -1.91861 ; 1.64335
8.85935 ; 1.88675 ; 0.245262 ; -0.425474
8.96323 ; 1.91443 ; -0.191303 ; -0.342328
2.39938 ; 7.96193 ; -0.282248 ; 1.14166
2.69881 ; 8.19037 ; -1.22236 ; 0.590341
8.46221 ; 8.06269 ; 1.84456 ; 0.292078
8.55972 ; 6.92908 ; 0.88582 ; 2.93567
3.36753 ; 2.27258 ; 1.67938 ; -1.96116
3.91171 ; 6.2071 ; 1.41931 ; 4.3938
6.56588 ; 7.89295 ; 4.36715 ; 2.0473
7.69696 ; 2.62766 ; 1.86739 ; -2.89718
2.3567 ; 8.36163 ; 0.98445 ; -1.1111
4.39982 ; 2.33347 ; -3.73883 ; -2.57503
6.33882 ; 4.30723 ; 4.70634 ; 3.95073
7.41602 ; 5.75519 ; 3.92974 ; -3.83916
8.13008 ; 7.2662 ; 2.86805 ; 2.97198
8.22621 ; 2.00817 ; 2.3226 ; -0.130262
3.50074 ; 2.4078 ; -0.351537 ; -2.41962
8.40368 ; 7.89654 ; 1.90067 ; 1.78747
2.76339 ; 7.59609 ; -1.38431 ; -2.00377
2.76375 ; 6.89704 ; -1.78702 ; -0.895582
9.00593 ; 2.02461 ; -0.169399 ; -0.770339
2.552 ; 7.96907 ; -0.894459 ; 1.30979
6.33126 ; 6.61759 ; 4.09672 ; 3.98381
2.88412 ; 2.33708 ; 0.942191 ; -2.0204
6.08047 ; 1.84018 ; 3.85906 ; -1.20782
8.81395 ; 7.49936 ; 1.23932 ; 2.46009
8.25917 ; 4.02657 ; 2.40807 ; 2.24973
8.14814 ; 6.93596 ; 2.94827 ; 3.41559
5.55529 ; 7.22201 ; -0.516154 ; 3.27654
3.44927 ; 3.45283 ; -3.21191 ; -3.99093
6.18573 ; 7.21807 ; -5.1907 ; -0.34004
7.34559 ; 7.61182 ; 3.82773 ; 2.69251
8.1701 ; 8.09684 ; 1.45607 ; -0.900347
2.36411 ; 1.82051 ; 0.476305 ; 0.145732
3.3947 ; 6.7089 ; -3.0358 ; 0.374499
2.75708 ; 8.253 ; -0.813898 ; 0.479166
8.87053 ; 2.31137 ; 0.848935 ; -1.69182
7.28513 ; 7.95334 ; 3.76912 ; 2.01396
2.54266 ; 8.09367 ; -0.806932 ; 0.857502
6.64983 ; 7.81666 ; 3.77176 ; 0.239822
7.47204 ; 2.20537 ; 3.33558 ; -2.16584
7.88782 ; 2.79899 ; 2.95446 ; -3.15856
3.34334 ; 7.36244 ; -2.81863 ; -2.05045
5.57303 ; 7.46265 ; -4.49252 ; 2.89083
3.22542 ; 2.49431 ; -2.63109 ; -2.69275
6.53756 ; 7.28579 ; 2.53034 ; -1.93951
2.35449 ; 8.31524 ; 0.967119 ; -0.718124
5.30912 ; 3.80066 ; 2.40069 ; -4.16198
8.96846 ; 8.31067 ; -0.555114 ; -0.508083
9.0182 ; 8.33949 ; -1.34533 ; -1.27606
2.90653 ; 1.81541 ; -1.77731 ; -0.648809
8.33689 ; 7.99153 ; 2.08865 ; 1.61432
2.87038 ; 7.91117 ; -0.653841 ; 1.59121
7.26175 ; 5.81701 ; 3.79855 ; -3.95424
3.16786 ; 2.59344 ; 0.765108 ; -2.70331
7.9539 ; 2.87814 ; 3.14213 ; -3.25855
3.00968 ; 2.7437 ; -2.47595 ; -2.83766
3.64042 ; 6.96362 ; -2.62903 ; 3.27475
8.54781 ; 3.0328 ; 1.63122 ; -2.91054
7.08487 ; 4.08496 ; 4.27607 ; 1.74431
8.49306 ; 7.93582 ; 1.67626 ; 1.67845
2.46239 ; 2.13306 ; -0.676901 ; -1.39869
3.90622 ; 5.50783 ; -3.78491 ; 3.98367
8.98522 ; 8.12222 ; -0.013164 ; 0.526746
8.49353 ; 2.46212 ; 1.62003 ; 2.04889
7.0308 ; 2.82692 ; 0.956361 ; -3.27534
5.37937 ; 6.4483 ; -3.25877 ; 2.02803
8.38305 ; 6.60643 ; 2.33694 ; 3.8721
8.56522 ; 2.13985 ; 1.51595 ; -1.62125
3.16833 ; 5.4245 ; -0.981086 ; -5.13685
8.80286 ; 7.78271 ; 1.15925 ; 1.68897
7.90851 ; 2.37991 ; 1.75204 ; -2.39514
7.74658 ; 5.55616 ; 3.53978 ; 2.30401
3.17408 ; 4.06202 ; -2.78013 ; -4.49624
2.35473 ; 8.23003 ; 0.406415 ; -0.0227368
2.52955 ; 8.02763 ; -0.815441 ; 1.01804
2.38515 ; 1.73704 ; 0.614797 ; 0.686944
2.78598 ; 2.26374 ; -1.72497 ; -1.95861
7.34995 ; 5.7912 ; 4.01415 ; -2.4516
8.31877 ; 5.61887 ; 2.24129 ; 3.47445
7.06713 ; 6.79894 ; 2.78488 ; 0.312546
2.85073 ; 5.7976 ; -2.21389 ; 3.91396
2.94586 ; 2.8863 ; -2.37498 ; -2.97857
2.58741 ; 8.2019 ; -0.777614 ; 0.177921
8.96232 ; 1.81242 ; -0.520924 ; 0.276422
5.98817 ; 2.98394 ; -0.470816 ; -3.52783
2.8092 ; 2.46039 ; -1.76205 ; -2.25271
3.53565 ; 2.32724 ; -1.24651 ; -2.28709
5.46054 ; 7.19475 ; -4.78284 ; -1.47008
5.12236 ; 2.70478 ; -3.87189 ; -3.19982
6.02056 ; 2.85683 ; 2.73731 ; 2.77233
8.06216 ; 5.61538 ; 2.58911 ; -4.19035
5.03206 ; 2.10505 ; -3.3555 ; -2.06158
2.92922 ; 7.80574 ; -0.468787 ; 1.87184
5.628 ; 7.89231 ; 4.66759 ; 2.06833
4.51958 ; 6.83507 ; -4.3153 ; 3.49057
8.94151 ; 1.73184 ; -0.60566 ; 0.861346
2.93218 ; 5.91625 ; -1.26569 ; -1.85933
3.31161 ; 3.98681 ; 0.441049 ; -4.53969
3.38721 ; 2.5863 ; -3.05441 ; -2.87361
8.89119 ; 8.26133 ; 0.164923 ; 0.0810567
2.8617 ; 7.71931 ; -1.56736 ; 1.67907
7.0942 ; 7.10987 ; -3.66028 ; 3.15177
3.4172 ; 7.64779 ; -3.0168 ; 2.52835
7.97542 ; 7.17508 ; 2.43854 ; 3.06618
6.76859 ; 2.04338 ; -1.92579 ; -1.67019
7.25544 ; 4.58981 ; 4.10915 ; -3.47741
6.93841 ; 4.75654 ; 3.99776 ; 4.75218
8.75382 ; 1.64869 ; 0.187998 ; 1.57669
6.35958 ; 3.41957 ; 3.70794 ; -3.74365
8.87106 ; 3.13657 ; 1.23254 ; -2.86353
8.63979 ; 8.38503 ; 1.08224 ; -0.238275
6.95741 ; 6.03004 ; 4.12608 ; 4.38438
7.75391 ; 6.08767 ; 3.36411 ; -3.44303
3.1002 ; 7.82683 ; -1.51558 ; 1.97612
7.89587 ; 4.4866 ; 3.32808 ; 3.63315
7.97086 ; 5.2143 ; 3.22032 ; -1.117
2.47839 ; 1.97155 ; -0.493962 ; -0.878033
3.08549 ; 4.88276 ; -2.71742 ; -2.59536
2.72976 ; 3.29409 ; -0.880858 ; -3.58743
7.76914 ; 7.97275 ; 3.23218 ; 1.73982
2.9769 ; 8.28974 ; -1.81218 ; -0.756724
8.17547 ; 5.66055 ; 0.519762 ; 4.01122
8.34595 ; 2.80375 ; 1.99655 ; -3.01463
6.05099 ; 6.40826 ; 0.92693 ; 3.28946
7.0582 ; 6.41878 ; 4.23957 ; 3.06332
3.26664 ; 8.03082 ; -2.60325 ; 1.63438
3.13414 ; 2.21713 ; -2.37595 ; -1.7723
5.01874 ; 7.65043 ; -1.63136 ; 2.65846
7.81663 ; 8.38459 ; 2.68521 ; 0.578027
5.66775 ; 2.0033 ; -3.48282 ; 0.316922
7.52938 ; 7.76287 ; -2.69405 ; 2.08279
7.63179 ; 3.36699 ; 3.63739 ; -3.75159
2.42894 ; 7.78779 ; -0.602684 ; 1.69048
7.74126 ; 2.48786 ; 3.33658 ; -2.64569
8.8339 ; 2.60984 ; -0.84637 ; -1.47649
8.89277 ; 2.45041 ; 0.830382 ; -2.15501
3.16136 ; 1.96513 ; -1.36228 ; 1.17186
4.61542 ; 7.64161 ; 4.84784 ; 1.38431
2.81977 ; 8.37631 ; -1.30552 ; 0.0902301
8.92483 ; 1.76123 ; -0.288305 ; 0.447225
2.56163 ; 8.33843 ; -0.478431 ; -0.216578
7.02037 ; 5.32017 ; 1.79519 ; 4.37239
5.59848 ; 6.5017 ; 4.95493 ; -1.76111
2.61037 ; 5.25128 ; -1.61062 ; 4.37556
2.73599 ; 2.28232 ; -1.62296 ; -1.5892
8.82743 ; 2.20163 ; 0.91469 ; -1.57314
4.69223 ; 7.10018 ; 2.92513 ; 3.33047
3.65265 ; 3.10758 ; 3.0341 ; -2.96318
8.84101 ; 1.97827 ; 0.604162 ; -0.860186
8.88822 ; 1.73016 ; -0.196916 ; 0.58294
8.03833 ; 1.8044 ; 2.47074 ; -0.909403
8.30175 ; 8.13304 ; 2.03996 ; 1.24629
3.90415 ; 7.33215 ; -1.37302 ; 3.03591
3.61252 ; 3.49213 ; -3.45929 ; -2.56146
8.71525 ; 6.6486 ; 1.80108 ; 3.67765
6.67284 ; 4.95187 ; -4.37545 ; 1.06851
8.1119 ; 8.05563 ; -1.12801 ; 1.13697
8.65108 ; 5.05395 ; 1.85763 ; 4.30618
8.85965 ; 8.1244 ; 0.641108 ; 0.766111
2.59613 ; 7.49967 ; -1.42393 ; 2.32201
3.8427 ; 7.27926 ; -3.62972 ; 3.15054
3.10912 ; 7.4761 ; -2.47571 ; 2.38462
2.59167 ; 2.75802 ; -1.54902 ; -2.85603
8.39835 ; 7.65733 ; 2.14545 ; 0.179202
6.06001 ; 4.96135 ; 4.95909 ; -4.38272
5.74285 ; 8.11526 ; -4.18672 ; 1.48346
2.31371 ; 2.64771 ; -0.463446 ; -2.39082
7.15733 ; 2.33418 ; 3.79385 ; -2.53067
3.11592 ; 4.63934 ; -2.76129 ; -3.87846
2.49598 ; 8.17663 ; -0.352312 ; 0.499244
8.31363 ; 2.24116 ; 2.03002 ; 2.15873
2.961 ; 1.88986 ; -1.84812 ; 0.235082
2.87855 ; 6.88799 ; -1.87175 ; 3.32613
7.90876 ; 5.96761 ; -1.06559 ; 0.610617
3.22081 ; 6.80805 ; -2.64465 ; 2.57296
2.86315 ; 8.10688 ; -1.67715 ; 1.15328
3.14825 ; 3.05029 ; -2.64098 ; -1.98926
3.83296 ; 5.31733 ; -0.0500613 ; 4.89785
8.87587 ; 2.05336 ; 0.59349 ; -1.06676
8.53074 ; 7.47681 ; 2.0882 ; 2.60586
4.28069 ; 7.59692 ; -3.06888 ; 2.30047
8.94527 ; 8.0686 ; -1.27177 ; 0.558951
2.75823 ; 7.1478 ; 0.487345 ; 3.12559
4.1749 ; 2.30247 ; 3.7712 ; -2.1463
2.96719 ; 5.48908 ; -2.54449 ; 2.49576
7.00076 ; 6.89676 ; -2.65316 ; 3.68022
2.75422 ; 6.88352 ; -1.98912 ; 2.77437
2.67456 ; 5.81004 ; 0.454662 ; -2.93906
3.86971 ; 5.11117 ; -3.75743 ; -4.60396
3.58296 ; 7.84677 ; -3.14038 ; 1.67597
3.94195 ; 5.50911 ; -3.72499 ; -2.02726
6.35327 ; 2.13451 ; -2.97478 ; -1.95339
8.90814 ; 1.72491 ; -0.482638 ; 0.756082
3.74563 ; 7.03313 ; -2.13631 ; 3.44241
8.63789 ; 3.12524 ; -0.955717 ; -1.45319
8.48625 ; 8.16031 ; 1.78411 ; 1.06997
2.6622 ; 3.26029 ; -1.1553 ; -3.74075
8.77194 ; 2.42478 ; 1.26123 ; -1.93482
3.65508 ; 4.1285 ; -1.60226 ; 1.46378
4.79102 ; 2.5404 ; -4.11038 ; -2.95672
8.52912 ; 7.83505 ; 1.80138 ; 0.727381
8.70691 ; 6.68585 ; 1.74088 ; 3.73652
8.93559 ; 7.70665 ; -0.108213 ; 1.82045
4.45679 ; 6.98315 ; 3.57475 ; -2.43215
7.62526 ; 4.34589 ; 3.61963 ; -4.1186
8.58293 ; 8.07727 ; 1.39269 ; 1.18546
2.38873 ; 8.22441 ; 0.386027 ; 0.0469133
5.51691 ; 3.38933 ; 0.447316 ; -3.99434
3.08552 ; 2.65466 ; -2.4841 ; -2.91574
8.52629 ; 1.91492 ; 1.54779 ; -0.961447
2.42271 ; 1.72553 ; 0.351666 ; 0.611062
7.04358 ; 4.04247 ; 4.1701 ; -4.47106
7.57695 ; 8.13939 ; 2.82691 ; 1.48929
2.82044 ; 5.54252 ; -1.73775 ; 4.62156
3.509 ; 7.35017 ; -0.0440968 ; 2.88268
6.26693 ; 2.80888 ; -0.400422 ; -3.25684
8.08763 ; 2.31808 ; 2.70207 ; -1.68732
2.73106 ; 6.8251 ; -1.9834 ; 3.2203
6.14614 ; 2.31898 ; 4.75108 ; -1.41708
6.65453 ; 7.91724 ; 4.52527 ; 1.42478
3.23501 ; 7.89957 ; -2.45675 ; 1.941
5.35988 ; 6.04915 ; 2.22422 ; 2.73032
6.24405 ; 5.28798 ; -4.82266 ; 4.40901
8.40554 ; 7.41521 ; 2.03872 ; -1.87376
7.93793 ; 2.79697 ; 2.99452 ; -3.15095
7.98209 ; 2.77849 ; 2.61988 ; -3.05176
3.52012 ; 6.62074 ; -3.29737 ; 1.04213
4.32213 ; 2.22783 ; 5.07649 ; -0.656379
4.66206 ; 6.86839 ; -1.81803 ; 3.62364
8.71296 ; 2.02906 ; 1.13692 ; -1.11927
7.53704 ; 5.01121 ; 3.68391 ; -4.80841
4.02376 ; 6.56284 ; 0.109449 ; 3.99514
2.49895 ; 7.63013 ; -1.0411 ; 1.9327
3.05337 ; 6.5982 ; -1.47124 ; 3.87243
3.74494 ; 7.68689 ; -3.39061 ; 2.3282
8.33893 ; 6.85045 ; 2.57116 ; 2.67746
3.72072 ; 7.4993 ; -3.36397 ; 2.77095
6.91602 ; 2.57092 ; 4.21246 ; -2.83375
7.3316 ; 2.8179 ; 0.142559 ; -3.20214
8.35245 ; 2.05223 ; 2.10262 ; -1.53184
4.19472 ; 2.14856 ; -3.75165 ; -1.59058
3.35344 ; 7.53181 ; 2.73908 ; -0.600162
7.32959 ; 6.92348 ; 2.77723 ; -0.875184
3.27137 ; 3.58528 ; -2.97984 ; -4.1202
8.88975 ; 2.73029 ; 1.00884 ; -2.23798
3.2313 ; 2.08216 ; -2.6375 ; -1.67575
8.24167 ; 6.2939 ; 2.26974 ; 1.69418
6.583 ; 7.17266 ; 1.16565 ; 3.19356
2.58683 ; 7.06488 ; -1.57635 ; 3.05769
8.2288 ; 2.033 ; 1.67853 ; -1.47623
8.59421 ; 7.92718 ; 1.68312 ; 1.56925
2.74232 ; 6.98243 ; -1.0513 ; 3.11285
5.56562 ; 5.44437 ; 4.69483 ; 3.75317
7.46573 ; 2.44623 ; 3.53825 ; -2.69494
3.19111 ; 6.49684 ; -1.70424 ; 3.42896
3.05747 ; 2.12752 ; -2.19628 ; -1.74774
5.71053 ; 3.3489 ; -2.78998 ; -3.82992
8.55281 ; 6.9161 ; 2.15679 ; 3.28033
8.69544 ; 8.18556 ; -0.0274071 ; 0.505204
8.20502 ; 1.97528 ; 1.98197 ; -1.35859
8.29834 ; 7.50794 ; 1.30078 ; -0.295814
5.05101 ; 3.04555 ; -3.28564 ; -3.51009
3.06164 ; 1.76235 ; -2.09596 ; -0.225647
7.49453 ; 6.52171 ; 3.84679 ; 3.81079
8.88382 ; 1.85842 ; 0.226596 ; -0.247441
3.29054 ; 2.25378 ; -2.8122 ; -2.13738
3.14329 ; 1.95387 ; -2.27033 ; -1.39921
4.26471 ; 6.59703 ; -2.6873 ; -3.68347
2.92133 ; 7.00795 ; -2.32241 ; 3.18051
7.58567 ; 3.85905 ; -1.71021 ; -4.5255
2.8521 ; 8.2149 ; -1.63659 ; 0.814911
3.04669 ; 8.19891 ; -1.94251 ; 1.01945
7.76158 ; 6.2591 ; 3.35753 ; 1.09431
3.58282 ; 2.4124 ; -3.20845 ; -2.37713
8.56516 ; 1.67468 ; 1.19439 ; 0.354072
8.64793 ; 2.0034 ; 1.27961 ; -1.17191
2.99408 ; 7.84915 ; -2.18821 ; 1.91952
8.5409 ; 3.68898 ; 2.23074 ; -3.54674
8.65138 ; 1.97707 ; 1.2977 ; -1.05296
8.50207 ; 2.27171 ; 1.87108 ; -1.60036
5.90024 ; 7.42276 ; 4.96487 ; 2.67415
8.86457 ; 2.25444 ; 0.82983 ; -1.56537
3.62254 ; 6.2791 ; 1.00041 ; 4.19508
7.9931 ; 6.65895 ; 1.15046 ; -2.15801
8.39189 ; 6.51048 ; 1.21089 ; 2.81266
8.35445 ; 7.84909 ; 2.30268 ; 1.93894
2.86411 ; 7.91068 ; -1.90637 ; 1.73783
8.64608 ; 7.57357 ; 1.58475 ; 2.18371
2.77244 ; 7.82739 ; -1.41819 ; 1.82277
3.0353 ; 3.37293 ; -2.58276 ; -2.97475
8.43723 ; 8.17546 ; 1.77982 ; 1.0354
8.39145 ; 5.78617 ; -0.871012 ; 3.53223
7.07041 ; 7.89419 ; -1.01357 ; -0.828866
7.95801 ; 4.82193 ; 2.70981 ; 0.515238
7.2566 ; 6.80824 ; 3.78132 ; 3.65905
6.11847 ; 5.21096 ; -3.2533 ; -5.12199
8.80047 ; 2.04174 ; 0.831594 ; -1.08807
7.79678 ; 5.64392 ; 2.06994 ; 4.18136
8.30141 ; 7.80514 ; 2.34005 ; 2.0764
7.98791 ; 7.23146 ; -1.09368 ; 3.11074
6.49206 ; 5.87421 ; 3.05678 ; 4.54628
8.38646 ; 2.17221 ; 2.10022 ; -1.62725
8.19575 ; 5.42645 ; 1.98743 ; -3.75678
8.51737 ; 1.68747 ; 1.19325 ; 1.56464
8.96843 ; 1.70766 ; -1.23853 ; 1.47378
3.19413 ; 7.46852 ; -2.73708 ; 2.61298
6.70996 ; 5.44582 ; 4.23618 ; 1.39122
8.16688 ; 8.2872 ; 2.15066 ; 0.799674
4.00299 ; 7.60064 ; -3.62888 ; 2.72364
7.22003 ; 7.55557 ; 3.84615 ; 2.81645
3.81999 ; 6.97398 ; -3.05999 ; 3.50142
7.59735 ; 1.9046 ; 3.41461 ; -1.27907
6.45818 ; 2.59869 ; 3.49058 ; -2.90152
8.58996 ; 7.4831 ; 1.71883 ; 2.3052
3.11657 ; 3.77989 ; -2.80615 ; -3.51495
2.87321 ; 2.68554 ; -2.13283 ; -2.87606
3.9272 ; 8.07951 ; -1.19566 ; 1.56469
8.30795 ; 6.01271 ; 2.72433 ; 3.79641
6.79039 ; 2.57518 ; 3.59361 ; -2.9909
3.2158 ; 2.62625 ; -0.950329 ; 3.64853
3.5556 ; 2.95602 ; -3.19962 ; -3.4357
8.15494 ; 7.36723 ; 0.7976 ; 2.84015
3.13389 ; 7.34885 ; -2.46486 ; -1.16875
8.76173 ; 2.25185 ; 1.16643 ; -1.72445
2.67214 ; 3.52342 ; -1.89933 ; -3.61387
5.42483 ; 4.33751 ; -1.43486 ; -4.68522
7.5298 ; 7.9222 ; -3.13347 ; 1.58317
2.7356 ; 6.77053 ; -1.89694 ; 3.54087
8.72666 ; 8.24006 ; 0.975688 ; 0.502338
8.47908 ; 8.40093 ; 1.57667 ; 0.0560824
2.56222 ; 1.75531 ; -0.534434 ; 0.0161484
2.55387 ; 5.64284 ; -1.30514 ; -3.80864
2.76981 ; 1.81713 ; -1.08937 ; -0.562659
2.32646 ; 8.33184 ; 1.3826 ; -1.11294
7.03356 ; 7.98161 ; 4.02448 ; 1.98778
3.82126 ; 8.05115 ; -3.437 ; 1.69333
8.17985 ; 2.71295 ; 2.64691 ; -2.93179
7.01128 ; 6.80154 ; 4.21501 ; 3.83677
2.70141 ; 2.74921 ; -1.80578 ; -2.90622
2.5736 ; 2.73649 ; 0.0467374 ; -2.63201
6.75395 ; 3.04368 ; 4.34839 ; -2.7725
4.01179 ; 6.56159 ; 3.06167 ; -4.54927
7.95355 ; 3.77649 ; 0.509046 ; -1.95029
2.28682 ; 1.78159 ; 1.9024 ; 1.21381
8.08083 ; 2.93076 ; -3.11472 ; -2.84297
8.20982 ; 7.77734 ; 2.36206 ; -0.217651
7.11179 ; 2.24448 ; 3.83559 ; -2.36222
7.43436 ; 7.55641 ; 3.47246 ; 2.41523
3.08634 ; 2.23012 ; -2.38465 ; -1.03276
8.03844 ; 2.00496 ; 0.754137 ; -1.34788
2.94382 ; 1.85183 ; -1.87567 ; -0.913671
8.66943 ; 1.831 ; 1.05358 ; -0.396026
2.84428 ; 3.76006 ; -1.84665 ; 4.36386
4.48954 ; 2.02656 ; -3.67059 ; -1.86936
5.64765 ; 6.33167 ; 4.3055 ; 3.75365
4.12435 ; 3.10335 ; -3.77933 ; -0.500062
6.22824 ; 2.30313 ; 4.92821 ; 0.579714
3.14576 ; 3.01552 ; -2.7465 ; -3.12297
3.68487 ; 7.99017 ; -3.26413 ; 1.62999
3.31316 ; 6.51137 ; -2.8498 ; 3.82684
8.33997 ; 5.87811 ; 2.09966 ; 4.44131
3.2498 ; 7.86187 ; -2.66884 ; 2.01991
3.48596 ; 2.83888 ; -2.96027 ; -3.04358
2.3457 ; 2.03257 ; 0.0676675 ; -0.687055
7.34196 ; 7.43603 ; 3.44913 ; 2.99218
2.3706 ; 1.88338 ; 0.309764 ; -0.255734
5.89719 ; 7.11246 ; 3.1228 ; 1.80687
3.7064 ; 2.38733 ; -3.30034 ; -2.29982
3.26648 ; 3.31176 ; -2.77244 ; -2.65259
2.53597 ; 2.99145 ; 0.23565 ; -3.12823
5.8301 ; 2.26462 ; 3.58977 ; -2.40696
2.43327 ; 1.92507 ; -0.247583 ; -0.514902
2.91717 ; 7.12133 ; -2.09438 ; -0.802283
2.86123 ; 7.9582 ; -1.81305 ; 1.23417
2.72573 ; 7.44372 ; -1.78201 ; 2.49331
4.21804 ; 3.48058 ; -1.3483 ; 0.426388
5.1899 ; 7.57911 ; -4.51928 ; -0.322725
3.27546 ; 2.37843 ; -2.69571 ; -2.48348
6.97478 ; 5.53857 ; -3.02531 ; 1.8443
8.50376 ; 3.78198 ; 1.90059 ; -3.88087
4.58412 ; 2.11881 ; -4.42234 ; -0.810202
8.88632 ; 1.79066 ; -0.18301 ; 0.189411
7.3281 ; 7.20853 ; 3.70154 ; 3.28514
8.68769 ; 6.90914 ; 1.85626 ; 3.26827
3.06498 ; 6.55171 ; -2.294 ; 3.93092
7.95843 ; 3.35853 ; -3.29348 ; 2.92268
4.83243 ; 7.80991 ; -3.81908 ; 2.37054
7.09932 ; 5.16157 ; 4.22207 ; 3.87986
2.50717 ; 2.0301 ; -0.754734 ; -1.09582
3.12223 ; 6.40835 ; -2.79353 ; 3.9089
3.09247 ; 2.52209 ; -2.25485 ; -2.67707
2.58702 ; 2.0784 ; -1.03628 ; -1.38963
6.99907 ; 7.66392 ; 1.53417 ; -0.334953
8.88157 ; 2.42071 ; 0.856631 ; -2.06572
8.06759 ; 7.93665 ; 2.68816 ; 1.59645
4.84339 ; 3.64678 ; 1.10368 ; -4.23444
2.43258 ; 1.77764 ; 0.0980543 ; 0.201041
2.73626 ; 2.69536 ; -0.899241 ; -1.135
3.36841 ; 6.51977 ; 1.7206 ; 3.6804
3.06279 ; 8.31779 ; -2.05425 ; 0.565406
7.22396 ; 2.27087 ; 3.87178 ; -2.29483
8.64764 ; 1.8142 ; 1.08908 ; -0.448729
6.56172 ; 7.60306 ; -4.3545 ; 1.13779
8.75794 ; 4.06662 ; 0.668772 ; -3.27255
4.22952 ; 4.0599 ; -3.8838 ; -4.50202
3.78532 ; 2.08768 ; -3.31203 ; -1.96579
8.90245 ; 1.67084 ; -0.620842 ; 1.37375
8.95004 ; 8.40281 ; -0.839291 ; -1.38866
2.42724 ; 7.76469 ; -0.43627 ; 1.7724
2.6502 ; 7.78485 ; -0.489032 ; 1.81263
7.53389 ; 6.92581 ; 3.68713 ; 2.56239
8.67343 ; 7.71127 ; 1.57042 ; 2.1009
8.88894 ; 1.93961 ; 0.356383 ; -0.618248
3.65662 ; 5.27333 ; 1.32569 ; 4.65914
2.68725 ; 2.42831 ; -1.63968 ; -2.19119
7.07012 ; 7.65594 ; 1.41377 ; 2.4943
2.36931 ; 1.7867 ; 0.511021 ; 0.330216
4.0806 ; 2.55403 ; -3.66181 ; -2.95432
4.22302 ; 2.65975 ; -1.43708 ; -3.05914
2.7778 ; 7.84666 ; -1.71126 ; 1.61656
7.06527 ; 5.99461 ; 4.298 ; 3.22195
8.06342 ; 8.25912 ; 2.43447 ; 0.970588
8.58807 ; 1.78752 ; 1.19365 ; -0.387822
8.65073 ; 7.43687 ; 1.81492 ; 2.62279
2.92333 ; 8.05217 ; -1.78494 ; -0.209736
3.81274 ; 7.56611 ; -3.19426 ; 1.84229
8.18591 ; 6.15043 ; 2.8787 ; 3.16945
4.24036 ; 2.69122 ; -3.99548 ; -3.15197
2.61669 ; 2.76402 ; -0.888248 ; -2.91052
3.25924 ; 3.65816 ; -3.03646 ; -3.99493
6.42335 ; 2.88049 ; 2.49377 ; -3.38504
7.52737 ; 6.33072 ; 3.78347 ; 2.89055
2.95792 ; 5.62149 ; -2.17329 ; 4.49449
5.13203 ; 7.38935 ; -2.45189 ; 2.99604
3.67943 ; 4.37826 ; -2.21869 ; -2.80528
5.17407 ; 5.81005 ; -1.97594 ; 4.40762
8.30642 ; 2.35987 ; -0.281016 ; -2.07695
3.74401 ; 4.57729 ; -3.64039 ; -0.470236
8.03618 ; 2.45732 ; -1.03351 ; -2.38293
6.74352 ; 3.20387 ; 4.59137 ; 2.49714
