8.12508 ; 5.25033 ; 0.734982 ; -5.27986
8.41792 ; 3.09866 ; 1.5404 ; 2.05265
8.44021 ; 3.40638 ; 1.59721 ; -0.941926
2.38196 ; 1.88207 ; 2.56375 ; 1.5817
6.50193 ; 7.92724 ; -2.03859 ; -2.64705
2.48099 ; 1.77839 ; 1.85913 ; 2.44929
8.5297 ; 6.79734 ; -0.299252 ; -0.282364
8.00321 ; 3.12742 ; -0.663618 ; 4.84017
7.58095 ; 2.1345 ; 3.25903 ; 1.0338
8.47963 ; 8.07149 ; 1.25199 ; 0.482745
8.42708 ; 5.87015 ; 1.74541 ; -3.96957
5.1406 ; 7.6057 ; 4.7162 ; -1.17687
3.34121 ; 3.78065 ; -2.76228 ; -3.80454
4.68247 ; 1.99738 ; -4.24208 ; -0.514121
6.84856 ; 3.01931 ; 3.97052 ; -2.76968
5.99958 ; 7.85022 ; 4.55383 ; 1.51495
2.91437 ; 3.16964 ; -1.66251 ; -3.1681
8.91317 ; 7.15697 ; 0.154314 ; 2.15689
7.02367 ; 5.59511 ; -0.590668 ; -1.84148
5.03671 ; 7.39946 ; -4.24607 ; 1.3089
8.87269 ; 8.28416 ; -1.3914 ; -1.79907
2.37011 ; 8.06437 ; 1.42874 ; -0.451776
8.31183 ; 8.09877 ; 0.989459 ; 0.444598
4.83449 ; 7.33271 ; 5.36526 ; 0.0109359
3.71081 ; 7.88785 ; -2.53424 ; 1.46572
7.54433 ; 2.92261 ; 3.3691 ; 2.19034
6.07941 ; 2.1019 ; -2.90017 ; -0.29286
7.38935 ; 3.28638 ; -4.55042 ; -0.199331
2.43086 ; 1.82999 ; 3.04513 ; 2.81568
5.41979 ; 4.79298 ; 3.25676 ; -5.0221
8.30924 ; 7.39382 ; 1.94873 ; 0.421955
7.2094 ; 2.42924 ; -1.31756 ; -2.01544
8.33798 ; 7.84125 ; 1.81908 ; 1.26401
8.9711 ; 5.39173 ; -0.193072 ; 3.55953
3.32528 ; 2.91887 ; -2.65885 ; -2.91014
8.6402 ; 2.08045 ; 0.652721 ; -0.632016
4.02899 ; 2.97891 ; -3.20001 ; -3.23779
3.1422 ; 2.1717 ; -1.76311 ; -1.34623
2.93894 ; 8.26638 ; -0.999378 ; -0.372501
3.94559 ; 4.75977 ; -3.71579 ; 3.91776
4.23284 ; 3.23501 ; 0.11922 ; 4.08877
3.78013 ; 8.33325 ; -0.717064 ; -0.458885
4.37527 ; 2.82223 ; 4.73063 ; 2.25008
3.18353 ; 2.55872 ; 0.822893 ; -2.07999
2.62212 ; 6.26551 ; -0.66529 ; -2.33326
3.44111 ; 2.30668 ; -1.43802 ; -1.56344
8.9865 ; 2.05551 ; -1.4636 ; 0.290034
2.88707 ; 3.28635 ; -1.47154 ; -0.940083
3.33329 ; 3.47977 ; -2.64067 ; -2.96784
8.84733 ; 1.78137 ; -1.44418 ; 2.05312
3.08704 ; 2.52125 ; -1.93876 ; -2.25774
8.90562 ; 1.83688 ; -1.66006 ; 1.57547
2.63318 ; 2.13559 ; -0.269756 ; -0.843148
2.42788 ; 8.13475 ; 1.25907 ; -0.934896
6.22357 ; 4.281 ; -2.88587 ; -4.00763
3.08705 ; 7.59551 ; -1.64565 ; -2.48936
8.67592 ; 2.188 ; 0.297808 ; 1.03502
3.05923 ; 8.20362 ; -1.53263 ; -0.0530753
8.74925 ; 1.85493 ; -0.249797 ; 0.904012
8.38091 ; 7.86169 ; 1.70662 ; 1.31731
5.98885 ; 2.52077 ; -5.16546 ; 0.623092
2.48605 ; 1.98679 ; 0.79253 ; 0.132329
2.93646 ; 8.24281 ; -1.07265 ; -0.243835
7.37629 ; 2.4391 ; 3.59096 ; -1.24472
8.84208 ; 8.28825 ; -2.62417 ; -3.74769
4.40728 ; 8.39931 ; -3.29322 ; -0.636299
8.56417 ; 2.54873 ; 1.30321 ; -1.98899
8.10892 ; 1.89469 ; 1.16623 ; -0.192893
3.16285 ; 2.06397 ; -1.95591 ; -1.06838
2.65177 ; 5.29606 ; -0.984943 ; -3.31808
7.23182 ; 2.39211 ; 3.79201 ; -1.33017
4.91209 ; 2.51202 ; -3.93742 ; -2.4766
8.62148 ; 2.01637 ; 0.601942 ; -0.402075
4.20567 ; 4.71579 ; -3.83734 ; -4.43154
2.80739 ; 6.53857 ; -1.49504 ; 2.18386
8.78723 ; 8.29915 ; -0.822466 ; -1.44485
8.83364 ; 2.64062 ; 0.335024 ; -2.01839
8.28091 ; 2.88619 ; 2.08595 ; -1.94528
7.70541 ; 2.16155 ; 0.182746 ; -1.23941
8.16195 ; 7.40627 ; -0.345231 ; 2.39794
8.87294 ; 4.65147 ; 0.408629 ; -3.53253
8.50983 ; 8.19437 ; 0.719444 ; -0.867519
3.06607 ; 7.66658 ; -1.81018 ; 0.902524
2.70455 ; 1.95936 ; -0.533929 ; -0.26086
8.78387 ; 7.82867 ; 0.290651 ; 0.648663
6.81271 ; 2.51548 ; 3.5013 ; -2.43272
8.13448 ; 8.09553 ; 2.18233 ; -0.178081
7.53833 ; 6.23075 ; 2.35849 ; 0.821679
7.9128 ; 6.08336 ; 2.84124 ; -3.8978
2.49649 ; 8.21678 ; 1.09343 ; -1.28956
2.97073 ; 8.34786 ; -1.09609 ; -0.8761
5.11683 ; 3.16551 ; -0.226231 ; -3.47697
8.10066 ; 2.73238 ; 0.432892 ; -1.7182
8.15703 ; 2.01168 ; -2.09655 ; -0.117866
4.99016 ; 2.05351 ; 4.06862 ; 1.43585
8.89531 ; 8.22344 ; -1.25241 ; -1.48898
3.83094 ; 5.97801 ; -3.57255 ; 4.15812
3.17276 ; 3.43214 ; -1.90389 ; 1.80886
6.22179 ; 1.98408 ; 4.2784 ; -0.858652
8.84416 ; 7.82722 ; -0.417088 ; 0.710762
2.65752 ; 8.30241 ; 0.121279 ; -1.26298
8.42632 ; 1.87961 ; 1.17811 ; 0.0722903
6.24798 ; 3.01849 ; 2.47639 ; -0.911537
8.3636 ; 5.46251 ; 2.12343 ; 3.0408
2.87452 ; 6.45145 ; -1.74271 ; 3.69791
2.69228 ; 1.78932 ; -0.100688 ; 0.765383
6.86113 ; 6.64866 ; 2.49306 ; -2.56939
2.56218 ; 7.22291 ; 0.41343 ; 2.54535
6.88546 ; 6.87465 ; 0.11576 ; 3.33149
8.70057 ; 6.56471 ; 1.10356 ; 3.61158
8.15082 ; 5.53753 ; 2.55647 ; 0.189345
4.40431 ; 7.39833 ; -3.66715 ; 2.59818
8.91858 ; 7.47819 ; 0.00531554 ; 1.90184
8.02538 ; 2.56021 ; 0.92143 ; -2.28432
5.10939 ; 8.07548 ; -4.23508 ; 0.804517
8.45564 ; 7.59661 ; 1.64851 ; 1.94188
8.65109 ; 1.86482 ; 0.262224 ; 0.390311
2.75924 ; 2.9341 ; 0.187143 ; -2.99949
8.2647 ; 4.28525 ; 0.612448 ; 5.35789
2.50066 ; 7.04331 ; -0.295536 ; 2.76182
8.17878 ; 8.29138 ; 1.62371 ; -0.261766
3.81639 ; 7.20959 ; -3.3656 ; 2.58835
5.70781 ; 6.58202 ; 4.68034 ; 3.59471
5.13751 ; 6.63054 ; -3.25707 ; -4.64859
3.74492 ; 6.49802 ; -3.3146 ; 3.87637
2.82873 ; 4.99633 ; -0.732061 ; 3.47049
8.07542 ; 7.58678 ; -0.136831 ; 1.19274
2.40811 ; 1.83564 ; 2.04605 ; 1.6531
2.95241 ; 3.10761 ; -1.55273 ; 3.27615
3.19991 ; 7.55495 ; -1.9843 ; -1.18041
8.66099 ; 1.9449 ; 0.33246 ; 0.44916
8.38615 ; 5.59651 ; -0.644109 ; 4.72317
2.66668 ; 8.31487 ; 0.111885 ; -1.42345
2.93363 ; 7.7659 ; 2.20395 ; 1.18281
7.28698 ; 2.71068 ; 3.2622 ; -0.497424
6.50965 ; 2.73693 ; 3.95554 ; -2.94252
2.57169 ; 7.96876 ; -0.113116 ; 0.492253
8.20035 ; 8.25103 ; 1.51775 ; -0.094692
8.61095 ; 8.10638 ; 0.559094 ; 0.208656
8.87783 ; 7.93655 ; -2.64956 ; 0.104901
8.63653 ; 2.81185 ; 1.08959 ; -2.59464
8.6237 ; 8.1295 ; -2.70172 ; -0.780309
7.62921 ; 7.61711 ; 3.22756 ; 2.18391
7.83215 ; 5.77909 ; 0.624356 ; 4.3905
8.66442 ; 2.2464 ; -0.81741 ; -1.02941
8.91875 ; 4.68071 ; 0.24254 ; -2.73457
4.61857 ; 8.18233 ; -3.33133 ; 0.553299
2.62125 ; 7.64292 ; -0.597232 ; 1.63349
2.6155 ; 2.15633 ; 0.446155 ; 2.88014
2.3426 ; 1.91906 ; 2.94762 ; 1.54252
3.82519 ; 3.04016 ; -3.22624 ; -3.36749
7.7479 ; 3.67477 ; 2.03382 ; -4.12216
2.47852 ; 1.7679 ; 1.96866 ; 2.53195
5.28598 ; 4.90836 ; 3.72201 ; -1.56863
8.78473 ; 7.93943 ; 0.185664 ; 0.498094
8.77167 ; 7.50035 ; -0.545162 ; 1.59252
3.58729 ; 3.85403 ; 1.25593 ; 0.711312
7.95591 ; 2.71637 ; 2.42898 ; -2.54586
8.9969 ; 2.0472 ; -1.74314 ; 0.565697
2.47172 ; 2.81716 ; -0.200404 ; -2.62736
8.72173 ; 8.36748 ; -0.39928 ; -1.80596
2.87089 ; 4.73293 ; -1.72369 ; 1.96229
8.22151 ; 4.493 ; 0.14913 ; -4.57078
8.16918 ; 7.8898 ; 2.18565 ; 1.35674
7.78245 ; 8.09548 ; 2.46248 ; 0.736646
5.96166 ; 5.98972 ; -3.97714 ; 0.415256
3.72468 ; 4.59047 ; 3.19764 ; 5.44548
3.23465 ; 8.36181 ; -1.59701 ; -0.688137
8.28794 ; 7.26574 ; -1.79029 ; -4.7471
4.5059 ; 3.06294 ; 5.34171 ; 3.07285
4.74641 ; 8.08815 ; 4.29414 ; 0.448714
8.87198 ; 8.27572 ; -1.16291 ; -1.64011
7.93512 ; 2.10892 ; 2.2284 ; -1.10157
7.44101 ; 3.65884 ; 3.1686 ; -2.91769
8.60207 ; 8.04274 ; 0.386567 ; 0.0891336
4.44172 ; 2.79693 ; -2.10923 ; -2.71924
3.85319 ; 2.32834 ; -3.08775 ; -2.018
2.42275 ; 8.11136 ; 1.16562 ; -0.573212
3.78224 ; 3.25526 ; -3.24233 ; -0.928871
5.06741 ; 5.69723 ; -2.79355 ; 4.29559
3.54711 ; 7.45623 ; 0.421958 ; 1.7954
2.74832 ; 2.06614 ; -0.307202 ; 2.69662
8.34175 ; 2.57411 ; 1.87001 ; -2.25976
8.87212 ; 2.02027 ; -0.546017 ; 0.000636339
8.47568 ; 2.52284 ; 1.0341 ; -1.91893
3.42907 ; 5.2676 ; -2.56003 ; 1.26354
2.72259 ; 2.72423 ; -1.01282 ; -2.53794
2.85003 ; 7.79451 ; 0.115504 ; 1.20299
2.65799 ; 2.15493 ; -0.54003 ; -0.962682
8.06639 ; 1.87484 ; 1.97204 ; -0.278465
4.88566 ; 8.15821 ; 4.32819 ; 0.158681
7.41366 ; 7.43475 ; 2.6394 ; 1.66675
2.60254 ; 2.39063 ; -0.572163 ; -1.47786
8.56727 ; 2.6175 ; 1.28291 ; -2.24695
2.76467 ; 4.58578 ; -1.34735 ; -4.64889
4.07111 ; 2.36285 ; -3.31559 ; -2.12638
8.89457 ; 1.84418 ; -1.53375 ; 1.62715
8.7847 ; 3.26805 ; 0.123083 ; 2.54439
2.35921 ; 8.1062 ; 1.87656 ; -0.725089
2.29772 ; 2.09213 ; 1.90035 ; 0.020768
8.764 ; 1.96232 ; -4.36257 ; 4.57216
2.51281 ; 8.33328 ; 1.45258 ; -2.34951
2.90689 ; 5.17474 ; -0.950781 ; -5.21513
7.3079 ; 8.14647 ; 3.58485 ; 0.696725
2.43848 ; 1.80492 ; 1.8087 ; 1.78751
2.47951 ; 2.20633 ; 0.525444 ; -0.955495
2.45692 ; 8.2667 ; 2.85218 ; -3.18537
3.0445 ; 8.12655 ; -0.913143 ; 0.24353
7.30578 ; 7.7762 ; -3.67629 ; -1.52236
4.11963 ; 6.52347 ; -3.53856 ; -3.87506
8.64919 ; 1.72801 ; -0.0711 ; 1.53087
7.29768 ; 3.88142 ; 2.60186 ; -3.79476
7.74027 ; 1.80001 ; 2.75284 ; 1.18695
8.43723 ; 3.19515 ; 1.69364 ; -3.19158
3.79956 ; 2.3838 ; -2.00701 ; 1.80489
4.01125 ; 2.43614 ; -3.65996 ; -1.21461
2.9453 ; 1.71612 ; -1.08407 ; 0.912996
2.70755 ; 8.36102 ; 0.0709156 ; -1.51477
2.44576 ; 1.85561 ; 1.24295 ; 1.00781
2.8204 ; 2.18395 ; -0.737028 ; -1.15812
2.46383 ; 1.91608 ; 0.82688 ; 0.44606
7.13111 ; 8.12062 ; 3.78042 ; 0.805484
8.96742 ; 1.92003 ; -1.9786 ; 1.16109
7.45517 ; 2.29762 ; 3.32938 ; -1.91255
8.66308 ; 7.39179 ; 1.05144 ; 1.78912
8.24991 ; 1.9657 ; 1.73012 ; -0.564469
6.9074 ; 1.83329 ; 3.54679 ; -0.361562
2.86923 ; 7.62909 ; -1.4298 ; 1.73471
8.49338 ; 2.54587 ; 1.34746 ; -0.754237
7.29685 ; 8.24547 ; 3.11875 ; 0.300897
5.7562 ; 6.68654 ; -4.67397 ; 3.81701
2.87717 ; 5.32788 ; -1.76303 ; 3.4371
3.26108 ; 6.65115 ; -2.53574 ; 3.44052
6.95464 ; 2.06142 ; 2.98018 ; -0.9755
3.12978 ; 6.22701 ; -2.35702 ; 3.42235
3.57572 ; 6.26504 ; -3.06058 ; 2.96938
2.4086 ; 8.20199 ; 1.716 ; -1.30749
4.37237 ; 8.2076 ; -3.42741 ; 0.476829
4.92386 ; 8.06638 ; -2.88181 ; 0.988761
2.99867 ; 1.7287 ; -0.850548 ; 0.799382
8.90919 ; 1.83613 ; -2.83627 ; 2.64062
2.79076 ; 6.97345 ; 1.30437 ; -0.782451
8.80719 ; 8.13305 ; -0.306664 ; -0.761258
6.85367 ; 6.7353 ; -3.23259 ; 3.52308
5.25488 ; 1.96724 ; -2.17975 ; -0.957057
2.92441 ; 7.95036 ; -1.20645 ; 0.359771
8.12325 ; 6.47392 ; -2.40127 ; 4.06251
2.47139 ; 8.02328 ; 0.522605 ; 0.129925
8.86697 ; 1.81059 ; -2.4709 ; 3.10251
3.68664 ; 5.77137 ; -2.54428 ; -1.98771
7.62278 ; 7.37501 ; 3.05299 ; 2.66475
4.70668 ; 7.83642 ; -2.78715 ; 1.7195
2.43539 ; 7.87723 ; 0.525998 ; 0.687253
5.34081 ; 7.34414 ; 3.51139 ; 2.09832
5.60042 ; 7.59777 ; -3.83143 ; 2.18907
8.31854 ; 7.56431 ; -3.14128 ; 1.25365
2.43812 ; 8.22466 ; 2.01538 ; -2.27469
3.53861 ; 4.74287 ; -3.07382 ; -3.23806
2.93046 ; 6.7131 ; -1.81288 ; 3.28141
2.61303 ; 4.49611 ; -0.704591 ; 3.94117
7.82369 ; 8.26185 ; 2.43554 ; 0.0833098
7.97882 ; 5.25191 ; 2.84684 ; -0.321835
8.6172 ; 1.88624 ; 0.46385 ; 0.342585
2.3899 ; 7.80827 ; 0.711947 ; 0.854511
8.95343 ; 8.06183 ; -1.04739 ; -0.355339
8.15327 ; 8.00941 ; 2.14214 ; 0.981443
7.81112 ; 8.22376 ; 2.06424 ; 0.216057
8.91183 ; 1.84403 ; -1.81649 ; 1.65151
2.48827 ; 1.82444 ; 2.9119 ; 3.58038
2.92398 ; 2.47074 ; 0.572654 ; -1.94366
7.21891 ; 2.72896 ; 2.55064 ; -2.82431
4.78022 ; 2.77189 ; -4.25936 ; -2.72091
2.62211 ; 8.29164 ; 0.973245 ; -1.41672
8.75158 ; 1.73715 ; -0.733347 ; 1.9399
6.30422 ; 7.86895 ; 4.46806 ; 1.37611
3.22239 ; 7.95349 ; -2.107 ; 1.14557
5.00727 ; 2.04206 ; -4.10938 ; -1.1792
6.14192 ; 3.4735 ; -2.20591 ; -3.40475
2.94183 ; 4.51699 ; -1.01078 ; 4.30825
7.06367 ; 2.86089 ; -1.13277 ; -2.84332
8.05972 ; 7.04901 ; 1.97795 ; 0.672395
2.46201 ; 1.84031 ; 3.36244 ; 3.27048
2.91702 ; 1.79044 ; -1.02952 ; 0.369113
7.56002 ; 7.19465 ; -3.69156 ; -3.51829
8.77392 ; 2.52481 ; 0.416609 ; -1.10741
3.58177 ; 2.93531 ; -2.80246 ; -2.07599
8.38484 ; 2.6045 ; 1.67285 ; -1.22821
5.1833 ; 7.80686 ; 4.83164 ; 1.35031
3.07342 ; 2.5418 ; 0.750046 ; 3.85826
2.98403 ; 6.39722 ; -1.3309 ; 3.28581
8.64249 ; 5.51787 ; 1.35249 ; 0.998017
4.98777 ; 2.22048 ; 3.71751 ; -1.61451
8.82283 ; 1.81585 ; -1.83998 ; 3.18238
8.90135 ; 1.81964 ; -2.61051 ; 2.66148
2.39848 ; 1.89398 ; 1.61416 ; 0.989825
8.30105 ; 8.03225 ; 0.368305 ; 0.611942
4.38751 ; 3.00706 ; -3.31502 ; -0.608359
2.44272 ; 1.79466 ; 2.06747 ; 2.15946
8.47951 ; 8.12969 ; -0.777765 ; -0.137785
5.30906 ; 6.3984 ; 4.5721 ; -4.99805
8.90822 ; 8.23863 ; -3.12984 ; -2.96314
2.83249 ; 7.86189 ; -0.505233 ; 0.678804
2.35811 ; 4.39668 ; 0.148266 ; -0.472932
4.56561 ; 4.18069 ; -0.147484 ; -4.29969
8.68842 ; 1.77854 ; -0.110725 ; 1.13637
7.49723 ; 6.75358 ; -1.08801 ; 3.50164
8.55325 ; 2.1119 ; 0.613961 ; -0.793585
2.56807 ; 8.36066 ; 1.10178 ; -2.3833
7.73349 ; 1.76416 ; 2.8399 ; 0.254438
9.07125 ; 7.19689 ; -0.891974 ; 2.08289
2.71303 ; 6.96357 ; -0.859547 ; -1.39549
4.31801 ; 1.80648 ; 0.407164 ; -0.0376885
7.86379 ; 7.89086 ; -2.49149 ; 0.991944
7.06221 ; 4.67349 ; 4.08887 ; 1.28647
2.81698 ; 6.59037 ; -1.34847 ; -0.29282
3.92639 ; 2.76758 ; -2.2759 ; -2.54576
6.81456 ; 5.96699 ; -1.50254 ; -4.04858
8.61496 ; 2.96993 ; 0.236564 ; 4.9454
3.5131 ; 5.88108 ; 2.09894 ; 4.57382
7.75428 ; 7.65598 ; 3.05009 ; 2.06325
4.97094 ; 5.8377 ; 5.26144 ; -3.89289
8.90103 ; 8.28958 ; -2.02624 ; -2.46157
2.40196 ; 8.20152 ; 1.78314 ; -1.41918
2.56911 ; 7.74036 ; -0.277711 ; 1.31053
8.82835 ; 1.81158 ; -1.45236 ; 2.49053
3.83007 ; 2.4667 ; -3.3437 ; 1.29691
3.8338 ; 6.43422 ; 3.58196 ; 3.77111
3.31438 ; 7.49221 ; -2.16352 ; -0.810432
2.56455 ; 4.08774 ; -0.717871 ; 0.20809
3.37221 ; 6.3396 ; -2.40662 ; -4.26513
2.54022 ; 8.06608 ; 0.294248 ; -0.396916
8.72552 ; 2.1496 ; -0.188034 ; -0.734603
2.67344 ; 1.78172 ; 0.0133185 ; 0.95363
3.93792 ; 7.49583 ; 4.3723 ; 2.07247
3.173 ; 5.36683 ; -2.46012 ; 3.00271
5.73447 ; 7.94139 ; 2.71133 ; 0.799432
6.87169 ; 3.5393 ; 4.00379 ; 2.86056
2.90589 ; 5.36917 ; -1.70625 ; -4.5694
8.8474 ; 1.86178 ; -0.851257 ; 0.946905
2.4316 ; 1.93861 ; 1.01315 ; 0.492059
7.25101 ; 7.0926 ; 3.55799 ; 2.90101
8.12982 ; 1.86468 ; 1.88928 ; 0.655274
8.63215 ; 1.95548 ; 0.459577 ; -0.0400993
4.25358 ; 7.68233 ; -3.01685 ; 2.06795
8.6994 ; 3.39934 ; -0.498212 ; -3.24187
8.3482 ; 4.08915 ; 2.1668 ; -3.77096
5.91735 ; 7.99353 ; -4.24634 ; 1.01205
2.62821 ; 1.7732 ; 0.233575 ; 1.04861
2.57904 ; 1.74386 ; 0.760838 ; 1.98494
8.15371 ; 8.34142 ; 1.84959 ; -0.510221
2.43969 ; 8.25946 ; 2.63118 ; -2.65948
8.8895 ; 8.29052 ; -2.21056 ; -2.55066
7.51996 ; 3.99509 ; -1.49266 ; -4.58046
3.9715 ; 3.84044 ; -3.74276 ; -4.1747
2.55896 ; 6.07222 ; -0.195567 ; 4.14186
7.39141 ; 8.18632 ; 3.42165 ; 0.39531
8.63628 ; 2.04587 ; 0.567885 ; -0.427131
8.27576 ; 7.77374 ; -0.314274 ; 1.35605
8.61333 ; 1.89385 ; 0.309548 ; 0.219078
8.13771 ; 4.88181 ; 1.40473 ; -4.61625
7.54327 ; 3.68113 ; 2.81969 ; 0.439431
4.0377 ; 4.39302 ; -3.85215 ; -4.39669
2.79091 ; 6.98481 ; -1.4717 ; 2.95502
8.5016 ; 2.22417 ; 1.26349 ; -1.09782
2.7905 ; 7.923 ; -0.796093 ; 0.790468
8.40838 ; 2.52765 ; 1.2969 ; 2.66488
2.34284 ; 2.53679 ; 0.627052 ; -1.64266
2.49292 ; 1.98263 ; 0.518377 ; 0.0379061
2.99848 ; 7.19058 ; -1.87268 ; 2.28449
3.06904 ; 1.9822 ; 0.131056 ; -0.390595
2.63739 ; 7.92283 ; -0.257594 ; -0.360122
2.36006 ; 1.90535 ; 2.27418 ; 1.29476
4.9361 ; 8.06636 ; 4.53254 ; 0.595124
6.18355 ; 4.52509 ; -3.0801 ; -4.78359
6.54183 ; 6.40055 ; 2.44629 ; 4.01948
3.85555 ; 1.79637 ; -3.24888 ; -0.0356642
2.73346 ; 7.12974 ; -1.06457 ; 2.66183
8.93858 ; 1.85069 ; -2.27235 ; 1.8789
3.36323 ; 2.2153 ; -2.08113 ; 0.619583
3.83564 ; 5.66842 ; -3.29091 ; 4.19873
3.03428 ; 8.24074 ; -1.42322 ; -0.327803
2.94619 ; 7.31388 ; -0.664655 ; -4.25058
2.59316 ; 3.26047 ; -0.876794 ; -3.18563
2.77349 ; 3.54284 ; -0.322398 ; 4.04221
3.39135 ; 2.19225 ; -2.24544 ; -1.17166
8.77943 ; 7.90526 ; 0.326558 ; 0.75998
8.856 ; 2.02387 ; -0.459839 ; 0.024493
8.84367 ; 8.05167 ; -0.265936 ; 0.095798
4.97202 ; 8.1419 ; 4.40313 ; 0.276666
7.63055 ; 2.65081 ; -2.56677 ; -2.16018
8.90276 ; 7.63088 ; -0.0100971 ; 1.55564
2.85149 ; 8.34437 ; -0.677215 ; -1.05513
7.81029 ; 2.06341 ; 2.67683 ; -1.14458
4.26451 ; 8.18236 ; -3.76455 ; 0.40946
3.50336 ; 2.49854 ; -2.60496 ; -1.99612
8.53712 ; 7.96106 ; 1.19187 ; 0.756845
6.56624 ; 4.40072 ; 3.87009 ; -4.51775
7.51098 ; 3.01914 ; 3.51717 ; 1.97389
8.35873 ; 7.58428 ; -2.47711 ; -1.27876
8.28553 ; 8.12796 ; -2.43498 ; -0.402271
2.37378 ; 2.03264 ; 1.20133 ; 0.0276735
2.72318 ; 7.84794 ; -0.520811 ; -0.840897
7.92778 ; 7.1265 ; 2.78463 ; 3.03205
2.69746 ; 5.19239 ; -1.25264 ; -1.3104
3.82176 ; 7.95671 ; -3.23505 ; -1.38509
2.56373 ; 3.07078 ; -0.735417 ; -3.04315
8.66668 ; 2.30319 ; 0.796928 ; -1.3811
2.4213 ; 8.17324 ; 1.54745 ; -1.03952
3.20171 ; 2.90886 ; -2.32945 ; -2.77646
2.62529 ; 7.4694 ; -0.51904 ; 0.3993
5.51682 ; 2.10054 ; -2.46461 ; 0.311754
7.74882 ; 6.04047 ; -2.02004 ; 4.42208
3.72477 ; 1.89047 ; -1.38598 ; -0.459193
8.85056 ; 2.05723 ; -1.65034 ; 0.0513269
8.05892 ; 2.72883 ; 2.5762 ; -2.7026
8.38786 ; 6.48197 ; -0.890525 ; -0.204282
8.3903 ; 8.0112 ; 1.59854 ; 0.710797
8.64184 ; 5.42043 ; 1.25288 ; 4.47995
8.88249 ; 1.80754 ; -1.70049 ; 1.88922
2.59991 ; 1.89865 ; 0.217632 ; 0.28086
8.08259 ; 3.00512 ; 2.45412 ; -0.630487
2.57587 ; 4.38574 ; -0.832253 ; -0.270451
3.66538 ; 4.77485 ; 1.32059 ; -4.56216
8.74678 ; 3.67116 ; 0.420649 ; -3.508
7.56569 ; 7.08672 ; 2.21515 ; 3.03106
8.90534 ; 2.32448 ; -0.39992 ; -0.634071
2.91602 ; 2.59581 ; -1.55622 ; -2.33276
4.15848 ; 8.33048 ; -2.78163 ; -0.158694
2.81084 ; 2.92308 ; -1.43437 ; -2.58927
8.00352 ; 8.24728 ; 2.38937 ; -0.843432
8.74349 ; 8.16158 ; -0.289529 ; -1.98221
3.16772 ; 7.21691 ; -1.28531 ; -4.19458
2.9961 ; 6.94266 ; -1.38221 ; -4.42854
6.97533 ; 7.65269 ; 3.15843 ; -1.30057
8.90063 ; 2.15817 ; -0.528289 ; -0.402941
3.08655 ; 5.66125 ; -2.23477 ; 4.39929
7.52611 ; 7.75427 ; 2.86707 ; 1.8713
3.17023 ; 8.19045 ; -1.83063 ; -0.18053
8.922 ; 1.95747 ; -1.27127 ; 0.587594
8.66587 ; 7.47091 ; 0.615551 ; -1.62163
4.01683 ; 3.05794 ; -3.69553 ; 3.46275
2.84976 ; 4.83541 ; -1.66298 ; -3.72575
3.65169 ; 3.33706 ; -1.95372 ; 2.55601
8.6651 ; 7.9267 ; 0.764169 ; 0.774113
3.77802 ; 5.63424 ; -3.37162 ; 4.52944
3.55341 ; 7.95864 ; -0.845215 ; 0.640388
8.85691 ; 2.00031 ; -1.1746 ; 0.53914
2.58033 ; 2.16892 ; -0.201484 ; -0.86138
8.15009 ; 8.02066 ; 2.05817 ; 0.646072
8.88068 ; 8.07904 ; -0.501718 ; -0.10545
7.28867 ; 3.3301 ; 3.84713 ; -3.47282
4.66096 ; 2.16649 ; 2.49323 ; -0.979277
2.86165 ; 5.37396 ; 0.214372 ; 1.90117
2.63299 ; 2.42636 ; -0.601019 ; -1.69925
8.21827 ; 8.40987 ; 1.53014 ; -1.07228
6.0784 ; 2.45222 ; 0.234156 ; -2.30851
8.46533 ; 8.27445 ; 1.05611 ; -0.39061
2.42081 ; 8.07214 ; 2.09694 ; -0.566385
6.75952 ; 6.36217 ; -4.8592 ; 3.33423
4.40885 ; 1.83674 ; -3.89706 ; -0.33037
8.87512 ; 1.86324 ; -1.11788 ; 1.11836
8.63986 ; 1.97356 ; 0.492439 ; -0.185531
2.82783 ; 1.84344 ; -0.790179 ; 0.741489
8.1146 ; 2.50381 ; 2.34171 ; -0.615228
7.645 ; 5.8533 ; 3.43451 ; 1.79596
6.18671 ; 8.18588 ; -1.45328 ; 0.497578
4.17629 ; 4.27835 ; -2.48628 ; 1.74059
5.60126 ; 7.97683 ; 0.982375 ; 1.25247
8.99413 ; 2.10433 ; -2.15124 ; 0.0583575
8.01581 ; 8.38392 ; 2.23412 ; -0.684354
8.8162 ; 1.74889 ; -1.67333 ; 2.68888
8.64935 ; 8.40963 ; -0.106438 ; -2.07114
7.73608 ; 2.17943 ; 2.79122 ; 0.493778
7.09746 ; 4.45852 ; 4.14369 ; 2.64186
8.9009 ; 4.19534 ; 0.354137 ; -1.91307
4.09365 ; 7.29152 ; 2.23779 ; 2.72945
8.87956 ; 1.83674 ; -3.03618 ; 2.8595
2.50483 ; 3.01298 ; 0.381059 ; -3.08559
8.64592 ; 8.1301 ; 0.333712 ; -0.0146717
8.72921 ; 8.31533 ; -0.176661 ; -1.22241
2.57798 ; 8.29512 ; 0.55253 ; -1.32415
2.82201 ; 4.60831 ; -1.32567 ; -4.44528
6.25424 ; 8.26087 ; -4.12093 ; -0.332611
8.6736 ; 7.41048 ; 0.985101 ; 1.52672
2.79998 ; 3.01732 ; -1.47717 ; -2.93264
8.71396 ; 5.45622 ; 1.0494 ; 3.50667
8.9535 ; 7.63963 ; -0.705749 ; 1.48357
5.31308 ; 8.28132 ; 4.35867 ; -0.402612
5.33256 ; 5.02741 ; -0.132981 ; -4.96067
8.6119 ; 7.93878 ; 0.643126 ; -1.30281
8.58517 ; 3.80554 ; 1.53513 ; -3.42656
6.92828 ; 4.81465 ; 3.29733 ; 2.80165
8.6797 ; 3.87873 ; 1.11875 ; -0.483993
8.9957 ; 8.04041 ; -1.3834 ; -0.227334
2.57786 ; 8.32542 ; 0.74185 ; -1.73606
2.83368 ; 5.45178 ; -1.63877 ; 2.25166
4.68002 ; 2.21903 ; -3.84018 ; -1.77788
7.58093 ; 2.38939 ; -3.6268 ; -1.73835
2.37614 ; 7.90491 ; 1.04573 ; 0.124933
3.32508 ; 7.63539 ; -2.11842 ; 1.90175
2.97269 ; 6.58076 ; -1.84026 ; 1.86507
2.62541 ; 1.83814 ; 0.207969 ; 0.601426
6.96004 ; 2.01702 ; 0.361517 ; -0.135205
8.92231 ; 8.24078 ; -2.91574 ; -2.83771
3.22777 ; 2.1755 ; -2.23373 ; -1.38858
7.8736 ; 5.07665 ; 0.670288 ; -1.5246
8.90565 ; 8.19672 ; -1.17391 ; -1.22135
2.29239 ; 7.76871 ; 1.5105 ; 0.560346
3.52142 ; 2.24356 ; -2.84463 ; -1.53364
2.77438 ; 7.7699 ; -0.563341 ; -1.83847
4.35615 ; 3.04094 ; -2.58253 ; 1.11232
2.82295 ; 8.28136 ; -0.281244 ; -0.724823
8.48176 ; 2.00338 ; 0.771858 ; -0.406218
2.85773 ; 3.53696 ; -1.34691 ; 0.268864
2.41826 ; 1.82028 ; 2.11826 ; 1.86676
3.27161 ; 8.23956 ; -2.08494 ; -0.858276
3.03773 ; 1.88846 ; -1.5346 ; 0.592144
8.7419 ; 1.72938 ; -0.752461 ; 2.09987
6.07777 ; 3.23486 ; 4.64543 ; -3.11666
8.38864 ; 7.01227 ; 1.63887 ; -3.01312
5.30206 ; 6.08746 ; -4.06133 ; 3.00916
2.85784 ; 3.0639 ; -1.65185 ; -3.02071
4.51427 ; 3.56711 ; 5.53012 ; 2.35766
4.93033 ; 2.05522 ; -4.40265 ; -0.83726
7.19107 ; 2.86046 ; -5.11115 ; -1.62697
3.17392 ; 2.8666 ; -0.302569 ; 2.6226
8.73762 ; 4.89379 ; 0.954523 ; 2.41988
2.91876 ; 7.64883 ; -0.759665 ; 1.73443
2.57124 ; 5.14409 ; -0.784182 ; 2.83392
4.2066 ; 2.77868 ; -1.27721 ; -2.57108
7.48289 ; 7.68029 ; 3.07273 ; 2.02425
4.03994 ; 2.45329 ; -1.64308 ; -2.22539
8.88483 ; 8.2313 ; -0.962283 ; -1.0868
3.98957 ; 2.65166 ; -2.68775 ; -2.65331
3.74525 ; 7.33538 ; 0.256192 ; 2.05542
7.69501 ; 7.46806 ; 1.57972 ; 1.12186
7.86166 ; 7.99736 ; 2.80194 ; 0.902949
2.32431 ; 7.79926 ; 1.23107 ; 0.544079
4.44786 ; 2.13976 ; -3.66376 ; -1.11064
3.85746 ; 7.62368 ; -3.36311 ; 1.44572
3.36652 ; 2.61686 ; -2.56954 ; -2.56328
7.85622 ; 8.13113 ; 1.34094 ; 0.516477
3.38007 ; 3.59294 ; -2.74748 ; 0.869192
4.49479 ; 7.84242 ; 3.52874 ; 0.729356
7.0969 ; 2.3627 ; 3.46362 ; -1.52923
7.73839 ; 2.75729 ; 1.80576 ; -2.11698
8.96325 ; 1.88983 ; -2.62069 ; 1.73975
3.41375 ; 7.0092 ; -2.63476 ; 1.83554
3.20358 ; 7.70906 ; -2.21419 ; 1.73197
8.86245 ; 2.26108 ; -0.109889 ; -0.922599
6.54399 ; 6.99341 ; 4.60031 ; 2.32604
4.3326 ; 2.20678 ; 0.664421 ; -0.867684
7.65021 ; 4.93352 ; 3.08914 ; -3.5079
3.57657 ; 3.00686 ; -2.95501 ; -0.311964
3.16853 ; 4.42758 ; -2.39813 ; -1.38119
8.46311 ; 7.94374 ; 1.15991 ; 0.327209
8.04629 ; 2.32764 ; 2.3362 ; -1.79763
8.42937 ; 2.33221 ; 0.874544 ; 3.93585
3.11296 ; 2.24284 ; -0.709998 ; 3.46229
8.88388 ; 1.8442 ; -1.67468 ; 1.47213
8.9441 ; 1.88019 ; -2.22562 ; 1.56011
2.37115 ; 8.07609 ; 1.67405 ; -0.536517
2.57658 ; 8.2494 ; 0.467834 ; -1.2542
8.64667 ; 8.09189 ; 0.374019 ; -1.45602
8.6483 ; 7.22265 ; -0.593918 ; 2.04211
3.53546 ; 2.07647 ; 3.12816 ; -0.57938
4.05365 ; 6.64648 ; 2.43534 ; 3.80915
7.00259 ; 8.09768 ; 3.91768 ; 0.70458
7.88369 ; 2.33795 ; 0.923896 ; -1.75934
2.45514 ; 8.25052 ; 3.15976 ; -3.29957
4.02594 ; 2.07597 ; -3.15884 ; -1.32569
6.80945 ; 4.7023 ; 4.34658 ; 4.38125
7.80899 ; 5.37127 ; 3.17993 ; -4.30108
8.41689 ; 7.5634 ; 1.71499 ; 1.91152
8.45847 ; 1.99514 ; 1.00041 ; 1.61896
3.46558 ; 2.16583 ; 0.822647 ; -1.15067
8.59375 ; 8.07529 ; 0.493141 ; 0.281117
2.62496 ; 7.39571 ; 0.168577 ; -3.65201
2.58505 ; 6.80749 ; -0.332076 ; -2.03464
8.98899 ; 1.94758 ; -2.21575 ; 1.01874
2.46255 ; 8.10005 ; 0.894626 ; -0.337801
6.74094 ; 7.01598 ; 3.85112 ; 3.2927
2.97834 ; 2.13504 ; 2.64134 ; -0.628976
6.46638 ; 1.7194 ; 3.72926 ; 0.398462
8.93788 ; 7.74537 ; -0.441224 ; 1.18824
8.49997 ; 4.25155 ; 1.24862 ; 2.96394
8.44297 ; 7.27752 ; 1.80938 ; 2.52599
5.50367 ; 7.54967 ; -0.49262 ; 2.33731
3.12808 ; 3.05373 ; -2.20766 ; -3.24473
5.66666 ; 7.18406 ; -5.25884 ; -1.46602
7.72836 ; 7.88107 ; 3.04158 ; 1.49239
8.3157 ; 8.00681 ; 0.151696 ; -2.75101
2.41174 ; 1.83509 ; 2.57662 ; 2.15206
3.09112 ; 6.74635 ; -1.99787 ; -0.484358
2.67569 ; 8.30092 ; 0.879035 ; -1.41245
8.95543 ; 2.14219 ; -0.957707 ; -0.192916
7.66205 ; 8.15474 ; 2.99985 ; 0.591144
2.46197 ; 8.17942 ; 1.01528 ; -0.916415
7.02701 ; 7.84064 ; 3.36807 ; -1.19613
7.80559 ; 1.98879 ; 2.48194 ; -0.781
8.18327 ; 2.48313 ; 1.92602 ; -2.09699
3.06148 ; 7.1574 ; -1.70491 ; -3.49227
5.12378 ; 7.75173 ; -4.42167 ; 1.8315
2.96232 ; 2.22504 ; -1.43256 ; -1.45244
6.79059 ; 7.09184 ; 2.26956 ; -3.23588
2.4512 ; 8.24342 ; 3.13455 ; -2.83768
5.54918 ; 3.38446 ; 2.75386 ; -3.63058
8.91295 ; 8.25987 ; -2.63356 ; -2.5917
8.88367 ; 8.21189 ; -3.53416 ; -3.4568
2.7288 ; 1.75053 ; -0.264804 ; 1.20006
8.54576 ; 8.15296 ; 0.720827 ; 0.0425552
2.805 ; 8.07029 ; 0.928334 ; 0.0471652
7.6416 ; 5.42159 ; 3.1436 ; -4.42952
3.24437 ; 2.32311 ; 2.23601 ; -1.51966
8.26811 ; 2.55229 ; 2.07433 ; -2.23243
2.76208 ; 2.45993 ; -1.16574 ; -1.72997
3.37752 ; 7.29109 ; -1.72367 ; 2.40391
8.71093 ; 2.74174 ; 0.189672 ; -1.93696
7.51248 ; 4.25939 ; 3.63232 ; 2.3616
8.66069 ; 8.10367 ; 0.192786 ; 0.128437
2.3947 ; 1.99319 ; 1.18845 ; 0.224481
3.52772 ; 5.9062 ; -3.02034 ; 3.82128
8.98391 ; 8.1749 ; -2.02015 ; -1.31776
8.65553 ; 2.66701 ; 0.151025 ; 3.70518
7.12644 ; 2.49939 ; 0.339746 ; -2.28634
5.05349 ; 6.6511 ; -3.25643 ; 1.5045
8.61674 ; 6.99364 ; 1.07976 ; 3.11122
8.71681 ; 1.97773 ; -0.0496877 ; -0.0442843
3.07022 ; 4.91081 ; 0.204899 ; -5.18747
8.91878 ; 7.9516 ; -0.555081 ; 0.202852
8.08371 ; 2.1404 ; 0.652591 ; -1.086
8.10055 ; 5.78656 ; 2.65886 ; 2.20788
2.89607 ; 3.6124 ; -1.66019 ; -3.98416
2.39538 ; 8.22776 ; 2.50717 ; -2.01081
2.44801 ; 8.12944 ; 1.00549 ; -0.697128
2.44663 ; 1.80573 ; 2.72656 ; 2.80489
2.61348 ; 2.06788 ; -0.187262 ; -0.50316
7.75137 ; 5.54604 ; 3.28646 ; -3.00084
8.5429 ; 5.96632 ; 1.06528 ; 3.30367
7.34562 ; 6.83019 ; 2.26422 ; -0.546757
2.62935 ; 6.18899 ; -0.898576 ; 3.58288
2.70837 ; 2.58845 ; -1.03657 ; -1.9487
2.50965 ; 8.2197 ; 1.03148 ; -1.73181
8.91023 ; 1.84006 ; -2.60365 ; 2.31479
5.94109 ; 2.63115 ; -0.674956 ; -2.64573
2.633 ; 2.23512 ; -0.266521 ; -0.940808
3.411 ; 2.09853 ; -0.165958 ; -0.967931
4.98225 ; 7.04774 ; -4.59171 ; -2.67782
4.73517 ; 2.3848 ; -3.67928 ; -2.18247
6.29429 ; 3.13407 ; 2.73226 ; 4.02951
8.32107 ; 5.19635 ; 1.56979 ; -4.54298
4.69651 ; 1.89889 ; -3.15094 ; -0.681177
2.88234 ; 7.99293 ; 1.07824 ; 0.421267
6.09476 ; 8.09914 ; 4.66571 ; 0.743476
4.08805 ; 7.18413 ; -3.74994 ; 2.72189
8.88094 ; 1.81797 ; -2.6949 ; 3.01095
2.80561 ; 5.73032 ; 0.0537043 ; -2.49764
3.35571 ; 3.53284 ; 1.69748 ; -3.98338
3.08176 ; 2.29894 ; -1.9556 ; -1.70364
8.90768 ; 8.26944 ; -1.77609 ; -1.89459
2.70497 ; 7.88722 ; -0.0775512 ; 0.266642
6.72818 ; 7.42504 ; -4.50112 ; 2.24783
3.11551 ; 7.90062 ; -1.91496 ; 1.25208
8.21927 ; 7.4817 ; 1.38912 ; 2.06986
6.57601 ; 1.87637 ; -2.6897 ; -0.206549
7.66635 ; 4.24207 ; 3.41749 ; -3.39527
7.33818 ; 5.23175 ; 3.48402 ; 4.82394
8.77262 ; 1.80636 ; -1.69995 ; 3.81291
6.73037 ; 3.0452 ; 3.48797 ; -3.06573
8.99432 ; 2.85022 ; -0.446316 ; -1.92397
8.74802 ; 8.3612 ; -0.609492 ; -2.29839
7.37002 ; 6.46848 ; 3.57641 ; 3.91215
8.09032 ; 5.74337 ; 2.48004 ; -4.12427
2.94864 ; 8.02444 ; -0.165303 ; 0.537022
8.22868 ; 4.84992 ; 2.37542 ; 4.04259
8.2929 ; 5.1026 ; 2.24046 ; -1.31331
2.429 ; 1.88374 ; 1.40155 ; 0.89989
2.81375 ; 4.62323 ; -1.56368 ; -2.6976
2.64168 ; 2.93534 ; 0.648903 ; -2.74696
8.09235 ; 8.14673 ; 2.21822 ; 0.250131
2.79568 ; 8.21407 ; -0.338475 ; -2.76448
8.22745 ; 6.06167 ; -0.687666 ; 3.76198
8.5456 ; 2.50229 ; 0.681446 ; -1.91761
6.14368 ; 6.7372 ; 0.84438 ; 2.77671
7.48216 ; 6.72512 ; 3.61021 ; 2.53659
3.00631 ; 8.19426 ; -1.37395 ; 0.0606767
2.89655 ; 2.0399 ; -1.08768 ; -0.319087
4.8556 ; 7.91627 ; -1.411 ; 1.48203
8.08515 ; 8.44239 ; 1.61707 ; -1.2943
5.31946 ; 2.035 ; -3.61723 ; 1.95087
7.25998 ; 7.97114 ; -3.87172 ; 0.765765
7.99553 ; 2.99183 ; 2.75615 ; -2.98821
2.36868 ; 7.95684 ; 1.27577 ; 0.175964
8.07491 ; 2.22329 ; 2.3484 ; -1.42207
8.74926 ; 2.46219 ; -2.75179 ; -0.168066
8.97581 ; 2.23491 ; -0.975132 ; -0.76743
3.02513 ; 2.08232 ; -0.0146612 ; 3.05319
5.1002 ; 7.78005 ; 5.34156 ; 0.151096
2.68921 ; 8.38533 ; 0.321043 ; -1.92127
8.896 ; 1.80595 ; -2.32963 ; 2.53368
2.51378 ; 8.31677 ; 1.39903 ; -2.27056
7.19989 ; 5.75741 ; 1.31262 ; 4.25057
6.09397 ; 6.32559 ; 4.89104 ; -2.61982
2.44931 ; 5.68883 ; -0.125218 ; 4.26459
2.5737 ; 2.1234 ; -0.0475972 ; -0.120349
8.91889 ; 2.04432 ; -0.870971 ; 0.00165892
4.98474 ; 7.43322 ; 3.60791 ; 2.43643
3.95606 ; 2.81126 ; 4.26233 ; -2.12089
8.90143 ; 1.89225 ; -1.25302 ; 0.928116
8.86853 ; 1.78845 ; -2.20783 ; 2.69916
8.2854 ; 1.71345 ; 1.24822 ; 0.886057
8.50574 ; 8.25767 ; 0.676149 ; -0.444159
3.76685 ; 7.63574 ; -0.542948 ; 1.98372
3.26659 ; 3.23598 ; -2.53365 ; -1.93686
8.89536 ; 7.01637 ; 0.305539 ; 2.89084
6.2353 ; 5.05872 ; -4.8573 ; 1.2061
7.9991 ; 8.16933 ; -2.62579 ; -0.485876
8.83684 ; 5.48457 ; 0.462117 ; 4.33238
8.92376 ; 8.20101 ; -1.20853 ; -1.03817
2.45373 ; 7.73187 ; 0.229097 ; 1.04584
3.47973 ; 7.59432 ; -2.76824 ; 2.11985
2.86155 ; 7.71456 ; -1.20814 ; 1.18276
2.43677 ; 2.47242 ; 0.0737169 ; -1.71309
8.6129 ; 7.67525 ; 0.779257 ; -1.3011
6.55592 ; 4.52308 ; 4.67277 ; -4.37021
5.32417 ; 8.26361 ; -4.26103 ; -0.0168065
2.26736 ; 2.40863 ; 1.46314 ; -1.14545
7.53672 ; 2.08112 ; 3.09085 ; -1.25851
2.83979 ; 4.2515 ; -1.62261 ; -3.77577
2.46075 ; 8.22656 ; 1.55959 ; -1.37485
8.51663 ; 2.45704 ; 0.671609 ; 3.94099
2.77619 ; 1.91337 ; -0.38665 ; 2.10974
2.69137 ; 7.2206 ; -0.49609 ; 2.43677
7.8022 ; 6.02867 ; -2.27894 ; 0.187661
2.95635 ; 7.06535 ; -1.50538 ; 1.78091
2.69543 ; 8.22221 ; -0.143965 ; -0.558366
2.88415 ; 2.85137 ; -1.44579 ; -1.06979
3.82795 ; 5.80711 ; 0.852911 ; 4.64975
8.93522 ; 1.94668 ; -1.27796 ; 0.655844
8.73956 ; 7.73739 ; 0.653099 ; 1.38094
3.9738 ; 7.82697 ; -2.4707 ; 1.12066
8.81809 ; 8.12449 ; -3.356 ; -1.23748
2.80696 ; 7.46035 ; 2.16757 ; 2.08027
4.55202 ; 2.08784 ; 4.70106 ; -0.85754
2.71274 ; 5.73865 ; -1.3151 ; 2.41471
6.73544 ; 7.26478 ; -3.48581 ; 2.85866
2.55531 ; 7.16095 ; -0.538584 ; 1.89903
2.72003 ; 5.51613 ; 2.09604 ; -3.54187
3.49396 ; 4.65078 ; -2.98083 ; -4.62384
3.26892 ; 8.01437 ; -2.11472 ; 0.260698
3.56945 ; 5.30639 ; -2.98559 ; -2.43305
6.05579 ; 1.93917 ; -3.51198 ; -0.582229
8.85988 ; 1.80052 ; -2.53691 ; 2.89572
3.532 ; 7.37737 ; -1.27843 ; 2.52789
8.54232 ; 2.97992 ; -2.68075 ; -0.489634
8.66466 ; 8.2673 ; 0.280798 ; -0.678369
2.54667 ; 2.88622 ; 0.399201 ; -2.85906
8.89807 ; 2.2313 ; -0.42642 ; -0.537828
3.49485 ; 4.27488 ; -0.727608 ; 2.04956
4.37998 ; 2.24473 ; -3.70442 ; -1.8446
8.70925 ; 7.90779 ; 0.313145 ; -0.832693
8.881 ; 7.0595 ; 0.245002 ; 2.92213
8.92476 ; 7.88869 ; -2.02768 ; 0.375474
4.81426 ; 6.73994 ; 4.33766 ; -3.59096
7.98722 ; 3.93403 ; 2.78888 ; -3.82942
8.72219 ; 8.19581 ; -0.189867 ; -0.508396
2.42733 ; 8.22911 ; 2.45835 ; -1.92433
5.56165 ; 2.9899 ; 0.57354 ; -3.27955
2.83711 ; 2.36308 ; -1.21342 ; -1.75823
8.68107 ; 1.81877 ; -0.0215921 ; 0.815086
2.45787 ; 1.78664 ; 2.41185 ; 2.72432
7.46059 ; 3.59537 ; 3.56365 ; -3.98166
7.85964 ; 8.28832 ; 1.92974 ; -0.110007
2.64667 ; 6.00468 ; -0.391257 ; 4.30516
3.50459 ; 7.63843 ; 1.13504 ; 1.7935
6.22689 ; 2.4832 ; -0.744814 ; -2.29081
8.35784 ; 2.14935 ; 1.50788 ; -0.292869
2.53272 ; 7.14713 ; -0.52238 ; 2.36196
6.62125 ; 2.17727 ; 4.43659 ; -0.138134
7.10706 ; 8.05972 ; 3.99499 ; 0.0291663
2.98933 ; 8.09367 ; -1.22181 ; 0.467866
5.58231 ; 6.32218 ; 2.55266 ; 2.41374
5.76179 ; 5.72888 ; -5.00238 ; 4.29769
8.60942 ; 7.22783 ; 0.690341 ; -3.37308
8.23738 ; 2.48188 ; 1.93494 ; -2.08399
8.24407 ; 2.47331 ; 1.5393 ; -1.97419
3.19038 ; 6.72495 ; -2.32388 ; 0.301213
4.82978 ; 2.16219 ; 5.67193 ; 0.772076
4.48026 ; 7.23075 ; -1.4469 ; 2.83033
8.82665 ; 1.91713 ; -0.574814 ; 0.591471
7.90543 ; 4.53037 ; 2.90468 ; -4.72191
4.03471 ; 6.96236 ; 0.964295 ; 3.29425
2.39484 ; 7.8234 ; 0.726356 ; 0.546176
2.90624 ; 6.98544 ; -0.204747 ; 3.11242
3.40587 ; 7.91971 ; -2.46115 ; 1.05515
8.59605 ; 7.11819 ; 1.3264 ; 1.85287
3.38432 ; 7.77639 ; -2.43782 ; 1.61233
7.33726 ; 2.28754 ; 3.60014 ; -1.71945
7.34586 ; 2.49769 ; -0.716807 ; -2.19332
8.56271 ; 1.89905 ; 0.697034 ; 0.0813111
3.81956 ; 1.9895 ; -3.0434 ; -0.177673
3.62734 ; 7.47179 ; 4.20379 ; -2.04127
7.60731 ; 6.83596 ; 2.11129 ; -1.93024
2.97338 ; 3.17326 ; -1.88947 ; -3.41824
8.99063 ; 2.50649 ; -0.744514 ; -1.03765
2.96755 ; 1.91458 ; -1.39775 ; -0.137153
8.46864 ; 6.46332 ; 1.11688 ; 1.16628
6.69957 ; 7.49201 ; 0.821368 ; 2.27336
2.42919 ; 7.37065 ; 0.0251342 ; 2.04931
8.39665 ; 1.88538 ; 0.332373 ; 0.137925
8.76252 ; 8.08411 ; 0.132165 ; 0.00522661
2.63719 ; 7.29372 ; 0.476118 ; 2.16733
6.0351 ; 5.81968 ; 4.70752 ; 3.66588
7.81955 ; 2.17673 ; 2.69268 ; -1.46886
3.02069 ; 6.83974 ; -0.541994 ; 2.77912
2.83784 ; 1.95274 ; -0.843494 ; -0.223512
5.43154 ; 2.96591 ; -2.97451 ; -3.11503
8.76848 ; 7.24414 ; 0.762991 ; 2.37946
8.6927 ; 8.23608 ; -1.83337 ; -1.34261
8.40322 ; 1.83942 ; 0.659085 ; 0.300276
8.42842 ; 7.47835 ; -0.0308198 ; -1.71724
4.72245 ; 2.69454 ; -3.11669 ; -2.66144
2.85204 ; 1.73978 ; -0.696285 ; 1.68239
7.87921 ; 6.90279 ; 3.04104 ; 3.15469
8.90648 ; 1.83368 ; -1.71725 ; 1.69183
3.00932 ; 2.04004 ; -1.62741 ; -0.741585
2.91626 ; 1.81395 ; -0.954556 ; 0.25682
3.99598 ; 6.22868 ; -2.14075 ; -4.59108
2.68909 ; 7.326 ; -0.978966 ; 2.23254
7.41465 ; 3.4065 ; -2.80833 ; -3.9096
2.68844 ; 8.29639 ; -0.0781469 ; -1.00407
2.85244 ; 8.30085 ; -0.534109 ; -0.743518
8.09733 ; 6.36853 ; 2.46323 ; 0.565194
3.26197 ; 2.17469 ; -2.20489 ; -1.118
8.68459 ; 1.71009 ; -0.462762 ; 2.43833
8.77589 ; 1.88621 ; -0.379435 ; 0.54292
2.77526 ; 8.0411 ; -0.798424 ; 0.450498
8.76397 ; 3.3343 ; 0.872593 ; -2.92651
8.78115 ; 1.87178 ; -0.366273 ; 0.690399
8.68917 ; 2.11168 ; 0.386067 ; -0.119163
6.39672 ; 7.69018 ; 4.74621 ; 1.64129
8.94755 ; 2.09791 ; -0.98219 ; -0.0208678
3.72258 ; 6.6986 ; 2.14388 ; 3.59565
8.10815 ; 6.44315 ; 0.0640343 ; -3.18613
8.51298 ; 6.79175 ; -0.103244 ; 2.17921
8.58471 ; 8.04298 ; 0.946803 ; 0.477556
2.67347 ; 8.08446 ; -0.412255 ; 0.201848
8.80455 ; 7.79194 ; 0.0364766 ; 0.877685
2.63062 ; 8.00967 ; 0.155312 ; 0.335174
2.77702 ; 3.07545 ; -1.34269 ; -2.24138
8.61522 ; 8.279 ; 0.307589 ; -0.719829
8.30435 ; 6.13939 ; -2.34748 ; 3.26435
6.96905 ; 7.81131 ; -1.86068 ; -2.43958
8.22899 ; 4.87345 ; 1.7515 ; 0.678088
7.63473 ; 7.17415 ; 3.09752 ; 2.87604
5.79314 ; 4.69877 ; -3.60574 ; -5.04977
8.88363 ; 1.93294 ; -0.96599 ; 0.629481
8.00377 ; 6.06206 ; 1.19051 ; 3.92283
8.53541 ; 8.01278 ; 1.02466 ; 0.655791
7.87855 ; 7.54253 ; -2.42946 ; 2.07813
6.79774 ; 6.32883 ; 2.8401 ; 4.12573
8.59648 ; 2.00949 ; 0.68783 ; -0.0966895
8.3945 ; 5.05077 ; 0.880108 ; -4.07139
8.6367 ; 1.84393 ; -0.428749 ; 3.73436
8.84457 ; 1.85504 ; -3.40676 ; 3.69453
2.92042 ; 7.72982 ; -1.52286 ; 1.42605
7.13358 ; 5.58494 ; 3.7982 ; 1.31656
8.38195 ; 8.36717 ; 0.86071 ; -1.02149
3.6401 ; 7.873 ; -2.83561 ; 1.52561
7.60465 ; 7.83721 ; 3.13222 ; 1.65729
3.51399 ; 7.32413 ; -2.24533 ; 2.62024
7.93881 ; 1.77669 ; 2.45232 ; 0.367652
6.80724 ; 2.30854 ; 3.21511 ; -1.82295
8.76184 ; 7.71362 ; 0.226729 ; 1.06695
2.83595 ; 3.4284 ; -1.63856 ; -2.98455
2.65993 ; 2.39793 ; -0.721051 ; -1.71708
3.80763 ; 8.23598 ; -0.307964 ; 0.0194314
8.58038 ; 6.39235 ; 1.54666 ; 3.38111
7.14975 ; 2.27609 ; 3.12968 ; -1.88155
3.12077 ; 2.9911 ; 0.322453 ; 5.10058
3.23564 ; 2.61245 ; -2.2249 ; -2.47401
8.2347 ; 7.65125 ; -0.471725 ; 1.71955
2.8874 ; 7.23197 ; -1.22562 ; -2.56918
8.87837 ; 2.07941 ; -0.544917 ; -0.202036
2.48221 ; 3.16203 ; -0.419436 ; -2.90165
5.28134 ; 3.86898 ; -1.43856 ; -4.31541
7.21645 ; 8.08052 ; -4.31257 ; 0.139286
2.5459 ; 7.12462 ; -0.439623 ; 2.69215
8.82422 ; 8.2903 ; -0.765197 ; -1.38999
8.63674 ; 8.40654 ; 0.0321553 ; -1.96287
2.50878 ; 1.75692 ; 1.3298 ; 2.02612
2.42336 ; 5.26198 ; 0.246715 ; -4.26039
2.66088 ; 1.76086 ; 0.565547 ; 1.31258
2.46472 ; 8.22055 ; 3.60706 ; -3.28431
7.43601 ; 8.18039 ; 3.3657 ; 0.562332
3.47756 ; 8.22048 ; -2.518 ; 0.165848
8.44454 ; 2.41977 ; 1.43873 ; -1.79899
7.43278 ; 7.18521 ; 3.59984 ; 3.04857
2.52083 ; 2.45859 ; -0.272317 ; -1.7683
2.57828 ; 2.47329 ; 1.82538 ; -1.47637
7.18879 ; 2.76643 ; 3.82224 ; -1.93818
4.31795 ; 6.10667 ; 4.0744 ; -5.31492
8.00445 ; 3.58146 ; -0.603154 ; -1.44033
2.47706 ; 1.90297 ; 4.17706 ; 3.36025
7.76936 ; 2.64646 ; -4.57325 ; -1.85312
8.44603 ; 7.75557 ; 1.10888 ; -1.79426
7.49535 ; 2.00826 ; 3.14728 ; -1.03486
7.7816 ; 7.79793 ; 2.67541 ; 1.2419
2.84787 ; 2.12685 ; -1.06713 ; 0.468977
8.11385 ; 1.87017 ; -0.543236 ; 0.271425
2.75626 ; 1.76046 ; -0.398666 ; 0.879609
8.77479 ; 1.7914 ; -0.664466 ; 1.51457
2.65962 ; 4.19645 ; -0.491683 ; 5.07522
4.12249 ; 1.83963 ; -3.13247 ; -0.408222
6.07821 ; 6.70703 ; 4.36141 ; 3.23981
3.74642 ; 3.05335 ; -3.08406 ; 0.434461
6.72106 ; 2.3611 ; 4.52457 ; 2.0551
2.87111 ; 2.70322 ; -1.54602 ; -2.18323
3.35846 ; 8.15317 ; -2.28005 ; 0.127258
3.02818 ; 6.89406 ; -1.78231 ; 3.13757
8.54994 ; 6.32224 ; 0.899521 ; 3.99827
2.98291 ; 8.06386 ; -1.44775 ; 0.576546
3.18993 ; 2.53453 ; -1.94573 ; -2.03023
2.35247 ; 1.96386 ; 2.10772 ; 1.08475
7.68687 ; 7.73524 ; 2.71457 ; 1.89203
2.40158 ; 1.8578 ; 2.37871 ; 1.66278
6.20947 ; 7.29314 ; 3.18314 ; 0.927508
3.37636 ; 2.15734 ; -2.36307 ; -1.03425
2.98923 ; 3.0465 ; -1.66712 ; -1.90641
2.55953 ; 2.67863 ; 2.03285 ; -2.11768
6.18907 ; 2.02392 ; 3.63358 ; -1.14285
2.40852 ; 1.87358 ; 1.71258 ; 1.33753
2.70773 ; 7.0411 ; -0.731835 ; -2.0536
2.67993 ; 8.08161 ; -0.306159 ; -0.367929
2.54753 ; 7.69305 ; -0.246474 ; 1.2707
4.08321 ; 3.52322 ; -0.733833 ; 1.24404
4.73797 ; 7.54684 ; -4.24063 ; -1.65611
3.00589 ; 2.13008 ; -1.51626 ; -1.1742
6.67225 ; 5.723 ; -3.80147 ; 1.75004
8.69382 ; 3.3939 ; 0.560284 ; -3.28037
4.14189 ; 2.03779 ; -3.8322 ; 0.661322
8.86802 ; 1.8096 ; -2.18085 ; 2.22224
7.69826 ; 7.53704 ; 2.96602 ; 2.30473
8.87332 ; 7.23596 ; 0.361491 ; 2.36111
2.83558 ; 6.9448 ; -1.07561 ; 3.19033
7.62908 ; 3.6508 ; -4.63528 ; 3.99121
4.45052 ; 8.04697 ; -3.4547 ; 1.08827
7.52153 ; 5.54955 ; 3.59582 ; 3.91191
2.4317 ; 1.92052 ; 1.08614 ; 0.616951
2.84288 ; 6.79924 ; -1.62019 ; 3.25481
2.86699 ; 2.25438 ; -0.97134 ; -1.44078
2.48339 ; 1.93943 ; 0.71515 ; 0.254433
7.15249 ; 7.63042 ; 0.971842 ; -1.75027
8.96723 ; 2.21413 ; -0.942463 ; -0.656851
8.3364 ; 8.0963 ; 1.50917 ; 0.0918696
4.95376 ; 3.22334 ; 1.62045 ; -3.60769
2.44239 ; 1.79775 ; 2.11706 ; 2.23351
2.64634 ; 2.58186 ; 0.6812 ; 0.0949614
3.54047 ; 6.88781 ; 3.07237 ; 3.00612
2.85736 ; 8.37433 ; -0.645357 ; -1.32198
7.61114 ; 2.04139 ; 3.11687 ; -0.975005
8.75654 ; 1.76932 ; -0.613346 ; 1.46552
6.12627 ; 7.71684 ; -4.83359 ; -0.0810546
8.82482 ; 3.73936 ; -0.912886 ; -2.87641
3.84114 ; 3.60969 ; -3.26655 ; -4.0215
3.45412 ; 1.8911 ; -2.39605 ; -0.501274
8.84037 ; 1.80822 ; -2.69331 ; 3.60398
8.86611 ; 8.26395 ; -2.94569 ; -3.61438
2.38361 ; 7.94193 ; 1.45613 ; 0.277812
2.60129 ; 7.96612 ; 1.24227 ; 0.336815
7.9026 ; 7.18204 ; 2.85663 ; 1.75077
8.83047 ; 7.92136 ; -0.0140759 ; 0.69847
8.92457 ; 1.87779 ; -1.56521 ; 1.22755
3.78919 ; 5.73925 ; 2.44831 ; 4.48929
2.52328 ; 2.20919 ; -0.0503166 ; -0.841738
7.21149 ; 7.90537 ; 0.804443 ; 1.28502
2.42041 ; 1.81972 ; 2.61645 ; 2.37923
3.71442 ; 2.2586 ; -2.92414 ; -1.81664
4.07931 ; 2.35384 ; -0.793145 ; -1.98934
2.60667 ; 8.00831 ; -0.157336 ; 0.105441
7.49507 ; 6.3168 ; 3.66635 ; 2.90303
8.30687 ; 8.35618 ; 1.22156 ; -0.802912
8.70743 ; 1.74874 ; -0.462721 ; 1.54273
8.83222 ; 7.69915 ; 0.291927 ; 1.41024
2.74484 ; 8.0312 ; -0.3058 ; -2.00347
3.49332 ; 7.75034 ; -2.32658 ; 0.632684
8.47378 ; 6.46738 ; 1.76626 ; 2.73567
3.84081 ; 2.37602 ; -3.31443 ; -2.09742
2.52787 ; 2.47297 ; 0.767599 ; -1.77276
2.95559 ; 3.25866 ; -1.94104 ; -3.35097
6.67273 ; 2.54198 ; 2.28183 ; -2.44619
7.90572 ; 6.61977 ; 2.97566 ; 2.39822
2.74059 ; 6.07094 ; -0.928957 ; 4.16599
4.88684 ; 7.68895 ; -2.32827 ; 1.96931
3.45756 ; 4.09773 ; -1.39142 ; -2.65044
4.97647 ; 6.25081 ; -1.88732 ; 4.04618
8.27831 ; 2.15218 ; -1.80921 ; -0.70182
3.37997 ; 4.53027 ; -2.80699 ; -0.294805
7.93283 ; 2.21903 ; -2.44955 ; -1.10921
7.20265 ; 3.45358 ; 4.02883 ; 3.58603
