8.19858 ; 4.72235 ; -0.493583 ; -5.18941
8.57196 ; 3.30393 ; 0.108269 ; 3.35676
8.59994 ; 3.31219 ; 0.17817 ; -0.0778873
2.63834 ; 2.04024 ; 4.84033 ; 3.73415
6.29807 ; 7.66254 ; -2.66209 ; -4.42286
2.66691 ; 2.02332 ; 4.06049 ; 4.69612
8.49977 ; 6.7691 ; -1.94297 ; -1.33895
7.93685 ; 3.61143 ; -2.03117 ; 5.84833
7.90686 ; 2.23788 ; 2.28587 ; 2.815
8.60483 ; 8.11976 ; -0.341212 ; -1.32736
8.60162 ; 5.47319 ; 0.394747 ; -4.52635
5.61222 ; 7.48801 ; 4.97432 ; -2.67966
3.06499 ; 3.4002 ; -1.65462 ; -3.21591
4.25826 ; 1.94597 ; -3.70252 ; 1.14592
7.24561 ; 2.74234 ; 3.41617 ; -1.85581
6.45496 ; 8.00172 ; 4.36518 ; 0.106616
2.74812 ; 2.85283 ; -0.221138 ; -2.24222
8.9286 ; 7.37266 ; -1.74027 ; 1.03361
6.9646 ; 5.41096 ; -1.33263 ; -2.28787
4.61211 ; 7.53035 ; -3.92398 ; 0.158174
8.73355 ; 8.10425 ; -3.53599 ; -4.01541
2.51299 ; 8.01919 ; 3.65476 ; -2.42547
8.41077 ; 8.14322 ; -0.513376 ; -1.36781
5.37102 ; 7.3338 ; 5.60377 ; -1.22434
3.45738 ; 8.03442 ; -1.53861 ; -0.0523835
7.88124 ; 3.14164 ; 2.47328 ; 3.53781
5.7894 ; 2.07261 ; -3.30151 ; 1.30431
6.93431 ; 3.26645 ; -5.46354 ; 0.737374
2.73537 ; 2.11156 ; 5.28496 ; 5.03056
5.74547 ; 4.29077 ; 3.54539 ; -4.77417
8.50411 ; 7.43602 ; 0.587263 ; -0.920734
7.07764 ; 2.2277 ; -2.31567 ; -0.713616
8.51989 ; 7.96765 ; 0.386115 ; -0.301917
8.95179 ; 5.74768 ; -2.06858 ; 3.48454
3.05939 ; 2.62786 ; -1.48875 ; -1.87204
8.70547 ; 2.01725 ; -1.11437 ; 1.14531
3.70898 ; 2.65513 ; -2.44048 ; -2.26845
2.96589 ; 2.03707 ; -0.38225 ; 0.238647
2.83901 ; 8.22913 ; 0.623156 ; -2.40487
3.57401 ; 5.15155 ; -2.92455 ; 4.14811
4.24476 ; 3.64388 ; 0.918483 ; 5.12064
3.70842 ; 8.28736 ; 0.375249 ; -2.4574
4.84833 ; 3.04724 ; 5.3992 ; 3.61753
3.26582 ; 2.35072 ; 2.36541 ; -0.797245
2.55559 ; 6.03219 ; 1.00948 ; -3.23105
3.29731 ; 2.15033 ; -0.245669 ; -0.11408
8.84013 ; 2.08452 ; -3.67624 ; 2.22434
2.73992 ; 3.19234 ; -0.00901437 ; -0.0158696
3.06922 ; 3.18299 ; -1.51374 ; -2.26524
8.70291 ; 1.98669 ; -3.59515 ; 4.29639
2.89316 ; 2.29548 ; -0.566731 ; -0.94658
8.73962 ; 1.99443 ; -3.85761 ; 3.7642
2.6062 ; 2.05127 ; 1.58838 ; 0.869881
2.55378 ; 8.04126 ; 3.44009 ; -2.99575
5.93499 ; 3.88023 ; -3.32818 ; -3.70555
2.92249 ; 7.34658 ; -0.24937 ; -4.17734
8.7057 ; 2.2915 ; -1.51377 ; 2.90202
2.90597 ; 8.19831 ; -0.041128 ; -1.99325
8.72427 ; 1.94533 ; -2.21531 ; 3.00517
8.55157 ; 7.99342 ; 0.23663 ; -0.263385
5.47231 ; 2.58308 ; -5.16726 ; 2.04044
2.56531 ; 2.00003 ; 2.88177 ; 2.06785
2.8292 ; 8.21843 ; 0.542373 ; -2.24682
7.73539 ; 2.31462 ; 2.74225 ; 0.108202
8.57967 ; 7.91348 ; -4.7933 ; -5.92338
4.07796 ; 8.33568 ; -2.67092 ; -2.65283
8.69449 ; 2.34983 ; -0.296795 ; -0.638395
8.22554 ; 1.8754 ; -0.215713 ; 1.69024
2.96726 ; 1.95713 ; -0.586089 ; 0.61007
2.55328 ; 4.96425 ; 0.608871 ; -3.62581
7.61102 ; 2.2591 ; 3.00509 ; 0.036
4.51834 ; 2.26436 ; -3.59436 ; -1.2796
8.68167 ; 1.97616 ; -1.1658 ; 1.43954
3.82194 ; 4.27263 ; -3.17355 ; -4.27894
2.65789 ; 6.75696 ; 0.00358963 ; 1.46895
8.70498 ; 8.15466 ; -2.86025 ; -3.63841
8.86715 ; 2.43879 ; -1.52811 ; -0.699836
8.48951 ; 2.69166 ; 0.751509 ; -0.839706
7.72369 ; 2.03761 ; -1.00053 ; 0.322444
8.12743 ; 7.64607 ; -1.80503 ; 1.19
8.9138 ; 4.29822 ; -1.34156 ; -3.43427
8.58177 ; 8.10762 ; -0.955728 ; -2.89982
2.88505 ; 7.75683 ; -0.401626 ; -0.575863
2.65116 ; 1.93328 ; 1.27129 ; 1.6238
8.81293 ; 7.89354 ; -1.57141 ; -1.01479
7.16284 ; 2.27221 ; 2.99537 ; -1.21836
8.35272 ; 8.07772 ; 0.871041 ; -2.02998
7.77418 ; 6.31292 ; 1.54967 ; 0.255466
8.19692 ; 5.69358 ; 1.82071 ; -4.56794
2.60584 ; 8.08783 ; 3.22351 ; -3.42879
2.86112 ; 8.26025 ; 0.506793 ; -3.01168
5.09421 ; 2.81781 ; 0.0550795 ; -2.6364
8.14395 ; 2.56056 ; -0.920999 ; -0.521046
7.94738 ; 1.9999 ; -3.76942 ; 1.69587
5.39702 ; 2.19709 ; 4.53788 ; 3.22707
8.77007 ; 8.07454 ; -3.39408 ; -3.6462
3.47369 ; 6.39382 ; -2.71825 ; 3.70176
2.98237 ; 3.61303 ; -0.658851 ; 2.86672
6.64963 ; 1.89822 ; 3.99596 ; 0.767511
8.80245 ; 7.89829 ; -2.39238 ; -0.953483
2.66965 ; 8.17611 ; 2.05544 ; -3.43967
8.54413 ; 1.88684 ; -0.42135 ; 2.03129
6.49562 ; 2.92734 ; 2.34016 ; 0.0661098
8.57594 ; 5.76659 ; 0.838654 ; 2.96575
2.70025 ; 6.82125 ; -0.308457 ; 2.98993
2.68221 ; 1.86586 ; 1.77978 ; 2.87662
7.11044 ; 6.39172 ; 2.04568 ; -3.59484
2.60352 ; 7.47745 ; 2.30932 ; 1.39004
6.89704 ; 7.2078 ; -0.512701 ; 2.49941
8.81092 ; 6.92587 ; -0.505719 ; 2.83975
8.40647 ; 5.55647 ; 1.41006 ; -0.0693931
4.0376 ; 7.65814 ; -3.06729 ; 1.47752
8.91911 ; 7.66838 ; -1.94107 ; 0.555024
8.11752 ; 2.33178 ; -0.356018 ; -1.00735
4.68588 ; 8.15593 ; -3.93836 ; -0.814452
8.62049 ; 7.7908 ; 0.154554 ; 0.568305
8.67732 ; 1.90385 ; -1.58077 ; 2.422
2.77795 ; 2.63415 ; 1.91378 ; -1.92028
8.32595 ; 4.82103 ; -0.727327 ; 5.55134
2.47111 ; 7.3195 ; 1.55607 ; 1.71456
8.34115 ; 8.2652 ; 0.235499 ; -2.26664
3.47983 ; 7.46843 ; -2.45963 ; 1.54742
6.17584 ; 6.94149 ; 4.6288 ; 2.92219
4.8118 ; 6.16568 ; -3.11682 ; -5.44204
3.41346 ; 6.88565 ; -2.41127 ; 3.16912
2.75552 ; 5.34337 ; 0.765815 ; 3.62269
8.06174 ; 7.70605 ; -1.53734 ; -0.182897
2.61271 ; 2.00095 ; 4.29974 ; 3.83998
2.79714 ; 3.43523 ; -0.124477 ; 4.54683
3.00148 ; 7.4369 ; -0.682653 ; -2.7686
8.69424 ; 1.98982 ; -1.499 ; 2.43099
8.32174 ; 6.06883 ; -2.17286 ; 4.35379
2.67787 ; 8.17252 ; 2.04039 ; -3.61954
3.15402 ; 7.88418 ; 4.03032 ; -0.353153
7.6132 ; 2.66094 ; 2.51013 ; 0.745726
6.90521 ; 2.44268 ; 3.58122 ; -1.87151
2.56038 ; 8.01798 ; 1.8121 ; -1.29111
8.35213 ; 8.24156 ; 0.112985 ; -2.05619
8.66686 ; 8.12724 ; -1.19043 ; -1.66988
8.61287 ; 7.94704 ; -4.79416 ; -1.69932
8.74549 ; 2.55239 ; -0.548554 ; -1.42149
8.35353 ; 8.05147 ; -4.68988 ; -2.7733
7.95197 ; 7.8355 ; 2.27088 ; 0.882765
7.89459 ; 6.21813 ; -0.448477 ; 4.00104
8.58267 ; 2.14346 ; -2.72187 ; 0.600127
8.943 ; 4.40726 ; -1.55544 ; -2.69091
4.28544 ; 8.23766 ; -2.84671 ; -1.18047
2.56152 ; 7.80627 ; 1.20379 ; 0.175079
2.66011 ; 2.44434 ; 2.38512 ; 4.83091
2.63736 ; 2.07331 ; 5.24309 ; 3.67124
3.50257 ; 2.70341 ; -2.35002 ; -2.41475
7.95128 ; 3.26255 ; 1.08031 ; -3.43118
2.67539 ; 2.02109 ; 4.17823 ; 4.78742
5.65818 ; 4.7515 ; 4.03963 ; -1.6477
8.8033 ; 7.98924 ; -1.70151 ; -1.2571
8.71716 ; 7.6596 ; -2.44259 ; 0.230268
3.71288 ; 3.92516 ; 2.50099 ; 1.42204
8.19881 ; 2.46178 ; 1.29272 ; -1.37752
8.82258 ; 2.10377 ; -3.98171 ; 2.53413
2.45168 ; 2.55443 ; 1.70008 ; -1.45143
8.6818 ; 8.18689 ; -2.35931 ; -4.06294
2.69852 ; 4.92916 ; -0.326807 ; 2.2848
8.23642 ; 4.03592 ; -1.20282 ; -4.24322
8.38775 ; 8.02547 ; 0.873788 ; -0.216673
8.0287 ; 8.16914 ; 1.38587 ; -0.989922
5.56395 ; 6.03124 ; -4.19746 ; -0.0325075
4.04445 ; 5.13502 ; 4.38531 ; 5.41465
3.07495 ; 8.293 ; -0.210683 ; -2.78503
8.10892 ; 6.79103 ; -3.43444 ; -5.98798
5.04007 ; 3.37023 ; 5.75547 ; 4.28794
5.17583 ; 8.13302 ; 4.88028 ; -1.22471
8.75569 ; 8.11171 ; -3.28846 ; -3.84147
8.15796 ; 1.99876 ; 1.04299 ; 0.52909
7.75787 ; 3.36707 ; 2.38639 ; -2.33791
8.64073 ; 8.05165 ; -1.36482 ; -1.75548
4.23079 ; 2.52501 ; -1.58496 ; -1.67902
3.54441 ; 2.12654 ; -2.18772 ; -0.64096
2.53931 ; 8.05404 ; 3.33971 ; -2.58491
3.458 ; 3.16237 ; -2.35214 ; -0.0430582
4.78806 ; 6.12679 ; -2.64623 ; 3.98637
3.5893 ; 7.63577 ; 1.69688 ; 0.561753
2.7176 ; 2.3358 ; 1.47462 ; 4.69655
8.52875 ; 2.34814 ; 0.456036 ; -0.958902
8.81752 ; 2.02033 ; -2.60344 ; 1.91522
8.57909 ; 2.33095 ; -0.530751 ; -0.558304
3.17307 ; 5.39396 ; -1.53216 ; 1.24521
2.62131 ; 2.47043 ; 0.644448 ; -1.32646
2.86158 ; 7.9148 ; 1.84646 ; -0.360731
2.60398 ; 2.05866 ; 1.27165 ; 0.723073
8.2636 ; 1.84699 ; 0.666228 ; 1.60534
5.31848 ; 8.17408 ; 4.82909 ; -1.58545
7.6776 ; 7.60143 ; 1.84226 ; 0.472653
2.54532 ; 2.24285 ; 1.24584 ; 0.0108507
8.69556 ; 2.3928 ; -0.31321 ; -0.949683
2.62993 ; 4.12089 ; 0.145061 ; -4.36157
3.73955 ; 2.15021 ; -2.53764 ; -0.790303
8.74119 ; 2.00689 ; -3.71469 ; 3.81248
8.79701 ; 3.52249 ; -1.66575 ; 3.7827
2.54687 ; 8.03369 ; 4.14312 ; -2.75639
2.48776 ; 2.09421 ; 4.19454 ; 1.89506
8.32774 ; 2.41953 ; -6.31868 ; 6.49164
2.65807 ; 8.09833 ; 3.61485 ; -4.6242
2.81181 ; 4.65322 ; 0.477785 ; -5.11452
7.66638 ; 8.21614 ; 2.75845 ; -1.02943
2.61935 ; 1.98368 ; 4.0345 ; 3.99975
2.53205 ; 2.11078 ; 2.56353 ; 0.718231
2.74214 ; 7.94816 ; 5.08503 ; -5.40535
2.95318 ; 8.1509 ; 0.626777 ; -1.61394
6.93815 ; 7.62396 ; -4.72303 ; -3.20313
3.76578 ; 6.13596 ; -2.82955 ; -4.77303
8.64208 ; 1.88109 ; -1.9656 ; 3.75846
7.55786 ; 3.50195 ; 1.92295 ; -3.28318
8.01556 ; 1.91871 ; 1.66573 ; 3.22831
8.6066 ; 2.87599 ; 0.266173 ; -2.26447
3.59886 ; 2.56428 ; -1.07715 ; 3.46194
3.64525 ; 2.31468 ; -2.82247 ; 0.130457
2.83689 ; 1.80742 ; 0.533344 ; 3.05798
2.71464 ; 8.20954 ; 1.97253 ; -3.74575
2.57005 ; 1.95639 ; 3.41947 ; 3.12746
2.7467 ; 2.06814 ; 0.938113 ; 0.470405
2.54652 ; 1.96069 ; 2.94617 ; 2.46725
7.50915 ; 8.20116 ; 3.04345 ; -0.880742
8.76956 ; 2.03614 ; -4.22479 ; 3.26976
7.78811 ; 2.10637 ; 2.44299 ; -0.504014
8.76823 ; 7.5707 ; -0.605671 ; 0.521463
8.42292 ; 1.90925 ; 0.300115 ; 1.24859
7.26208 ; 1.79713 ; 2.94481 ; 1.44485
2.72625 ; 7.80256 ; 0.128855 ; 0.320081
8.62813 ; 2.47044 ; -0.201975 ; 0.67666
7.60873 ; 8.27556 ; 2.324 ; -1.53174
5.2888 ; 7.06824 ; -4.66311 ; 3.06452
2.70086 ; 5.67159 ; -0.372097 ; 3.40358
3.0075 ; 6.9952 ; -1.35772 ; 2.66213
7.25265 ; 1.96387 ; 2.39698 ; 0.61885
2.89408 ; 6.56924 ; -1.11981 ; 2.88459
3.26966 ; 6.56198 ; -2.08294 ; 2.45488
2.5802 ; 8.07124 ; 3.95159 ; -3.45043
4.02963 ; 8.25528 ; -2.78611 ; -1.29544
4.63568 ; 8.16526 ; -2.60248 ; -0.613556
2.91361 ; 1.80864 ; 0.747967 ; 2.91806
8.62556 ; 2.10019 ; -5.06255 ; 4.86429
2.9212 ; 6.89521 ; 3.09878 ; -2.00654
8.77652 ; 8.05692 ; -2.28561 ; -2.78087
6.53042 ; 7.08761 ; -4.00488 ; 2.75567
5.03691 ; 1.87154 ; -2.09989 ; 0.666933
2.80377 ; 7.98633 ; 0.369442 ; -1.37765
7.88313 ; 6.88017 ; -3.906 ; 3.32472
2.52365 ; 8.03628 ; 2.59127 ; -1.7419
8.61988 ; 2.12084 ; -4.67387 ; 5.32691
3.43221 ; 5.5726 ; -1.65694 ; -2.55176
7.92808 ; 7.64149 ; 2.12677 ; 1.52145
4.42796 ; 8.00837 ; -2.39232 ; 0.313105
2.48799 ; 7.94596 ; 2.60135 ; -1.03142
5.69195 ; 7.55397 ; 3.8411 ; 1.03058
5.21727 ; 7.81668 ; -3.87939 ; 0.973635
8.00441 ; 7.68967 ; -4.84265 ; -0.126526
2.63966 ; 7.99719 ; 4.24693 ; -4.47877
3.23123 ; 4.41906 ; -2.0999 ; -3.24049
2.74917 ; 7.04124 ; -0.401478 ; 2.45492
2.54257 ; 4.89023 ; 0.94515 ; 4.33439
8.06725 ; 8.27018 ; 1.31605 ; -1.82774
8.2635 ; 5.21973 ; 1.80344 ; -0.471635
8.66358 ; 1.9205 ; -1.33251 ; 2.34937
2.46109 ; 7.89372 ; 2.82916 ; -0.806582
8.8487 ; 8.0263 ; -3.19228 ; -2.30567
8.36748 ; 8.10756 ; 0.826589 ; -0.701769
8.01754 ; 8.24536 ; 0.947746 ; -1.65342
8.73018 ; 2.00919 ; -4.02562 ; 3.84103
2.77946 ; 2.18248 ; 5.11512 ; 5.74929
2.98125 ; 2.27637 ; 2.27205 ; -0.571643
7.47397 ; 2.44653 ; 1.85863 ; -1.71731
4.35429 ; 2.4998 ; -3.80062 ; -1.67786
2.71944 ; 8.14996 ; 3.01214 ; -3.60179
8.67825 ; 1.93114 ; -2.7639 ; 4.19752
6.75102 ; 8.00656 ; 4.12265 ; -0.0593575
3.01169 ; 8.06805 ; -0.783018 ; -0.488059
4.59633 ; 1.92414 ; -3.78376 ; 0.38068
5.92132 ; 3.13302 ; -2.61504 ; -2.73966
2.84075 ; 4.94781 ; 0.395019 ; 4.62499
6.95039 ; 2.57655 ; -2.00621 ; -1.82428
8.25751 ; 7.11625 ; 0.805868 ; -0.409646
2.79825 ; 2.16736 ; 5.56094 ; 5.45531
2.81407 ; 1.82735 ; 0.602767 ; 2.41136
7.19086 ; 6.84282 ; -4.84883 ; -4.85317
8.81558 ; 2.41407 ; -1.40944 ; 0.338988
3.30152 ; 2.72772 ; -1.78987 ; -1.06199
8.55213 ; 2.48168 ; 0.223372 ; 0.112335
5.66647 ; 7.94189 ; 5.04239 ; -0.0455422
3.14842 ; 2.92762 ; 2.35922 ; 5.42437
2.85095 ; 6.7258 ; 0.0561444 ; 2.65058
8.77774 ; 5.61767 ; -0.15579 ; 0.818558
5.35952 ; 2.05903 ; 4.22856 ; -0.202796
8.63883 ; 2.13408 ; -3.99209 ; 5.39276
8.6403 ; 2.08579 ; -4.83645 ; 4.89533
2.5599 ; 1.99297 ; 3.84509 ; 3.087
8.33788 ; 8.09344 ; -1.17704 ; -1.1369
4.05601 ; 2.94622 ; -2.75433 ; 0.421787
2.64947 ; 2.0106 ; 4.30308 ; 4.39373
8.40173 ; 8.11592 ; -2.56908 ; -2.05032
5.76627 ; 5.8986 ; 4.75144 ; -5.57766
8.59524 ; 7.94231 ; -5.32745 ; -5.16714
2.78197 ; 7.92977 ; 1.18457 ; -0.978336
2.37293 ; 4.34938 ; 2.06265 ; -0.148966
4.55086 ; 3.75072 ; 0.417322 ; -3.89496
8.67734 ; 1.89217 ; -2.03002 ; 3.3034
7.38843 ; 7.10375 ; -2.16807 ; 2.69907
8.61465 ; 2.03254 ; -1.09224 ; 0.934985
2.67825 ; 8.12233 ; 3.20109 ; -4.67087
8.01748 ; 1.7896 ; 1.75214 ; 2.23604
8.98205 ; 7.40517 ; -3.00817 ; 0.915577
2.62707 ; 6.82402 ; 0.784082 ; -2.67021
4.35873 ; 1.80271 ; 1.25909 ; 1.82107
7.61464 ; 7.99005 ; -3.94386 ; -0.580217
7.4711 ; 4.80213 ; 3.45142 ; 1.59216
2.68214 ; 6.56109 ; 0.157457 ; -1.23366
3.6988 ; 2.51301 ; -1.45688 ; -1.46157
6.66431 ; 5.56213 ; -2.21412 ; -4.60713
8.63861 ; 3.46447 ; -1.45034 ; 6.07628
3.72299 ; 6.33846 ; 3.42515 ; 4.08335
8.05929 ; 7.86231 ; 2.02228 ; 0.723209
5.49708 ; 5.44841 ; 5.42796 ; -4.40267
8.69841 ; 8.04342 ; -4.22762 ; -4.70703
2.58027 ; 8.0596 ; 4.02706 ; -3.57085
2.54134 ; 7.87142 ; 1.60325 ; -0.242598
8.68312 ; 2.06063 ; -3.58603 ; 4.71937
3.4957 ; 2.59639 ; -2.42564 ; 2.86632
4.192 ; 6.81133 ; 4.70917 ; 3.11624
3.09802 ; 7.41116 ; -0.947455 ; -2.31609
2.49276 ; 4.10855 ; 0.977311 ; 0.776559
3.13155 ; 5.91308 ; -1.31301 ; -5.03589
2.56964 ; 8.02639 ; 2.29665 ; -2.34177
8.70672 ; 2.07614 ; -2.08789 ; 0.996458
2.67477 ; 1.87708 ; 1.91983 ; 3.08985
4.37515 ; 7.70308 ; 5.3905 ; 0.855607
2.92699 ; 5.6671 ; -1.27691 ; 2.97549
6.0056 ; 8.02133 ; 2.86159 ; -0.723132
7.27207 ; 3.82536 ; 3.45258 ; 3.82039
2.73526 ; 4.91223 ; -0.329923 ; -4.74637
8.76227 ; 1.95648 ; -2.943 ; 3.06195
2.53291 ; 1.98782 ; 3.16883 ; 2.50622
7.60681 ; 7.3827 ; 2.83401 ; 1.94701
8.31874 ; 1.9302 ; 0.536573 ; 2.64536
8.67811 ; 1.95147 ; -1.3379 ; 1.88166
3.95189 ; 7.88912 ; -2.35837 ; 0.753767
8.64958 ; 3.07515 ; -2.27933 ; -2.41814
8.56488 ; 3.71205 ; 0.872696 ; -3.33705
5.49271 ; 8.09473 ; -4.41448 ; -0.527122
2.65156 ; 1.87806 ; 2.19618 ; 3.20563
2.65513 ; 1.94235 ; 2.81454 ; 4.23134
8.33867 ; 8.2904 ; 0.484885 ; -2.57312
2.70281 ; 7.99351 ; 4.8782 ; -4.89176
8.66844 ; 8.03545 ; -4.40973 ; -4.79553
7.37069 ; 3.53704 ; -2.59585 ; -3.99474
3.59723 ; 3.42297 ; -2.94442 ; -3.59338
2.53941 ; 6.4864 ; 1.55832 ; 3.58503
7.73357 ; 8.22585 ; 2.55438 ; -1.39355
8.69307 ; 2.00316 ; -1.20925 ; 1.39345
8.24433 ; 7.90934 ; -1.88154 ; -0.150648
8.64428 ; 1.91576 ; -1.49816 ; 2.20783
8.27819 ; 4.42019 ; 0.222437 ; -4.49871
7.82524 ; 3.72508 ; 1.99287 ; 1.22244
3.65249 ; 3.95335 ; -3.09159 ; -4.07802
2.64374 ; 7.28031 ; 0.0730294 ; 1.96642
8.62795 ; 2.11439 ; -0.336411 ; 0.520106
2.71089 ; 8.00205 ; 0.903114 ; -0.903826
8.53807 ; 2.79414 ; -0.201646 ; 4.34328
2.40554 ; 2.37253 ; 2.73485 ; -0.233575
2.54476 ; 1.98642 ; 2.57774 ; 1.96592
2.81121 ; 7.41903 ; -0.469748 ; 1.18809
3.08214 ; 1.94314 ; 1.74499 ; 1.41815
2.61163 ; 7.88682 ; 1.60029 ; -2.18679
2.58748 ; 2.03483 ; 4.56035 ; 3.41365
5.38936 ; 8.12587 ; 4.96111 ; -1.04235
5.87554 ; 4.04673 ; -3.49333 ; -4.45926
6.78646 ; 6.8025 ; 2.17534 ; 3.38629
3.53066 ; 1.7928 ; -2.30084 ; 1.86335
2.62701 ; 7.39592 ; 0.562706 ; 1.58253
8.71134 ; 2.03858 ; -4.51676 ; 4.07947
3.15512 ; 2.27726 ; -0.864211 ; 2.3353
3.50655 ; 6.08829 ; -2.46851 ; 3.90275
2.89196 ; 8.20796 ; 0.0972276 ; -2.32501
2.87972 ; 6.88882 ; 0.87338 ; -5.63967
2.50548 ; 2.94191 ; 0.833375 ; -2.29026
2.74125 ; 3.94706 ; 1.29699 ; 4.98144
3.16681 ; 2.07509 ; -1.04924 ; 0.386855
8.81209 ; 7.98126 ; -1.53846 ; -0.946066
8.81002 ; 2.02632 ; -2.49712 ; 1.93663
8.81708 ; 8.06125 ; -2.25585 ; -1.78695
5.41234 ; 8.16957 ; 4.83905 ; -1.4416
7.37387 ; 2.43479 ; -3.85216 ; -0.971876
8.90175 ; 7.78644 ; -1.96391 ; 0.0875653
2.78377 ; 8.23886 ; 1.04578 ; -3.21925
8.07798 ; 1.94895 ; 1.57134 ; 0.50108
3.88806 ; 8.22331 ; -3.02741 ; -1.35851
3.24286 ; 2.29893 ; -1.51219 ; -0.700166
8.65631 ; 8.03675 ; -0.431761 ; -0.957863
6.95325 ; 3.94895 ; 3.51864 ; -4.18535
7.8627 ; 3.21653 ; 2.63589 ; 3.25375
8.11102 ; 7.4564 ; -4.21951 ; -2.909
8.04203 ; 8.08773 ; -4.18886 ; -2.31598
2.49392 ; 2.03541 ; 3.40176 ; 1.93548
2.6711 ; 7.76385 ; 1.24124 ; -2.64973
8.20625 ; 7.42971 ; 1.69955 ; 2.01068
2.57219 ; 5.06135 ; 0.287958 ; -1.52875
3.49825 ; 7.8182 ; -2.28522 ; -3.1962
2.49019 ; 2.76646 ; 1.02386 ; -2.0318
8.74637 ; 2.16508 ; -0.94552 ; 0.18217
2.57604 ; 8.06929 ; 3.75927 ; -3.13839
2.96877 ; 2.63121 ; -1.07861 ; -1.72521
2.57338 ; 7.50933 ; 1.26654 ; -1.04367
5.27036 ; 2.13172 ; -2.54391 ; 1.96566
7.54681 ; 6.48268 ; -3.2739 ; 3.88474
3.58617 ; 1.84455 ; -0.334236 ; 1.34139
8.68552 ; 2.06236 ; -3.77604 ; 1.94171
8.31654 ; 2.45857 ; 1.37745 ; -1.5322
8.29881 ; 6.46155 ; -2.47682 ; -1.05295
8.55015 ; 8.08228 ; 0.0981975 ; -1.02476
8.76713 ; 5.86842 ; -0.260978 ; 4.26019
8.71244 ; 1.99647 ; -3.88838 ; 4.1121
2.62167 ; 1.92674 ; 2.18149 ; 2.2784
8.328 ; 2.94208 ; 1.26417 ; 0.479708
2.49264 ; 4.3587 ; 0.834187 ; 0.073386
3.79744 ; 4.31863 ; 2.50428 ; -4.41036
8.78885 ; 3.32036 ; -1.28315 ; -2.82975
7.78721 ; 7.38983 ; 1.34622 ; 2.05824
8.86534 ; 2.26107 ; -2.42593 ; 1.00814
2.7604 ; 2.36253 ; -0.0576963 ; -1.05464
3.88032 ; 8.31461 ; -2.02976 ; -2.09536
2.6674 ; 2.66415 ; 0.111198 ; -1.51489
8.24246 ; 8.16293 ; 1.15297 ; -2.85217
8.71454 ; 7.96336 ; -2.2247 ; -4.09869
3.03919 ; 6.79745 ; 0.0474923 ; -5.51195
2.85788 ; 6.49981 ; 0.0307778 ; -5.54928
7.29117 ; 7.52264 ; 2.59143 ; -2.86733
8.8478 ; 2.11788 ; -2.58548 ; 1.37761
2.86308 ; 6.10118 ; -0.988738 ; 4.05491
7.81282 ; 7.9414 ; 1.97678 ; 0.478082
2.98717 ; 8.1724 ; -0.433397 ; -2.11082
8.79487 ; 2.01623 ; -3.43676 ; 2.61224
8.72743 ; 7.30875 ; -1.09062 ; -3.2327
3.64728 ; 3.40422 ; -2.89422 ; 4.679
2.68346 ; 4.46284 ; -0.250089 ; -3.73386
3.45632 ; 3.59266 ; -0.995745 ; 3.66229
8.74152 ; 8.00411 ; -0.980794 ; -0.9311
3.44086 ; 6.08718 ; -2.51241 ; 4.18915
3.46888 ; 8.02268 ; 0.346711 ; -1.00737
8.73945 ; 2.05422 ; -3.27972 ; 2.51877
2.56018 ; 2.08278 ; 1.69658 ; 0.833707
8.3559 ; 8.08527 ; 0.740617 ; -1.07454
8.83051 ; 8.0685 ; -2.54554 ; -2.03319
7.67338 ; 2.98282 ; 3.07713 ; -2.68448
4.91028 ; 2.06856 ; 3.25293 ; 0.525706
2.88308 ; 5.56408 ; 1.78614 ; 1.85652
2.57288 ; 2.25644 ; 1.18856 ; -0.252201
8.37129 ; 8.30264 ; 0.0952781 ; -3.24441
6.10182 ; 2.22137 ; 0.0316563 ; -1.07755
8.57094 ; 8.23539 ; -0.568641 ; -2.43061
2.63051 ; 8.0155 ; 4.3218 ; -2.54939
6.2736 ; 6.69559 ; -5.32838 ; 2.78793
4.01914 ; 1.80371 ; -3.23653 ; 1.47253
8.76334 ; 1.97507 ; -3.25178 ; 3.25103
8.6891 ; 1.955 ; -1.30459 ; 1.71016
2.74881 ; 1.91759 ; 0.919016 ; 2.79189
8.34877 ; 2.44228 ; 1.0835 ; 0.815327
7.98845 ; 6.0329 ; 2.54685 ; 1.50499
6.04138 ; 8.23563 ; -1.86868 ; -1.22271
3.92766 ; 4.45241 ; -1.87165 ; 2.28041
5.6995 ; 8.10208 ; 1.13097 ; -0.255583
8.77901 ; 2.11016 ; -4.39732 ; 1.93582
8.23922 ; 8.31549 ; 0.97166 ; -2.77969
8.64886 ; 2.01778 ; -3.82123 ; 4.96128
8.63871 ; 8.20252 ; -1.99094 ; -4.36135
8.0152 ; 2.22881 ; 1.74254 ; 2.20977
7.51183 ; 4.72271 ; 3.47573 ; 3.11518
8.93632 ; 4.00403 ; -1.43561 ; -1.56552
4.31743 ; 7.56446 ; 3.29957 ; 1.65584
8.57594 ; 2.12269 ; -5.23615 ; 5.07553
2.54294 ; 2.70442 ; 2.29658 ; -2.0302
8.67929 ; 8.12863 ; -1.46528 ; -1.93693
8.71154 ; 8.19309 ; -2.11257 ; -3.40331
2.63324 ; 8.1627 ; 2.58577 ; -3.51154
2.68944 ; 4.16378 ; 0.13059 ; -4.21476
5.84215 ; 8.22761 ; -4.5099 ; -2.18886
8.77211 ; 7.56316 ; -0.686707 ; 0.230411
2.65226 ; 2.72406 ; 0.0642986 ; -1.91189
8.8189 ; 5.80689 ; -0.529579 ; 3.40193
8.88292 ; 7.78798 ; -2.76558 ; -0.00118518
5.74895 ; 8.24106 ; 4.60629 ; -2.27669
5.31927 ; 4.53134 ; 0.033638 ; -4.84779
8.67621 ; 7.8085 ; -1.07732 ; -3.20412
8.73868 ; 3.46288 ; 0.0424299 ; -2.84598
7.25801 ; 5.09482 ; 2.81534 ; 3.08465
8.79158 ; 3.83033 ; -0.463741 ; 0.151679
8.85736 ; 8.01768 ; -3.58321 ; -2.15552
2.65204 ; 8.15181 ; 2.79739 ; -3.97252
2.6698 ; 5.67695 ; -0.210874 ; 2.17464
4.29601 ; 2.04124 ; -3.36637 ; -0.364486
7.21825 ; 2.21556 ; -4.8551 ; -0.370295
2.48071 ; 7.91741 ; 3.21553 ; -1.67603
3.11324 ; 7.82557 ; -0.89431 ; 0.539331
2.78867 ; 6.76727 ; -0.466358 ; 1.12337
2.64621 ; 1.89829 ; 2.16088 ; 2.67077
6.99619 ; 2.0035 ; -0.357245 ; 1.56888
8.63073 ; 7.95701 ; -5.13185 ; -5.0487
3.00439 ; 2.03664 ; -0.92879 ; 0.181434
7.94062 ; 4.92419 ; -0.415114 ; -1.68107
8.78826 ; 8.07459 ; -3.31306 ; -3.34131
2.44344 ; 7.82474 ; 3.76013 ; -1.11289
3.23696 ; 2.09019 ; -1.73805 ; -0.0478905
2.71805 ; 7.58606 ; 1.14939 ; -3.65911
4.0979 ; 3.15217 ; -2.0285 ; 2.28821
2.79482 ; 8.20888 ; 1.49153 ; -2.81725
8.55894 ; 1.96276 ; -0.884682 ; 1.42502
2.72304 ; 3.56385 ; 0.126801 ; 1.15918
2.63009 ; 2.00696 ; 4.36941 ; 4.07465
3.06311 ; 8.15373 ; -0.761241 ; -2.87694
2.88427 ; 1.94767 ; -0.0364296 ; 2.56886
8.66665 ; 1.93937 ; -2.77904 ; 4.36798
6.54231 ; 2.9232 ; 4.39683 ; -2.33786
8.55252 ; 6.71096 ; 0.242949 ; -4.32831
4.89593 ; 6.38838 ; -3.93183 ; 2.63262
2.69265 ; 2.76183 ; -0.16397 ; -2.03118
5.06728 ; 3.80288 ; 5.858 ; 3.2964
4.49007 ; 1.97149 ; -3.98224 ; 0.744862
6.67995 ; 2.69776 ; -5.79478 ; -0.572202
3.14366 ; 3.12886 ; 1.10897 ; 4.04507
8.83307 ; 5.13577 ; -0.647677 ; 2.6779
2.84279 ; 7.82228 ; 0.822608 ; 0.312236
2.49282 ; 5.42748 ; 0.880728 ; 2.93207
4.07888 ; 2.52157 ; -0.570875 ; -1.50955
7.79016 ; 7.88272 ; 2.20746 ; 0.688399
3.87563 ; 2.23075 ; -0.844958 ; -0.947911
8.7886 ; 8.12262 ; -3.07398 ; -3.21796
3.7208 ; 2.38633 ; -1.90182 ; -1.50164
3.77087 ; 7.54092 ; 1.38487 ; 0.923309
7.85298 ; 7.58025 ; 0.578343 ; -0.151475
8.14185 ; 8.08765 ; 1.68275 ; -0.748724
2.44742 ; 7.85367 ; 3.44051 ; -1.14795
4.08148 ; 2.02869 ; -3.06939 ; 0.41064
3.52114 ; 7.76825 ; -2.45281 ; 0.109637
3.10957 ; 2.36053 ; -1.40076 ; -1.34363
7.99032 ; 8.18277 ; 0.16405 ; -1.26271
3.10532 ; 3.67986 ; -1.65417 ; 1.75312
4.84766 ; 7.91535 ; 4.3512 ; -0.766211
7.44326 ; 2.20978 ; 2.78659 ; -0.166726
7.91897 ; 2.54559 ; 0.78679 ; -0.984728
8.70118 ; 2.06381 ; -4.88107 ; 3.9089
3.15027 ; 7.19275 ; -1.52629 ; 0.867495
2.98216 ; 7.88226 ; -0.907139 ; 0.300739
8.85146 ; 2.16882 ; -2.08459 ; 0.73207
7.00403 ; 7.22602 ; 4.11633 ; 1.45882
4.39904 ; 2.12001 ; 1.50931 ; 0.635896
7.95912 ; 4.58273 ; 2.22707 ; -3.58787
3.28107 ; 2.97566 ; -1.94047 ; 0.791112
2.92872 ; 4.28946 ; -1.20738 ; -1.17455
8.5791 ; 7.97646 ; -0.413256 ; -1.4073
8.27991 ; 2.14787 ; 1.10396 ; -0.34921
8.51683 ; 2.7258 ; -0.695168 ; 5.66321
3.04196 ; 2.58907 ; 0.762225 ; 5.2632
8.71641 ; 1.99141 ; -3.85683 ; 3.64593
8.72154 ; 2.03621 ; -4.46873 ; 3.7228
2.53856 ; 8.02244 ; 3.91664 ; -2.52657
2.62336 ; 8.12398 ; 2.48738 ; -3.40294
8.68407 ; 7.94629 ; -1.41636 ; -3.48025
8.58891 ; 7.42686 ; -2.3819 ; 0.897331
3.84828 ; 2.01853 ; 4.57009 ; 1.09632
4.29718 ; 7.0274 ; 3.49019 ; 3.04096
7.39436 ; 8.16814 ; 3.24286 ; -0.967473
7.97608 ; 2.16201 ; -0.284978 ; -0.331809
2.77112 ; 7.92056 ; 5.38054 ; -5.50142
3.71005 ; 1.9434 ; -2.34352 ; 0.246876
7.24411 ; 5.14043 ; 3.79929 ; 4.56881
8.12698 ; 4.94117 ; 2.22279 ; -4.5154
8.58839 ; 7.75455 ; 0.254221 ; 0.56252
8.55851 ; 2.15704 ; -0.621057 ; 3.63382
3.54785 ; 2.05077 ; 2.22099 ; 0.420183
8.64306 ; 8.1034 ; -1.24653 ; -1.56605
2.64182 ; 7.03051 ; 2.01435 ; -5.20749
2.55184 ; 6.60402 ; 1.43637 ; -3.25791
8.76741 ; 2.04945 ; -4.48202 ; 3.09897
2.55202 ; 8.06627 ; 3.01531 ; -2.31273
7.12605 ; 7.34525 ; 3.38504 ; 2.38772
3.24247 ; 2.07214 ; 4.45752 ; 1.06072
6.83931 ; 1.75924 ; 3.37036 ; 2.34057
8.89376 ; 7.86419 ; -2.47719 ; -0.389438
8.62483 ; 4.54794 ; -0.187114 ; 3.58475
8.62391 ; 7.53012 ; 0.364307 ; 1.37548
5.45441 ; 7.7834 ; -0.433855 ; 1.15414
2.90731 ; 2.72926 ; -0.918728 ; -2.26005
5.14078 ; 7.03746 ; -5.04156 ; -2.73182
8.03252 ; 8.03031 ; 2.0107 ; -0.0224574
8.33087 ; 7.73171 ; -1.42193 ; -4.7151
2.6694 ; 2.05029 ; 4.83827 ; 4.36145
2.89133 ; 6.69791 ; -0.695237 ; -1.51877
2.76359 ; 8.15967 ; 2.87246 ; -3.59638
8.85966 ; 2.1229 ; -3.09615 ; 1.62718
7.96203 ; 8.21385 ; 1.98799 ; -1.17918
2.5635 ; 8.08778 ; 3.15847 ; -3.00323
7.36382 ; 7.72103 ; 2.7481 ; -2.87797
8.05379 ; 1.91069 ; 1.37207 ; 0.946829
8.37587 ; 2.27344 ; 0.60833 ; -0.749253
2.89098 ; 6.80817 ; -0.336885 ; -4.86759
4.68161 ; 7.93488 ; -4.10768 ; 0.498924
2.81906 ; 2.07979 ; 0.083482 ; 0.108958
7.01754 ; 6.76825 ; 1.84248 ; -4.49113
2.76465 ; 7.95965 ; 5.35826 ; -5.05423
5.82457 ; 3.02141 ; 2.99545 ; -2.90183
8.6496 ; 8.0007 ; -4.85013 ; -4.81781
8.53025 ; 7.86621 ; -5.68301 ; -5.61066
2.70232 ; 1.87054 ; 1.57825 ; 3.37202
8.61784 ; 8.15722 ; -0.973948 ; -1.877
2.89783 ; 8.07501 ; 2.80252 ; -1.82008
7.95596 ; 4.97864 ; 2.28317 ; -4.64576
3.46797 ; 2.17114 ; 3.85027 ; -0.0594894
8.47555 ; 2.32905 ; 0.71477 ; -0.924536
2.64551 ; 2.28694 ; 0.480268 ; -0.322309
3.20515 ; 7.53149 ; -0.545857 ; 1.27939
8.7299 ; 2.54805 ; -1.59043 ; -0.69551
7.87571 ; 4.49555 ; 2.79799 ; 2.9498
8.67996 ; 8.11651 ; -1.62688 ; -1.76293
2.51354 ; 2.01564 ; 3.37787 ; 2.17777
3.22569 ; 6.28833 ; -2.02973 ; 3.44172
8.78189 ; 8.04312 ; -4.26619 ; -3.44036
8.67064 ; 3.03752 ; -1.60264 ; 5.26348
7.16041 ; 2.27076 ; -0.451029 ; -1.04228
4.72785 ; 6.80155 ; -3.07146 ; 0.794422
8.72472 ; 7.30476 ; -0.506407 ; 2.11403
8.71184 ; 1.9733 ; -1.95386 ; 1.87361
3.09071 ; 4.39207 ; 1.64139 ; -4.94636
8.86327 ; 7.97189 ; -2.61446 ; -1.6078
8.14897 ; 2.0318 ; -0.729815 ; 0.540349
8.36644 ; 6.00735 ; 1.53771 ; 1.95902
2.73005 ; 3.21398 ; -0.236754 ; -3.25045
2.64609 ; 8.02667 ; 4.782 ; -4.21533
2.54856 ; 8.05972 ; 3.15069 ; -2.72982
2.71928 ; 2.08622 ; 4.9666 ; 5.03534
2.59476 ; 2.01756 ; 1.70228 ; 1.29228
8.08001 ; 5.24596 ; 2.35443 ; -3.44218
8.64943 ; 6.29668 ; -0.411202 ; 2.92154
7.57204 ; 6.77552 ; 1.53742 ; -1.57516
2.53949 ; 6.54728 ; 0.746101 ; 3.02929
2.60471 ; 2.39358 ; 0.642894 ; -0.631829
2.6128 ; 8.04652 ; 3.14729 ; -3.90015
8.64987 ; 2.07154 ; -4.83269 ; 4.53355
5.87359 ; 2.36658 ; -0.887046 ; -1.52957
2.60635 ; 2.14104 ; 1.579 ; 0.693936
3.3944 ; 2.00173 ; 1.17796 ; 0.669015
4.52308 ; 6.77996 ; -4.1819 ; -3.91576
4.36724 ; 2.16655 ; -3.26162 ; -0.894541
6.56752 ; 3.53702 ; 2.57315 ; 5.10549
8.47805 ; 4.74205 ; 0.287066 ; -4.61639
4.38141 ; 1.83078 ; -2.73185 ; 1.03035
2.99016 ; 8.03506 ; 2.90154 ; -1.34481
6.56133 ; 8.17349 ; 4.39426 ; -0.892554
3.71305 ; 7.45632 ; -2.97013 ; 1.71207
8.61145 ; 2.11907 ; -4.90641 ; 5.23584
2.81098 ; 5.48056 ; 1.6539 ; -3.07522
3.52546 ; 3.1345 ; 3.12509 ; -3.22921
2.88621 ; 2.12857 ; -0.557706 ; -0.221519
8.73007 ; 8.07998 ; -3.96787 ; -4.11017
2.69721 ; 7.91389 ; 1.7459 ; -1.46392
6.27806 ; 7.64983 ; -5.06859 ; 1.11997
2.92402 ; 8.02583 ; -0.518376 ; -0.348973
8.35818 ; 7.68868 ; 0.045267 ; 0.800178
6.30704 ; 1.85571 ; -3.3932 ; 1.56833
8.0081 ; 3.90254 ; 2.5145 ; -3.10729
7.68658 ; 5.71415 ; 2.77072 ; 4.64034
8.60263 ; 2.18765 ; -3.80985 ; 5.96978
7.07917 ; 2.73863 ; 3.05279 ; -2.16354
8.94969 ; 2.65782 ; -2.48094 ; -0.724085
8.68707 ; 8.13136 ; -2.60788 ; -4.57244
7.72766 ; 6.85969 ; 2.8122 ; 3.23269
8.33832 ; 5.33094 ; 1.3659 ; -4.57747
2.93211 ; 8.07814 ; 1.49844 ; -1.23168
8.46622 ; 5.25417 ; 1.18132 ; 4.22249
8.51694 ; 4.97127 ; 1.00549 ; -1.46859
2.56915 ; 1.97373 ; 3.59772 ; 2.99216
2.65738 ; 4.35347 ; -0.118733 ; -2.6416
2.70657 ; 2.66065 ; 2.50101 ; -1.66366
8.31418 ; 8.17175 ; 0.930295 ; -1.59039
2.76183 ; 7.93762 ; 1.43888 ; -4.91173
8.15868 ; 6.43787 ; -2.13418 ; 3.29626
8.61375 ; 2.31052 ; -0.963963 ; -0.535445
6.22812 ; 7.01487 ; 0.688738 ; 2.06114
7.84318 ; 6.97877 ; 2.76822 ; 1.7875
2.86892 ; 8.20033 ; 0.163322 ; -1.86795
2.78778 ; 2.00799 ; 0.522021 ; 1.47697
4.7145 ; 8.06448 ; -1.05584 ; 0.0148456
8.24686 ; 8.31296 ; 0.27441 ; -3.49286
4.95774 ; 2.23008 ; -3.53486 ; 3.77733
6.87281 ; 8.04772 ; -4.88168 ; -0.831298
8.27115 ; 2.69301 ; 1.61848 ; -1.98059
2.49625 ; 7.97443 ; 3.47658 ; -1.65787
8.30975 ; 2.08108 ; 1.08694 ; 0.121731
8.47408 ; 2.44539 ; -4.78025 ; 1.40489
8.8783 ; 2.15817 ; -3.11755 ; 0.934548
3.02367 ; 2.38764 ; 1.60267 ; 4.99854
5.63436 ; 7.79516 ; 5.45156 ; -1.33726
2.72132 ; 8.1932 ; 2.26412 ; -4.19572
8.66304 ; 2.05932 ; -4.55149 ; 4.77653
2.65369 ; 8.08972 ; 3.55439 ; -4.53125
7.33115 ; 6.18247 ; 0.65225 ; 3.91052
6.58308 ; 6.0636 ; 4.58811 ; -3.4566
2.43679 ; 6.11529 ; 1.6975 ; 3.91097
2.56894 ; 2.11137 ; 1.87672 ; 1.67865
8.8318 ; 2.04448 ; -2.98871 ; 1.90579
5.34553 ; 7.67687 ; 4.12745 ; 1.3158
4.38229 ; 2.59917 ; 5.26903 ; -1.05728
8.77612 ; 1.98506 ; -3.41183 ; 3.02788
8.64775 ; 2.05837 ; -4.41028 ; 4.94992
8.41022 ; 1.80206 ; -0.269108 ; 3.02646
8.57336 ; 8.21325 ; -1.00835 ; -2.48233
3.71255 ; 7.83411 ; 0.516032 ; 0.663007
3.01322 ; 3.0423 ; -1.3503 ; -1.0767
8.92591 ; 7.30545 ; -1.54835 ; 1.8629
5.74957 ; 5.17933 ; -5.04491 ; 1.30246
7.73652 ; 8.12074 ; -4.19383 ; -2.4054
8.88306 ; 5.91781 ; -1.25504 ; 4.10086
8.80291 ; 8.09719 ; -3.36426 ; -3.14907
2.47664 ; 7.83645 ; 2.24283 ; -0.537079
3.20291 ; 7.8063 ; -1.65223 ; 0.806691
2.74074 ; 7.83284 ; 0.381864 ; -0.327235
2.44414 ; 2.30111 ; 2.06522 ; -0.27505
8.69082 ; 7.54514 ; -0.897611 ; -3.02147
7.0232 ; 4.08606 ; 4.18807 ; -4.13001
4.89807 ; 8.26193 ; -4.08125 ; -1.84014
2.41368 ; 2.29408 ; 3.71317 ; 0.396918
7.8458 ; 1.95527 ; 2.1492 ; 0.341099
2.67753 ; 3.87392 ; -0.189054 ; -3.44308
2.61671 ; 8.08907 ; 3.75141 ; -3.53271
8.58379 ; 2.85114 ; -0.960448 ; 5.59435
2.73752 ; 2.12434 ; 1.38798 ; 4.20794
2.64176 ; 7.46428 ; 1.22004 ; 1.29495
7.57431 ; 6.04743 ; -3.57111 ; -0.335963
2.80581 ; 7.24344 ; -0.0649667 ; 0.739886
2.68104 ; 8.16638 ; 1.72515 ; -2.60961
2.73957 ; 2.74439 ; 0.0565457 ; 0.114869
3.91324 ; 6.27208 ; 1.91577 ; 4.19179
8.80742 ; 2.01227 ; -3.455 ; 2.69655
8.80487 ; 7.87549 ; -1.1314 ; -0.152636
3.72673 ; 7.93903 ; -1.64197 ; -0.362468
8.48249 ; 8.00074 ; -5.45762 ; -3.29292
3.02372 ; 7.66838 ; 4.04424 ; 0.786298
5.02212 ; 2.00208 ; 5.30717 ; 0.715065
2.58123 ; 5.98013 ; 0.221035 ; 2.17238
6.38686 ; 7.55065 ; -4.19396 ; 1.82748
2.50145 ; 7.35086 ; 1.262 ; 0.766551
2.92963 ; 5.16195 ; 3.90516 ; -3.95823
3.19588 ; 4.18839 ; -1.98348 ; -4.38971
3.05745 ; 8.04044 ; -0.815059 ; -1.49071
3.27089 ; 5.06308 ; -2.03238 ; -2.75874
5.70459 ; 1.88094 ; -3.8693 ; 1.0964
8.60619 ; 2.09009 ; -4.73671 ; 5.13324
3.40416 ; 7.63016 ; -0.159818 ; 1.36354
8.27424 ; 2.93096 ; -4.51321 ; 0.689949
8.69274 ; 8.19947 ; -1.55602 ; -2.76755
2.58659 ; 2.60031 ; 2.29875 ; -1.7329
8.85543 ; 2.17752 ; -2.46201 ; 1.17775
3.42209 ; 4.47983 ; 0.371228 ; 2.62057
4.00954 ; 2.06027 ; -3.07081 ; -0.437873
8.74057 ; 7.82452 ; -1.5036 ; -2.68577
8.9055 ; 7.35171 ; -1.60845 ; 1.86696
8.722 ; 7.92624 ; -4.18954 ; -1.37437
5.24803 ; 6.38084 ; 4.83125 ; -4.61619
8.26611 ; 3.55109 ; 1.7152 ; -3.31517
8.70321 ; 8.14497 ; -2.10472 ; -2.53745
2.67317 ; 8.03667 ; 4.70931 ; -4.12134
5.619 ; 2.66194 ; 0.694502 ; -2.35699
2.71577 ; 2.18726 ; 0.388219 ; -0.295228
8.67891 ; 1.90028 ; -1.9209 ; 2.92431
2.69906 ; 2.05907 ; 4.64619 ; 4.96815
7.81696 ; 3.1972 ; 2.73983 ; -3.28037
8.05262 ; 8.27732 ; 0.770032 ; -2.06298
2.60754 ; 6.4352 ; 1.28045 ; 3.76489
3.61809 ; 7.81778 ; 2.51641 ; 0.440462
6.15241 ; 2.25411 ; -1.12616 ; -1.0755
8.50862 ; 2.12006 ; 0.0137014 ; 1.43229
2.48048 ; 7.38332 ; 1.29415 ; 1.25077
7.06491 ; 2.16346 ; 3.89774 ; 1.44122
7.50656 ; 8.06264 ; 3.24914 ; -1.68911
2.86715 ; 8.14046 ; 0.326074 ; -1.35101
5.83757 ; 6.56356 ; 2.78249 ; 1.92286
5.26155 ; 6.15865 ; -4.912 ; 3.97529
8.67845 ; 6.89053 ; -0.945956 ; -4.82458
8.43088 ; 2.27348 ; 0.582417 ; -0.729258
8.398 ; 2.27589 ; 0.160037 ; -0.609115
2.95799 ; 6.75507 ; -1.09477 ; -0.635718
5.39697 ; 2.2394 ; 5.81621 ; 2.4419
4.33557 ; 7.51379 ; -0.907331 ; 1.81071
8.76917 ; 1.97628 ; -2.61777 ; 2.6314
8.1959 ; 4.05817 ; 1.89666 ; -4.38891
4.13114 ; 7.29178 ; 1.96599 ; 2.39091
2.46748 ; 7.87802 ; 2.84327 ; -1.15327
2.88577 ; 7.29668 ; 1.37467 ; 2.12714
3.15976 ; 8.02522 ; -1.26827 ; -0.543607
8.72869 ; 7.30348 ; -0.237203 ; 0.771524
3.14054 ; 7.93763 ; -1.24502 ; 0.147897
7.69728 ; 2.1156 ; 2.76277 ; -0.303717
7.27418 ; 2.27836 ; -1.74057 ; -0.931316
8.63242 ; 1.90718 ; -1.03719 ; 2.04549
3.51521 ; 1.97174 ; -2.0982 ; 1.57305
4.04772 ; 7.26766 ; 5.43786 ; -3.59038
7.81844 ; 6.64294 ; 1.22981 ; -3.07878
2.78443 ; 2.83144 ; -0.498569 ; -2.48344
8.91618 ; 2.40272 ; -2.84319 ; 0.452846
2.82778 ; 1.90087 ; 0.154798 ; 1.75752
8.58033 ; 6.57995 ; -0.330332 ; 0.453051
6.78171 ; 7.71935 ; 0.34095 ; 1.10657
2.43171 ; 7.57558 ; 1.99344 ; 0.772598
8.42989 ; 1.89917 ; -1.32248 ; 2.09558
8.77574 ; 8.08463 ; -1.76379 ; -1.89856
2.6848 ; 7.51045 ; 2.33291 ; 0.96738
6.50585 ; 6.18627 ; 4.48263 ; 3.38422
8.08882 ; 2.02985 ; 1.59221 ; 0.0769945
2.96649 ; 7.11765 ; 0.918781 ; 1.90188
2.75349 ; 1.93039 ; 0.83939 ; 1.65174
5.13408 ; 2.6544 ; -3.00508 ; -2.18695
8.84478 ; 7.48208 ; -0.978079 ; 1.2183
8.50936 ; 8.10182 ; -3.86635 ; -3.46878
8.46912 ; 1.86945 ; -0.974733 ; 2.30774
8.42534 ; 7.30663 ; -1.63991 ; -3.31445
4.41078 ; 2.4284 ; -2.74383 ; -1.57069
2.78241 ; 1.90802 ; 1.01813 ; 3.87872
8.18331 ; 7.21826 ; 1.99394 ; 2.26604
8.73475 ; 2.00286 ; -3.91904 ; 3.88963
2.84658 ; 1.96589 ; -0.134071 ; 1.00005
2.8208 ; 1.83963 ; 0.681611 ; 2.27086
3.7819 ; 5.76957 ; -1.40656 ; -5.21031
2.5912 ; 7.54925 ; 0.705137 ; 1.01874
7.13382 ; 3.01554 ; -3.91559 ; -3.11279
2.68063 ; 8.19599 ; 1.81326 ; -3.15107
2.79902 ; 8.2265 ; 1.19591 ; -2.84799
8.34366 ; 6.42505 ; 1.32217 ; -0.125749
3.04148 ; 2.06289 ; -0.92156 ; 0.469622
8.63832 ; 1.95392 ; -2.42371 ; 4.72041
8.73794 ; 1.9405 ; -2.37203 ; 2.59265
2.69542 ; 8.08615 ; 0.926557 ; -1.36026
8.85123 ; 3.04165 ; -0.824828 ; -2.07086
8.74452 ; 1.94082 ; -2.36346 ; 2.76499
8.72778 ; 2.09976 ; -1.43643 ; 1.693
6.87135 ; 7.8543 ; 4.29185 ; 0.334962
8.84934 ; 2.09582 ; -3.12309 ; 1.84678
3.93697 ; 7.05817 ; 3.38503 ; 2.80396
8.11455 ; 6.12454 ; -1.25258 ; -4.13326
8.50266 ; 7.00967 ; -1.71616 ; 1.32154
8.67939 ; 8.09074 ; -0.740628 ; -1.32664
2.63225 ; 8.10464 ; 1.42669 ; -1.67773
8.8082 ; 7.87971 ; -1.86102 ; -0.742028
2.64615 ; 8.04319 ; 2.07103 ; -1.48414
2.64275 ; 2.85131 ; 0.218595 ; -1.25576
8.64597 ; 8.20702 ; -1.49287 ; -2.81455
8.0696 ; 6.46583 ; -3.948 ; 2.79341
6.78298 ; 7.56735 ; -2.74462 ; -4.15954
8.40414 ; 4.94126 ; 0.535227 ; 0.837293
7.94449 ; 7.46175 ; 2.17636 ; 1.85127
5.43257 ; 4.19379 ; -3.78472 ; -4.74577
8.78703 ; 1.99588 ; -3.08277 ; 2.67014
8.12283 ; 6.45434 ; 0.0579445 ; 3.44555
8.63788 ; 8.07836 ; -0.618001 ; -1.10394
7.6356 ; 7.75034 ; -3.85914 ; 0.800711
7.08175 ; 6.74141 ; 2.43317 ; 3.50971
8.66526 ; 1.99982 ; -1.05556 ; 1.77646
8.48251 ; 4.64364 ; -0.501921 ; -4.14691
8.59382 ; 2.21737 ; -2.3333 ; 5.85318
8.5039 ; 2.22449 ; -5.55854 ; 5.84064
2.76813 ; 7.87242 ; 0.00667751 ; -0.0692126
7.5134 ; 5.71659 ; 3.16175 ; 1.14748
8.46802 ; 8.26502 ; -0.734278 ; -3.17763
3.35654 ; 8.02556 ; -1.79446 ; 0.0152681
7.91787 ; 8.00294 ; 2.178 ; 0.192347
3.28946 ; 7.58615 ; -1.17045 ; 1.48737
8.18404 ; 1.81346 ; 1.23327 ; 2.37247
7.12875 ; 2.12625 ; 2.72204 ; -0.458746
8.78452 ; 7.82032 ; -1.6119 ; -0.477405
2.6721 ; 3.12994 ; -0.162917 ; -2.21935
2.58782 ; 2.22623 ; 1.04178 ; -0.254931
3.77684 ; 8.23793 ; 0.797499 ; -1.85931
8.73505 ; 6.73046 ; 0.0615336 ; 2.74011
7.46272 ; 2.08793 ; 2.43699 ; -0.479735
3.15301 ; 3.50116 ; 1.81997 ; 6.12456
3.01315 ; 2.36505 ; -0.96777 ; -1.23941
8.18752 ; 7.8232 ; -2.01453 ; 0.32198
2.76484 ; 6.97505 ; 0.295083 ; -4.04283
8.82388 ; 2.05921 ; -2.59847 ; 1.65121
2.44026 ; 2.87187 ; 1.41976 ; -1.9461
5.13749 ; 3.43744 ; -1.35861 ; -3.75219
6.7852 ; 8.09445 ; -5.2368 ; -1.58916
2.50194 ; 7.39383 ; 1.37356 ; 1.59788
8.7477 ; 8.1513 ; -2.82375 ; -3.57857
8.63996 ; 8.21026 ; -1.82909 ; -4.24475
2.64176 ; 1.95954 ; 3.48117 ; 4.27448
2.44803 ; 4.83594 ; 2.11606 ; -4.4411
2.71743 ; 1.89212 ; 2.53845 ; 3.4949
2.82543 ; 7.89212 ; 5.7842 ; -5.46415
7.77258 ; 8.23663 ; 2.47528 ; -1.20975
3.22576 ; 8.23707 ; -1.34186 ; -1.71796
8.58841 ; 2.23987 ; -0.0859447 ; -0.368037
7.79276 ; 7.49007 ; 2.76193 ; 2.02458
2.4936 ; 2.28176 ; 1.62509 ; -0.333882
2.76082 ; 2.32566 ; 3.85933 ; -0.0409563
7.57102 ; 2.57261 ; 3.08078 ; -0.843298
4.72539 ; 5.57517 ; 4.8622 ; -5.66407
7.94414 ; 3.43743 ; -1.93506 ; -0.748537
2.89477 ; 2.239 ; 6.26219 ; 5.49107
7.31203 ; 2.46115 ; -5.75047 ; -0.638658
8.55692 ; 7.57615 ; -0.434581 ; -3.58128
7.81008 ; 1.90478 ; 2.22267 ; 0.628875
8.04914 ; 7.92212 ; 1.627 ; -0.240692
2.74116 ; 2.17374 ; 0.567132 ; 2.2882
8.05953 ; 1.89731 ; -2.0935 ; 2.21869
2.71639 ; 1.84843 ; 1.4101 ; 3.0136
8.70834 ; 1.94285 ; -2.69758 ; 3.71239
2.61045 ; 4.70397 ; 1.15569 ; 5.40862
3.80924 ; 1.7988 ; -2.36181 ; 1.40271
6.51435 ; 7.03101 ; 4.18055 ; 2.52472
3.43801 ; 3.09679 ; -2.1693 ; 1.57293
7.17352 ; 2.56661 ; 3.91801 ; 3.6957
2.71651 ; 2.4849 ; -0.0275081 ; -0.967218
3.13046 ; 8.1659 ; -1.0292 ; -1.72486
2.84995 ; 7.20781 ; -0.418631 ; 2.21682
8.63989 ; 6.72207 ; -0.611562 ; 3.33605
2.83814 ; 8.12152 ; 0.084342 ; -1.21181
2.99536 ; 2.3315 ; -0.642224 ; -0.730747
2.56324 ; 2.07234 ; 4.38649 ; 3.14532
7.95833 ; 7.92445 ; 1.72994 ; 0.499317
2.63945 ; 2.02408 ; 4.64281 ; 3.83497
6.52778 ; 7.38589 ; 3.05925 ; -0.186372
3.14006 ; 2.05392 ; -1.15624 ; 0.560405
2.82252 ; 2.85586 ; -0.264887 ; -0.908744
2.76282 ; 2.46686 ; 4.0662 ; -0.851212
6.55243 ; 1.90964 ; 3.45842 ; 0.431418
2.57977 ; 2.00733 ; 3.94491 ; 3.4757
2.63455 ; 6.83574 ; 0.933841 ; -3.41331
2.64931 ; 8.04482 ; 1.53837 ; -2.30134
2.52289 ; 7.82012 ; 1.64705 ; -0.255685
4.00983 ; 3.64762 ; 0.0542744 ; 2.1663
4.31391 ; 7.38123 ; -3.74752 ; -3.16812
2.85427 ; 2.01266 ; -0.0242558 ; 0.467999
6.2921 ; 5.898 ; -4.40766 ; 1.54185
8.74985 ; 3.06586 ; -1.11322 ; -2.45152
3.75867 ; 2.10392 ; -3.02891 ; 2.43777
8.64993 ; 2.03183 ; -4.37912 ; 4.45377
7.99486 ; 7.76752 ; 1.98517 ; 1.05194
8.90947 ; 7.47207 ; -1.49147 ; 1.19486
2.72802 ; 7.26383 ; 0.466003 ; 2.22026
7.16556 ; 4.04992 ; -5.64802 ; 4.83309
4.10505 ; 8.15579 ; -2.86771 ; -0.513813
7.88111 ; 5.94074 ; 2.76929 ; 3.7286
2.54032 ; 1.98221 ; 3.25054 ; 2.65612
2.68086 ; 7.12472 ; -0.134552 ; 2.37115
2.76985 ; 2.11031 ; 0.642317 ; 0.112457
2.55491 ; 1.96488 ; 2.80648 ; 2.23688
7.24967 ; 7.45539 ; 0.23694 ; -3.34196
8.87299 ; 2.14845 ; -3.07855 ; 1.06876
8.48732 ; 8.10548 ; 0.0297179 ; -1.75655
5.1158 ; 2.86257 ; 2.15223 ; -2.78514
2.65409 ; 2.0211 ; 4.35415 ; 4.46776
2.71446 ; 2.59135 ; 2.56911 ; 1.59041
3.84771 ; 7.18842 ; 4.42987 ; 2.13111
2.79283 ; 8.24213 ; 1.08053 ; -3.52866
7.92283 ; 1.94389 ; 2.12413 ; 0.681101
8.69521 ; 1.91588 ; -2.63176 ; 3.67352
5.64291 ; 7.70874 ; -4.99411 ; -1.5484
8.73353 ; 3.45172 ; -2.79554 ; -2.26861
3.51448 ; 3.20754 ; -2.42604 ; -3.32975
3.21451 ; 1.84097 ; -1.21416 ; 1.31988
8.57103 ; 2.16862 ; -4.87772 ; 5.79149
8.57154 ; 7.90251 ; -5.1236 ; -5.78976
2.52923 ; 7.96971 ; 3.65683 ; -1.53325
2.72552 ; 7.9998 ; 3.27199 ; -1.4558
8.18827 ; 7.35712 ; 1.78141 ; 0.681887
8.82906 ; 7.99121 ; -1.95169 ; -1.03112
8.76805 ; 2.00054 ; -3.76448 ; 3.36568
4.03402 ; 6.18818 ; 3.62049 ; 4.10111
2.51825 ; 2.12502 ; 1.8987 ; 0.834195
7.29194 ; 8.03387 ; 0.00278771 ; -0.221574
2.68205 ; 2.05764 ; 4.87407 ; 4.6036
3.42201 ; 2.07693 ; -1.93878 ; -0.373929
4 ; 2.1549 ; 0.0530621 ; -0.643109
2.59094 ; 8.01886 ; 1.74393 ; -1.73898
7.8617 ; 6.60711 ; 2.82887 ; 2.37935
8.42903 ; 8.27589 ; -0.289784 ; -2.92238
8.66116 ; 1.90301 ; -2.43454 ; 3.76391
8.86141 ; 7.84018 ; -1.58871 ; -0.106156
2.71426 ; 7.83085 ; 1.48597 ; -4.01605
3.26066 ; 7.81361 ; -1.20391 ; -0.882556
8.65041 ; 6.74095 ; 0.359973 ; 2.08235
3.50937 ; 2.16628 ; -2.39818 ; -0.753129
2.60463 ; 2.2957 ; 2.75993 ; -0.349062
2.76149 ; 2.92357 ; -0.547368 ; -2.4719
6.90091 ; 2.29736 ; 1.89048 ; -1.25477
8.20328 ; 6.85959 ; 1.93174 ; 1.68689
2.6477 ; 6.48754 ; 0.632668 ; 3.61438
4.65401 ; 7.88588 ; -2.04161 ; 0.675874
3.31841 ; 3.83269 ; -0.320414 ; -2.3134
4.78774 ; 6.65543 ; -1.67098 ; 3.48901
8.09739 ; 2.08199 ; -3.5345 ; 0.972495
3.09928 ; 4.50079 ; -1.74525 ; -0.0540043
7.68787 ; 2.10811 ; -3.96126 ; 0.446439
7.60554 ; 3.81219 ; 3.28876 ; 4.56605
