8.14922 ; 4.20341 ; -1.9165 ; -4.82896
8.58279 ; 3.63961 ; -1.55752 ; 4.54308
8.61775 ; 3.3044 ; -1.49863 ; 0.951036
3.12237 ; 2.41365 ; 6.67349 ; 5.73004
6.03187 ; 7.22025 ; -3.18202 ; -5.88166
3.07296 ; 2.49293 ; 6.03073 ; 6.53827
8.30548 ; 6.63521 ; -3.71953 ; -2.48419
7.73373 ; 4.19627 ; -3.44562 ; 6.2455
8.13544 ; 2.51938 ; 1.11388 ; 4.64874
8.57071 ; 7.98702 ; -2.20039 ; -3.37109
8.64109 ; 5.02056 ; -1.19745 ; -4.76764
6.10965 ; 7.22004 ; 4.90021 ; -4.18658
2.89952 ; 3.07861 ; -0.300195 ; -2.41948
3.88801 ; 2.06056 ; -2.96227 ; 3.04745
7.58723 ; 2.55676 ; 2.6635 ; -0.719095
6.89148 ; 8.01238 ; 3.93701 ; -1.55604
2.726 ; 2.62861 ; 1.50633 ; -1.08904
8.75457 ; 7.47602 ; -3.85547 ; -0.31749
6.83134 ; 5.18218 ; -2.12228 ; -2.65646
4.21971 ; 7.54617 ; -3.3979 ; -1.20923
8.37995 ; 7.70271 ; -5.58082 ; -6.02166
2.87846 ; 7.77664 ; 5.77899 ; -4.48495
8.35944 ; 8.00644 ; -2.25763 ; -3.40745
5.93139 ; 7.21137 ; 5.4625 ; -2.58145
3.30352 ; 8.02918 ; -0.313028 ; -1.84694
8.12857 ; 3.49542 ; 1.3963 ; 4.75901
5.45925 ; 2.20304 ; -3.51689 ; 3.091
6.38796 ; 3.34018 ; -5.88421 ; 1.77249
3.26387 ; 2.61462 ; 6.91513 ; 6.71778
6.10001 ; 3.81336 ; 3.64541 ; -4.3244
8.56284 ; 7.34394 ; -1.03312 ; -2.45737
6.84607 ; 2.15633 ; -3.31123 ; 0.822947
8.5585 ; 7.93745 ; -1.32357 ; -2.1396
8.74493 ; 6.09614 ; -4.10936 ; 3.198
2.91052 ; 2.44065 ; -0.0577573 ; -0.58902
8.59404 ; 2.13178 ; -3.11946 ; 3.15698
3.46494 ; 2.42829 ; -1.46352 ; -1.07173
2.92767 ; 2.06094 ; 1.26954 ; 2.10628
2.90132 ; 7.98864 ; 2.48645 ; -4.56966
3.28156 ; 5.56636 ; -1.95459 ; 4.13834
4.33661 ; 4.15595 ; 1.78836 ; 5.71274
3.74595 ; 8.04162 ; 1.63226 ; -4.57405
5.38825 ; 3.40899 ; 5.61424 ; 4.81514
3.50236 ; 2.271 ; 3.99079 ; 0.724668
2.65654 ; 5.70908 ; 2.90723 ; -3.98289
3.27274 ; 2.13893 ; 1.18372 ; 1.60477
8.47251 ; 2.30695 ; -5.7797 ; 4.26801
2.73902 ; 3.19076 ; 1.71637 ; 1.08647
2.91785 ; 2.95646 ; -0.138282 ; -1.34878
8.34339 ; 2.41632 ; -5.62527 ; 6.2539
2.83649 ; 2.20082 ; 1.08664 ; 0.638481
8.35386 ; 2.37085 ; -5.88237 ; 5.79801
2.76504 ; 2.13826 ; 3.66407 ; 2.83299
2.89779 ; 7.74169 ; 5.55746 ; -5.05901
5.60217 ; 3.50968 ; -3.60959 ; -3.2206
2.89755 ; 6.92884 ; 1.37117 ; -5.61745
8.55432 ; 2.5817 ; -3.51316 ; 4.78738
2.90186 ; 7.99899 ; 1.70687 ; -4.11671
8.50274 ; 2.24585 ; -4.30489 ; 5.12513
8.57524 ; 7.96708 ; -1.51257 ; -2.11858
4.95558 ; 2.78713 ; -4.87597 ; 3.54145
2.85348 ; 2.20681 ; 5.02261 ; 4.15067
2.88344 ; 7.99374 ; 2.40342 ; -4.40233
8.00961 ; 2.32544 ; 1.68881 ; 1.71642
8.10034 ; 7.32114 ; -6.50415 ; -7.25454
3.81087 ; 8.0704 ; -1.8566 ; -4.77541
8.66481 ; 2.28599 ; -2.1771 ; 0.975159
8.20397 ; 2.04443 ; -1.82609 ; 3.78045
2.90865 ; 2.01814 ; 1.05454 ; 2.56951
2.61416 ; 4.60167 ; 2.45103 ; -3.71123
7.91153 ; 2.2627 ; 2.01873 ; 1.66285
4.15891 ; 2.1364 ; -3.03975 ; 0.169385
8.56509 ; 2.12011 ; -3.16491 ; 3.49736
3.50459 ; 3.84474 ; -2.32815 ; -3.90078
2.65825 ; 6.90385 ; 1.77696 ; 0.564269
8.41896 ; 7.79082 ; -4.92809 ; -5.72125
8.71434 ; 2.3688 ; -3.62492 ; 0.866835
8.56466 ; 2.60769 ; -0.850342 ; 0.503807
7.62363 ; 2.06985 ; -2.33741 ; 2.13599
7.94693 ; 7.76507 ; -3.40675 ; -0.248233
8.77965 ; 3.95479 ; -3.32014 ; -3.12726
8.4862 ; 7.81764 ; -2.85472 ; -4.97929
2.84489 ; 7.69925 ; 1.27205 ; -2.29491
2.77829 ; 2.09566 ; 3.30952 ; 3.72008
8.65579 ; 7.79206 ; -3.65081 ; -2.9033
7.46237 ; 2.15037 ; 2.28594 ; 0.251112
8.43982 ; 7.87472 ; -0.691843 ; -4.05487
7.92914 ; 6.33847 ; 0.543826 ; -0.431649
8.37899 ; 5.23679 ; 0.595836 ; -4.92052
2.92819 ; 7.74495 ; 5.32487 ; -5.49325
2.9118 ; 7.95908 ; 2.34748 ; -5.18987
5.09971 ; 2.55417 ; 0.389733 ; -1.60631
8.05185 ; 2.50846 ; -2.47136 ; 0.903001
7.57044 ; 2.16948 ; -5.26902 ; 3.6699
5.85081 ; 2.5198 ; 4.68943 ; 4.96725
8.43066 ; 7.70992 ; -5.47217 ; -5.68105
3.20186 ; 6.764 ; -1.66095 ; 3.05041
2.91648 ; 3.8997 ; 0.814188 ; 3.8633
7.04923 ; 1.97497 ; 3.49316 ; 2.64955
8.56322 ; 7.80294 ; -4.49818 ; -2.83873
2.87519 ; 7.83215 ; 4.13091 ; -5.55723
8.50199 ; 2.08997 ; -2.2703 ; 4.16646
6.72964 ; 2.93395 ; 2.05464 ; 1.21772
8.6598 ; 6.06316 ; -0.7012 ; 2.70781
2.66941 ; 7.12024 ; 1.40986 ; 2.08278
2.86019 ; 2.15352 ; 3.83794 ; 5.04508
7.31501 ; 6.03223 ; 1.44135 ; -4.45476
2.83445 ; 7.61645 ; 4.35424 ; 0.0104227
6.84577 ; 7.45774 ; -1.23963 ; 1.47986
8.76035 ; 7.20984 ; -2.39829 ; 1.86381
8.54748 ; 5.54953 ; 0.0312816 ; -0.373841
3.73087 ; 7.8059 ; -2.26496 ; 0.115336
8.725 ; 7.72388 ; -4.09092 ; -1.03917
8.08192 ; 2.23104 ; -1.85939 ; 0.519341
4.29205 ; 8.07448 ; -3.42782 ; -2.68161
8.63595 ; 7.84763 ; -1.62548 ; -1.07463
8.51924 ; 2.14605 ; -3.61554 ; 4.57104
2.96933 ; 2.44212 ; 3.82083 ; -0.615883
8.25322 ; 5.37617 ; -2.25035 ; 5.37701
2.62672 ; 7.49095 ; 3.64592 ; 0.446857
8.3647 ; 8.03854 ; -1.40123 ; -4.42982
3.23387 ; 7.62317 ; -1.33517 ; 0.268633
6.63872 ; 7.23371 ; 4.32957 ; 2.07257
4.50012 ; 5.62148 ; -2.81268 ; -5.77817
3.17233 ; 7.20256 ; -1.28846 ; 2.26622
2.8321 ; 5.70564 ; 2.48756 ; 3.56403
7.908 ; 7.68776 ; -3.08698 ; -1.78289
3.04269 ; 2.38495 ; 6.27134 ; 5.85378
2.78469 ; 3.88991 ; 1.53328 ; 5.47926
2.93321 ; 7.16004 ; 0.852383 ; -4.37712
8.54434 ; 2.23292 ; -3.52901 ; 4.52352
8.10445 ; 6.50421 ; -3.80482 ; 3.78323
2.88191 ; 7.81057 ; 4.10929 ; -5.7179
3.55705 ; 7.84887 ; 5.65299 ; -2.10613
7.86421 ; 2.73551 ; 1.56143 ; 2.1838
7.26333 ; 2.25552 ; 2.99839 ; -0.567958
2.74159 ; 7.88887 ; 3.93288 ; -3.2911
8.36343 ; 8.03594 ; -1.54064 ; -4.19735
8.54782 ; 7.96026 ; -3.17022 ; -3.74934
8.13345 ; 7.77711 ; -6.53155 ; -3.64966
8.69063 ; 2.41024 ; -2.46587 ; -0.00502217
7.88454 ; 7.77414 ; -6.28732 ; -4.78978
8.17906 ; 7.92378 ; 1.08323 ; -0.689109
7.84974 ; 6.61824 ; -1.70255 ; 3.41767
8.31049 ; 2.20348 ; -4.69442 ; 2.46196
8.78746 ; 4.13817 ; -3.56573 ; -2.47969
4.00077 ; 8.11961 ; -2.16696 ; -3.15703
2.6819 ; 7.82378 ; 3.25793 ; -1.54206
2.89862 ; 2.92743 ; 4.40746 ; 6.35123
3.16167 ; 2.44043 ; 6.95921 ; 5.65123
3.26756 ; 2.46193 ; -1.24756 ; -1.23549
8.05931 ; 2.91944 ; -0.100975 ; -2.55154
3.09321 ; 2.49983 ; 6.12484 ; 6.60824
6.06214 ; 4.58673 ; 4.12819 ; -1.64645
8.63315 ; 7.86353 ; -3.79383 ; -3.23056
8.4729 ; 7.68263 ; -4.46131 ; -1.36694
3.96298 ; 4.06737 ; 3.749 ; 2.16166
8.32808 ; 2.32403 ; -0.0964717 ; 0.0430114
8.42441 ; 2.35719 ; -6.03391 ; 4.56728
2.62168 ; 2.40928 ; 3.83329 ; -0.032325
8.44587 ; 7.78059 ; -4.41667 ; -6.11364
2.66584 ; 5.15764 ; 1.32456 ; 2.5125
8.11614 ; 3.6116 ; -2.73116 ; -3.70757
8.47513 ; 8.0038 ; -0.706482 ; -2.0701
8.16729 ; 8.07015 ; 0.0722558 ; -2.9763
5.1442 ; 6.02799 ; -4.18242 ; -0.554584
4.48298 ; 5.67648 ; 5.27113 ; 5.10527
3.05388 ; 8.0145 ; 1.4143 ; -4.96824
7.76547 ; 6.19223 ; -4.94503 ; -6.52373
5.61562 ; 3.79902 ; 5.72665 ; 5.20627
5.66386 ; 8.01055 ; 5.09146 ; -3.09454
8.42684 ; 7.72756 ; -5.36826 ; -5.87859
8.26226 ; 2.05167 ; -0.388018 ; 2.43258
7.99651 ; 3.13328 ; 1.39712 ; -1.56158
8.50425 ; 7.8761 ; -3.33002 ; -3.7842
4.0723 ; 2.35711 ; -0.883307 ; -0.409443
3.32564 ; 2.06244 ; -1.0595 ; 1.01952
2.87328 ; 7.79555 ; 5.47594 ; -4.66565
3.22279 ; 3.15807 ; -1.25548 ; 1.02282
4.52344 ; 6.52543 ; -2.34179 ; 3.49077
3.75899 ; 7.69194 ; 3.08306 ; -0.895708
2.86506 ; 2.80546 ; 3.43038 ; 6.31666
8.57436 ; 2.25225 ; -1.23758 ; 0.607228
8.55717 ; 2.21186 ; -4.75168 ; 3.98873
8.52602 ; 2.27511 ; -2.35773 ; 1.06201
3.01985 ; 5.51848 ; -0.286693 ; 1.15316
2.68575 ; 2.33779 ; 2.58326 ; 0.140137
3.04623 ; 7.87873 ; 3.74805 ; -2.1688
2.73115 ; 2.13097 ; 3.32597 ; 2.66824
8.33022 ; 2.00753 ; -0.886528 ; 3.71503
5.80138 ; 8.01554 ; 4.96933 ; -3.50592
7.86182 ; 7.64869 ; 0.83204 ; -0.960907
2.6699 ; 2.24393 ; 3.31656 ; 1.76509
8.66424 ; 2.29783 ; -2.1909 ; 0.606605
2.64444 ; 3.68473 ; 1.90709 ; -3.84444
3.48578 ; 2.07118 ; -1.54206 ; 0.824071
8.36973 ; 2.38814 ; -5.75522 ; 5.83294
8.63044 ; 3.90076 ; -3.6234 ; 4.80965
2.96118 ; 7.75805 ; 6.18253 ; -4.82124
2.90721 ; 2.28372 ; 6.26055 ; 3.91515
7.69588 ; 3.0687 ; -7.28587 ; 7.35963
3.01955 ; 7.63591 ; 5.65195 ; -6.51603
2.85959 ; 4.14177 ; 2.1365 ; -4.73818
7.94223 ; 8.1132 ; 1.72238 ; -3.01836
3.0228 ; 2.38365 ; 6.04645 ; 6.00365
2.78841 ; 2.18261 ; 4.71712 ; 2.63563
3.25064 ; 7.40763 ; 6.77012 ; -6.96603
3.01586 ; 7.98951 ; 2.40191 ; -3.67878
6.46584 ; 7.30365 ; -5.38724 ; -4.80669
3.48282 ; 5.65866 ; -1.95399 ; -5.31611
8.44552 ; 2.25694 ; -3.99992 ; 5.85833
7.75016 ; 3.17363 ; 1.04494 ; -2.57826
8.18213 ; 2.24154 ; 0.36554 ; 5.27504
8.63321 ; 2.64954 ; -1.44271 ; -1.11722
3.49114 ; 2.91048 ; 0.044701 ; 5.03162
3.36301 ; 2.32773 ; -1.77819 ; 1.73247
2.89023 ; 2.11322 ; 2.39305 ; 5.24405
2.9119 ; 7.83496 ; 4.01779 ; -5.85279
2.912 ; 2.26913 ; 5.53669 ; 5.23685
2.84051 ; 2.11518 ; 2.86551 ; 2.36592
2.84114 ; 2.20741 ; 5.10391 ; 4.58879
7.81349 ; 8.11309 ; 2.10171 ; -2.83333
8.34708 ; 2.36311 ; -6.21116 ; 5.3224
8.0324 ; 2.05597 ; 1.33759 ; 1.18694
8.70766 ; 7.62285 ; -2.5385 ; -0.992447
8.45294 ; 2.03411 ; -1.39045 ; 3.30768
7.55656 ; 1.94162 ; 2.14419 ; 3.48761
2.73914 ; 7.83457 ; 1.96879 ; -1.36049
8.60793 ; 2.53811 ; -2.01375 ; 2.32944
7.84113 ; 8.12239 ; 1.31876 ; -3.59577
4.82249 ; 7.37469 ; -4.40177 ; 2.13807
2.66365 ; 6.01194 ; 1.28128 ; 3.16985
2.87173 ; 7.26141 ; 0.078182 ; 1.67705
7.49235 ; 2.02575 ; 1.61793 ; 2.47459
2.78209 ; 6.8577 ; 0.377937 ; 2.14853
3.06137 ; 6.80746 ; -0.883338 ; 1.74938
2.97536 ; 7.7262 ; 6.00064 ; -5.50502
3.75101 ; 8.12574 ; -1.94563 ; -3.31061
4.37543 ; 8.1039 ; -2.14495 ; -2.47087
2.98841 ; 2.10044 ; 2.57385 ; 5.09879
8.1193 ; 2.58662 ; -6.75588 ; 6.61306
3.23108 ; 6.69455 ; 4.86757 ; -3.2684
8.54796 ; 7.77884 ; -4.39086 ; -4.85278
6.12993 ; 7.36318 ; -4.54936 ; 1.81836
4.82692 ; 1.93823 ; -1.87881 ; 2.54499
2.84071 ; 7.84857 ; 2.20294 ; -3.33035
7.49253 ; 7.21264 ; -5.23524 ; 2.42381
2.78278 ; 7.86209 ; 4.76073 ; -3.78823
8.1525 ; 2.65353 ; -6.45988 ; 6.9272
3.26651 ; 5.31742 ; -0.573929 ; -3.02738
8.14075 ; 7.79363 ; 0.968291 ; 0.128774
4.18873 ; 8.03968 ; -1.81501 ; -1.35608
2.74813 ; 7.84282 ; 4.78545 ; -2.96948
6.07606 ; 7.65703 ; 3.94095 ; -0.247196
4.82933 ; 7.91404 ; -3.70212 ; -0.479244
7.52014 ; 7.67702 ; -6.13501 ; -1.70478
3.06435 ; 7.54931 ; 6.19995 ; -6.33453
3.02124 ; 4.09501 ; -0.914134 ; -3.0485
2.70902 ; 7.28674 ; 1.29229 ; 1.41941
2.63709 ; 5.32367 ; 2.82561 ; 4.44321
8.19885 ; 8.0874 ; -0.0386233 ; -3.94805
8.44385 ; 5.17256 ; 0.542679 ; -0.620612
8.53033 ; 2.15543 ; -3.33929 ; 4.48407
2.74401 ; 7.81307 ; 5.02388 ; -2.69188
8.52947 ; 7.79573 ; -5.33269 ; -4.36412
8.45014 ; 8.03738 ; -0.753581 ; -2.656
8.11232 ; 8.08002 ; -0.401133 ; -3.74124
8.32762 ; 2.39329 ; -6.0199 ; 5.85513
3.29097 ; 2.75741 ; 6.75796 ; 7.14043
3.20845 ; 2.21921 ; 4.09238 ; 1.05032
7.65983 ; 2.2748 ; 0.960778 ; -0.372867
3.97423 ; 2.33201 ; -3.13806 ; -0.398808
3.02065 ; 7.78978 ; 5.05237 ; -5.68081
8.40186 ; 2.35089 ; -4.82835 ; 6.20653
7.16329 ; 8.00063 ; 3.55923 ; -1.75294
2.93339 ; 8.01924 ; 0.804929 ; -2.39595
4.21795 ; 1.96221 ; -3.241 ; 2.21047
5.65982 ; 2.85906 ; -2.91896 ; -1.89669
2.88025 ; 5.41031 ; 2.02405 ; 4.64022
6.74977 ; 2.39413 ; -2.89743 ; -0.600151
8.3381 ; 7.07528 ; -0.603362 ; -1.67159
3.35435 ; 2.71289 ; 7.04679 ; 6.96341
2.87434 ; 2.06849 ; 2.48252 ; 4.59377
6.70598 ; 6.3575 ; -5.59182 ; -5.75754
8.67463 ; 2.44797 ; -3.46428 ; 2.0187
3.12253 ; 2.62152 ; -0.542734 ; 0.189055
8.57446 ; 2.49291 ; -1.49335 ; 1.69419
6.1707 ; 7.93734 ; 4.91983 ; -1.6724
3.38434 ; 3.47006 ; 4.00809 ; 6.40654
2.85656 ; 6.99085 ; 1.70307 ; 1.81982
8.76216 ; 5.69953 ; -1.92438 ; 0.556607
5.78238 ; 2.03875 ; 4.46195 ; 1.45467
8.23962 ; 2.67336 ; -5.91296 ; 6.965
8.15666 ; 2.57532 ; -6.60211 ; 6.64796
2.94441 ; 2.30167 ; 5.92244 ; 5.17442
8.22018 ; 7.97975 ; -2.92518 ; -3.11592
3.78058 ; 2.9884 ; -2.00432 ; 1.62773
3.07978 ; 2.44998 ; 6.24754 ; 6.31025
8.14482 ; 7.91088 ; -4.42541 ; -4.10789
6.24141 ; 5.34083 ; 4.64942 ; -5.71685
8.06249 ; 7.4256 ; -6.90056 ; -6.79359
2.90043 ; 7.83193 ; 3.09949 ; -2.86372
2.5792 ; 4.33449 ; 4.14478 ; 0.245692
4.5926 ; 3.36123 ; 1.06734 ; -3.3058
8.47434 ; 2.22251 ; -4.08915 ; 5.43936
7.17162 ; 7.37365 ; -3.28929 ; 1.71716
8.50542 ; 2.12604 ; -3.03299 ; 2.90617
2.99836 ; 7.65524 ; 5.25802 ; -6.56653
8.19269 ; 2.01321 ; 0.442312 ; 4.38824
8.68123 ; 7.49673 ; -5.18283 ; -0.472901
2.70548 ; 6.557 ; 2.65911 ; -3.92188
4.48463 ; 1.98482 ; 2.17768 ; 3.86254
7.22026 ; 7.93203 ; -5.1866 ; -2.36796
7.81624 ; 4.96135 ; 2.64454 ; 1.85875
2.69788 ; 6.43773 ; 1.9165 ; -2.26052
3.55311 ; 2.36685 ; -0.422008 ; -0.136081
6.44289 ; 5.10142 ; -2.89041 ; -4.85638
8.49358 ; 4.0721 ; -3.28999 ; 6.50683
4.06551 ; 6.7468 ; 4.6447 ; 3.42633
8.26152 ; 7.93463 ; 0.755303 ; -0.891379
6.03988 ; 5.00815 ; 5.26926 ; -4.63196
8.27565 ; 7.57272 ; -6.15253 ; -6.53824
2.98298 ; 7.70252 ; 6.06407 ; -5.60751
2.70166 ; 7.84716 ; 3.7077 ; -2.04884
8.32451 ; 2.53257 ; -5.59383 ; 6.53827
3.25314 ; 2.88302 ; -1.31148 ; 4.45387
4.66292 ; 7.12295 ; 5.48507 ; 2.30247
3.00328 ; 7.17955 ; 0.49801 ; -3.89764
2.5905 ; 4.18621 ; 2.91344 ; 1.40316
3.00025 ; 5.4095 ; -0.0143317 ; -5.40591
2.79931 ; 7.79221 ; 4.42975 ; -4.3978
8.49793 ; 2.17578 ; -4.14439 ; 2.95673
2.86675 ; 2.18607 ; 3.98852 ; 5.24412
4.9142 ; 7.78864 ; 5.91034 ; -0.564695
2.7993 ; 5.96465 ; 0.147278 ; 2.77289
6.29176 ; 7.94902 ; 2.84638 ; -2.4704
7.61733 ; 4.2074 ; 2.73453 ; 4.5837
2.70227 ; 4.4376 ; 1.29679 ; -4.61789
8.46797 ; 2.26267 ; -5.05639 ; 5.17728
2.8498 ; 2.23844 ; 5.32331 ; 4.6113
7.89021 ; 7.5774 ; 1.9002 ; 0.767537
8.3724 ; 2.19474 ; -1.05676 ; 4.73442
8.54432 ; 2.13964 ; -3.35085 ; 3.98165
3.71606 ; 7.9645 ; -1.49522 ; -0.82322
8.42164 ; 2.83334 ; -4.19513 ; -1.39835
8.65215 ; 3.37835 ; -0.688087 ; -2.69719
5.05127 ; 8.04202 ; -4.30915 ; -2.30452
2.87118 ; 2.19862 ; 4.291 ; 5.35653
2.93658 ; 2.36548 ; 4.90205 ; 6.22413
8.38716 ; 8.03309 ; -1.12864 ; -4.7579
3.19063 ; 7.50434 ; 6.65265 ; -6.64171
8.22747 ; 7.5559 ; -6.28016 ; -6.59632
7.11111 ; 3.13757 ; -3.69316 ; -3.24842
3.30279 ; 3.06363 ; -1.9444 ; -2.81424
2.69524 ; 6.84491 ; 3.53193 ; 2.83718
7.98901 ; 8.0865 ; 1.47534 ; -3.42352
8.57215 ; 2.14251 ; -3.21573 ; 3.4316
8.05618 ; 7.89428 ; -3.59097 ; -1.90174
8.49447 ; 2.13654 ; -3.50425 ; 4.34032
8.30043 ; 3.97031 ; -1.18525 ; -4.1376
8.02452 ; 3.84732 ; 0.971935 ; 2.07607
3.34333 ; 3.54555 ; -2.1427 ; -3.54869
2.65104 ; 7.47696 ; 1.90779 ; 0.754171
8.59431 ; 2.1664 ; -2.20515 ; 2.40017
2.8012 ; 7.91166 ; 2.85246 ; -2.8412
8.5179 ; 3.22847 ; -1.91892 ; 5.73033
2.67903 ; 2.34917 ; 4.94844 ; 1.42272
2.80253 ; 2.18301 ; 4.73853 ; 4.057
2.76424 ; 7.53784 ; 1.21073 ; -0.146383
3.25664 ; 2.08495 ; 3.51356 ; 3.44209
2.77166 ; 7.66814 ; 3.65669 ; -4.13733
3.04352 ; 2.37619 ; 6.49416 ; 5.44934
5.88547 ; 8.02164 ; 5.02448 ; -2.88874
5.52621 ; 3.6008 ; -3.73009 ; -3.94974
7.00399 ; 7.14113 ; 1.74207 ; 2.57831
3.30058 ; 1.97914 ; -1.1363 ; 3.97614
2.68328 ; 7.55418 ; 2.46885 ; 0.272349
8.25967 ; 2.44653 ; -6.4092 ; 6.03919
3.0687 ; 2.51079 ; 0.587837 ; 4.1641
3.2597 ; 6.47856 ; -1.44417 ; 3.40387
2.90168 ; 7.97546 ; 1.86985 ; -4.4669
2.96706 ; 6.32485 ; 2.59166 ; -6.40757
2.58882 ; 2.71288 ; 2.82418 ; -1.17412
2.87095 ; 4.4452 ; 3.09525 ; 5.4999
3.06188 ; 2.11377 ; 0.400245 ; 2.22031
8.65824 ; 7.88665 ; -3.62604 ; -2.88978
8.56031 ; 2.21998 ; -4.6392 ; 4.00622
8.59149 ; 7.88255 ; -4.38962 ; -3.84662
5.89624 ; 8.02541 ; 4.92126 ; -3.34806
6.98865 ; 2.3376 ; -4.94312 ; 0.426701
8.70536 ; 7.7952 ; -4.11548 ; -1.63234
2.88835 ; 7.91693 ; 2.98616 ; -5.3821
8.23511 ; 1.99906 ; 0.22738 ; 2.42806
3.58532 ; 8.08746 ; -2.09279 ; -3.36635
3.09164 ; 2.22891 ; -0.171017 ; 0.867177
8.61313 ; 7.94096 ; -2.32471 ; -2.92124
7.30512 ; 3.53041 ; 2.97537 ; -3.65555
8.12629 ; 3.54191 ; 1.57559 ; 4.44943
7.68906 ; 7.1655 ; -5.68837 ; -4.5012
7.62314 ; 7.85614 ; -5.67968 ; -4.32214
2.83409 ; 2.22896 ; 5.56384 ; 3.99795
2.79523 ; 7.49887 ; 3.21627 ; -4.51401
8.3762 ; 7.63077 ; 0.36382 ; 0.755279
2.60099 ; 4.90848 ; 2.08594 ; -1.68225
3.26973 ; 7.49858 ; -1.13946 ; -4.99221
2.59257 ; 2.56328 ; 3.05867 ; -0.790792
8.65182 ; 2.1833 ; -2.9448 ; 2.01007
2.95197 ; 7.75545 ; 5.83448 ; -5.21188
2.86091 ; 2.45869 ; 0.442557 ; -0.428106
2.70004 ; 7.40496 ; 3.28308 ; -2.67207
5.01597 ; 2.32829 ; -2.47595 ; 3.75466
7.21942 ; 6.87115 ; -4.44254 ; 3.18018
3.55275 ; 1.97869 ; 0.925014 ; 3.37971
8.30792 ; 2.25653 ; -5.76545 ; 3.97109
8.45428 ; 2.30535 ; -0.0829626 ; -0.107529
8.05112 ; 6.35625 ; -4.11793 ; -1.97663
8.55997 ; 7.97981 ; -1.67467 ; -3.01185
8.74103 ; 6.29444 ; -2.03975 ; 3.80938
8.3236 ; 2.40768 ; -5.89115 ; 6.09496
2.83982 ; 2.15458 ; 4.29041 ; 4.41095
8.45442 ; 2.99005 ; -0.164753 ; 1.77517
2.57606 ; 4.36603 ; 2.74918 ; 0.481051
4.04787 ; 3.87759 ; 3.69202 ; -4.03286
8.66053 ; 3.03738 ; -3.2239 ; -1.95371
7.92183 ; 7.59565 ; 0.254535 ; 0.865246
8.62275 ; 2.36188 ; -4.5782 ; 2.86136
2.75463 ; 2.25707 ; 1.72851 ; 0.491072
3.67734 ; 8.10507 ; -1.08012 ; -4.20929
2.67852 ; 2.51266 ; 1.9454 ; -0.196617
8.35776 ; 7.87772 ; -0.320947 ; -4.93196
8.49207 ; 7.55349 ; -4.27322 ; -5.99299
3.04394 ; 6.24625 ; 1.57628 ; -6.25895
2.86096 ; 5.94488 ; 1.65596 ; -6.11456
7.55031 ; 7.2359 ; 1.84099 ; -4.43949
8.58925 ; 2.25564 ; -4.74331 ; 3.3568
2.7642 ; 6.50667 ; 0.515063 ; 3.50155
8.0105 ; 7.98921 ; 0.858966 ; -1.18933
2.94383 ; 7.96131 ; 1.21652 ; -4.21047
8.45119 ; 2.27745 ; -5.53848 ; 4.70132
8.61836 ; 6.98548 ; -3.01136 ; -4.77368
3.35786 ; 3.87212 ; -1.92434 ; 5.54946
2.65845 ; 4.08945 ; 1.42557 ; -3.51377
3.35674 ; 3.95889 ; 0.152328 ; 4.59722
8.64344 ; 7.911 ; -2.97921 ; -2.88044
3.18962 ; 6.50609 ; -1.44922 ; 3.64674
3.50355 ; 7.92195 ; 1.73387 ; -2.88328
8.41148 ; 2.3061 ; -5.34941 ; 4.57529
2.72984 ; 2.16615 ; 3.80679 ; 2.77768
8.42997 ; 7.97781 ; -0.836973 ; -3.04493
8.57595 ; 7.86518 ; -4.69374 ; -4.11074
7.98109 ; 2.71437 ; 2.10515 ; -1.68521
5.23557 ; 2.12113 ; 3.86111 ; 2.25874
3.0617 ; 5.74973 ; 3.50375 ; 1.70052
2.69174 ; 2.23122 ; 3.2337 ; 1.46311
8.38081 ; 7.9782 ; -1.58035 ; -5.42351
6.10498 ; 2.11361 ; -0.21213 ; 0.393449
8.51408 ; 7.99233 ; -2.44057 ; -4.60241
3.06268 ; 7.76056 ; 6.27038 ; -4.59225
5.74077 ; 6.97439 ; -5.42047 ; 2.07783
3.69549 ; 1.95096 ; -2.37445 ; 3.51449
8.43816 ; 2.30018 ; -5.34983 ; 5.34454
8.55864 ; 2.12602 ; -3.32178 ; 3.80024
2.84071 ; 2.19678 ; 2.86217 ; 4.91647
8.45712 ; 2.52382 ; -0.422457 ; 2.46825
8.24314 ; 6.1834 ; 1.45986 ; 1.0777
5.85451 ; 8.11336 ; -2.23114 ; -3.15969
3.74049 ; 4.68045 ; -1.0868 ; 2.7627
5.81259 ; 8.07652 ; 1.2319 ; -2.01046
8.33928 ; 2.30375 ; -6.35025 ; 3.9446
8.33639 ; 8.03752 ; -0.532145 ; -4.96998
8.26674 ; 2.51391 ; -5.78741 ; 6.74314
8.43961 ; 7.76638 ; -4.00982 ; -6.36814
8.18945 ; 2.44979 ; 0.478616 ; 4.0572
7.8594 ; 5.03423 ; 2.64318 ; 3.44676
8.79276 ; 3.84748 ; -3.44913 ; -1.07425
4.64739 ; 7.73005 ; 4.24096 ; 0.380675
8.05233 ; 2.63024 ; -6.84158 ; 6.74515
2.77259 ; 2.5014 ; 4.37189 ; -0.753118
8.53276 ; 7.93494 ; -3.47387 ; -4.03262
8.50028 ; 7.85276 ; -4.18521 ; -5.53469
2.89181 ; 7.81155 ; 4.6949 ; -5.61847
2.7025 ; 3.74231 ; 1.84924 ; -3.7513
5.39116 ; 8.00872 ; -4.59181 ; -4.17147
8.70344 ; 7.5862 ; -2.62898 ; -1.30743
2.65869 ; 2.53287 ; 1.89825 ; -0.653767
8.76594 ; 6.14708 ; -2.36828 ; 3.09015
8.60637 ; 7.78786 ; -4.91605 ; -1.72885
6.20958 ; 8.01339 ; 4.54389 ; -4.27048
5.32263 ; 4.04656 ; 0.22665 ; -4.50507
8.56848 ; 7.48808 ; -3.0147 ; -5.07756
8.74292 ; 3.17828 ; -1.73128 ; -2.06276
7.53954 ; 5.40328 ; 2.15867 ; 3.21448
8.74521 ; 3.8455 ; -2.3015 ; 0.8949
8.49904 ; 7.80213 ; -5.70041 ; -4.20536
2.93178 ; 7.75456 ; 4.89021 ; -6.01849
2.64871 ; 5.89441 ; 1.47933 ; 1.95975
3.95937 ; 2.00479 ; -2.68435 ; 1.32608
6.73274 ; 2.17853 ; -5.68014 ; 1.21561
2.80226 ; 7.7498 ; 5.38463 ; -3.64147
3.02381 ; 7.8795 ; 0.587559 ; -1.09047
2.74203 ; 6.87961 ; 1.17303 ; 0.196057
2.8623 ; 2.16536 ; 4.25579 ; 4.82374
6.96047 ; 2.16039 ; -1.18221 ; 3.45812
8.11755 ; 7.45214 ; -6.79164 ; -6.72406
2.91151 ; 2.05479 ; 0.645736 ; 2.03918
7.89911 ; 4.75608 ; -1.67239 ; -1.76138
8.45696 ; 7.74046 ; -5.40933 ; -5.40389
2.81945 ; 7.71345 ; 5.89985 ; -2.97899
3.06316 ; 2.0854 ; -0.385588 ; 1.72469
2.83299 ; 7.22014 ; 3.06476 ; -5.34573
3.89505 ; 3.381 ; -1.30367 ; 3.49665
2.94398 ; 7.92715 ; 3.4543 ; -4.97223
8.47047 ; 2.10526 ; -2.77817 ; 3.47558
2.73572 ; 3.67977 ; 1.85133 ; 2.14028
3.06703 ; 2.41442 ; 6.31554 ; 6.05029
2.98699 ; 7.86603 ; 0.803336 ; -4.95929
2.88062 ; 2.20456 ; 1.71696 ; 4.65714
8.38875 ; 2.37617 ; -4.83474 ; 6.34012
6.982 ; 2.68941 ; 3.92977 ; -1.35884
8.57682 ; 6.27813 ; -1.38274 ; -5.34689
4.50275 ; 6.65164 ; -3.59784 ; 2.08836
2.67626 ; 2.55871 ; 1.6157 ; -0.806789
5.65308 ; 4.13252 ; 5.7664 ; 4.09211
4.09185 ; 2.04598 ; -3.35181 ; 2.58153
6.10047 ; 2.64054 ; -5.96972 ; 0.660645
3.25456 ; 3.53336 ; 2.67893 ; 5.23141
8.7683 ; 5.40356 ; -2.49659 ; 2.79447
2.92505 ; 7.8535 ; 2.65204 ; -1.36844
2.58089 ; 5.72069 ; 2.79296 ; 2.86259
4.02179 ; 2.37062 ; 0.304629 ; -0.218571
8.01091 ; 7.95156 ; 1.11717 ; -0.917814
3.79114 ; 2.13596 ; 0.149504 ; 0.588317
8.4812 ; 7.80082 ; -5.18963 ; -5.32158
3.53061 ; 2.23617 ; -0.896564 ; -0.0987673
3.90936 ; 7.63325 ; 2.63031 ; -0.426184
7.91082 ; 7.5651 ; -0.635266 ; -1.64774
8.31012 ; 8.01278 ; 0.321649 ; -2.66854
2.79147 ; 7.73888 ; 5.61102 ; -3.03639
3.77455 ; 2.06976 ; -2.27021 ; 2.19985
3.27586 ; 7.77922 ; -1.3288 ; -1.48418
2.96949 ; 2.22617 ; 0.0298544 ; 0.142324
8.00672 ; 8.0565 ; -1.23465 ; -3.27687
2.93991 ; 3.85517 ; -0.341664 ; 2.68245
5.28278 ; 7.83873 ; 4.8672 ; -2.46063
7.72192 ; 2.1931 ; 1.90656 ; 1.45907
7.99765 ; 2.44712 ; -0.456915 ; 0.385483
8.21307 ; 2.4547 ; -6.67891 ; 5.87414
2.99764 ; 7.2795 ; -0.178256 ; -0.317757
2.89145 ; 7.91233 ; 0.668175 ; -1.4052
8.643 ; 2.24203 ; -4.22999 ; 2.62326
7.41566 ; 7.3719 ; 3.44084 ; 0.382273
4.54998 ; 2.1836 ; 2.40386 ; 2.36607
8.18183 ; 4.22395 ; 1.1632 ; -3.45995
3.08702 ; 3.05477 ; -0.707642 ; 2.06491
2.80798 ; 4.17201 ; 0.224037 ; -0.855454
8.53777 ; 7.83573 ; -2.24377 ; -3.35484
8.39031 ; 2.11295 ; -0.387641 ; 1.37887
8.44731 ; 3.29212 ; -2.4526 ; 6.72632
3.11818 ; 3.11539 ; 2.41476 ; 6.52478
8.33073 ; 2.35601 ; -5.86672 ; 5.69123
8.27467 ; 2.40849 ; -6.37788 ; 5.73129
2.93022 ; 7.76978 ; 5.99298 ; -4.58598
2.8721 ; 7.78369 ; 4.59806 ; -5.49225
8.54243 ; 7.59827 ; -3.40169 ; -5.43076
8.35072 ; 7.51659 ; -4.28699 ; -0.467483
4.30529 ; 2.12816 ; 5.6588 ; 2.9714
4.6462 ; 7.33149 ; 4.40314 ; 2.10985
7.71865 ; 8.07139 ; 2.36665 ; -2.89574
7.94759 ; 2.12883 ; -1.70636 ; 1.35638
3.30917 ; 7.37042 ; 6.95061 ; -7.00652
3.4757 ; 1.96809 ; -1.31017 ; 2.10679
7.62404 ; 5.59731 ; 3.08599 ; 4.49262
8.34926 ; 4.48963 ; 1.06222 ; -4.45084
8.61381 ; 7.8108 ; -1.48977 ; -1.05257
8.49641 ; 2.52042 ; -2.46523 ; 5.54776
3.76995 ; 2.09279 ; 3.68741 ; 2.23646
8.51841 ; 7.9468 ; -3.21113 ; -3.61967
2.84326 ; 6.50976 ; 3.98065 ; -6.23157
2.69548 ; 6.27823 ; 3.4008 ; -4.35859
8.31921 ; 2.35935 ; -6.4178 ; 5.15141
2.85355 ; 7.835 ; 5.16108 ; -4.39732
7.46455 ; 7.58402 ; 2.71465 ; 1.27378
3.68823 ; 2.17821 ; 5.95867 ; 2.94986
7.17634 ; 1.9933 ; 2.80987 ; 4.42542
8.64604 ; 7.82525 ; -4.64531 ; -2.20971
8.60612 ; 4.90642 ; -1.85627 ; 4.00285
8.66034 ; 7.66767 ; -1.36847 ; -0.0228901
5.41102 ; 7.89881 ; -0.341053 ; -0.25882
2.81544 ; 2.50326 ; 0.647528 ; -1.04225
4.63662 ; 6.76428 ; -4.6031 ; -3.97664
8.23359 ; 8.02806 ; 0.74377 ; -1.82083
8.18868 ; 7.2602 ; -3.14265 ; -6.28855
3.15323 ; 2.48644 ; 6.64928 ; 6.2545
2.82181 ; 6.54604 ; 0.849885 ; -2.63607
3.05084 ; 7.80003 ; 4.88721 ; -5.67731
8.55004 ; 2.28562 ; -5.25075 ; 3.62083
8.16083 ; 8.09593 ; 0.747893 ; -3.20593
2.87935 ; 7.78746 ; 5.29289 ; -5.09657
7.63863 ; 7.43323 ; 1.93983 ; -4.58061
8.19099 ; 2.00537 ; 0.0266609 ; 2.93899
8.4367 ; 2.19851 ; -0.977417 ; 0.867216
2.8573 ; 6.32141 ; 1.25055 ; -5.82798
4.27084 ; 7.98477 ; -3.57985 ; -1.09108
2.82741 ; 2.09069 ; 1.87799 ; 1.95174
7.20179 ; 6.31913 ; 1.26825 ; -5.42823
3.30048 ; 7.45423 ; 6.94515 ; -6.72872
6.12412 ; 2.73122 ; 3.08119 ; -1.99221
8.16458 ; 7.51891 ; -6.6056 ; -6.58678
7.96195 ; 7.30514 ; -7.07645 ; -7.02837
2.86014 ; 2.20774 ; 3.61017 ; 5.51141
8.52044 ; 7.96951 ; -2.90571 ; -3.98217
3.17808 ; 7.893 ; 4.71528 ; -3.84999
8.18428 ; 4.51406 ; 1.2271 ; -4.57514
3.853 ; 2.16519 ; 5.28986 ; 1.6346
8.54702 ; 2.23659 ; -0.920984 ; 0.650987
2.69353 ; 2.2547 ; 2.40788 ; 1.3562
3.15057 ; 7.65942 ; 0.877777 ; -0.0828075
8.57085 ; 2.4785 ; -3.58244 ; 0.782086
8.15551 ; 4.79053 ; 1.78456 ; 3.41952
8.51728 ; 7.94022 ; -3.64466 ; -3.84201
2.85133 ; 2.23341 ; 5.52999 ; 4.26032
3.02272 ; 6.6325 ; -0.815569 ; 2.86322
8.35528 ; 7.69909 ; -6.24293 ; -5.47333
8.51037 ; 3.56387 ; -3.5069 ; 6.27745
7.11531 ; 2.16653 ; -1.36906 ; 0.442117
4.4207 ; 6.88099 ; -2.7087 ; -0.0774584
8.67408 ; 7.51616 ; -2.37248 ; 0.894217
8.51646 ; 2.16066 ; -4.0224 ; 3.96254
3.25485 ; 3.89743 ; 3.22077 ; -4.47129
8.60183 ; 7.81111 ; -4.77395 ; -3.60097
8.07599 ; 2.08584 ; -2.32097 ; 2.4213
8.52021 ; 6.20325 ; 0.181197 ; 1.55831
2.70638 ; 2.88894 ; 1.47087 ; -2.31263
3.12429 ; 7.60514 ; 6.62424 ; -6.13867
2.86363 ; 7.78674 ; 5.29223 ; -4.81235
3.21594 ; 2.58976 ; 6.70487 ; 6.74079
2.76499 ; 2.14679 ; 3.79717 ; 3.31476
8.31546 ; 4.90174 ; 1.22531 ; -3.69877
8.60831 ; 6.58884 ; -2.14219 ; 2.3455
7.72578 ; 6.618 ; 0.627739 ; -2.68302
2.6141 ; 6.85021 ; 2.65911 ; 2.27974
2.669 ; 2.33039 ; 2.6019 ; 0.948173
2.92752 ; 7.6565 ; 5.24256 ; -5.88762
8.1666 ; 2.5249 ; -6.60772 ; 6.38162
5.78489 ; 2.21362 ; -1.08439 ; -0.189036
2.76425 ; 2.21043 ; 3.64257 ; 2.57866
3.5122 ; 2.06864 ; 2.69163 ; 2.55715
4.10489 ; 6.38838 ; -3.59602 ; -4.95028
4.04108 ; 2.0771 ; -2.63674 ; 0.658123
6.82483 ; 4.04757 ; 2.26744 ; 5.74901
8.50675 ; 4.28041 ; -1.2346 ; -4.41258
4.10823 ; 1.93381 ; -2.11598 ; 2.99631
3.28032 ; 7.90057 ; 4.74421 ; -3.30662
7.00075 ; 8.08424 ; 3.89132 ; -2.77211
3.41604 ; 7.62753 ; -1.98657 ; 0.469183
8.12081 ; 2.64265 ; -6.63041 ; 6.86506
2.97637 ; 5.17304 ; 3.40955 ; -3.49981
3.83797 ; 2.81158 ; 4.5126 ; -2.30131
2.83043 ; 2.10642 ; 1.12123 ; 1.54648
8.33329 ; 7.66896 ; -5.95906 ; -6.08528
2.8718 ; 7.76749 ; 3.75444 ; -3.38677
5.7712 ; 7.76182 ; -5.26079 ; -0.215843
2.87218 ; 7.99093 ; 1.14924 ; -2.22459
8.36271 ; 7.7687 ; -1.55664 ; -0.722789
5.96772 ; 2.01254 ; -3.91472 ; 3.53109
8.25955 ; 3.59181 ; 1.40437 ; -2.62198
7.96366 ; 6.17818 ; 1.8685 ; 4.23147
8.22164 ; 2.78463 ; -5.72278 ; 7.27872
7.38445 ; 2.52228 ; 2.41814 ; -1.04615
8.70159 ; 2.58541 ; -4.65068 ; 0.6999
8.42628 ; 7.67412 ; -4.66335 ; -6.49292
8.00888 ; 7.18296 ; 1.8403 ; 2.3591
8.47491 ; 4.87319 ; 0.0303413 ; -4.72212
3.08195 ; 7.95498 ; 3.35095 ; -3.22159
8.58436 ; 5.67642 ; -0.249146 ; 4.14508
8.61749 ; 4.82441 ; -0.472147 ; -1.55874
2.92892 ; 2.27295 ; 5.69808 ; 5.09514
2.64551 ; 4.08931 ; 1.5905 ; -2.41495
2.95667 ; 2.49428 ; 4.46953 ; -0.356271
8.40721 ; 8.01271 ; -0.611879 ; -3.65408
2.90572 ; 7.44645 ; 3.38718 ; -6.61055
7.94526 ; 6.76749 ; -3.6791 ; 2.64393
8.51735 ; 2.25698 ; -2.85632 ; 1.10508
6.29699 ; 7.22099 ; 0.459936 ; 1.1638
8.12 ; 7.15752 ; 1.72022 ; 0.831434
2.88525 ; 8.01353 ; 1.95747 ; -3.99186
2.83998 ; 2.15569 ; 2.39021 ; 3.49413
4.60892 ; 8.06596 ; -0.577731 ; -1.70838
8.2743 ; 7.96367 ; -1.2994 ; -5.64785
4.60426 ; 2.60781 ; -3.24545 ; 5.45813
6.38464 ; 7.96459 ; -5.48854 ; -2.63259
8.433 ; 2.49495 ; 0.227737 ; -0.737612
2.84391 ; 7.80865 ; 5.62362 ; -3.6601
8.41845 ; 2.09325 ; -0.433681 ; 1.9454
7.99606 ; 2.58588 ; -6.40295 ; 3.1176
8.56654 ; 2.25162 ; -5.28024 ; 2.85448
3.18393 ; 2.88749 ; 3.35354 ; 6.47322
6.17951 ; 7.66143 ; 5.21904 ; -2.98603
2.94773 ; 7.77363 ; 4.31222 ; -6.2288
8.20789 ; 2.53697 ; -6.40176 ; 6.57986
3.00912 ; 7.63659 ; 5.59898 ; -6.4377
7.39638 ; 6.57352 ; -0.166882 ; 3.37905
7.04189 ; 5.71794 ; 4.09239 ; -4.13791
2.60654 ; 6.50639 ; 3.73187 ; 3.34971
2.75661 ; 2.27923 ; 3.98664 ; 3.66536
8.53293 ; 2.23506 ; -5.13731 ; 3.96436
5.75828 ; 7.80845 ; 4.3856 ; -0.0184829
4.90919 ; 2.49344 ; 5.81124 ; 0.202591
8.43494 ; 2.28785 ; -5.50645 ; 5.12717
8.20672 ; 2.55336 ; -6.27905 ; 6.70748
8.38331 ; 2.10471 ; -2.02007 ; 5.20986
8.47252 ; 7.96502 ; -2.91901 ; -4.63905
3.76416 ; 7.90041 ; 1.74639 ; -0.904108
2.87819 ; 2.93463 ; 0.0836029 ; -0.00131011
8.77108 ; 7.49174 ; -3.64352 ; 0.612826
5.24508 ; 5.30958 ; -4.93982 ; 1.34495
7.31713 ; 7.8802 ; -5.48818 ; -4.40703
8.75755 ; 6.32789 ; -3.20565 ; 3.64221
8.46648 ; 7.78228 ; -5.47048 ; -5.24037
2.70092 ; 7.78275 ; 4.4176 ; -2.3558
3.03768 ; 7.88697 ; -0.288663 ; -0.77579
2.77892 ; 7.80011 ; 2.24059 ; -2.09104
2.65066 ; 2.2736 ; 4.25001 ; 1.42223
8.60106 ; 7.24299 ; -2.80039 ; -4.72569
7.44201 ; 3.67305 ; 3.52764 ; -3.68191
4.48994 ; 8.07791 ; -3.67475 ; -3.84708
2.78499 ; 2.33378 ; 5.8741 ; 2.16949
8.06072 ; 1.98937 ; 0.986022 ; 2.22477
2.65863 ; 3.52961 ; 1.51787 ; -2.8978
2.99185 ; 7.7358 ; 5.80175 ; -5.58818
8.48775 ; 3.41057 ; -2.77448 ; 6.60795
2.87632 ; 2.54514 ; 3.35002 ; 6.06793
2.76377 ; 7.59378 ; 3.18064 ; -0.0788119
7.2172 ; 6.01384 ; -4.7173 ; -0.925138
2.79931 ; 7.31743 ; 1.64201 ; -0.519528
2.85355 ; 7.90542 ; 3.77641 ; -4.7506
2.74523 ; 2.75587 ; 1.82801 ; 1.51874
4.10482 ; 6.69126 ; 3.03725 ; 3.56255
8.46192 ; 2.28192 ; -5.56446 ; 4.78932
8.69173 ; 7.86022 ; -3.17128 ; -1.94696
3.56253 ; 7.90278 ; -0.60513 ; -2.09921
7.93673 ; 7.67145 ; -6.91688 ; -5.26943
3.42814 ; 7.74701 ; 5.7284 ; -0.725156
5.55284 ; 2.07359 ; 5.48064 ; 2.50777
2.60334 ; 6.19736 ; 2.02518 ; 1.77333
5.96747 ; 7.7334 ; -4.64085 ; 0.598079
2.62765 ; 7.42751 ; 3.31277 ; -0.590683
3.32015 ; 4.76612 ; 5.53012 ; -4.12034
2.99753 ; 3.74942 ; -0.765391 ; -3.92678
2.97594 ; 7.89137 ; 0.735661 ; -3.45856
3.06765 ; 4.78721 ; -0.875435 ; -2.94874
5.31766 ; 1.99058 ; -3.98221 ; 2.99772
8.13251 ; 2.60341 ; -6.50349 ; 6.81207
3.38818 ; 7.76651 ; 1.18235 ; -0.037904
7.82292 ; 2.99995 ; -6.0165 ; 2.00768
8.53714 ; 7.92271 ; -3.58911 ; -4.92844
2.81647 ; 2.42702 ; 4.35395 ; -0.376792
8.60923 ; 2.29529 ; -4.61751 ; 3.10191
3.45921 ; 4.74189 ; 1.64045 ; 3.10018
3.70246 ; 2.01649 ; -2.22883 ; 1.25054
8.59021 ; 7.55594 ; -3.51961 ; -4.59362
8.74465 ; 7.53841 ; -3.69727 ; 0.588398
8.30304 ; 7.78881 ; -6.12258 ; -3.30291
5.73115 ; 5.91922 ; 4.98486 ; -5.29288
8.43763 ; 3.21957 ; 0.401065 ; -2.59717
8.49274 ; 7.89123 ; -4.16488 ; -4.6624
3.1441 ; 7.62454 ; 6.55156 ; -6.06294
5.68845 ; 2.42625 ; 0.796957 ; -1.23661
2.75459 ; 2.15774 ; 2.27022 ; 1.44645
8.48682 ; 2.19271 ; -3.97543 ; 5.07215
3.16368 ; 2.55589 ; 6.48124 ; 6.71346
8.09094 ; 2.86917 ; 1.70486 ; -2.38086
8.12962 ; 8.07102 ; -0.62126 ; -4.19698
2.73559 ; 6.81168 ; 3.1845 ; 3.03411
3.86973 ; 7.86183 ; 3.92635 ; -1.14487
6.03979 ; 2.14656 ; -1.50744 ; 0.375382
8.50999 ; 2.26329 ; -1.73909 ; 3.3696
2.60989 ; 7.5084 ; 3.36553 ; -0.0891705
7.45469 ; 2.30758 ; 3.16927 ; 3.21803
7.83147 ; 7.89373 ; 2.30988 ; -3.60551
2.89976 ; 8.00535 ; 2.13024 ; -3.40134
6.11582 ; 6.75584 ; 2.87333 ; 1.27594
4.77035 ; 6.55618 ; -4.58575 ; 3.4707
8.58385 ; 6.40807 ; -2.78423 ; -5.85792
8.48912 ; 2.20055 ; -1.04244 ; 0.895551
8.41401 ; 2.21498 ; -1.48384 ; 1.02138
2.84851 ; 6.6915 ; 0.375848 ; -1.71109
5.97859 ; 2.48359 ; 5.57863 ; 4.17127
4.24484 ; 7.69486 ; -0.216573 ; 0.576467
8.50739 ; 2.23942 ; -4.73831 ; 4.74363
8.38557 ; 3.61928 ; 0.661478 ; -3.8417
4.32774 ; 7.53087 ; 3.01119 ; 1.30129
2.75181 ; 7.76269 ; 5.03123 ; -3.05659
3.02323 ; 7.5094 ; 3.16422 ; 0.933548
3.03293 ; 7.97086 ; 0.173632 ; -2.4105
8.70497 ; 7.38063 ; -2.07932 ; -0.537205
3.01604 ; 7.95242 ; 0.201909 ; -1.59282
7.97355 ; 2.08522 ; 1.71566 ; 1.39238
7.10012 ; 2.18522 ; -2.82989 ; 0.564936
8.5287 ; 2.11173 ; -3.00145 ; 4.17724
3.3054 ; 2.12904 ; -0.934411 ; 3.54326
4.59151 ; 6.90862 ; 6.11216 ; -4.9685
7.94142 ; 6.33506 ; 0.1595 ; -4.14615
2.73458 ; 2.58309 ; 1.17925 ; -1.32378
8.63186 ; 2.44801 ; -5.01396 ; 2.16288
2.84326 ; 2.07662 ; 1.97235 ; 3.86253
8.5473 ; 6.62525 ; -2.02298 ; -0.414599
6.8158 ; 7.83001 ; -0.256253 ; -0.290471
2.63105 ; 7.65284 ; 4.16234 ; -0.742789
8.29764 ; 2.10873 ; -3.16952 ; 4.2109
8.59936 ; 7.89477 ; -3.85211 ; -3.97438
2.91809 ; 7.60719 ; 4.32553 ; -0.458954
6.95411 ; 6.52469 ; 4.04816 ; 2.9223
8.24804 ; 2.03755 ; 0.25074 ; 1.90733
3.05836 ; 7.30784 ; 2.60262 ; 0.820736
2.83743 ; 2.09557 ; 2.77067 ; 3.73903
4.83358 ; 2.43571 ; -2.86014 ; -1.05336
8.74697 ; 7.60391 ; -2.98956 ; -0.182653
8.12273 ; 7.75494 ; -5.72077 ; -5.50548
8.37165 ; 2.10023 ; -2.82457 ; 4.45457
8.26135 ; 6.97518 ; -3.39492 ; -4.82069
4.13639 ; 2.27133 ; -2.17675 ; -0.242728
2.88423 ; 2.29589 ; 2.94758 ; 5.93167
8.38271 ; 7.44486 ; 0.705587 ; 1.1551
8.34285 ; 2.39183 ; -5.93171 ; 5.90233
2.83317 ; 2.06589 ; 1.63351 ; 3.00294
2.88896 ; 2.06671 ; 2.56262 ; 4.44106
3.64125 ; 5.24854 ; -0.507973 ; -5.42976
2.66171 ; 7.65113 ; 2.66584 ; -0.439246
6.74226 ; 2.70426 ; -4.82169 ; -2.1541
2.86196 ; 7.88088 ; 3.87315 ; -5.29955
2.91862 ; 7.9417 ; 3.13648 ; -5.0143
8.47587 ; 6.41248 ; -0.0531192 ; -0.943268
2.94933 ; 2.10985 ; 0.625233 ; 2.33334
8.39595 ; 2.42597 ; -4.45921 ; 6.60504
8.50074 ; 2.19977 ; -4.47478 ; 4.72505
2.78807 ; 7.95012 ; 2.8997 ; -3.39444
8.76875 ; 2.83456 ; -2.79426 ; -1.00366
8.50818 ; 2.21732 ; -4.47038 ; 4.89677
8.58414 ; 2.26906 ; -3.46963 ; 3.6903
7.30053 ; 7.8878 ; 3.6356 ; -1.22392
8.53703 ; 2.2805 ; -5.27243 ; 3.86967
4.27547 ; 7.33857 ; 4.51768 ; 1.84285
7.98929 ; 5.71121 ; -2.70694 ; -4.81144
8.33104 ; 7.14182 ; -3.50127 ; 0.268274
8.60533 ; 7.95807 ; -2.68556 ; -3.35986
2.77491 ; 7.93687 ; 3.48517 ; -3.75332
8.6221 ; 7.80551 ; -3.95162 ; -2.59645
2.85326 ; 7.89477 ; 4.14656 ; -3.50365
2.66461 ; 2.72574 ; 2.06232 ; -0.0396048
8.49669 ; 7.92556 ; -3.49019 ; -4.97401
7.6748 ; 6.74517 ; -5.36188 ; 2.14907
6.50852 ; 7.1514 ; -3.54116 ; -5.62087
8.45766 ; 5.02499 ; -0.91267 ; 0.975644
8.16212 ; 7.64688 ; 1.02484 ; 0.591322
5.0541 ; 3.71921 ; -3.76063 ; -4.25194
8.47875 ; 2.2629 ; -5.20264 ; 4.77148
8.12862 ; 6.7989 ; -1.29511 ; 2.77491
8.57608 ; 7.96797 ; -2.52148 ; -3.10588
7.24969 ; 7.83042 ; -5.1066 ; -0.694864
7.32507 ; 7.09238 ; 1.84229 ; 2.71637
8.55971 ; 2.17746 ; -3.03168 ; 3.83678
8.43232 ; 4.22894 ; -2.10636 ; -3.97426
8.36049 ; 2.80269 ; -4.30183 ; 7.19019
7.94804 ; 2.80856 ; -6.9931 ; 7.16629
2.7688 ; 7.8655 ; 1.81425 ; -1.83111
7.82957 ; 5.83134 ; 2.34569 ; 0.883368
8.39459 ; 7.94725 ; -2.55329 ; -5.34458
3.17709 ; 8.02709 ; -0.518168 ; -1.77629
8.13567 ; 8.02218 ; 0.994019 ; -1.55451
3.17241 ; 7.73489 ; 0.148456 ; 0.112518
8.30737 ; 2.0507 ; -0.220386 ; 4.52804
7.40095 ; 2.08037 ; 2.03038 ; 1.1721
8.62333 ; 7.77258 ; -3.66515 ; -2.2631
2.6558 ; 2.90801 ; 1.59824 ; -1.23764
2.692 ; 2.20073 ; 3.06814 ; 1.47922
3.85659 ; 8.05199 ; 2.04591 ; -3.91698
8.7412 ; 7.00448 ; -1.70709 ; 1.89525
7.70642 ; 2.03996 ; 1.53633 ; 1.19825
3.33501 ; 4.11361 ; 3.40695 ; 6.47357
2.91637 ; 2.24111 ; 0.560557 ; 0.261501
7.98607 ; 7.8554 ; -3.6828 ; -1.31797
2.79435 ; 6.57077 ; 2.04197 ; -5.2806
8.56403 ; 2.22433 ; -4.74648 ; 3.68548
2.58224 ; 2.67726 ; 3.51119 ; -0.766692
5.00162 ; 3.06222 ; -1.18709 ; -3.01858
6.26152 ; 7.93553 ; -5.69218 ; -3.47662
2.6393 ; 7.55362 ; 3.43663 ; 0.277316
8.46533 ; 7.79344 ; -4.92189 ; -5.6705
8.45705 ; 7.78578 ; -3.84249 ; -6.27775
2.98987 ; 2.38698 ; 5.54286 ; 6.24941
2.65964 ; 4.39183 ; 4.13684 ; -4.33173
2.97128 ; 2.24161 ; 4.59089 ; 5.60741
3.40385 ; 7.34571 ; 7.16534 ; -6.95614
8.02011 ; 8.11565 ; 1.36965 ; -3.23715
3.09158 ; 8.06527 ; 0.0726248 ; -3.81989
8.57981 ; 2.20307 ; -1.88676 ; 1.33377
8.06896 ; 7.69253 ; 1.70727 ; 0.766835
2.6561 ; 2.24837 ; 3.75458 ; 1.36518
3.14675 ; 2.32156 ; 5.75381 ; 1.62521
7.87909 ; 2.48828 ; 2.14111 ; 0.493308
5.21161 ; 5.00877 ; 5.2761 ; -5.60799
7.75063 ; 3.36257 ; -3.35993 ; 0.0944338
3.52099 ; 2.78811 ; 7.37523 ; 6.92587
6.73698 ; 2.39729 ; -6.32721 ; 0.768989
8.51346 ; 7.21802 ; -2.2058 ; -5.25624
8.03235 ; 1.96766 ; 1.08004 ; 2.57216
8.21184 ; 7.89805 ; 0.340913 ; -1.98881
2.79787 ; 2.40256 ; 2.45072 ; 4.23431
7.85018 ; 2.11918 ; -3.73182 ; 4.29755
2.8574 ; 2.14979 ; 3.42382 ; 5.18623
8.43859 ; 2.31409 ; -4.78128 ; 5.78253
2.72602 ; 5.24483 ; 3.00904 ; 5.35034
3.57306 ; 1.93907 ; -1.38094 ; 3.45937
6.9324 ; 7.28349 ; 3.77854 ; 1.62151
3.22108 ; 3.25409 ; -1.05165 ; 2.82192
7.56532 ; 2.93618 ; 3.14611 ; 5.20774
2.71376 ; 2.38818 ; 1.77804 ; 0.507852
3.02754 ; 7.99341 ; 0.467178 ; -3.78653
2.80809 ; 7.4295 ; 1.2206 ; 1.07952
8.57874 ; 7.05567 ; -2.38084 ; 2.47988
2.84657 ; 8.00034 ; 1.88217 ; -3.24194
2.93114 ; 2.25843 ; 0.93098 ; 0.837756
3.00189 ; 2.38687 ; 6.36728 ; 5.17454
8.13132 ; 7.97438 ; 0.508325 ; -1.16816
3.10373 ; 2.40758 ; 6.52421 ; 5.83004
6.8337 ; 7.36726 ; 2.74981 ; -1.48983
3.02443 ; 2.10996 ; 0.304784 ; 2.42803
2.79603 ; 2.76498 ; 1.40795 ; 0.316323
3.16944 ; 2.38174 ; 5.91533 ; 0.641085
6.89828 ; 1.95278 ; 3.07338 ; 2.26985
2.97427 ; 2.35491 ; 5.99362 ; 5.52647
2.72793 ; 6.49441 ; 2.81803 ; -4.64227
2.80315 ; 7.81469 ; 3.58503 ; -4.3586
2.68759 ; 7.79455 ; 3.76105 ; -2.03003
4.01525 ; 3.86425 ; 0.974711 ; 3.08984
3.93916 ; 7.06442 ; -3.07534 ; -4.6311
2.85184 ; 2.05946 ; 1.74329 ; 2.38848
5.85134 ; 6.05219 ; -4.7361 ; 1.22669
8.63853 ; 2.82071 ; -3.03419 ; -1.41763
3.45578 ; 2.3477 ; -2.03365 ; 4.32973
8.21202 ; 2.47721 ; -6.25893 ; 6.34451
8.19338 ; 7.87271 ; 0.7674 ; -0.464431
8.76032 ; 7.59156 ; -3.58788 ; -0.207875
2.77462 ; 7.48586 ; 2.28011 ; 1.03564
6.60076 ; 4.53323 ; -6.10296 ; 5.28429
3.81828 ; 8.10441 ; -2.08015 ; -2.38565
8.15804 ; 6.3136 ; 1.74787 ; 3.33726
2.86537 ; 2.24782 ; 5.39615 ; 4.76392
2.6674 ; 7.36184 ; 1.63927 ; 1.27522
2.83409 ; 2.12155 ; 2.52155 ; 1.94078
2.83556 ; 2.18856 ; 4.96118 ; 4.35043
7.27337 ; 7.1212 ; -0.633277 ; -4.8486
8.56513 ; 2.25533 ; -5.24038 ; 3.00602
8.49029 ; 7.92983 ; -1.70934 ; -3.80352
5.33103 ; 2.58406 ; 2.63382 ; -1.78046
3.08951 ; 2.46787 ; 6.2848 ; 6.36225
2.97137 ; 2.75039 ; 4.53956 ; 3.22525
4.2907 ; 7.40153 ; 5.48729 ; 1.08114
2.90088 ; 7.88927 ; 3.01807 ; -5.67072
8.13524 ; 2.012 ; 0.908693 ; 2.61276
8.43203 ; 2.28323 ; -4.7105 ; 5.76472
5.1435 ; 7.5539 ; -4.84347 ; -3.15672
8.45397 ; 3.22486 ; -4.74112 ; -1.47808
3.27188 ; 2.87457 ; -1.36773 ; -2.43875
3.0931 ; 1.97296 ; 0.21461 ; 3.3958
8.08326 ; 2.74777 ; -6.57523 ; 7.18381
8.05918 ; 7.32353 ; -6.73882 ; -7.16791
2.89491 ; 7.81638 ; 5.76337 ; -3.52054
3.05272 ; 7.85422 ; 5.27647 ; -3.43318
8.36641 ; 7.42531 ; 0.468171 ; -0.619345
8.63389 ; 7.8881 ; -4.07489 ; -2.99104
8.3916 ; 2.33711 ; -5.8187 ; 5.43562
4.39607 ; 6.59829 ; 4.63861 ; 3.53686
2.70812 ; 2.20843 ; 4.04389 ; 2.75396
7.29222 ; 8.01171 ; -0.953369 ; -1.97997
3.16946 ; 2.518 ; 6.66633 ; 6.44113
3.22813 ; 2.03954 ; -0.717515 ; 1.35715
4.0053 ; 2.09059 ; 1.06216 ; 0.962486
2.76533 ; 7.84496 ; 3.83992 ; -3.76481
8.14459 ; 6.84504 ; 1.79067 ; 1.66314
8.40005 ; 7.98365 ; -2.04048 ; -5.10264
8.4177 ; 2.27941 ; -4.49178 ; 5.85002
8.70254 ; 7.82956 ; -3.69767 ; -1.87795
2.86286 ; 7.42925 ; 3.45673 ; -5.82686
3.14027 ; 7.72535 ; 0.153426 ; -2.62679
8.6864 ; 6.94918 ; -1.32192 ; 1.22898
3.26955 ; 2.09097 ; -1.25533 ; 0.873278
2.88062 ; 2.26079 ; 4.83842 ; 1.32571
2.70675 ; 2.67638 ; 1.13278 ; -1.36941
7.08996 ; 2.17189 ; 1.32952 ; 0.180472
8.39646 ; 7.02828 ; 0.655419 ; 0.773223
2.71096 ; 6.84898 ; 2.45686 ; 2.86971
4.44985 ; 7.95347 ; -1.59686 ; -0.866333
3.28637 ; 3.60135 ; 0.962966 ; -1.80223
4.62064 ; 7.00433 ; -1.3267 ; 2.76015
7.74394 ; 2.17924 ; -5.14785 ; 2.85309
2.92475 ; 4.49539 ; -0.463622 ; 0.242672
7.29175 ; 2.15275 ; -5.25936 ; 2.22107
7.93441 ; 4.26879 ; 2.39183 ; 5.22727
