7.95757 ; 3.72051 ; -3.39165 ; -4.28515
8.42703 ; 4.09391 ; -3.30862 ; 5.33708
8.46789 ; 3.39951 ; -3.29034 ; 2.05418
3.78972 ; 2.98666 ; 7.36219 ; 6.89571
5.71366 ; 6.63209 ; -3.52873 ; -6.5899
3.67603 ; 3.14676 ; 7.06686 ; 7.28365
7.93352 ; 6.38679 ; -5.28052 ; -3.56002
7.38917 ; 4.82082 ; -4.66313 ; 6.10642
8.24683 ; 2.98425 ; -0.203318 ; 6.06699
8.35067 ; 7.64992 ; -4.10816 ; -5.28845
8.52135 ; 4.54379 ; -2.91922 ; -4.69084
6.59967 ; 6.80139 ; 4.57029 ; -5.37668
2.8695 ; 2.83666 ; 1.25638 ; -1.45211
3.59178 ; 2.3653 ; -2.07041 ; 4.90591
7.85358 ; 2.48485 ; 1.75093 ; 0.596256
7.28518 ; 7.85678 ; 3.32801 ; -3.33996
2.87664 ; 2.51971 ; 3.38095 ; 0.246047
8.36902 ; 7.44427 ; -5.76247 ; -1.80944
6.61911 ; 4.91653 ; -2.86696 ; -2.90268
3.87992 ; 7.42525 ; -2.71684 ; -2.68837
7.82187 ; 7.10055 ; -6.85492 ; -7.09885
3.45636 ; 7.32815 ; 7.06401 ; -6.10809
8.13367 ; 7.6657 ; -4.03136 ; -5.31097
6.47764 ; 6.95322 ; 5.05854 ; -3.8849
3.27222 ; 7.84449 ; 1.08046 ; -3.74572
8.2682 ; 3.97132 ; 0.183139 ; 5.56236
5.10756 ; 2.51214 ; -3.52418 ; 4.78846
5.79954 ; 3.51743 ; -5.82779 ; 2.79805
3.95538 ; 3.28639 ; 7.35167 ; 7.26733
6.46455 ; 3.38092 ; 3.55243 ; -3.73308
8.45953 ; 7.09821 ; -2.79724 ; -3.98577
6.51495 ; 2.23863 ; -4.13218 ; 2.49465
8.42615 ; 7.72349 ; -3.17108 ; -4.0426
8.33399 ; 6.41594 ; -5.87488 ; 2.74308
2.90474 ; 2.38175 ; 1.57539 ; 0.892623
8.28209 ; 2.44747 ; -5.03389 ; 5.06851
3.31858 ; 2.32111 ; -0.303945 ; 0.318879
3.05462 ; 2.27156 ; 3.05869 ; 4.05417
3.14997 ; 7.53168 ; 4.34013 ; -6.30914
3.0861 ; 5.9802 ; -0.833792 ; 3.90778
4.51545 ; 4.72722 ; 2.6346 ; 5.80834
3.90917 ; 7.58422 ; 2.91799 ; -6.26847
5.94968 ; 3.89051 ; 5.44528 ; 5.5707
3.90144 ; 2.34346 ; 5.35263 ; 2.38363
2.94726 ; 5.31079 ; 4.75002 ; -4.45064
3.39111 ; 2.2994 ; 2.73227 ; 3.44048
7.89454 ; 2.73375 ; -7.04722 ; 5.93318
2.91065 ; 3.2994 ; 3.5456 ; 2.27043
2.90402 ; 2.82158 ; 1.43282 ; -0.258884
7.78087 ; 3.04172 ; -6.85944 ; 7.19947
2.94515 ; 2.26467 ; 2.90293 ; 2.40378
7.76562 ; 2.95065 ; -7.02633 ; 6.97563
3.13145 ; 2.42156 ; 5.5533 ; 4.75459
3.45354 ; 7.23579 ; 6.91084 ; -6.51905
5.24121 ; 3.18762 ; -3.6936 ; -2.59853
3.03467 ; 6.3671 ; 3.07637 ; -6.38385
8.203 ; 3.06044 ; -5.3261 ; 6.17739
3.07254 ; 7.58732 ; 3.53553 ; -5.9459
8.07225 ; 2.75836 ; -6.01831 ; 6.6331
8.42398 ; 7.75522 ; -3.38797 ; -4.04233
4.46799 ; 3.14127 ; -4.38505 ; 4.86198
3.35574 ; 2.62188 ; 6.59425 ; 5.90507
3.12378 ; 7.55351 ; 4.26811 ; -6.18111
8.1785 ; 2.49709 ; 0.471464 ; 3.42784
7.44992 ; 6.59568 ; -7.15054 ; -7.37103
3.62521 ; 7.59286 ; -0.903973 ; -6.4382
8.4471 ; 2.38351 ; -4.12572 ; 2.73011
8.02136 ; 2.42247 ; -3.49123 ; 5.65629
3.0141 ; 2.27509 ; 2.84381 ; 4.5571
2.85927 ; 4.23055 ; 4.32116 ; -3.57472
8.1134 ; 2.42898 ; 0.872876 ; 3.40244
3.85493 ; 2.15334 ; -2.31497 ; 1.81297
8.2486 ; 2.46985 ; -5.0598 ; 5.38999
3.27177 ; 3.45466 ; -1.32824 ; -3.34218
2.83594 ; 6.96028 ; 3.66245 ; -0.473928
7.92615 ; 7.2187 ; -6.44269 ; -6.984
8.35184 ; 2.45549 ; -5.55665 ; 2.56412
8.47962 ; 2.65807 ; -2.6149 ; 1.9979
7.38989 ; 2.28345 ; -3.65108 ; 3.99901
7.60625 ; 7.74024 ; -4.86818 ; -1.8347
8.44763 ; 3.64207 ; -5.19769 ; -2.655
8.20073 ; 7.31971 ; -4.68987 ; -6.51176
2.9721 ; 7.46975 ; 3.07399 ; -4.04411
3.10924 ; 2.46766 ; 5.22466 ; 5.61343
8.29071 ; 7.50173 ; -5.5465 ; -4.72666
7.69097 ; 2.17548 ; 1.41592 ; 1.90912
8.37064 ; 7.46923 ; -2.40239 ; -5.81028
7.98353 ; 6.2953 ; -0.606759 ; -1.18779
8.43858 ; 4.74474 ; -0.790133 ; -4.92672
3.46067 ; 7.19562 ; 6.73952 ; -6.8139
3.14654 ; 7.44009 ; 4.18923 ; -6.74868
5.13869 ; 2.39354 ; 0.752875 ; -0.422981
7.80471 ; 2.59876 ; -4.01422 ; 2.44387
7.04353 ; 2.53647 ; -6.16788 ; 5.41827
6.31976 ; 3.01653 ; 4.54867 ; 6.18906
7.88345 ; 7.14182 ; -6.81819 ; -6.9096
3.03577 ; 7.06904 ; -0.425807 ; 2.24271
2.9979 ; 4.28603 ; 2.41706 ; 4.60827
7.39855 ; 2.23992 ; 2.82834 ; 4.54435
8.1134 ; 7.51907 ; -6.20697 ; -4.65993
3.28828 ; 7.27642 ; 5.8719 ; -6.91517
8.27496 ; 2.50662 ; -4.13908 ; 5.99045
6.9351 ; 3.05572 ; 1.64526 ; 2.44424
8.58968 ; 6.33394 ; -2.41322 ; 2.29099
2.81039 ; 7.32852 ; 3.28287 ; 1.01826
3.24398 ; 2.65803 ; 5.64445 ; 6.63767
7.45914 ; 5.58676 ; 0.722824 ; -4.98145
3.26988 ; 7.6175 ; 6.06013 ; -1.51639
6.7218 ; 7.60573 ; -1.99935 ; 0.314185
8.52052 ; 7.39622 ; -4.35573 ; 0.727855
8.5506 ; 5.51214 ; -1.52052 ; -0.699762
3.50437 ; 7.81743 ; -1.29819 ; -1.43565
8.31591 ; 7.61996 ; -5.97145 ; -2.75588
7.89598 ; 2.28298 ; -3.42976 ; 2.20306
3.94927 ; 7.80632 ; -2.75682 ; -4.55316
8.4734 ; 7.74016 ; -3.53371 ; -2.86475
8.15768 ; 2.60316 ; -5.44517 ; 6.28449
3.35141 ; 2.38053 ; 5.52501 ; 0.855973
8.02818 ; 5.91387 ; -3.78692 ; 4.95088
2.99131 ; 7.53564 ; 5.57752 ; -0.976688
8.22458 ; 7.59556 ; -3.13994 ; -6.22039
3.10035 ; 7.65003 ; -0.0265719 ; -1.19485
7.07168 ; 7.44097 ; 3.83572 ; 1.07668
4.21885 ; 5.04366 ; -2.37941 ; -5.691
3.04348 ; 7.42919 ; 0.0229579 ; 1.19868
3.08086 ; 6.06205 ; 4.21936 ; 3.31548
7.59931 ; 7.50947 ; -4.53591 ; -3.44209
3.66982 ; 2.97033 ; 7.22607 ; 6.99636
2.93802 ; 4.43784 ; 3.278 ; 5.86339
3.01845 ; 6.72233 ; 2.51103 ; -5.62569
8.19144 ; 2.68527 ; -5.37153 ; 6.19464
7.72397 ; 6.88253 ; -5.22588 ; 3.07461
3.29284 ; 7.23878 ; 5.84695 ; -7.0011
4.12235 ; 7.63825 ; 6.56166 ; -3.87421
8.02035 ; 2.95389 ; 0.462024 ; 3.64861
7.56317 ; 2.19873 ; 2.25149 ; 0.927789
3.13488 ; 7.55976 ; 5.7964 ; -5.15494
8.20936 ; 7.6162 ; -3.28773 ; -6.02787
8.2308 ; 7.58532 ; -5.05064 ; -5.61216
7.4803 ; 7.41214 ; -7.22774 ; -5.35938
8.44405 ; 2.40974 ; -4.42407 ; 1.57881
7.25581 ; 7.29516 ; -6.95413 ; -6.28102
8.28738 ; 7.85487 ; -0.295059 ; -2.4434
7.67949 ; 6.96001 ; -3.02009 ; 2.69248
7.84105 ; 2.44967 ; -6.21169 ; 4.30685
8.43089 ; 3.8902 ; -5.42164 ; -2.12708
3.78407 ; 7.80391 ; -1.3402 ; -5.06446
3.00769 ; 7.66957 ; 5.21785 ; -3.35601
3.33937 ; 3.56256 ; 6.01987 ; 6.93742
3.85759 ; 3.00556 ; 7.44978 ; 6.82645
3.14281 ; 2.33838 ; 0.0482647 ; 0.138843
8.04921 ; 2.66428 ; -1.44918 ; -1.51979
3.70569 ; 3.16066 ; 7.105 ; 7.30887
6.47496 ; 4.42208 ; 3.99828 ; -1.56429
8.25376 ; 7.54048 ; -5.6674 ; -5.08382
8.02677 ; 7.54594 ; -6.10537 ; -3.05531
4.33788 ; 4.28353 ; 4.76169 ; 2.84069
8.31843 ; 2.32833 ; -1.66924 ; 1.64566
7.82102 ; 2.81391 ; -7.15768 ; 6.13723
3.00501 ; 2.40605 ; 5.76987 ; 1.55558
8.0042 ; 7.16923 ; -6.06369 ; -7.20619
2.79829 ; 5.40889 ; 3.10541 ; 2.61615
7.84302 ; 3.24084 ; -4.22748 ; -3.02488
8.40448 ; 7.79679 ; -2.45583 ; -4.00431
8.17451 ; 7.77252 ; -1.40815 ; -4.92494
4.72596 ; 5.97253 ; -3.96005 ; -1.10913
5.01009 ; 6.18701 ; 5.67889 ; 4.6225
3.19531 ; 7.51767 ; 3.12754 ; -6.61203
7.27097 ; 5.53986 ; -5.9384 ; -6.41303
6.18828 ; 4.31965 ; 5.39454 ; 5.6462
6.173 ; 7.70109 ; 4.95115 ; -4.87246
7.89002 ; 7.1397 ; -6.74935 ; -7.03859
8.22346 ; 2.29493 ; -1.97615 ; 4.3728
8.13622 ; 2.97713 ; 0.23938 ; -0.628028
8.17124 ; 7.49768 ; -5.16286 ; -5.58337
3.98397 ; 2.31616 ; -0.0421537 ; 1.04034
3.21969 ; 2.16439 ; 0.252453 ; 2.85784
3.42088 ; 7.32898 ; 6.87987 ; -6.26213
3.09724 ; 3.26035 ; 0.00645328 ; 2.18493
4.28926 ; 6.8745 ; -1.90126 ; 2.85417
4.0673 ; 7.60237 ; 4.35402 ; -2.46983
3.2081 ; 3.43712 ; 5.20401 ; 6.99967
8.4506 ; 2.31297 ; -3.07768 ; 2.34011
8.082 ; 2.61073 ; -6.41041 ; 5.76649
8.29024 ; 2.38132 ; -4.22066 ; 2.81576
2.99118 ; 5.63379 ; 1.12191 ; 0.99239
2.94408 ; 2.3518 ; 4.55418 ; 1.78516
3.42104 ; 7.66185 ; 5.4365 ; -4.00635
3.06375 ; 2.3978 ; 5.2671 ; 4.60142
8.24157 ; 2.37903 ; -2.5699 ; 5.63622
6.29832 ; 7.66495 ; 4.78471 ; -5.26118
7.94503 ; 7.5526 ; -0.343232 ; -2.53326
3.00156 ; 2.42044 ; 5.2862 ; 3.60861
8.44515 ; 2.35849 ; -4.13819 ; 2.32066
2.83515 ; 3.30029 ; 3.77619 ; -3.15738
3.33158 ; 2.15359 ; -0.369454 ; 2.62482
7.7942 ; 2.97143 ; -6.95874 ; 6.98764
8.2681 ; 4.38172 ; -5.3797 ; 5.3911
3.57943 ; 7.27593 ; 7.23727 ; -6.34731
3.53327 ; 2.67523 ; 7.31886 ; 5.64771
6.96729 ; 3.80466 ; -7.19219 ; 7.18982
3.58475 ; 6.98431 ; 6.88171 ; -7.30513
3.07324 ; 3.66795 ; 3.85205 ; -4.17047
8.11446 ; 7.81136 ; 0.520858 ; -4.97285
3.62745 ; 2.98402 ; 7.11933 ; 7.08523
3.26012 ; 2.44617 ; 6.41159 ; 4.52796
3.92766 ; 6.71103 ; 7.29447 ; -7.3274
3.25605 ; 7.62163 ; 4.18063 ; -5.54507
5.92712 ; 6.82298 ; -5.57207 ; -5.92573
3.28742 ; 5.12705 ; -0.949595 ; -5.43294
8.04553 ; 2.84277 ; -5.72468 ; 7.09313
7.85465 ; 2.9158 ; 0.00772071 ; -1.7205
8.21868 ; 2.76904 ; -1.07733 ; 6.70418
8.48894 ; 2.53782 ; -3.29577 ; 0.202066
3.49561 ; 3.41364 ; 1.28309 ; 6.091
3.18519 ; 2.50097 ; -0.5648 ; 3.44414
3.12953 ; 2.63762 ; 4.25466 ; 6.80064
3.31368 ; 7.24968 ; 5.75318 ; -7.09369
3.46567 ; 2.79282 ; 6.89965 ; 6.69213
3.12706 ; 2.35177 ; 4.75684 ; 4.29412
3.35153 ; 2.66629 ; 6.65993 ; 6.26264
8.02367 ; 7.82976 ; 0.998835 ; -4.78145
7.72597 ; 2.89535 ; -7.20445 ; 6.67702
8.16616 ; 2.17466 ; 0.0574374 ; 3.04038
8.45381 ; 7.5236 ; -4.50163 ; -2.63712
8.31389 ; 2.36488 ; -3.19119 ; 5.25908
7.77098 ; 2.29038 ; 1.19703 ; 5.4039
2.93601 ; 7.69852 ; 3.89674 ; -3.16209
8.40655 ; 2.77105 ; -3.89211 ; 3.99234
7.97301 ; 7.76281 ; 0.15436 ; -5.51015
4.38231 ; 7.5885 ; -3.94129 ; 1.06509
2.79178 ; 6.32893 ; 3.0792 ; 2.76672
2.87955 ; 7.42912 ; 1.71092 ; 0.522575
7.65415 ; 2.27321 ; 0.69223 ; 4.36388
2.81989 ; 7.07255 ; 2.06602 ; 1.25747
2.97303 ; 6.9824 ; 0.500056 ; 0.89149
3.57542 ; 7.17569 ; 7.12566 ; -6.80416
3.55645 ; 7.79467 ; -0.955572 ; -5.23209
4.16093 ; 7.85681 ; -1.54603 ; -4.35736
3.24579 ; 2.61032 ; 4.37394 ; 6.69655
7.44372 ; 3.24792 ; -7.29471 ; 7.24107
3.71783 ; 6.36771 ; 6.13369 ; -4.34912
8.10888 ; 7.29356 ; -6.10796 ; -6.40134
5.67499 ; 7.54501 ; -4.77834 ; 0.749068
4.63904 ; 2.19273 ; -1.53371 ; 4.44273
3.06101 ; 7.51554 ; 4.07387 ; -5.15354
6.969 ; 7.45503 ; -6.04298 ; 1.40676
3.25885 ; 7.48326 ; 6.44106 ; -5.58568
7.50651 ; 3.34625 ; -7.17643 ; 7.3329
3.20912 ; 5.01469 ; 0.653822 ; -3.34487
8.23758 ; 7.80651 ; -0.381915 ; -1.45738
4.00723 ; 7.90407 ; -1.09413 ; -3.16205
3.22667 ; 7.54587 ; 6.48032 ; -4.81778
6.47015 ; 7.63231 ; 3.80958 ; -1.66778
4.45912 ; 7.86611 ; -3.33042 ; -2.09588
6.90664 ; 7.50654 ; -6.64424 ; -3.32109
3.68435 ; 6.91586 ; 7.15796 ; -7.15844
2.92983 ; 3.79016 ; 0.44845 ; -2.68119
2.83825 ; 7.42868 ; 3.14477 ; 0.217632
2.91965 ; 5.76799 ; 4.67575 ; 4.28532
8.19499 ; 7.6926 ; -1.55215 ; -5.83289
8.49812 ; 5.1105 ; -0.888416 ; -0.755612
8.1964 ; 2.60384 ; -5.19714 ; 6.21098
3.2464 ; 7.54388 ; 6.65575 ; -4.52742
7.9962 ; 7.35932 ; -6.79893 ; -6.02816
8.37478 ; 7.77178 ; -2.49473 ; -4.61918
8.0722 ; 7.7059 ; -1.89453 ; -5.6374
7.72563 ; 2.9788 ; -7.08593 ; 6.99244
3.96676 ; 3.47145 ; 7.25892 ; 7.33686
3.61769 ; 2.32424 ; 5.63097 ; 2.79883
7.75591 ; 2.23751 ; -0.0975122 ; 1.15764
3.66042 ; 2.29213 ; -2.31118 ; 1.07441
3.52589 ; 7.2217 ; 6.49636 ; -6.94988
7.91902 ; 2.97154 ; -6.354 ; 7.22245
7.51921 ; 7.82533 ; 2.83132 ; -3.55554
3.01388 ; 7.77965 ; 2.54767 ; -4.3431
3.89385 ; 2.18325 ; -2.53143 ; 4.11665
5.36792 ; 2.66939 ; -3.07455 ; -0.91523
3.08266 ; 5.87433 ; 3.708 ; 4.39474
6.46003 ; 2.33411 ; -3.67018 ; 0.777719
8.27777 ; 6.90813 ; -2.16086 ; -2.98536
4.05903 ; 3.40924 ; 7.3353 ; 7.29591
3.1226 ; 2.52786 ; 4.36048 ; 6.35341
6.14679 ; 5.78174 ; -5.80853 ; -6.05837
8.32821 ; 2.64984 ; -5.37451 ; 3.73765
3.06826 ; 2.64042 ; 0.889398 ; 1.61112
8.42513 ; 2.66233 ; -3.32645 ; 3.35814
6.66269 ; 7.7701 ; 4.53896 ; -3.38975
3.78515 ; 4.11072 ; 5.34643 ; 6.60312
3.02687 ; 7.17284 ; 3.46073 ; 0.839773
8.56972 ; 5.75519 ; -3.78057 ; 0.231383
6.22857 ; 2.18422 ; 4.40627 ; 3.22692
7.64833 ; 3.36986 ; -6.94052 ; 7.34316
7.49645 ; 3.24012 ; -7.25225 ; 7.26722
3.53665 ; 2.81911 ; 7.10939 ; 6.62408
7.92766 ; 7.66816 ; -4.60493 ; -5.00419
3.58014 ; 3.15117 ; -1.10801 ; 2.89508
3.70453 ; 3.081 ; 7.18315 ; 7.2001
7.70228 ; 7.5001 ; -5.89185 ; -5.84725
6.70636 ; 4.76915 ; 4.33131 ; -5.50684
7.37244 ; 6.74624 ; -7.30574 ; -7.26591
3.21037 ; 7.54556 ; 4.92521 ; -4.69004
2.99368 ; 4.35906 ; 5.9319 ; 0.677733
4.69933 ; 3.03065 ; 1.7485 ; -2.58101
8.06543 ; 2.76645 ; -5.82322 ; 6.85813
6.84269 ; 7.54537 ; -4.26688 ; 0.599928
8.20213 ; 2.41666 ; -4.89492 ; 4.81934
3.52416 ; 6.99859 ; 6.63967 ; -7.34272
8.23693 ; 2.45203 ; -1.02278 ; 6.19239
8.16295 ; 7.44944 ; -6.76516 ; -1.98597
2.97139 ; 6.16481 ; 4.51109 ; -4.8927
4.7024 ; 2.37108 ; 3.04522 ; 5.66965
6.7016 ; 7.69523 ; -5.89586 ; -4.15118
8.08069 ; 5.14722 ; 1.7056 ; 2.05431
2.88953 ; 6.21167 ; 3.75101 ; -3.23887
3.51091 ; 2.35324 ; 0.777041 ; 1.37318
6.15385 ; 4.61578 ; -3.44039 ; -4.8022
8.16458 ; 4.72278 ; -4.9767 ; 6.33109
4.52998 ; 7.08943 ; 5.47862 ; 2.65648
8.33705 ; 7.84549 ; -0.705482 ; -2.67981
6.5668 ; 4.54495 ; 4.88564 ; -4.58446
7.6604 ; 6.9189 ; -7.10812 ; -7.26768
3.58938 ; 7.14177 ; 7.1533 ; -6.85367
3.07243 ; 7.64227 ; 5.61992 ; -3.90151
7.76513 ; 3.18639 ; -6.81497 ; 7.26236
3.12199 ; 3.32841 ; -0.05068 ; 5.68656
5.21142 ; 7.3532 ; 5.76283 ; 1.37403
3.05308 ; 6.78979 ; 2.08087 ; -5.22759
2.88184 ; 4.32652 ; 4.80708 ; 2.02333
2.99882 ; 4.8689 ; 1.43179 ; -5.3644
3.24228 ; 7.35243 ; 6.16264 ; -6.05647
8.08349 ; 2.47145 ; -5.89029 ; 4.83515
3.2656 ; 2.71048 ; 5.76738 ; 6.7557
5.50523 ; 7.73217 ; 5.90431 ; -2.10691
2.81402 ; 6.24194 ; 1.75149 ; 2.41538
6.5764 ; 7.70198 ; 2.66916 ; -4.22566
7.89078 ; 4.66577 ; 1.89386 ; 5.00552
2.83195 ; 3.97581 ; 3.05931 ; -4.24261
7.96233 ; 2.7804 ; -6.57354 ; 6.65479
3.38213 ; 2.69957 ; 6.8026 ; 6.25951
8.08023 ; 7.65415 ; 0.789353 ; -0.597006
8.26672 ; 2.66818 ; -2.76212 ; 6.36283
8.20923 ; 2.5378 ; -5.21885 ; 5.80552
3.56654 ; 7.88218 ; -0.471313 ; -2.56937
8.00213 ; 2.6935 ; -5.81476 ; -0.236693
8.58334 ; 3.10863 ; -2.43148 ; -1.89892
4.62035 ; 7.81157 ; -3.97649 ; -4.11977
3.30028 ; 2.73427 ; 6.01805 ; 6.8235
3.42679 ; 2.9879 ; 6.43377 ; 7.22573
8.27429 ; 7.5573 ; -2.86055 ; -6.47632
3.85589 ; 6.84017 ; 7.29128 ; -7.26142
7.59945 ; 6.89627 ; -7.14255 ; -7.27849
6.74179 ; 2.81272 ; -4.58511 ; -2.38799
3.10835 ; 2.78221 ; -0.766123 ; -1.86846
3.04843 ; 7.12862 ; 5.37138 ; 1.95167
8.13655 ; 7.74414 ; 0.231366 ; -5.34159
8.25057 ; 2.48567 ; -5.10952 ; 5.31587
7.69708 ; 7.7041 ; -5.11792 ; -3.71297
8.14404 ; 2.57057 ; -5.32955 ; 6.10267
8.18191 ; 3.55655 ; -2.71466 ; -3.59572
8.12172 ; 4.05493 ; -0.194103 ; 2.8982
3.12906 ; 3.19068 ; -1.0282 ; -2.85055
2.84182 ; 7.55237 ; 3.85525 ; -0.628948
8.3738 ; 2.40641 ; -4.1218 ; 4.30154
3.08644 ; 7.62755 ; 4.75921 ; -4.73117
8.32601 ; 3.8015 ; -3.67459 ; 6.41383
3.17387 ; 2.49144 ; 6.6394 ; 3.17505
3.27639 ; 2.58871 ; 6.41866 ; 5.84711
2.88531 ; 7.5232 ; 3.04428 ; -1.64519
3.608 ; 2.42916 ; 5.10204 ; 5.31561
3.13733 ; 7.25441 ; 5.50731 ; -5.76453
3.69293 ; 2.92113 ; 7.33548 ; 6.75056
6.38791 ; 7.73276 ; 4.7769 ; -4.68168
5.1532 ; 3.20583 ; -3.76261 ; -3.30756
7.1782 ; 7.39896 ; 1.16971 ; 1.63048
3.18695 ; 2.37675 ; 0.193506 ; 5.86032
2.93016 ; 7.58141 ; 4.41767 ; -1.20326
7.61875 ; 3.05045 ; -7.23993 ; 7.05617
3.12748 ; 2.9272 ; 2.17613 ; 5.69794
3.11528 ; 6.81895 ; -0.247601 ; 2.74491
3.08867 ; 7.52877 ; 3.70417 ; -6.21881
3.22622 ; 5.6841 ; 4.26219 ; -6.46209
2.87123 ; 2.59547 ; 4.82027 ; 0.113312
3.18048 ; 4.99519 ; 4.79061 ; 5.55407
3.10191 ; 2.3358 ; 2.01827 ; 4.12153
8.29564 ; 7.59767 ; -5.53705 ; -4.77498
8.09639 ; 2.6206 ; -6.32479 ; 5.77692
8.15253 ; 7.49789 ; -6.14765 ; -5.65288
6.38837 ; 7.6906 ; 4.69564 ; -5.12229
6.49434 ; 2.38027 ; -5.57901 ; 1.95264
8.29381 ; 7.63196 ; -5.98662 ; -3.43685
3.18697 ; 7.37872 ; 4.83332 ; -6.85433
8.25785 ; 2.24187 ; -1.28748 ; 4.40098
3.37604 ; 7.75082 ; -1.00739 ; -5.2719
3.07454 ; 2.31563 ; 1.35846 ; 2.60551
8.38066 ; 7.64884 ; -4.25762 ; -4.8357
7.60265 ; 3.16486 ; 2.27724 ; -2.97381
8.28385 ; 3.98685 ; 0.378504 ; 5.29331
7.12023 ; 6.71538 ; -6.44978 ; -5.66918
7.05517 ; 7.42392 ; -6.45804 ; -5.94275
3.39048 ; 2.62875 ; 6.97122 ; 5.76348
3.11685 ; 7.04747 ; 5.06878 ; -5.96171
8.41258 ; 7.7063 ; -1.17475 ; -0.692075
2.80958 ; 4.74025 ; 3.95286 ; -1.75162
3.15578 ; 6.99936 ; 0.149553 ; -6.27852
2.89844 ; 2.4842 ; 5.06012 ; 0.625844
8.35734 ; 2.38431 ; -4.89796 ; 3.89763
3.53542 ; 7.23426 ; 7.04833 ; -6.62899
2.90516 ; 2.41588 ; 2.15556 ; 1.06274
3.02834 ; 7.13776 ; 5.18566 ; -4.24939
4.76837 ; 2.70375 ; -2.2702 ; 5.32992
6.77517 ; 7.18917 ; -5.27597 ; 2.36032
3.64525 ; 2.31666 ; 2.2878 ; 5.30247
7.73137 ; 2.65364 ; -6.9416 ; 5.69399
8.44599 ; 2.2946 ; -1.73507 ; 1.50754
7.63933 ; 6.15859 ; -5.45711 ; -2.86486
8.39251 ; 7.67862 ; -3.5518 ; -4.94212
8.53706 ; 6.67538 ; -3.90958 ; 3.18614
7.73449 ; 3.01717 ; -7.00862 ; 7.11854
3.26886 ; 2.59567 ; 6.04234 ; 6.1548
8.43794 ; 3.16756 ; -1.75815 ; 3.11766
2.85098 ; 4.41414 ; 4.65004 ; 0.91806
4.41707 ; 3.47431 ; 4.67022 ; -3.49548
8.33814 ; 2.84201 ; -5.08641 ; -0.931483
7.94728 ; 7.68217 ; -1.00734 ; -0.504579
8.16493 ; 2.64802 ; -6.30218 ; 4.63889
2.92748 ; 2.30618 ; 3.63693 ; 2.21563
3.56933 ; 7.68414 ; 0.0103902 ; -6.02115
2.87306 ; 2.493 ; 3.8879 ; 1.30093
8.32566 ; 7.38452 ; -1.94316 ; -6.50146
8.06474 ; 6.9542 ; -5.95121 ; -6.99955
3.20157 ; 5.62036 ; 3.16073 ; -6.33895
3.02655 ; 5.33342 ; 3.34803 ; -6.09753
7.73441 ; 6.79195 ; 0.957254 ; -5.65164
8.11492 ; 2.59132 ; -6.41907 ; 5.17623
2.81571 ; 6.85683 ; 2.20446 ; 2.7901
8.09639 ; 7.87028 ; -0.438118 ; -3.01305
3.06548 ; 7.54027 ; 2.98074 ; -5.99479
7.89734 ; 2.74759 ; -6.88845 ; 6.2943
8.31723 ; 6.50811 ; -4.84774 ; -5.84458
3.16542 ; 4.42707 ; -0.826522 ; 5.89278
2.80101 ; 3.73808 ; 3.23775 ; -3.1007
3.37198 ; 4.41861 ; 1.4192 ; 5.16552
8.34552 ; 7.62296 ; -4.9248 ; -4.77992
3.04469 ; 6.87077 ; -0.208926 ; 2.94711
3.67694 ; 7.63362 ; 3.16764 ; -4.70784
7.87654 ; 2.76363 ; -6.73644 ; 6.17371
3.11052 ; 2.44392 ; 5.70046 ; 4.6866
8.34627 ; 7.67332 ; -2.56574 ; -4.95767
8.10658 ; 7.45411 ; -6.37581 ; -5.86762
8.19161 ; 2.54585 ; 0.960234 ; -0.508286
5.62168 ; 2.34701 ; 4.21564 ; 4.01925
3.41207 ; 5.91978 ; 5.0557 ; 1.44878
3.01511 ; 2.37753 ; 5.19498 ; 3.29399
8.22278 ; 7.43585 ; -3.33492 ; -6.91255
6.08377 ; 2.15296 ; -0.475604 ; 2.02874
8.27002 ; 7.53208 ; -4.31658 ; -6.34357
3.68972 ; 7.30134 ; 7.21833 ; -6.16188
5.19872 ; 7.18217 ; -5.19772 ; 1.24342
3.45804 ; 2.30241 ; -1.35849 ; 5.43335
7.90318 ; 2.83463 ; -6.75389 ; 6.74261
8.22646 ; 2.50604 ; -5.20273 ; 5.65795
3.12693 ; 2.68842 ; 4.74322 ; 6.51859
8.41488 ; 2.77064 ; -2.08587 ; 4.12707
8.38912 ; 6.29117 ; 0.206048 ; 0.539214
5.6314 ; 7.7974 ; -2.49743 ; -5.00271
3.63181 ; 4.95672 ; -0.177314 ; 3.12374
5.93578 ; 7.87547 ; 1.27111 ; -3.83101
7.70425 ; 2.69821 ; -7.27728 ; 5.64451
8.28318 ; 7.54052 ; -2.1786 ; -6.63173
7.688 ; 3.18822 ; -6.89991 ; 7.35762
8.03863 ; 7.12957 ; -5.71891 ; -7.32782
8.23731 ; 2.85551 ; -0.936425 ; 5.63341
8.12372 ; 5.3789 ; 1.67999 ; 3.58941
8.44785 ; 3.74005 ; -5.33146 ; -0.479282
5.07148 ; 7.76811 ; 4.86996 ; -1.04103
7.36817 ; 3.30476 ; -7.28443 ; 7.26478
3.20978 ; 2.42609 ; 6.11397 ; 0.688612
8.18537 ; 7.53168 ; -5.32145 ; -5.84123
8.08176 ; 7.29929 ; -5.9164 ; -6.91658
3.3613 ; 7.2497 ; 6.31476 ; -6.93923
2.88743 ; 3.36718 ; 3.67361 ; -3.11257
4.93198 ; 7.59157 ; -4.4002 ; -5.84303
8.44054 ; 7.45545 ; -4.58542 ; -2.9532
2.84852 ; 2.46749 ; 3.84996 ; 0.78841
8.52911 ; 6.4561 ; -4.2566 ; 2.60968
8.11476 ; 7.61498 ; -6.55435 ; -3.52307
6.66397 ; 7.58634 ; 4.22808 ; -5.93165
5.3453 ; 3.59605 ; 0.432657 ; -4.00005
8.26701 ; 6.98033 ; -4.86329 ; -6.38016
8.56979 ; 2.97201 ; -3.63034 ; -1.12593
7.75541 ; 5.72473 ; 1.3664 ; 3.17622
8.51506 ; 3.93499 ; -4.18138 ; 1.67576
7.929 ; 7.38159 ; -7.01653 ; -5.8977
3.4208 ; 7.15271 ; 6.43047 ; -7.1359
2.79665 ; 6.09039 ; 3.29693 ; 1.62509
3.69093 ; 2.1374 ; -1.8378 ; 3.17438
6.16472 ; 2.30009 ; -5.936 ; 2.90089
3.34073 ; 7.38566 ; 6.86039 ; -5.38107
3.08256 ; 7.77045 ; 2.23643 ; -2.86758
2.85933 ; 6.89921 ; 2.96064 ; -0.856866
3.28788 ; 2.64774 ; 5.99856 ; 6.46716
6.84225 ; 2.5062 ; -2.03051 ; 5.19243
7.43838 ; 6.77973 ; -7.2987 ; -7.25856
2.97609 ; 2.2587 ; 2.39257 ; 3.99064
7.73187 ; 4.57995 ; -2.97609 ; -1.75672
7.91602 ; 7.20007 ; -6.79708 ; -6.75494
3.40944 ; 7.41555 ; 7.16589 ; -4.7366
3.0246 ; 2.25787 ; 1.15663 ; 3.62412
3.13946 ; 6.68557 ; 4.87359 ; -6.39278
3.76468 ; 3.73066 ; -0.455621 ; 4.52576
3.28941 ; 7.42993 ; 5.24124 ; -6.56893
8.19266 ; 2.45282 ; -4.62705 ; 5.36828
2.92085 ; 3.89379 ; 3.65736 ; 3.09038
3.69859 ; 3.01945 ; 7.22965 ; 7.08682
3.06732 ; 7.37011 ; 2.49439 ; -6.51525
3.05232 ; 2.67027 ; 3.54971 ; 6.31271
7.90527 ; 3.01018 ; -6.34749 ; 7.2732
7.37497 ; 2.55353 ; 3.29567 ; -0.214305
8.43855 ; 5.74344 ; -3.10671 ; -5.8272
4.14296 ; 6.86048 ; -3.09913 ; 1.40998
2.83783 ; 2.47803 ; 3.53774 ; 0.602837
6.22972 ; 4.54173 ; 5.39905 ; 4.61193
3.75666 ; 2.30413 ; -2.56404 ; 4.44436
5.5035 ; 2.70661 ; -5.73423 ; 1.99332
3.52245 ; 4.05651 ; 4.18411 ; 5.88029
8.51864 ; 5.68301 ; -4.3659 ; 2.75597
3.19026 ; 7.71666 ; 4.47556 ; -3.16089
2.86019 ; 6.00695 ; 4.68925 ; 2.63739
4.05225 ; 2.34876 ; 1.2901 ; 1.24486
8.12262 ; 7.85978 ; -0.15454 ; -2.69419
3.80609 ; 2.19479 ; 1.27649 ; 2.29898
7.96224 ; 7.26866 ; -6.67052 ; -6.74088
3.44096 ; 2.22629 ; 0.283311 ; 1.49978
4.17239 ; 7.59063 ; 3.81628 ; -1.90885
7.84729 ; 7.40033 ; -1.97535 ; -3.2235
8.34229 ; 7.74593 ; -1.22053 ; -4.59972
3.35257 ; 7.43524 ; 7.01254 ; -4.81121
3.54752 ; 2.28974 ; -1.31126 ; 4.06428
3.14298 ; 7.6308 ; -0.0312557 ; -3.20078
2.97248 ; 2.2404 ; 1.65915 ; 1.82667
7.88326 ; 7.72882 ; -2.73252 ; -5.18645
2.90574 ; 4.12342 ; 1.13576 ; 3.52571
5.7695 ; 7.59267 ; 5.00354 ; -4.14184
7.91258 ; 2.33901 ; 0.867868 ; 3.21456
7.95196 ; 2.48567 ; -1.84559 ; 1.911
7.54518 ; 3.04211 ; -7.33348 ; 6.95205
2.97982 ; 7.24773 ; 1.34989 ; -1.64793
2.95827 ; 7.77182 ; 2.4128 ; -3.24216
8.22 ; 2.50435 ; -6.04732 ; 4.48318
7.75974 ; 7.41013 ; 2.61383 ; -0.857052
4.79036 ; 2.42021 ; 3.22769 ; 4.11077
8.29815 ; 3.87795 ; -0.0657949 ; -3.14553
3.01626 ; 3.26127 ; 0.692736 ; 3.36531
2.83038 ; 4.08646 ; 1.82911 ; -0.443696
8.3134 ; 7.50024 ; -4.11297 ; -5.17114
8.35155 ; 2.25084 ; -2.05183 ; 3.24487
8.20205 ; 3.96475 ; -4.17363 ; 6.88517
3.35966 ; 3.76787 ; 4.03104 ; 6.88715
7.74406 ; 2.92513 ; -7.00485 ; 6.91737
7.63688 ; 2.98161 ; -7.23853 ; 6.90285
3.52952 ; 7.31119 ; 7.15478 ; -6.17743
3.3319 ; 7.23447 ; 6.24851 ; -6.84383
8.20226 ; 7.05519 ; -5.22322 ; -6.69033
7.92202 ; 7.46984 ; -5.86824 ; -1.95917
4.87117 ; 2.4253 ; 6.11968 ; 4.76064
5.08651 ; 7.54248 ; 4.98781 ; 1.05522
7.95531 ; 7.78182 ; 1.33365 ; -4.8059
7.77695 ; 2.26447 ; -3.19348 ; 3.16624
4.00423 ; 6.66977 ; 7.32607 ; -7.31419
3.34468 ; 2.17876 ; -0.105734 ; 4.06266
7.93264 ; 6.04657 ; 2.24051 ; 4.19033
8.45548 ; 4.04454 ; -0.269591 ; -4.14645
8.46483 ; 7.70555 ; -3.37044 ; -2.81451
8.24988 ; 3.07519 ; -4.28382 ; 6.74208
4.13869 ; 2.31643 ; 4.93391 ; 4.08707
8.1973 ; 7.58483 ; -5.06877 ; -5.48355
3.24132 ; 5.8866 ; 5.651 ; -6.4889
3.03556 ; 5.84237 ; 5.21542 ; -5.09619
7.67743 ; 2.87449 ; -7.29158 ; 6.5584
3.36966 ; 7.39526 ; 6.68413 ; -6.07664
7.73602 ; 7.7114 ; 1.87559 ; -0.0182267
4.28409 ; 2.4732 ; 6.66904 ; 4.74973
7.45733 ; 2.43584 ; 2.10371 ; 6.15258
8.18151 ; 7.60428 ; -6.37981 ; -4.05234
8.4205 ; 5.3067 ; -3.59827 ; 4.15892
8.52349 ; 7.66538 ; -3.2562 ; -1.5998
5.37692 ; 7.87293 ; -0.220894 ; -1.83072
2.88019 ; 2.39903 ; 2.4052 ; 0.368536
4.17631 ; 6.36661 ; -4.01883 ; -4.95861
8.30796 ; 7.84598 ; -0.709918 ; -3.73405
7.87442 ; 6.63134 ; -4.72241 ; -6.94441
3.81816 ; 3.11189 ; 7.3246 ; 7.14123
2.90679 ; 6.28243 ; 2.53544 ; -3.67475
3.53956 ; 7.2323 ; 6.35776 ; -6.95094
8.02497 ; 2.6477 ; -6.75856 ; 5.39541
8.23562 ; 7.77534 ; -0.665581 ; -5.16128
3.40863 ; 7.2778 ; 6.75363 ; -6.57646
7.83261 ; 6.97517 ; 0.994516 ; -5.88795
8.19366 ; 2.29927 ; -1.47929 ; 4.89878
8.33896 ; 2.28523 ; -2.7166 ; 2.64089
2.98235 ; 5.73861 ; 2.93379 ; -6.15389
3.91286 ; 7.87566 ; -2.88857 ; -2.83532
3.01521 ; 2.28586 ; 3.76629 ; 3.8854
7.32862 ; 5.77631 ; 0.589538 ; -5.8446
3.99499 ; 6.78136 ; 7.33702 ; -7.25732
6.43224 ; 2.532 ; 3.00019 ; -0.936931
7.50402 ; 6.86024 ; -7.25487 ; -7.24479
7.2543 ; 6.6023 ; -7.29873 ; -7.27365
3.22116 ; 2.75888 ; 5.43466 ; 6.92097
8.22987 ; 7.5713 ; -4.77971 ; -5.8187
3.64961 ; 7.508 ; 6.1555 ; -5.61704
8.30699 ; 4.05655 ; 0.0094049 ; -4.26255
4.38199 ; 2.32865 ; 6.15059 ; 3.40521
8.45493 ; 2.30169 ; -2.71968 ; 2.39449
2.93432 ; 2.39032 ; 4.38188 ; 3.16411
3.23835 ; 7.65114 ; 2.44878 ; -1.61247
8.21261 ; 2.5567 ; -5.41036 ; 2.38549
8.33397 ; 5.13248 ; 0.62509 ; 3.69908
8.15281 ; 7.55602 ; -5.46764 ; -5.67745
3.40433 ; 2.65945 ; 6.93836 ; 5.97996
2.94116 ; 6.91882 ; 0.586532 ; 2.12691
7.73098 ; 7.15175 ; -7.21975 ; -6.76251
8.15968 ; 4.19162 ; -5.21387 ; 6.51759
6.9784 ; 2.21074 ; -2.32241 ; 2.08566
4.14983 ; 6.87325 ; -2.20155 ; -1.05584
8.43683 ; 7.60558 ; -4.30029 ; -0.497884
8.11422 ; 2.55691 ; -5.80007 ; 5.77189
3.57693 ; 3.4503 ; 4.69073 ; -3.83832
8.12443 ; 7.45101 ; -6.44782 ; -5.38894
7.84389 ; 2.32797 ; -3.91733 ; 4.31985
8.53833 ; 6.35908 ; -1.35955 ; 1.03151
2.85346 ; 2.65768 ; 3.33171 ; -1.20878
3.78672 ; 6.99127 ; 7.3308 ; -7.08613
3.39285 ; 7.30551 ; 6.76253 ; -6.36985
3.88643 ; 3.26384 ; 7.29884 ; 7.29717
3.1447 ; 2.47826 ; 5.67087 ; 5.21066
8.43799 ; 4.53187 ; -0.0667058 ; -3.73842
8.39409 ; 6.82339 ; -3.94401 ; 1.62015
7.78855 ; 6.3497 ; -0.41112 ; -3.71528
2.88001 ; 7.07818 ; 4.59256 ; 1.38413
2.92919 ; 2.42521 ; 4.5849 ; 2.67648
3.45178 ; 7.06774 ; 6.67403 ; -6.99983
7.50582 ; 3.16306 ; -7.26612 ; 7.17587
5.67645 ; 2.19472 ; -1.24494 ; 1.32035
3.1285 ; 2.4683 ; 5.52549 ; 4.45606
3.78136 ; 2.32435 ; 4.15538 ; 4.44976
3.74529 ; 5.89335 ; -2.88949 ; -5.55183
3.7774 ; 2.14291 ; -1.84538 ; 2.39595
7.05158 ; 4.62247 ; 1.84768 ; 5.88308
8.3833 ; 3.83915 ; -2.8852 ; -3.99239
3.89663 ; 2.23344 ; -1.34821 ; 4.92687
3.75474 ; 7.56991 ; 6.11219 ; -5.11887
7.38988 ; 7.80703 ; 3.21976 ; -4.64343
3.21738 ; 7.67445 ; -0.830047 ; -0.960359
7.45777 ; 3.32916 ; -7.23633 ; 7.31247
3.31733 ; 4.82305 ; 5.01251 ; -3.71109
4.28923 ; 2.58145 ; 5.53898 ; -1.24347
2.94256 ; 2.26107 ; 2.95604 ; 3.44753
7.73738 ; 7.06043 ; -7.04869 ; -7.10731
3.24725 ; 7.42882 ; 5.54036 ; -5.15203
5.24513 ; 7.74024 ; -5.1089 ; -1.69559
2.98711 ; 7.76848 ; 2.95717 ; -4.15669
8.20705 ; 7.69642 ; -3.27502 ; -2.39983
5.57625 ; 2.36565 ; -4.17099 ; 5.32505
8.39999 ; 3.32962 ; 0.117918 ; -1.97597
8.15051 ; 6.60133 ; 0.805575 ; 3.6504
7.64936 ; 3.5125 ; -6.80653 ; 7.37884
7.62626 ; 2.41766 ; 1.62276 ; 0.247324
8.23652 ; 2.6554 ; -6.38889 ; 2.24008
7.95995 ; 7.02483 ; -6.23392 ; -7.32748
8.19291 ; 7.41887 ; 0.688494 ; 1.3208
8.47795 ; 4.40098 ; -1.47136 ; -4.57358
3.41705 ; 7.63282 ; 5.0596 ; -5.09426
8.55944 ; 6.09093 ; -1.85552 ; 3.84142
8.57028 ; 4.66854 ; -2.11525 ; -1.57255
3.49873 ; 2.78246 ; 6.98969 ; 6.58852
2.80456 ; 3.84781 ; 3.42201 ; -2.03791
3.40362 ; 2.45865 ; 6.07361 ; 1.10883
8.34602 ; 7.6473 ; -2.30893 ; -5.54539
3.24444 ; 6.7854 ; 5.15203 ; -7.23928
7.57735 ; 7.03189 ; -5.03483 ; 1.85734
8.23172 ; 2.36749 ; -4.71484 ; 2.8724
6.34299 ; 7.33737 ; 0.172038 ; 0.130142
8.29202 ; 7.24067 ; 0.49683 ; -0.290514
3.081 ; 7.61435 ; 3.81078 ; -5.85102
3.079 ; 2.5051 ; 4.27851 ; 5.36156
4.55115 ; 7.89512 ; -0.0111854 ; -3.53205
8.14436 ; 7.39889 ; -2.96387 ; -7.03496
4.27971 ; 3.15363 ; -2.79674 ; 6.49788
5.83578 ; 7.70133 ; -5.61091 ; -4.40075
8.45577 ; 2.42119 ; -1.35874 ; 0.693627
3.40627 ; 7.44264 ; 6.99407 ; -5.43029
8.37508 ; 2.28779 ; -2.12261 ; 3.86039
7.35576 ; 2.89764 ; -7.06043 ; 4.67923
8.03852 ; 2.53707 ; -6.79323 ; 4.69637
3.51929 ; 3.53481 ; 4.92319 ; 6.99647
6.70142 ; 7.36283 ; 4.75304 ; -4.55178
3.37895 ; 7.15075 ; 5.97077 ; -7.25875
7.56771 ; 3.19496 ; -7.19428 ; 7.26597
3.56902 ; 6.99282 ; 6.8551 ; -7.26984
7.37969 ; 6.91143 ; -1.09567 ; 2.70448
7.45113 ; 5.30415 ; 3.46394 ; -4.54932
2.97972 ; 6.84136 ; 5.58843 ; 2.64056
3.15527 ; 2.64577 ; 5.82606 ; 5.44715
8.01919 ; 2.6315 ; -6.6751 ; 5.72818
6.19684 ; 7.8066 ; 4.3595 ; -1.50755
5.49032 ; 2.5137 ; 5.84449 ; 1.58808
7.88429 ; 2.80057 ; -6.85655 ; 6.59998
7.57881 ; 3.22411 ; -7.13084 ; 7.31173
8.18131 ; 2.62569 ; -3.80303 ; 6.76962
8.18062 ; 7.50111 ; -4.76099 ; -6.34946
3.9388 ; 7.81 ; 3.01643 ; -2.61172
2.88655 ; 2.9345 ; 1.70412 ; 1.22799
8.40672 ; 7.55302 ; -5.58692 ; -0.79912
4.7511 ; 5.44407 ; -4.61183 ; 1.3306
6.76832 ; 7.4395 ; -6.15301 ; -6.00527
8.43699 ; 6.69211 ; -5.08261 ; 3.01649
7.91944 ; 7.25825 ; -6.84811 ; -6.67222
3.14268 ; 7.54717 ; 6.21748 ; -4.17538
3.00882 ; 7.80939 ; 1.26574 ; -2.5288
3.00298 ; 7.59101 ; 4.14717 ; -3.90592
3.07566 ; 2.41582 ; 6.12128 ; 3.22747
8.32102 ; 6.77042 ; -4.65275 ; -5.96715
7.79477 ; 3.30486 ; 2.72734 ; -3.07018
4.12247 ; 7.6932 ; -3.09971 ; -5.6385
3.3724 ; 2.55072 ; 7.18066 ; 3.95798
8.15933 ; 2.21185 ; -0.346584 ; 4.18313
2.81042 ; 3.23983 ; 3.36522 ; -2.18606
3.57203 ; 7.17698 ; 7.00158 ; -6.86133
8.2103 ; 4.07136 ; -4.5123 ; 6.76541
3.21132 ; 3.15193 ; 5.14727 ; 7.03389
3.08183 ; 7.58589 ; 5.06503 ; -1.60693
6.74547 ; 5.92132 ; -5.4587 ; -1.52453
2.96351 ; 7.26547 ; 3.4612 ; -1.91128
3.23119 ; 7.43036 ; 5.58733 ; -6.39959
2.92803 ; 2.90775 ; 3.69614 ; 3.00729
4.40855 ; 7.04752 ; 4.04683 ; 2.81388
7.90548 ; 2.76085 ; -6.91096 ; 6.36011
8.3746 ; 7.66553 ; -5.1354 ; -3.80852
3.50202 ; 7.69286 ; 0.583171 ; -3.90144
7.24504 ; 7.14451 ; -7.25726 ; -6.56653
4.00098 ; 7.6745 ; 6.6804 ; -2.3458
6.10091 ; 2.32437 ; 5.27993 ; 4.29912
2.80585 ; 6.3747 ; 3.91503 ; 1.25028
5.50338 ; 7.7932 ; -4.76489 ; -0.784843
2.95893 ; 7.36844 ; 5.26467 ; -2.07572
3.87316 ; 4.35409 ; 6.48996 ; -4.03379
2.92099 ; 3.35674 ; 0.640525 ; -3.28669
3.04951 ; 7.54551 ; 2.43035 ; -5.28486
2.98011 ; 4.49233 ; 0.444991 ; -2.97552
4.91944 ; 2.29036 ; -3.8536 ; 4.84
7.48217 ; 3.28462 ; -7.18976 ; 7.31657
3.50641 ; 7.76272 ; 2.63826 ; -1.60764
7.22127 ; 3.20072 ; -6.72001 ; 3.30483
8.17823 ; 7.42987 ; -5.42801 ; -6.54871
3.25186 ; 2.38934 ; 6.07825 ; 1.14422
8.14747 ; 2.60548 ; -6.33099 ; 4.91297
3.62326 ; 5.05191 ; 2.95373 ; 3.4217
3.47957 ; 2.14154 ; -1.21973 ; 3.10512
8.23825 ; 7.09658 ; -5.35885 ; -6.06335
8.37493 ; 7.59725 ; -5.62179 ; -0.85333
7.69078 ; 7.45851 ; -7.13273 ; -5.06604
6.22964 ; 5.38994 ; 4.83912 ; -5.52277
8.47774 ; 2.95985 ; -1.10784 ; -1.71852
8.07625 ; 7.42499 ; -5.89913 ; -6.322
3.79925 ; 7.01824 ; 7.28774 ; -7.05514
5.76815 ; 2.30258 ; 0.870391 ; 0.0437248
2.98161 ; 2.30238 ; 4.21194 ; 3.3167
8.08928 ; 2.69993 ; -5.73732 ; 6.62667
3.8118 ; 3.22723 ; 7.23464 ; 7.31212
8.26142 ; 2.63108 ; 0.48918 ; -1.3145
8.06749 ; 7.65132 ; -2.14587 ; -6.02662
3.05404 ; 7.1151 ; 5.01908 ; 2.16587
4.26237 ; 7.74734 ; 5.07078 ; -2.83978
5.88905 ; 2.1841 ; -1.84555 ; 1.98649
8.33608 ; 2.60025 ; -3.57083 ; 5.17413
2.94645 ; 7.49948 ; 5.33409 ; -1.57873
7.77161 ; 2.62938 ; 2.30401 ; 4.90447
8.06246 ; 7.53318 ; 1.22073 ; -5.36562
3.11278 ; 7.66522 ; 3.97981 ; -5.31546
6.40315 ; 6.88344 ; 2.81348 ; 0.512333
4.31177 ; 6.90325 ; -4.0828 ; 2.82618
8.30543 ; 5.82228 ; -4.56493 ; -6.22515
8.38488 ; 2.29011 ; -2.81995 ; 2.6767
8.26562 ; 2.31712 ; -3.24577 ; 2.79534
2.8861 ; 6.52039 ; 2.00875 ; -2.80859
6.53645 ; 2.90071 ; 5.10287 ; 5.58645
4.22318 ; 7.75251 ; 0.58038 ; -0.824094
8.03356 ; 2.71378 ; -6.36567 ; 6.3573
8.45171 ; 3.23511 ; -0.763408 ; -3.13312
4.62886 ; 7.661 ; 3.93716 ; 0.0685598
3.25493 ; 7.45703 ; 6.65007 ; -4.85016
3.33966 ; 7.60275 ; 4.87378 ; -0.417572
3.0503 ; 7.72981 ; 1.78599 ; -4.31479
8.49704 ; 7.32691 ; -4.007 ; -1.98411
3.03623 ; 7.79313 ; 1.82594 ; -3.45479
8.14512 ; 2.22446 ; 0.50018 ; 3.23606
6.81713 ; 2.24172 ; -3.81888 ; 2.20752
8.22855 ; 2.52945 ; -4.88107 ; 5.98813
3.21195 ; 2.48337 ; 0.394845 ; 5.37442
5.20272 ; 6.41177 ; 6.16777 ; -5.83181
7.95737 ; 5.92044 ; -1.03557 ; -4.91647
2.8525 ; 2.45072 ; 3.02885 ; 0.0214252
8.13046 ; 2.6643 ; -6.62808 ; 3.88224
3.04049 ; 2.46287 ; 3.85656 ; 5.74382
8.345 ; 6.58379 ; -3.78319 ; -1.36897
6.79017 ; 7.80096 ; -0.926418 ; -1.8448
3.04729 ; 7.57856 ; 6.04114 ; -2.38722
7.98069 ; 2.52982 ; -4.89391 ; 5.99296
8.21415 ; 7.49733 ; -5.70008 ; -5.77289
3.35064 ; 7.56129 ; 5.98189 ; -2.01777
7.35893 ; 6.81693 ; 3.4527 ; 2.31407
8.27311 ; 2.22828 ; -1.26621 ; 3.84031
3.31863 ; 7.38991 ; 4.28489 ; -0.41062
3.1145 ; 2.46947 ; 4.66816 ; 5.62276
4.54756 ; 2.33037 ; -2.55103 ; 0.250267
8.44802 ; 7.58565 ; -4.97087 ; -1.74304
7.55065 ; 7.20439 ; -6.78401 ; -6.79435
8.08919 ; 2.54568 ; -4.60963 ; 6.2056
7.92186 ; 6.49312 ; -4.98126 ; -5.84594
3.91872 ; 2.24706 ; -1.44955 ; 1.27382
3.17898 ; 2.88906 ; 4.78655 ; 7.11739
8.45326 ; 7.56037 ; -0.785161 ; -0.140462
7.74968 ; 2.98206 ; -7.04556 ; 7.02264
2.99652 ; 2.36619 ; 3.50813 ; 4.95944
3.14523 ; 2.51082 ; 4.43171 ; 6.23169
3.59045 ; 4.70556 ; 0.507767 ; -5.28526
2.92829 ; 7.6072 ; 4.63956 ; -2.05056
6.26009 ; 2.48885 ; -5.33086 ; -1.07125
3.24927 ; 7.35092 ; 5.66435 ; -6.77855
3.23226 ; 7.44027 ; 4.96121 ; -6.61189
8.47056 ; 6.31815 ; -1.59928 ; -1.81667
3.01185 ; 2.34319 ; 2.33913 ; 4.25195
7.95003 ; 3.08647 ; -6.05491 ; 7.36773
8.05326 ; 2.67227 ; -6.16033 ; 6.36714
3.07804 ; 7.61068 ; 4.81892 ; -5.28602
8.48932 ; 2.7342 ; -4.7633 ; 0.218966
8.06114 ; 2.70699 ; -6.15934 ; 6.48625
8.23717 ; 2.63809 ; -5.33803 ; 5.47212
7.66409 ; 7.76541 ; 2.82563 ; -2.92639
8.00978 ; 2.66747 ; -6.76579 ; 5.61843
4.72724 ; 7.52285 ; 5.28967 ; 0.756179
7.7186 ; 5.23007 ; -4.09558 ; -5.10306
7.98091 ; 7.16865 ; -5.13609 ; -0.914956
8.33678 ; 7.62209 ; -4.61748 ; -5.26344
3.12343 ; 7.56154 ; 5.38018 ; -5.60488
8.22694 ; 7.54586 ; -5.79122 ; -4.42876
3.26791 ; 7.54441 ; 5.90622 ; -5.34218
2.87084 ; 2.72178 ; 3.99766 ; 1.3376
8.14767 ; 7.42816 ; -5.31219 ; -6.57902
7.13861 ; 6.96008 ; -6.20537 ; 1.38472
6.15441 ; 6.58931 ; -4.12031 ; -6.40276
8.3664 ; 5.12255 ; -2.49327 ; 1.07741
8.26461 ; 7.70601 ; -0.319101 ; -0.858755
4.67804 ; 3.29402 ; -3.54486 ; -3.62147
7.95849 ; 2.74005 ; -6.6833 ; 6.36044
7.99911 ; 7.07639 ; -2.76228 ; 1.95662
8.32393 ; 7.65738 ; -4.43546 ; -5.02666
6.73903 ; 7.76093 ; -5.85079 ; -2.31196
7.50929 ; 7.36401 ; 1.09695 ; 1.77952
8.25654 ; 2.56114 ; -4.92147 ; 5.65678
8.22168 ; 3.83152 ; -3.76149 ; -3.59905
7.93031 ; 3.52171 ; -5.86735 ; 7.35212
7.24873 ; 3.52519 ; -7.26309 ; 7.30428
2.95022 ; 7.68239 ; 3.71912 ; -3.67781
8.06414 ; 5.91968 ; 1.38773 ; 0.539025
8.13926 ; 7.4128 ; -4.34714 ; -6.84132
3.12528 ; 7.84946 ; 0.937495 ; -3.6823
8.23507 ; 7.86673 ; -0.374114 ; -3.43866
3.18726 ; 7.74614 ; 1.64386 ; -1.44286
8.28533 ; 2.50351 ; -1.82117 ; 6.29081
7.60399 ; 2.19758 ; 1.185 ; 2.95583
8.25681 ; 7.54627 ; -5.53561 ; -4.07073
2.81563 ; 2.78424 ; 3.49976 ; -0.0862103
2.99882 ; 2.34866 ; 5.04095 ; 3.33109
4.06118 ; 7.6603 ; 3.28441 ; -5.72213
8.57049 ; 7.194 ; -3.60866 ; 0.891679
7.86005 ; 2.15978 ; 0.474299 ; 3.03426
3.6757 ; 4.76097 ; 4.80862 ; 6.27329
2.97243 ; 2.26726 ; 2.27444 ; 1.95446
7.61779 ; 7.7236 ; -5.15287 ; -3.0617
2.99854 ; 6.04271 ; 3.82642 ; -5.95531
8.08938 ; 2.59287 ; -6.40905 ; 5.49314
2.93336 ; 2.60059 ; 5.48023 ; 0.579161
4.88292 ; 2.76037 ; -0.93073 ; -2.15343
5.6923 ; 7.58787 ; -5.66833 ; -5.18844
2.98296 ; 7.58135 ; 5.38439 ; -1.20187
7.97314 ; 7.22639 ; -6.46775 ; -6.9599
8.0728 ; 7.15801 ; -5.58684 ; -7.29678
3.54416 ; 3.01192 ; 6.8396 ; 7.2189
3.07332 ; 3.95866 ; 5.86969 ; -3.98639
3.43037 ; 2.80235 ; 6.18958 ; 6.9467
4.12038 ; 6.65009 ; 7.3414 ; -7.27226
8.15708 ; 7.79194 ; 0.0958202 ; -5.19035
3.09884 ; 7.68328 ; 1.64641 ; -5.71418
8.39114 ; 2.33645 ; -3.77726 ; 3.16007
8.23968 ; 7.76921 ; 0.465752 ; -0.686434
3.03156 ; 2.38489 ; 5.6947 ; 3.18224
3.72213 ; 2.48408 ; 6.87815 ; 3.35545
8.09321 ; 2.53761 ; 1.03936 ; 1.99313
5.73922 ; 4.44797 ; 5.30517 ; -5.2735
7.41464 ; 3.37201 ; -4.63072 ; 1.02464
4.25851 ; 3.48069 ; 7.33248 ; 7.22186
6.10426 ; 2.47418 ; -6.29075 ; 2.27795
8.29288 ; 6.69239 ; -3.99522 ; -6.32878
8.14035 ; 2.22488 ; -0.228688 ; 4.54735
8.24594 ; 7.69917 ; -1.1236 ; -3.82214
3.04295 ; 2.82599 ; 4.33863 ; 5.85441
7.47699 ; 2.54893 ; -5.12598 ; 6.01471
3.19978 ; 2.66841 ; 5.27301 ; 6.74018
7.96046 ; 2.89235 ; -6.34601 ; 7.01248
3.02692 ; 5.77987 ; 4.7946 ; 5.00186
3.43496 ; 2.28501 ; -0.240993 ; 5.40148
7.31026 ; 7.44564 ; 3.20024 ; 0.563513
3.11592 ; 3.53628 ; 0.220697 ; 3.99979
7.87993 ; 3.45695 ; 2.26041 ; 6.17848
2.89156 ; 2.43896 ; 3.70189 ; 2.15294
3.07425 ; 7.61476 ; 2.11421 ; -5.64241
2.93015 ; 7.53745 ; 3.01555 ; -0.229621
8.34065 ; 7.30366 ; -4.20273 ; 1.47406
3.03479 ; 7.67614 ; 3.7556 ; -5.16993
3.02423 ; 2.3422 ; 2.66726 ; 2.57266
3.63862 ; 2.90433 ; 7.2997 ; 6.56282
8.18215 ; 7.85756 ; -0.896554 ; -2.99234
3.75615 ; 2.99058 ; 7.3078 ; 6.96134
7.10869 ; 7.21827 ; 2.28616 ; -2.86579
3.05491 ; 2.35276 ; 1.93835 ; 4.33969
2.93683 ; 2.79662 ; 3.21619 ; 1.69137
3.76097 ; 2.44585 ; 6.95284 ; 2.25245
7.20561 ; 2.17976 ; 2.52347 ; 4.16825
3.57363 ; 2.90755 ; 7.12415 ; 6.82218
3.00974 ; 6.03018 ; 4.64944 ; -5.44813
3.16165 ; 7.37883 ; 5.43776 ; -6.03828
3.0637 ; 7.59155 ; 5.67075 ; -3.84969
4.11273 ; 4.17323 ; 1.94649 ; 3.87231
3.63162 ; 6.60131 ; -2.27811 ; -5.69585
3.02617 ; 2.29831 ; 3.61301 ; 4.35285
5.37773 ; 6.17486 ; -4.76468 ; 0.830352
8.33511 ; 2.67895 ; -4.90954 ; -0.230111
3.25241 ; 2.78067 ; -0.891955 ; 5.90023
7.58613 ; 3.11166 ; -7.13211 ; 7.19204
8.27012 ; 7.82627 ; -0.642177 ; -2.16589
8.40154 ; 7.57077 ; -5.5395 ; -1.76426
3.00263 ; 7.58942 ; 4.15821 ; -0.316321
5.99046 ; 5.06166 ; -6.04111 ; 5.32994
3.61027 ; 7.86585 ; -1.13881 ; -4.30834
8.33283 ; 6.64733 ; 0.557537 ; 2.775
3.40498 ; 2.72421 ; 6.84042 ; 6.36904
2.83133 ; 7.48936 ; 3.5502 ; 0.011233
3.08624 ; 2.31563 ; 4.41911 ; 3.8528
3.33168 ; 2.62361 ; 6.56297 ; 6.08426
7.21004 ; 6.63634 ; -1.56604 ; -5.88545
8.04109 ; 2.55593 ; -6.76466 ; 4.84126
8.31936 ; 7.54948 ; -3.53737 ; -5.63358
5.59441 ; 2.40601 ; 3.0006 ; -0.62927
3.71799 ; 3.1041 ; 7.19424 ; 7.21378
3.42533 ; 3.07292 ; 6.09475 ; 4.71639
4.83943 ; 7.50965 ; 5.98574 ; -0.0931662
3.20269 ; 7.3222 ; 4.85317 ; -7.02026
8.22611 ; 2.27328 ; -0.476272 ; 4.5677
7.96098 ; 2.8597 ; -6.29209 ; 7.01967
4.65915 ; 7.23823 ; -4.46017 ; -4.6514
7.97986 ; 3.07705 ; -6.24089 ; -0.560934
3.1351 ; 2.63069 ; -0.121679 ; -1.37753
3.11456 ; 2.31254 ; 1.80865 ; 5.36626
7.42574 ; 3.46615 ; -7.17892 ; 7.35899
7.3853 ; 6.60674 ; -7.22955 ; -7.34117
3.47125 ; 7.46433 ; 7.04898 ; -5.30269
3.58036 ; 7.5109 ; 6.63971 ; -5.22949
8.41323 ; 7.36338 ; -1.0329 ; -2.06965
8.22641 ; 7.58899 ; -5.91475 ; -4.87116
7.80973 ; 2.88067 ; -7.01662 ; 6.77405
4.85993 ; 6.95197 ; 5.28505 ; 2.85294
3.11251 ; 2.48383 ; 5.91619 ; 4.6381
7.19688 ; 7.81371 ; -1.98073 ; -3.80883
3.83609 ; 3.16211 ; 7.3186 ; 7.21233
3.15638 ; 2.17525 ; 0.689592 ; 3.24703
4.11152 ; 2.18684 ; 2.1465 ; 2.72128
3.14932 ; 7.46848 ; 5.69398 ; -5.55612
8.32366 ; 7.01136 ; 0.579698 ; 0.789347
8.196 ; 7.47339 ; -3.83127 ; -6.69859
7.96853 ; 2.86441 ; -6.11263 ; 7.07093
8.33278 ; 7.64177 ; -5.62484 ; -3.71771
3.20853 ; 6.84656 ; 5.24226 ; -6.82571
3.15561 ; 7.46268 ; 1.66878 ; -4.36281
8.55421 ; 7.07208 ; -3.15681 ; 0.222143
3.14402 ; 2.1783 ; 0.0742685 ; 2.68526
3.36446 ; 2.39336 ; 6.43485 ; 3.10566
2.82003 ; 2.53943 ; 2.98807 ; -0.0847901
7.22291 ; 2.18993 ; 0.636533 ; 1.79334
8.462 ; 7.1056 ; -0.811699 ; -0.297821
2.95665 ; 7.13595 ; 4.32497 ; 1.98222
4.29016 ; 7.86684 ; -1.02434 ; -2.56103
3.38267 ; 3.42112 ; 2.36529 ; -1.15253
4.48797 ; 7.28034 ; -0.874213 ; 1.89893
7.22916 ; 2.46455 ; -6.18989 ; 4.65813
2.87839 ; 4.51965 ; 0.989308 ; 0.573205
6.76581 ; 2.37486 ; -5.99348 ; 4.00804
8.1736 ; 4.79152 ; 1.37243 ; 5.45653
