5.78164 ; 5.39794 ; 0.000850698 ; -1.09744
6.28453 ; 5.39189 ; 1.20704 ; 0.271735
6.16748 ; 5.35313 ; 0.557826 ; -0.150695
4.78227 ; 4.53507 ; -0.557341 ; -1.23836
5.49532 ; 5.69736 ; -0.238344 ; -0.589874
4.52514 ; 4.76881 ; -1.22217 ; -0.612345
5.77436 ; 5.57509 ; -0.203148 ; -0.2356
5.73292 ; 5.43245 ; -0.144992 ; 0.674635
5.9196 ; 5.20297 ; 1.29155 ; 0.135666
6.00805 ; 6.05777 ; 1.30509 ; 1.02954
6.19883 ; 5.50209 ; 0.940339 ; -0.769235
5.64305 ; 5.69746 ; 0.700001 ; -0.37685
5.09169 ; 5.39684 ; -1.25528 ; -0.867003
5.27766 ; 5.00966 ; -1.04759 ; -0.218253
5.79006 ; 5.19041 ; 0.892067 ; -0.538117
5.60541 ; 6.09181 ; 0.932195 ; 0.664583
5.00809 ; 5.16294 ; -0.626044 ; -0.974793
6.53644 ; 5.66309 ; 1.58454 ; 0.750139
5.52432 ; 5.39812 ; -0.199196 ; -0.347594
5.24062 ; 5.74796 ; -0.83198 ; -0.0140458
6.24844 ; 6.3932 ; 0.830656 ; 0.987701
4.51449 ; 5.92512 ; -1.6239 ; 1.32451
5.74399 ; 6.40256 ; 0.425821 ; 1.70605
5.56238 ; 5.71026 ; 0.939045 ; -0.187927
5.34511 ; 6.18178 ; -0.678517 ; 1.51826
5.93901 ; 5.35438 ; 1.04793 ; 0.348342
5.38934 ; 5.10666 ; -0.359442 ; 0.00112634
5.50765 ; 5.33982 ; -0.747596 ; -0.00139681
4.51002 ; 4.64159 ; -1.73131 ; -1.48357
5.54061 ; 5.36891 ; 0.440642 ; -1.09
6.22563 ; 5.66443 ; 1.2441 ; -0.0941806
5.57011 ; 4.79718 ; -0.254897 ; -1.15167
6.01371 ; 5.90998 ; 1.32961 ; 0.806939
6.73505 ; 5.49976 ; 1.72014 ; 0.5572
5.17763 ; 5.30764 ; -1.45479 ; -0.934829
6.01383 ; 4.98624 ; 1.33736 ; -1.40537
5.33246 ; 5.12239 ; -0.627719 ; -1.252
5.1814 ; 4.83056 ; -0.747405 ; -1.23526
5.22147 ; 6.38313 ; -1.15629 ; 1.59341
5.23108 ; 5.45638 ; -1.26829 ; 0.564566
5.42057 ; 5.49581 ; 0.137219 ; 0.632013
5.39257 ; 6.74239 ; -0.180671 ; 1.69804
5.53478 ; 5.33068 ; 0.704037 ; 0.299331
5.37321 ; 4.88486 ; 0.285482 ; -0.787222
4.5478 ; 5.52188 ; -1.13091 ; -0.445327
5.26007 ; 4.89569 ; -0.153048 ; -0.555704
6.60642 ; 5.10937 ; 1.63039 ; -1.2638
4.8577 ; 5.34765 ; -0.508094 ; -0.101703
4.98124 ; 5.29856 ; -1.03537 ; -0.555967
6.38701 ; 4.75804 ; 1.51459 ; -0.939323
5.17972 ; 5.08615 ; -0.876505 ; -1.42792
6.2681 ; 4.7008 ; 1.38831 ; -1.55375
5.0118 ; 4.80605 ; -0.591575 ; -1.16507
4.49232 ; 6.01273 ; -1.20362 ; 0.696077
5.43607 ; 5.23574 ; -0.414681 ; -0.682266
4.84365 ; 5.65416 ; -0.91696 ; -0.510759
6.47256 ; 5.26845 ; 1.77305 ; -0.119489
5.00702 ; 6.07134 ; -1.39564 ; 0.559397
6.34504 ; 5.01611 ; 1.72279 ; -0.714024
5.81673 ; 5.89413 ; 1.31132 ; 1.51496
5.3985 ; 5.24861 ; -0.908934 ; 0.121373
4.91626 ; 4.7324 ; -0.439368 ; -0.873201
5.16803 ; 6.30187 ; -1.26851 ; 1.34391
5.86747 ; 5.21408 ; 1.26632 ; -0.235427
6.30409 ; 6.66156 ; 1.48554 ; 1.50994
5.47479 ; 6.74776 ; -0.868947 ; 1.72643
6.07847 ; 5.25676 ; 1.46961 ; -1.16815
5.74723 ; 4.50265 ; 0.513796 ; -1.3279
5.30596 ; 4.91738 ; -1.26584 ; -1.55165
4.59471 ; 5.48726 ; -1.34833 ; -0.599139
5.8077 ; 5.18967 ; 1.31065 ; -0.271338
5.49676 ; 5.00133 ; -0.774979 ; -1.43907
5.94429 ; 4.86395 ; 1.18019 ; -1.53135
5.25547 ; 5.41451 ; -0.890717 ; -0.828737
4.71327 ; 5.63766 ; -1.19992 ; 0.304543
5.94005 ; 6.59967 ; 0.728878 ; 1.75399
6.26745 ; 5.18417 ; 0.995742 ; -1.23873
6.15087 ; 5.28022 ; 1.26025 ; -0.476794
5.63653 ; 4.63893 ; 0.0278683 ; -1.48944
5.69826 ; 6.06096 ; -0.163867 ; 1.46699
6.56616 ; 5.4652 ; 1.37908 ; -0.751489
6.1516 ; 5.93351 ; 0.546245 ; -0.0213068
4.8453 ; 5.76873 ; -1.1323 ; 0.150828
5.02196 ; 4.8929 ; -1.41498 ; -1.34076
6.39835 ; 5.86297 ; 1.16652 ; 0.537177
5.63172 ; 4.94946 ; 0.713946 ; -1.21901
6.06927 ; 5.83514 ; 1.51264 ; 0.0062634
5.80731 ; 5.56412 ; 0.204799 ; -0.113157
5.99117 ; 5.50914 ; 0.855136 ; -0.753426
4.71399 ; 6.16493 ; -0.680348 ; 0.49939
5.07883 ; 6.29606 ; -1.4783 ; 0.835248
5.4863 ; 5.02553 ; 0.0623877 ; -1.14191
5.7082 ; 5.11706 ; -0.067074 ; -0.286482
5.6753 ; 4.46581 ; -0.211748 ; -1.56781
5.61771 ; 5.15378 ; 0.555883 ; 0.233459
6.52009 ; 6.07212 ; 1.16611 ; 0.613806
5.323 ; 5.49566 ; -1.31491 ; 0.85509
4.99985 ; 5.48812 ; -0.390698 ; 0.302019
5.62266 ; 4.75551 ; 0.945425 ; -0.716664
6.03098 ; 6.08806 ; 0.148473 ; 0.533671
4.76889 ; 6.14168 ; -1.40992 ; 0.611986
6.02507 ; 4.91803 ; 1.51121 ; -0.78902
5.69241 ; 5.32863 ; 0.275766 ; -0.00497143
6.17735 ; 5.52232 ; 1.54096 ; 0.393243
4.9672 ; 5.56317 ; -1.06753 ; 1.15438
5.15048 ; 4.5809 ; -1.30593 ; -1.75397
5.71586 ; 5.4409 ; 0.232454 ; -0.566599
5.14017 ; 5.98384 ; 0.0470974 ; 1.26709
5.56899 ; 5.96748 ; -0.0989678 ; 0.935209
6.14765 ; 5.63835 ; 0.765906 ; 1.20812
6.15436 ; 5.51616 ; 1.33855 ; -0.124577
5.33705 ; 5.94455 ; -0.830499 ; 0.935121
6.31704 ; 5.76373 ; 1.0495 ; 1.38
5.69207 ; 4.92983 ; 0.128539 ; -1.65443
5.37574 ; 6.19716 ; -0.918039 ; 0.566845
5.93294 ; 5.7797 ; 1.26428 ; 1.34876
5.9345 ; 4.74362 ; 1.4047 ; -1.53875
5.2261 ; 5.07407 ; 0.109787 ; -1.51862
5.84081 ; 5.5164 ; 0.028105 ; 0.925364
4.87653 ; 5.8405 ; -0.462925 ; 1.14413
5.73222 ; 6.49503 ; 0.901226 ; 1.67564
5.21905 ; 5.75187 ; -1.31317 ; 0.553343
5.58774 ; 5.75113 ; 0.870607 ; 0.660244
5.38284 ; 5.51246 ; -0.345177 ; -0.857184
5.31202 ; 5.57958 ; -0.986592 ; 1.18419
5.12898 ; 5.66345 ; 0.00871026 ; 0.439069
5.66403 ; 5.8853 ; -0.162074 ; 0.0785187
4.77591 ; 4.6344 ; -1.29291 ; -1.73895
4.7998 ; 5.31461 ; -1.55988 ; 0.497295
4.88642 ; 5.64144 ; -0.836986 ; -0.35846
6.33785 ; 5.11882 ; 1.65846 ; -0.506087
5.77714 ; 5.69309 ; -0.216451 ; 0.958989
4.73091 ; 6.09122 ; -1.4816 ; 0.471502
5.2817 ; 6.25478 ; 0.356908 ; 1.45886
5.90621 ; 5.31028 ; 0.601883 ; 0.0124976
5.51372 ; 5.13637 ; 0.793778 ; -1.53302
4.85377 ; 5.93343 ; -1.43872 ; 1.28893
5.78156 ; 6.46776 ; 0.762136 ; 1.42552
5.89772 ; 6.30399 ; 0.707964 ; 1.54051
5.88315 ; 6.33511 ; -0.234785 ; 0.927465
6.02346 ; 5.16134 ; 0.705506 ; -1.37039
5.7792 ; 6.628 ; -0.196927 ; 1.54551
5.65464 ; 5.88288 ; 1.15933 ; 1.2448
5.6846 ; 5.76615 ; -0.0784453 ; 0.895782
5.78745 ; 4.71201 ; 0.0262853 ; -1.51585
6.65341 ; 5.46976 ; 1.56014 ; -0.571137
5.3724 ; 6.41323 ; -0.707268 ; 1.02934
4.97757 ; 5.84681 ; -0.956733 ; 1.57364
4.42545 ; 5.23893 ; -1.44211 ; 0.194328
4.3245 ; 4.93737 ; -1.65364 ; -1.6014
5.35257 ; 5.25903 ; -0.809194 ; -1.42658
5.71567 ; 5.24418 ; 0.229595 ; -1.37365
4.63469 ; 4.61575 ; -1.48477 ; -0.991414
5.69237 ; 5.40827 ; 0.57826 ; -0.249089
6.27745 ; 6.00063 ; 0.934833 ; 0.766276
5.86233 ; 6.01063 ; -0.10796 ; 0.461659
5.47765 ; 5.46318 ; 0.371831 ; 0.104342
5.8538 ; 5.03995 ; 0.665496 ; -0.985496
6.73176 ; 5.11976 ; 1.64585 ; -1.04724
4.88662 ; 5.17698 ; -0.573981 ; -1.46572
5.94724 ; 6.55491 ; 1.29274 ; 1.72242
4.72961 ; 5.48682 ; -1.51618 ; 0.260436
5.74182 ; 5.24314 ; -0.123273 ; -0.927592
5.70677 ; 5.94142 ; 1.26332 ; 1.56734
5.81616 ; 6.25433 ; 0.723114 ; 0.844441
5.31582 ; 5.54452 ; -0.622653 ; -0.129643
5.33196 ; 5.47926 ; 0.476203 ; 0.925419
5.33776 ; 6.58682 ; -1.05161 ; 1.77196
5.79417 ; 5.61393 ; -0.24949 ; -0.726356
5.48836 ; 5.33426 ; 0.825256 ; 0.359651
5.44234 ; 6.43966 ; 0.718238 ; 1.24483
6.41654 ; 6.15744 ; 1.45875 ; 0.94149
5.87603 ; 4.86173 ; 0.75228 ; -0.761384
5.88352 ; 5.25002 ; 0.578688 ; -0.470826
6.0186 ; 6.06353 ; 0.300799 ; 0.280458
5.36195 ; 4.98035 ; -0.184282 ; -0.707762
5.41181 ; 4.98367 ; -0.891188 ; -1.60004
4.68968 ; 6.1587 ; -0.90868 ; 1.05829
5.02617 ; 5.36293 ; -0.945185 ; -0.0540893
5.38437 ; 5.74442 ; -0.308322 ; 0.81398
5.42489 ; 5.94659 ; 0.229237 ; 0.267624
4.59755 ; 5.20354 ; -1.76675 ; 0.210666
5.88072 ; 5.17949 ; 1.07473 ; -1.42419
6.22987 ; 5.06778 ; 1.60212 ; -1.58816
5.90515 ; 4.93392 ; 0.353431 ; -0.914909
5.02031 ; 5.55671 ; -0.50034 ; 0.0720568
5.06149 ; 5.08847 ; -0.546728 ; -1.39582
5.25037 ; 6.25651 ; -0.00857545 ; 1.09428
4.93908 ; 4.94349 ; -1.01031 ; -1.23592
5.6604 ; 4.64526 ; 1.15649 ; -1.70343
5.4373 ; 6.52177 ; 0.723713 ; 1.37754
5.82952 ; 5.81618 ; 0.346288 ; 0.094961
4.73949 ; 5.22539 ; -1.62241 ; -0.946355
5.98486 ; 5.19414 ; 0.969799 ; -1.48773
4.84555 ; 5.4616 ; -0.86168 ; -1.08071
5.4404 ; 4.98775 ; -0.851045 ; -1.60158
6.5474 ; 4.97081 ; 1.78581 ; -0.935432
6.60596 ; 5.38919 ; 1.69546 ; 0.256306
4.80851 ; 6.2798 ; -0.635522 ; 1.60836
4.37476 ; 5.15061 ; -1.67889 ; -1.51838
6.68899 ; 4.41826 ; 1.54696 ; -1.25718
4.76622 ; 6.36451 ; -1.61393 ; 1.17972
5.10803 ; 5.40183 ; -0.135296 ; -1.076
5.61958 ; 6.2035 ; 1.29336 ; 0.946773
4.81627 ; 4.66647 ; -1.63978 ; -1.73235
5.07482 ; 4.78896 ; -0.307538 ; -1.58769
4.46479 ; 6.31966 ; -1.6319 ; 1.14396
5.17067 ; 6.35362 ; -0.422365 ; 0.889362
5.50965 ; 5.74599 ; -0.508508 ; -0.379911
5.19303 ; 5.52964 ; -0.689951 ; -0.726543
6.09826 ; 4.66668 ; 1.55813 ; -0.916363
5.74113 ; 5.17109 ; 0.304186 ; -0.754843
5.97873 ; 5.06113 ; 1.03372 ; 0.0572165
5.99419 ; 5.17798 ; 0.630649 ; -1.08248
5.22165 ; 5.36572 ; -0.180487 ; 0.352931
5.22234 ; 5.22694 ; -1.44265 ; -0.196124
5.02312 ; 4.76539 ; -1.59179 ; -0.650116
5.0862 ; 6.49659 ; -1.35772 ; 1.46343
4.82274 ; 4.77922 ; -1.47039 ; -1.62022
5.14603 ; 4.76443 ; -0.41582 ; -1.19845
4.84422 ; 4.86013 ; -1.38982 ; -1.58395
5.59708 ; 6.21811 ; 1.22013 ; 0.998602
6.39154 ; 4.76771 ; 0.980638 ; -1.35522
5.58572 ; 5.00287 ; 1.16776 ; -1.38274
6.31452 ; 5.7623 ; 1.23754 ; 0.558636
5.74136 ; 4.83344 ; 1.37222 ; -1.46167
5.5093 ; 4.4961 ; 0.983517 ; -1.72081
4.99987 ; 5.81218 ; -1.39354 ; 1.04702
6.30103 ; 5.27521 ; 1.26133 ; -0.284095
5.61341 ; 6.47095 ; 0.864031 ; 1.51449
5.59416 ; 5.69331 ; -0.848002 ; 1.14226
4.7904 ; 5.51226 ; -1.42544 ; 0.556549
5.09681 ; 5.6706 ; -1.05559 ; 0.940478
5.77357 ; 4.92777 ; 0.521403 ; -0.347767
4.98005 ; 5.57887 ; -1.39759 ; 0.653611
5.04539 ; 5.64266 ; -1.10531 ; 0.393532
4.70372 ; 6.27048 ; -1.02545 ; 1.33737
5.50349 ; 6.4263 ; -0.92667 ; 1.74506
5.38906 ; 6.35895 ; -0.482865 ; 0.974426
5.24941 ; 4.33964 ; -0.834279 ; -1.68103
6.34254 ; 4.47882 ; 1.02387 ; -1.37309
5.29067 ; 5.58525 ; 0.342931 ; -0.268557
6.47444 ; 5.9248 ; 1.20753 ; 0.355557
5.52728 ; 5.86622 ; -0.547608 ; 0.832131
5.4855 ; 4.53241 ; -0.28973 ; -1.78407
4.86049 ; 5.89902 ; -0.780724 ; 0.202513
5.77836 ; 5.69436 ; -0.426628 ; 1.34368
4.83668 ; 6.03451 ; -1.15271 ; 1.55401
6.62211 ; 4.78817 ; 1.41402 ; -0.693833
5.15551 ; 5.4102 ; -0.313523 ; -0.397906
5.68503 ; 5.87679 ; 0.759841 ; 1.41649
5.45192 ; 6.20968 ; -0.461534 ; 1.64928
4.85598 ; 5.99927 ; -0.848688 ; 1.63578
5.66535 ; 5.86615 ; 0.539009 ; 0.225035
5.42837 ; 6.07492 ; -0.672135 ; 0.865108
5.64766 ; 5.97529 ; -0.534329 ; 0.265339
4.29284 ; 5.96825 ; -1.66959 ; 0.491381
5.0465 ; 5.44398 ; -1.24346 ; -0.534491
4.96619 ; 5.70071 ; -0.948632 ; 0.974531
4.56218 ; 5.41333 ; -1.60499 ; 0.646461
5.76187 ; 6.4082 ; 0.921314 ; 1.12802
6.10403 ; 5.4897 ; 1.13555 ; -0.169102
6.18493 ; 4.94342 ; 1.42342 ; -0.770261
4.77844 ; 5.96633 ; -0.815712 ; 1.54865
6.537 ; 5.92212 ; 1.58379 ; 1.05232
5.73956 ; 6.06319 ; 1.25257 ; 1.43156
5.73465 ; 6.46877 ; 0.601957 ; 1.22247
6.31084 ; 4.65434 ; 1.00656 ; -1.18653
4.34282 ; 4.73535 ; -1.64248 ; -0.667604
5.29734 ; 4.82154 ; 0.179168 ; -1.35354
5.6284 ; 5.03859 ; 0.40164 ; -1.59768
5.35158 ; 5.13475 ; -1.01125 ; -0.692071
5.15954 ; 6.6854 ; -0.495709 ; 1.75629
6.23152 ; 4.70237 ; 1.60313 ; -0.875585
5.68132 ; 6.0164 ; 0.969369 ; 0.419287
5.33616 ; 5.98811 ; -1.38953 ; 1.43677
5.56935 ; 4.71755 ; -0.899985 ; -1.68023
5.4406 ; 5.12663 ; -0.315316 ; -0.629873
5.10711 ; 5.62316 ; -0.0942048 ; 0.656095
5.54735 ; 4.96016 ; -0.249142 ; -0.891769
5.93393 ; 5.62913 ; 0.265035 ; -0.147293
4.63921 ; 4.41161 ; -1.52208 ; -1.72478
5.20672 ; 4.63949 ; -1.41541 ; -1.4346
5.58731 ; 5.60797 ; -0.506347 ; -0.582539
6.45335 ; 5.25382 ; 1.40655 ; -0.595434
5.03867 ; 5.23002 ; -0.714481 ; -0.319853
6.20755 ; 5.23711 ; 0.999282 ; -0.34748
5.57141 ; 6.04608 ; 0.872242 ; 0.435514
5.22435 ; 5.3528 ; 0.162903 ; 0.510751
5.13666 ; 5.82134 ; -0.147497 ; 0.570086
6.42069 ; 5.52845 ; 1.42891 ; 0.0105427
5.4426 ; 4.75358 ; 0.683617 ; -1.48797
6.66846 ; 4.98712 ; 1.45218 ; -0.306544
6.39624 ; 4.55483 ; 1.30535 ; -1.35181
4.64473 ; 4.7923 ; -1.16624 ; -1.26006
5.71184 ; 6.40191 ; 0.157452 ; 1.78522
5.18207 ; 5.35188 ; -0.476982 ; 0.0339902
4.70546 ; 4.60742 ; -1.51258 ; -1.4086
5.74565 ; 6.52563 ; 0.00432532 ; 1.21669
5.55754 ; 5.56491 ; 0.6191 ; -0.849388
6.38973 ; 6.53507 ; 0.827073 ; 1.34676
5.08343 ; 6.01183 ; -0.188916 ; 0.276673
4.25049 ; 5.45634 ; -1.67508 ; -0.122572
5.46042 ; 5.17934 ; 0.126336 ; -0.896293
6.11592 ; 4.74305 ; 1.55628 ; -1.02755
5.59671 ; 5.91585 ; -0.295538 ; 0.967831
5.85872 ; 4.73598 ; 0.575164 ; -1.47286
4.8232 ; 6.44383 ; -1.43308 ; 1.03071
5.76789 ; 4.81633 ; 1.50008 ; -0.503951
6.77542 ; 5.63678 ; 1.71416 ; 0.927054
4.58242 ; 5.60073 ; -1.50211 ; -0.32263
5.43956 ; 4.30383 ; 0.124572 ; -1.75561
5.66816 ; 6.33654 ; -0.426036 ; 1.51689
5.84904 ; 5.48358 ; 1.17148 ; 0.0986591
4.70777 ; 5.56119 ; -0.881655 ; -0.195878
5.27975 ; 5.01702 ; -0.245648 ; -0.608534
5.52411 ; 5.3755 ; -0.251715 ; -0.692923
6.37343 ; 5.31045 ; 0.884968 ; 0.627139
5.32796 ; 5.67367 ; 0.416992 ; 1.083
5.69033 ; 5.8839 ; 1.22032 ; 1.18648
5.52084 ; 5.50106 ; 0.900979 ; -0.578901
6.46783 ; 6.2803 ; 1.46735 ; 1.14496
4.5099 ; 6.07001 ; -1.60301 ; 1.17813
4.9681 ; 5.95732 ; -0.802347 ; 1.55487
6.61406 ; 5.00898 ; 1.45529 ; -0.390727
5.08142 ; 5.29344 ; -1.11113 ; 0.253706
5.41491 ; 5.79031 ; 0.639561 ; 0.735241
4.95937 ; 5.62633 ; -0.643064 ; -0.328705
4.4741 ; 5.44722 ; -1.51127 ; 0.0113848
5.05613 ; 5.49856 ; -0.603105 ; -0.789193
4.55327 ; 5.86386 ; -1.63098 ; 0.495246
5.86117 ; 4.72258 ; 0.357855 ; -1.61769
4.86262 ; 4.71883 ; -1.11772 ; -0.782861
5.39559 ; 6.03859 ; 0.754661 ; 0.801042
4.9463 ; 5.51362 ; -1.51769 ; 0.411456
5.66327 ; 5.93779 ; 0.354088 ; 0.00349936
5.8161 ; 5.45378 ; 0.755664 ; 0.425289
4.84112 ; 5.57589 ; -1.32626 ; -0.88703
6.22174 ; 4.85219 ; 1.60479 ; -1.39722
4.60655 ; 5.0327 ; -1.79618 ; -1.16623
5.80411 ; 5.84693 ; 0.79617 ; 0.659236
6.09376 ; 5.0793 ; 0.961832 ; -0.0958863
6.10447 ; 4.85239 ; 1.10062 ; -0.986639
5.39682 ; 6.09694 ; -0.588064 ; 1.45838
5.82237 ; 5.10091 ; -0.16753 ; -0.755962
6.10219 ; 5.43861 ; 1.32978 ; -0.860787
5.45545 ; 6.24472 ; -0.773449 ; 0.743057
5.12068 ; 4.61035 ; -1.53769 ; -1.74725
4.60437 ; 4.90619 ; -1.6164 ; -0.459426
5.81778 ; 6.4115 ; 1.21459 ; 1.12329
4.62099 ; 6.41337 ; -0.84162 ; 0.919825
6.17607 ; 6.62095 ; 0.816279 ; 1.46604
5.66416 ; 5.33122 ; -0.289373 ; -1.36001
5.37396 ; 5.46261 ; -1.28627 ; -0.987391
4.99784 ; 5.71879 ; -0.103305 ; 1.057
5.80736 ; 6.11613 ; 1.13693 ; 0.416389
6.10357 ; 4.90517 ; 1.06086 ; -1.03464
5.69951 ; 6.25736 ; -0.110173 ; 0.994775
5.93484 ; 4.62938 ; 0.91398 ; -1.36939
5.80682 ; 5.28606 ; 0.102024 ; -0.902338
5.89473 ; 5.45463 ; 0.397914 ; 0.100542
5.35186 ; 5.50694 ; -1.3224 ; -0.853296
4.96175 ; 5.55817 ; -1.47471 ; 1.18179
6.1114 ; 5.11975 ; 1.44143 ; -0.868411
4.97718 ; 6.10992 ; -0.663927 ; 0.784265
6.2831 ; 5.30842 ; 1.2689 ; 0.318349
4.45009 ; 5.25984 ; -1.48446 ; -1.13834
4.80771 ; 4.82877 ; -0.959652 ; -1.15467
4.89382 ; 5.75031 ; -1.18299 ; 0.568174
5.31004 ; 4.49766 ; -0.0351077 ; -1.40162
4.56904 ; 5.75314 ; -1.75574 ; 0.141634
4.49106 ; 4.82098 ; -1.17859 ; -1.23361
5.41963 ; 6.40729 ; 0.788227 ; 1.35584
5.50019 ; 5.30953 ; -0.409835 ; -1.0279
5.59909 ; 5.78927 ; 0.258871 ; 1.21057
5.26918 ; 4.81912 ; -1.35107 ; -0.48268
4.98403 ; 5.88337 ; -0.531797 ; 1.02323
6.34485 ; 4.65739 ; 1.23792 ; -1.60189
5.01411 ; 5.27163 ; -0.48738 ; 0.143671
5.18967 ; 5.63952 ; -0.722857 ; 0.793846
4.9508 ; 6.05162 ; -1.3544 ; 0.405173
5.00545 ; 5.58026 ; -0.231028 ; -0.716843
4.72428 ; 5.35665 ; -1.265 ; -1.06863
5.00457 ; 5.51345 ; -0.0837555 ; 0.561269
5.06129 ; 5.01906 ; -0.651651 ; -0.406243
6.218 ; 5.87411 ; 1.47405 ; 1.19944
6.33454 ; 5.07496 ; 1.65428 ; -1.22573
6.16794 ; 6.15311 ; 0.857358 ; 1.25049
5.4139 ; 6.50141 ; 0.752913 ; 1.53641
5.5548 ; 4.97417 ; -0.463772 ; -0.62983
6.24926 ; 5.76971 ; 1.09122 ; 1.57572
4.993 ; 6.26751 ; -1.47792 ; 0.789576
5.63889 ; 4.85313 ; 1.20766 ; -1.45765
5.34011 ; 6.14413 ; -1.27658 ; 0.463572
5.08779 ; 5.06834 ; -0.747367 ; -0.574205
6.08808 ; 5.88602 ; 1.61915 ; 0.840806
5.67781 ; 5.31356 ; 0.610054 ; -0.952457
5.8827 ; 5.3349 ; 1.31725 ; 0.302246
5.68522 ; 5.70716 ; -0.406147 ; -0.311556
5.69708 ; 6.59622 ; -0.283289 ; 1.36519
4.66901 ; 4.97372 ; -1.25562 ; -1.53326
4.62437 ; 5.7278 ; -1.03731 ; -0.118591
5.76664 ; 5.74762 ; 0.853023 ; 1.34991
4.6133 ; 5.49756 ; -1.73605 ; -0.262286
5.09817 ; 5.78581 ; -1.16346 ; -0.362265
4.7832 ; 5.33884 ; -1.10731 ; -1.29104
6.01927 ; 5.17324 ; 1.31641 ; -1.56709
4.79557 ; 6.31864 ; -0.634172 ; 1.05753
5.0345 ; 5.19264 ; -1.01166 ; -0.841997
4.55403 ; 5.69187 ; -1.22579 ; 0.0852705
5.3756 ; 5.21112 ; -0.249243 ; 0.154687
5.66167 ; 5.72526 ; -0.391127 ; 1.03838
5.36249 ; 4.45453 ; -0.254231 ; -1.47519
5.88263 ; 4.58289 ; 0.0871916 ; -1.23629
5.72861 ; 5.31095 ; 1.24246 ; -1.46325
5.67554 ; 5.55318 ; -0.308511 ; -0.216096
6.00763 ; 5.92678 ; 1.58201 ; 0.761713
6.27304 ; 5.43592 ; 1.2868 ; 0.940144
6.27383 ; 4.61208 ; 1.24496 ; -1.29095
5.00364 ; 4.63642 ; -0.801885 ; -1.30642
6.13485 ; 5.34576 ; 1.1095 ; -0.0879889
4.49286 ; 5.45855 ; -1.6797 ; -0.0705404
5.4182 ; 5.27373 ; 0.35845 ; -0.791569
5.97994 ; 5.16268 ; 0.0965767 ; -0.813531
5.70861 ; 5.98002 ; 0.259344 ; 1.04124
6.57927 ; 5.22971 ; 1.5937 ; -0.772664
5.09335 ; 5.08212 ; -0.782438 ; -1.3277
5.40645 ; 6.62625 ; -0.716995 ; 1.56286
4.85154 ; 5.2048 ; -0.983223 ; -0.808402
6.04271 ; 5.89953 ; 1.31338 ; -0.103215
6.5486 ; 5.81518 ; 1.77985 ; -0.0509833
5.08707 ; 5.55898 ; -0.243868 ; -0.746601
4.89589 ; 5.5878 ; -0.647034 ; -0.783764
5.80386 ; 5.61982 ; 0.407668 ; -0.46003
6.4236 ; 5.07442 ; 1.25851 ; -1.07745
5.02497 ; 5.50383 ; -0.945792 ; 1.03403
5.6453 ; 6.08685 ; 0.664389 ; 1.58068
4.95183 ; 5.95665 ; -1.32259 ; 0.20054
6.20828 ; 4.73034 ; 0.736096 ; -1.22554
6.46773 ; 5.66466 ; 1.76603 ; -0.332419
5.18033 ; 5.32104 ; -1.0317 ; 0.537832
4.77345 ; 5.48178 ; -1.39523 ; -0.697942
5.21995 ; 5.51698 ; -0.148372 ; 0.411392
6.17062 ; 5.91022 ; 1.42859 ; 0.982783
5.24486 ; 5.51709 ; -0.871217 ; 1.01527
5.30896 ; 6.01295 ; -0.0300419 ; 0.112496
6.07727 ; 4.8491 ; 0.196108 ; -0.472491
4.85303 ; 4.92944 ; -0.812002 ; -0.999362
6.04146 ; 5.98366 ; 0.931603 ; 0.366314
6.24077 ; 6.09711 ; 1.08768 ; 1.34769
5.69719 ; 5.32112 ; 1.275 ; -0.833759
5.58091 ; 4.9726 ; 0.427079 ; -0.242055
5.30004 ; 5.60097 ; 0.264533 ; 0.115767
4.92953 ; 4.98798 ; -0.649849 ; -1.05556
5.7248 ; 6.62604 ; 1.18085 ; 1.63477
5.5345 ; 4.83856 ; 0.0450403 ; -1.59481
5.76593 ; 6.30338 ; 1.35669 ; 1.76149
5.04325 ; 6.3996 ; -0.0425795 ; 0.999718
5.52088 ; 5.70968 ; -0.879937 ; 0.377762
5.44614 ; 4.62524 ; -1.19011 ; -0.988461
6.35234 ; 4.85605 ; 1.45231 ; -1.17107
5.97786 ; 4.85901 ; 1.29189 ; -1.44899
4.75009 ; 5.0606 ; -1.33066 ; -0.250787
6.06679 ; 5.28658 ; 1.60273 ; -0.167384
5.92288 ; 5.55117 ; 1.45293 ; 0.0811683
5.52404 ; 6.56472 ; -0.2409 ; 1.54471
5.26331 ; 5.55815 ; -0.20399 ; 0.223492
5.54204 ; 6.32927 ; 0.148014 ; 0.851635
6.05041 ; 4.68058 ; 0.13317 ; -1.23716
5.7562 ; 6.4023 ; 1.43945 ; 0.986976
6.11082 ; 4.35803 ; 1.49868 ; -1.509
5.89871 ; 6.61879 ; 1.46637 ; 1.63993
6.0087 ; 5.23848 ; 0.83127 ; 0.0814222
5.76458 ; 5.45622 ; 1.33036 ; 0.298094
6.63823 ; 5.44239 ; 1.61601 ; -0.430559
5.40401 ; 5.99528 ; 0.430095 ; 1.37403
6.13092 ; 4.23799 ; 0.761705 ; -1.60857
5.10268 ; 5.12485 ; 0.0259206 ; -1.49291
5.99799 ; 6.2961 ; 0.576163 ; 0.953421
5.99784 ; 6.35955 ; 1.38089 ; 1.58122
4.86026 ; 6.25918 ; -1.49785 ; 1.14812
4.98207 ; 5.31355 ; -0.388881 ; -0.910282
5.57496 ; 6.66963 ; -0.696821 ; 1.51933
6.36355 ; 5.73738 ; 1.31032 ; 0.412402
4.89864 ; 5.28646 ; -1.18115 ; -1.06224
6.39401 ; 5.57027 ; 1.11883 ; 0.540453
6.02447 ; 6.08577 ; 0.178634 ; 1.36804
5.43681 ; 6.68921 ; 0.749671 ; 1.66431
5.49467 ; 5.31635 ; 0.044395 ; -1.03863
6.42092 ; 5.73693 ; 1.60223 ; -0.182968
6.22914 ; 5.46039 ; 1.6299 ; -0.864023
5.79704 ; 5.60973 ; 0.430382 ; 0.320197
6.45427 ; 5.43011 ; 1.53959 ; -0.148654
6.34965 ; 6.1032 ; 0.893793 ; 1.4938
4.77049 ; 6.28954 ; -1.27416 ; 0.811302
4.70851 ; 5.55321 ; -1.22932 ; 0.278351
5.53298 ; 4.88354 ; -0.86258 ; -1.67739
5.71987 ; 4.87667 ; -0.562634 ; -1.69742
4.41509 ; 5.86009 ; -1.4446 ; 0.833457
5.16449 ; 6.05418 ; -0.630526 ; 0.94128
4.80995 ; 5.65176 ; -0.887759 ; 0.175351
5.06198 ; 4.56409 ; -0.947427 ; -1.54817
5.60077 ; 5.08394 ; -0.0093994 ; 0.014917
6.68394 ; 6.19235 ; 1.74125 ; 1.30719
5.20727 ; 5.06454 ; -1.54073 ; -0.963793
5.6651 ; 5.39425 ; -0.114687 ; -0.25952
6.52055 ; 6.05163 ; 1.26635 ; 0.723868
4.27988 ; 5.75678 ; -1.70987 ; 1.09875
5.20363 ; 5.11442 ; -1.50922 ; -0.62964
4.70504 ; 5.67428 ; -0.746024 ; -0.338446
5.26972 ; 5.44936 ; -0.232102 ; 0.261803
5.18056 ; 6.55282 ; -0.695975 ; 1.56177
5.91473 ; 4.70489 ; 0.650671 ; -1.07039
4.87398 ; 5.43103 ; -0.414519 ; 0.0717669
4.77264 ; 4.59211 ; -1.32548 ; -1.68896
4.99772 ; 5.90492 ; -1.54107 ; -0.0560551
4.84868 ; 5.12254 ; -1.42922 ; -0.121254
6.27485 ; 4.71296 ; 1.41788 ; -0.698122
5.65602 ; 5.22668 ; 0.991031 ; -0.566144
6.2424 ; 5.61384 ; 1.16233 ; -0.617226
5.28321 ; 5.68682 ; -0.677359 ; 0.28968
4.93137 ; 5.31968 ; -1.27774 ; -1.05456
5.46698 ; 5.38797 ; 0.95784 ; 0.245167
5.32045 ; 4.97611 ; -1.00863 ; -0.326878
5.55611 ; 5.19576 ; -0.881679 ; -0.250979
5.24327 ; 5.44527 ; 0.0935101 ; 0.391593
6.48602 ; 5.50467 ; 1.49285 ; 0.276616
5.21744 ; 6.14895 ; -0.212414 ; 1.30753
4.52056 ; 5.50023 ; -1.61668 ; 0.425934
5.39231 ; 4.99465 ; -0.0163708 ; -0.592339
5.71319 ; 6.06264 ; 0.745433 ; 1.1676
5.38282 ; 4.81818 ; -0.136737 ; -1.26892
6.20177 ; 6.12672 ; 1.56428 ; 1.67979
5.33512 ; 4.95338 ; -0.431608 ; -1.23284
5.43976 ; 5.92526 ; 0.210006 ; 0.283905
5.75381 ; 5.76202 ; 0.0898219 ; -0.055631
5.89356 ; 5.93135 ; 1.3996 ; 0.419794
4.36498 ; 5.76972 ; -1.70214 ; 1.10061
5.20958 ; 5.02566 ; -0.763426 ; -0.297971
5.16678 ; 5.78343 ; -1.36669 ; 0.186588
5.29628 ; 5.19321 ; -1.02439 ; -1.5014
5.66652 ; 6.47322 ; 0.308165 ; 1.701
4.96635 ; 5.41144 ; -1.42088 ; 0.16713
5.59297 ; 5.94155 ; 0.547632 ; 0.0472614
5.84778 ; 5.09687 ; 0.732826 ; -0.327207
5.77421 ; 5.08791 ; 0.189883 ; -0.399552
6.31896 ; 4.59562 ; 0.784693 ; -1.45687
4.96123 ; 5.6986 ; -0.931012 ; 0.154926
5.19772 ; 5.84105 ; -1.49614 ; 0.986955
6.33834 ; 5.23766 ; 1.72088 ; -1.29304
5.68816 ; 5.69872 ; 1.24058 ; 0.191372
5.49524 ; 5.06403 ; 0.216333 ; -0.113921
5.91635 ; 5.35098 ; 0.615515 ; -0.618183
4.97797 ; 5.36054 ; -1.04322 ; 0.0353602
4.85187 ; 5.43886 ; -1.26827 ; -0.212065
6.13038 ; 5.89668 ; 0.57919 ; 0.141955
5.78508 ; 5.00104 ; 1.03623 ; -1.31487
6.24061 ; 5.25849 ; 0.819653 ; 0.464543
5.09146 ; 5.30065 ; -0.13507 ; 0.484894
6.01643 ; 4.43984 ; 0.772923 ; -1.76695
6.21408 ; 4.55684 ; 0.690142 ; -1.33183
4.79186 ; 6.26308 ; -0.502482 ; 1.14478
4.61765 ; 5.993 ; -1.61327 ; 0.499075
6.44625 ; 5.78664 ; 1.48846 ; -0.111044
5.77531 ; 5.91793 ; -0.208826 ; 0.344525
5.36235 ; 4.55437 ; 0.522725 ; -1.41586
5.36263 ; 5.73177 ; 0.437311 ; 1.42692
5.75939 ; 6.06989 ; 1.08067 ; 0.365973
5.67656 ; 4.76975 ; 0.149513 ; -1.45632
4.48677 ; 6.35907 ; -1.71457 ; 1.45823
5.43459 ; 4.77562 ; -0.876112 ; -1.62577
5.71179 ; 5.47887 ; 0.983993 ; 0.646194
5.9151 ; 5.52991 ; 1.15017 ; -0.819485
6.04835 ; 5.8753 ; 1.06071 ; 0.904675
6.27215 ; 5.20513 ; 1.73566 ; 0.0167344
5.396 ; 4.66086 ; 0.237767 ; -1.0214
5.93539 ; 6.30271 ; 0.48332 ; 1.01249
4.45202 ; 5.69531 ; -1.67983 ; -0.532739
4.46259 ; 5.59414 ; -1.64269 ; -0.384936
6.24389 ; 4.67971 ; 0.719832 ; -1.686
4.87701 ; 6.26494 ; -0.67845 ; 1.23708
5.61729 ; 5.83376 ; 0.712193 ; 1.16553
5.28456 ; 4.60215 ; 0.394839 ; -1.68331
5.52113 ; 4.26188 ; 0.860103 ; -1.60012
6.11493 ; 6.03017 ; 0.496509 ; 1.53049
6.06802 ; 5.5713 ; 0.291089 ; 0.366228
6.00824 ; 5.67538 ; 1.41168 ; 1.07671
5.49253 ; 6.16631 ; -0.0493954 ; 1.19333
5.15037 ; 5.27729 ; -0.88274 ; -1.35557
5.46059 ; 5.68973 ; -1.11573 ; -0.361231
5.70676 ; 5.98783 ; 1.31169 ; 1.01241
5.88881 ; 5.7256 ; 0.0351947 ; -0.509958
4.65531 ; 4.56133 ; -0.893288 ; -1.14186
4.82461 ; 5.56744 ; -0.930766 ; -0.255815
5.1778 ; 6.71146 ; -0.421045 ; 1.59789
6.51846 ; 5.07972 ; 1.27434 ; -1.08533
5.76588 ; 6.18131 ; 1.1968 ; 0.822157
4.60298 ; 6.03756 ; -1.54279 ; 0.980385
5.83634 ; 5.67979 ; 0.505185 ; -0.433073
5.84682 ; 4.80783 ; 0.892846 ; -0.774318
5.81971 ; 4.9733 ; 0.671468 ; -1.33716
4.84275 ; 5.63996 ; -1.07543 ; -0.651415
5.44275 ; 6.03617 ; -1.02978 ; 0.743203
5.20605 ; 4.91955 ; -0.797881 ; -1.63454
5.6879 ; 5.49303 ; 0.200758 ; -0.679033
4.84585 ; 6.68524 ; -0.586563 ; 1.46309
5.58992 ; 5.09676 ; 0.423666 ; -0.88177
6.25351 ; 6.5738 ; 0.719383 ; 1.35813
6.77036 ; 6.26805 ; 1.66725 ; 1.29498
4.78309 ; 4.92256 ; -1.62055 ; -0.470819
5.94847 ; 6.31988 ; 0.708449 ; 1.12625
5.26222 ; 6.45731 ; 0.0277805 ; 1.11801
5.87553 ; 5.41959 ; 0.642555 ; -0.846852
5.33553 ; 4.75056 ; 0.435773 ; -1.43736
5.85164 ; 5.22099 ; 1.2944 ; -1.33076
4.84221 ; 5.22418 ; -1.55671 ; -0.843568
5.21942 ; 5.98825 ; -0.224506 ; 0.622561
5.93598 ; 5.04432 ; 0.0796037 ; -0.572427
5.83614 ; 5.43351 ; 1.47815 ; 0.280375
5.84743 ; 6.36156 ; 0.507186 ; 1.76521
4.71508 ; 4.846 ; -0.985533 ; -1.32719
5.09809 ; 5.61427 ; -1.01542 ; 0.688915
6.54239 ; 6.05022 ; 1.55136 ; 1.52797
6.4887 ; 5.31571 ; 1.26589 ; 0.390526
5.59668 ; 4.83923 ; -0.012242 ; -1.45334
5.26903 ; 5.64442 ; -0.417943 ; -0.0386486
5.92344 ; 5.78476 ; 0.365697 ; 1.46457
5.93693 ; 4.6674 ; 0.730643 ; -1.52269
5.25062 ; 5.35599 ; 0.174462 ; -1.0829
6.47223 ; 5.93459 ; 1.20984 ; 0.849174
5.69658 ; 4.64563 ; 0.197064 ; -1.49961
6.11511 ; 5.56376 ; 1.28313 ; 0.183852
5.07205 ; 5.33218 ; -0.567267 ; -1.34536
4.67843 ; 6.3755 ; -1.00705 ; 1.56176
4.57189 ; 6.0366 ; -1.25976 ; 0.849702
4.67826 ; 4.48305 ; -1.49344 ; -1.5238
4.87734 ; 4.87089 ; -0.766491 ; -0.900799
5.92377 ; 5.52641 ; 1.38058 ; -0.559611
5.94323 ; 5.74472 ; 0.108548 ; 0.43116
5.77018 ; 5.52015 ; 0.186519 ; -0.334486
4.83884 ; 5.7229 ; -0.520205 ; 0.780126
4.78145 ; 5.19618 ; -1.24505 ; -0.828366
4.43579 ; 5.91593 ; -1.58792 ; 0.305507
6.24987 ; 4.47821 ; 0.697923 ; -1.10873
5.5154 ; 4.87998 ; -0.07852 ; -1.29314
4.94497 ; 4.94299 ; -0.376944 ; -0.60495
5.35451 ; 4.67619 ; 0.0620897 ; -0.813797
5.31252 ; 5.63295 ; -0.928205 ; -0.544041
5.45411 ; 4.91 ; -0.720409 ; -1.39849
5.65023 ; 5.4602 ; 0.284429 ; 0.646782
5.92634 ; 5.33772 ; 0.244814 ; -0.864503
5.43768 ; 4.50803 ; -0.5864 ; -1.50664
5.29376 ; 6.4256 ; 0.114045 ; 1.34082
5.48922 ; 6.30264 ; 1.06164 ; 1.04314
5.32808 ; 5.74312 ; -1.36776 ; 0.58021
6.50475 ; 4.62454 ; 1.19538 ; -0.921584
5.22512 ; 5.39439 ; 0.199276 ; -0.403614
5.33582 ; 5.17398 ; 0.407865 ; -1.1941
5.19062 ; 5.12485 ; -1.44931 ; -1.22075
6.21773 ; 6.4629 ; 0.842043 ; 1.35206
5.03139 ; 5.94641 ; -0.144186 ; 0.142221
5.51203 ; 5.95671 ; -0.800738 ; 0.535002
5.31222 ; 5.91058 ; -1.46967 ; 1.44823
5.82237 ; 6.05177 ; 0.207652 ; 0.688163
5.55415 ; 4.38287 ; -0.37086 ; -1.66474
5.87333 ; 5.42804 ; 1.37853 ; -0.596246
5.74747 ; 5.53229 ; 0.612746 ; 1.01014
6.62043 ; 4.94342 ; 1.60376 ; -0.176894
5.7314 ; 5.09437 ; 0.591894 ; -0.725696
6.65769 ; 5.31474 ; 1.47948 ; -0.908047
6.39911 ; 6.13078 ; 1.50358 ; 0.389822
5.71371 ; 5.66194 ; 0.802324 ; 1.11041
6.01905 ; 5.45552 ; 0.719571 ; -0.790576
5.27521 ; 6.40349 ; -0.168549 ; 1.59232
6.07307 ; 5.44854 ; 1.38972 ; 0.630065
6.21349 ; 5.46387 ; 1.12453 ; -0.301284
4.8474 ; 4.63762 ; -0.875388 ; -1.42861
4.72329 ; 5.40562 ; -1.02401 ; -0.462235
5.21777 ; 4.9929 ; 0.20908 ; -0.87928
6.01597 ; 5.98958 ; 1.24641 ; 0.337507
4.65898 ; 5.86275 ; -1.62842 ; -0.267288
5.6694 ; 5.79441 ; -0.282633 ; 0.555004
5.85602 ; 4.88924 ; 0.275323 ; -1.1855
5.57097 ; 5.82173 ; 0.0609101 ; 0.276379
5.86917 ; 5.65047 ; 1.33673 ; 0.251902
5.1464 ; 6.19354 ; -1.37805 ; 1.11285
4.89007 ; 5.02984 ; -0.681858 ; -0.332312
5.46104 ; 6.31468 ; -0.169836 ; 1.70592
5.70138 ; 6.78279 ; 0.930911 ; 1.73497
5.32567 ; 5.21712 ; -0.416828 ; 0.354075
5.64388 ; 6.37304 ; -0.640386 ; 1.37464
5.86369 ; 5.28685 ; 1.2774 ; -0.997753
4.83961 ; 6.1829 ; -0.501927 ; 1.36703
5.87428 ; 5.06741 ; 1.39534 ; -0.876062
5.79709 ; 5.1129 ; -0.402157 ; -0.157921
6.15206 ; 4.92678 ; 0.564317 ; -1.63689
5.13006 ; 5.24303 ; -0.0137498 ; 0.397951
5.58278 ; 5.84424 ; 0.946488 ; -0.0999211
5.11681 ; 6.62302 ; -1.30675 ; 1.6388
6.39227 ; 4.63693 ; 1.61763 ; -1.40264
4.6155 ; 6.23559 ; -1.26317 ; 0.646332
5.6409 ; 5.78276 ; 0.0332606 ; 0.806341
5.67975 ; 5.54596 ; 0.988534 ; -0.495159
4.50442 ; 5.46944 ; -1.21454 ; 1.02033
4.58341 ; 5.13412 ; -1.12411 ; -0.429164
6.23692 ; 4.89479 ; 1.00508 ; -1.50552
5.54013 ; 6.03787 ; 0.604315 ; 0.842272
5.49732 ; 5.1238 ; 0.760246 ; -0.384032
6.1875 ; 4.72478 ; 1.12688 ; -1.58974
6.31753 ; 4.50264 ; 1.2944 ; -1.19724
5.69881 ; 4.40549 ; 1.31111 ; -1.71974
5.87825 ; 6.46334 ; 0.754594 ; 1.37156
5.38599 ; 6.19264 ; 0.0276855 ; 1.3536
4.94518 ; 5.35173 ; -1.4679 ; -0.295709
6.31631 ; 5.62632 ; 1.01163 ; 1.36405
5.39013 ; 5.52038 ; -0.898704 ; 0.0441305
5.67038 ; 6.65671 ; -0.334969 ; 1.59819
6.49202 ; 5.44367 ; 1.4864 ; 0.883623
6.31897 ; 6.03799 ; 1.68555 ; 1.605
4.64103 ; 5.8678 ; -1.20533 ; 1.05068
5.30799 ; 5.8328 ; -1.36364 ; 1.08166
4.87589 ; 5.91 ; -0.771568 ; 0.444528
4.6809 ; 5.31623 ; -1.59197 ; -1.4103
6.41177 ; 5.69036 ; 1.77438 ; -0.262412
5.58475 ; 5.45981 ; 1.18673 ; -0.769767
5.5668 ; 6.57649 ; -0.916254 ; 1.5577
4.27044 ; 5.25834 ; -1.63662 ; -1.20737
5.66413 ; 4.83596 ; 1.13079 ; -1.20309
4.82563 ; 5.35419 ; -0.897699 ; -0.764432
4.88323 ; 6.42559 ; -0.550054 ; 1.01942
6.3596 ; 5.24823 ; 1.32895 ; 0.436728
4.64246 ; 5.1725 ; -1.0828 ; 0.112471
5.10283 ; 5.98718 ; -0.140252 ; 0.853926
5.52158 ; 5.54189 ; -0.47106 ; -0.147963
4.96211 ; 5.75766 ; -0.405985 ; 0.18703
4.93195 ; 6.27468 ; -0.926013 ; 0.891436
4.79483 ; 5.29237 ; -0.726702 ; -0.17073
5.36591 ; 5.64428 ; 0.253566 ; 1.22671
6.36985 ; 4.99031 ; 1.5905 ; -1.56075
6.12026 ; 5.78543 ; 1.37034 ; 1.42228
5.2078 ; 5.93087 ; -0.366782 ; 0.123126
5.89164 ; 6.61729 ; -0.15254 ; 1.37902
5.21734 ; 6.03531 ; 0.36988 ; 1.56852
5.40391 ; 4.65665 ; 0.843763 ; -1.12286
4.64714 ; 5.54114 ; -1.60707 ; 0.331332
5.59308 ; 5.95922 ; -0.590301 ; 1.25849
4.59837 ; 5.72981 ; -1.12743 ; 0.519375
5.25514 ; 5.3843 ; 0.458743 ; -0.484211
5.13851 ; 5.47107 ; -0.963545 ; -0.989105
4.93772 ; 5.86128 ; -1.10136 ; 0.0904563
5.00629 ; 5.43566 ; -0.877491 ; -0.430031
5.50466 ; 4.50617 ; -0.541928 ; -1.28062
6.11643 ; 4.23378 ; 1.00351 ; -1.62832
5.33705 ; 6.04558 ; -0.106788 ; 1.42857
5.69008 ; 5.26577 ; -0.47834 ; -0.0743903
5.93069 ; 6.29719 ; 1.30022 ; 1.64789
5.141 ; 5.09385 ; 0.0475326 ; -1.57369
6.51838 ; 5.19377 ; 1.61697 ; -0.931928
5.34601 ; 5.56753 ; 0.122558 ; 0.240727
5.48531 ; 4.91077 ; -0.954969 ; -1.49569
6.49727 ; 5.74025 ; 1.46686 ; -0.0508955
6.10857 ; 5.71381 ; 0.459117 ; 1.56123
5.91958 ; 6.26515 ; -0.145193 ; 0.838078
5.56853 ; 5.53672 ; 0.612666 ; -0.62533
5.95782 ; 5.32283 ; 0.893511 ; -0.862363
5.99586 ; 6.38813 ; 0.509983 ; 0.99088
4.91877 ; 6.57647 ; -0.439913 ; 1.33935
5.51905 ; 5.01035 ; 0.121635 ; -1.32254
5.10892 ; 4.9834 ; -0.765839 ; -1.44626
6.09612 ; 4.70439 ; 1.21387 ; -1.05237
4.69762 ; 4.5209 ; -1.64146 ; -1.43472
5.71735 ; 5.36205 ; 0.971284 ; -1.16011
5.70516 ; 6.56357 ; 0.629782 ; 1.47211
5.05569 ; 5.68237 ; -0.0918162 ; 1.16128
5.39825 ; 6.19391 ; 0.291164 ; 1.03279
5.51968 ; 4.81878 ; -0.112153 ; -1.07139
6.19272 ; 5.1609 ; 1.03047 ; -0.270229
4.64957 ; 5.67128 ; -1.42857 ; 0.92551
5.75049 ; 5.15793 ; 1.12061 ; -0.0232579
5.78875 ; 5.8748 ; 1.26833 ; -0.0770279
5.22124 ; 6.26948 ; -0.845083 ; 1.61713
5.6596 ; 5.69398 ; 0.347792 ; 0.131747
5.51283 ; 5.59449 ; -0.976868 ; 0.641467
6.40325 ; 5.63337 ; 1.11892 ; -0.61134
5.84474 ; 5.02515 ; 0.814444 ; -1.35733
5.83921 ; 4.90322 ; 0.439371 ; -1.06503
4.88415 ; 5.59828 ; -1.48478 ; -0.134148
5.49439 ; 5.0657 ; 0.991488 ; 0.026235
5.40821 ; 6.05083 ; -0.0980953 ; 1.01191
6.31777 ; 4.90124 ; 1.2327 ; -0.973771
5.86327 ; 5.45465 ; 0.750818 ; -1.15422
5.4052 ; 5.90612 ; 0.270588 ; 1.35525
4.47376 ; 5.81799 ; -1.54299 ; 0.929883
5.24328 ; 5.90132 ; 0.0620129 ; 1.37419
5.0657 ; 5.9418 ; -1.19156 ; 0.450003
6.32733 ; 5.69673 ; 1.2325 ; 0.327804
5.16478 ; 5.99052 ; -1.08532 ; 0.902479
5.72508 ; 5.06872 ; 1.31968 ; -0.662947
5.59657 ; 4.82653 ; -0.177817 ; -1.31278
5.98775 ; 4.83 ; 1.4226 ; -1.19221
5.07814 ; 5.1046 ; -0.833638 ; -0.0755261
5.44847 ; 5.68137 ; 0.615309 ; -0.403168
5.79887 ; 5.47396 ; 0.183259 ; -0.493192
5.1084 ; 5.32694 ; -0.807283 ; -1.44434
6.69832 ; 5.27659 ; 1.62982 ; -0.841262
4.93765 ; 5.02168 ; -1.54223 ; -0.526682
5.92892 ; 5.6218 ; 0.0749906 ; -0.0407537
5.58452 ; 6.09074 ; 0.0227738 ; 0.641945
4.63377 ; 5.61725 ; -1.54155 ; 1.31925
5.7416 ; 4.44786 ; 0.464834 ; -1.76884
6.25938 ; 6.04827 ; 1.15029 ; 0.86915
5.19748 ; 6.00951 ; 0.138588 ; 0.654697
5.66841 ; 5.63114 ; 0.931444 ; 0.447163
5.72668 ; 4.91507 ; 1.1144 ; -1.23632
5.26735 ; 5.88596 ; 0.0847142 ; 0.468412
4.9463 ; 4.84942 ; -0.767921 ; -0.644619
5.41101 ; 5.01758 ; -0.404282 ; -0.898937
6.26122 ; 5.76529 ; 1.04453 ; 1.01953
5.80426 ; 6.73507 ; 0.0750277 ; 1.58396
5.77311 ; 4.45777 ; 0.711718 ; -1.68211
5.84113 ; 5.59966 ; -0.0863502 ; -0.413933
5.34114 ; 4.9712 ; -0.451152 ; -0.835757
4.75054 ; 5.02671 ; -1.43086 ; -0.0953215
5.83233 ; 5.65672 ; 1.3501 ; 0.809136
6.41328 ; 4.80024 ; 1.53 ; -1.2601
5.01424 ; 5.05639 ; -1.58854 ; -0.696001
5.20084 ; 4.57334 ; -1.09661 ; -1.55933
5.30078 ; 5.41937 ; -0.163625 ; -0.840811
4.86203 ; 5.83393 ; -0.92098 ; 0.983291
5.69238 ; 5.28229 ; -0.452541 ; -1.49416
4.94004 ; 6.23918 ; -1.51362 ; 1.03607
5.20549 ; 6.51156 ; -0.946006 ; 1.71985
6.1067 ; 5.56276 ; 0.723081 ; -0.134776
4.98884 ; 5.06794 ; -1.04921 ; -0.47132
6.33802 ; 4.88008 ; 1.69925 ; -0.376144
5.98597 ; 4.68799 ; 1.13046 ; -1.71656
4.97835 ; 6.07438 ; -1.21757 ; 1.0846
6.37308 ; 5.39483 ; 1.53855 ; -0.923586
6.22013 ; 4.88945 ; 1.56482 ; -1.13141
6.3597 ; 5.12692 ; 1.17172 ; -0.497917
5.5985 ; 5.86946 ; 1.28382 ; 0.29159
6.53754 ; 5.11425 ; 1.53856 ; -1.12876
5.38849 ; 5.86156 ; 0.444546 ; 1.05232
5.72078 ; 5.42485 ; -0.143131 ; -0.567413
5.75196 ; 5.77731 ; -0.189136 ; 0.174944
6.07738 ; 5.99548 ; 1.41481 ; 1.02874
5.04095 ; 5.99782 ; -1.56236 ; 1.46305
6.11879 ; 6.03764 ; 0.349354 ; 0.568267
5.07767 ; 6.29765 ; -0.348334 ; 1.07138
4.74136 ; 5.26819 ; -1.00919 ; -0.507236
5.89542 ; 6.47042 ; 0.879655 ; 1.59053
5.6438 ; 5.74131 ; -0.497529 ; 0.344453
5.53064 ; 5.66499 ; -0.257103 ; -0.553509
5.92179 ; 5.51174 ; 0.16801 ; 0.00264566
5.80682 ; 5.87447 ; 0.764096 ; 0.921425
5.49545 ; 5.40553 ; -0.45329 ; -1.15401
6.28763 ; 4.81838 ; 0.99918 ; -1.11658
5.73502 ; 5.81708 ; 0.00572546 ; 0.717558
5.97041 ; 6.16052 ; 0.870747 ; 1.21853
5.68525 ; 6.1041 ; -0.452665 ; 1.42546
5.61844 ; 5.72624 ; 0.324359 ; 1.28891
6.24826 ; 5.05692 ; 1.29038 ; -0.60655
5.84649 ; 5.29229 ; 0.0146659 ; -0.694729
6.46213 ; 5.05829 ; 1.38117 ; 0.127927
6.33198 ; 4.27086 ; 1.2466 ; -1.5148
4.9871 ; 5.80344 ; -1.62385 ; 0.787834
5.91418 ; 5.54977 ; 0.837319 ; 0.0162158
5.79185 ; 6.65075 ; 0.821798 ; 1.61624
5.38656 ; 6.03466 ; -1.1279 ; 1.41594
5.6718 ; 6.04089 ; 1.06398 ; 1.25646
5.26121 ; 5.99391 ; -0.434523 ; 1.19006
5.85091 ; 4.92235 ; 1.60038 ; -0.386556
5.72627 ; 4.90214 ; 0.591208 ; -0.683141
6.08667 ; 5.99534 ; 0.296352 ; 0.472236
4.81189 ; 5.38398 ; -1.56367 ; -0.696937
4.97734 ; 5.01421 ; -0.787703 ; -1.32148
5.40078 ; 6.63219 ; -0.0541518 ; 1.64516
6.23593 ; 5.59903 ; 1.32876 ; 0.74943
5.5911 ; 4.87445 ; 0.719821 ; -1.6426
5.19435 ; 5.37577 ; 0.0920174 ; 0.729398
5.19298 ; 5.07203 ; -0.79625 ; -1.29517
5.68787 ; 6.20739 ; -0.161349 ; 1.08736
4.71446 ; 5.6259 ; -1.20985 ; -0.50512
6.25601 ; 4.91439 ; 0.940844 ; -1.20281
4.58604 ; 5.37559 ; -1.50371 ; -1.00557
5.46857 ; 5.19672 ; -0.108869 ; -1.20181
5.61031 ; 6.45319 ; -0.683175 ; 1.03757
4.94032 ; 5.84586 ; -0.459523 ; 1.27622
6.13738 ; 6.34692 ; 1.24033 ; 1.45728
6.05483 ; 6.44111 ; 1.53054 ; 1.03391
4.68516 ; 4.7172 ; -1.6299 ; -0.933155
4.33015 ; 5.54129 ; -1.58577 ; -0.7837
5.12625 ; 4.31642 ; -0.696024 ; -1.55405
4.6861 ; 6.63361 ; -0.719049 ; 1.34515
5.62504 ; 6.25188 ; 1.27025 ; 1.07321
5.20788 ; 6.12552 ; -1.44905 ; 0.585426
5.95661 ; 5.0071 ; 0.829541 ; -1.20762
5.5789 ; 5.67914 ; 1.12389 ; 1.34544
4.84103 ; 5.10451 ; -0.923579 ; -1.35426
5.23327 ; 4.9089 ; 0.331374 ; -0.624727
5.84567 ; 5.23983 ; 1.15752 ; -0.327117
5.44325 ; 5.52382 ; 0.564389 ; -0.868421
5.604 ; 5.31651 ; -0.267707 ; -0.14089
4.24415 ; 4.65239 ; -1.61012 ; -1.48309
5.63809 ; 5.04353 ; -0.750215 ; -0.506586
6.19524 ; 5.65668 ; 0.587087 ; -0.403715
5.61757 ; 4.78299 ; 1.19249 ; -1.28107
5.9524 ; 5.91233 ; 0.682671 ; 0.237902
4.71841 ; 5.23633 ; -1.67396 ; -0.0822935
5.6715 ; 4.34148 ; 0.0937281 ; -1.66259
4.94584 ; 4.73833 ; -1.47911 ; -0.875301
6.35987 ; 4.87842 ; 1.38489 ; -0.672321
4.71471 ; 5.42079 ; -0.6892 ; 0.881137
5.4011 ; 4.51657 ; -0.852174 ; -1.44277
5.68942 ; 5.77584 ; 0.794347 ; 0.499796
5.03326 ; 5.39745 ; -0.760527 ; 0.155599
5.69893 ; 5.19319 ; 1.20702 ; 0.290739
4.85211 ; 5.21003 ; -1.19189 ; -0.729761
5.02354 ; 5.96715 ; -1.25966 ; 0.223997
5.09814 ; 5.84915 ; -0.506725 ; 1.03209
5.88522 ; 5.76362 ; 0.121815 ; 1.14456
5.12945 ; 6.05283 ; -1.44001 ; 1.10231
5.07709 ; 5.02461 ; -0.542381 ; -0.653021
4.23647 ; 5.07656 ; -1.71445 ; -0.875756
5.65565 ; 6.0493 ; 0.676385 ; 1.65919
4.8461 ; 4.47191 ; -0.64906 ; -1.4199
5.73735 ; 5.67619 ; 0.399065 ; -0.152507
5.01192 ; 5.06224 ; -0.890713 ; -0.380453
4.94755 ; 5.23579 ; -0.467351 ; -0.306527
5.21573 ; 4.93709 ; 0.379591 ; -0.811359
5.49867 ; 4.64565 ; 0.745056 ; -1.69201
4.43136 ; 4.96006 ; -1.60425 ; -0.910532
4.57471 ; 5.6112 ; -1.49413 ; -0.407474
4.67033 ; 5.89904 ; -1.13999 ; 0.269814
4.75785 ; 5.91039 ; -1.01946 ; 0.988734
5.40442 ; 5.49548 ; 0.0897932 ; 0.224868
5.23902 ; 5.67979 ; -0.847758 ; -0.454497
5.1768 ; 4.86006 ; -0.913079 ; -1.4325
5.38805 ; 5.59407 ; -0.629252 ; 0.0551793
5.94843 ; 5.11602 ; 0.12811 ; -0.870886
5.22684 ; 5.14784 ; -1.32623 ; 0.0879003
6.03448 ; 4.28622 ; 0.755867 ; -1.62568
5.74311 ; 5.95707 ; 0.836667 ; 1.19811
6.36758 ; 5.56403 ; 1.78453 ; 1.15852
5.16261 ; 5.77418 ; -0.259169 ; 1.55
5.63081 ; 5.44102 ; -0.674837 ; 0.420718
5.43895 ; 6.29323 ; -0.834949 ; 1.41442
5.85109 ; 5.5544 ; 1.1436 ; 0.589231
4.6053 ; 4.97656 ; -1.637 ; -1.14769
4.968 ; 5.62139 ; -1.10483 ; 1.17708
5.17817 ; 4.81679 ; -0.464903 ; -1.41718
4.97621 ; 4.72024 ; -0.91252 ; -1.72274
5.65702 ; 5.58349 ; 0.0162272 ; -0.507277
6.20442 ; 4.90583 ; 0.602713 ; -1.40147
6.12283 ; 5.95568 ; 0.816124 ; 0.197686
5.49721 ; 5.08327 ; 0.312764 ; -1.24763
4.57862 ; 4.68394 ; -1.41145 ; -1.05634
5.15053 ; 5.25213 ; 0.186408 ; 0.00813793
5.42809 ; 5.88007 ; 0.58916 ; 0.585871
4.96407 ; 6.26465 ; -1.50383 ; 0.653419
5.79965 ; 4.97833 ; 1.31503 ; -0.607295
6.04491 ; 4.58399 ; 1.48415 ; -1.42978
5.38179 ; 5.78799 ; -0.803865 ; -0.196284
5.85295 ; 5.21155 ; -0.250496 ; -0.468996
5.28184 ; 5.30084 ; -0.729053 ; -1.18219
5.24952 ; 4.7061 ; -1.11178 ; -1.0977
6.4811 ; 4.54543 ; 1.65108 ; -0.976815
6.47098 ; 6.49032 ; 1.56462 ; 1.41799
5.01727 ; 6.25692 ; -0.215858 ; 1.66201
5.20023 ; 6.38088 ; 0.0335843 ; 1.27774
6.04783 ; 5.69945 ; 1.11743 ; 0.136211
6.081 ; 6.09114 ; 0.747804 ; 1.49876
6.36236 ; 4.83215 ; 1.43368 ; -1.45333
5.40505 ; 5.7079 ; 0.466542 ; 0.851164
4.65379 ; 5.14155 ; -1.5047 ; -0.924319
5.6215 ; 6.23941 ; 0.0269522 ; 0.637028
4.63485 ; 4.57033 ; -1.32377 ; -1.43429
5.38672 ; 4.95137 ; -0.958301 ; -1.54816
5.41387 ; 4.7687 ; 0.017262 ; -1.48202
4.66681 ; 5.90403 ; -1.39152 ; 0.587435
5.78826 ; 5.58783 ; 1.53929 ; 0.309952
5.81945 ; 6.564 ; 0.918884 ; 1.37937
5.99987 ; 4.46496 ; 1.24124 ; -1.37139
6.20672 ; 5.73809 ; 1.38687 ; 1.49476
4.63114 ; 5.75813 ; -1.00404 ; -0.261831
5.0453 ; 5.78547 ; -0.541816 ; -0.0450819
6.21808 ; 5.67967 ; 0.918157 ; 0.404113
5.37452 ; 5.06569 ; -1.25514 ; -1.10575
5.16057 ; 4.84325 ; 0.0663067 ; -1.22067
4.99789 ; 5.38301 ; -1.33912 ; -1.0828
5.61942 ; 4.86853 ; 0.332256 ; -1.17731
6.01462 ; 5.6332 ; 1.33175 ; 0.237405
5.05372 ; 5.70304 ; -0.224896 ; 1.11387
5.38308 ; 6.1592 ; -0.306367 ; 0.796672
5.29075 ; 5.26861 ; 0.0164876 ; -0.345399
5.4237 ; 5.8258 ; -0.163236 ; 1.00024
5.67908 ; 4.62875 ; -0.230568 ; -1.09654
4.95173 ; 5.46359 ; -1.4182 ; -0.0612912
5.68452 ; 4.70503 ; -0.354134 ; -1.75973
5.73988 ; 5.31783 ; 1.29224 ; 0.498019
