7.61841 ; 3.29199 ; -4.66165 ; -3.65097
8.09617 ; 4.62762 ; -4.83629 ; 5.60365
8.13886 ; 3.60492 ; -4.87991 ; 3.08751
4.52594 ; 3.67623 ; 7.07838 ; 6.9873
5.36079 ; 5.9731 ; -3.67978 ; -6.55482
4.38272 ; 3.87512 ; 7.03346 ; 7.04377
7.40547 ; 6.03078 ; -6.18838 ; -4.37521
6.92286 ; 5.43146 ; -5.42255 ; 5.68244
8.2265 ; 3.59095 ; -1.55954 ; 6.64559
7.93985 ; 7.12107 ; -5.62859 ; -6.49792
8.22943 ; 4.07471 ; -4.50913 ; -4.38585
7.0567 ; 6.26372 ; 4.09826 ; -5.97238
2.99514 ; 2.69145 ; 2.88893 ; -0.376072
3.38474 ; 2.85589 ; -1.09766 ; 6.2192
8.02867 ; 2.54447 ; 0.741187 ; 1.99174
7.61798 ; 7.52278 ; 2.61509 ; -4.93819
3.21473 ; 2.54431 ; 5.07098 ; 1.66586
7.79278 ; 7.26333 ; -6.82675 ; -3.26328
6.33242 ; 4.62626 ; -3.46631 ; -3.01455
3.60824 ; 7.15641 ; -1.94595 ; -4.06957
7.13638 ; 6.39066 ; -7.03202 ; -7.07756
4.16276 ; 6.71734 ; 7.17978 ; -6.76678
7.73054 ; 7.1346 ; -5.43839 ; -6.49847
6.9835 ; 6.56473 ; 4.52147 ; -4.88894
3.38026 ; 7.46991 ; 2.50895 ; -5.36632
8.28651 ; 4.52756 ; -1.0881 ; 5.80928
4.75514 ; 2.99099 ; -3.35717 ; 5.95979
5.21676 ; 3.79724 ; -5.47642 ; 3.67275
4.69055 ; 4.01313 ; 6.96738 ; 6.9466
6.81979 ; 3.00761 ; 3.30397 ; -3.0661
8.1798 ; 6.69963 ; -4.43572 ; -5.17745
6.10173 ; 2.48809 ; -4.62928 ; 4.0738
8.10904 ; 7.31923 ; -4.84026 ; -5.59045
7.74651 ; 6.69025 ; -6.79317 ; 2.19233
3.06228 ; 2.47101 ; 3.25652 ; 2.4538
7.7787 ; 2.95433 ; -6.30802 ; 6.32633
3.28819 ; 2.353 ; 0.965434 ; 1.81593
3.36049 ; 2.67698 ; 4.6861 ; 5.65114
3.58398 ; 6.90076 ; 5.73231 ; -7.01675
3.00272 ; 6.37097 ; 0.385216 ; 3.51757
4.77891 ; 5.30805 ; 3.34771 ; 5.55662
4.20097 ; 6.95737 ; 4.02223 ; -6.96219
6.4942 ; 4.44758 ; 5.0569 ; 5.78927
4.43671 ; 2.58183 ; 6.08188 ; 3.9555
3.42227 ; 4.86573 ; 6.0549 ; -4.59211
3.66434 ; 2.64345 ; 4.16223 ; 5.05247
7.18982 ; 3.32707 ; -7.16128 ; 6.67986
3.26521 ; 3.52645 ; 5.12947 ; 3.37394
3.0473 ; 2.79569 ; 3.05809 ; 0.926813
7.09492 ; 3.76166 ; -7.00285 ; 7.07374
3.23544 ; 2.50504 ; 4.60339 ; 4.11792
7.06299 ; 3.64821 ; -7.06479 ; 7.04383
3.68678 ; 2.89702 ; 6.65299 ; 6.11718
4.14462 ; 6.58388 ; 7.11686 ; -6.92244
4.87185 ; 2.92777 ; -3.59225 ; -1.89729
3.3423 ; 5.72871 ; 4.58519 ; -6.4115
7.67039 ; 3.67818 ; -6.40775 ; 6.65869
3.4261 ; 6.99273 ; 5.08645 ; -6.86238
7.47042 ; 3.42167 ; -6.78551 ; 7.03851
8.08518 ; 7.35099 ; -5.04665 ; -5.60947
4.02948 ; 3.62747 ; -3.79343 ; 5.69415
4.01517 ; 3.21239 ; 7.0681 ; 6.74923
3.55059 ; 6.9354 ; 5.69068 ; -6.9662
8.22564 ; 2.83987 ; -0.824739 ; 4.92988
6.73487 ; 5.85858 ; -6.90863 ; -6.87319
3.53481 ; 6.94904 ; 0.107024 ; -7.07181
8.03453 ; 2.65652 ; -5.70509 ; 4.36276
7.67224 ; 2.9881 ; -4.88728 ; 6.70598
3.29848 ; 2.7308 ; 4.50191 ; 6.06715
3.29138 ; 3.87308 ; 5.7828 ; -3.27413
8.20069 ; 2.76923 ; -0.355532 ; 4.93985
3.62344 ; 2.33464 ; -1.48264 ; 3.48634
7.74262 ; 3.00885 ; -6.30434 ; 6.53068
3.13895 ; 3.12044 ; -0.221535 ; -2.66506
3.20219 ; 6.91289 ; 5.28891 ; -1.55267
7.28188 ; 6.5203 ; -6.91947 ; -7.11
7.79618 ; 2.7119 ; -6.70419 ; 4.14197
8.21813 ; 2.85786 ; -4.29419 ; 3.45625
7.02479 ; 2.68335 ; -4.68483 ; 5.50229
7.11944 ; 7.55677 ; -5.81193 ; -3.38984
7.92786 ; 3.37657 ; -6.42678 ; -2.09101
7.73174 ; 6.66853 ; -5.97684 ; -6.99626
3.2795 ; 7.06534 ; 4.70271 ; -5.43298
3.63171 ; 3.02901 ; 6.44212 ; 6.69028
7.73606 ; 7.02906 ; -6.65218 ; -5.99922
7.83256 ; 2.3664 ; 0.452574 ; 3.57816
8.1304 ; 6.88821 ; -4.02156 ; -6.7277
7.92285 ; 6.17652 ; -1.80508 ; -1.93786
8.35956 ; 4.25206 ; -2.23601 ; -4.66983
4.13462 ; 6.51423 ; 7.04074 ; -7.02768
3.56547 ; 6.76522 ; 5.59954 ; -7.16693
5.21397 ; 2.35124 ; 1.11325 ; 0.844724
7.40329 ; 2.84315 ; -5.21304 ; 3.88172
6.42675 ; 3.0783 ; -6.31885 ; 6.41717
6.77462 ; 3.63543 ; 4.21709 ; 6.5861
7.20163 ; 6.45086 ; -7.0547 ; -7.03623
2.99319 ; 7.29331 ; 0.923847 ; 1.33253
3.23961 ; 4.74686 ; 3.93576 ; 4.97537
7.68138 ; 2.69436 ; 2.07829 ; 5.98002
7.4927 ; 7.05308 ; -6.93692 ; -5.93826
3.87547 ; 6.58491 ; 6.70848 ; -7.12707
7.86106 ; 3.10566 ; -5.59579 ; 6.88082
7.09963 ; 3.30014 ; 1.1611 ; 3.57787
8.34836 ; 6.56304 ; -4.07964 ; 1.76851
3.13868 ; 7.43034 ; 4.98897 ; -0.133104
3.80843 ; 3.3218 ; 6.61842 ; 7.11305
7.53143 ; 5.08861 ; -0.0466155 ; -5.12767
3.87589 ; 7.46586 ; 6.85908 ; -3.02012
6.52187 ; 7.63715 ; -2.70219 ; -0.925362
8.08495 ; 7.46901 ; -5.91198 ; -0.49055
8.39855 ; 5.44217 ; -3.09561 ; -1.01813
3.37455 ; 7.67386 ; -0.230969 ; -3.0339
7.71876 ; 7.34437 ; -6.93641 ; -4.32555
7.553 ; 2.50328 ; -4.77078 ; 3.83276
3.67358 ; 7.351 ; -1.99827 ; -5.96435
8.12003 ; 7.45369 ; -5.20987 ; -4.52409
7.61317 ; 3.2316 ; -6.5016 ; 6.96937
3.90391 ; 2.46613 ; 6.50854 ; 2.36442
7.64949 ; 6.40896 ; -5.04173 ; 4.39466
3.54906 ; 7.43797 ; 6.72925 ; -2.42143
7.91058 ; 6.97352 ; -4.67566 ; -7.01273
3.0977 ; 7.53055 ; 1.37986 ; -2.71211
7.45525 ; 7.54864 ; 3.21706 ; -0.0153688
3.98091 ; 4.47456 ; -1.86714 ; -5.33823
3.04578 ; 7.54906 ; 1.44426 ; 0.025721
3.50279 ; 6.3936 ; 5.57144 ; 2.93922
7.14571 ; 7.16526 ; -5.53474 ; -4.84897
4.39243 ; 3.66996 ; 7.10321 ; 7.04307
3.26582 ; 5.02417 ; 4.80846 ; 5.75987
3.26955 ; 6.15976 ; 4.05991 ; -6.18357
7.65429 ; 3.30473 ; -6.4639 ; 6.88
7.20138 ; 7.18999 ; -6.06736 ; 2.30356
3.87753 ; 6.53867 ; 6.68787 ; -7.13795
4.77852 ; 7.25083 ; 6.6276 ; -5.28716
8.06656 ; 3.31875 ; -0.701167 ; 4.85781
7.78832 ; 2.29151 ; 1.40368 ; 2.5047
3.71452 ; 7.04427 ; 6.78121 ; -6.33542
7.88059 ; 7.01342 ; -4.80889 ; -6.91958
7.72573 ; 7.02411 ; -6.29032 ; -6.65834
6.75753 ; 6.8762 ; -7.0015 ; -6.32827
8.00164 ; 2.56762 ; -5.94632 ; 3.16189
6.56039 ; 6.66706 ; -6.77792 ; -6.79351
8.25788 ; 7.61053 ; -1.76762 ; -4.15356
7.37748 ; 7.22925 ; -4.19853 ; 1.89311
7.21988 ; 2.88036 ; -6.78835 ; 5.69471
7.88872 ; 3.67749 ; -6.55551 ; -1.69048
3.65005 ; 7.29746 ; -0.439118 ; -6.35974
3.52948 ; 7.33397 ; 6.49606 ; -4.93161
3.94136 ; 4.2563 ; 6.71412 ; 6.72449
4.60257 ; 3.6882 ; 7.06481 ; 6.9451
3.14763 ; 2.35227 ; 1.45665 ; 1.62608
7.90429 ; 2.5123 ; -2.83078 ; -0.402514
4.41619 ; 3.89155 ; 7.02991 ; 7.04193
6.87479 ; 4.26565 ; 3.71219 ; -1.41903
7.68702 ; 7.0321 ; -6.71111 ; -6.28122
7.41623 ; 7.2404 ; -6.83583 ; -4.54321
4.81405 ; 4.5676 ; 5.33193 ; 3.36951
8.15151 ; 2.4929 ; -3.25797 ; 3.26725
7.10525 ; 3.42764 ; -7.1518 ; 6.74219
3.582 ; 2.56161 ; 6.8645 ; 3.14149
7.39783 ; 6.44861 ; -6.76365 ; -7.16629
3.10884 ; 5.6705 ; 4.72408 ; 2.59794
7.42027 ; 2.93835 ; -5.36276 ; -2.27166
8.15889 ; 7.39636 ; -4.135 ; -5.60038
8.0337 ; 7.28003 ; -2.90151 ; -6.29447
4.32996 ; 5.86162 ; -3.59854 ; -1.64509
5.57798 ; 6.64926 ; 5.646 ; 4.06241
3.50807 ; 6.85647 ; 4.62623 ; -7.14727
6.67713 ; 4.89856 ; -6.23065 ; -5.97578
6.72774 ; 4.88427 ; 4.91479 ; 5.63823
6.66812 ; 7.21384 ; 4.58071 ; -6.09125
7.21508 ; 6.43584 ; -7.02976 ; -7.08348
8.02584 ; 2.73221 ; -3.52707 ; 5.88093
8.16016 ; 2.91432 ; -1.00925 ; 0.394027
7.65496 ; 6.93934 ; -6.32651 ; -6.58379
3.97975 ; 2.4202 ; 0.870048 ; 2.55031
3.24494 ; 2.45018 ; 1.65351 ; 4.60166
4.10886 ; 6.70277 ; 7.13142 ; -6.85143
3.09789 ; 3.47884 ; 1.34947 ; 3.29441
4.09913 ; 7.15992 ; -1.36486 ; 2.13396
4.5027 ; 7.35539 ; 5.22698 ; -3.94036
3.7285 ; 4.13709 ; 6.28509 ; 6.82312
8.14283 ; 2.54698 ; -4.76892 ; 4.01597
7.44096 ; 3.18738 ; -7.01021 ; 6.66971
7.86818 ; 2.66289 ; -5.68833 ; 4.42896
3.10337 ; 5.73303 ; 2.5718 ; 0.781792
3.3995 ; 2.53032 ; 6.05937 ; 3.42437
3.96469 ; 7.26122 ; 6.39797 ; -5.4673
3.59046 ; 2.85794 ; 6.50696 ; 6.02139
7.98458 ; 2.94265 ; -4.13489 ; 6.74342
6.77679 ; 7.13883 ; 4.39218 ; -6.35069
7.9107 ; 7.29928 ; -1.58872 ; -4.02625
3.53018 ; 2.7813 ; 6.5547 ; 5.17554
8.03133 ; 2.59056 ; -5.71755 ; 3.96686
3.21277 ; 2.98455 ; 5.3836 ; -2.37552
3.29463 ; 2.41607 ; 0.902911 ; 4.36649
7.09833 ; 3.6702 ; -7.05359 ; 7.03946
7.73013 ; 4.92083 ; -6.41508 ; 5.48383
4.30316 ; 6.6412 ; 7.16438 ; -6.85155
4.26515 ; 3.24 ; 7.23248 ; 6.54777
6.24807 ; 4.52364 ; -6.66498 ; 6.63617
4.27292 ; 6.25379 ; 7.01338 ; -7.07592
3.45844 ; 3.25091 ; 5.28159 ; -3.5036
8.16655 ; 7.31408 ; -0.763127 ; -6.34722
4.33938 ; 3.69254 ; 7.09007 ; 7.07067
3.90128 ; 2.89897 ; 7.05668 ; 5.91254
4.6571 ; 5.97829 ; 6.95476 ; -6.9165
3.67412 ; 7.06712 ; 5.54746 ; -6.62038
5.36991 ; 6.2304 ; -5.3866 ; -6.31043
3.19246 ; 4.58376 ; 0.127654 ; -5.21502
7.47306 ; 3.55209 ; -6.59161 ; 7.16941
7.85542 ; 2.74375 ; -1.11272 ; -0.772922
8.11095 ; 3.43946 ; -2.51681 ; 7.0769
8.15937 ; 2.55803 ; -4.97266 ; 1.59395
3.62392 ; 4.02274 ; 2.50609 ; 6.40279
3.12871 ; 2.84539 ; 0.739681 ; 4.95614
3.555 ; 3.31769 ; 5.67257 ; 7.20558
3.88899 ; 6.54032 ; 6.6213 ; -7.17493
4.15563 ; 3.46203 ; 7.11657 ; 7.03834
3.60275 ; 2.78119 ; 6.10573 ; 5.7948
4.01752 ; 3.29256 ; 7.09503 ; 6.91914
8.12355 ; 7.35161 ; -0.189877 ; -6.2072
7.00552 ; 3.56306 ; -7.10872 ; 6.95078
8.17191 ; 2.4787 ; -1.30789 ; 4.76325
8.00365 ; 7.25989 ; -6.00053 ; -4.16702
7.99477 ; 2.89079 ; -4.78559 ; 6.51391
7.89068 ; 2.83077 ; 0.180988 ; 6.60287
3.32569 ; 7.38231 ; 5.50552 ; -4.77586
8.01734 ; 3.17029 ; -5.43701 ; 5.29836
7.98844 ; 7.21179 ; -1.07753 ; -6.67269
3.98818 ; 7.69501 ; -3.35118 ; -0.107246
3.0997 ; 6.6056 ; 4.73366 ; 2.25543
3.05064 ; 7.48137 ; 3.37738 ; -0.726449
7.72337 ; 2.7096 ; -0.302067 ; 5.83346
3.02649 ; 7.1983 ; 3.75367 ; 0.275822
3.02304 ; 7.07155 ; 1.97231 ; -0.0567394
4.28799 ; 6.49528 ; 7.12216 ; -7.00345
3.46089 ; 7.27146 ; 0.107144 ; -6.49008
4.00633 ; 7.42108 ; -0.867885 ; -5.82426
3.68319 ; 3.27998 ; 5.70542 ; 7.16582
6.71425 ; 3.97203 ; -6.96325 ; 6.9546
4.3312 ; 5.9328 ; 6.55822 ; -5.03009
7.49808 ; 6.65343 ; -6.85819 ; -6.91992
5.19716 ; 7.61992 ; -4.71006 ; -0.393656
4.48567 ; 2.637 ; -1.10783 ; 5.89707
3.46839 ; 7.00018 ; 5.56051 ; -6.31737
6.36471 ; 7.5957 ; -6.21038 ; 0.337278
3.90295 ; 6.9247 ; 7.04778 ; -6.5659
6.78886 ; 4.07954 ; -6.95236 ; 6.93563
3.2745 ; 4.6802 ; 1.92982 ; -3.47588
8.19939 ; 7.66077 ; -1.8274 ; -3.08995
3.89781 ; 7.58786 ; -0.293447 ; -4.8044
3.87471 ; 7.06409 ; 7.09132 ; -6.07259
6.85111 ; 7.46553 ; 3.50206 ; -3.08868
4.12608 ; 7.65653 ; -2.82851 ; -3.69359
6.24222 ; 7.17443 ; -6.47804 ; -4.69222
4.40014 ; 6.20002 ; 7.05386 ; -6.98588
2.97467 ; 3.52204 ; 1.90233 ; -2.19024
3.15273 ; 7.45044 ; 4.85048 ; -1.0652
3.38722 ; 6.19652 ; 6.02303 ; 3.94347
8.03977 ; 7.10931 ; -3.05867 ; -6.85186
8.40927 ; 5.03494 ; -2.37742 ; -0.867923
7.67669 ; 3.22494 ; -6.35612 ; 6.93523
3.91197 ; 7.09114 ; 7.15918 ; -5.84519
7.31631 ; 6.7565 ; -7.12917 ; -6.7516
8.12531 ; 7.30986 ; -4.15271 ; -6.08547
7.88275 ; 7.14216 ; -3.34982 ; -6.72851
7.01703 ; 3.67805 ; -7.06243 ; 7.03177
4.69266 ; 4.20513 ; 6.92312 ; 6.87106
4.18079 ; 2.60412 ; 6.42536 ; 4.40465
7.74616 ; 2.35327 ; -1.23021 ; 2.74471
3.4293 ; 2.39957 ; -1.37835 ; 2.627
4.17553 ; 6.52671 ; 6.89896 ; -7.08946
7.28363 ; 3.69379 ; -6.85835 ; 7.13002
7.80234 ; 7.46978 ; 2.0101 ; -5.13408
3.26865 ; 7.34534 ; 4.19644 ; -5.86447
3.64071 ; 2.59492 ; -1.72614 ; 5.6795
5.06047 ; 2.57786 ; -3.07367 ; 0.144582
3.45346 ; 6.31381 ; 5.1217 ; 3.98231
6.09301 ; 2.41188 ; -4.19467 ; 2.20112
8.06168 ; 6.60959 ; -3.67013 ; -4.1383
4.79256 ; 4.13883 ; 6.90165 ; 6.88592
3.55864 ; 3.1632 ; 5.77551 ; 7.0696
5.56594 ; 5.17591 ; -5.62603 ; -5.89026
7.79075 ; 3.02361 ; -6.54978 ; 5.13833
3.1572 ; 2.80153 ; 2.38853 ; 3.05344
8.09249 ; 2.99814 ; -4.9475 ; 4.79494
7.11658 ; 7.43112 ; 4.00704 ; -4.89857
4.31979 ; 4.77103 ; 6.0341 ; 6.28313
3.37294 ; 7.25681 ; 5.00524 ; -0.216622
8.19166 ; 5.77833 ; -5.34694 ; -0.124533
6.6692 ; 2.50691 ; 4.13367 ; 4.81502
6.95428 ; 4.10418 ; -6.94165 ; 6.93456
6.77122 ; 3.96684 ; -6.97787 ; 6.97002
4.24759 ; 3.48151 ; 7.15086 ; 6.98749
7.46717 ; 7.16774 ; -5.78933 ; -6.26504
3.46934 ; 3.44068 ; -0.135766 ; 4.03145
4.42284 ; 3.80101 ; 7.06228 ; 7.05071
7.1131 ; 6.91537 ; -6.52701 ; -6.70172
7.13949 ; 4.21846 ; 3.88658 ; -5.09832
6.64186 ; 6.01965 ; -6.92603 ; -6.91483
3.7029 ; 7.07656 ; 6.15339 ; -5.97688
3.58687 ; 4.42683 ; 6.8293 ; 1.10155
4.87418 ; 2.77255 ; 2.3913 ; -1.78384
7.48311 ; 3.45226 ; -6.66902 ; 7.12733
6.41601 ; 7.60536 ; -4.90914 ; -0.582426
7.71263 ; 2.89859 ; -6.16345 ; 6.15279
4.18813 ; 6.26432 ; 6.94717 ; -7.09918
8.13465 ; 3.07127 ; -2.50131 ; 7.01822
7.48643 ; 7.25084 ; -7.21902 ; -3.42953
3.4225 ; 5.67554 ; 5.87788 ; -5.38104
5.00692 ; 2.93804 ; 3.72763 ; 6.66279
6.11201 ; 7.28012 ; -5.99653 ; -5.53057
8.25125 ; 5.35265 ; 0.689323 ; 2.16034
3.26463 ; 5.88779 ; 5.28847 ; -4.00652
3.58862 ; 2.49056 ; 2.0358 ; 2.92511
5.80981 ; 4.13556 ; -3.79784 ; -4.53668
7.66691 ; 5.35589 ; -6.06856 ; 5.855
5.07784 ; 7.35508 ; 5.78177 ; 1.83749
8.2665 ; 7.57751 ; -2.24646 ; -4.3906
7.05537 ; 4.08651 ; 4.38317 ; -4.33439
6.94958 ; 6.19213 ; -7.02433 ; -7.02309
4.30471 ; 6.4564 ; 7.121 ; -7.0038
3.63442 ; 7.25212 ; 6.71891 ; -5.39946
7.08363 ; 3.91263 ; -6.96613 ; 7.0146
3.11692 ; 3.89707 ; 1.26716 ; 6.23949
5.78771 ; 7.4906 ; 5.61849 ; 0.385864
3.26117 ; 6.26703 ; 3.60481 ; -5.95655
3.36255 ; 4.52886 ; 6.14829 ; 2.56232
3.142 ; 4.33246 ; 2.89505 ; -5.03661
3.85855 ; 6.74678 ; 6.90373 ; -6.7722
7.49446 ; 2.95497 ; -6.74822 ; 6.11916
3.84234 ; 3.38605 ; 6.67591 ; 7.13121
6.09566 ; 7.52148 ; 5.55477 ; -3.59504
2.98917 ; 6.48348 ; 3.37391 ; 1.95281
6.84332 ; 7.27941 ; 2.37089 ; -5.59215
8.08017 ; 5.16632 ; 0.988659 ; 5.06399
3.13788 ; 3.55155 ; 4.68236 ; -3.71781
7.30498 ; 3.44588 ; -7.00279 ; 7.02509
4.06239 ; 3.32552 ; 7.13433 ; 6.89558
8.15917 ; 7.59445 ; -0.433494 ; -2.04888
7.99051 ; 3.30446 ; -4.30851 ; 6.98263
7.68735 ; 3.11835 ; -6.38585 ; 6.74821
3.5194 ; 7.62524 ; 0.63755 ; -4.24628
7.42065 ; 2.66983 ; -6.63615 ; 0.970447
8.3402 ; 2.91874 ; -4.13525 ; -1.01012
4.2227 ; 7.39959 ; -3.4996 ; -5.57557
3.90209 ; 3.41662 ; 6.79888 ; 7.14195
4.07016 ; 3.71047 ; 6.91943 ; 7.13145
7.98824 ; 6.90967 ; -4.43021 ; -7.12336
4.58502 ; 6.11402 ; 6.99914 ; -6.96773
6.8852 ; 6.16842 ; -7.00207 ; -7.01034
6.28328 ; 2.57392 ; -5.09799 ; -1.47421
3.03173 ; 2.59536 ; 0.535418 ; -0.807414
3.58557 ; 7.32379 ; 6.52287 ; 0.999091
8.15968 ; 7.20998 ; -1.08688 ; -6.56662
7.73962 ; 3.01725 ; -6.33902 ; 6.47197
7.18529 ; 7.33281 ; -6.04181 ; -5.21659
7.61109 ; 3.18084 ; -6.4205 ; 6.89095
7.91044 ; 3.19698 ; -4.14576 ; -2.95519
8.10231 ; 4.34475 ; -1.41662 ; 3.56827
3.02624 ; 2.90563 ; 0.20322 ; -2.04018
3.22734 ; 7.48948 ; 5.51215 ; -2.06856
7.96162 ; 2.83657 ; -5.65307 ; 5.77198
3.56236 ; 7.15443 ; 6.11096 ; -6.06927
7.95855 ; 4.44288 ; -5.12461 ; 6.37941
3.83781 ; 2.80895 ; 7.20767 ; 4.71113
3.91825 ; 3.17342 ; 7.03552 ; 6.74259
3.18974 ; 7.35868 ; 4.73419 ; -3.14314
4.1182 ; 2.96072 ; 6.06878 ; 6.46965
3.68806 ; 6.67795 ; 6.56988 ; -6.558
4.42648 ; 3.59618 ; 7.12792 ; 6.97189
6.8656 ; 7.26459 ; 4.33771 ; -5.9701
4.77694 ; 2.87507 ; -3.61073 ; -2.59168
7.29517 ; 7.56201 ; 0.504149 ; 0.595875
3.2063 ; 2.96278 ; 1.58549 ; 6.88523
3.37193 ; 7.46109 ; 5.93287 ; -2.70016
6.89475 ; 3.75606 ; -7.05082 ; 7.00823
3.34509 ; 3.49699 ; 3.69355 ; 6.47245
3.09052 ; 7.09344 ; 1.05406 ; 1.98373
3.45909 ; 6.90689 ; 5.22293 ; -6.97564
3.65244 ; 5.03789 ; 5.51124 ; -6.0843
3.35326 ; 2.6068 ; 6.28253 ; 1.4745
3.65954 ; 5.5506 ; 5.94818 ; 5.27912
3.30373 ; 2.74796 ; 3.60731 ; 5.66338
7.74193 ; 7.12018 ; -6.65981 ; -6.09149
7.46391 ; 3.1983 ; -6.97501 ; 6.67198
7.53777 ; 6.9326 ; -6.92568 ; -6.62539
6.85793 ; 7.17838 ; 4.27658 ; -6.27129
5.93644 ; 2.57554 ; -5.69003 ; 3.43232
7.69515 ; 7.28828 ; -6.93347 ; -4.9805
3.6703 ; 6.69329 ; 6.08153 ; -7.1707
8.1291 ; 2.68197 ; -2.82431 ; 5.94137
3.2753 ; 7.22363 ; 0.152587 ; -6.5063
3.21038 ; 2.57618 ; 2.92886 ; 4.2728
7.9549 ; 7.16527 ; -5.77151 ; -6.1772
7.83038 ; 2.86748 ; 1.47819 ; -2.19836
8.3217 ; 4.51618 ; -0.881726 ; 5.62485
6.47525 ; 6.14846 ; -6.46237 ; -6.13683
6.40937 ; 6.82965 ; -6.46766 ; -6.6709
4.0876 ; 3.2051 ; 7.20209 ; 6.65844
3.62373 ; 6.4513 ; 6.26675 ; -6.55783
8.29511 ; 7.63709 ; -2.78503 ; -2.22133
3.20487 ; 4.56509 ; 5.49032 ; -1.73809
3.17074 ; 6.37151 ; 1.48027 ; -6.69838
3.40445 ; 2.54679 ; 6.45381 ; 2.10144
7.86754 ; 2.77407 ; -6.26212 ; 5.441
4.24025 ; 6.57136 ; 7.12202 ; -6.96425
3.12072 ; 2.52216 ; 3.85994 ; 2.61776
3.54691 ; 6.71282 ; 6.40878 ; -5.40808
4.54135 ; 3.23674 ; -1.96761 ; 6.2495
6.24757 ; 7.4252 ; -5.62323 ; 1.48808
3.87403 ; 2.84691 ; 3.56559 ; 6.5251
7.03721 ; 3.22304 ; -7.03898 ; 6.5696
8.27248 ; 2.44535 ; -3.41126 ; 3.15785
7.09362 ; 5.8721 ; -6.13929 ; -3.5881
8.03733 ; 7.18441 ; -5.16793 ; -6.27514
8.1461 ; 6.99399 ; -5.48524 ; 2.46676
7.03363 ; 3.72903 ; -7.03661 ; 7.05656
3.87309 ; 3.21115 ; 6.84428 ; 6.91166
8.26213 ; 3.47933 ; -3.34346 ; 4.27729
3.31598 ; 4.50595 ; 6.04442 ; 1.33883
4.88409 ; 3.12476 ; 5.24837 ; -2.87889
7.8295 ; 2.74886 ; -6.33935 ; 0.157022
7.84655 ; 7.63172 ; -2.32769 ; -1.95147
7.53471 ; 3.11191 ; -6.99957 ; 5.87661
3.29118 ; 2.52774 ; 5.29822 ; 3.9023
3.57037 ; 7.08203 ; 1.14861 ; -6.91443
3.26185 ; 2.62309 ; 5.53325 ; 2.8318
8.13135 ; 6.73437 ; -3.51379 ; -7.04096
7.46962 ; 6.25424 ; -6.71728 ; -6.98178
3.51764 ; 4.98646 ; 4.54133 ; -5.99253
3.36136 ; 4.72367 ; 4.81414 ; -5.72185
7.83014 ; 6.22679 ; 0.016549 ; -6.20021
7.47301 ; 3.10894 ; -7.03477 ; 6.30008
3.03615 ; 7.13584 ; 3.88211 ; 1.98566
8.05258 ; 7.56897 ; -1.81232 ; -4.70465
3.36356 ; 6.94079 ; 4.56374 ; -6.86364
7.2085 ; 3.37702 ; -7.10252 ; 6.86727
7.83245 ; 5.92365 ; -6.10292 ; -6.20141
3.08277 ; 5.01634 ; 0.339234 ; 5.77647
3.12478 ; 3.42801 ; 4.88364 ; -2.56359
3.5139 ; 4.93516 ; 2.67618 ; 5.30942
7.85304 ; 7.14497 ; -6.27008 ; -6.11594
3.0238 ; 7.16548 ; 1.14183 ; 2.14793
3.99371 ; 7.16283 ; 4.39693 ; -6.00086
7.20289 ; 3.381 ; -7.0284 ; 6.79425
3.68057 ; 2.91258 ; 6.75459 ; 6.05426
8.08969 ; 7.17755 ; -4.19455 ; -6.27745
7.469 ; 6.86734 ; -7.01181 ; -6.72506
8.28763 ; 2.49502 ; -0.293088 ; 0.775417
6.04325 ; 2.74893 ; 4.29761 ; 5.4268
3.91764 ; 6.06466 ; 6.028 ; 1.13817
3.53461 ; 2.70693 ; 6.48887 ; 4.90975
7.88929 ; 6.74459 ; -4.84076 ; -7.23512
6.03621 ; 2.35583 ; -0.731824 ; 3.6402
7.83836 ; 6.89773 ; -5.74151 ; -7.04462
4.41156 ; 6.68515 ; 7.09886 ; -6.76202
4.67895 ; 7.30651 ; -4.77558 ; 0.337451
3.32219 ; 2.84574 ; -0.262683 ; 6.63805
7.22779 ; 3.50889 ; -7.0437 ; 7.02719
7.70619 ; 3.07184 ; -6.38809 ; 6.67897
3.60125 ; 3.34028 ; 6.05793 ; 7.05371
8.20629 ; 3.18335 ; -3.70458 ; 5.41426
8.40973 ; 6.34509 ; -1.1441 ; -0.0654653
5.38166 ; 7.29712 ; -2.64564 ; -6.23918
3.61408 ; 5.2691 ; 0.786177 ; 3.32764
6.06289 ; 7.49237 ; 1.25133 ; -5.34363
6.97652 ; 3.26266 ; -7.13522 ; 6.51179
8.06532 ; 6.87735 ; -3.74859 ; -7.18576
6.99801 ; 3.92398 ; -6.95854 ; 7.03677
7.46674 ; 6.39679 ; -6.57973 ; -7.18486
8.14367 ; 3.41885 ; -2.36715 ; 6.46388
8.29172 ; 5.73784 ; 0.636211 ; 3.54328
7.9147 ; 3.69213 ; -6.51306 ; 0.155999
5.55848 ; 7.66401 ; 5.09693 ; -2.49161
6.63973 ; 4.03123 ; -6.91787 ; 6.9284
3.82118 ; 2.49495 ; 6.93632 ; 2.16902
7.65323 ; 6.94756 ; -6.44729 ; -6.762
7.49012 ; 6.60763 ; -6.73669 ; -7.14435
3.99278 ; 6.55578 ; 6.90534 ; -7.11491
3.25479 ; 3.05592 ; 5.25458 ; -2.37419
4.49196 ; 7.00727 ; -4.02795 ; -6.68239
7.982 ; 7.16013 ; -6.05143 ; -4.43597
3.23351 ; 2.54633 ; 5.5185 ; 2.29477
8.10345 ; 6.71706 ; -5.76127 ; 2.02715
7.45932 ; 7.26267 ; -7.11735 ; -5.03049
7.08678 ; 6.99318 ; 3.76105 ; -6.73881
5.38856 ; 3.19605 ; 0.637591 ; -3.41145
7.78068 ; 6.34231 ; -6.11737 ; -6.74654
8.20676 ; 2.85941 ; -5.28944 ; -0.109034
7.89205 ; 6.04235 ; 0.495011 ; 2.99286
8.09692 ; 4.10256 ; -5.67158 ; 2.40083
7.22735 ; 6.79182 ; -7.17706 ; -6.68379
4.06385 ; 6.43912 ; 6.92048 ; -7.12665
3.12634 ; 6.2529 ; 4.92538 ; 1.21348
3.50715 ; 2.45483 ; -0.892899 ; 4.87759
5.57113 ; 2.59018 ; -5.73342 ; 4.43064
4.02676 ; 6.84755 ; 7.17428 ; -6.37018
3.30621 ; 7.4837 ; 3.8377 ; -4.51887
3.1554 ; 6.81353 ; 4.61347 ; -1.93494
3.88773 ; 3.29445 ; 6.80365 ; 7.03677
6.6392 ; 3.02545 ; -2.79291 ; 6.27224
6.70851 ; 6.05388 ; -6.95979 ; -6.93348
3.21534 ; 2.65777 ; 4.07752 ; 5.61465
7.43427 ; 4.40427 ; -4.11966 ; -1.67999
7.23632 ; 6.52457 ; -7.0691 ; -7.00913
4.12602 ; 6.94189 ; 7.24879 ; -5.9193
3.14026 ; 2.62028 ; 2.74911 ; 5.28544
3.62682 ; 6.04629 ; 6.08551 ; -6.58325
3.71912 ; 4.18324 ; 0.442603 ; 5.16714
3.81353 ; 6.77303 ; 6.32134 ; -7.06838
7.72995 ; 2.98964 ; -5.95034 ; 6.51998
3.28659 ; 4.20283 ; 5.18819 ; 3.85908
4.42155 ; 3.72813 ; 7.08499 ; 7.04646
3.31676 ; 6.71858 ; 4.06519 ; -7.03158
3.40729 ; 3.30154 ; 5.10127 ; 6.97244
7.27052 ; 3.7375 ; -6.84454 ; 7.12369
7.70454 ; 2.5321 ; 2.56007 ; 1.0258
8.12788 ; 5.16072 ; -4.64574 ; -5.78951
3.83305 ; 7.00147 ; -2.49312 ; 0.647795
3.1916 ; 2.53832 ; 5.24455 ; 2.0869
6.76963 ; 5.00292 ; 4.89998 ; 4.80861
3.50026 ; 2.74857 ; -1.69026 ; 5.88605
4.93008 ; 2.90594 ; -5.27135 ; 3.27843
3.94086 ; 4.64454 ; 5.29471 ; 5.94772
8.08206 ; 5.95861 ; -5.81144 ; 2.58745
3.63781 ; 7.40057 ; 5.83757 ; -4.7561
3.32911 ; 6.27069 ; 6.07779 ; 2.30399
4.18126 ; 2.47325 ; 2.28423 ; 2.74676
8.10717 ; 7.59036 ; -1.51515 ; -4.38899
3.93374 ; 2.42469 ; 2.42011 ; 3.96791
7.29519 ; 6.59458 ; -7.04758 ; -7.04518
3.46929 ; 2.37627 ; 1.54795 ; 3.14501
4.55402 ; 7.39975 ; 4.71218 ; -3.35065
7.64976 ; 7.07798 ; -3.2761 ; -4.60354
8.22024 ; 7.28595 ; -2.79664 ; -6.05019
4.05383 ; 6.95412 ; 7.2298 ; -5.99208
3.4164 ; 2.69617 ; -0.263281 ; 5.59778
3.13986 ; 7.31072 ; 1.3475 ; -4.74727
3.13839 ; 2.42307 ; 3.32102 ; 3.53355
7.61 ; 7.21017 ; -4.09569 ; -6.4266
3.01932 ; 4.47599 ; 2.65079 ; 4.14404
6.26986 ; 7.17848 ; 4.82966 ; -5.44344
7.99937 ; 2.66047 ; -0.252944 ; 4.79968
7.7674 ; 2.67677 ; -3.21273 ; 3.41212
6.81183 ; 3.73732 ; -7.04098 ; 6.96952
3.11481 ; 7.08293 ; 2.91322 ; -2.97504
3.19955 ; 7.4476 ; 4.09414 ; -4.89477
7.61527 ; 2.95267 ; -6.91218 ; 5.84201
8.02113 ; 7.32442 ; 1.69249 ; -2.16281
5.11313 ; 2.83129 ; 3.85257 ; 5.47941
8.29157 ; 3.5634 ; -1.38321 ; -2.70283
3.08553 ; 3.5978 ; 2.15093 ; 4.45987
3.01329 ; 4.04209 ; 3.43777 ; 0.0201121
7.9021 ; 6.98313 ; -5.59362 ; -6.32623
8.14636 ; 2.57533 ; -3.68897 ; 4.93076
7.78469 ; 4.65327 ; -5.47952 ; 6.49363
3.76276 ; 4.45659 ; 5.26723 ; 6.59532
7.04357 ; 3.61687 ; -7.04761 ; 7.03392
6.91303 ; 3.6719 ; -7.06518 ; 6.98971
4.245 ; 6.69344 ; 7.16831 ; -6.78809
3.95675 ; 6.55008 ; 6.88687 ; -7.07219
7.67994 ; 6.38616 ; -6.34425 ; -6.92577
7.3352 ; 7.27392 ; -6.63504 ; -3.3888
5.48314 ; 2.90137 ; 6.01306 ; 5.99617
5.58529 ; 7.648 ; 5.17055 ; -0.0656846
8.08868 ; 7.30123 ; 0.216299 ; -6.18935
7.4576 ; 2.58109 ; -4.48268 ; 4.78821
4.73684 ; 5.93835 ; 6.92218 ; -6.88744
3.33411 ; 2.58503 ; 1.18228 ; 5.68576
8.15669 ; 6.4656 ; 1.30806 ; 3.73257
8.42852 ; 3.6299 ; -1.69325 ; -3.68453
8.12779 ; 7.4241 ; -5.04945 ; -4.45255
7.8215 ; 3.7494 ; -5.64972 ; 6.92148
4.63208 ; 2.72514 ; 5.65666 ; 5.55507
7.69042 ; 7.03648 ; -6.2844 ; -6.57233
3.80642 ; 5.23771 ; 6.52097 ; -6.20042
3.5571 ; 5.33275 ; 6.35185 ; -5.3564
6.94827 ; 3.53033 ; -7.1114 ; 6.90585
4.03807 ; 6.7876 ; 7.0862 ; -6.79506
7.92358 ; 7.70957 ; 0.925012 ; -1.41584
4.951 ; 2.94817 ; 6.5928 ; 5.98718
7.6677 ; 3.0511 ; 1.32828 ; 6.939
7.54352 ; 7.19905 ; -7.07236 ; -5.49913
8.06067 ; 5.72259 ; -5.08369 ; 4.07473
8.19787 ; 7.5054 ; -4.97519 ; -3.19032
5.35483 ; 7.68986 ; -0.0850047 ; -3.39287
3.12071 ; 2.43588 ; 4.13275 ; 1.87302
3.77443 ; 5.87075 ; -3.36818 ; -5.48251
8.23697 ; 7.47257 ; -2.23362 ; -5.38284
7.40217 ; 5.9369 ; -5.76559 ; -6.77416
4.55062 ; 3.82601 ; 7.04334 ; 7.00681
3.16034 ; 5.91495 ; 4.12674 ; -4.44493
4.17534 ; 6.53721 ; 6.82594 ; -7.09439
7.34911 ; 3.18724 ; -7.13099 ; 6.40819
8.16906 ; 7.25921 ; -2.13352 ; -6.4727
4.084 ; 6.62015 ; 7.08284 ; -6.97576
7.93206 ; 6.38638 ; -0.00896728 ; -6.44674
8.04573 ; 2.78915 ; -2.9848 ; 6.28367
8.0673 ; 2.54932 ; -4.35108 ; 4.32174
3.27573 ; 5.12322 ; 4.45349 ; -5.96389
3.624 ; 7.59213 ; -2.10206 ; -4.478
3.39183 ; 2.6744 ; 5.36247 ; 5.5015
7.38757 ; 5.19185 ; -0.131298 ; -5.78607
4.72869 ; 6.05563 ; 6.93605 ; -6.92786
6.73225 ; 2.43831 ; 2.78058 ; 0.205095
6.77854 ; 6.13576 ; -6.98556 ; -6.97485
6.52443 ; 5.87494 ; -6.85617 ; -6.83799
3.76462 ; 3.45098 ; 6.48744 ; 7.1736
7.7519 ; 6.98943 ; -6.08855 ; -6.77631
4.26516 ; 6.9463 ; 6.68218 ; -6.5658
8.30793 ; 3.63029 ; -1.29816 ; -3.79337
4.99705 ; 2.66918 ; 6.29696 ; 4.92676
8.18296 ; 2.54114 ; -4.42447 ; 4.07876
3.37251 ; 2.70673 ; 5.92302 ; 4.78896
3.48322 ; 7.4899 ; 3.94773 ; -3.14527
7.67157 ; 2.79525 ; -6.51511 ; 3.88624
8.39648 ; 5.50239 ; -0.619827 ; 3.76629
7.60605 ; 6.98828 ; -6.52844 ; -6.67369
4.09816 ; 3.25744 ; 7.17893 ; 6.76578
2.99981 ; 7.13152 ; 2.08162 ; 1.29105
7.00901 ; 6.4755 ; -7.11666 ; -6.97036
7.63829 ; 4.84338 ; -6.24617 ; 6.21764
6.74616 ; 2.41931 ; -3.18056 ; 3.69258
3.92968 ; 6.76766 ; -1.60411 ; -2.0508
8.0068 ; 7.55579 ; -5.83616 ; -1.95132
7.53421 ; 3.1341 ; -6.70392 ; 6.70668
4.046 ; 3.06647 ; 5.70249 ; -3.13117
7.47965 ; 6.91212 ; -7.0563 ; -6.42625
7.45216 ; 2.75995 ; -5.17429 ; 5.7793
8.40237 ; 6.46223 ; -2.94778 ; 0.426884
3.18663 ; 2.5368 ; 5.02488 ; -0.00665808
4.5198 ; 6.28266 ; 7.05773 ; -6.99448
4.0691 ; 6.66852 ; 7.09779 ; -6.89501
4.61631 ; 3.99355 ; 6.9894 ; 6.97173
3.71179 ; 2.99933 ; 6.7125 ; 6.414
8.43132 ; 4.15802 ; -1.44571 ; -3.5884
7.99969 ; 6.9854 ; -5.43802 ; 0.812288
7.74744 ; 5.97817 ; -1.48798 ; -4.48871
3.33927 ; 7.21659 ; 6.05519 ; 0.413616
3.38768 ; 2.69286 ; 6.08434 ; 4.29469
4.11918 ; 6.36776 ; 7.00746 ; -7.02979
6.77921 ; 3.88064 ; -6.99203 ; 6.9817
5.55196 ; 2.32676 ; -1.3531 ; 2.86298
3.68105 ; 2.9139 ; 6.63156 ; 5.85655
4.1969 ; 2.76933 ; 5.24246 ; 5.87622
3.45634 ; 5.33817 ; -2.12462 ; -5.66838
3.59287 ; 2.3825 ; -0.951407 ; 4.10157
7.23635 ; 5.21078 ; 1.36434 ; 5.64869
8.09478 ; 3.43991 ; -4.41616 ; -3.4473
3.76181 ; 2.72613 ; -0.498973 ; 6.29023
4.36596 ; 7.05803 ; 6.60418 ; -6.26105
7.71186 ; 7.34268 ; 2.45826 ; -6.03431
3.13438 ; 7.57841 ; 0.432019 ; -2.46054
6.73414 ; 4.0604 ; -6.94761 ; 6.93552
3.81858 ; 4.45195 ; 6.03643 ; -3.71389
4.84313 ; 2.4571 ; 5.97405 ; -0.122884
3.23816 ; 2.60582 ; 4.65699 ; 5.13309
7.03251 ; 6.3497 ; -7.05543 ; -7.05205
3.80128 ; 6.91361 ; 6.54394 ; -6.247
4.73424 ; 7.57068 ; -4.72764 ; -3.1728
3.28282 ; 7.35281 ; 4.61541 ; -5.70628
7.87955 ; 7.45644 ; -4.80421 ; -4.0022
5.15915 ; 2.89816 ; -4.16685 ; 6.42204
8.41178 ; 3.13202 ; -1.2723 ; -1.22933
8.23106 ; 6.96637 ; -0.365729 ; 2.96151
6.96871 ; 4.25039 ; -6.88189 ; 6.87055
7.78854 ; 2.44239 ; 0.728747 ; 1.63064
7.59763 ; 2.87941 ; -7.08305 ; 3.6838
7.33655 ; 6.29208 ; -6.81788 ; -7.12068
8.26176 ; 7.55095 ; -0.583307 ; 0.17122
8.33081 ; 3.94362 ; -3.00175 ; -4.22048
3.92301 ; 7.12339 ; 6.13895 ; -6.30773
8.37389 ; 6.47507 ; -3.47382 ; 3.3839
8.35875 ; 4.51128 ; -3.72976 ; -1.51713
4.1977 ; 3.44132 ; 7.13294 ; 6.99562
3.14676 ; 3.64402 ; 5.04745 ; -1.56142
4.01098 ; 2.56954 ; 6.79699 ; 2.58714
8.11512 ; 7.09276 ; -3.93163 ; -6.66541
3.75964 ; 6.06147 ; 6.23281 ; -6.97137
7.07387 ; 7.21762 ; -5.86483 ; 1.00898
7.76023 ; 2.65473 ; -6.05078 ; 4.48579
6.36019 ; 7.35038 ; -0.149049 ; -0.965168
8.34171 ; 7.21162 ; -0.833664 ; -1.49637
3.46207 ; 7.02924 ; 5.33172 ; -6.82205
3.50685 ; 3.04126 ; 5.73653 ; 6.50854
4.55003 ; 7.54192 ; 0.589113 ; -5.11255
7.84797 ; 6.69539 ; -4.43975 ; -7.25144
4.00004 ; 3.80342 ; -2.26198 ; 6.6989
5.27469 ; 7.26126 ; -5.37155 ; -5.72045
8.3199 ; 2.49055 ; -3.00079 ; 2.20066
4.10568 ; 6.89961 ; 7.19319 ; -6.42848
8.16282 ; 2.67383 ; -3.77212 ; 5.47058
6.64972 ; 3.36556 ; -6.86124 ; 5.70276
7.3592 ; 3.00671 ; -7.16377 ; 5.97093
4.01161 ; 4.23446 ; 5.90397 ; 6.75079
7.17672 ; 6.90765 ; 4.16854 ; -5.66909
3.97603 ; 6.42487 ; 6.70321 ; -7.1687
6.84828 ; 3.92156 ; -6.99944 ; 6.99777
4.25453 ; 6.26584 ; 7.01204 ; -7.07089
7.27012 ; 7.18187 ; -2.05121 ; 1.95012
7.79752 ; 4.84922 ; 2.77072 ; -4.66263
3.53857 ; 7.10542 ; 6.68295 ; 1.85829
3.73788 ; 3.19048 ; 6.78164 ; 6.4738
7.35168 ; 3.20431 ; -7.09411 ; 6.62825
6.63279 ; 7.65584 ; 4.108 ; -3.01399
6.07477 ; 2.67251 ; 5.5327 ; 2.96088
7.19864 ; 3.46056 ; -7.07811 ; 6.9826
6.86573 ; 3.95528 ; -6.98228 ; 6.99726
7.801 ; 3.30265 ; -5.23859 ; 7.18263
7.70452 ; 6.86617 ; -6.0385 ; -7.01979
4.24044 ; 7.54883 ; 4.11631 ; -4.21459
3.05697 ; 3.0573 ; 3.34689 ; 2.48848
7.84803 ; 7.47311 ; -6.75272 ; -2.24661
4.28991 ; 5.57713 ; -4.15381 ; 1.2668
6.15302 ; 6.83897 ; -6.16414 ; -6.70163
7.92873 ; 6.99376 ; -6.35743 ; 2.30219
7.23462 ; 6.59102 ; -7.09666 ; -7.0063
3.76443 ; 7.12963 ; 7.01042 ; -5.57093
3.13539 ; 7.55651 ; 2.86573 ; -4.21695
3.4177 ; 7.20042 ; 5.66567 ; -5.38113
3.68779 ; 2.73857 ; 7.021 ; 4.81688
7.85575 ; 6.1737 ; -5.97357 ; -6.4155
8.0675 ; 2.99785 ; 1.83836 ; -2.35245
3.8125 ; 7.12935 ; -2.43516 ; -6.65443
4.09047 ; 2.94652 ; 7.29302 ; 5.36656
8.12467 ; 2.63017 ; -1.7438 ; 5.76994
3.14694 ; 3.02123 ; 5.03055 ; -1.37606
4.27218 ; 6.49085 ; 7.08034 ; -7.02722
7.75907 ; 4.74791 ; -5.75663 ; 6.39047
3.72605 ; 3.85532 ; 6.26392 ; 6.9923
3.58833 ; 7.4252 ; 6.33473 ; -3.11797
6.1996 ; 5.76887 ; -5.69027 ; -2.07065
3.30963 ; 7.07435 ; 5.05212 ; -3.26388
3.78993 ; 6.7904 ; 6.58295 ; -6.9951
3.29764 ; 3.20848 ; 5.28708 ; 4.33082
4.81323 ; 7.32891 ; 4.75848 ; 2.00995
7.21438 ; 3.39686 ; -7.11436 ; 6.89368
7.86106 ; 7.28468 ; -6.4443 ; -5.34543
3.56034 ; 7.30272 ; 1.81727 ; -5.38818
6.51931 ; 6.48785 ; -6.86733 ; -6.84876
4.66902 ; 7.43992 ; 6.74923 ; -3.86096
6.6289 ; 2.75428 ; 4.85609 ; 5.67796
3.19736 ; 6.49972 ; 5.49273 ; 0.659294
5.02689 ; 7.71472 ; -4.60987 ; -2.22122
3.48539 ; 7.16087 ; 6.52617 ; -3.49554
4.52215 ; 3.95071 ; 6.63679 ; -3.77279
2.98504 ; 3.02807 ; 2.14495 ; -2.53558
3.29254 ; 7.01702 ; 4.02887 ; -6.42662
3.02461 ; 4.19478 ; 1.84135 ; -2.85276
4.53408 ; 2.77436 ; -3.54652 ; 6.13462
6.76319 ; 4.01627 ; -6.94788 ; 6.96111
3.77024 ; 7.60195 ; 3.99044 ; -3.18316
6.54927 ; 3.5312 ; -6.64193 ; 4.35481
7.63543 ; 6.775 ; -6.50309 ; -7.07413
3.85969 ; 2.50376 ; 6.89583 ; 2.68182
7.51438 ; 3.09678 ; -7.00855 ; 6.10646
3.91863 ; 5.39408 ; 4.10571 ; 3.56074
3.3576 ; 2.45205 ; -0.110866 ; 4.8284
7.70236 ; 6.49025 ; -6.46069 ; -6.645
7.81275 ; 7.51191 ; -6.76025 ; -2.32798
6.97751 ; 6.95191 ; -7.09044 ; -6.16742
6.71355 ; 4.83766 ; 4.50443 ; -5.39206
8.36696 ; 2.788 ; -2.6898 ; -0.743497
7.48633 ; 6.79279 ; -6.7366 ; -6.95204
4.52803 ; 6.31273 ; 7.04 ; -6.99701
5.85519 ; 2.30696 ; 0.912637 ; 1.40476
3.40281 ; 2.63405 ; 5.76451 ; 4.98087
7.51555 ; 3.36259 ; -6.6373 ; 7.07027
4.53526 ; 3.95844 ; 7.01141 ; 7.0003
8.31034 ; 2.49963 ; -0.838522 ; -0.142435
7.85291 ; 7.04866 ; -3.60285 ; -6.9252
3.55594 ; 7.33168 ; 6.27362 ; 1.22906
4.76944 ; 7.46337 ; 5.67792 ; -4.38177
5.70449 ; 2.38275 ; -2.10432 ; 3.57506
7.979 ; 3.11767 ; -5.12408 ; 6.31662
3.47986 ; 7.34161 ; 6.59412 ; -3.05215
8.00201 ; 3.11983 ; 1.37337 ; 6.05131
8.18453 ; 6.99661 ; 0.0566348 ; -6.45101
3.51076 ; 7.13367 ; 5.46608 ; -6.51007
6.6845 ; 6.93467 ; 2.62647 ; -0.308288
3.90349 ; 7.18587 ; -3.46884 ; 2.09287
7.84894 ; 5.19976 ; -5.84765 ; -6.04765
8.10288 ; 2.55778 ; -4.48056 ; 4.36011
7.94105 ; 2.59665 ; -4.81388 ; 4.44557
3.08697 ; 6.23953 ; 3.61386 ; -3.76056
7.04674 ; 3.45936 ; 4.52066 ; 6.30361
4.28122 ; 7.6701 ; 1.4111 ; -2.2815
7.39699 ; 3.34951 ; -6.95077 ; 6.93098
8.37537 ; 2.9218 ; -2.27764 ; -2.33035
5.02257 ; 7.66786 ; 4.57486 ; -1.22806
3.91994 ; 6.97201 ; 7.14295 ; -6.04323
3.82703 ; 7.561 ; 6.04574 ; -1.81317
3.22889 ; 7.29833 ; 3.38433 ; -5.80547
8.09634 ; 7.1285 ; -5.59825 ; -3.3896
3.21882 ; 7.44765 ; 3.44277 ; -5.09646
8.19514 ; 2.54807 ; -0.803382 ; 4.91516
6.43524 ; 2.46247 ; -4.52149 ; 3.79139
7.74045 ; 3.12827 ; -6.15546 ; 6.86089
3.25144 ; 3.02081 ; 1.7803 ; 6.51481
5.8195 ; 5.82859 ; 5.8375 ; -6.05618
7.85381 ; 5.4288 ; -2.24277 ; -5.25941
3.15539 ; 2.45286 ; 4.76107 ; 1.46316
7.46766 ; 3.05252 ; -7.13246 ; 5.23812
3.42615 ; 3.03725 ; 5.40524 ; 6.78166
7.96668 ; 6.4469 ; -5.25172 ; -2.30639
6.69753 ; 7.61648 ; -1.60243 ; -3.38641
3.6514 ; 7.33984 ; 6.97504 ; -3.92852
7.4913 ; 3.12911 ; -6.0237 ; 6.83779
7.64414 ; 6.92005 ; -6.70361 ; -6.70518
3.94883 ; 7.35952 ; 6.76307 ; -3.50755
7.7042 ; 7.04833 ; 2.75577 ; 1.60775
8.14649 ; 2.61231 ; -2.81229 ; 5.47815
3.74712 ; 7.34885 ; 5.57519 ; -1.68589
3.58131 ; 3.03174 ; 6.0313 ; 6.6945
4.29246 ; 2.3554 ; -2.11877 ; 1.64404
7.95093 ; 7.41134 ; -6.36189 ; -3.28468
6.87225 ; 6.52496 ; -6.86369 ; -6.99862
7.62823 ; 3.16624 ; -5.8674 ; 6.95423
7.42373 ; 5.90852 ; -5.97673 ; -6.17134
3.77376 ; 2.37444 ; -0.620893 ; 2.84947
3.65764 ; 3.6008 ; 6.04139 ; 7.1734
8.37475 ; 7.54633 ; -2.36975 ; -1.53402
7.04512 ; 3.68432 ; -7.06067 ; 7.04294
3.34734 ; 2.86213 ; 5.13097 ; 6.31961
3.5884 ; 3.13399 ; 5.82196 ; 7.01549
3.64123 ; 4.17704 ; 1.56318 ; -4.90734
3.39225 ; 7.40215 ; 6.11283 ; -3.61333
5.727 ; 2.38173 ; -5.40255 ; 0.0801975
3.81571 ; 6.67307 ; 6.61316 ; -7.11846
3.72838 ; 6.77908 ; 6.1562 ; -7.09916
8.31063 ; 6.13648 ; -3.15986 ; -2.6449
3.24576 ; 2.76838 ; 3.99059 ; 5.77883
7.34454 ; 3.82324 ; -6.71012 ; 7.11347
7.43723 ; 3.30899 ; -6.86073 ; 6.96099
3.55994 ; 7.08208 ; 6.15903 ; -6.46192
8.01299 ; 2.75609 ; -6.20493 ; 1.49524
7.44521 ; 3.35562 ; -6.8611 ; 6.99959
7.70337 ; 3.1853 ; -6.47258 ; 6.48577
7.94665 ; 7.47277 ; 1.92686 ; -4.51603
7.3332 ; 3.22931 ; -7.12364 ; 6.5395
5.25621 ; 7.59847 ; 5.57011 ; -0.390415
7.30904 ; 4.71976 ; -5.12948 ; -5.04417
7.4673 ; 7.07715 ; -6.16774 ; -2.11085
7.87503 ; 7.09574 ; -6.03189 ; -6.46323
3.66145 ; 7.00105 ; 6.52515 ; -6.63717
7.64781 ; 7.10299 ; -6.77163 ; -5.78331
3.85853 ; 7.01019 ; 6.76642 ; -6.44129
3.27061 ; 2.85554 ; 5.60531 ; 2.73329
7.61645 ; 6.77026 ; -6.40851 ; -7.08365
6.51807 ; 7.09855 ; -6.36147 ; 0.571668
5.74237 ; 5.94903 ; -4.41225 ; -6.45031
8.11707 ; 5.23029 ; -3.99013 ; 1.13421
8.2327 ; 7.62014 ; -1.76287 ; -2.38506
4.32355 ; 2.93187 ; -3.18055 ; -2.91227
7.29016 ; 3.37609 ; -7.05296 ; 6.91029
7.72288 ; 7.27205 ; -4.13084 ; 1.05581
7.88039 ; 7.15471 ; -5.88442 ; -6.31551
6.15395 ; 7.52973 ; -5.99278 ; -3.84365
7.61899 ; 7.54197 ; 0.248794 ; 0.75135
7.76439 ; 3.12682 ; -6.19804 ; 6.64964
7.84553 ; 3.47161 ; -5.14044 ; -3.10317
7.34357 ; 4.25692 ; -6.56504 ; 6.87299
6.52242 ; 4.25562 ; -6.8388 ; 6.82199
3.32214 ; 7.31461 ; 5.33785 ; -5.24083
8.20291 ; 5.97358 ; 0.345547 ; 0.143435
7.70455 ; 6.72866 ; -5.67945 ; -7.18551
3.21903 ; 7.48123 ; 2.44372 ; -5.32889
8.19766 ; 7.52286 ; -1.82435 ; -5.11929
3.35165 ; 7.60185 ; 3.15363 ; -3.02758
8.10322 ; 3.13259 ; -3.3768 ; 7.04427
7.72249 ; 2.49317 ; 0.256027 ; 4.61426
7.70325 ; 7.1392 ; -6.63049 ; -5.48995
3.1656 ; 2.77562 ; 5.19162 ; 1.14735
3.50291 ; 2.68176 ; 6.3932 ; 4.96374
4.38962 ; 7.08808 ; 4.29294 ; -6.69044
8.20962 ; 7.28317 ; -5.28098 ; -0.197685
7.90748 ; 2.46321 ; -0.668962 ; 4.73586
4.15657 ; 5.3883 ; 5.69323 ; 5.80611
3.19987 ; 2.4627 ; 3.95829 ; 3.65054
7.1025 ; 7.41743 ; -6.023 ; -4.61796
3.38119 ; 5.44718 ; 5.28208 ; -6.01353
7.44848 ; 3.14219 ; -7.0155 ; 6.50977
3.48138 ; 2.6585 ; 6.706 ; 1.9762
4.78984 ; 2.54502 ; -0.609842 ; -1.21042
5.12547 ; 7.06902 ; -5.3328 ; -6.24867
3.5214 ; 7.46116 ; 6.61383 ; -2.69269
7.32637 ; 6.5304 ; -6.95793 ; -7.10952
7.51412 ; 6.42833 ; -6.51936 ; -7.19425
4.22812 ; 3.73382 ; 7.03031 ; 7.1065
3.66029 ; 3.56002 ; 6.76112 ; -3.50281
4.04932 ; 3.49702 ; 6.81107 ; 7.13871
4.85452 ; 5.92286 ; 6.86578 ; -6.85905
8.16666 ; 7.2729 ; -1.25298 ; -6.49459
3.26348 ; 7.11186 ; 3.20236 ; -6.77908
8.01341 ; 2.65246 ; -5.37432 ; 4.80178
8.28626 ; 7.70057 ; -0.892637 ; -2.233
3.60103 ; 2.70311 ; 6.80547 ; 4.79802
4.40995 ; 2.81963 ; 6.98999 ; 4.83346
8.19714 ; 2.73692 ; -0.151877 ; 3.4807
6.26974 ; 3.92062 ; 5.06199 ; -4.8
6.95157 ; 3.47448 ; -5.45501 ; 1.94415
4.99176 ; 4.20288 ; 6.79491 ; 6.81688
5.47519 ; 2.70198 ; -5.89058 ; 3.70494
7.89336 ; 6.05952 ; -5.41326 ; -6.56341
8.11748 ; 2.67962 ; -1.60174 ; 6.05608
8.13358 ; 7.31695 ; -2.62923 ; -5.3626
3.47681 ; 3.41144 ; 5.77512 ; 6.63247
6.9644 ; 3.15041 ; -5.90755 ; 6.79905
3.72708 ; 3.34243 ; 6.40053 ; 7.15554
7.32586 ; 3.59359 ; -6.88382 ; 7.10585
3.50638 ; 6.28005 ; 6.05043 ; 4.49624
3.41086 ; 2.82516 ; 0.969248 ; 6.62983
7.63028 ; 7.50199 ; 2.50799 ; -0.591023
3.13799 ; 3.93626 ; 1.55539 ; 4.87
8.10597 ; 4.0748 ; 1.3316 ; 6.42128
3.26175 ; 2.65426 ; 5.36325 ; 3.7607
3.28568 ; 7.05052 ; 3.69861 ; -6.69688
3.2317 ; 7.51449 ; 4.67966 ; -1.61179
7.92038 ; 7.45107 ; -5.66605 ; 0.387619
3.41035 ; 7.15915 ; 5.31739 ; -6.42566
3.29096 ; 2.59947 ; 4.31342 ; 4.22993
4.36859 ; 3.56061 ; 7.14824 ; 6.90377
8.0925 ; 7.55833 ; -2.36296 ; -4.6858
4.48693 ; 3.68672 ; 7.08017 ; 7.01257
7.3373 ; 6.9317 ; 1.727 ; -4.10816
3.24875 ; 2.78673 ; 3.55033 ; 5.84011
3.25845 ; 2.96575 ; 4.8502 ; 3.05932
4.45625 ; 2.67109 ; 6.99976 ; 3.77134
7.45796 ; 2.59659 ; 1.87958 ; 5.69866
4.28604 ; 3.58977 ; 7.12754 ; 7.0185
3.47468 ; 5.48537 ; 5.95796 ; -5.69618
3.70543 ; 6.775 ; 6.52162 ; -6.78491
3.63077 ; 7.20658 ; 6.74989 ; -5.32566
4.30738 ; 4.56046 ; 2.85235 ; 4.38744
3.40381 ; 6.03172 ; -1.424 ; -6.12418
3.38747 ; 2.7336 ; 5.21704 ; 5.88756
4.90126 ; 6.25789 ; -4.55948 ; 0.391697
7.84416 ; 2.65593 ; -6.22418 ; 1.0188
3.16322 ; 3.37069 ; 0.314234 ; 6.6659
6.87292 ; 3.83086 ; -6.99419 ; 7.01941
8.2059 ; 7.60968 ; -2.13436 ; -3.85029
7.84758 ; 7.39435 ; -6.72139 ; -3.29308
3.41845 ; 7.55779 ; 5.67496 ; -1.72967
5.38635 ; 5.59465 ; -5.6848 ; 5.09591
3.49638 ; 7.43501 ; -0.11665 ; -5.83007
8.38858 ; 6.92483 ; -0.745385 ; 2.09845
4.08903 ; 3.36112 ; 7.1342 ; 6.93432
3.18635 ; 7.49048 ; 5.23915 ; -1.32904
3.52815 ; 2.70091 ; 5.86967 ; 5.44588
3.98797 ; 3.23203 ; 7.06754 ; 6.85118
7.05344 ; 6.04779 ; -2.45436 ; -6.23073
7.36463 ; 3.04005 ; -7.15168 ; 6.07041
7.96562 ; 6.98612 ; -5.09584 ; -6.66128
5.89447 ; 2.34308 ; 3.21445 ; 0.604836
4.43741 ; 3.82548 ; 7.05708 ; 7.04182
4.0348 ; 3.54456 ; 6.74009 ; 5.68598
5.438 ; 7.50033 ; 5.94426 ; -1.31122
3.68801 ; 6.62017 ; 6.0819 ; -7.19994
8.17848 ; 2.73005 ; -1.91932 ; 6.05073
7.33177 ; 3.56167 ; -6.86001 ; 7.12636
4.21314 ; 6.77309 ; -3.94593 ; -5.67857
7.35577 ; 3.02096 ; -6.82628 ; 0.399906
3.12294 ; 2.49294 ; 1.24125 ; -0.201416
3.29542 ; 2.84917 ; 3.38343 ; 6.62252
6.70785 ; 4.20205 ; -6.90513 ; 6.87705
6.66235 ; 5.87262 ; -6.90176 ; -6.86688
4.17615 ; 6.93406 ; 7.17784 ; -6.34993
4.24434 ; 6.98795 ; 6.95683 ; -6.3176
8.30993 ; 7.15641 ; -2.59438 ; -3.49179
7.63493 ; 7.10188 ; -6.84845 ; -6.15067
7.10807 ; 3.55808 ; -7.09094 ; 7.00665
5.38844 ; 7.23727 ; 5.48047 ; 2.11405
3.70413 ; 2.94764 ; 6.87683 ; 5.9933
6.99881 ; 7.43283 ; -2.94961 ; -5.33183
4.56795 ; 3.88335 ; 7.02861 ; 7.00224
3.22534 ; 2.49996 ; 2.17035 ; 4.97532
4.32617 ; 2.45897 ; 3.16543 ; 4.37478
3.71872 ; 6.91287 ; 6.70065 ; -6.55017
8.38163 ; 7.09029 ; -0.741918 ; -0.183
7.81287 ; 6.80353 ; -5.27981 ; -7.16695
7.35726 ; 3.5715 ; -6.76974 ; 7.14273
7.77029 ; 7.27 ; -6.74251 ; -5.24588
3.73275 ; 6.16399 ; 6.32026 ; -6.85918
3.32249 ; 7.02639 ; 3.16859 ; -5.67603
8.23853 ; 7.09429 ; -4.84029 ; -0.858463
3.15145 ; 2.44682 ; 1.50221 ; 4.4312
4.00795 ; 2.70393 ; 7.01156 ; 4.68354
3.11884 ; 2.53096 ; 4.73258 ; 1.29626
7.28656 ; 2.36927 ; -0.125862 ; 3.41428
8.38083 ; 7.07582 ; -2.36049 ; -1.44145
3.38915 ; 7.33417 ; 5.79795 ; 1.01912
4.18773 ; 7.61073 ; -0.378119 ; -4.17658
3.6192 ; 3.30587 ; 3.70302 ; -0.424471
4.40055 ; 7.47024 ; -0.351043 ; 0.95967
6.61017 ; 2.93036 ; -6.43494 ; 5.92291
2.97732 ; 4.57697 ; 2.49613 ; 0.906304
6.16646 ; 2.77566 ; -6.08227 ; 5.42126
8.31084 ; 5.33717 ; 0.281909 ; 5.31468
