7.15224 ; 2.9269 ; -5.45968 ; -3.01466
7.61254 ; 5.18799 ; -5.77375 ; 5.46027
7.65086 ; 3.91368 ; -5.86765 ; 3.89371
5.23377 ; 4.37496 ; 6.49707 ; 6.53586
4.99281 ; 5.31761 ; -3.67264 ; -6.15894
5.08606 ; 4.5795 ; 6.53347 ; 6.47864
6.78663 ; 5.59326 ; -6.33167 ; -4.8115
6.3806 ; 5.9997 ; -5.65619 ; 5.17527
8.07055 ; 4.25551 ; -2.82584 ; 6.4994
7.37699 ; 6.47128 ; -6.33352 ; -6.72666
7.77851 ; 3.63612 ; -5.60729 ; -3.97356
7.46653 ; 5.66648 ; 3.59644 ; -6.00643
3.28403 ; 2.65384 ; 4.37116 ; 0.738624
3.27497 ; 3.47781 ; -0.123234 ; 6.65875
8.10279 ; 2.74365 ; -0.302874 ; 3.3275
7.87949 ; 7.02896 ; 1.8786 ; -5.95881
3.72183 ; 2.7109 ; 6.13074 ; 3.01671
7.1101 ; 6.937 ; -6.89143 ; -4.42372
5.98579 ; 4.32481 ; -3.85686 ; -3.02066
3.41364 ; 6.74946 ; -1.16028 ; -5.08613
6.43317 ; 5.6829 ; -6.60402 ; -6.57199
4.88074 ; 6.04066 ; 6.69793 ; -6.59482
7.1867 ; 6.48475 ; -6.10813 ; -6.71391
7.43564 ; 6.07584 ; 3.96202 ; -5.42033
3.63116 ; 6.93328 ; 3.77382 ; -6.2632
8.1777 ; 5.10849 ; -2.31334 ; 5.63429
4.41942 ; 3.58697 ; -3.09252 ; 6.35229
4.66912 ; 4.16451 ; -5.01009 ; 4.27847
5.38729 ; 4.70779 ; 6.37683 ; 6.37572
7.15019 ; 2.701 ; 2.96369 ; -2.38331
7.73623 ; 6.18189 ; -5.56655 ; -5.76583
5.6388 ; 2.89547 ; -4.77718 ; 5.23463
7.62501 ; 6.76019 ; -5.90074 ; -6.34546
7.06719 ; 6.90948 ; -6.8074 ; 1.63035
3.38793 ; 2.71639 ; 4.71128 ; 3.8944
7.1479 ; 3.58696 ; -6.62689 ; 6.62574
3.38473 ; 2.5346 ; 2.24505 ; 3.27638
3.8291 ; 3.24209 ; 5.74942 ; 6.43109
4.15721 ; 6.19909 ; 6.29785 ; -6.81502
3.04124 ; 6.72273 ; 1.63144 ; 3.04291
5.11368 ; 5.86372 ; 3.84744 ; 5.15235
4.60319 ; 6.26115 ; 4.74566 ; -6.7791
6.99989 ; 5.0265 ; 4.59893 ; 5.627
5.04489 ; 2.97738 ; 6.14267 ; 5.1187
4.02776 ; 4.40652 ; 6.49964 ; -4.48551
4.08056 ; 3.1487 ; 5.17161 ; 6.0164
6.47369 ; 3.99506 ; -6.68154 ; 6.57163
3.77816 ; 3.86384 ; 6.0505 ; 4.21408
3.35311 ; 2.88838 ; 4.49147 ; 2.10379
6.39464 ; 4.46904 ; -6.56405 ; 6.53291
3.69578 ; 2.91684 ; 5.77424 ; 5.40728
6.35651 ; 4.3526 ; -6.57753 ; 6.56879
4.35208 ; 3.50874 ; 6.76432 ; 6.55372
4.85631 ; 5.89164 ; 6.67792 ; -6.59861
4.51263 ; 2.73804 ; -3.35789 ; -1.17194
3.80082 ; 5.08756 ; 5.55813 ; -6.0325
7.02962 ; 4.34405 ; -6.57291 ; 6.43266
3.93474 ; 6.30649 ; 5.95859 ; -6.81435
6.79187 ; 4.12552 ; -6.66266 ; 6.68768
7.58052 ; 6.79004 ; -6.04291 ; -6.3714
3.65014 ; 4.19689 ; -3.19722 ; 5.94094
4.72198 ; 3.88731 ; 6.74433 ; 6.67635
4.11966 ; 6.23878 ; 6.29181 ; -6.81578
8.14317 ; 3.33286 ; -2.09662 ; 5.86021
6.044 ; 5.17126 ; -6.37111 ; -6.26242
3.54551 ; 6.24186 ; 1.08014 ; -6.86171
7.46402 ; 3.09279 ; -6.45371 ; 5.49875
7.18351 ; 3.6587 ; -5.68018 ; 6.77542
3.74868 ; 3.33752 ; 5.63247 ; 6.65252
3.86966 ; 3.54566 ; 6.44175 ; -2.89694
8.16514 ; 3.26321 ; -1.57659 ; 5.90312
3.47517 ; 2.68327 ; -0.608893 ; 4.9047
7.11219 ; 3.66192 ; -6.6023 ; 6.69358
3.11679 ; 2.85394 ; 0.941293 ; -1.92965
3.73108 ; 6.75762 ; 6.21268 ; -2.55016
6.58993 ; 5.8093 ; -6.63254 ; -6.64646
7.12576 ; 3.12609 ; -6.84301 ; 5.26098
7.78871 ; 3.20349 ; -5.51377 ; 4.62159
6.5563 ; 3.23358 ; -5.2386 ; 6.23735
6.53824 ; 7.21779 ; -6.07673 ; -4.64364
7.28519 ; 3.16747 ; -6.72729 ; -1.51491
7.13406 ; 5.96891 ; -6.40081 ; -6.70119
3.74977 ; 6.52205 ; 5.75858 ; -6.10521
4.27592 ; 3.69803 ; 6.68353 ; 6.77031
7.07084 ; 6.42914 ; -6.76904 ; -6.40704
7.87782 ; 2.72421 ; -0.531548 ; 4.96539
7.72824 ; 6.21544 ; -5.21069 ; -6.73094
7.74234 ; 5.98274 ; -2.91411 ; -2.59917
8.13596 ; 3.78508 ; -3.57467 ; -4.27547
4.8387 ; 5.81146 ; 6.65221 ; -6.60791
4.12542 ; 6.04853 ; 6.21459 ; -6.80363
5.3253 ; 2.43571 ; 1.44225 ; 2.09777
6.88199 ; 3.23132 ; -5.79537 ; 4.93576
5.79486 ; 3.72002 ; -6.00426 ; 6.53751
7.19633 ; 4.29404 ; 3.81505 ; 6.37859
6.49616 ; 5.74723 ; -6.64347 ; -6.58633
3.08557 ; 7.42656 ; 2.30547 ; 0.373448
3.63318 ; 5.24439 ; 5.06871 ; 4.99347
7.88921 ; 3.29236 ; 1.32288 ; 6.56737
6.79901 ; 6.45925 ; -6.77071 ; -6.36461
4.54632 ; 5.8722 ; 6.64292 ; -6.68734
7.30148 ; 3.79374 ; -6.25073 ; 6.80515
7.21574 ; 3.65793 ; 0.667424 ; 4.4282
7.9404 ; 6.73989 ; -5.35546 ; 1.2073
3.63758 ; 7.41703 ; 6.09007 ; -1.28575
4.47027 ; 4.0331 ; 6.65504 ; 6.77791
7.52676 ; 4.57585 ; -0.79632 ; -4.99065
4.5618 ; 7.16384 ; 6.76694 ; -4.26879
6.25165 ; 7.54461 ; -3.26156 ; -2.13774
7.49375 ; 7.41995 ; -6.61768 ; -1.68657
8.08899 ; 5.34035 ; -4.44114 ; -1.30339
3.35146 ; 7.37047 ; 0.86507 ; -4.44801
7.02512 ; 6.91182 ; -6.90461 ; -5.39591
7.07592 ; 2.88656 ; -5.57477 ; 5.0868
3.47376 ; 6.75457 ; -1.23022 ; -6.54002
7.59904 ; 7.00128 ; -6.18868 ; -5.65678
6.96301 ; 3.92854 ; -6.61783 ; 6.75955
4.55477 ; 2.70257 ; 6.62786 ; 3.71405
7.14532 ; 6.84842 ; -5.74369 ; 3.81577
4.22198 ; 7.19583 ; 6.87842 ; -3.69052
7.44302 ; 6.27224 ; -5.63749 ; -6.86567
3.23568 ; 7.25934 ; 2.76432 ; -4.0844
7.77696 ; 7.5471 ; 2.54338 ; -1.14627
3.79419 ; 3.94074 ; -1.32838 ; -4.87228
3.1902 ; 7.55163 ; 2.86658 ; -1.18997
4.05994 ; 6.68752 ; 6.20544 ; 2.51513
6.59224 ; 6.68037 ; -5.89424 ; -5.67416
5.10275 ; 4.37427 ; 6.56251 ; 6.56434
3.74666 ; 5.60016 ; 5.76124 ; 5.39373
3.67554 ; 5.54141 ; 5.18103 ; -6.11523
7.0079 ; 3.99273 ; -6.61437 ; 6.69438
6.59465 ; 7.42035 ; -6.23844 ; 1.54706
4.54632 ; 5.82487 ; 6.63047 ; -6.67042
5.44128 ; 6.72212 ; 6.23212 ; -6.00095
7.99644 ; 3.80453 ; -1.83096 ; 5.54763
7.92869 ; 2.54198 ; 0.517132 ; 3.97561
4.39264 ; 6.41073 ; 6.78151 ; -6.58012
7.3997 ; 6.32146 ; -5.7276 ; -6.84745
7.0967 ; 6.35827 ; -6.59309 ; -6.73259
6.05738 ; 6.24338 ; -6.45001 ; -6.44917
7.40701 ; 2.88381 ; -6.58854 ; 4.48017
5.8826 ; 5.98771 ; -6.27072 ; -6.56021
8.08111 ; 7.19517 ; -3.17918 ; -5.46037
6.95762 ; 7.41857 ; -5.01538 ; 1.09177
6.54104 ; 3.44983 ; -6.58317 ; 6.2683
7.23317 ; 3.50844 ; -6.74914 ; -1.23933
3.60614 ; 6.66149 ; 0.452411 ; -6.72413
4.17909 ; 6.84081 ; 6.77464 ; -5.86974
4.61277 ; 4.92875 ; 6.58843 ; 6.20857
5.30905 ; 4.38271 ; 6.4595 ; 6.51224
3.2933 ; 2.51488 ; 2.85504 ; 3.09491
7.62122 ; 2.47205 ; -4.05257 ; 0.738446
5.11918 ; 4.59574 ; 6.51758 ; 6.46994
7.24601 ; 4.12375 ; 3.35554 ; -1.23934
7.01591 ; 6.40397 ; -6.7714 ; -6.5552
6.73265 ; 6.78608 ; -6.7086 ; -5.49362
5.34724 ; 4.90455 ; 5.44917 ; 3.7019
7.82571 ; 2.81962 ; -4.60153 ; 4.63979
6.39007 ; 4.10186 ; -6.63602 ; 6.54921
4.26845 ; 2.87576 ; 6.93808 ; 4.45674
6.72147 ; 5.73198 ; -6.6183 ; -6.64036
3.58124 ; 5.93029 ; 5.78805 ; 2.49241
6.884 ; 2.71119 ; -5.89855 ; -1.5286
7.74539 ; 6.83633 ; -5.37416 ; -6.39869
7.74355 ; 6.65058 ; -4.16842 ; -6.71781
3.9701 ; 5.69711 ; -3.18103 ; -2.11695
6.14258 ; 7.0555 ; 5.35128 ; 3.50064
3.97069 ; 6.14174 ; 5.56229 ; -6.84508
6.05406 ; 4.30098 ; -6.0309 ; -5.45233
7.21922 ; 5.44809 ; 4.40622 ; 5.36553
7.12619 ; 6.60472 ; 4.11964 ; -6.48064
6.51211 ; 5.7275 ; -6.63958 ; -6.59734
7.67314 ; 3.3203 ; -4.75401 ; 6.525
8.05924 ; 2.95373 ; -2.25294 ; 1.42332
7.02231 ; 6.28096 ; -6.57046 ; -6.65364
4.06676 ; 2.67523 ; 1.76635 ; 3.9211
3.41029 ; 2.91034 ; 2.99605 ; 5.83143
4.82201 ; 6.01763 ; 6.70507 ; -6.62548
3.23283 ; 3.80828 ; 2.65001 ; 4.17507
3.96265 ; 7.37332 ; -0.782917 ; 1.38771
5.0254 ; 6.96135 ; 5.5631 ; -5.01606
4.35701 ; 4.8194 ; 6.49038 ; 6.30747
7.66594 ; 2.94858 ; -5.88261 ; 5.28189
6.73994 ; 3.85435 ; -6.75165 ; 6.64726
7.29934 ; 3.10579 ; -6.354 ; 5.53097
3.36056 ; 5.81121 ; 3.8673 ; 0.551439
4.00543 ; 2.87275 ; 6.65805 ; 4.75888
4.60448 ; 6.71449 ; 6.50483 ; -6.1675
4.24115 ; 3.46008 ; 6.75064 ; 6.53054
7.57109 ; 3.61699 ; -5.24511 ; 6.84265
7.21601 ; 6.50376 ; 3.92354 ; -6.5837
7.75183 ; 6.89665 ; -2.76409 ; -5.14039
4.18565 ; 3.29886 ; 6.81125 ; 6.04428
7.45957 ; 2.98724 ; -6.46709 ; 5.20222
3.75113 ; 2.747 ; 6.29866 ; -1.57555
3.38492 ; 2.85272 ; 2.1657 ; 5.65745
6.39297 ; 4.37414 ; -6.58746 ; 6.55955
7.08862 ; 5.46922 ; -6.57276 ; 5.25366
5.0196 ; 5.95604 ; 6.62715 ; -6.58842
4.9884 ; 3.89478 ; 6.68309 ; 6.56005
5.58157 ; 5.18726 ; -6.07103 ; 6.03585
4.97426 ; 5.5462 ; 6.57095 ; -6.50708
3.9866 ; 2.90055 ; 6.07549 ; -2.82531
8.09024 ; 6.67936 ; -2.01094 ; -6.77666
5.04839 ; 4.39961 ; 6.5796 ; 6.56694
4.60694 ; 3.49022 ; 6.81776 ; 6.42059
5.35258 ; 5.28664 ; 6.37906 ; -6.32309
4.22886 ; 6.40509 ; 6.1515 ; -6.72849
4.83125 ; 5.59936 ; -5.01968 ; -6.14421
3.20523 ; 4.06225 ; 1.21271 ; -4.81758
6.8139 ; 4.26903 ; -6.57301 ; 6.67424
7.74415 ; 2.66646 ; -2.21942 ; 0.201084
7.85927 ; 4.14715 ; -3.76525 ; 6.73438
7.6621 ; 2.71742 ; -6.04197 ; 2.91717
3.87453 ; 4.66302 ; 3.55046 ; 6.17546
3.20267 ; 3.341 ; 2.02965 ; 5.89561
4.12226 ; 4.03824 ; 6.27533 ; 6.82931
4.55113 ; 5.82282 ; 6.59645 ; -6.68276
4.86729 ; 4.16587 ; 6.68141 ; 6.66563
4.21332 ; 3.36067 ; 6.55009 ; 6.43838
4.72703 ; 3.98447 ; 6.74716 ; 6.70703
8.10456 ; 6.73089 ; -1.36361 ; -6.7203
6.29465 ; 4.25813 ; -6.57228 ; 6.56853
8.04112 ; 2.95502 ; -2.63143 ; 5.93024
7.40359 ; 6.84319 ; -6.60125 ; -5.24914
7.51621 ; 3.54218 ; -5.77674 ; 6.76924
7.90878 ; 3.49105 ; -0.812927 ; 6.83068
3.87624 ; 6.90472 ; 6.33465 ; -5.80017
7.47364 ; 3.70012 ; -6.22411 ; 5.93092
7.88069 ; 6.54452 ; -2.24695 ; -6.85545
3.65306 ; 7.68429 ; -2.70112 ; -1.32143
3.57307 ; 6.83114 ; 5.84488 ; 1.70742
3.38838 ; 7.40873 ; 4.80376 ; -1.97601
7.69316 ; 3.29295 ; -1.2703 ; 6.47868
3.40186 ; 7.22588 ; 5.1273 ; -0.721868
3.22027 ; 7.06588 ; 3.38272 ; -1.02129
5.00021 ; 5.79493 ; 6.61298 ; -6.58353
3.47161 ; 6.62246 ; 1.14708 ; -6.79112
3.91954 ; 6.83865 ; -0.18375 ; -6.46944
4.25373 ; 3.99656 ; 6.23521 ; 6.82447
6.01792 ; 4.66749 ; -6.38559 ; 6.38994
4.98702 ; 5.42979 ; 6.34932 ; -5.25554
6.81226 ; 5.96143 ; -6.71433 ; -6.64972
4.72615 ; 7.58056 ; -4.44156 ; -1.53645
4.37489 ; 3.22671 ; -0.660542 ; 6.50645
4.02444 ; 6.36844 ; 6.25736 ; -6.57011
5.74367 ; 7.62943 ; -5.94793 ; -0.725171
4.60773 ; 6.26811 ; 6.78437 ; -6.61873
6.09363 ; 4.7731 ; -6.4087 ; 6.34161
3.46748 ; 4.33261 ; 3.11407 ; -3.44831
8.01665 ; 7.35178 ; -3.21528 ; -4.52268
3.86847 ; 7.10742 ; 0.511528 ; -5.88004
4.58384 ; 6.45683 ; 6.8229 ; -6.4399
7.20132 ; 7.15666 ; 3.10422 ; -4.29598
3.84323 ; 7.28717 ; -2.27302 ; -4.98219
5.59441 ; 6.70521 ; -6.01508 ; -5.52314
5.10553 ; 5.50143 ; 6.52901 ; -6.44746
3.1649 ; 3.30302 ; 3.30318 ; -1.63876
3.63778 ; 7.34392 ; 5.98237 ; -2.31439
3.98952 ; 6.59087 ; 6.52322 ; 3.52431
7.73391 ; 6.42412 ; -4.30578 ; -6.88332
8.17153 ; 4.94815 ; -3.73399 ; -0.955628
7.04108 ; 3.91846 ; -6.57871 ; 6.75454
4.62789 ; 6.50662 ; 6.83015 ; -6.32129
6.60339 ; 6.08134 ; -6.73725 ; -6.61753
7.71004 ; 6.70131 ; -5.36095 ; -6.63381
7.54777 ; 6.46931 ; -4.50357 ; -6.83389
6.31079 ; 4.38122 ; -6.55629 ; 6.54998
5.38497 ; 4.89224 ; 6.35402 ; 6.26913
4.82332 ; 3.04459 ; 6.44023 ; 5.49975
7.62314 ; 2.62774 ; -2.32818 ; 4.17319
3.29147 ; 2.66227 ; -0.399501 ; 4.06347
4.86542 ; 5.81777 ; 6.58238 ; -6.63313
6.59779 ; 4.40679 ; -6.59355 ; 6.58926
8.00336 ; 6.95637 ; 1.17249 ; -6.08813
3.6883 ; 6.75889 ; 5.38663 ; -6.52038
3.46809 ; 3.16287 ; -0.902476 ; 6.46346
4.7531 ; 2.59232 ; -2.94694 ; 1.21061
3.96563 ; 6.71204 ; 5.92436 ; 3.50769
5.67354 ; 2.63199 ; -4.42316 ; 3.50102
7.69467 ; 6.19576 ; -4.84444 ; -4.91047
5.48272 ; 4.82742 ; 6.3068 ; 6.29906
4.1362 ; 3.87016 ; 6.34862 ; 6.85819
5.00334 ; 4.58688 ; -5.25397 ; -5.50811
7.13578 ; 3.53744 ; -6.74269 ; 5.87332
3.39605 ; 3.10688 ; 3.76587 ; 4.28941
7.59774 ; 3.47764 ; -5.93919 ; 5.66304
7.51729 ; 6.94127 ; 3.43011 ; -5.84303
4.9232 ; 5.39934 ; 6.08066 ; 5.78319
3.87346 ; 7.23515 ; 5.95298 ; -1.25827
7.65697 ; 5.76588 ; -6.19735 ; -0.472433
7.08257 ; 2.98841 ; 3.75273 ; 5.83453
6.26011 ; 4.79763 ; -6.47149 ; 6.33523
6.07344 ; 4.66384 ; -6.4141 ; 6.39933
4.96268 ; 4.18026 ; 6.65107 ; 6.63336
6.88824 ; 6.54123 ; -6.20352 ; -6.59498
3.45577 ; 3.84383 ; 0.833022 ; 4.82855
5.12907 ; 4.50608 ; 6.52976 ; 6.51042
6.4604 ; 6.2452 ; -6.41382 ; -6.65716
7.52814 ; 3.70863 ; 3.39926 ; -4.61344
5.94926 ; 5.32817 ; -6.34423 ; -6.3407
4.31823 ; 6.47887 ; 6.4934 ; -6.40607
4.2698 ; 4.53698 ; 6.796 ; 1.47405
5.11331 ; 2.59416 ; 2.92855 ; -0.976594
6.8162 ; 4.165 ; -6.61749 ; 6.7056
5.92509 ; 7.54712 ; -5.14638 ; -1.74248
7.09629 ; 3.51387 ; -6.52447 ; 6.5584
4.88284 ; 5.5544 ; 6.58336 ; -6.52294
7.88452 ; 3.77309 ; -3.79176 ; 6.89791
6.76453 ; 6.90789 ; -6.88066 ; -4.54612
4.01029 ; 5.13744 ; 6.40473 ; -5.41213
5.37969 ; 3.60432 ; 4.14355 ; 6.72173
5.51236 ; 6.72706 ; -5.71137 ; -6.16502
8.32018 ; 5.56869 ; -0.344947 ; 2.18028
3.79348 ; 5.48713 ; 6.11937 ; -4.45708
3.7922 ; 2.78307 ; 3.20542 ; 4.28752
5.43003 ; 3.68189 ; -3.9526 ; -4.17754
7.06006 ; 5.94139 ; -6.36766 ; 5.2989
5.65602 ; 7.53883 ; 5.65905 ; 1.02272
8.04186 ; 7.13845 ; -3.67736 ; -5.63834
7.49368 ; 3.65307 ; 3.85003 ; -3.97623
6.24715 ; 5.48982 ; -6.51311 ; -6.46111
5.01681 ; 5.75602 ; 6.60356 ; -6.56637
4.30631 ; 6.71218 ; 6.81299 ; -6.145
6.38702 ; 4.61409 ; -6.54011 ; 6.44787
3.24364 ; 4.52101 ; 2.52388 ; 6.17619
6.34956 ; 7.52919 ; 5.24245 ; -0.606349
3.62165 ; 5.67138 ; 4.79043 ; -6.04075
3.97738 ; 4.78509 ; 6.58632 ; 2.96446
3.4315 ; 3.8288 ; 4.17014 ; -4.57695
4.54892 ; 6.06956 ; 6.73996 ; -6.62853
6.81964 ; 3.56689 ; -6.69113 ; 6.49427
4.50993 ; 4.09917 ; 6.65966 ; 6.75205
6.65114 ; 7.16197 ; 5.06308 ; -4.7722
3.32656 ; 6.67876 ; 4.7423 ; 1.44677
7.0804 ; 6.7202 ; 2.02058 ; -6.22712
8.17903 ; 5.67272 ; 0.0734392 ; 4.85982
3.60612 ; 3.17977 ; 5.7877 ; -3.14107
6.6047 ; 4.14839 ; -6.6706 ; 6.66213
4.77582 ; 4.01508 ; 6.73791 ; 6.67993
8.11582 ; 7.38956 ; -1.68061 ; -3.43821
7.55966 ; 4.00273 ; -5.36199 ; 6.75719
7.04876 ; 3.79317 ; -6.60678 ; 6.73139
3.58316 ; 7.20061 ; 1.73451 ; -5.49387
6.75704 ; 2.76688 ; -6.62902 ; 2.11311
7.92667 ; 2.81772 ; -5.44556 ; -0.099663
3.87274 ; 6.84203 ; -2.97365 ; -6.29172
4.58198 ; 4.13082 ; 6.68119 ; 6.73768
4.7621 ; 4.42361 ; 6.63496 ; 6.59305
7.54522 ; 6.19733 ; -5.47785 ; -6.88004
5.28494 ; 5.41725 ; 6.42885 ; -6.39932
6.18499 ; 5.46738 ; -6.47728 ; -6.44435
5.77348 ; 2.4265 ; -5.20716 ; -0.557137
3.08528 ; 2.51462 ; 1.89199 ; 0.316172
4.23786 ; 7.4237 ; 6.75755 ; 0.059988
8.05099 ; 6.55332 ; -2.34785 ; -6.82583
7.10572 ; 3.66445 ; -6.61753 ; 6.66199
6.58111 ; 6.81115 ; -6.22568 ; -6.02437
6.96904 ; 3.86994 ; -6.58218 ; 6.75333
7.49586 ; 2.90146 ; -5.19344 ; -2.29702
7.96064 ; 4.70158 ; -2.57284 ; 3.99992
3.04656 ; 2.70161 ; 1.49439 ; -1.1706
3.77856 ; 7.28262 ; 6.40593 ; -3.39247
7.39631 ; 3.41376 ; -6.3636 ; 6.39857
4.17346 ; 6.5475 ; 6.54724 ; -6.50795
7.44609 ; 5.08082 ; -5.91694 ; 5.97407
4.55858 ; 3.28006 ; 6.9072 ; 5.66048
4.6218 ; 3.84768 ; 6.78083 ; 6.69876
3.66316 ; 7.04437 ; 5.86272 ; -4.39617
4.72508 ; 3.60769 ; 6.2621 ; 6.66602
4.34505 ; 6.02215 ; 6.67616 ; -6.5152
5.13927 ; 4.29337 ; 6.55975 ; 6.56849
7.29938 ; 6.66758 ; 3.83331 ; -6.44712
4.41586 ; 2.6159 ; -3.33036 ; -1.85367
7.34559 ; 7.62159 ; -0.196849 ; -0.470065
3.36485 ; 3.6513 ; 2.88664 ; 6.92405
3.96521 ; 7.19107 ; 6.5784 ; -4.00085
6.18967 ; 4.45689 ; -6.49789 ; 6.50398
3.71445 ; 4.14424 ; 4.85359 ; 6.46729
3.19592 ; 7.29181 ; 2.36806 ; 1.1796
3.98138 ; 6.20933 ; 6.03018 ; -6.81291
4.20357 ; 4.42946 ; 6.06164 ; -5.56056
3.98151 ; 2.75425 ; 6.79224 ; 2.7619
4.25436 ; 6.07851 ; 6.3272 ; 4.85866
3.66446 ; 3.3143 ; 4.86527 ; 6.40721
7.07595 ; 6.51103 ; -6.78324 ; -6.50231
6.76641 ; 3.86549 ; -6.74842 ; 6.64486
6.8452 ; 6.27006 ; -6.77876 ; -6.65978
7.28559 ; 6.55125 ; 3.79066 ; -6.56657
5.36744 ; 2.91877 ; -5.44368 ; 4.61643
7.0018 ; 6.79023 ; -6.88681 ; -5.87238
4.27845 ; 5.97622 ; 6.44167 ; -6.764
7.84667 ; 3.2761 ; -4.14955 ; 6.59856
3.29056 ; 6.573 ; 1.29126 ; -6.79255
3.50327 ; 3.00346 ; 4.29912 ; 5.50032
7.37775 ; 6.54755 ; -6.43324 ; -6.5905
7.9782 ; 2.64764 ; 0.632422 ; -1.38312
8.23353 ; 5.07867 ; -2.10884 ; 5.52771
5.82901 ; 5.53478 ; -6.08139 ; -6.03025
5.7626 ; 6.16256 ; -6.07399 ; -6.576
4.80781 ; 3.87094 ; 6.75653 ; 6.63629
4.2504 ; 5.79552 ; 6.54791 ; -6.41471
8.01661 ; 7.41496 ; -4.24327 ; -3.65903
3.7539 ; 4.39128 ; 6.2781 ; -1.66795
3.31876 ; 5.70167 ; 2.72588 ; -6.46451
4.04983 ; 2.75693 ; 6.85578 ; 3.44842
7.24133 ; 3.31817 ; -6.66609 ; 6.21401
4.95245 ; 5.87494 ; 6.6372 ; -6.60417
3.50671 ; 2.78393 ; 5.21906 ; 4.02176
4.18779 ; 6.17201 ; 6.67201 ; -5.8953
4.34459 ; 3.86169 ; -1.63059 ; 6.40276
5.68525 ; 7.57401 ; -5.55295 ; 0.617351
4.23059 ; 3.49942 ; 4.52546 ; 6.76721
6.33332 ; 3.88 ; -6.57711 ; 6.56237
7.93135 ; 2.76114 ; -4.82085 ; 4.58017
6.47969 ; 5.51329 ; -6.16532 ; -4.05647
7.52053 ; 6.5569 ; -6.08518 ; -6.65937
7.59758 ; 7.24067 ; -6.33866 ; 1.73146
6.32996 ; 4.43468 ; -6.55187 ; 6.53818
4.55752 ; 3.90232 ; 6.7272 ; 6.75205
7.92778 ; 3.90706 ; -4.64736 ; 5.02669
3.92042 ; 4.63983 ; 6.55429 ; 1.70194
5.40893 ; 2.83687 ; 5.40013 ; -2.2602
7.19556 ; 2.76457 ; -6.68806 ; 1.21651
7.61378 ; 7.43657 ; -3.53509 ; -3.32186
6.83476 ; 3.69957 ; -6.79659 ; 6.28553
3.821 ; 2.91797 ; 6.249 ; 5.20246
3.68523 ; 6.39059 ; 2.21183 ; -6.86613
3.81517 ; 2.90627 ; 6.40849 ; 4.15943
7.77997 ; 6.03028 ; -4.74854 ; -6.77744
6.7979 ; 5.55606 ; -6.62127 ; -6.49491
3.97177 ; 4.38721 ; 5.42831 ; -5.48713
3.84277 ; 4.15148 ; 5.71958 ; -5.21286
7.83179 ; 5.60677 ; -0.896866 ; -6.1504
6.76954 ; 3.73895 ; -6.78092 ; 6.51266
3.42437 ; 7.3344 ; 5.22824 ; 1.15391
7.87135 ; 7.09851 ; -3.10565 ; -5.85411
3.81993 ; 6.25442 ; 5.59463 ; -6.79465
6.49825 ; 4.06374 ; -6.66712 ; 6.62759
7.22216 ; 5.30351 ; -6.47963 ; -6.01682
3.11669 ; 5.59399 ; 1.49882 ; 5.40791
3.61315 ; 3.17165 ; 5.95638 ; -1.98276
3.78151 ; 5.4661 ; 3.75129 ; 5.14268
7.22603 ; 6.53337 ; -6.65675 ; -6.53783
3.13798 ; 7.38027 ; 2.50933 ; 1.30514
4.4334 ; 6.56275 ; 5.16746 ; -6.43988
6.50005 ; 4.06043 ; -6.63858 ; 6.59641
4.35603 ; 3.518 ; 6.80913 ; 6.51228
7.67024 ; 6.54981 ; -5.36256 ; -6.66248
6.76782 ; 6.19484 ; -6.7738 ; -6.66743
8.25832 ; 2.57256 ; -1.59159 ; 2.08746
6.47301 ; 3.29161 ; 4.17853 ; 6.12468
4.52044 ; 6.17848 ; 6.26612 ; 0.817464
4.18349 ; 3.1979 ; 6.78629 ; 5.89171
7.40521 ; 6.02108 ; -5.73381 ; -6.82931
5.96303 ; 2.71985 ; -0.955881 ; 4.92672
7.26421 ; 6.19327 ; -6.33225 ; -6.83446
5.12144 ; 6.00895 ; 6.5594 ; -6.56666
4.20139 ; 7.34026 ; -4.26413 ; -0.584353
3.29592 ; 3.50955 ; 0.822855 ; 6.87139
6.52342 ; 4.21161 ; -6.64789 ; 6.631
7.06738 ; 3.73974 ; -6.62076 ; 6.72593
4.20705 ; 4.04565 ; 6.47566 ; 6.76392
7.83583 ; 3.72477 ; -4.96908 ; 6.01785
8.29532 ; 6.33854 ; -2.47878 ; -0.681431
5.11709 ; 6.67321 ; -2.68833 ; -6.58196
3.6927 ; 5.60186 ; 1.71715 ; 3.38341
6.18803 ; 6.95801 ; 1.19164 ; -6.14934
6.263 ; 3.91384 ; -6.58197 ; 6.51514
7.69046 ; 6.15877 ; -4.93685 ; -6.89137
6.30215 ; 4.62766 ; -6.50114 ; 6.4482
6.80877 ; 5.6783 ; -6.56709 ; -6.6275
7.90696 ; 4.06524 ; -3.63296 ; 6.49397
8.35534 ; 6.09217 ; -0.434149 ; 3.35479
7.26339 ; 3.70773 ; -6.74177 ; 0.762379
6.06817 ; 7.41485 ; 4.99727 ; -3.78674
5.94794 ; 4.72407 ; -6.33687 ; 6.35455
4.51481 ; 2.71185 ; 6.84787 ; 3.50533
7.0085 ; 6.27136 ; -6.62931 ; -6.73421
6.81645 ; 5.8932 ; -6.65829 ; -6.70902
4.68331 ; 5.84429 ; 6.66758 ; -6.66381
3.78025 ; 2.8185 ; 6.18184 ; -1.61499
4.08916 ; 6.33903 ; -3.58669 ; -6.67614
7.37686 ; 6.71654 ; -6.60777 ; -5.41746
3.78536 ; 2.77581 ; 6.42419 ; 3.6677
7.52733 ; 6.91978 ; -6.46553 ; 1.42097
6.74759 ; 6.75962 ; -6.83506 ; -5.87616
7.46288 ; 6.3193 ; 3.25433 ; -6.7074
5.45232 ; 2.8549 ; 0.830927 ; -2.81189
7.16894 ; 5.66766 ; -6.48157 ; -6.45716
7.67781 ; 2.84851 ; -6.25814 ; 0.9042
7.94155 ; 6.34164 ; -0.392821 ; 2.7155
7.52976 ; 4.34265 ; -6.36053 ; 2.98289
6.50964 ; 6.12344 ; -6.71517 ; -6.59949
4.7559 ; 5.72646 ; 6.63555 ; -6.61317
3.61888 ; 6.37424 ; 5.95214 ; 0.780185
3.41786 ; 2.94259 ; 0.07671 ; 6.00903
4.99778 ; 3.03324 ; -5.30631 ; 5.47444
4.74419 ; 6.21053 ; 6.76496 ; -6.48222
3.68998 ; 7.03181 ; 5.07395 ; -5.65829
3.61675 ; 6.62003 ; 5.73633 ; -2.90719
4.5681 ; 3.99813 ; 6.69807 ; 6.75842
6.35991 ; 3.65267 ; -3.37275 ; 6.49622
6.01254 ; 5.36053 ; -6.38496 ; -6.3634
3.6231 ; 3.21923 ; 5.33659 ; 6.4357
7.0223 ; 4.23627 ; -4.88825 ; -1.5635
6.52941 ; 5.82366 ; -6.6676 ; -6.61026
4.8509 ; 6.34996 ; 6.74904 ; -6.2793
3.41517 ; 3.14883 ; 4.15722 ; 6.25001
4.23537 ; 5.38797 ; 6.43251 ; -6.24459
3.76338 ; 4.69995 ; 1.30729 ; 5.36477
4.44566 ; 6.0662 ; 6.50436 ; -6.75652
7.13492 ; 3.64164 ; -6.40788 ; 6.69692
3.80541 ; 4.58874 ; 6.04343 ; 4.33565
5.13005 ; 4.43278 ; 6.5413 ; 6.53966
3.72328 ; 6.01542 ; 5.19321 ; -6.75244
3.91742 ; 3.99879 ; 5.97229 ; 6.76795
6.58607 ; 4.44987 ; -6.5804 ; 6.56778
7.96055 ; 2.63468 ; 1.78716 ; 2.27271
7.6633 ; 4.58177 ; -5.6427 ; -5.4574
3.58374 ; 7.06625 ; -1.84435 ; -0.141627
3.71606 ; 2.74701 ; 6.266 ; 3.46382
7.25963 ; 5.48378 ; 4.37852 ; 4.74673
3.33123 ; 3.33717 ; -0.807146 ; 6.51952
4.40295 ; 3.23378 ; -4.7292 ; 4.31948
4.47033 ; 5.23931 ; 5.78946 ; 5.65951
7.50091 ; 6.21735 ; -6.44039 ; 2.34678
4.22157 ; 6.92496 ; 6.37724 ; -5.76317
3.93689 ; 6.50109 ; 6.5869 ; 1.92974
4.40969 ; 2.74792 ; 3.16089 ; 4.07105
7.95565 ; 7.15146 ; -2.82382 ; -5.62361
4.17575 ; 2.82148 ; 3.42667 ; 5.25234
6.59043 ; 5.89006 ; -6.68977 ; -6.65702
3.62408 ; 2.69077 ; 2.76864 ; 4.57753
5.02523 ; 7.06468 ; 5.16599 ; -4.50556
7.32215 ; 6.61762 ; -4.31423 ; -5.47974
7.94057 ; 6.68094 ; -4.16713 ; -6.6124
4.77681 ; 6.35491 ; 6.77701 ; -6.33073
3.39007 ; 3.25595 ; 0.788279 ; 6.38145
3.27461 ; 6.83599 ; 2.67871 ; -5.76062
3.47049 ; 2.77642 ; 4.73376 ; 4.95281
7.20044 ; 6.56751 ; -5.03952 ; -6.70695
3.2844 ; 4.89039 ; 3.99272 ; 4.46558
6.75282 ; 6.63414 ; 4.48881 ; -6.0621
7.97407 ; 3.14043 ; -1.36554 ; 5.8357
7.44612 ; 3.01798 ; -4.33188 ; 4.63075
6.10773 ; 4.43427 ; -6.46075 ; 6.49464
3.40613 ; 6.78543 ; 4.28045 ; -4.09653
3.60896 ; 6.95812 ; 5.35087 ; -5.93951
6.92405 ; 3.53687 ; -6.81518 ; 6.34881
8.19038 ; 7.10814 ; 0.740379 ; -3.39101
5.49839 ; 3.37923 ; 4.21014 ; 6.12525
8.15325 ; 3.29312 ; -2.67551 ; -2.20025
3.30062 ; 4.04378 ; 3.49246 ; 5.13515
3.35707 ; 4.04411 ; 4.76897 ; 0.486553
7.34274 ; 6.35051 ; -6.27992 ; -6.57274
7.77747 ; 3.0684 ; -4.98439 ; 5.99727
7.23673 ; 5.30263 ; -6.06873 ; 5.93423
4.28949 ; 5.11612 ; 5.85553 ; 6.07226
6.33881 ; 4.32026 ; -6.56473 ; 6.57765
6.20651 ; 4.37087 ; -6.5138 ; 6.53307
4.96183 ; 6.01463 ; 6.65653 ; -6.58872
4.64544 ; 5.84286 ; 6.67639 ; -6.64852
7.04552 ; 5.69358 ; -6.55342 ; -6.5429
6.67169 ; 6.93504 ; -6.58798 ; -4.50901
6.08444 ; 3.50098 ; 5.62134 ; 6.39712
6.10235 ; 7.64143 ; 5.03699 ; -1.18676
8.11031 ; 6.68229 ; -0.892677 ; -6.68077
7.00933 ; 3.05991 ; -5.29606 ; 5.81914
5.42906 ; 5.24961 ; 6.33329 ; -6.29417
3.45234 ; 3.15361 ; 2.42644 ; 6.50539
8.28749 ; 6.83886 ; 0.332715 ; 3.19509
8.2592 ; 3.26144 ; -3.07978 ; -3.152
7.62284 ; 6.97884 ; -6.07624 ; -5.58442
7.25653 ; 4.44155 ; -6.22254 ; 6.51546
5.19775 ; 3.28065 ; 5.79598 ; 6.24519
7.06198 ; 6.37924 ; -6.57425 ; -6.69724
4.45852 ; 4.61767 ; 6.55137 ; -5.70698
4.19228 ; 4.79711 ; 6.58825 ; -5.24409
6.23713 ; 4.22092 ; -6.55033 ; 6.56312
4.74669 ; 6.10809 ; 6.72645 ; -6.64526
8.01608 ; 7.56799 ; -0.0740803 ; -2.80975
5.61028 ; 3.54689 ; 6.14562 ; 6.3813
7.80053 ; 3.745 ; 0.568969 ; 6.83793
6.83629 ; 6.64913 ; -6.8554 ; -6.1716
7.5523 ; 6.13007 ; -5.94504 ; 3.83759
7.70035 ; 7.18637 ; -6.07142 ; -4.52889
5.34633 ; 7.35057 ; 0.0526049 ; -4.67628
3.53399 ; 2.62319 ; 5.46523 ; 3.30899
3.43761 ; 5.3225 ; -2.72403 ; -5.55493
8.01361 ; 6.93429 ; -3.63358 ; -6.30972
6.82562 ; 5.25948 ; -6.08836 ; -6.27488
5.25495 ; 4.52669 ; 6.46864 ; 6.47932
3.57301 ; 5.47046 ; 5.28613 ; -4.83778
4.85793 ; 5.82777 ; 6.55423 ; -6.63921
6.63601 ; 3.82806 ; -6.75181 ; 6.52094
7.95571 ; 6.61194 ; -3.46742 ; -6.8091
4.79228 ; 5.92258 ; 6.69499 ; -6.63785
7.93116 ; 5.7417 ; -0.983709 ; -6.35171
7.74725 ; 3.41751 ; -4.24852 ; 6.7162
7.63219 ; 2.9815 ; -5.51112 ; 5.52816
3.72108 ; 4.52683 ; 5.47969 ; -5.52999
3.4138 ; 7.14433 ; -1.29023 ; -5.65307
3.92808 ; 3.22455 ; 6.22077 ; 6.33411
7.37444 ; 4.61324 ; -0.826282 ; -5.46228
5.4223 ; 5.36284 ; 6.34447 ; -6.35685
7.01031 ; 2.45882 ; 2.4777 ; 1.36227
6.07998 ; 5.43827 ; -6.42581 ; -6.41429
5.83881 ; 5.19114 ; -6.26638 ; -6.25028
4.41337 ; 4.16834 ; 6.60731 ; 6.74148
7.14305 ; 6.3118 ; -6.49683 ; -6.76824
4.93338 ; 6.28972 ; 6.47551 ; -6.60675
8.17812 ; 3.25096 ; -2.58918 ; -3.25677
5.62674 ; 3.16185 ; 5.99299 ; 5.82727
7.74051 ; 2.94902 ; -5.6361 ; 5.34386
3.96481 ; 3.18563 ; 6.57596 ; 5.8189
3.878 ; 7.17537 ; 5.07454 ; -4.43712
7.02006 ; 3.18388 ; -6.68813 ; 4.98594
8.33449 ; 5.87902 ; -1.86506 ; 3.65983
6.9532 ; 6.32091 ; -6.64826 ; -6.71231
4.81606 ; 3.93402 ; 6.74083 ; 6.65693
3.20797 ; 7.26062 ; 3.51598 ; 0.416714
6.29734 ; 5.77847 ; -6.58256 ; -6.56365
7.01368 ; 5.46514 ; -6.44605 ; 5.71597
6.42811 ; 2.78856 ; -3.81849 ; 4.95794
3.76927 ; 6.56258 ; -0.984554 ; -2.94977
7.42318 ; 7.36066 ; -6.5412 ; -3.29613
6.86382 ; 3.80477 ; -6.67776 ; 6.69471
4.61625 ; 2.75335 ; 6.07615 ; -2.43404
6.77402 ; 6.26949 ; -6.79792 ; -6.55405
6.93473 ; 3.33788 ; -5.79805 ; 6.39695
8.1076 ; 6.50492 ; -4.34559 ; -0.196175
3.68912 ; 2.53613 ; 6.11408 ; 1.20778
5.22557 ; 5.58321 ; 6.48257 ; -6.4809
4.77888 ; 5.97902 ; 6.70944 ; -6.6295
5.31525 ; 4.69073 ; 6.41611 ; 6.39539
4.38304 ; 3.64073 ; 6.76844 ; 6.65218
8.28675 ; 3.79918 ; -2.79043 ; -3.31771
7.45588 ; 7.06663 ; -6.22943 ; 0.0014016
7.59864 ; 5.5293 ; -2.48467 ; -4.89367
3.94479 ; 7.25796 ; 6.63872 ; -0.54797
3.99611 ; 3.12233 ; 6.65979 ; 5.43391
4.81993 ; 5.66478 ; 6.64023 ; -6.54592
6.08001 ; 4.57881 ; -6.42511 ; 6.4389
5.41665 ; 2.61305 ; -1.40699 ; 4.21162
4.34421 ; 3.49956 ; 6.75618 ; 6.39946
4.72114 ; 3.35695 ; 5.72584 ; 6.44351
3.24388 ; 4.77133 ; -1.35731 ; -5.44834
3.49772 ; 2.79266 ; -0.0251821 ; 5.42338
7.37278 ; 5.77564 ; 0.87134 ; 5.23978
7.65316 ; 3.09518 ; -5.49511 ; -2.86658
3.71191 ; 3.35515 ; 0.348042 ; 6.72549
5.02637 ; 6.43192 ; 6.40091 ; -6.50707
7.95769 ; 6.73925 ; 1.69 ; -6.58011
3.17758 ; 7.33236 ; 1.71914 ; -3.85567
6.03937 ; 4.75396 ; -6.38548 ; 6.3479
4.42222 ; 4.08056 ; 6.307 ; -3.57671
5.44054 ; 2.44482 ; 5.89842 ; 0.98936
3.70386 ; 3.11913 ; 5.80169 ; 6.1405
6.32697 ; 5.6445 ; -6.56583 ; -6.54083
4.45568 ; 6.28891 ; 6.62657 ; -6.46623
4.26147 ; 7.2534 ; -4.24281 ; -4.42092
3.74436 ; 6.78218 ; 5.71854 ; -6.42816
7.39912 ; 7.05622 ; -5.7668 ; -5.19979
4.74246 ; 3.54036 ; -3.98554 ; 6.62661
8.28455 ; 3.00909 ; -2.66081 ; -0.442356
8.19449 ; 7.26252 ; -1.57609 ; 2.2269
6.28052 ; 4.93744 ; -6.45112 ; 6.25138
7.86141 ; 2.60546 ; -0.197952 ; 2.98121
6.88933 ; 3.24779 ; -6.87506 ; 4.75705
6.65477 ; 5.58001 ; -6.60525 ; -6.55413
8.20343 ; 7.56807 ; -1.89735 ; -1.02775
8.03064 ; 3.52158 ; -4.33428 ; -3.77198
4.5369 ; 6.49262 ; 6.38284 ; -6.5886
8.02651 ; 6.81346 ; -4.82739 ; 2.85897
7.98577 ; 4.35957 ; -5.00627 ; -1.41814
4.91099 ; 4.14088 ; 6.66945 ; 6.65694
3.6515 ; 3.48788 ; 6.0484 ; -1.05216
4.69068 ; 2.82825 ; 6.6913 ; 3.87261
7.72196 ; 6.42622 ; -5.14354 ; -6.80503
4.38292 ; 5.36433 ; 6.44842 ; -6.40585
6.48739 ; 7.31852 ; -6.06621 ; 0.173047
7.15516 ; 3.10331 ; -6.51034 ; 5.57015
6.34529 ; 7.25387 ; -0.468866 ; -2.02503
8.25834 ; 7.06198 ; -2.17604 ; -2.6678
3.99525 ; 6.34704 ; 6.11318 ; -6.81308
4.08051 ; 3.69211 ; 6.3621 ; 6.6942
4.60894 ; 7.03066 ; 1.16117 ; -6.03864
7.404 ; 5.97025 ; -5.39824 ; -6.80826
3.77384 ; 4.47331 ; -1.72327 ; 6.39041
4.73754 ; 6.68921 ; -4.9578 ; -6.27348
8.01982 ; 2.71062 ; -4.45471 ; 3.61114
4.825 ; 6.25676 ; 6.73819 ; -6.52983
7.78561 ; 3.22089 ; -5.05595 ; 6.31895
5.96359 ; 3.93584 ; -6.33628 ; 6.02062
6.64282 ; 3.6038 ; -6.7793 ; 6.37748
4.602 ; 4.90954 ; 6.151 ; 6.22669
7.59358 ; 6.34074 ; 3.57055 ; -6.11528
4.64635 ; 5.708 ; 6.58637 ; -6.62523
6.14834 ; 4.62133 ; -6.45465 ; 6.43023
4.95574 ; 5.55875 ; 6.57873 ; -6.51105
7.065 ; 7.37689 ; -2.92601 ; 1.18186
8.07459 ; 4.38296 ; 2.07317 ; -4.54541
4.20686 ; 7.29125 ; 6.83267 ; 1.08464
4.41604 ; 3.83786 ; 6.76851 ; 6.58487
6.64227 ; 3.86714 ; -6.73923 ; 6.61517
7.04359 ; 7.35444 ; 3.73205 ; -4.31697
6.62804 ; 2.96859 ; 5.0725 ; 4.12073
6.49083 ; 4.15882 ; -6.64988 ; 6.63435
6.1675 ; 4.65501 ; -6.45439 ; 6.41691
7.27714 ; 4.02092 ; -5.96985 ; 6.81392
7.10067 ; 6.16419 ; -6.43668 ; -6.79995
4.65207 ; 7.12737 ; 4.84144 ; -5.3656
3.39166 ; 3.30615 ; 4.73166 ; 3.60802
7.17276 ; 7.24845 ; -6.91033 ; -3.53822
3.87453 ; 5.70381 ; -3.655 ; 1.16943
5.5366 ; 6.16881 ; -5.8126 ; -6.58756
7.29298 ; 7.22398 ; -6.72462 ; 1.58421
6.52496 ; 5.89039 ; -6.68004 ; -6.63807
4.46548 ; 6.57253 ; 6.85253 ; -6.18357
3.42197 ; 7.13482 ; 4.27553 ; -5.47457
3.98427 ; 6.6623 ; 6.36781 ; -6.1266
4.38989 ; 3.22026 ; 6.92525 ; 5.79076
7.25839 ; 5.53215 ; -6.43006 ; -6.23625
8.25134 ; 2.7626 ; 0.901984 ; -1.585
3.56898 ; 6.46391 ; -1.76616 ; -6.76263
4.81977 ; 3.48318 ; 6.80074 ; 6.04266
7.95029 ; 3.20716 ; -3.05067 ; 6.5261
3.64999 ; 2.88362 ; 6.08686 ; -0.54282
4.98022 ; 5.78813 ; 6.60509 ; -6.59102
7.18341 ; 5.38695 ; -6.22916 ; 5.84425
4.35244 ; 4.55455 ; 6.49277 ; 6.49696
4.22181 ; 7.1134 ; 6.67545 ; -4.36541
5.63057 ; 5.56181 ; -5.54304 ; -2.51351
3.81485 ; 6.74796 ; 6.00302 ; -4.34889
4.44822 ; 6.09089 ; 6.64098 ; -6.73979
3.82635 ; 3.64156 ; 6.16704 ; 5.20598
5.28908 ; 7.5299 ; 5.07993 ; 1.20861
6.50294 ; 4.08623 ; -6.67265 ; 6.62967
7.21663 ; 6.75013 ; -6.76018 ; -6.14164
3.74206 ; 6.7639 ; 2.94983 ; -6.17046
5.83258 ; 5.80298 ; -6.28393 ; -6.50428
5.34395 ; 7.05382 ; 6.34122 ; -4.98312
7.11451 ; 3.32208 ; 4.35553 ; 6.29432
3.74663 ; 6.56565 ; 6.32047 ; 0.0653879
4.56591 ; 7.4926 ; -4.28317 ; -3.54862
4.13801 ; 6.81132 ; 6.79492 ; -4.59141
5.18583 ; 3.57343 ; 6.31407 ; -3.44011
3.19954 ; 2.77452 ; 3.59261 ; -1.73743
3.69543 ; 6.37436 ; 5.199 ; -6.64766
3.20874 ; 3.90951 ; 3.17142 ; -2.62949
4.17943 ; 3.38782 ; -3.15686 ; 6.56542
6.0684 ; 4.71239 ; -6.39832 ; 6.37593
4.16928 ; 7.28364 ; 4.97208 ; -4.50854
5.88508 ; 3.96668 ; -6.19804 ; 4.97768
6.98512 ; 6.06758 ; -6.63392 ; -6.77136
4.54927 ; 2.77195 ; 6.81204 ; 4.01573
6.81352 ; 3.70743 ; -6.79153 ; 6.42013
4.3292 ; 5.75015 ; 4.88526 ; 3.54806
3.34651 ; 2.93489 ; 1.01502 ; 5.99058
7.05629 ; 5.82575 ; -6.62655 ; -6.47605
7.13672 ; 7.27912 ; -6.89909 ; -3.63891
6.26847 ; 6.33517 ; -6.58258 ; -6.41113
7.164 ; 4.29845 ; 4.09691 ; -5.06968
8.09798 ; 2.71365 ; -4.14197 ; 0.264385
6.81267 ; 6.09758 ; -6.66892 ; -6.72473
5.23203 ; 5.61303 ; 6.47386 ; -6.49395
5.94645 ; 2.44743 ; 0.929917 ; 2.72133
3.97926 ; 3.13214 ; 6.47495 ; 5.99656
6.85182 ; 4.06962 ; -6.62423 ; 6.72858
5.23641 ; 4.65847 ; 6.45884 ; 6.42301
8.22649 ; 2.48539 ; -2.20154 ; 1.08056
7.49262 ; 6.35614 ; -4.71244 ; -6.86421
4.18331 ; 7.45459 ; 6.65225 ; 0.301792
5.33724 ; 7.02519 ; 5.73946 ; -5.43151
5.49406 ; 2.74026 ; -2.2694 ; 4.85137
7.46659 ; 3.74933 ; -5.99525 ; 6.55724
4.13927 ; 7.0364 ; 6.84609 ; -4.26878
8.13935 ; 3.72496 ; 0.454561 ; 6.41852
8.1902 ; 6.35151 ; -1.08886 ; -6.66557
4.05737 ; 6.48267 ; 6.18653 ; -6.72549
6.94715 ; 6.90384 ; 2.36364 ; -1.11792
3.55661 ; 7.39515 ; -2.80647 ; 1.31924
7.26417 ; 4.595 ; -6.32666 ; -5.62015
7.65482 ; 2.99379 ; -5.63439 ; 5.55901
7.45966 ; 3.04121 ; -5.80042 ; 5.58826
3.44836 ; 5.86348 ; 4.89196 ; -4.41225
7.49881 ; 4.08972 ; 3.93963 ; 6.33004
4.42233 ; 7.44195 ; 2.18821 ; -3.61881
6.70192 ; 4.04261 ; -6.69872 ; 6.67603
8.14761 ; 2.68877 ; -3.71709 ; -1.49174
5.48006 ; 7.54505 ; 4.85215 ; -2.47585
4.63423 ; 6.36769 ; 6.81256 ; -6.37662
4.43161 ; 7.37968 ; 6.4132 ; -3.10519
3.56733 ; 6.71779 ; 4.6859 ; -6.46488
7.53651 ; 6.78954 ; -6.39692 ; -4.50375
3.5631 ; 6.93801 ; 4.76276 ; -6.08361
8.1148 ; 3.03958 ; -2.08932 ; 6.00716
5.9831 ; 2.84161 ; -4.84562 ; 5.01054
7.1249 ; 3.81435 ; -6.51422 ; 6.77662
3.42947 ; 3.67229 ; 3.0625 ; 6.73175
6.40325 ; 5.22297 ; 5.37096 ; -5.85137
7.62954 ; 4.90285 ; -3.3102 ; -5.23027
3.63149 ; 2.59917 ; 5.94763 ; 2.86087
6.75441 ; 3.57633 ; -6.81631 ; 5.90257
3.96667 ; 3.71542 ; 6.194 ; 6.82324
7.44151 ; 6.21626 ; -6.04755 ; -3.10558
6.53729 ; 7.27784 ; -2.2107 ; -4.65054
4.3489 ; 6.94698 ; 6.91392 ; -5.05453
6.88893 ; 3.81289 ; -6.32354 ; 6.7479
6.97378 ; 6.24953 ; -6.73855 ; -6.69691
4.62514 ; 7.00876 ; 6.68398 ; -4.66492
7.97978 ; 7.20911 ; 2.01683 ; 0.853893
7.86526 ; 3.16013 ; -4.15539 ; 6.35609
4.30463 ; 7.18026 ; 6.15689 ; -2.8632
4.18444 ; 3.70119 ; 6.49633 ; 6.77519
4.08058 ; 2.5198 ; -1.62155 ; 2.99818
7.31474 ; 7.08287 ; -6.77983 ; -4.53717
6.18588 ; 5.82509 ; -6.43317 ; -6.58938
7.04149 ; 3.86167 ; -6.29633 ; 6.78552
6.82606 ; 5.29139 ; -6.21991 ; -5.97973
3.71167 ; 2.65939 ; 0.240478 ; 4.26207
4.26178 ; 4.31814 ; 6.42121 ; 6.67925
8.13777 ; 7.39293 ; -3.86312 ; -2.89778
6.33906 ; 4.38862 ; -6.56704 ; 6.55257
3.86043 ; 3.49409 ; 6.06535 ; 6.7106
4.17059 ; 3.83554 ; 6.36395 ; 6.85069
3.79754 ; 3.6863 ; 2.55831 ; -4.43101
4.00353 ; 7.04081 ; 6.66111 ; -4.83366
5.18675 ; 2.38975 ; -5.16572 ; 1.236
4.47702 ; 5.96122 ; 6.63469 ; -6.72797
4.344 ; 6.06917 ; 6.45986 ; -6.77575
7.99465 ; 5.87199 ; -4.47792 ; -3.32177
3.64482 ; 3.34627 ; 5.23293 ; 6.47279
6.67352 ; 4.53459 ; -6.55399 ; 6.53049
6.75116 ; 4.00509 ; -6.68495 ; 6.70828
4.17584 ; 6.43589 ; 6.56777 ; -6.67305
7.3925 ; 2.90562 ; -6.71516 ; 2.68688
6.7591 ; 4.05558 ; -6.68567 ; 6.70191
7.05611 ; 3.83388 ; -6.65079 ; 6.58453
8.13934 ; 7.02117 ; 1.01023 ; -5.64099
6.62084 ; 3.88326 ; -6.73935 ; 6.56258
5.81322 ; 7.55943 ; 5.4528 ; -1.52022
6.79609 ; 4.21535 ; -5.61502 ; -4.77883
6.85053 ; 6.86607 ; -6.41033 ; -3.16402
7.27184 ; 6.44942 ; -6.53624 ; -6.6917
4.31396 ; 6.33733 ; 6.6923 ; -6.70499
6.97065 ; 6.52465 ; -6.78361 ; -6.30982
4.53518 ; 6.36606 ; 6.70331 ; -6.60426
3.83114 ; 3.12887 ; 6.4235 ; 3.93679
6.9756 ; 6.06189 ; -6.57987 ; -6.77114
5.88192 ; 7.15572 ; -6.07801 ; -0.221536
5.30115 ; 5.304 ; -4.4497 ; -6.10015
7.71806 ; 5.34371 ; -5.10034 ; 1.15077
8.05641 ; 7.38163 ; -3.16105 ; -3.80763
4.00549 ; 2.64064 ; -2.72788 ; -2.17532
6.58486 ; 4.06712 ; -6.68608 ; 6.6495
7.3098 ; 7.37763 ; -5.13026 ; 0.149664
7.29194 ; 6.52316 ; -6.46083 ; -6.649
5.55467 ; 7.14537 ; -5.7325 ; -4.99951
7.64387 ; 7.6171 ; -0.637164 ; -0.31504
7.14459 ; 3.79178 ; -6.54847 ; 6.69147
7.33149 ; 3.1613 ; -5.91249 ; -2.57492
6.68707 ; 4.94422 ; -6.47607 ; 6.2577
5.83854 ; 4.93781 ; -6.2544 ; 6.22143
3.85592 ; 6.79053 ; 6.21874 ; -6.10093
8.23747 ; 5.98793 ; -0.713474 ; -0.266788
7.1366 ; 6.01011 ; -6.21649 ; -6.79242
3.4634 ; 6.94834 ; 3.79867 ; -6.26296
8.01523 ; 7.01093 ; -3.19301 ; -6.152
3.66701 ; 7.29909 ; 4.43558 ; -4.40233
7.76554 ; 3.83702 ; -4.61799 ; 6.87342
7.7481 ; 2.95459 ; -0.676464 ; 5.75788
7.0402 ; 6.5902 ; -6.75336 ; -6.14922
3.68477 ; 2.89036 ; 6.21587 ; 2.34041
4.14223 ; 3.17814 ; 6.75959 ; 5.94781
4.81891 ; 6.41904 ; 4.89389 ; -6.72233
7.68152 ; 7.2634 ; -6.26675 ; -1.27932
7.84058 ; 2.9368 ; -1.79339 ; 5.88774
4.72589 ; 5.96891 ; 5.95035 ; 5.26966
3.5957 ; 2.82776 ; 5.26749 ; 5.02771
6.5002 ; 6.95563 ; -6.1814 ; -5.6218
3.90939 ; 4.84583 ; 6.04414 ; -5.69983
6.74693 ; 3.79317 ; -6.76026 ; 6.59703
4.15198 ; 2.85612 ; 6.91612 ; 3.24902
4.72886 ; 2.42398 ; -0.255685 ; -0.243613
4.59219 ; 6.44416 ; -4.86951 ; -6.48052
4.18278 ; 7.1919 ; 6.84527 ; -3.97756
6.63057 ; 5.81945 ; -6.66727 ; -6.65313
6.86218 ; 5.7089 ; -6.56274 ; -6.64692
4.93115 ; 4.44447 ; 6.60494 ; 6.56684
4.3364 ; 3.20974 ; 6.77133 ; -2.98555
4.73043 ; 4.21089 ; 6.6134 ; 6.69093
5.5411 ; 5.23696 ; 6.26331 ; -6.2746
8.04136 ; 6.62344 ; -2.53776 ; -6.82613
3.58371 ; 6.43396 ; 4.47717 ; -6.85519
7.47598 ; 3.13263 ; -6.23133 ; 5.84311
8.19699 ; 7.47727 ; -2.26985 ; -3.70762
4.28158 ; 3.18292 ; 6.8906 ; 5.80352
5.10894 ; 3.30297 ; 6.55755 ; 5.70774
8.18195 ; 3.08499 ; -1.35425 ; 4.70705
6.77594 ; 3.44062 ; 4.68518 ; -4.29307
6.40606 ; 3.66889 ; -5.71855 ; 2.73942
5.67125 ; 4.88457 ; 6.18251 ; 6.24201
4.88613 ; 3.07247 ; -5.35782 ; 4.79976
7.35203 ; 5.40318 ; -6.09954 ; -6.2562
7.95731 ; 3.28522 ; -2.89082 ; 6.66277
7.87065 ; 6.78069 ; -3.95745 ; -6.19889
4.05432 ; 4.07468 ; 6.37025 ; 6.57174
6.37364 ; 3.83031 ; -6.01652 ; 6.69116
4.36714 ; 4.05798 ; 6.59141 ; 6.78849
6.63748 ; 4.30418 ; -6.62709 ; 6.62677
4.11142 ; 6.72968 ; 6.48222 ; 3.95215
3.50779 ; 3.48814 ; 2.1286 ; 6.8694
7.88108 ; 7.44289 ; 1.76705 ; -1.76782
3.29353 ; 4.42326 ; 2.81868 ; 5.28735
8.23913 ; 4.71693 ; 0.413206 ; 6.16356
3.79807 ; 3.03033 ; 6.29351 ; 5.01188
3.65554 ; 6.38083 ; 4.91645 ; -6.78771
3.69967 ; 7.35331 ; 5.81567 ; -2.92672
7.35377 ; 7.48983 ; -6.38052 ; -0.693216
3.94209 ; 6.51658 ; 6.14215 ; -6.70786
3.7223 ; 3.02246 ; 5.49944 ; 5.44187
5.08341 ; 4.25099 ; 6.59311 ; 6.56082
7.8562 ; 7.08975 ; -3.69575 ; -5.83847
5.19495 ; 4.38797 ; 6.5137 ; 6.54224
7.51 ; 6.52088 ; 1.14616 ; -4.98365
3.60378 ; 3.37074 ; 4.83905 ; 6.49919
3.74347 ; 3.27168 ; 5.8987 ; 4.19779
5.15623 ; 3.04823 ; 6.54792 ; 4.90924
7.64592 ; 3.16645 ; 1.21989 ; 6.43592
4.9988 ; 4.29162 ; 6.62053 ; 6.59515
4.07048 ; 4.91575 ; 6.42099 ; -5.52922
4.35759 ; 6.09651 ; 6.65212 ; -6.65699
4.30576 ; 6.67401 ; 6.82377 ; -6.07282
4.59261 ; 4.99921 ; 3.57141 ; 4.6012
3.26141 ; 5.4193 ; -0.577034 ; -6.01966
3.90917 ; 3.32235 ; 6.11766 ; 6.54031
4.44531 ; 6.29706 ; -4.22494 ; -0.0465141
7.22174 ; 2.75781 ; -6.64635 ; 2.21015
3.19464 ; 4.03728 ; 1.49544 ; 6.62981
6.1735 ; 4.5328 ; -6.4658 ; 6.4762
7.99247 ; 7.22465 ; -3.53182 ; -5.19225
7.17545 ; 7.06504 ; -6.88894 ; -4.52523
3.98595 ; 7.38483 ; 6.41045 ; -3.05467
4.81787 ; 6.10424 ; -5.22056 ; 4.73388
3.48472 ; 6.85201 ; 0.898677 ; -6.52397
8.31404 ; 7.13468 ; -2.07814 ; 1.36776
4.80245 ; 4.05455 ; 6.72354 ; 6.67687
3.71026 ; 7.35758 ; 6.24708 ; -2.61704
4.11512 ; 3.2455 ; 6.46398 ; 6.26938
4.69473 ; 3.91715 ; 6.75531 ; 6.71056
6.808 ; 5.42472 ; -3.18364 ; -6.0561
6.64946 ; 3.64709 ; -6.77558 ; 6.41735
7.45604 ; 6.31999 ; -5.97806 ; -6.7363
6.21591 ; 2.40357 ; 3.28186 ; 1.83396
5.14312 ; 4.52966 ; 6.52091 ; 6.49654
4.70881 ; 4.11316 ; 6.58798 ; 5.97245
6.03243 ; 7.36921 ; 5.59469 ; -2.46751
4.2962 ; 5.90018 ; 6.42878 ; -6.73881
7.98655 ; 3.33512 ; -3.25351 ; 6.63901
6.64577 ; 4.2743 ; -6.62205 ; 6.64786
3.81854 ; 6.20523 ; -3.40205 ; -6.0538
6.67315 ; 3.06095 ; -6.65334 ; 1.30644
3.24706 ; 2.4728 ; 2.61903 ; 1.02673
3.63377 ; 3.51142 ; 4.65373 ; 6.86556
6.01733 ; 4.88975 ; -6.35549 ; 6.26803
5.97217 ; 5.18594 ; -6.33957 ; -6.26384
4.89393 ; 6.29907 ; 6.70312 ; -6.50341
4.94002 ; 6.35619 ; 6.59755 ; -6.50856
8.0505 ; 6.80723 ; -4.00403 ; -4.63418
6.95009 ; 6.48681 ; -6.80855 ; -6.51611
6.39898 ; 4.25874 ; -6.61001 ; 6.59604
5.93648 ; 7.44867 ; 5.33113 ; 1.37442
4.39181 ; 3.54697 ; 6.84374 ; 6.45882
6.70385 ; 6.89965 ; -3.7169 ; -6.14353
5.27081 ; 4.58357 ; 6.45412 ; 6.45335
3.44237 ; 2.99749 ; 3.54064 ; 6.08786
4.64271 ; 2.89645 ; 3.96152 ; 5.54478
4.38879 ; 6.25785 ; 6.73539 ; -6.61925
8.30744 ; 7.07199 ; -2.08646 ; -1.18023
7.28489 ; 6.08683 ; -6.01478 ; -6.82946
6.68029 ; 4.28577 ; -6.59629 ; 6.65048
7.09604 ; 6.74541 ; -6.84636 ; -6.05777
4.36478 ; 5.47807 ; 6.50945 ; -6.40882
3.63935 ; 6.45879 ; 4.40557 ; -6.23673
7.7545 ; 7.00845 ; -5.94783 ; -1.90773
3.30167 ; 2.88994 ; 2.88855 ; 5.71022
4.7091 ; 3.17228 ; 6.76482 ; 5.68003
3.59209 ; 2.66058 ; 5.93643 ; 2.6423
7.27398 ; 2.7107 ; -0.884611 ; 4.76492
8.14478 ; 6.93168 ; -3.80123 ; -2.54212
3.96894 ; 7.43608 ; 6.47676 ; 0.0567771
4.14992 ; 7.19308 ; 0.276123 ; -5.37128
3.9895 ; 3.26342 ; 4.73671 ; 0.30791
4.36545 ; 7.5662 ; 0.195129 ; -0.00109833
5.96668 ; 3.52266 ; -6.1457 ; 6.35165
3.22693 ; 4.6676 ; 3.85896 ; 1.21125
5.55824 ; 3.31779 ; -5.7715 ; 6.10897
8.33903 ; 5.86864 ; -0.823635 ; 4.95581
