6.60627 ; 2.62543 ; -5.73152 ; -2.41549
7.03517 ; 5.73401 ; -6.02428 ; 5.13378
7.0641 ; 4.30305 ; -6.12342 ; 4.38066
5.88348 ; 5.02854 ; 5.91787 ; 5.99013
4.62555 ; 4.70172 ; -3.58311 ; -5.68766
5.73941 ; 5.22737 ; 5.97602 ; 5.90523
6.15347 ; 5.11211 ; -6.03592 ; -4.91097
5.81498 ; 6.51723 ; -5.53699 ; 4.70813
7.78796 ; 4.90545 ; -3.85252 ; 6.05981
6.74364 ; 5.79861 ; -6.28786 ; -6.37728
7.21778 ; 3.23877 ; -6.04016 ; -3.54857
7.82617 ; 5.06584 ; 3.13712 ; -5.74212
3.72115 ; 2.7277 ; 5.4177 ; 1.8216
3.26265 ; 4.14369 ; 0.80205 ; 6.46671
8.0725 ; 3.0764 ; -1.33644 ; 4.42714
8.06735 ; 6.43308 ; 1.17239 ; -6.27336
4.3349 ; 3.01257 ; 6.3923 ; 4.10778
6.42096 ; 6.49463 ; -6.46271 ; -5.10007
5.6001 ; 4.02274 ; -4.04329 ; -2.97741
3.29761 ; 6.24084 ; -0.397192 ; -5.58967
5.77277 ; 5.02571 ; -6.05349 ; -6.00456
5.55053 ; 5.38118 ; 6.12103 ; -6.1237
6.57588 ; 5.81336 ; -6.09833 ; -6.36498
7.83185 ; 5.53381 ; 3.45589 ; -5.52585
4.00854 ; 6.30696 ; 4.66722 ; -6.37456
7.94637 ; 5.67192 ; -3.37774 ; 5.26917
4.11017 ; 4.2222 ; -2.81465 ; 6.19444
4.16811 ; 4.59236 ; -4.55615 ; 4.59145
6.02497 ; 5.34536 ; 5.81004 ; 5.81456
7.44656 ; 2.46267 ; 2.57385 ; -1.68122
7.17957 ; 5.6053 ; -5.98295 ; -5.79887
5.16108 ; 3.41894 ; -4.68068 ; 5.77003
7.03494 ; 6.12564 ; -6.18075 ; -6.33598
6.38645 ; 7.07252 ; -6.41093 ; 1.11937
3.85906 ; 3.10583 ; 5.62349 ; 4.95291
6.48521 ; 4.24953 ; -6.32802 ; 6.31994
3.60924 ; 2.86223 ; 3.40307 ; 4.49005
4.40404 ; 3.8852 ; 6.07288 ; 6.41378
4.787 ; 5.51759 ; 6.19007 ; -6.29761
3.20439 ; 7.02702 ; 2.83931 ; 2.5294
5.49842 ; 6.37895 ; 4.12617 ; 4.74024
5.07776 ; 5.58324 ; 5.04007 ; -6.28501
7.45979 ; 5.5892 ; 4.16921 ; 5.29768
5.65916 ; 3.48925 ; 5.83922 ; 5.66515
4.67772 ; 3.95797 ; 6.32371 ; -4.26554
4.59772 ; 3.75034 ; 5.59782 ; 6.21693
5.80554 ; 4.65222 ; -6.10186 ; 6.12623
4.38321 ; 4.28525 ; 6.22142 ; 4.68478
3.80226 ; 3.09876 ; 5.44774 ; 3.14956
5.73823 ; 5.12233 ; -6.01605 ; 5.96063
4.27321 ; 3.45756 ; 6.17922 ; 5.98674
5.69876 ; 5.00948 ; -6.01218 ; 6.01116
5.02851 ; 4.16411 ; 6.36173 ; 6.32366
5.5241 ; 5.23178 ; 6.1166 ; -6.07881
4.17684 ; 2.62084 ; -3.04821 ; -0.437888
4.35664 ; 4.48431 ; 5.88096 ; -5.54821
6.37233 ; 4.98731 ; -6.22991 ; 5.96354
4.5306 ; 5.62505 ; 6.10111 ; -6.34832
6.1256 ; 4.79429 ; -6.19364 ; 6.14418
6.97623 ; 6.1529 ; -6.2443 ; -6.35734
3.33042 ; 4.79098 ; -2.64286 ; 5.79291
5.39641 ; 4.55495 ; 6.20363 ; 6.22221
4.74884 ; 5.5572 ; 6.20334 ; -6.31394
7.93351 ; 3.91888 ; -3.2182 ; 6.10943
5.40689 ; 4.54502 ; -5.81883 ; -5.69887
3.65353 ; 5.55569 ; 1.95106 ; -6.36587
6.81865 ; 3.64267 ; -6.41307 ; 5.93069
6.61549 ; 4.33624 ; -5.83473 ; 6.35914
4.31192 ; 4.00277 ; 6.02797 ; 6.48186
4.51384 ; 3.25597 ; 6.40599 ; -2.52412
8.00748 ; 3.85353 ; -2.69119 ; 6.168
3.41428 ; 3.17374 ; 0.25503 ; 5.77554
6.45196 ; 4.33127 ; -6.29957 ; 6.31961
3.21092 ; 2.66097 ; 2.12307 ; -1.1572
4.35235 ; 6.50261 ; 6.35829 ; -3.35025
5.92668 ; 5.14465 ; -6.11888 ; -6.08034
6.44146 ; 3.65219 ; -6.43977 ; 5.73123
7.23734 ; 3.66565 ; -6.02163 ; 5.28323
6.03244 ; 3.85731 ; -5.33752 ; 6.24439
5.93057 ; 6.75343 ; -5.87799 ; -5.36652
6.61246 ; 3.01598 ; -6.45405 ; -0.983086
6.49398 ; 5.29879 ; -6.20202 ; -6.17526
4.32562 ; 5.91152 ; 6.07629 ; -6.10782
4.94427 ; 4.37507 ; 6.3446 ; 6.35108
6.39394 ; 5.78844 ; -6.36767 ; -6.19828
7.82466 ; 3.22075 ; -1.47311 ; 5.78298
7.20717 ; 5.54234 ; -5.74516 ; -6.30602
7.45093 ; 5.72282 ; -3.79604 ; -3.113
7.7785 ; 3.35753 ; -4.61996 ; -3.83855
5.50392 ; 5.15067 ; 6.10906 ; -6.05867
4.74688 ; 5.36817 ; 6.15247 ; -6.24172
5.46952 ; 2.64549 ; 1.72387 ; 3.22058
6.30245 ; 3.72489 ; -5.81547 ; 5.44027
5.19443 ; 4.37377 ; -5.5504 ; 6.196
7.57784 ; 4.9319 ; 3.43797 ; 5.95794
5.83181 ; 5.0886 ; -6.0923 ; -6.03204
3.31612 ; 7.46391 ; 3.60168 ; -0.612702
4.14005 ; 5.74374 ; 5.62173 ; 4.80518
8.0215 ; 3.9491 ; 0.609489 ; 6.47108
6.12194 ; 5.82279 ; -6.27286 ; -6.17472
5.21061 ; 5.20347 ; 6.20175 ; -6.11948
6.6764 ; 4.47426 ; -6.19575 ; 6.32829
7.28248 ; 4.10075 ; 0.21753 ; 4.90031
7.40485 ; 6.86062 ; -5.98378 ; 0.665362
4.24658 ; 7.28846 ; 6.40235 ; -2.35034
5.13577 ; 4.71089 ; 6.24551 ; 6.22605
7.44713 ; 4.07678 ; -1.4764 ; -4.71738
5.23849 ; 6.73696 ; 6.30653 ; -5.05197
5.92549 ; 7.33084 ; -3.63293 ; -3.20925
6.83198 ; 7.25129 ; -6.55221 ; -2.75692
7.64488 ; 5.21002 ; -5.30057 ; -1.54161
3.43796 ; 6.92567 ; 1.92081 ; -5.41009
6.33466 ; 6.37223 ; -6.43336 ; -5.80054
6.51845 ; 3.39524 ; -5.77732 ; 5.71431
3.35073 ; 6.10057 ; -0.501518 ; -6.44478
6.98018 ; 6.4356 ; -6.35029 ; -6.05254
6.30122 ; 4.6045 ; -6.23973 ; 6.24622
5.21755 ; 3.07397 ; 6.27677 ; 4.68672
6.57095 ; 7.23 ; -5.89686 ; 3.28742
4.90983 ; 6.82677 ; 6.48941 ; -4.59081
6.87927 ; 5.58568 ; -5.91065 ; -6.36467
3.51211 ; 6.8509 ; 3.95564 ; -5.0668
8.03129 ; 7.43247 ; 1.84474 ; -2.27801
3.66136 ; 3.45351 ; -0.787516 ; -4.38759
3.47686 ; 7.43263 ; 4.1207 ; -2.37829
4.68048 ; 6.93903 ; 6.21016 ; 2.11357
6.00282 ; 6.11295 ; -5.77332 ; -5.86442
5.759 ; 5.0307 ; 5.98782 ; 6.00566
4.32279 ; 6.13953 ; 6.03524 ; 4.96066
4.19365 ; 4.92988 ; 5.68666 ; -5.75229
6.34646 ; 4.66217 ; -6.25141 ; 6.19872
5.9708 ; 7.57505 ; -5.99466 ; 0.82534
5.20936 ; 5.15783 ; 6.19489 ; -6.09719
6.06449 ; 6.12202 ; 5.72622 ; -6.054
7.81334 ; 4.3593 ; -2.82826 ; 5.70485
7.9804 ; 2.93954 ; -0.369446 ; 5.09595
5.07079 ; 5.75271 ; 6.33511 ; -6.26108
6.82694 ; 5.63671 ; -5.95198 ; -6.37267
6.43739 ; 5.68501 ; -6.29734 ; -6.32168
5.41237 ; 5.59846 ; -5.87385 ; -6.11762
6.74815 ; 3.33183 ; -6.46885 ; 5.28306
5.25553 ; 5.33169 ; -5.72653 ; -6.08415
7.7632 ; 6.64914 ; -4.31764 ; -6.07196
6.45609 ; 7.52774 ; -5.3775 ; 0.315794
5.88272 ; 4.07666 ; -6.0961 ; 6.17393
6.55826 ; 3.38451 ; -6.41808 ; -0.832325
3.65138 ; 5.98908 ; 1.26888 ; -6.47445
4.85655 ; 6.25384 ; 6.43941 ; -6.07372
5.27161 ; 5.54961 ; 6.14693 ; 5.67027
5.955 ; 5.03393 ; 5.87716 ; 5.97588
3.5788 ; 2.82437 ; 4.06586 ; 4.34189
7.21596 ; 2.5459 ; -4.91675 ; 1.84929
5.77094 ; 5.24273 ; 5.95856 ; 5.89594
7.58156 ; 3.99982 ; 2.99714 ; -1.05506
6.33877 ; 5.74845 ; -6.34753 ; -6.25587
6.06179 ; 6.23672 ; -6.23809 ; -5.79742
5.89216 ; 5.27474 ; 5.28741 ; 3.85901
7.36556 ; 3.2836 ; -5.42663 ; 5.4828
5.72647 ; 4.75678 ; -6.05331 ; 6.08019
4.96226 ; 3.32143 ; 6.50743 ; 5.25511
6.05964 ; 5.06795 ; -6.15312 ; -6.05717
4.16005 ; 6.17954 ; 6.13436 ; 2.35175
6.29414 ; 2.55833 ; -5.907 ; -0.814543
7.20798 ; 6.19646 ; -5.91368 ; -6.4054
7.32671 ; 5.9788 ; -4.98354 ; -6.4722
3.652 ; 5.48542 ; -2.77308 ; -2.49727
6.67771 ; 7.40557 ; 4.95491 ; 2.96185
4.52692 ; 5.45724 ; 5.83919 ; -6.29849
5.45097 ; 3.75575 ; -5.64564 ; -4.9722
7.65984 ; 5.98465 ; 3.93265 ; 4.99066
7.53815 ; 5.95666 ; 3.67868 ; -6.30174
5.84815 ; 5.06776 ; -6.09504 ; -6.03145
7.19774 ; 3.9728 ; -5.42321 ; 6.42026
7.83394 ; 3.09606 ; -3.3757 ; 2.38986
6.36526 ; 5.6156 ; -6.25627 ; -6.25659
4.24339 ; 3.06734 ; 2.56349 ; 4.92128
3.70989 ; 3.49349 ; 4.08979 ; 6.28739
5.49251 ; 5.35508 ; 6.14224 ; -6.13144
3.49783 ; 4.22579 ; 3.75419 ; 4.71072
3.88435 ; 7.51209 ; -0.182549 ; 0.622796
5.58171 ; 6.45975 ; 5.48911 ; -5.5236
5.00605 ; 5.45015 ; 6.18948 ; 5.7578
7.07768 ; 3.47677 ; -6.21513 ; 5.8716
6.06477 ; 4.51908 ; -6.22323 ; 6.21488
6.66394 ; 3.65888 ; -6.29366 ; 5.93188
3.74728 ; 5.86636 ; 4.8006 ; 0.328956
4.67124 ; 3.34864 ; 6.50456 ; 5.51492
5.25497 ; 6.09774 ; 6.15221 ; -6.16315
4.91622 ; 4.11313 ; 6.40095 ; 6.33913
7.04658 ; 4.30126 ; -5.71092 ; 6.42665
7.60836 ; 5.84539 ; 3.48288 ; -6.3169
7.47542 ; 6.38261 ; -3.72185 ; -5.67889
4.86677 ; 3.90329 ; 6.45886 ; 6.16131
6.81287 ; 3.50747 ; -6.42671 ; 5.77919
4.38099 ; 2.58944 ; 6.46213 ; -0.80815
3.60149 ; 3.41847 ; 3.27981 ; 6.21342
5.73422 ; 5.0301 ; -6.02732 ; 6.00114
6.43134 ; 5.99458 ; -6.25044 ; 4.91094
5.68231 ; 5.2972 ; 6.04438 ; -6.091
5.65671 ; 4.55078 ; 6.08934 ; 6.15927
4.97447 ; 5.79084 ; -5.5266 ; 5.4986
5.63135 ; 4.8955 ; 6.02652 ; -5.92952
4.59415 ; 2.61802 ; 6.22372 ; -2.18728
7.88914 ; 6.00169 ; -3.10009 ; -6.54067
5.70635 ; 5.0563 ; 6.01164 ; 6.00034
5.28872 ; 4.13228 ; 6.2915 ; 6.25407
5.99049 ; 4.65433 ; 5.81955 ; -5.76145
4.84401 ; 5.73224 ; 6.09794 ; -6.33239
4.32929 ; 4.98494 ; -4.62728 ; -5.7664
3.3265 ; 3.5805 ; 2.25471 ; -4.3588
6.1566 ; 4.93645 ; -6.15738 ; 6.09299
7.52221 ; 2.68657 ; -3.2163 ; 1.16883
7.48274 ; 4.82059 ; -4.63568 ; 6.19607
7.0579 ; 3.00914 ; -6.32779 ; 3.99694
4.22958 ; 5.28057 ; 4.28216 ; 5.74956
3.40564 ; 3.93056 ; 3.17913 ; 6.14627
4.74979 ; 4.72117 ; 6.19242 ; 6.2607
5.21077 ; 5.15455 ; 6.17829 ; -6.10181
5.53543 ; 4.83243 ; 6.11962 ; 6.12132
4.86833 ; 4.0045 ; 6.33114 ; 6.33734
5.40174 ; 4.65517 ; 6.19938 ; 6.20267
7.9682 ; 6.05886 ; -2.42823 ; -6.54083
5.63742 ; 4.91499 ; -5.99249 ; 6.03865
7.77798 ; 3.54805 ; -3.74871 ; 6.31641
6.74347 ; 6.31827 ; -6.45297 ; -5.70025
6.93854 ; 4.2191 ; -6.03528 ; 6.42262
7.82749 ; 4.17412 ; -1.71758 ; 6.49918
4.50971 ; 6.32471 ; 6.36944 ; -6.08311
6.85123 ; 4.29322 ; -6.25724 ; 5.94403
7.65599 ; 5.85898 ; -3.22947 ; -6.49696
3.38295 ; 7.55214 ; -2.01584 ; -2.53329
4.15756 ; 7.00188 ; 6.23312 ; 1.17967
3.86875 ; 7.21113 ; 5.68784 ; -3.10768
7.56613 ; 3.94081 ; -2.12947 ; 6.41211
3.91459 ; 7.1537 ; 5.89438 ; -1.6692
3.55854 ; 6.96375 ; 4.53244 ; -1.93773
5.6615 ; 5.13658 ; 6.04129 ; -6.03937
3.58632 ; 5.94334 ; 2.08593 ; -6.49727
3.90117 ; 6.19171 ; 0.446399 ; -6.40916
4.87725 ; 4.67901 ; 6.12461 ; 6.26711
5.37936 ; 5.30648 ; -5.81827 ; 5.83139
5.62196 ; 4.90424 ; 5.91619 ; -5.16968
6.14083 ; 5.29646 ; -6.2324 ; -6.13743
4.282 ; 7.42691 ; -4.07782 ; -2.61263
4.30883 ; 3.87735 ; -0.247213 ; 6.41298
4.65018 ; 5.71143 ; 6.23025 ; -6.26142
5.14888 ; 7.55691 ; -5.51654 ; -1.73701
5.28617 ; 5.60623 ; 6.2545 ; -6.21862
5.45276 ; 5.40726 ; -5.85114 ; 5.77771
3.77889 ; 3.98778 ; 4.06201 ; -3.32384
7.69512 ; 6.89951 ; -4.3384 ; -5.46335
3.91962 ; 6.51942 ; 1.25539 ; -6.22248
5.26613 ; 5.81284 ; 6.28599 ; -6.20371
7.51174 ; 6.72707 ; 2.6935 ; -5.10034
3.61592 ; 6.78895 ; -1.7198 ; -5.72106
4.99291 ; 6.15289 ; -5.49915 ; -5.7594
5.75843 ; 4.85668 ; 5.96665 ; -5.88657
3.49522 ; 3.13914 ; 4.4656 ; -1.07396
4.23602 ; 7.11248 ; 6.33424 ; -3.393
4.64185 ; 6.9433 ; 6.38832 ; 3.11795
7.30333 ; 5.73579 ; -5.07481 ; -6.44803
7.79813 ; 4.85259 ; -4.7388 ; -1.02161
6.38321 ; 4.59391 ; -6.25028 ; 6.2509
5.31091 ; 5.87449 ; 6.27571 ; -6.16192
5.92966 ; 5.41959 ; -6.17674 ; -6.15493
7.17394 ; 6.03793 ; -5.87649 ; -6.4539
7.09741 ; 5.78592 ; -5.15792 ; -6.43227
5.65516 ; 5.03622 ; -5.98851 ; 5.99345
6.02037 ; 5.51915 ; 5.79814 ; 5.708
5.46735 ; 3.59456 ; 6.06821 ; 5.90301
7.39032 ; 3.04506 ; -3.27348 ; 5.18177
3.25152 ; 3.06862 ; 0.582862 ; 5.14009
5.52366 ; 5.15446 ; 6.07009 ; -6.07121
5.93844 ; 5.06572 ; -6.09361 ; 6.00792
8.1206 ; 6.34756 ; 0.36784 ; -6.32518
4.22696 ; 6.10685 ; 5.88628 ; -6.41842
3.37785 ; 3.80922 ; -0.117039 ; 6.49889
4.45841 ; 2.71338 ; -2.74408 ; 2.22347
4.55807 ; 7.06281 ; 6.09633 ; 3.05242
5.23123 ; 2.9821 ; -4.41497 ; 4.49024
7.21022 ; 5.70471 ; -5.46554 ; -5.22693
6.1134 ; 5.45732 ; 5.74605 ; 5.74127
4.77106 ; 4.55598 ; 6.23245 ; 6.33146
4.47794 ; 4.03607 ; -4.84537 ; -5.08603
6.46151 ; 4.12477 ; -6.37612 ; 5.95174
3.77264 ; 3.53582 ; 4.78858 ; 5.09613
7.00382 ; 4.04394 ; -6.17022 ; 5.88082
7.8603 ; 6.35696 ; 2.88482 ; -6.13099
5.53127 ; 5.97766 ; 5.79555 ; 5.28853
4.46876 ; 7.10932 ; 6.19655 ; -2.20497
7.03723 ; 5.71863 ; -6.29496 ; -0.778997
7.45784 ; 3.57186 ; 3.35688 ; 6.15526
5.61296 ; 5.43116 ; -5.93038 ; 5.7676
5.43203 ; 5.30377 ; -5.84831 ; 5.83725
5.62778 ; 4.8436 ; 6.07567 ; 6.09981
6.26788 ; 5.88174 ; -6.04282 ; -6.31724
3.53907 ; 4.32668 ; 1.73337 ; 5.2007
5.78205 ; 5.15712 ; 5.96248 ; 5.94106
5.81901 ; 5.57948 ; -5.98876 ; -6.2223
7.86807 ; 3.24729 ; 2.90437 ; -4.12044
5.31484 ; 4.6941 ; -5.77863 ; -5.78298
4.96757 ; 5.83826 ; 6.23952 ; -6.20861
4.9494 ; 4.68439 ; 6.35931 ; 1.77246
5.40616 ; 2.4965 ; 3.32497 ; -0.186007
6.15446 ; 4.83556 ; -6.18074 ; 6.13981
5.41046 ; 7.37287 ; -5.07369 ; -2.79072
6.44384 ; 4.16971 ; -6.26667 ; 6.31464
5.54118 ; 4.9021 ; 6.06028 ; -5.94061
7.50534 ; 4.46288 ; -4.69161 ; 6.40791
6.07647 ; 6.45328 ; -6.32556 ; -5.16516
4.65076 ; 4.59622 ; 6.27358 ; -5.18769
5.79404 ; 4.27649 ; 4.31079 ; 6.32211
4.94122 ; 6.11056 ; -5.29389 ; -6.14488
8.28569 ; 5.78672 ; -1.35656 ; 2.13592
4.40542 ; 5.04143 ; 6.21767 ; -4.60776
4.11274 ; 3.21182 ; 4.12169 ; 5.20547
5.03477 ; 3.26414 ; -3.94824 ; -3.81237
6.42329 ; 6.47128 ; -6.15833 ; 4.78867
6.22192 ; 7.6411 ; 5.3262 ; 0.22501
7.67412 ; 6.57461 ; -4.75053 ; -6.15295
7.87869 ; 3.25544 ; 3.32206 ; -3.57718
5.59584 ; 4.84371 ; -5.95085 ; -5.89182
5.67717 ; 5.09938 ; 6.03127 ; -6.01963
4.98761 ; 6.09768 ; 6.39699 ; -6.16638
5.73301 ; 5.25888 ; -6.00136 ; 5.8773
3.49603 ; 5.13863 ; 3.58502 ; 5.81788
6.8738 ; 7.46855 ; 4.79041 ; -1.56792
4.10069 ; 5.0673 ; 5.42951 ; -5.75901
4.63601 ; 5.08154 ; 6.37388 ; 3.22152
3.84852 ; 3.37111 ; 5.05694 ; -4.09551
5.22292 ; 5.40671 ; 6.24888 ; -6.15821
6.15052 ; 4.21631 ; -6.23669 ; 6.25088
5.1759 ; 4.77438 ; 6.23119 ; 6.19187
7.15745 ; 6.68475 ; 4.56491 ; -5.44478
3.80079 ; 6.82344 ; 5.59186 ; 0.946397
7.28246 ; 6.09749 ; 1.68822 ; -6.21862
8.18638 ; 6.1587 ; -0.826611 ; 4.52653
4.18489 ; 2.86566 ; 6.20163 ; -2.5827
5.93764 ; 4.8146 ; -6.13514 ; 6.12074
5.44961 ; 4.68307 ; 6.17839 ; 6.17921
7.94776 ; 7.04574 ; -2.84966 ; -4.56252
7.02346 ; 4.67844 ; -5.76289 ; 6.24521
6.38809 ; 4.46631 ; -6.2715 ; 6.28503
3.75661 ; 6.65123 ; 2.7167 ; -6.05797
6.09414 ; 2.97819 ; -6.22604 ; 3.09159
7.38212 ; 2.80776 ; -6.08526 ; 0.781571
3.57538 ; 6.21286 ; -2.47094 ; -6.32741
5.25009 ; 4.80458 ; 6.21471 ; 6.1728
5.4256 ; 5.08292 ; 6.12631 ; 6.01108
6.99743 ; 5.50933 ; -5.84578 ; -6.34903
5.92782 ; 4.77732 ; 5.8645 ; -5.83711
5.53726 ; 4.82295 ; -5.91494 ; -5.87636
5.25277 ; 2.37079 ; -5.04183 ; 0.347243
3.27448 ; 2.54624 ; 3.20559 ; 1.46428
4.91361 ; 7.4297 ; 6.4516 ; -0.825766
7.81621 ; 5.87074 ; -3.41543 ; -6.50356
6.44397 ; 4.33065 ; -6.30396 ; 6.30476
5.95854 ; 6.20871 ; -5.95656 ; -6.12049
6.31082 ; 4.54527 ; -6.2284 ; 6.26388
6.97652 ; 2.67176 ; -5.70153 ; -1.66192
7.70336 ; 5.10157 ; -3.53613 ; 4.19378
3.196 ; 2.58455 ; 2.78011 ; -0.260541
4.41915 ; 6.94338 ; 6.48316 ; -4.39987
6.75995 ; 4.05362 ; -6.3151 ; 6.29913
4.82818 ; 5.89671 ; 6.32345 ; -6.2914
6.8544 ; 5.67823 ; -6.04036 ; 5.48435
5.2493 ; 3.84611 ; 6.35566 ; 5.91967
5.29989 ; 4.51755 ; 6.25428 ; 6.24959
4.24943 ; 6.60475 ; 6.22204 ; -5.17192
5.35129 ; 4.27429 ; 5.98975 ; 6.31695
5.01266 ; 5.37063 ; 6.29075 ; -6.09868
5.79525 ; 4.95022 ; 5.97705 ; 6.03134
7.68271 ; 6.02287 ; 3.36087 ; -6.32161
4.08283 ; 2.43054 ; -2.97453 ; -1.09686
7.3259 ; 7.57459 ; -0.891522 ; -1.53403
3.65351 ; 4.34371 ; 3.93281 ; 6.49364
4.62305 ; 6.79099 ; 6.47138 ; -4.88212
5.53988 ; 5.10728 ; -5.92405 ; 5.94833
4.19981 ; 4.79097 ; 5.4525 ; 6.08401
3.43273 ; 7.40977 ; 3.58478 ; 0.352922
4.5844 ; 5.52803 ; 6.11713 ; -6.30946
4.80973 ; 3.8734 ; 6.03418 ; -5.05274
4.66074 ; 3.03044 ; 6.58261 ; 3.81102
4.88708 ; 6.56438 ; 6.16305 ; 4.43377
4.15099 ; 3.95502 ; 5.5411 ; 6.38613
6.39763 ; 5.8608 ; -6.38008 ; -6.27379
6.09157 ; 4.52998 ; -6.23029 ; 6.21107
6.16732 ; 5.60408 ; -6.28355 ; -6.24682
7.66466 ; 5.89459 ; 3.3367 ; -6.33124
4.82307 ; 3.38041 ; -5.05547 ; 5.30853
6.31312 ; 6.20299 ; -6.41014 ; -6.04637
4.92262 ; 5.29982 ; 6.20625 ; -6.19477
7.43171 ; 3.93596 ; -5.02254 ; 6.48831
3.41968 ; 5.89375 ; 2.32739 ; -6.49217
3.93318 ; 3.55349 ; 5.20377 ; 6.02742
6.73442 ; 5.8885 ; -6.34199 ; -6.34692
8.04144 ; 2.50933 ; -0.255397 ; -0.522349
8.02264 ; 5.63144 ; -3.19608 ; 5.21257
5.22087 ; 4.93175 ; -5.60694 ; -5.67894
5.1552 ; 5.50496 ; -5.58582 ; -6.14656
5.48346 ; 4.53457 ; 6.18074 ; 6.20713
4.9052 ; 5.15405 ; 6.26037 ; -5.97844
7.59228 ; 7.04906 ; -5.26152 ; -4.76386
4.38171 ; 4.22448 ; 6.32662 ; -1.57977
3.59135 ; 5.05522 ; 3.74952 ; -5.99722
4.73541 ; 3.10177 ; 6.57806 ; 4.45879
6.57472 ; 3.93957 ; -6.39891 ; 6.23444
5.61617 ; 5.21452 ; 6.06833 ; -6.07406
4.02862 ; 3.18611 ; 5.92584 ; 5.01386
4.85499 ; 5.58248 ; 6.35277 ; -5.83309
4.18153 ; 4.50197 ; -1.32067 ; 6.12293
5.12996 ; 7.63575 ; -5.25573 ; -0.234553
4.68314 ; 4.17614 ; 5.02936 ; 6.42799
5.6756 ; 4.53624 ; -6.01303 ; 6.15718
7.44927 ; 3.21916 ; -5.65444 ; 5.47833
5.86316 ; 5.10765 ; -5.85028 ; -4.27267
6.91202 ; 5.89096 ; -6.22285 ; -6.39122
6.96371 ; 7.41382 ; -6.45005 ; 1.0318
5.67478 ; 5.0885 ; -5.99144 ; 5.97254
5.23024 ; 4.57753 ; 6.2517 ; 6.25608
7.46305 ; 4.40973 ; -5.41557 ; 5.30543
4.57585 ; 4.81002 ; 6.38463 ; 1.98837
5.94894 ; 2.61085 ; 5.26533 ; -1.66979
6.52676 ; 2.88622 ; -6.43138 ; 2.17393
7.26027 ; 7.10438 ; -4.4468 ; -4.41774
6.1551 ; 4.32812 ; -6.2802 ; 6.10135
4.4459 ; 3.43822 ; 6.38709 ; 5.83437
3.90641 ; 5.70397 ; 3.0947 ; -6.41675
4.45602 ; 3.32222 ; 6.47043 ; 5.03722
7.30511 ; 5.35253 ; -5.42119 ; -6.25962
6.13577 ; 4.90657 ; -6.17503 ; -5.93856
4.5146 ; 3.8385 ; 5.74074 ; -4.98412
4.41473 ; 3.6302 ; 5.9868 ; -4.71206
7.74211 ; 4.99173 ; -1.72177 ; -5.81149
6.09144 ; 4.39021 ; -6.24979 ; 6.19512
3.94719 ; 7.44979 ; 5.96643 ; 0.3322
7.56078 ; 6.5131 ; -4.13105 ; -6.24443
4.3794 ; 5.57496 ; 5.92755 ; -6.32754
5.83153 ; 4.7265 ; -6.10188 ; 6.12982
6.5742 ; 4.70183 ; -6.25228 ; -5.62179
3.26658 ; 6.13478 ; 2.58417 ; 4.95559
4.20878 ; 2.97337 ; 6.29759 ; -1.42176
4.15664 ; 5.98037 ; 4.4991 ; 4.83614
6.56036 ; 5.87959 ; -6.38422 ; -6.30759
3.38892 ; 7.51079 ; 3.77182 ; 0.433702
4.95014 ; 5.91876 ; 5.42199 ; -6.25016
5.8362 ; 4.72007 ; -6.08998 ; 6.1169
5.03694 ; 4.16923 ; 6.37807 ; 6.30098
7.13398 ; 5.88356 ; -5.84713 ; -6.40156
6.09044 ; 5.52809 ; -6.25162 ; -6.22102
8.09916 ; 2.78131 ; -2.8436 ; 3.31581
6.89086 ; 3.90408 ; 3.96932 ; 6.15865
5.14705 ; 6.26022 ; 6.04206 ; 0.535902
4.86212 ; 3.78707 ; 6.45726 ; 6.117
6.83183 ; 5.33815 ; -5.94135 ; -6.2586
5.86744 ; 3.21252 ; -1.13659 ; 5.63316
6.63099 ; 5.50982 ; -6.22729 ; -6.31391
5.77738 ; 5.35228 ; 5.98269 ; -6.09613
3.77498 ; 7.28182 ; -3.73294 ; -1.4948
3.37821 ; 4.19669 ; 1.82651 ; 6.53913
5.85863 ; 4.87471 ; -6.09797 ; 6.08543
6.40531 ; 4.41233 ; -6.28715 ; 6.30267
4.85461 ; 4.72205 ; 6.25838 ; 6.22762
7.33892 ; 4.32656 ; -5.62629 ; 6.00709
8.04744 ; 6.2704 ; -3.65686 ; -1.26352
4.84826 ; 6.01501 ; -2.66864 ; -6.3335
3.86441 ; 5.9402 ; 2.54045 ; 3.33836
6.30719 ; 6.34308 ; 1.12313 ; -6.23582
5.6048 ; 4.56535 ; -5.99211 ; 6.12314
7.19677 ; 5.46964 ; -5.53002 ; -6.34781
5.65204 ; 5.27248 ; -5.95762 ; 5.87279
6.15206 ; 5.01555 ; -6.15743 ; -6.03709
7.54366 ; 4.71463 ; -4.54334 ; 6.12269
8.31192 ; 6.42765 ; -1.49855 ; 3.08321
6.58922 ; 3.78396 ; -6.41466 ; 1.2842
6.5679 ; 7.03618 ; 4.72735 ; -4.73113
5.31426 ; 5.35953 ; -5.77346 ; 5.79768
5.1996 ; 3.06238 ; 6.38412 ; 4.49607
6.34557 ; 5.59793 ; -6.27727 ; -6.28708
6.15062 ; 5.22229 ; -6.20723 ; -6.14104
5.35007 ; 5.1779 ; 6.16647 ; -6.09693
4.39843 ; 2.657 ; 6.38077 ; -0.888055
3.73049 ; 5.67142 ; -3.1696 ; -6.2937
6.71608 ; 6.17479 ; -6.43474 ; -5.75921
4.42778 ; 3.14258 ; 6.50515 ; 4.67523
6.88077 ; 7.06187 ; -6.44956 ; 0.855952
6.06408 ; 6.17201 ; -6.29431 ; -6.02304
7.78831 ; 5.64856 ; 2.7916 ; -6.31815
5.53541 ; 2.57371 ; 1.00786 ; -2.23216
6.52079 ; 5.02194 ; -6.24212 ; -5.96611
7.052 ; 2.93893 ; -6.43639 ; 1.83877
7.90227 ; 6.61319 ; -1.25897 ; 2.39684
6.89371 ; 4.64093 ; -6.31976 ; 3.38038
5.83812 ; 5.4635 ; -6.13795 ; -6.1577
5.41945 ; 5.06514 ; 6.12635 ; -6.03636
4.21409 ; 6.45226 ; 6.237 ; 0.375126
3.42554 ; 3.5435 ; 1.00537 ; 6.37295
4.46715 ; 3.58068 ; -4.83368 ; 5.88416
5.42069 ; 5.56231 ; 6.19836 ; -6.13197
4.19737 ; 6.46598 ; 5.69528 ; -6.07092
4.19038 ; 6.32931 ; 6.1296 ; -3.65502
5.2379 ; 4.67397 ; 6.23173 ; 6.22581
6.02263 ; 4.30229 ; -3.73224 ; 6.20554
5.37404 ; 4.72419 ; -5.81765 ; -5.80403
4.15676 ; 3.8628 ; 5.90325 ; 6.44499
6.53347 ; 4.07992 ; -5.21267 ; -1.44714
5.86265 ; 5.16264 ; -6.11533 ; -6.06713
5.52581 ; 5.72203 ; 6.16058 ; -6.07693
3.83089 ; 3.77383 ; 5.11288 ; 6.40538
4.87862 ; 4.76351 ; 6.20425 ; -5.75974
3.89411 ; 5.23643 ; 2.07201 ; 5.25306
5.0961 ; 5.39054 ; 6.18005 ; -6.21567
6.49413 ; 4.31133 ; -6.21867 ; 6.3297
4.40975 ; 5.0223 ; 6.17451 ; 4.52291
5.78418 ; 5.08675 ; 5.96875 ; 5.97639
4.2426 ; 5.34018 ; 5.69027 ; -6.22619
4.51465 ; 4.67558 ; 6.11218 ; 6.26008
5.92803 ; 5.10665 ; -6.08334 ; 5.98491
8.13926 ; 2.86195 ; 0.994953 ; 3.43178
7.09903 ; 4.03603 ; -5.96842 ; -5.03909
3.3993 ; 7.05209 ; -1.17723 ; -0.934993
4.34266 ; 3.09339 ; 6.46168 ; 4.51178
7.69748 ; 5.95846 ; 3.89469 ; 4.53507
3.25052 ; 3.98912 ; 0.036938 ; 6.4607
3.93003 ; 3.66573 ; -4.20627 ; 4.97686
5.04928 ; 5.80526 ; 5.7745 ; 5.25997
6.85687 ; 6.45203 ; -6.37389 ; 2.1028
4.85929 ; 6.34864 ; 6.24902 ; -6.04341
4.59558 ; 6.69406 ; 6.43257 ; 1.57829
4.72578 ; 3.15503 ; 3.81606 ; 4.98631
7.67327 ; 6.5891 ; -3.90582 ; -6.1398
4.51841 ; 3.34671 ; 4.15652 ; 5.88137
5.92145 ; 5.22436 ; -6.1462 ; -6.11008
3.90095 ; 3.14852 ; 3.78877 ; 5.50403
5.54183 ; 6.61413 ; 5.22684 ; -5.17994
6.89072 ; 6.06965 ; -4.92368 ; -5.75674
7.52386 ; 6.0197 ; -5.07725 ; -6.45694
5.45451 ; 5.72184 ; 6.19708 ; -6.10689
3.4689 ; 3.89409 ; 1.76535 ; 6.42535
3.54248 ; 6.25993 ; 3.80117 ; -6.08582
3.94387 ; 3.2717 ; 5.59112 ; 5.76395
6.69648 ; 5.89682 ; -5.43269 ; -6.3935
3.68367 ; 5.33695 ; 4.93444 ; 4.53032
7.2017 ; 6.02793 ; 4.1169 ; -6.0799
7.83752 ; 3.724 ; -2.38 ; 6.16552
7.01294 ; 3.48105 ; -5.01543 ; 5.3428
5.46166 ; 5.08373 ; -5.8823 ; 5.94991
3.83417 ; 6.37578 ; 5.19476 ; -4.83162
4.14405 ; 6.36417 ; 5.91734 ; -6.21255
6.24253 ; 4.17175 ; -6.32723 ; 6.19709
8.26441 ; 6.76904 ; -0.215872 ; -4.38539
5.9194 ; 3.99175 ; 4.33061 ; 6.11728
7.8857 ; 3.07309 ; -3.81454 ; -1.67866
3.64987 ; 4.5573 ; 4.51128 ; 5.35465
3.83397 ; 4.09276 ; 5.5584 ; 0.914243
6.71475 ; 5.69323 ; -6.24007 ; -6.26325
7.27903 ; 3.66813 ; -5.66591 ; 6.27193
6.62986 ; 5.89606 ; -6.04814 ; 5.39045
4.87504 ; 5.72334 ; 5.87601 ; 5.53983
5.68234 ; 4.97802 ; -6.0016 ; 6.02454
5.55513 ; 5.02418 ; -5.93749 ; 5.98743
5.62748 ; 5.35576 ; 6.0767 ; -6.11077
5.31308 ; 5.17801 ; 6.18256 ; -6.09077
6.39017 ; 5.03929 ; -6.23232 ; -6.01082
6.01289 ; 6.48414 ; -6.17001 ; -5.14262
6.64658 ; 4.14069 ; 5.17117 ; 6.20924
6.60605 ; 7.52276 ; 4.73792 ; -2.24969
8.02104 ; 6.01422 ; -1.9174 ; -6.5035
6.47973 ; 3.64183 ; -5.55592 ; 6.1092
6.06238 ; 4.62019 ; 5.77421 ; -5.73608
3.69498 ; 3.80415 ; 3.47818 ; 6.52433
8.32077 ; 7.15837 ; -0.683453 ; 2.61756
7.95122 ; 2.94624 ; -4.26894 ; -2.59693
7.01522 ; 6.4204 ; -6.29843 ; -5.99959
6.63427 ; 5.0931 ; -6.14007 ; 5.97517
5.77734 ; 3.90516 ; 5.57939 ; 6.22514
6.40456 ; 5.70952 ; -6.27752 ; -6.31226
5.11365 ; 4.04697 ; 6.18589 ; -5.21141
4.85111 ; 4.2727 ; 6.2935 ; -4.96377
5.5821 ; 4.87723 ; -5.9654 ; 6.04682
5.41933 ; 5.44357 ; 6.1782 ; -6.17171
8.00867 ; 7.28701 ; -1.07745 ; -4.04674
6.22484 ; 4.18502 ; 5.63303 ; 6.1846
7.85742 ; 4.42879 ; -0.131307 ; 6.3899
6.15075 ; 6.03197 ; -6.32916 ; -6.14846
6.9578 ; 6.51382 ; -6.13015 ; 3.55333
7.09321 ; 6.73348 ; -6.35223 ; -5.34868
5.35159 ; 6.88294 ; 0.179753 ; -5.43703
4.08051 ; 2.95409 ; 6.09731 ; 4.45303
3.16521 ; 4.76701 ; -2.10871 ; -5.34804
7.65025 ; 6.30332 ; -4.67354 ; -6.4323
6.21678 ; 4.632 ; -5.91559 ; -5.73966
5.90182 ; 5.17462 ; 5.89588 ; 5.91857
4.10162 ; 4.98668 ; 5.80281 ; -4.90127
5.51336 ; 5.16385 ; 6.05979 ; -6.07696
5.96083 ; 4.48016 ; -6.18942 ; 6.16325
7.60897 ; 5.93103 ; -4.46189 ; -6.51285
5.46178 ; 5.25879 ; 6.14495 ; -6.10752
7.83279 ; 5.10653 ; -1.86641 ; -5.96728
7.3224 ; 4.08913 ; -5.04631 ; 6.46974
7.08108 ; 3.53431 ; -5.9687 ; 6.01582
4.26905 ; 3.97384 ; 5.87227 ; -5.05229
3.28477 ; 6.57903 ; -0.495942 ; -6.15043
4.55016 ; 3.85796 ; 6.29697 ; 6.36526
7.29181 ; 4.06702 ; -1.44793 ; -5.058
6.05675 ; 4.72716 ; 5.78207 ; -5.79985
7.25808 ; 2.59505 ; 2.13467 ; 2.47495
5.4374 ; 4.79684 ; -5.85839 ; -5.85208
5.21217 ; 4.56611 ; -5.70607 ; -5.6974
5.0741 ; 4.84248 ; 6.23908 ; 6.16817
6.49336 ; 5.63497 ; -6.26774 ; -6.32254
5.58093 ; 5.62904 ; 6.01032 ; -6.21041
7.9192 ; 2.92528 ; -3.74588 ; -2.69977
6.22604 ; 3.74458 ; 5.54735 ; 6.03444
7.1769 ; 3.4834 ; -6.10148 ; 5.92097
4.62241 ; 3.76752 ; 6.45739 ; 6.09745
4.38545 ; 6.73166 ; 5.62403 ; -5.24596
6.35125 ; 3.68247 ; -6.33032 ; 5.50513
8.14799 ; 6.245 ; -3.01698 ; 3.44891
6.28838 ; 5.64967 ; -6.26861 ; -6.29225
5.49014 ; 4.59971 ; 6.16928 ; 6.19468
3.55957 ; 7.30229 ; 4.68588 ; -0.460871
5.63909 ; 5.1221 ; -6.00331 ; -6.02688
6.36907 ; 6.03674 ; -6.16538 ; 5.21361
6.04626 ; 3.28436 ; -4.18425 ; 5.63369
3.67081 ; 6.2676 ; -0.386957 ; -3.66096
6.76906 ; 7.03105 ; -6.48015 ; -4.33537
6.19604 ; 4.47424 ; -6.23626 ; 6.25719
5.22386 ; 2.50995 ; 5.97651 ; -1.77622
6.09423 ; 5.61409 ; -6.26683 ; -6.19633
6.35493 ; 3.97758 ; -5.83091 ; 6.29927
7.67304 ; 6.48531 ; -5.29152 ; -0.785637
4.30053 ; 2.65691 ; 6.41913 ; 2.34155
5.87383 ; 4.93512 ; 5.90933 ; -5.92539
5.44983 ; 5.31607 ; 6.15687 ; -6.12202
5.95686 ; 5.33027 ; 5.85069 ; 5.82985
5.05988 ; 4.30595 ; 6.34422 ; 6.31616
8.0077 ; 3.46741 ; -3.95555 ; -2.98833
6.83294 ; 7.06677 ; -6.31476 ; -0.749885
7.35018 ; 5.03993 ; -3.29232 ; -4.97244
4.60866 ; 7.20316 ; 6.51323 ; -1.43705
4.66209 ; 3.66572 ; 6.48692 ; 5.88133
5.48395 ; 5.01018 ; 6.10698 ; -5.9858
5.4375 ; 5.2227 ; -5.85607 ; 5.88091
5.27595 ; 3.03422 ; -1.41987 ; 5.12522
5.01983 ; 4.13951 ; 6.36174 ; 6.25495
5.29373 ; 4.0013 ; 5.70194 ; 6.31102
3.10815 ; 4.2265 ; -0.597847 ; -5.07632
3.49521 ; 3.335 ; 0.871257 ; 6.08016
7.45991 ; 6.29962 ; 0.401583 ; 4.79195
7.10365 ; 2.80852 ; -5.95697 ; -2.30622
3.74671 ; 4.0277 ; 1.12297 ; 6.50899
5.66647 ; 5.78121 ; 5.94698 ; -6.21215
8.12669 ; 6.08124 ; 0.965963 ; -6.46887
3.34949 ; 6.94679 ; 2.9275 ; -4.91464
5.40083 ; 5.38875 ; -5.82416 ; 5.78617
5.05292 ; 3.72289 ; 6.09685 ; -3.39223
6.03038 ; 2.54375 ; 5.57011 ; 2.03541
4.28403 ; 3.73318 ; 6.17123 ; 6.33183
5.67039 ; 4.99041 ; -6.00237 ; -5.97654
5.11833 ; 5.64229 ; 6.24096 ; -6.1623
3.83719 ; 6.81131 ; -3.74672 ; -5.23758
4.31622 ; 6.13936 ; 6.07498 ; -6.37985
6.82244 ; 6.53624 ; -6.03049 ; -5.75859
4.34391 ; 4.20302 ; -3.74138 ; 6.32381
8.01847 ; 2.96485 ; -3.90264 ; 0.351766
8.03688 ; 7.48521 ; -2.76425 ; 1.46631
5.63541 ; 5.56258 ; -5.92695 ; 5.68412
7.84162 ; 2.90358 ; -1.11293 ; 4.14077
6.20182 ; 3.7235 ; -6.35335 ; 5.30036
5.99424 ; 4.9246 ; -6.122 ; -5.97001
8.01369 ; 7.4653 ; -3.15069 ; -2.2186
7.59721 ; 3.14438 ; -5.24378 ; -3.3047
5.17519 ; 5.83376 ; 6.1079 ; -6.28776
7.54377 ; 7.09936 ; -5.65782 ; 2.33356
7.48515 ; 4.21776 ; -5.69137 ; -1.30504
5.57794 ; 4.80657 ; 6.10127 ; 6.12407
4.25634 ; 3.38266 ; 6.30295 ; -0.569887
5.35981 ; 3.21551 ; 6.24344 ; 4.7588
7.20761 ; 5.74572 ; -5.71013 ; -6.41681
5.02776 ; 4.72375 ; 6.15955 ; -5.83138
5.88077 ; 7.33582 ; -5.8573 ; -0.613505
6.50412 ; 3.66032 ; -6.30963 ; 5.94721
6.2984 ; 7.05136 ; -0.760063 ; -2.95443
8.04074 ; 6.7952 ; -3.40156 ; -3.67588
4.60656 ; 5.66573 ; 6.16467 ; -6.35932
4.71672 ; 4.36153 ; 6.27126 ; 6.3331
4.72506 ; 6.4268 ; 1.65636 ; -6.22475
6.86417 ; 5.28942 ; -5.72531 ; -6.23236
3.60151 ; 5.11235 ; -1.22318 ; 5.92685
4.24176 ; 6.06186 ; -4.51995 ; -6.20264
7.57435 ; 3.07173 ; -5.4218 ; 4.69457
5.49882 ; 5.60378 ; 6.1619 ; -6.1673
7.28001 ; 3.85279 ; -5.7069 ; 6.37447
5.32997 ; 4.5379 ; -5.77983 ; 5.86072
5.96489 ; 4.24155 ; -6.21063 ; 6.17431
5.2171 ; 5.53221 ; 5.93566 ; 5.68557
7.95063 ; 5.72921 ; 3.02902 ; -6.0485
5.30499 ; 5.04548 ; 6.13952 ; -6.03822
5.50288 ; 5.26436 ; -5.88997 ; 5.86489
5.61361 ; 4.90764 ; 6.03578 ; -5.93531
6.7724 ; 7.49507 ; -3.62575 ; 0.426112
8.28191 ; 3.92842 ; 1.38188 ; -4.29544
4.89013 ; 7.39971 ; 6.48485 ; 0.357908
5.09289 ; 4.49635 ; 6.32179 ; 6.21286
5.96835 ; 4.52866 ; -6.18491 ; 6.19302
7.41679 ; 6.92275 ; 3.32334 ; -5.19958
7.13529 ; 3.38067 ; 4.59623 ; 4.89658
5.82584 ; 4.82226 ; -6.0898 ; 6.10265
5.52206 ; 5.2967 ; -5.89522 ; 5.84894
6.68016 ; 4.70231 ; -6.02394 ; 6.24919
6.45701 ; 5.48419 ; -6.21629 ; -6.28152
5.13621 ; 6.59081 ; 5.13375 ; -5.85364
3.86482 ; 3.66695 ; 5.57017 ; 4.41666
6.48173 ; 6.89463 ; -6.51847 ; -4.48245
3.50903 ; 5.82075 ; -3.17284 ; 1.05754
4.95534 ; 5.51005 ; -5.36465 ; -6.15351
6.62052 ; 7.3824 ; -6.49189 ; 0.912594
5.85695 ; 5.22659 ; -6.1211 ; -6.10003
5.15073 ; 5.95418 ; 6.34555 ; -6.12339
3.84952 ; 6.58736 ; 5.21974 ; -6.03151
4.62105 ; 6.04964 ; 6.32141 ; -6.15822
5.08242 ; 3.79934 ; 6.42991 ; 6.03358
6.61538 ; 4.90853 ; -6.24652 ; -5.8145
8.34154 ; 2.6041 ; -0.0941249 ; -0.763117
3.39237 ; 5.78765 ; -1.14219 ; -6.41218
5.49984 ; 4.08744 ; 6.20985 ; 6.05138
7.64522 ; 3.85977 ; -4.08583 ; 6.49598
4.25868 ; 2.82934 ; 6.3829 ; 0.253635
5.64073 ; 5.12903 ; 6.04371 ; -6.04109
6.56049 ; 5.97138 ; -6.11585 ; 5.31197
5.00172 ; 5.20425 ; 6.19691 ; 5.93481
4.88935 ; 6.67686 ; 6.39987 ; -5.13066
5.07627 ; 5.31045 ; -5.22804 ; -2.83483
4.41515 ; 6.31307 ; 6.20763 ; -4.98953
5.11232 ; 5.41691 ; 6.24184 ; -6.2167
4.44305 ; 4.16216 ; 6.27879 ; 5.52725
5.79707 ; 7.65076 ; 5.07914 ; 0.426812
5.83568 ; 4.7492 ; -6.10514 ; 6.12381
6.54061 ; 6.13597 ; -6.43885 ; -6.19434
4.03705 ; 6.14686 ; 3.83559 ; -6.24246
5.20419 ; 5.15255 ; -5.71631 ; -6.00093
5.97807 ; 6.55551 ; 5.81891 ; -5.53235
7.55006 ; 3.95151 ; 3.8809 ; 6.26549
4.37868 ; 6.57219 ; 6.39123 ; -0.475513
4.13759 ; 7.13774 ; -3.8887 ; -4.58417
4.8175 ; 6.35218 ; 6.46198 ; -5.18532
5.81724 ; 3.22942 ; 5.86046 ; -3.11851
3.5588 ; 2.60077 ; 4.77653 ; -0.925666
4.21533 ; 5.7096 ; 5.72655 ; -6.31922
3.52588 ; 3.64656 ; 4.26657 ; -2.35915
3.86374 ; 4.04436 ; -2.77295 ; 6.38811
5.42857 ; 5.34998 ; -5.83896 ; 5.81195
4.66649 ; 6.83278 ; 5.43348 ; -5.32931
5.26527 ; 4.46445 ; -5.68443 ; 5.17781
6.32173 ; 5.39045 ; -6.26133 ; -6.23136
5.23048 ; 3.17352 ; 6.35221 ; 4.9181
6.13437 ; 4.34944 ; -6.27055 ; 6.16427
4.81773 ; 6.10496 ; 5.22287 ; 3.45451
3.44802 ; 3.53395 ; 2.06918 ; 6.37485
6.39364 ; 5.17814 ; -6.27332 ; -6.02334
6.44682 ; 6.91523 ; -6.50173 ; -4.58552
5.61021 ; 5.69405 ; -6.00627 ; -6.13479
7.57369 ; 3.79148 ; 3.69372 ; -4.68837
7.68378 ; 2.74009 ; -5.2056 ; 1.25686
6.14578 ; 5.42511 ; -6.21849 ; -6.21465
5.87941 ; 4.96363 ; 5.90359 ; -5.94014
6.03944 ; 2.71957 ; 0.932544 ; 3.84209
4.62675 ; 3.73179 ; 6.40929 ; 6.22162
6.18939 ; 4.74248 ; -6.19864 ; 6.18168
5.88229 ; 5.30078 ; 5.89497 ; 5.85355
8.00634 ; 2.59344 ; -3.47587 ; 2.29226
7.02138 ; 5.66972 ; -5.29062 ; -6.39768
4.84853 ; 7.48477 ; 6.43242 ; -0.580011
5.91118 ; 6.48204 ; 5.48855 ; -5.83106
5.26712 ; 3.22539 ; -2.35469 ; 5.56823
6.86707 ; 4.40505 ; -6.1277 ; 6.24747
4.82388 ; 6.60952 ; 6.49845 ; -5.02269
8.18481 ; 4.36681 ; -0.422757 ; 6.23695
8.08131 ; 5.68496 ; -2.14306 ; -6.36414
4.67602 ; 5.81012 ; 6.18748 ; -6.37036
7.18351 ; 6.79205 ; 2.0801 ; -1.86518
3.27596 ; 7.52708 ; -2.1066 ; 0.494851
6.63151 ; 4.03298 ; -6.19334 ; -5.15445
7.09139 ; 3.54969 ; -6.05592 ; 6.03209
6.87962 ; 3.60003 ; -6.06524 ; 6.0107
3.93755 ; 5.42225 ; 5.59152 ; -4.71698
7.89277 ; 4.72273 ; 3.4216 ; 6.01549
4.64115 ; 7.08007 ; 2.8401 ; -4.63127
6.03204 ; 4.71021 ; -6.18194 ; 6.16337
7.7759 ; 2.53959 ; -4.86686 ; -0.638431
5.96527 ; 7.29747 ; 4.84032 ; -3.54618
5.31549 ; 5.73003 ; 6.26075 ; -6.13927
5.07293 ; 7.06916 ; 6.21318 ; -4.12193
4.03592 ; 6.0713 ; 5.43455 ; -6.3855
6.89682 ; 6.33917 ; -6.4093 ; -5.13541
4.03937 ; 6.32965 ; 5.51583 ; -6.28837
7.90587 ; 3.6403 ; -3.22668 ; 6.32707
5.49853 ; 3.34266 ; -4.85686 ; 5.63706
6.47348 ; 4.49202 ; -6.25611 ; 6.30024
3.73572 ; 4.34547 ; 4.06994 ; 6.40291
6.94035 ; 4.63784 ; 4.92118 ; -5.49098
7.29852 ; 4.37983 ; -4.10169 ; -4.99856
4.22626 ; 2.88526 ; 6.34719 ; 4.02481
6.07278 ; 4.16659 ; -6.26543 ; 5.93497
4.58607 ; 4.39774 ; 6.22973 ; 6.38517
6.83675 ; 5.9057 ; -6.14785 ; -3.67669
6.31622 ; 6.81278 ; -2.69546 ; -5.39953
5.0403 ; 6.44153 ; 6.43497 ; -5.57635
6.25658 ; 4.48768 ; -6.07953 ; 6.27791
6.29992 ; 5.57984 ; -6.31093 ; -6.26199
5.29354 ; 6.54227 ; 6.23909 ; -5.29685
8.18146 ; 7.2945 ; 1.2463 ; 0.0621058
7.44972 ; 3.79574 ; -5.04734 ; 6.42769
4.92032 ; 6.89394 ; 6.12123 ; -3.80145
4.83408 ; 4.37871 ; 6.29488 ; 6.35727
3.91843 ; 2.81962 ; -1.1059 ; 4.15206
6.63676 ; 6.62916 ; -6.51218 ; -5.27054
5.54256 ; 5.16616 ; -5.89988 ; -6.0507
6.41186 ; 4.54022 ; -6.11795 ; 6.28332
6.20407 ; 4.69341 ; -5.98615 ; -5.59099
3.73572 ; 3.08559 ; 1.07575 ; 5.25522
4.9039 ; 4.98606 ; 6.20177 ; 6.09682
7.75146 ; 7.10315 ; -4.998 ; -4.05434
5.68235 ; 5.04387 ; -6.00167 ; 5.99288
4.46697 ; 4.16515 ; 6.22063 ; 6.43297
4.80699 ; 4.52061 ; 6.22891 ; 6.33909
4.05338 ; 3.2432 ; 3.40721 ; -3.94841
4.66964 ; 6.55745 ; 6.47856 ; -5.481
4.67018 ; 2.51335 ; -4.78548 ; 2.33788
5.14049 ; 5.28843 ; 6.22448 ; -6.16789
4.98999 ; 5.39159 ; 6.19492 ; -6.2284
7.54685 ; 5.53981 ; -5.30139 ; -3.78329
4.16811 ; 3.99354 ; 5.81084 ; 6.40573
6.01813 ; 5.18764 ; -6.09808 ; 5.94291
6.08266 ; 4.67591 ; -6.19345 ; 6.19096
4.83261 ; 5.76858 ; 6.3251 ; -6.32311
6.72098 ; 3.17431 ; -6.51593 ; 3.65159
6.09053 ; 4.72577 ; -6.19478 ; 6.17203
6.39103 ; 4.49233 ; -6.29152 ; 6.20727
8.24036 ; 6.45707 ; 0.115451 ; -6.10984
5.94691 ; 4.53952 ; -6.17746 ; 6.16337
6.3585 ; 7.4074 ; 5.13547 ; -2.56026
6.23459 ; 3.73746 ; -5.6338 ; -4.45651
6.2095 ; 6.54967 ; -6.14965 ; -3.94353
6.61821 ; 5.78025 ; -6.34255 ; -6.34774
4.98319 ; 5.66683 ; 6.32271 ; -6.29336
6.29229 ; 5.89367 ; -6.34257 ; -6.17972
5.20551 ; 5.70563 ; 6.24958 ; -6.24932
4.47349 ; 3.52255 ; 6.44881 ; 4.74384
6.31761 ; 5.38478 ; -6.23384 ; -6.22903
5.27412 ; 7.13356 ; -5.63664 ; -0.957473
4.85618 ; 4.69399 ; -4.3384 ; -5.65043
7.20802 ; 5.45879 ; -5.6293 ; 1.14453
7.74031 ; 7.00087 ; -4.31147 ; -4.884
3.73271 ; 2.42311 ; -2.22093 ; -1.40855
5.91625 ; 4.73207 ; -6.13751 ; 6.14052
6.79677 ; 7.3926 ; -5.60426 ; -0.721876
6.64586 ; 5.85826 ; -6.31973 ; -6.35791
4.98142 ; 6.64542 ; -5.31984 ; -5.58257
7.58015 ; 7.5856 ; -1.51349 ; -1.39356
6.48974 ; 4.46093 ; -6.28025 ; 6.27343
6.74024 ; 2.9038 ; -6.06616 ; -2.07485
6.03946 ; 5.56999 ; -6.06472 ; 5.68403
5.2131 ; 5.55996 ; -5.69923 ; 5.66901
4.4778 ; 6.18043 ; 6.3098 ; -6.20704
8.16612 ; 5.96125 ; -1.73524 ; -0.662889
6.51495 ; 5.33087 ; -6.11205 ; -6.22726
3.84327 ; 6.32205 ; 4.77073 ; -6.39786
7.69593 ; 6.39573 ; -4.27532 ; -6.3861
4.11057 ; 6.85886 ; 5.24799 ; -5.29943
7.30374 ; 4.52436 ; -5.32179 ; 6.36578
7.68045 ; 3.53038 ; -1.54237 ; 6.18319
6.36487 ; 5.97528 ; -6.35914 ; -6.12488
4.30635 ; 3.1244 ; 6.43474 ; 3.35326
4.81819 ; 3.77292 ; 6.46434 ; 6.16074
5.3083 ; 5.74681 ; 5.08379 ; -6.30843
7.05485 ; 7.13547 ; -6.45497 ; -2.2635
7.66124 ; 3.52557 ; -2.79012 ; 6.27836
5.32092 ; 6.49587 ; 5.79543 ; 4.78031
4.12245 ; 3.33053 ; 5.91054 ; 5.77814
5.88206 ; 6.39345 ; -5.90979 ; -5.93834
4.51381 ; 4.27584 ; 6.12778 ; -5.27243
6.0709 ; 4.45287 ; -6.23145 ; 6.21381
4.84359 ; 3.18103 ; 6.54903 ; 4.21642
4.70329 ; 2.39962 ; 0.107645 ; 0.722196
4.10524 ; 5.7961 ; -4.4136 ; -6.21815
4.86731 ; 6.79414 ; 6.49206 ; -4.84439
5.96384 ; 5.15413 ; -6.14733 ; -6.08752
6.20591 ; 5.04421 ; -6.17406 ; -6.05675
5.59165 ; 5.10115 ; 6.05857 ; 5.98912
5.01354 ; 2.91118 ; 6.38998 ; -2.50841
5.39177 ; 4.87998 ; 6.13298 ; 6.12216
6.16743 ; 4.6095 ; 5.70574 ; -5.72235
7.78758 ; 5.94083 ; -3.60882 ; -6.53229
4.03143 ; 5.74844 ; 5.24029 ; -6.43666
6.85285 ; 3.71694 ; -6.30439 ; 6.1267
7.97001 ; 7.10651 ; -3.51935 ; -4.86569
4.97064 ; 3.76327 ; 6.46097 ; 6.06421
5.7647 ; 3.87375 ; 6.01078 ; 5.91583
8.04653 ; 3.5557 ; -2.48191 ; 5.44505
7.24446 ; 3.01131 ; 4.27506 ; -3.80402
5.83421 ; 3.94284 ; -5.58433 ; 3.33631
6.2895 ; 5.50877 ; 5.62595 ; 5.69509
4.35035 ; 3.55245 ; -4.82929 ; 5.39713
6.74208 ; 4.77756 ; -6.10968 ; -5.78462
7.66823 ; 3.9515 ; -3.92705 ; 6.52288
7.47491 ; 6.16081 ; -4.87461 ; -6.29246
4.69135 ; 4.73186 ; 6.26432 ; 6.14124
5.77199 ; 4.49943 ; -5.74399 ; 6.23142
5.02628 ; 4.73683 ; 6.25263 ; 6.22637
5.97477 ; 4.96686 ; -6.12316 ; 6.05722
4.75965 ; 7.12489 ; 6.32979 ; 3.45173
3.72065 ; 4.17508 ; 3.11544 ; 6.52909
8.05778 ; 7.2661 ; 1.00614 ; -2.8985
3.57539 ; 4.95199 ; 3.85624 ; 5.3142
8.28045 ; 5.33328 ; -0.47458 ; 5.7219
4.42742 ; 3.53151 ; 6.40875 ; 5.64947
4.14718 ; 5.70206 ; 5.54205 ; -6.38361
4.28124 ; 7.06064 ; 6.20931 ; -4.00106
6.71572 ; 7.42051 ; -6.38566 ; -1.70878
4.5563 ; 5.8458 ; 6.21266 ; -6.38355
4.27224 ; 3.56665 ; 5.98477 ; 5.95732
5.74273 ; 4.90707 ; 6.01024 ; 6.0421
7.48663 ; 6.5059 ; -4.66938 ; -6.22951
5.84632 ; 5.0422 ; 5.93713 ; 5.98982
7.62462 ; 6.02252 ; 0.604476 ; -5.39099
4.08768 ; 4.02066 ; 5.54397 ; 6.41138
4.33334 ; 3.69146 ; 6.19609 ; 4.91213
5.81102 ; 3.53915 ; 5.99763 ; 5.47932
7.76791 ; 3.81005 ; 0.6006 ; 6.44317
5.66085 ; 4.95114 ; 6.0478 ; 6.04713
4.71258 ; 4.36283 ; 6.25951 ; -5.19065
5.0228 ; 5.43081 ; 6.27873 ; -6.18671
4.98814 ; 6.06673 ; 6.3992 ; -6.11236
4.94975 ; 5.45933 ; 4.03649 ; 4.59012
3.20371 ; 4.81734 ; 0.23985 ; -5.66374
4.52094 ; 3.97638 ; 6.24224 ; 6.42443
4.02282 ; 6.29241 ; -3.85983 ; -0.455645
6.5571 ; 2.97883 ; -6.42485 ; 3.22736
3.34419 ; 4.70026 ; 2.56479 ; 6.22764
5.52692 ; 5.18042 ; -5.90341 ; 5.91282
7.63928 ; 6.70542 ; -4.60412 ; -5.89477
6.48655 ; 6.61252 ; -6.49714 ; -5.242
4.62699 ; 7.07936 ; 6.40145 ; -4.1115
4.29581 ; 6.57763 ; -4.75361 ; 4.35106
3.57459 ; 6.19961 ; 1.83116 ; -6.47918
8.10623 ; 7.27145 ; -3.34056 ; 0.612801
5.4748 ; 4.72224 ; 6.16231 ; 6.1641
4.33497 ; 7.09587 ; 6.44394 ; -3.69707
4.76152 ; 3.87244 ; 6.33863 ; 6.3084
5.37026 ; 4.58821 ; 6.21609 ; 6.22791
6.48964 ; 4.81911 ; -3.68437 ; -5.67457
5.9719 ; 4.28883 ; -6.20986 ; 6.17833
6.85823 ; 5.64636 ; -6.121 ; -6.33016
6.5441 ; 2.58696 ; 3.24101 ; 2.96485
5.79521 ; 5.17931 ; 5.95388 ; 5.9275
5.36761 ; 4.7104 ; 6.13193 ; 5.79644
6.59189 ; 7.12246 ; 5.14701 ; -3.45377
4.93907 ; 5.2263 ; 6.19118 ; -6.15819
7.6612 ; 3.99902 ; -4.2844 ; 6.49323
5.98357 ; 4.93909 ; -6.12422 ; 6.07582
3.47834 ; 5.59985 ; -2.89856 ; -5.95356
6.00781 ; 3.1916 ; -6.18982 ; 2.10061
3.50897 ; 2.57547 ; 3.86414 ; 2.24006
4.09914 ; 4.19797 ; 5.37722 ; 6.50754
5.38178 ; 5.51655 ; -5.80267 ; 5.70683
5.33821 ; 4.55955 ; -5.78222 ; -5.70345
5.56424 ; 5.64873 ; 6.12556 ; -6.16752
5.59977 ; 5.70533 ; 6.06577 ; -6.18824
7.65009 ; 6.34382 ; -5.00483 ; -5.29419
6.26923 ; 5.8352 ; -6.34338 ; -6.2645
5.73798 ; 4.91835 ; -6.04138 ; 6.05262
6.4696 ; 7.58611 ; 5.00949 ; 0.647354
5.07618 ; 4.19285 ; 6.37707 ; 6.26269
6.33216 ; 6.28529 ; -4.19483 ; -6.22648
5.91623 ; 5.22891 ; 5.88348 ; 5.88947
3.79644 ; 3.60628 ; 4.57522 ; 6.38729
5.03887 ; 3.45093 ; 4.44224 ; 6.00753
5.06233 ; 5.59592 ; 6.31002 ; -6.22448
8.09879 ; 6.95397 ; -3.33746 ; -2.13726
6.68341 ; 5.40389 ; -6.06195 ; -6.2757
6.02066 ; 4.95082 ; -6.12348 ; 6.07423
6.41141 ; 6.13963 ; -6.42704 ; -6.13906
5.01573 ; 4.83719 ; 6.19576 ; -5.86937
4.0799 ; 5.83512 ; 5.15943 ; -6.15995
7.15972 ; 6.81767 ; -6.28997 ; -2.81765
3.59052 ; 3.46096 ; 4.04349 ; 6.23784
5.38559 ; 3.74028 ; 6.24892 ; 5.96808
4.18574 ; 2.92481 ; 6.35251 ; 3.78191
7.18551 ; 3.18719 ; -1.57787 ; 5.57845
7.76466 ; 6.67746 ; -4.88986 ; -3.47513
4.61662 ; 7.44176 ; 6.44544 ; -0.859034
4.17753 ; 6.65595 ; 0.883271 ; -5.9204
4.46317 ; 3.29422 ; 5.30783 ; 0.985439
4.38496 ; 7.56609 ; 0.73259 ; -0.957035
5.35211 ; 4.15782 ; -5.68435 ; 6.17804
3.61283 ; 4.78873 ; 4.85094 ; 1.47081
4.98109 ; 3.92869 ; -5.33419 ; 6.13158
8.25667 ; 6.36422 ; -1.90291 ; 4.51472
