6.03312 ; 2.38388 ; -5.64936 ; -1.81992
6.43274 ; 6.24739 ; -5.86402 ; 4.79454
6.45176 ; 4.74111 ; -5.92477 ; 4.57866
6.47527 ; 5.62756 ; 5.44368 ; 5.5152
4.26724 ; 4.13295 ; -3.46561 ; -5.25521
6.33701 ; 5.81789 ; 5.50275 ; 5.43227
5.54988 ; 4.62102 ; -5.62482 ; -4.82559
5.26129 ; 6.98804 ; -5.273 ; 4.30156
7.40271 ; 5.51143 ; -4.54204 ; 5.58454
6.11485 ; 5.16089 ; -5.92017 ; -5.8989
6.61377 ; 2.88391 ; -6.00067 ; -3.13979
8.13988 ; 4.49162 ; 2.69043 ; -5.38474
4.26292 ; 2.90986 ; 5.87752 ; 2.79712
3.34285 ; 4.79036 ; 1.66073 ; 6.05924
7.93886 ; 3.51911 ; -2.30704 ; 5.13783
8.18459 ; 5.80574 ; 0.49572 ; -6.13259
4.97413 ; 3.42335 ; 6.16043 ; 4.79735
5.77469 ; 5.98462 ; -5.94792 ; -5.31116
5.19577 ; 3.725 ; -4.08637 ; -2.92198
3.25789 ; 5.68188 ; 0.345863 ; -5.66267
5.16742 ; 4.42525 ; -5.55869 ; -5.52107
6.16264 ; 4.76881 ; 5.61893 ; -5.65087
5.96605 ; 5.17687 ; -5.77614 ; -5.89008
8.17743 ; 4.98122 ; 2.97751 ; -5.38758
4.47526 ; 5.6695 ; 5.10629 ; -6.07204
7.60859 ; 6.19883 ; -4.19676 ; 4.86528
3.8287 ; 4.84164 ; -2.56188 ; 5.84955
3.71249 ; 5.0515 ; -4.15114 ; 4.68702
6.60597 ; 5.92682 ; 5.34958 ; 5.35362
7.70394 ; 2.29455 ; 2.11453 ; -0.897731
6.58128 ; 5.02542 ; -5.88237 ; -5.55272
4.69302 ; 3.99594 ; -4.48253 ; 5.80384
6.41686 ; 5.49204 ; -5.96835 ; -5.98098
5.74536 ; 7.18445 ; -5.93983 ; 0.646397
4.42141 ; 3.60112 ; 5.90467 ; 5.47351
5.85241 ; 4.88153 ; -5.86634 ; 5.86309
3.94954 ; 3.31124 ; 4.29333 ; 5.2593
5.01133 ; 4.52658 ; 5.90589 ; 6.04147
5.406 ; 4.88782 ; 5.82531 ; -5.78068
3.48832 ; 7.27996 ; 3.92416 ; 1.97777
5.91104 ; 6.85298 ; 4.23594 ; 4.36991
5.58177 ; 4.95474 ; 5.03728 ; -5.78284
7.87671 ; 6.11897 ; 3.75384 ; 4.92901
6.24308 ; 4.05576 ; 5.44825 ; 5.70528
5.31009 ; 3.53141 ; 5.95244 ; -4.03515
5.1575 ; 4.37203 ; 5.57567 ; 5.97225
5.19535 ; 5.26484 ; -5.59179 ; 5.66114
5.00535 ; 4.75373 ; 5.96997 ; 4.83267
4.34703 ; 3.41371 ; 5.81667 ; 3.95046
5.13663 ; 5.71839 ; -5.5321 ; 5.48283
4.89113 ; 4.05624 ; 6.03576 ; 5.96847
5.09754 ; 5.61059 ; -5.52245 ; 5.53077
5.66468 ; 4.79647 ; 5.8709 ; 5.88927
6.13576 ; 4.6239 ; 5.62087 ; -5.59844
3.87202 ; 2.57705 ; -2.67926 ; 0.341475
4.94473 ; 3.92949 ; 5.78264 ; -5.10685
5.74934 ; 5.58367 ; -5.77766 ; 5.50728
5.14071 ; 4.99022 ; 5.8507 ; -5.83769
5.50624 ; 5.40871 ; -5.70416 ; 5.64488
6.3518 ; 5.51717 ; -5.98442 ; -5.99613
3.06613 ; 5.37027 ; -2.09429 ; 5.4854
6.01677 ; 5.17717 ; 5.69788 ; 5.73561
5.36917 ; 4.92581 ; 5.84302 ; -5.79873
7.61169 ; 4.52982 ; -4.06929 ; 5.92874
4.82501 ; 3.97513 ; -5.34988 ; -5.24587
3.84863 ; 4.9191 ; 2.68994 ; -5.85464
6.17734 ; 4.23574 ; -6.02884 ; 5.84476
6.03202 ; 4.97216 ; -5.6287 ; 5.86516
4.91472 ; 4.65096 ; 5.90325 ; 6.04456
5.15444 ; 3.00356 ; 6.0864 ; -2.18409
7.73836 ; 4.47033 ; -3.59851 ; 5.98902
3.43979 ; 3.7513 ; 1.08042 ; 6.04514
5.822 ; 4.96323 ; -5.84133 ; 5.84193
3.42323 ; 2.54525 ; 3.26304 ; -0.334762
4.98817 ; 6.16758 ; 6.08265 ; -3.89461
5.31479 ; 4.53662 ; -5.62375 ; -5.5845
5.79748 ; 4.22532 ; -5.93075 ; 5.70543
6.63518 ; 4.19397 ; -5.96376 ; 5.45761
5.49869 ; 4.48175 ; -5.18186 ; 5.91977
5.34277 ; 6.21677 ; -5.51465 ; -5.56882
5.96705 ; 2.91767 ; -6.01981 ; -0.488817
5.87377 ; 4.68126 ; -5.79583 ; -5.67404
4.93325 ; 5.30074 ; 5.91081 ; -5.79594
5.57873 ; 5.01017 ; 5.87567 ; 5.85357
5.75717 ; 5.16861 ; -5.86856 ; -5.79288
7.67735 ; 3.79905 ; -2.31669 ; 6.00233
6.63266 ; 4.91174 ; -5.75044 ; -5.81654
7.07133 ; 5.41152 ; -4.37437 ; -3.46506
7.3165 ; 2.97368 ; -5.2654 ; -3.39357
6.11483 ; 4.54481 ; 5.61993 ; -5.57301
5.36213 ; 4.744 ; 5.81329 ; -5.71923
5.64191 ; 2.96755 ; 1.95446 ; 4.10588
5.7209 ; 4.26892 ; -5.55579 ; 5.49372
4.63939 ; 4.99337 ; -5.13543 ; 5.76708
7.92163 ; 5.5277 ; 3.07401 ; 5.51884
5.22258 ; 4.4854 ; -5.59126 ; -5.54738
3.67629 ; 7.40264 ; 4.64598 ; -1.59864
4.70223 ; 6.22426 ; 5.69839 ; 4.55275
8.08245 ; 4.59621 ; -0.0655946 ; 6.10785
5.49465 ; 5.20532 ; -5.75843 ; -5.78096
5.83079 ; 4.59152 ; 5.72877 ; -5.61659
6.05683 ; 5.10709 ; -5.84246 ; 5.81813
7.30423 ; 4.59078 ; -0.181252 ; 5.04983
6.80648 ; 6.92716 ; -6.05004 ; 0.163681
4.88682 ; 7.05342 ; 6.20594 ; -3.24396
5.76032 ; 5.3335 ; 5.77203 ; 5.71017
7.29949 ; 3.60504 ; -2.0898 ; -4.39999
5.86915 ; 6.23177 ; 5.80545 ; -5.34826
5.5622 ; 7.00991 ; -3.82942 ; -4.0412
6.17676 ; 6.9756 ; -6.16228 ; -3.61158
7.11482 ; 5.05585 ; -5.61804 ; -1.73211
3.63005 ; 6.38466 ; 2.86152 ; -5.80762
5.69133 ; 5.79217 ; -5.9058 ; -5.72674
5.94071 ; 3.96667 ; -5.60645 ; 5.7864
3.30058 ; 5.45609 ; 0.194562 ; -6.08381
6.34515 ; 5.83035 ; -6.05675 ; -5.92543
5.67725 ; 5.22912 ; -5.76902 ; 5.73959
5.84523 ; 3.54265 ; 5.81729 ; 5.18648
5.98126 ; 7.55874 ; -5.73335 ; 2.78241
5.55877 ; 6.36769 ; 5.99133 ; -5.04726
6.28821 ; 4.94921 ; -5.7469 ; -5.8459
3.90768 ; 6.34422 ; 4.78164 ; -5.53029
8.21577 ; 7.20467 ; 1.10573 ; -3.35381
3.5826 ; 3.01475 ; -0.20848 ; -3.8913
3.88893 ; 7.1948 ; 5.01414 ; -3.43501
5.3015 ; 7.15039 ; 5.92969 ; 1.74014
5.42548 ; 5.52651 ; -5.45963 ; -5.68031
6.35778 ; 5.63127 ; 5.50658 ; 5.52388
4.92631 ; 6.6356 ; 5.90091 ; 4.56377
4.76231 ; 4.35465 ; 5.70829 ; -5.34259
5.72132 ; 5.28204 ; -5.78453 ; 5.70341
5.37134 ; 7.65759 ; -5.60906 ; 0.109656
5.82885 ; 4.54811 ; 5.72531 ; -5.59573
6.63711 ; 5.51662 ; 5.2743 ; -5.79158
7.53052 ; 4.92978 ; -3.61359 ; 5.54271
7.94345 ; 3.44913 ; -1.22655 ; 5.69761
5.7043 ; 5.12661 ; 5.83609 ; -5.80934
6.23174 ; 4.99945 ; -5.75727 ; -5.86027
5.80766 ; 5.05285 ; -5.84066 ; -5.83332
4.82499 ; 4.9867 ; -5.3866 ; -5.69339
6.10127 ; 3.86013 ; -6.05168 ; 5.54352
4.68288 ; 4.72328 ; -5.26936 ; -5.62238
7.33143 ; 6.04194 ; -5.01373 ; -6.07855
5.91834 ; 7.55932 ; -5.38897 ; -0.443099
5.27312 ; 4.69405 ; -5.60665 ; 5.82085
5.91645 ; 3.30128 ; -5.96582 ; -0.473259
3.77827 ; 5.34163 ; 1.98759 ; -6.04032
5.50049 ; 5.64647 ; 5.95689 ; -5.851
5.88631 ; 6.11663 ; 5.69064 ; 5.2256
6.54271 ; 5.63152 ; 5.40643 ; 5.50617
3.98539 ; 3.25856 ; 4.9025 ; 5.16175
6.72428 ; 2.73082 ; -5.33798 ; 2.86052
6.3668 ; 5.83233 ; 5.48698 ; 5.42406
7.88128 ; 3.89431 ; 2.62345 ; -0.857873
5.70402 ; 5.12287 ; -5.84425 ; -5.81156
5.43798 ; 5.65698 ; -5.73577 ; -5.67642
6.4209 ; 5.66064 ; 5.04389 ; 3.91392
6.82289 ; 3.83188 ; -5.68103 ; 5.74241
5.12114 ; 5.3648 ; -5.54986 ; 5.61538
5.613 ; 3.84694 ; 5.99339 ; 5.5155
5.44432 ; 4.46223 ; -5.66829 ; -5.55848
4.77349 ; 6.41471 ; 6.0116 ; 2.21758
5.70344 ; 2.47687 ; -5.64985 ; -0.109676
6.61661 ; 5.55592 ; -5.88329 ; -6.04698
6.82835 ; 5.33158 ; -5.30347 ; -6.02152
3.37469 ; 5.23569 ; -2.36432 ; -2.79057
7.1732 ; 7.70175 ; 4.52283 ; 2.38372
5.11084 ; 4.82739 ; 5.6997 ; -5.77233
4.88641 ; 3.25853 ; -5.24067 ; -4.55525
8.0531 ; 6.48371 ; 3.45388 ; 4.58852
7.90602 ; 5.32648 ; 3.27946 ; -5.94444
5.23865 ; 4.46462 ; -5.59562 ; -5.54356
6.65541 ; 4.61483 ; -5.56597 ; 6.02047
7.49637 ; 3.33504 ; -4.2518 ; 3.22418
5.73963 ; 4.98994 ; -5.8003 ; -5.78235
4.49974 ; 3.55947 ; 3.19822 ; 5.42803
4.11887 ; 4.12222 ; 4.78731 ; 6.16614
6.10674 ; 4.74193 ; 5.6414 ; -5.65023
3.87325 ; 4.69686 ; 4.53036 ; 4.91532
3.8661 ; 7.57437 ; 0.448979 ; -0.189862
6.13062 ; 5.90739 ; 5.23924 ; -5.56984
5.625 ; 6.02593 ; 5.77019 ; 5.29607
6.45616 ; 4.06393 ; -6.02531 ; 5.88473
5.44245 ; 5.14056 ; -5.71001 ; 5.738
6.03458 ; 4.25207 ; -5.92195 ; 5.83171
4.22734 ; 5.89925 ; 5.28273 ; 0.130092
5.3217 ; 3.90014 ; 6.07713 ; 5.69441
5.87019 ; 5.48142 ; 5.70663 ; -5.84205
5.55631 ; 4.74704 ; 5.9198 ; 5.91453
6.47549 ; 4.94392 ; -5.68236 ; 5.92219
7.95665 ; 5.2137 ; 3.08074 ; -5.92332
7.10324 ; 5.81472 ; -4.3604 ; -5.72632
5.51266 ; 4.51942 ; 5.96967 ; 5.8832
6.17019 ; 4.08539 ; -6.04158 ; 5.80158
5.02721 ; 2.50863 ; 6.21543 ; -0.0682936
3.92948 ; 4.03981 ; 4.11652 ; 6.16774
5.13149 ; 5.63021 ; -5.53732 ; 5.52152
5.8063 ; 6.48568 ; -5.8259 ; 4.59175
6.28675 ; 4.6881 ; 5.55164 ; -5.61679
6.26564 ; 5.16671 ; 5.58375 ; 5.70043
4.42181 ; 6.3407 ; -5.07281 ; 5.05622
6.234 ; 4.30254 ; 5.55203 ; -5.45494
5.21652 ; 2.39929 ; 6.01639 ; -1.56803
7.57913 ; 5.34762 ; -3.9279 ; -6.09597
6.30751 ; 5.65633 ; 5.52939 ; 5.51672
5.91787 ; 4.75769 ; 5.77552 ; 5.85418
6.57244 ; 4.07818 ; 5.36328 ; -5.3087
5.45381 ; 5.099 ; 5.76692 ; -5.84664
3.86656 ; 4.4083 ; -4.26623 ; -5.3658
3.55197 ; 3.14462 ; 3.21973 ; -3.88301
5.54086 ; 5.54575 ; -5.69078 ; 5.58949
7.20058 ; 2.80345 ; -4.00987 ; 2.09788
7.01918 ; 5.44019 ; -5.07029 ; 5.67851
6.42513 ; 3.40883 ; -6.11261 ; 4.69989
4.65779 ; 5.85552 ; 4.67867 ; 5.31963
3.72355 ; 4.54519 ; 4.06398 ; 5.96139
5.36903 ; 5.34725 ; 5.83674 ; 5.73392
5.8286 ; 4.54436 ; 5.71638 ; -5.59781
6.14739 ; 5.44456 ; 5.62118 ; 5.62455
5.50144 ; 4.63824 ; 5.90243 ; 5.94513
6.02168 ; 5.27544 ; 5.69278 ; 5.70463
7.72538 ; 5.40478 ; -3.30625 ; -6.12044
5.03817 ; 5.51885 ; -5.49981 ; 5.56332
7.4031 ; 4.17969 ; -4.51748 ; 6.15876
6.09817 ; 5.74825 ; -6.0263 ; -5.66861
6.33501 ; 4.86136 ; -5.84067 ; 5.93795
7.65573 ; 4.82404 ; -2.49518 ; 6.03188
5.14665 ; 5.7164 ; 6.02677 ; -5.89492
6.22551 ; 4.88762 ; -5.92979 ; 5.66307
7.33305 ; 5.20928 ; -3.94283 ; -6.01721
3.18137 ; 7.29881 ; -1.28037 ; -3.66825
4.78087 ; 7.11985 ; 6.12803 ; 0.685346
4.43754 ; 6.90036 ; 5.95759 ; -3.99545
7.35318 ; 4.58202 ; -2.83068 ; 6.04977
4.50403 ; 6.98677 ; 6.05499 ; -2.50834
4.01179 ; 6.76997 ; 5.25142 ; -2.7458
6.26563 ; 4.53264 ; 5.55393 ; -5.55916
3.79491 ; 5.29362 ; 2.87638 ; -6.04022
3.94581 ; 5.55079 ; 1.0041 ; -6.05864
5.48971 ; 5.30572 ; 5.76965 ; 5.74346
4.79753 ; 5.88962 ; -5.35027 ; 5.37313
6.21358 ; 4.38727 ; 5.49118 ; -4.97204
5.51759 ; 4.68272 ; -5.72973 ; -5.64705
3.87421 ; 7.16565 ; -3.67142 ; -3.5717
4.28411 ; 4.51865 ; 0.10441 ; 6.04936
5.2732 ; 5.08529 ; 5.88791 ; -5.81153
4.59722 ; 7.38321 ; -5.05305 ; -2.6777
5.91162 ; 4.98437 ; 5.74461 ; -5.75006
4.86764 ; 5.98503 ; -5.383 ; 5.32245
4.18509 ; 3.6554 ; 4.69404 ; -3.15794
7.26128 ; 6.35317 ; -5.02776 ; -5.80728
4.04516 ; 5.89717 ; 1.90236 ; -6.07587
5.89473 ; 5.19247 ; 5.76828 ; -5.78974
7.78109 ; 6.21703 ; 2.29614 ; -5.471
3.44394 ; 6.21684 ; -1.18112 ; -5.92654
4.44299 ; 5.57695 ; -5.04828 ; -5.63555
6.3551 ; 4.26803 ; 5.4949 ; -5.42343
3.94178 ; 3.03175 ; 5.2324 ; -0.514647
4.86944 ; 6.77318 ; 6.15993 ; -4.18146
5.28068 ; 7.2551 ; 6.03209 ; 2.73643
6.79585 ; 5.09099 ; -5.34815 ; -5.94073
7.32425 ; 4.75043 ; -5.27561 ; -1.0717
5.75818 ; 5.219 ; -5.79362 ; 5.7457
5.93848 ; 5.2583 ; 5.75415 ; -5.78197
5.31199 ; 4.8041 ; -5.65876 ; -5.67731
6.58629 ; 5.39254 ; -5.8404 ; -6.02094
6.58162 ; 5.14269 ; -5.34005 ; -5.93713
5.05631 ; 5.63557 ; -5.50169 ; 5.51636
6.60018 ; 6.08995 ; 5.33997 ; 5.25386
6.07417 ; 4.18486 ; 5.62625 ; 5.81463
7.06297 ; 3.56324 ; -3.96893 ; 5.64175
3.3098 ; 3.58263 ; 1.53544 ; 5.69849
6.13067 ; 4.54733 ; 5.59531 ; -5.5805
5.32907 ; 5.66651 ; -5.61192 ; 5.51847
8.15739 ; 5.71504 ; -0.399346 ; -6.13182
4.81559 ; 5.46501 ; 5.84604 ; -6.01636
3.36614 ; 4.4591 ; 0.621916 ; 6.18316
4.184 ; 2.93573 ; -2.49845 ; 3.14124
5.1677 ; 7.36805 ; 5.91735 ; 2.61872
4.78973 ; 3.43112 ; -4.2779 ; 5.06979
6.66367 ; 5.18202 ; -5.58178 ; -5.21164
6.68801 ; 6.03145 ; 5.29023 ; 5.28509
5.3943 ; 5.18913 ; 5.85635 ; 5.80664
3.9934 ; 3.52747 ; -4.44674 ; -4.67967
5.8239 ; 4.71994 ; -5.88813 ; 5.69744
4.2515 ; 4.04543 ; 5.31872 ; 5.41497
6.38679 ; 4.63202 ; -5.94229 ; 5.70179
8.14878 ; 5.74386 ; 2.37136 ; -6.01092
6.11083 ; 6.50651 ; 5.44012 ; 4.88005
5.08842 ; 6.88883 ; 6.00498 ; -2.99515
6.40774 ; 5.64073 ; -6.00767 ; -1.02696
7.79353 ; 4.18739 ; 2.98169 ; 6.03817
5.01992 ; 6.00792 ; -5.46017 ; 5.31226
4.8472 ; 5.8875 ; -5.37834 ; 5.37751
6.23535 ; 5.45358 ; 5.58016 ; 5.60969
5.6636 ; 5.25001 ; -5.67182 ; -5.87255
3.7124 ; 4.84675 ; 2.52216 ; 5.2395
6.3783 ; 5.75123 ; 5.48743 ; 5.46532
5.22014 ; 4.95725 ; -5.53559 ; -5.74483
8.15851 ; 2.83524 ; 2.34309 ; -3.58108
4.73697 ; 4.1158 ; -5.30997 ; -5.32574
5.59153 ; 5.2174 ; 5.81438 ; -5.80555
5.58533 ; 4.86164 ; 5.87306 ; 1.9995
5.73866 ; 2.4779 ; 3.5807 ; 0.600962
5.53638 ; 5.44954 ; -5.7031 ; 5.63456
4.90309 ; 7.0938 ; -4.84183 ; -3.65704
5.81717 ; 4.80118 ; -5.82745 ; 5.87957
6.14721 ; 4.30804 ; 5.58704 ; -5.46149
7.03618 ; 5.10367 ; -5.13026 ; 5.88564
5.44391 ; 5.93676 ; -5.78879 ; -5.33215
5.27812 ; 4.07745 ; 5.90802 ; -4.90326
6.22512 ; 4.9087 ; 4.32766 ; 5.84641
4.41183 ; 5.49607 ; -4.90067 ; -5.8446
8.15003 ; 6.00031 ; -2.32464 ; 2.04713
5.02718 ; 4.58065 ; 5.94239 ; -4.57465
4.52491 ; 3.73237 ; 4.68116 ; 5.58412
4.63995 ; 2.8829 ; -3.84051 ; -3.4381
5.80746 ; 6.95015 ; -5.79455 ; 4.36146
6.75454 ; 7.6636 ; 4.92599 ; -0.589563
7.19907 ; 5.95932 ; -5.31076 ; -6.08508
8.21089 ; 2.89773 ; 2.73784 ; -3.10658
5.00075 ; 4.25453 ; -5.46814 ; -5.42338
6.2803 ; 4.49742 ; 5.5455 ; -5.5418
5.62731 ; 5.48104 ; 5.89661 ; -5.85087
5.13287 ; 5.84661 ; -5.5234 ; 5.41044
3.85453 ; 5.72042 ; 4.3544 ; 5.39359
7.35284 ; 7.31176 ; 4.32617 ; -2.49541
4.64364 ; 4.4914 ; 5.57522 ; -5.38089
5.2734 ; 5.40369 ; 5.95489 ; 3.37112
4.35421 ; 2.96156 ; 5.50096 ; -3.63553
5.8478 ; 4.79089 ; 5.75241 ; -5.67753
5.52685 ; 4.8414 ; -5.74026 ; 5.82809
5.79902 ; 5.39356 ; 5.75468 ; 5.6787
7.61394 ; 6.14028 ; 4.1152 ; -5.65896
4.35998 ; 6.91808 ; 5.88482 ; 0.472442
7.45128 ; 5.47562 ; 1.40106 ; -5.92794
8.10372 ; 6.61136 ; -1.72618 ; 4.13908
4.80505 ; 2.60739 ; 6.13289 ; -2.05046
5.32412 ; 5.42667 ; -5.63476 ; 5.62695
6.06745 ; 5.30099 ; 5.67174 ; 5.68588
7.66279 ; 6.58949 ; -3.81645 ; -5.25116
6.44717 ; 5.30297 ; -5.69547 ; 5.73416
5.76094 ; 5.09481 ; -5.80831 ; 5.79126
4.02828 ; 6.04543 ; 3.49775 ; -6.05222
5.47153 ; 3.28735 ; -5.74691 ; 3.83507
6.77359 ; 2.88591 ; -6.13182 ; 1.60247
3.32828 ; 5.58012 ; -1.99241 ; -6.04874
5.87157 ; 5.42186 ; 5.72968 ; 5.66144
6.03823 ; 5.68403 ; 5.64438 ; 5.51815
6.41285 ; 4.87442 ; -5.74221 ; -5.82331
6.51427 ; 4.19361 ; 5.40341 ; -5.37867
4.94577 ; 4.23531 ; -5.43642 ; -5.40985
4.74858 ; 2.40551 ; -4.74364 ; 1.25748
3.59503 ; 2.69267 ; 4.32075 ; 2.57666
5.55877 ; 7.34712 ; 6.00258 ; -1.64633
7.47467 ; 5.22038 ; -4.18414 ; -6.03283
5.81357 ; 4.96112 ; -5.84178 ; 5.83437
5.36288 ; 5.59666 ; -5.55787 ; -5.84974
5.68798 ; 5.17166 ; -5.76642 ; 5.76149
6.40637 ; 2.50557 ; -5.76238 ; -1.03364
7.34975 ; 5.52095 ; -4.22342 ; 4.21965
3.47401 ; 2.55849 ; 3.94615 ; 0.686791
5.06747 ; 6.50339 ; 6.15177 ; -4.97162
6.12844 ; 4.68354 ; -5.94195 ; 5.9149
5.46053 ; 5.26757 ; 5.89382 ; -5.86738
6.25036 ; 6.22667 ; -5.81607 ; 5.05285
5.88487 ; 4.43808 ; 5.82466 ; 5.75174
5.92532 ; 5.14251 ; 5.74484 ; 5.75961
4.87164 ; 6.08756 ; 6.05571 ; -5.43779
5.95027 ; 4.90598 ; 5.59695 ; 5.84908
5.64174 ; 4.76077 ; 5.81982 ; -5.64094
6.39295 ; 5.55336 ; 5.49396 ; 5.5523
8.01879 ; 5.39071 ; 2.92751 ; -5.98352
3.78538 ; 2.32085 ; -2.54841 ; -0.267388
7.23675 ; 7.42118 ; -1.55964 ; -2.55836
4.04679 ; 4.99307 ; 4.61348 ; 5.98502
5.27019 ; 6.30277 ; 6.06821 ; -5.27212
4.94748 ; 5.70212 ; -5.44363 ; 5.47817
4.74506 ; 5.39937 ; 5.5596 ; 5.63464
3.79121 ; 7.44507 ; 4.5629 ; -0.492649
5.19611 ; 4.89709 ; 5.84152 ; -5.79348
5.41315 ; 3.36813 ; 5.76778 ; -4.62646
5.319 ; 3.41154 ; 6.13712 ; 4.50741
5.50338 ; 7.00775 ; 5.82264 ; 4.05322
4.7051 ; 4.59363 ; 5.66854 ; 6.0227
5.75962 ; 5.23342 ; -5.87793 ; -5.84952
5.46854 ; 5.15109 ; -5.71907 ; 5.73405
5.53897 ; 4.9794 ; -5.76856 ; -5.76928
7.99833 ; 5.26146 ; 2.92029 ; -5.94824
4.31752 ; 3.91126 ; -4.66441 ; 5.53758
5.67211 ; 5.59835 ; -5.88313 ; -5.81682
5.54324 ; 4.68034 ; 5.79672 ; -5.67808
6.92946 ; 4.58479 ; -5.37613 ; 6.07871
3.65242 ; 5.24453 ; 3.19645 ; -6.03134
4.45356 ; 4.15623 ; 5.55411 ; 5.98528
6.10022 ; 5.2538 ; -5.94837 ; -5.90603
8.0159 ; 2.4571 ; -1.19286 ; 0.408949
7.70303 ; 6.15269 ; -4.05969 ; 4.83557
4.66018 ; 4.36386 ; -5.18805 ; -5.3088
4.59662 ; 4.8903 ; -5.1583 ; -5.69258
6.10153 ; 5.15528 ; 5.66836 ; 5.73065
5.53123 ; 4.5562 ; 5.82838 ; -5.52963
7.06613 ; 6.57267 ; -5.6954 ; -5.36559
5.01437 ; 4.06651 ; 6.02689 ; -1.50819
3.9663 ; 4.4555 ; 4.4606 ; -5.51545
5.39322 ; 3.54765 ; 6.10643 ; 5.01914
5.93483 ; 4.56301 ; -5.936 ; 5.90632
6.22301 ; 4.60711 ; 5.57727 ; -5.59234
4.6212 ; 3.68749 ; 6.00971 ; 5.46682
5.49027 ; 4.99917 ; 5.89246 ; -5.53932
4.04947 ; 5.11426 ; -1.055 ; 5.73125
4.60438 ; 7.61229 ; -4.87028 ; -1.09231
5.18607 ; 4.81894 ; 5.14496 ; 5.9513
5.0743 ; 5.15195 ; -5.51652 ; 5.70223
6.88382 ; 3.76699 ; -5.86608 ; 5.77353
5.27813 ; 4.68038 ; -5.46036 ; -4.32297
6.28973 ; 5.25184 ; -5.93969 ; -5.93642
6.31871 ; 7.517 ; -6.17545 ; 0.358521
5.07563 ; 5.68575 ; -5.50676 ; 5.49546
5.85541 ; 5.20313 ; 5.75713 ; 5.75179
6.92149 ; 4.94027 ; -5.63477 ; 5.25545
5.21432 ; 5.00886 ; 5.97927 ; 2.20516
6.47548 ; 2.44387 ; 4.99392 ; -1.06629
5.88362 ; 3.10361 ; -5.98842 ; 2.97932
6.81559 ; 6.66261 ; -4.95799 ; -5.08384
5.52708 ; 4.93826 ; -5.76151 ; 5.72211
5.08461 ; 4.02165 ; 6.08566 ; 5.87434
4.21588 ; 5.0623 ; 3.74133 ; -5.91364
5.10307 ; 3.82594 ; 6.13091 ; 5.39326
6.76299 ; 4.72657 ; -5.57393 ; -5.74677
5.51827 ; 4.31272 ; -5.69585 ; -5.46134
5.08868 ; 3.34009 ; 5.68338 ; -4.5505
5.01341 ; 3.15899 ; 5.87148 ; -4.27442
7.56993 ; 4.41058 ; -2.43896 ; -5.40494
5.46647 ; 5.00972 ; -5.7311 ; 5.75672
4.54383 ; 7.48301 ; 6.11599 ; -0.469048
7.14768 ; 5.88866 ; -4.76061 ; -6.0998
4.97215 ; 4.9422 ; 5.79795 ; -5.81919
5.22135 ; 5.33948 ; -5.59678 ; 5.64829
5.94897 ; 4.13965 ; -5.84046 ; -5.22573
3.52499 ; 6.63034 ; 3.54562 ; 4.49127
4.83854 ; 2.83119 ; 6.16278 ; -0.895421
4.60655 ; 6.46398 ; 4.90156 ; 4.50967
5.92193 ; 5.24883 ; -5.922 ; -5.87713
3.7661 ; 7.55416 ; 4.76762 ; -0.463248
5.49234 ; 5.29374 ; 5.33944 ; -5.84794
5.2272 ; 5.33176 ; -5.59113 ; 5.6425
5.67475 ; 4.79933 ; 5.87687 ; 5.87634
6.54927 ; 5.24341 ; -5.80138 ; -5.95024
5.46528 ; 4.90599 ; -5.73355 ; -5.73774
7.81481 ; 3.11289 ; -3.91545 ; 4.31268
7.28779 ; 4.51995 ; 3.7524 ; 5.89189
5.75126 ; 6.31381 ; 5.67704 ; 0.306693
5.50785 ; 4.39877 ; 5.97563 ; 5.89377
6.23769 ; 4.71229 ; -5.74414 ; -5.73268
5.75378 ; 3.77584 ; -1.27856 ; 5.78594
6.00826 ; 4.87843 ; -5.84889 ; -5.79519
6.37565 ; 4.74267 ; 5.4987 ; -5.63054
3.40168 ; 7.13234 ; -3.17573 ; -2.39924
3.56086 ; 4.8506 ; 2.70069 ; 6.06781
5.24883 ; 5.48325 ; -5.59921 ; 5.59597
5.77659 ; 5.0426 ; -5.82164 ; 5.81295
5.48045 ; 5.34481 ; 5.84436 ; 5.7145
6.7763 ; 4.92727 ; -5.72803 ; 5.70887
7.68175 ; 6.14405 ; -4.53922 ; -1.78437
4.5814 ; 5.38166 ; -2.63916 ; -5.91911
4.11846 ; 6.27404 ; 3.22506 ; 3.23824
6.4195 ; 5.71949 ; 1.07605 ; -5.9591
5.00559 ; 5.17767 ; -5.49073 ; 5.67839
6.64377 ; 4.83486 ; -5.6108 ; -5.81857
5.05628 ; 5.85976 ; -5.48344 ; 5.4053
5.53631 ; 4.41184 ; -5.68994 ; -5.53779
7.08933 ; 5.3269 ; -5.02262 ; 5.66962
8.16207 ; 6.73597 ; -2.54127 ; 2.75612
5.94775 ; 3.91238 ; -5.95424 ; 1.70922
7.04063 ; 6.56306 ; 4.41243 ; -5.2473
4.73691 ; 5.9393 ; -5.30971 ; 5.34234
5.83801 ; 3.51199 ; 5.8763 ; 5.04228
5.71784 ; 4.96923 ; -5.80596 ; -5.79347
5.5299 ; 4.60819 ; -5.71757 ; -5.63444
5.96672 ; 4.56821 ; 5.68109 ; -5.5992
5.03651 ; 2.5682 ; 6.16355 ; -0.190393
3.41353 ; 5.04205 ; -2.7741 ; -5.85018
6.07261 ; 5.59887 ; -6.00202 ; -5.66003
5.0783 ; 3.6101 ; 6.17082 ; 5.19527
6.23582 ; 7.14747 ; -6.11678 ; 0.334044
5.43465 ; 5.5697 ; -5.76362 ; -5.78815
8.06747 ; 5.01674 ; 2.35856 ; -5.87416
5.6362 ; 2.3505 ; 1.16757 ; -1.63536
5.89657 ; 4.42533 ; -5.82018 ; -5.50073
6.40836 ; 3.12281 ; -6.1695 ; 2.6444
7.77637 ; 6.85287 ; -2.10053 ; 2.04863
6.26173 ; 4.97897 ; -5.96427 ; 3.61432
5.22433 ; 4.84773 ; -5.62017 ; -5.68659
6.03209 ; 4.4615 ; 5.64563 ; -5.54515
4.83779 ; 6.48978 ; 6.06488 ; 0.0228351
3.52607 ; 4.18079 ; 1.85371 ; 6.21798
3.98378 ; 4.1691 ; -4.40645 ; 5.85257
6.04052 ; 4.94911 ; 5.68686 ; -5.69339
4.7669 ; 5.85889 ; 5.76507 ; -5.95456
4.80334 ; 5.96381 ; 6.00821 ; -4.12652
5.86108 ; 5.29655 ; 5.74321 ; 5.71584
5.64941 ; 4.92285 ; -3.90855 ; 5.78187
4.79227 ; 4.14379 ; -5.34577 ; -5.34522
4.74708 ; 4.5073 ; 5.89309 ; 6.07921
6.01221 ; 3.93521 ; -5.21648 ; -1.35751
5.25111 ; 4.55592 ; -5.60992 ; -5.58
6.14187 ; 5.11434 ; 5.64612 ; -5.6979
4.34218 ; 4.41437 ; 5.51196 ; 6.11361
5.49905 ; 4.18754 ; 5.80967 ; -5.31797
4.10131 ; 5.76173 ; 2.71324 ; 5.00696
5.71411 ; 4.76898 ; 5.74407 ; -5.70611
5.87226 ; 4.9443 ; -5.81092 ; 5.85299
5.0272 ; 5.4746 ; 5.91858 ; 4.52167
6.38106 ; 5.68439 ; 5.49094 ; 5.49772
4.81163 ; 4.71756 ; 5.69552 ; -5.7113
5.12587 ; 5.30159 ; 5.8592 ; 5.74945
5.3197 ; 5.70514 ; -5.6045 ; 5.49824
8.23876 ; 3.20513 ; 0.177505 ; 4.38581
6.50219 ; 3.53212 ; -5.86323 ; -4.64619
3.28158 ; 6.95859 ; -0.468153 ; -1.73439
4.98882 ; 3.54457 ; 6.18391 ; 5.0945
8.08695 ; 6.41196 ; 3.40726 ; 4.24812
3.25421 ; 4.63519 ; 0.838659 ; 6.11109
3.5094 ; 4.16341 ; -3.72858 ; 5.26889
5.62673 ; 6.33126 ; 5.53428 ; 4.89596
6.21948 ; 6.66231 ; -6.03035 ; 1.89287
5.4842 ; 5.7443 ; 5.86579 ; -5.86314
5.23884 ; 6.85189 ; 6.0524 ; 1.26712
5.10738 ; 3.65366 ; 4.21319 ; 5.40213
7.28269 ; 5.97512 ; -4.62074 ; -6.08325
4.93407 ; 3.93485 ; 4.5593 ; 5.93
5.30683 ; 4.61335 ; -5.63804 ; -5.61516
4.27982 ; 3.69893 ; 4.48194 ; 5.83111
6.06452 ; 6.09613 ; 5.07476 ; -5.39054
6.39835 ; 5.49397 ; -5.12125 ; -5.63757
7.01613 ; 5.374 ; -5.44707 ; -6.03836
6.07421 ; 5.11115 ; 5.68038 ; -5.71459
3.64543 ; 4.53663 ; 2.61561 ; 6.11067
3.9226 ; 5.65135 ; 4.57508 ; -5.9415
4.50298 ; 3.8481 ; 5.83273 ; 5.9387
6.15321 ; 5.25747 ; -5.41172 ; -5.92938
4.17711 ; 5.78998 ; 5.39014 ; 4.44092
7.61339 ; 5.41994 ; 3.78008 ; -5.82872
7.59952 ; 4.34056 ; -3.21855 ; 6.02058
6.51139 ; 4.01533 ; -5.25291 ; 5.5465
4.87343 ; 5.67872 ; -5.40468 ; 5.4834
4.35365 ; 5.89261 ; 5.56677 ; -5.14244
4.73578 ; 5.74292 ; 5.90873 ; -5.99959
5.60981 ; 4.79146 ; -5.80851 ; 5.81321
8.24283 ; 6.3305 ; -1.1605 ; -5.02659
6.35246 ; 4.60348 ; 4.31511 ; 5.81358
7.50424 ; 2.90522 ; -4.67628 ; -1.1428
4.101 ; 5.09276 ; 5.08753 ; 5.26957
4.38981 ; 4.18419 ; 5.78784 ; 1.28001
6.09074 ; 5.06691 ; -5.88392 ; -5.81508
6.71244 ; 4.29532 ; -5.76952 ; 6.05104
6.02505 ; 6.4351 ; -5.76613 ; 4.94604
5.46264 ; 6.27733 ; 5.6342 ; 5.0961
5.08218 ; 5.58048 ; -5.51348 ; 5.54376
4.96138 ; 5.62292 ; -5.45419 ; 5.51529
6.23515 ; 4.74469 ; 5.57994 ; -5.63878
5.93134 ; 4.56893 ; 5.69711 ; -5.59597
5.76694 ; 4.43821 ; -5.7833 ; -5.52887
5.39589 ; 5.96988 ; -5.69331 ; -5.32473
7.16369 ; 4.76162 ; 4.77796 ; 5.84037
7.07984 ; 7.29779 ; 4.37751 ; -3.21453
7.8293 ; 5.36387 ; -2.80206 ; -6.09217
5.92414 ; 4.25275 ; -5.44727 ; 5.92726
6.63981 ; 4.04658 ; 5.32123 ; -5.28562
4.0428 ; 4.45658 ; 4.22474 ; 6.17037
8.25242 ; 7.42013 ; -1.75599 ; 1.97837
7.52433 ; 2.68655 ; -5.11216 ; -2.02219
6.38538 ; 5.82044 ; -6.0411 ; -5.89342
6.02027 ; 5.69061 ; -5.79614 ; 5.4902
6.33528 ; 4.52768 ; 5.25913 ; 5.89423
5.7768 ; 5.07829 ; -5.8235 ; -5.83317
5.73224 ; 3.52583 ; 5.76493 ; -4.79958
5.48046 ; 3.77633 ; 5.87685 ; -4.67203
4.98556 ; 5.48191 ; -5.4743 ; 5.57508
6.03715 ; 4.8264 ; 5.6754 ; -5.68974
7.90092 ; 6.88234 ; -2.0389 ; -4.95001
6.78814 ; 4.80348 ; 5.19192 ; 5.80298
7.84429 ; 5.06778 ; -0.776312 ; 5.90036
5.51783 ; 5.41713 ; -5.79855 ; -5.82051
6.34478 ; 6.86916 ; -5.9412 ; 3.28348
6.45798 ; 6.19861 ; -6.11781 ; -5.60817
5.36957 ; 6.33924 ; 0.292056 ; -5.66481
4.69024 ; 3.39939 ; 6.10852 ; 5.13217
2.95434 ; 4.2322 ; -1.47048 ; -5.02186
7.1829 ; 5.66009 ; -5.21773 ; -6.12748
5.62522 ; 4.05803 ; -5.57264 ; -5.28814
6.4914 ; 5.76648 ; 5.42673 ; 5.44853
4.68191 ; 4.49656 ; 5.80911 ; -4.78312
6.11933 ; 4.55615 ; 5.59145 ; -5.58519
5.34189 ; 5.09648 ; -5.67105 ; 5.71816
7.16278 ; 5.27975 ; -5.00828 ; -6.04325
6.07628 ; 4.64804 ; 5.64791 ; -5.61949
7.64615 ; 4.5098 ; -2.6296 ; -5.52837
6.81777 ; 4.73611 ; -5.34356 ; 6.01609
6.48421 ; 4.13589 ; -5.8885 ; 5.9468
4.85628 ; 3.46861 ; 5.83023 ; -4.62548
3.23518 ; 5.96398 ; 0.275885 ; -6.12115
5.17985 ; 4.49449 ; 5.98117 ; 6.0174
7.14702 ; 3.56122 ; -2.00313 ; -4.65858
6.63495 ; 4.14717 ; 5.32824 ; -5.34555
7.47155 ; 2.84254 ; 1.76354 ; 3.48373
4.85156 ; 4.21164 ; -5.38366 ; -5.38904
4.64157 ; 3.99637 ; -5.24173 ; -5.24531
5.69801 ; 5.4593 ; 5.78041 ; 5.6539
5.86659 ; 5.00272 ; -5.8379 ; -5.82407
6.18196 ; 5.008 ; 5.55281 ; -5.74855
7.54461 ; 2.6553 ; -4.65014 ; -2.1188
6.78078 ; 4.34802 ; 5.12668 ; 5.84548
6.56675 ; 4.0755 ; -5.99918 ; 5.91838
5.26815 ; 4.37727 ; 6.0439 ; 5.90211
4.94785 ; 6.20706 ; 5.67553 ; -5.52589
5.71822 ; 4.23298 ; -5.85153 ; 5.55074
7.84629 ; 6.58989 ; -3.9893 ; 3.18444
5.66152 ; 5.02045 ; -5.78984 ; -5.80586
6.10707 ; 5.21918 ; 5.66006 ; 5.71045
4.02816 ; 7.2562 ; 5.41295 ; -1.31542
5.03876 ; 4.51941 ; -5.50699 ; -5.54993
5.75253 ; 6.5581 ; -5.76749 ; 4.79945
5.62783 ; 3.84773 ; -4.32058 ; 5.76169
3.63212 ; 5.90151 ; 0.187549 ; -4.14857
6.12105 ; 6.59751 ; -6.09155 ; -4.94485
5.57242 ; 5.09996 ; -5.74574 ; 5.77157
5.82151 ; 2.33233 ; 5.67319 ; -1.12189
5.46755 ; 4.99446 ; -5.74417 ; -5.74341
5.77183 ; 4.6075 ; -5.57074 ; 5.92085
7.14389 ; 6.40674 ; -5.69224 ; -1.31028
4.94244 ; 2.89106 ; 6.21889 ; 3.3037
6.46476 ; 4.34258 ; 5.44052 ; -5.46013
6.06551 ; 4.70387 ; 5.65707 ; -5.63807
6.54193 ; 5.91325 ; 5.38772 ; 5.36685
5.69431 ; 4.93756 ; 5.85002 ; 5.84909
7.61215 ; 3.16858 ; -4.81329 ; -2.6285
6.20146 ; 6.99178 ; -6.03504 ; -1.42561
7.02094 ; 4.54269 ; -3.86271 ; -4.86172
5.25998 ; 7.05945 ; 6.12026 ; -2.21995
5.31079 ; 4.25385 ; 6.05226 ; 5.81017
6.09465 ; 4.4116 ; 5.62289 ; -5.50694
4.85189 ; 5.81079 ; -5.38451 ; 5.41822
5.13396 ; 3.54674 ; -1.41382 ; 5.52476
5.656 ; 4.765 ; 5.87391 ; 5.86095
5.86392 ; 4.6324 ; 5.44746 ; 5.91766
3.04836 ; 3.71886 ; 0.197768 ; -4.65065
3.58233 ; 3.94302 ; 1.69759 ; 6.14173
7.50007 ; 6.77882 ; -0.0701765 ; 4.3548
6.50795 ; 2.5779 ; -5.94932 ; -1.75841
3.85901 ; 4.6786 ; 1.79934 ; 6.08522
6.26116 ; 5.16 ; 5.49897 ; -5.78385
8.22328 ; 5.43435 ; 0.274123 ; -6.10655
3.64224 ; 6.45532 ; 3.92502 ; -5.48099
4.81841 ; 5.96736 ; -5.35723 ; 5.33067
5.66261 ; 3.38366 ; 5.74442 ; -3.21551
6.58739 ; 2.74729 ; 5.1673 ; 2.97897
4.90115 ; 4.36636 ; 6.00716 ; 6.05671
5.07015 ; 4.39276 ; -5.51198 ; -5.49878
5.74243 ; 5.02606 ; 5.77501 ; -5.73134
3.46252 ; 6.28755 ; -3.26675 ; -5.59872
4.92371 ; 5.50138 ; 5.92471 ; -6.00237
6.2194 ; 5.96038 ; -5.84534 ; -5.77929
3.96977 ; 4.8354 ; -3.50724 ; 5.90922
7.6282 ; 3.00003 ; -4.83169 ; 1.13356
7.76046 ; 7.63184 ; -3.83775 ; 0.661768
5.04272 ; 6.13099 ; -5.46266 ; 5.23396
7.73032 ; 3.31766 ; -1.97534 ; 4.95289
5.56649 ; 4.25353 ; -5.8227 ; 5.3978
5.38204 ; 4.32759 ; -5.63834 ; -5.48333
7.69863 ; 7.24344 ; -4.19741 ; -3.30743
7.07283 ; 2.81391 ; -5.66666 ; -2.83876
5.78598 ; 5.20498 ; 5.69587 ; -5.83986
6.97799 ; 7.33272 ; -5.93903 ; 1.82064
6.91601 ; 4.08725 ; -5.82733 ; -1.20097
6.18807 ; 5.41898 ; 5.60367 ; 5.63019
4.88664 ; 3.32567 ; 6.11156 ; -0.141315
5.98415 ; 3.69139 ; 5.75592 ; 5.18185
6.6366 ; 5.10404 ; -5.73716 ; -5.92404
5.64372 ; 4.14061 ; 5.75144 ; -5.35547
5.29504 ; 7.27447 ; -5.49769 ; -1.35157
5.87316 ; 4.25504 ; -5.88383 ; 5.83256
6.22239 ; 6.75592 ; -1.01161 ; -3.68611
7.70058 ; 6.42761 ; -4.35686 ; -4.40377
5.22303 ; 5.0298 ; 5.86428 ; -5.8509
5.34384 ; 4.99484 ; 5.89718 ; 5.85595
4.89069 ; 5.80432 ; 2.05259 ; -5.99141
6.29164 ; 4.66619 ; -5.62508 ; -5.70856
3.47919 ; 5.70503 ; -0.740965 ; 5.46512
3.78976 ; 5.4416 ; -4.12673 ; -5.89381
7.03217 ; 3.54119 ; -5.78453 ; 5.29163
6.11501 ; 4.98705 ; 5.65192 ; -5.72058
6.70932 ; 4.49023 ; -5.78254 ; 6.0409
4.75198 ; 5.12397 ; -5.31077 ; 5.54077
5.34383 ; 4.85898 ; -5.68496 ; 5.77948
5.81067 ; 6.10076 ; 5.58526 ; 5.23786
8.25353 ; 5.12436 ; 2.51443 ; -5.76418
5.91894 ; 4.44166 ; 5.67603 ; -5.54198
4.91388 ; 5.85085 ; -5.41632 ; 5.40168
6.21719 ; 4.31411 ; 5.55999 ; -5.46007
6.40983 ; 7.53768 ; -4.10909 ; -0.32653
8.4201 ; 3.49887 ; 0.639355 ; -3.95657
5.53861 ; 7.4355 ; 6.02442 ; -0.334269
5.72507 ; 5.11763 ; 5.82535 ; 5.75058
5.34986 ; 5.14796 ; -5.66975 ; 5.7235
7.74913 ; 6.40279 ; 2.92218 ; -5.60991
7.59491 ; 3.87033 ; 4.15385 ; 5.27719
5.21686 ; 5.43253 ; -5.58872 ; 5.61513
4.93254 ; 5.88159 ; -5.42273 ; 5.38647
6.07777 ; 5.32723 ; -5.7463 ; 5.725
5.83538 ; 4.85604 ; -5.79816 ; -5.7685
5.64959 ; 6.00544 ; 5.11667 ; -5.8236
4.42184 ; 4.10861 ; 5.81449 ; 4.8433
5.82988 ; 6.44638 ; -6.01052 ; -4.9913
3.19175 ; 5.92651 ; -2.67577 ; 0.927754
4.41888 ; 4.8947 ; -4.96893 ; -5.7007
5.97133 ; 7.47366 ; -6.07136 ; 0.270529
5.24484 ; 4.61658 ; -5.61249 ; -5.60944
5.78528 ; 5.34184 ; 5.82751 ; -5.78478
4.37149 ; 5.98421 ; 5.59585 ; -6.00455
5.25319 ; 5.43382 ; 5.95566 ; -5.84777
5.72541 ; 4.40269 ; 5.90426 ; 5.83528
5.99073 ; 4.32708 ; -5.84656 ; -5.38843
8.33213 ; 2.52779 ; -1.16533 ; 0.140177
3.27815 ; 5.14643 ; -0.542618 ; -5.96013
6.12083 ; 4.69258 ; 5.68633 ; 5.7538
7.23664 ; 4.50937 ; -4.72766 ; 6.12213
4.89697 ; 2.8547 ; 6.20057 ; 0.992749
6.2451 ; 4.52492 ; 5.55891 ; -5.55883
5.94891 ; 6.50258 ; -5.78758 ; 4.87686
5.62141 ; 5.79773 ; 5.77282 ; 5.45099
5.52934 ; 6.1638 ; 5.94746 ; -5.39549
4.55346 ; 5.02697 ; -4.90668 ; -3.05786
5.03591 ; 5.81412 ; 5.97371 ; -5.19817
5.7365 ; 4.79524 ; 5.77307 ; -5.71174
5.07093 ; 4.71488 ; 5.98723 ; 5.45939
6.30499 ; 7.69344 ; 4.89555 ; -0.362674
5.22516 ; 5.36158 ; -5.5992 ; 5.64075
5.89673 ; 5.51654 ; -5.9534 ; -5.88608
4.42061 ; 5.52261 ; 4.39663 ; -5.95217
4.63256 ; 4.55246 ; -5.25346 ; -5.5419
6.55996 ; 6.00227 ; 5.34243 ; -5.60931
7.93815 ; 4.57806 ; 3.44713 ; 5.97241
5.0178 ; 6.52464 ; 6.09479 ; -0.942184
3.74872 ; 6.67932 ; -3.48055 ; -5.2259
5.4637 ; 5.83364 ; 5.98252 ; -5.32871
6.40329 ; 2.91757 ; 5.41838 ; -2.80228
4.03645 ; 2.50821 ; 5.5158 ; -0.103981
4.78798 ; 5.07767 ; 5.73648 ; -5.8555
3.95254 ; 3.41064 ; 5.00148 ; -2.07621
3.58645 ; 4.68317 ; -2.41987 ; 6.01469
4.84467 ; 5.93117 ; -5.37173 ; 5.35383
5.20984 ; 6.29985 ; 5.46854 ; -5.60225
4.69683 ; 4.98223 ; -5.23745 ; 5.11955
5.6956 ; 4.76731 ; -5.78698 ; -5.71935
5.8657 ; 3.66533 ; 5.84818 ; 5.32097
5.50731 ; 4.96587 ; -5.75171 ; 5.75055
5.34002 ; 6.45041 ; 5.24562 ; 3.34533
3.65493 ; 4.17143 ; 2.97521 ; 6.22027
5.76631 ; 4.57581 ; -5.80641 ; -5.56458
5.79664 ; 6.45667 ; -5.99348 ; -5.07911
5.00958 ; 5.08058 ; -5.50241 ; -5.72285
7.94306 ; 3.32265 ; 3.26077 ; -4.27696
7.16322 ; 2.86578 ; -5.72539 ; 2.18556
5.52393 ; 4.80365 ; -5.7261 ; -5.71415
6.46977 ; 4.36962 ; 5.4362 ; -5.47368
6.1327 ; 3.10377 ; 0.927236 ; 4.63952
5.26768 ; 4.35396 ; 6.02169 ; 5.97866
5.56953 ; 5.36065 ; -5.72078 ; 5.67578
6.47179 ; 5.88613 ; 5.4286 ; 5.38765
7.65875 ; 2.82267 ; -4.49488 ; 3.39335
6.49231 ; 5.02995 ; -5.40282 ; -5.88767
5.49177 ; 7.42677 ; 6.0184 ; -1.40842
6.46004 ; 5.89893 ; 5.15573 ; -5.76824
5.03165 ; 3.78222 ; -2.39441 ; 5.74665
6.2543 ; 5.0298 ; -5.86264 ; 5.7996
5.47372 ; 6.10725 ; 6.00998 ; -5.29796
8.14253 ; 4.99051 ; -1.25395 ; 5.85819
7.86701 ; 5.04854 ; -3.04553 ; -5.92132
5.29477 ; 5.17308 ; 5.86174 ; -5.88995
7.39152 ; 6.60553 ; 1.7943 ; -2.53872
3.0653 ; 7.57656 ; -1.32203 ; -0.421828
6.01217 ; 3.51754 ; -5.8439 ; -4.7493
6.48579 ; 4.1529 ; -5.93952 ; 5.9513
6.27309 ; 4.2011 ; -5.87104 ; 5.90785
4.49671 ; 4.95055 ; 5.74175 ; -4.7604
8.23493 ; 5.32427 ; 2.92507 ; 5.61557
4.92516 ; 6.61694 ; 3.32753 ; -5.19595
5.41385 ; 5.32655 ; -5.67957 ; 5.67091
7.28921 ; 2.47575 ; -5.55116 ; 0.227542
6.4493 ; 6.94285 ; 4.67292 ; -4.33968
5.94156 ; 5.1161 ; 5.74334 ; -5.73557
5.69425 ; 6.65697 ; 5.81627 ; -4.75466
4.57937 ; 5.43275 ; 5.63092 ; -6.00068
6.25589 ; 5.82563 ; -6.05302 ; -5.31169
4.59096 ; 5.70081 ; 5.69938 ; -6.03432
7.5832 ; 4.27301 ; -4.08784 ; 6.14092
5.01285 ; 3.90637 ; -4.70524 ; 5.74104
5.84787 ; 5.12204 ; -5.8204 ; 5.79522
4.14271 ; 4.98576 ; 4.69749 ; 5.93732
7.43246 ; 4.08874 ; 4.52891 ; -5.12161
6.88835 ; 3.87997 ; -4.58004 ; -4.70556
4.86098 ; 3.28774 ; 6.1897 ; 4.79278
5.44624 ; 4.76009 ; -5.73812 ; 5.66772
5.20905 ; 5.03626 ; 5.91 ; 5.87772
6.22197 ; 5.53803 ; -5.87857 ; -4.00763
6.04668 ; 6.27283 ; -3.04001 ; -5.62416
5.68379 ; 5.8839 ; 5.91298 ; -5.60832
5.64862 ; 5.11547 ; -5.67587 ; 5.78022
5.66883 ; 4.95364 ; -5.81195 ; -5.77539
5.91744 ; 6.01258 ; 5.75162 ; -5.45043
8.30609 ; 7.30071 ; 0.411249 ; -0.790135
6.94499 ; 4.43851 ; -5.41044 ; 6.09706
5.53245 ; 6.5138 ; 5.80601 ; -4.4133
5.46356 ; 5.01444 ; 5.87804 ; 5.85948
3.80784 ; 3.23483 ; -0.594213 ; 4.96414
5.98554 ; 6.1021 ; -6.03964 ; -5.48637
4.95258 ; 4.56109 ; -5.42985 ; -5.57111
5.80006 ; 5.16855 ; -5.73178 ; 5.77456
5.60545 ; 4.13432 ; -5.60913 ; -5.20904
3.8433 ; 3.61112 ; 1.83967 ; 5.71046
5.52408 ; 5.59574 ; 5.79913 ; 5.58745
7.25166 ; 6.69771 ; -5.58621 ; -4.83527
5.08219 ; 5.64316 ; -5.51384 ; 5.51467
5.08903 ; 4.80845 ; 5.9502 ; 5.96692
5.42988 ; 5.15452 ; 5.8465 ; 5.81754
4.3941 ; 2.84836 ; 4.06689 ; -3.47892
5.3175 ; 6.00935 ; 6.04345 ; -5.60247
4.19163 ; 2.74713 ; -4.35966 ; 3.34045
5.76294 ; 4.67164 ; 5.75639 ; -5.65985
5.60948 ; 4.76875 ; 5.7758 ; -5.7143
7.01672 ; 5.16149 ; -5.5877 ; -4.03539
4.7492 ; 4.63412 ; 5.82664 ; 6.01966
5.40832 ; 5.78193 ; -5.63102 ; 5.4589
5.46332 ; 5.29501 ; -5.69624 ; 5.69284
5.46513 ; 5.13627 ; 5.88929 ; -5.85101
6.06939 ; 3.53947 ; -6.07461 ; 4.30222
5.47105 ; 5.34297 ; -5.69799 ; 5.67303
5.76188 ; 5.11306 ; -5.81858 ; 5.74556
8.25191 ; 5.84608 ; -0.748212 ; -6.07338
5.32916 ; 5.15585 ; -5.66145 ; 5.70541
6.87204 ; 7.15138 ; 4.75931 ; -3.45887
5.67121 ; 3.29181 ; -5.42722 ; -4.15104
5.59453 ; 6.15531 ; -5.73541 ; -4.40574
5.98396 ; 5.14548 ; -5.91284 ; -5.87517
5.61547 ; 5.0375 ; 5.84827 ; -5.80792
5.65803 ; 5.2757 ; -5.83509 ; -5.80546
5.83047 ; 5.0807 ; 5.76118 ; -5.78945
5.11837 ; 3.99693 ; 6.10076 ; 5.10236
5.69423 ; 4.76188 ; -5.77187 ; -5.717
4.71046 ; 7.03782 ; -5.18229 ; -1.64024
4.42234 ; 4.12894 ; -4.17797 ; -5.23578
6.64509 ; 5.57324 ; -5.67697 ; 1.13893
7.30916 ; 6.51247 ; -5.03726 ; -5.45162
3.51061 ; 2.28226 ; -1.63971 ; -0.554172
5.3025 ; 5.34612 ; -5.63239 ; 5.65333
6.23634 ; 7.32041 ; -5.64439 ; -1.53915
6.01389 ; 5.22247 ; -5.91181 ; -5.9003
4.44943 ; 6.08716 ; -4.90829 ; -5.68285
7.4288 ; 7.44624 ; -2.34288 ; -2.44502
5.86172 ; 5.08827 ; -5.83745 ; 5.789
6.13362 ; 2.69632 ; -5.87091 ; -1.59309
5.43299 ; 6.13839 ; -5.62432 ; 5.22804
4.64318 ; 6.12686 ; -5.24065 ; 5.22185
5.10878 ; 5.55973 ; 5.99907 ; -5.9185
7.9926 ; 5.89496 ; -2.67739 ; -1.03353
5.90375 ; 4.70814 ; -5.75378 ; -5.70845
4.32034 ; 5.68226 ; 5.25055 ; -6.10071
7.26839 ; 5.75712 ; -4.92605 ; -6.14095
4.63537 ; 6.32892 ; 5.53739 ; -5.63435
6.77156 ; 5.16093 ; -5.51049 ; 5.84149
7.52621 ; 4.1487 ; -2.29486 ; 6.08792
5.72895 ; 5.36279 ; -5.86352 ; -5.79931
4.94983 ; 3.45972 ; 6.18101 ; 4.08134
5.46462 ; 4.38899 ; 5.99151 ; 5.92354
5.81668 ; 5.11596 ; 5.0205 ; -5.82719
6.40935 ; 6.90912 ; -6.18714 ; -3.08206
7.38223 ; 4.15341 ; -3.56955 ; 6.1372
5.90047 ; 6.97391 ; 5.49663 ; 4.3609
4.7135 ; 3.90834 ; 5.95197 ; 5.90744
5.29109 ; 5.79962 ; -5.51524 ; -5.80238
5.12659 ; 3.7486 ; 5.88208 ; -4.87686
5.44776 ; 5.07425 ; -5.71637 ; 5.75202
5.4985 ; 3.60267 ; 6.055 ; 4.78304
4.71405 ; 2.47184 ; 0.471239 ; 1.68243
3.66387 ; 5.17429 ; -4.00811 ; -5.83194
5.51651 ; 6.3097 ; 6.00345 ; -5.23134
5.34911 ; 4.54538 ; -5.64621 ; -5.59042
5.5885 ; 4.43854 ; -5.7105 ; -5.55438
6.1975 ; 5.70006 ; 5.57611 ; 5.5025
5.65253 ; 2.66034 ; 5.94152 ; -2.05781
6.00507 ; 5.4922 ; 5.65613 ; 5.61768
6.738 ; 4.03726 ; 5.25739 ; -5.27368
7.4267 ; 5.2876 ; -4.35297 ; -6.0661
4.55546 ; 5.10477 ; 5.48574 ; -5.93087
6.22241 ; 4.32961 ; -5.98153 ; 5.93127
7.61808 ; 6.61994 ; -4.46951 ; -5.5143
5.61674 ; 4.36969 ; 5.94947 ; 5.86739
6.36578 ; 4.46533 ; 5.51921 ; 5.73383
7.79834 ; 4.1002 ; -3.43515 ; 5.67626
7.67196 ; 2.63091 ; 3.82291 ; -3.27109
5.27578 ; 4.27647 ; -5.295 ; 3.72651
6.85209 ; 6.07828 ; 5.17588 ; 5.24182
3.86742 ; 4.09216 ; -4.36393 ; 5.56732
6.13111 ; 4.19909 ; -5.80928 ; -5.34047
7.27552 ; 4.60379 ; -4.59408 ; 6.10568
6.98745 ; 5.53156 ; -5.28997 ; -5.99822
5.31778 ; 5.34598 ; 5.88908 ; 5.67028
5.19759 ; 5.12257 ; -5.37975 ; 5.74893
5.65154 ; 5.35947 ; 5.80011 ; 5.70712
5.36245 ; 5.57258 ; -5.63506 ; 5.56387
5.39262 ; 7.47006 ; 5.97673 ; 2.98141
4.03219 ; 4.82799 ; 3.84847 ; 6.04973
8.1584 ; 6.97626 ; 0.219932 ; -3.89316
3.96102 ; 5.48341 ; 4.56225 ; 5.12829
8.23299 ; 5.90547 ; -1.34629 ; 5.2544
5.0683 ; 4.09646 ; 6.09532 ; 5.73096
4.70139 ; 5.0637 ; 5.64392 ; -5.88798
4.90217 ; 6.66053 ; 6.07482 ; -4.69894
6.07716 ; 7.24963 ; -6.05576 ; -2.60894
5.17757 ; 5.20744 ; 5.91011 ; -5.91012
4.87072 ; 4.16238 ; 5.92147 ; 5.9135
6.34375 ; 5.51128 ; 5.52237 ; 5.566
7.01969 ; 5.88295 ; -5.16619 ; -6.08298
6.44003 ; 5.64118 ; 5.46161 ; 5.51265
7.68507 ; 5.48342 ; 0.107547 ; -5.43569
4.64208 ; 4.6618 ; 5.68832 ; 6.01918
4.95295 ; 4.18268 ; 6.00704 ; 5.18184
6.41078 ; 4.08708 ; 5.50015 ; 5.57045
7.82797 ; 4.45436 ; 0.0294822 ; 6.12388
6.26563 ; 5.55585 ; 5.55793 ; 5.56124
5.33853 ; 3.84376 ; 5.89205 ; -4.85099
5.65067 ; 4.81214 ; 5.81227 ; -5.70023
5.62806 ; 5.4555 ; 5.89652 ; -5.81359
5.3534 ; 5.91834 ; 4.27185 ; 4.47951
3.22769 ; 4.25096 ; 1.04561 ; -5.24231
5.14516 ; 4.61883 ; 5.95519 ; 6.01298
3.63683 ; 6.24685 ; -3.48379 ; -0.850245
5.91462 ; 3.30157 ; -5.9901 ; 3.98255
3.60066 ; 5.32303 ; 3.45304 ; 5.75568
4.93658 ; 5.7717 ; -5.42908 ; 5.44508
7.17887 ; 6.11595 ; -5.19596 ; -5.98809
5.83684 ; 6.08832 ; -5.98792 ; -5.45313
5.26714 ; 6.66821 ; 6.05241 ; -4.77402
3.82045 ; 7.01274 ; -4.29393 ; 3.94695
3.7577 ; 5.55169 ; 2.63311 ; -6.118
7.77217 ; 7.33273 ; -4.39545 ; -0.163146
6.09103 ; 5.33865 ; 5.65762 ; 5.66969
4.97937 ; 6.72617 ; 6.17552 ; -4.44257
5.39538 ; 4.50328 ; 5.94095 ; 5.97326
5.99187 ; 5.211 ; 5.70908 ; 5.7322
6.1212 ; 4.25165 ; -3.96523 ; -5.28495
5.35091 ; 4.90666 ; -5.68572 ; 5.77033
6.24613 ; 5.01335 ; -5.85999 ; -5.8426
6.8682 ; 2.88345 ; 3.12805 ; 3.91294
6.3906 ; 5.77206 ; 5.48003 ; 5.45361
5.9808 ; 5.29005 ; 5.66293 ; 5.46666
7.1066 ; 6.77708 ; 4.70773 ; -4.20344
5.55819 ; 4.61048 ; 5.7845 ; -5.6432
7.23276 ; 4.64834 ; -4.89065 ; 6.07598
5.37115 ; 5.54667 ; -5.63745 ; 5.57911
3.18848 ; 5.00449 ; -2.40805 ; -5.65533
5.38883 ; 3.40166 ; -5.69822 ; 2.75754
3.89538 ; 2.79948 ; 4.79647 ; 3.33855
4.63686 ; 4.84873 ; 5.56533 ; 6.01186
4.80152 ; 6.08724 ; -5.33923 ; 5.25642
4.75999 ; 3.98921 ; -5.31438 ; -5.25026
6.1768 ; 5.03197 ; 5.61925 ; -5.73023
6.20635 ; 5.08651 ; 5.57957 ; -5.75361
7.14961 ; 5.8144 ; -5.46903 ; -5.47807
5.63489 ; 5.20875 ; -5.8284 ; -5.83463
5.13384 ; 5.52361 ; -5.54557 ; 5.5699
6.97055 ; 7.65085 ; 4.62277 ; -0.109743
5.71389 ; 4.81912 ; 5.86624 ; 5.84953
5.91267 ; 5.66265 ; -4.40184 ; -5.93785
6.50457 ; 5.81785 ; 5.41625 ; 5.42172
4.25396 ; 4.245 ; 5.13796 ; 6.16628
5.48309 ; 4.05168 ; 4.63386 ; 5.93505
5.69333 ; 4.97348 ; 5.82182 ; -5.75479
7.76504 ; 6.74024 ; -4.34571 ; -2.98723
6.07722 ; 4.77632 ; -5.77189 ; -5.75321
5.40831 ; 5.55824 ; -5.64425 ; 5.57622
5.7687 ; 5.52573 ; -5.914 ; -5.85266
5.6353 ; 4.25025 ; 5.77123 ; -5.40105
4.59585 ; 5.21912 ; 5.41614 ; -5.81341
6.53072 ; 6.53591 ; -6.11717 ; -3.51485
3.99487 ; 4.08475 ; 4.80288 ; 6.16513
6.01048 ; 4.33709 ; 5.73982 ; 5.80751
4.82099 ; 3.303 ; 6.20351 ; 4.5674
7.02773 ; 3.74503 ; -2.16685 ; 5.82656
7.27567 ; 6.32995 ; -5.46458 ; -4.14259
5.26116 ; 7.35586 ; 6.10292 ; -1.70741
4.26586 ; 6.06391 ; 1.41342 ; -5.93952
4.99395 ; 3.39276 ; 5.45865 ; 1.58045
4.45822 ; 7.47039 ; 1.25224 ; -1.89619
4.78367 ; 4.77562 ; -5.24936 ; 5.8066
4.09792 ; 4.93581 ; 5.35879 ; 1.68209
4.44767 ; 4.54184 ; -4.92737 ; 5.85507
8.06638 ; 6.81569 ; -2.93302 ; 4.04726
