5.46818 ; 2.20189 ; -5.40615 ; -1.16005
5.84634 ; 6.72685 ; -5.5906 ; 4.47538
5.85928 ; 5.19898 ; -5.59571 ; 4.606
7.01964 ; 6.17908 ; 5.04882 ; 5.12305
3.92068 ; 3.60743 ; -3.27583 ; -4.84632
6.88728 ; 6.36112 ; 5.10883 ; 5.03544
4.98739 ; 4.13846 ; -5.26781 ; -4.68303
4.73399 ; 7.4182 ; -4.95571 ; 3.85275
6.94851 ; 6.06989 ; -4.91998 ; 5.16013
5.52284 ; 4.571 ; -5.52931 ; -5.47973
6.0137 ; 2.56993 ; -5.76726 ; -2.70043
8.40893 ; 3.95315 ; 2.15832 ; -4.98639
4.85067 ; 3.18958 ; 5.88249 ; 3.59922
3.50893 ; 5.39628 ; 2.46255 ; 5.62755
7.70815 ; 4.0329 ; -3.16121 ; 5.44203
8.23416 ; 5.19248 ; -0.193505 ; -5.82483
5.59018 ; 3.90308 ; 5.78484 ; 5.10037
5.17989 ; 5.45351 ; -5.49866 ; -5.25763
4.78713 ; 3.4328 ; -4.0405 ; -2.81843
3.29248 ; 5.11561 ; 1.09355 ; -5.50327
4.61155 ; 3.87314 ; -5.15964 ; -5.12679
6.72453 ; 4.20372 ; 5.23052 ; -5.2719
5.38844 ; 4.58786 ; -5.4217 ; -5.47586
8.47519 ; 4.44246 ; 2.43327 ; -5.13164
4.98589 ; 5.0623 ; 5.20223 ; -5.68454
7.18892 ; 6.68536 ; -4.7575 ; 4.46325
3.57252 ; 5.4266 ; -2.28233 ; 5.48596
3.29738 ; 5.52021 ; -3.71337 ; 4.64285
7.14093 ; 6.46218 ; 4.94485 ; 4.94804
7.9154 ; 2.20477 ; 1.54316 ; 0.030496
5.99304 ; 4.47014 ; -5.59835 ; -5.25056
4.24476 ; 4.57632 ; -4.26441 ; 5.62676
5.82003 ; 4.89395 ; -5.61885 ; -5.5872
5.15137 ; 7.24909 ; -5.49595 ; 0.154129
5.01188 ; 4.14848 ; 5.78299 ; 5.55329
5.26577 ; 5.46784 ; -5.45754 ; 5.46454
4.37888 ; 3.83717 ; 4.83365 ; 5.55637
5.60192 ; 5.13073 ; 5.58975 ; 5.63323
5.98853 ; 4.30976 ; 5.46781 ; -5.36958
3.88073 ; 7.47774 ; 4.78073 ; 1.36642
6.33463 ; 7.28997 ; 4.2321 ; 3.96461
6.0855 ; 4.37646 ; 4.92483 ; -5.38116
8.25209 ; 6.61187 ; 3.24841 ; 4.51368
6.78791 ; 4.62629 ; 5.09136 ; 5.52891
5.90533 ; 3.1279 ; 5.58752 ; -3.78385
5.71507 ; 4.96926 ; 5.36605 ; 5.61984
4.63617 ; 5.83096 ; -5.19461 ; 5.28696
5.60235 ; 5.23699 ; 5.62241 ; 4.80162
4.9287 ; 3.80876 ; 5.77016 ; 4.45942
4.58342 ; 6.26667 ; -5.13732 ; 5.09359
5.4947 ; 4.65309 ; 5.70591 ; 5.6975
4.54529 ; 6.16367 ; -5.1266 ; 5.14396
6.25177 ; 5.3854 ; 5.45819 ; 5.49231
6.69785 ; 4.06405 ; 5.23461 ; -5.21605
3.60409 ; 2.6112 ; -2.22445 ; 1.21284
5.523 ; 3.41881 ; 5.55375 ; -4.72691
5.17157 ; 6.13439 ; -5.3925 ; 5.1416
5.72578 ; 4.40645 ; 5.52529 ; -5.417
4.93582 ; 5.97319 ; -5.31169 ; 5.25777
5.75335 ; 4.91755 ; -5.61584 ; -5.59842
2.8567 ; 5.91881 ; -1.45956 ; 5.11387
6.58656 ; 5.75073 ; 5.30358 ; 5.34676
5.95347 ; 4.34594 ; 5.48355 ; -5.38553
7.20476 ; 5.1227 ; -4.60942 ; 5.60373
4.29002 ; 3.45055 ; -4.93428 ; -4.83012
4.11763 ; 4.33364 ; 3.30478 ; -5.40316
5.57446 ; 4.82021 ; -5.61128 ; 5.56988
5.46915 ; 5.55867 ; -5.3409 ; 5.45298
5.50504 ; 5.25541 ; 5.60498 ; 5.6147
5.76308 ; 2.78515 ; 5.71858 ; -1.82521
7.37851 ; 5.06923 ; -4.2487 ; 5.65869
3.54783 ; 4.35581 ; 1.85952 ; 5.9343
5.23787 ; 5.54743 ; -5.43858 ; 5.44047
3.74953 ; 2.51177 ; 4.2564 ; 0.550997
5.59644 ; 5.77812 ; 5.71166 ; -4.21026
4.75242 ; 3.97817 ; -5.22902 ; -5.19101
5.20441 ; 4.79586 ; -5.48873 ; 5.48341
6.0388 ; 4.73973 ; -5.67512 ; 5.35487
4.9805 ; 5.07373 ; -4.96531 ; 5.56225
4.79131 ; 5.65989 ; -5.15442 ; -5.48658
5.36507 ; 2.86878 ; -5.59168 ; 0.0162926
5.29419 ; 4.11386 ; -5.41987 ; -5.27496
5.52434 ; 4.72115 ; 5.60137 ; -5.44382
6.1663 ; 5.59553 ; 5.47215 ; 5.44166
5.17032 ; 4.58932 ; -5.44634 ; -5.41631
7.44568 ; 4.39928 ; -3.02872 ; 5.86359
6.05761 ; 4.33009 ; -5.53223 ; -5.393
6.63389 ; 5.06502 ; -4.67368 ; -3.68259
6.78996 ; 2.63432 ; -5.54401 ; -2.91494
6.67682 ; 3.9875 ; 5.23629 ; -5.18691
5.94346 ; 4.17207 ; 5.46898 ; -5.30998
5.83736 ; 3.37813 ; 2.13719 ; 4.69945
5.16533 ; 4.81829 ; -5.24893 ; 5.34112
4.12585 ; 5.57008 ; -4.77414 ; 5.3967
8.22904 ; 6.07958 ; 2.63604 ; 5.09441
4.66345 ; 3.93066 ; -5.1917 ; -5.15619
4.14089 ; 7.24277 ; 5.30391 ; -2.54293
5.27207 ; 6.67953 ; 5.55973 ; 4.28583
8.07589 ; 5.20699 ; -0.743962 ; 5.70215
4.91881 ; 4.62722 ; -5.34417 ; -5.41484
6.40366 ; 4.02986 ; 5.34955 ; -5.22496
5.47258 ; 5.6889 ; -5.47479 ; 5.4058
7.28611 ; 5.09576 ; -0.555008 ; 5.00934
6.20147 ; 6.94353 ; -5.84034 ; -0.317651
5.50741 ; 6.72903 ; 5.84684 ; -3.92203
6.33753 ; 5.90452 ; 5.38549 ; 5.31052
7.09051 ; 3.16504 ; -2.66677 ; -4.03911
6.44969 ; 5.69694 ; 5.37949 ; -5.34492
5.17926 ; 6.60579 ; -3.89506 ; -4.59895
5.56053 ; 6.61444 ; -5.72563 ; -4.21664
6.55302 ; 4.88264 ; -5.58129 ; -1.88528
3.9162 ; 5.8039 ; 3.62576 ; -5.7905
5.10075 ; 5.2195 ; -5.45909 ; -5.48212
5.38007 ; 4.54531 ; -5.32173 ; 5.59381
3.32004 ; 4.84771 ; 0.896892 ; -5.6795
5.73947 ; 5.2378 ; -5.66453 ; -5.619
5.10035 ; 5.80308 ; -5.37647 ; 5.34363
6.42696 ; 4.06129 ; 5.39367 ; 5.3253
5.40793 ; 7.83698 ; -5.44601 ; 2.21959
6.1579 ; 5.86297 ; 5.54745 ; -5.17225
5.71352 ; 4.36462 ; -5.45688 ; -5.41767
4.38584 ; 5.79119 ; 5.19186 ; -5.58043
8.32634 ; 6.86929 ; 0.301538 ; -4.28269
3.56176 ; 2.62562 ; 0.467475 ; -3.32003
4.39035 ; 6.8513 ; 5.46022 ; -4.25349
5.89447 ; 7.3244 ; 5.58615 ; 1.34146
4.87952 ; 4.95848 ; -5.14337 ; -5.4048
6.90844 ; 6.18366 ; 5.11318 ; 5.13157
5.5164 ; 7.09198 ; 5.64523 ; 4.17941
5.33314 ; 3.82039 ; 5.53197 ; -4.98167
5.14287 ; 5.85238 ; -5.39183 ; 5.31417
4.81043 ; 7.66855 ; -5.18744 ; -0.663409
6.40138 ; 3.98854 ; 5.34752 ; -5.20462
7.16454 ; 4.93746 ; 4.90209 ; -5.48768
7.16916 ; 5.48405 ; -4.16918 ; 5.26852
7.8208 ; 4.0189 ; -2.03467 ; 5.83869
6.28791 ; 4.54567 ; 5.43136 ; -5.42037
5.65602 ; 4.41342 ; -5.45305 ; -5.4339
5.22359 ; 4.46951 ; -5.43634 ; -5.42524
4.28633 ; 4.41736 ; -4.98924 ; -5.32789
5.4961 ; 4.41448 ; -5.61786 ; 5.47429
4.15594 ; 4.16104 ; -4.8742 ; -5.23429
6.83006 ; 5.43409 ; -5.28002 ; -5.80869
5.37944 ; 7.51501 ; -5.20855 ; -1.21919
4.71245 ; 5.27614 ; -5.21434 ; 5.4722
5.31987 ; 3.25395 ; -5.5409 ; -0.119459
3.97703 ; 4.7376 ; 2.61964 ; -5.61149
6.09618 ; 5.06137 ; 5.53373 ; -5.52792
6.45537 ; 6.63919 ; 5.3084 ; 4.83747
7.08336 ; 6.18214 ; 5.00935 ; 5.11442
4.47564 ; 3.77473 ; 5.30217 ; 5.50547
6.19049 ; 3.01688 ; -5.40488 ; 3.70583
6.9155 ; 6.37473 ; 5.09234 ; 5.02618
8.14362 ; 3.80852 ; 2.17342 ; -0.612494
5.11959 ; 4.54171 ; -5.42505 ; -5.42139
4.8644 ; 5.08934 ; -5.31779 ; -5.42547
6.92529 ; 6.05204 ; 4.78417 ; 3.89609
6.25479 ; 4.40612 ; -5.57675 ; 5.63801
4.56615 ; 5.92633 ; -5.15383 ; 5.24138
6.21234 ; 4.39849 ; 5.5425 ; 5.45612
4.8775 ; 3.90638 ; -5.27669 ; -5.16358
5.37465 ; 6.63647 ; 5.73528 ; 2.08247
5.13846 ; 2.4659 ; -5.30504 ; 0.637573
6.02828 ; 4.95122 ; -5.61582 ; -5.64129
6.298 ; 4.72943 ; -5.29777 ; -5.58903
3.13826 ; 4.95663 ; -1.89219 ; -3.00982
7.62548 ; 7.94012 ; 4.01529 ; 1.66085
5.68081 ; 4.25015 ; 5.44189 ; -5.35184
4.36234 ; 2.803 ; -4.83602 ; -4.09973
8.39849 ; 6.94256 ; 2.86094 ; 4.11174
8.23397 ; 4.73204 ; 2.84429 ; -5.56904
4.67908 ; 3.91026 ; -5.19668 ; -5.15044
6.09882 ; 5.21687 ; -5.42737 ; 5.60745
7.07119 ; 3.65746 ; -4.80656 ; 3.87128
5.15961 ; 4.41171 ; -5.40318 ; -5.3862
4.81956 ; 4.10227 ; 3.65135 ; 5.53119
4.5976 ; 4.73884 ; 5.09449 ; 5.83093
6.67088 ; 4.17691 ; 5.25361 ; -5.26778
4.32629 ; 5.18839 ; 4.95667 ; 4.89932
3.911 ; 7.55538 ; 1.12648 ; -1.07602
6.65454 ; 5.3504 ; 4.97143 ; -5.4151
6.20202 ; 6.55554 ; 5.40509 ; 4.9094
5.85363 ; 4.6524 ; -5.67318 ; 5.64146
4.87145 ; 5.71436 ; -5.30769 ; 5.35446
5.44238 ; 4.83524 ; -5.52467 ; 5.55594
4.75562 ; 5.91226 ; 5.40919 ; -0.0474339
5.92941 ; 4.46958 ; 5.64461 ; 5.55963
6.44085 ; 4.89722 ; 5.32844 ; -5.49356
6.14829 ; 5.3385 ; 5.5018 ; 5.51468
5.90725 ; 5.53614 ; -5.45521 ; 5.49112
8.26472 ; 4.62137 ; 2.63545 ; -5.52762
6.6672 ; 5.24209 ; -4.68843 ; -5.53211
6.10963 ; 5.10774 ; 5.53932 ; 5.53429
5.56604 ; 4.66554 ; -5.62079 ; 5.57792
5.64875 ; 2.5018 ; 5.84818 ; 0.685023
4.34113 ; 4.65658 ; 4.62867 ; 5.867
4.57776 ; 6.18236 ; -5.14173 ; 5.13528
5.22371 ; 6.94485 ; -5.43839 ; 4.26808
6.84191 ; 4.12642 ; 5.165 ; -5.2361
6.82402 ; 5.73675 ; 5.19073 ; 5.32489
3.91453 ; 6.84632 ; -4.62503 ; 4.61384
6.78921 ; 3.75705 ; 5.16735 ; -5.06238
5.81816 ; 2.24248 ; 5.68683 ; -0.897535
7.18634 ; 4.73803 ; -4.47013 ; -5.65091
6.86045 ; 6.20801 ; 5.13685 ; 5.12378
6.49542 ; 5.3431 ; 5.36578 ; 5.478
7.10877 ; 3.54731 ; 4.96291 ; -4.90269
6.0305 ; 4.51433 ; 5.42544 ; -5.4389
3.43993 ; 3.87172 ; -3.85348 ; -4.97114
3.87394 ; 2.75631 ; 4.06884 ; -3.36578
4.97178 ; 6.1047 ; -5.30746 ; 5.20041
6.79959 ; 3.01324 ; -4.54428 ; 2.94834
6.51215 ; 6.00805 ; -5.19145 ; 5.24725
5.81386 ; 3.87882 ; -5.7433 ; 5.03086
5.12566 ; 6.38749 ; 4.84409 ; 4.93954
4.12995 ; 5.14133 ; 4.63547 ; 5.62751
5.95271 ; 5.92064 ; 5.48122 ; 5.32071
6.40024 ; 3.98458 ; 5.34209 ; -5.20547
6.70951 ; 6.00702 ; 5.2303 ; 5.23481
6.09169 ; 5.23275 ; 5.50088 ; 5.54999
6.59096 ; 5.8459 ; 5.2986 ; 5.31388
7.39475 ; 4.79274 ; -3.96815 ; -5.68234
4.48819 ; 6.07518 ; -5.10317 ; 5.18005
6.95136 ; 4.79556 ; -4.9172 ; 5.81337
5.49554 ; 5.18139 ; -5.59757 ; -5.44237
5.75094 ; 5.45516 ; -5.52222 ; 5.51306
7.40621 ; 5.42723 ; -3.14669 ; 5.58795
5.74933 ; 5.12691 ; 5.63466 ; -5.57298
5.63253 ; 5.45393 ; -5.55367 ; 5.34449
6.93876 ; 4.60756 ; -4.39107 ; -5.57048
3.05333 ; 6.93199 ; -0.472135 ; -4.61331
5.39367 ; 7.18839 ; 5.84085 ; 0.193518
5.0333 ; 6.50082 ; 5.83702 ; -4.57189
7.07012 ; 5.187 ; -3.37294 ; 5.64963
5.10952 ; 6.73594 ; 5.87718 ; -3.20489
4.53693 ; 6.49539 ; 5.53134 ; -3.40174
6.82103 ; 3.97673 ; 5.16773 ; -5.17312
4.08255 ; 4.6896 ; 3.51027 ; -5.59936
4.04622 ; 4.94493 ; 1.51518 ; -5.66854
6.06668 ; 5.88006 ; 5.42301 ; 5.33399
4.26251 ; 6.42694 ; -4.94225 ; 4.97344
6.76269 ; 3.89006 ; 5.13395 ; -4.74543
4.94462 ; 4.11801 ; -5.32866 ; -5.25766
3.50707 ; 6.80848 ; -3.21359 ; -4.3673
4.29455 ; 5.12359 ; 0.41976 ; 5.66255
5.862 ; 4.50414 ; 5.52438 ; -5.41634
4.09192 ; 7.11544 ; -4.58377 ; -3.54108
6.48608 ; 4.40936 ; 5.34879 ; -5.36619
4.32934 ; 6.51728 ; -4.97577 ; 4.92046
4.6545 ; 3.3396 ; 5.03504 ; -2.96261
6.75851 ; 5.77245 ; -5.28937 ; -5.74152
4.2354 ; 5.28958 ; 2.45435 ; -5.76197
6.47156 ; 4.6135 ; 5.36452 ; -5.41837
8.0107 ; 5.66993 ; 1.88228 ; -5.5324
3.32583 ; 5.62419 ; -0.628217 ; -5.81924
3.93816 ; 5.0134 ; -4.6529 ; -5.40975
6.90459 ; 3.72568 ; 5.10536 ; -5.0309
4.46502 ; 2.98028 ; 5.58013 ; 0.0483508
5.48543 ; 6.35504 ; 5.81094 ; -4.65076
5.88389 ; 7.52874 ; 5.65254 ; 2.31513
6.26103 ; 4.49692 ; -5.31602 ; -5.49771
6.79669 ; 4.64326 ; -5.42749 ; -1.11043
5.17882 ; 5.79357 ; -5.40235 ; 5.34883
6.51389 ; 4.6801 ; 5.34895 ; -5.42322
4.74611 ; 4.23637 ; -5.25481 ; -5.2931
6.00225 ; 4.79045 ; -5.57953 ; -5.59517
6.04761 ; 4.54898 ; -5.25899 ; -5.50318
4.50614 ; 6.1872 ; -5.10509 ; 5.129
7.13418 ; 6.61534 ; 4.93162 ; 4.8407
6.63679 ; 4.76633 ; 5.24112 ; 5.56082
6.66608 ; 4.12741 ; -4.38951 ; 5.67755
3.46335 ; 4.15247 ; 2.42781 ; 5.8076
6.6902 ; 3.98928 ; 5.2184 ; -5.1918
4.76788 ; 6.21835 ; -5.2234 ; 5.13066
8.11745 ; 5.10186 ; -1.15835 ; -5.79472
5.40019 ; 4.86337 ; 5.59167 ; -5.60256
3.42833 ; 5.07742 ; 1.34225 ; 5.78822
3.93416 ; 3.24986 ; -2.21192 ; 3.9291
5.75943 ; 7.62992 ; 5.62366 ; 2.14294
4.36194 ; 3.9381 ; -4.09024 ; 5.30853
6.10549 ; 4.66085 ; -5.4362 ; -5.0515
7.21703 ; 6.55996 ; 4.87901 ; 4.87228
5.97994 ; 5.76979 ; 5.48743 ; 5.38858
3.54873 ; 3.0595 ; -3.98345 ; -4.22098
5.23508 ; 5.28969 ; -5.46663 ; 5.38927
4.78337 ; 4.58693 ; 5.43675 ; 5.39529
5.79256 ; 5.2022 ; -5.59387 ; 5.41266
8.38592 ; 5.14277 ; 1.82492 ; -5.73684
6.65484 ; 6.99452 ; 5.09447 ; 4.47519
5.68891 ; 6.58931 ; 5.67491 ; -3.60913
5.80697 ; 5.53804 ; -5.64361 ; -1.22959
8.0917 ; 4.7912 ; 2.58561 ; 5.76977
4.47391 ; 6.53914 ; -5.05883 ; 4.91371
4.30936 ; 6.42525 ; -4.97216 ; 4.97884
6.79337 ; 6.01455 ; 5.18861 ; 5.22176
5.09642 ; 4.66276 ; -5.31538 ; -5.47461
3.96462 ; 5.3707 ; 3.19094 ; 5.09712
6.92704 ; 6.29776 ; 5.09295 ; 5.06947
4.66658 ; 4.38277 ; -5.16355 ; -5.35702
8.39282 ; 2.47714 ; 1.63145 ; -2.91411
4.20598 ; 3.58322 ; -4.89334 ; -4.91495
6.17297 ; 4.63685 ; 5.43434 ; -5.43085
6.17263 ; 5.06159 ; 5.47008 ; 2.18577
6.09673 ; 2.538 ; 3.70698 ; 1.41776
4.96607 ; 6.01299 ; -5.31508 ; 5.24506
4.4189 ; 6.7281 ; -4.5453 ; -4.31817
5.23443 ; 5.38913 ; -5.42987 ; 5.48583
6.70591 ; 3.76189 ; 5.20563 ; -5.06964
6.52315 ; 5.69224 ; -5.23283 ; 5.43949
4.86503 ; 5.40355 ; -5.34756 ; -5.26135
5.86892 ; 3.58713 ; 5.55332 ; -4.62822
6.65789 ; 5.49334 ; 4.2819 ; 5.45189
3.92176 ; 4.91161 ; -4.53896 ; -5.52015
7.91757 ; 6.20502 ; -3.22901 ; 1.91664
5.62142 ; 4.12319 ; 5.60623 ; -4.47344
4.99302 ; 4.29078 ; 4.91362 ; 5.57574
4.2559 ; 2.53909 ; -3.63398 ; -2.96983
5.228 ; 7.38629 ; -5.42507 ; 3.92245
7.24714 ; 7.60465 ; 4.48474 ; -1.47861
6.66799 ; 5.35081 ; -5.438 ; -5.78107
8.48468 ; 2.58707 ; 2.009 ; -2.49463
4.45394 ; 3.71219 ; -5.06297 ; -5.02283
6.83485 ; 3.94324 ; 5.15887 ; -5.15548
6.21697 ; 4.89595 ; 5.47855 ; -5.49775
4.58053 ; 6.38765 ; -5.12754 ; 5.01957
4.28997 ; 6.25978 ; 4.83344 ; 4.98544
7.78546 ; 7.06222 ; 3.83026 ; -3.38437
5.20116 ; 3.95331 ; 5.4726 ; -5.03177
5.86889 ; 5.7408 ; 5.56555 ; 3.46246
4.9043 ; 2.598 ; 5.61383 ; -3.15874
6.42304 ; 4.22313 ; 5.36241 ; -5.29406
4.95283 ; 5.42421 ; -5.33772 ; 5.45055
6.37448 ; 5.96143 ; 5.36922 ; 5.2818
8.02546 ; 5.57438 ; 3.67021 ; -5.61396
4.94846 ; 6.96532 ; 5.82243 ; 0.00962165
7.59139 ; 4.88283 ; 1.11902 ; -5.58435
7.9311 ; 7.02526 ; -2.64427 ; 3.69129
5.41834 ; 2.40234 ; 5.86864 ; -1.48749
4.76065 ; 5.98937 ; -5.2405 ; 5.24166
6.63462 ; 5.86958 ; 5.278 ; 5.29783
7.28115 ; 6.06437 ; -4.48896 ; -5.5026
5.87763 ; 5.87638 ; -5.46027 ; 5.32016
5.18011 ; 5.67394 ; -5.41124 ; 5.39281
4.37806 ; 5.44021 ; 4.04486 ; -5.79097
4.89684 ; 3.67085 ; -5.30937 ; 4.34202
6.16041 ; 3.04616 ; -5.88978 ; 2.35179
3.12904 ; 4.97525 ; -1.47757 ; -5.69543
6.44453 ; 5.98801 ; 5.34291 ; 5.26593
6.60267 ; 6.23584 ; 5.25895 ; 5.12606
5.83863 ; 4.29209 ; -5.47883 ; -5.39175
7.05461 ; 3.65574 ; 5.00799 ; -4.97901
4.40213 ; 3.69433 ; -5.03008 ; -5.00759
4.27422 ; 2.53126 ; -4.37458 ; 2.20567
4.02711 ; 2.95033 ; 5.08482 ; 3.56596
6.15903 ; 7.18249 ; 5.56195 ; -2.41704
7.05625 ; 4.6171 ; -4.64698 ; -5.58384
5.22939 ; 5.54456 ; -5.43783 ; 5.43627
4.8071 ; 5.01169 ; -5.19601 ; -5.51961
5.11134 ; 5.74781 ; -5.37655 ; 5.36489
5.83013 ; 2.40221 ; -5.58788 ; -0.366779
6.92741 ; 5.94291 ; -4.64322 ; 4.15353
3.86863 ; 2.62717 ; 4.84704 ; 1.65806
5.68264 ; 6.00623 ; 5.74423 ; -5.17025
5.53424 ; 5.27503 ; -5.54555 ; 5.52666
6.04991 ; 4.68083 ; 5.50001 ; -5.47539
5.66875 ; 6.73195 ; -5.52026 ; 4.67849
6.46733 ; 5.01325 ; 5.39759 ; 5.46998
6.4998 ; 5.71847 ; 5.34621 ; 5.36671
5.47721 ; 5.54378 ; 5.71983 ; -5.38308
6.50996 ; 5.49089 ; 5.25162 ; 5.45296
6.22372 ; 4.19667 ; 5.43138 ; -5.2672
6.94235 ; 6.10858 ; 5.10057 ; 5.16335
8.31155 ; 4.79236 ; 2.45544 ; -5.61176
3.53054 ; 2.29411 ; -2.01975 ; 0.693372
7.08079 ; 7.16535 ; -2.18706 ; -3.48679
4.50814 ; 5.59158 ; 4.95553 ; 5.52656
5.87701 ; 5.77556 ; 5.64761 ; -5.31604
4.40311 ; 6.24993 ; -5.04355 ; 5.08803
5.30102 ; 5.96283 ; 5.4313 ; 5.24123
4.2475 ; 7.3958 ; 5.19299 ; -1.35194
5.78026 ; 4.31774 ; 5.51102 ; -5.37668
5.98993 ; 2.90548 ; 5.46042 ; -4.21601
5.93271 ; 3.86228 ; 5.69071 ; 4.86569
6.08565 ; 7.41308 ; 5.46891 ; 3.64218
5.27195 ; 5.1959 ; 5.5131 ; 5.61862
5.17182 ; 4.64847 ; -5.4522 ; -5.45862
4.89663 ; 5.72449 ; -5.3167 ; 5.35079
4.96211 ; 4.40248 ; -5.35683 ; -5.37624
8.29035 ; 4.66664 ; 2.46099 ; -5.55551
3.85108 ; 4.46502 ; -4.29684 ; 5.50789
5.08379 ; 5.01667 ; -5.44266 ; -5.49818
6.12291 ; 4.11253 ; 5.43247 ; -5.2768
6.39185 ; 5.19266 ; -5.37633 ; 5.65236
3.97207 ; 4.6414 ; 3.87379 ; -5.58443
5.00897 ; 4.75476 ; 5.52464 ; 5.70435
5.50538 ; 4.6632 ; -5.54407 ; -5.49742
7.89661 ; 2.49799 ; -2.16904 ; 1.42038
7.29706 ; 6.63625 ; -4.67595 ; 4.44767
4.14137 ; 3.83298 ; -4.80164 ; -4.95696
4.08079 ; 4.32104 ; -4.77874 ; -5.30808
6.66837 ; 5.72835 ; 5.27203 ; 5.34631
6.11407 ; 4.00324 ; 5.45441 ; -5.16294
6.49659 ; 6.03611 ; -5.68793 ; -5.51853
5.61706 ; 3.91569 ; 5.67377 ; -1.45424
4.41236 ; 3.90395 ; 4.87547 ; -5.08572
6.00386 ; 4.04957 ; 5.65438 ; 5.20792
5.34123 ; 5.15364 ; -5.51195 ; 5.53952
6.78073 ; 4.04788 ; 5.19166 ; -5.20803
5.22217 ; 4.23418 ; 5.77882 ; 5.50762
6.07951 ; 4.44524 ; 5.49437 ; -5.23623
3.94397 ; 5.68739 ; -0.783921 ; 5.35121
4.11736 ; 7.50306 ; -4.43296 ; -1.99991
5.70057 ; 5.41407 ; 5.06321 ; 5.52877
4.52265 ; 5.72218 ; -5.12569 ; 5.3296
6.29722 ; 4.34434 ; -5.70942 ; 5.67982
4.7321 ; 4.24808 ; -5.12114 ; -4.2939
5.69576 ; 4.6582 ; -5.57254 ; -5.51738
5.70116 ; 7.55285 ; -5.79741 ; -0.331779
4.52496 ; 6.2353 ; -5.11051 ; 5.10657
6.43112 ; 5.77831 ; 5.36347 ; 5.35434
6.35801 ; 5.46582 ; -5.5352 ; 5.07247
5.81224 ; 5.22938 ; 5.58648 ; 2.37851
6.97487 ; 2.33724 ; 4.63847 ; -0.366192
5.28478 ; 3.40154 ; -5.54909 ; 3.61994
6.31979 ; 6.15423 ; -5.11982 ; -5.3356
4.95093 ; 5.51047 ; -5.35088 ; 5.37292
5.69317 ; 4.60909 ; 5.69322 ; 5.64401
4.59002 ; 4.47093 ; 4.16997 ; -5.47138
5.71616 ; 4.36526 ; 5.72116 ; 5.3942
6.2056 ; 4.1519 ; -5.45705 ; -5.31589
4.94868 ; 3.76658 ; -5.30349 ; -5.07358
5.65702 ; 2.88504 ; 5.487 ; -4.13589
5.60055 ; 2.73155 ; 5.62753 ; -3.8421
7.32603 ; 3.87009 ; -3.06922 ; -5.00252
4.89335 ; 5.5854 ; -5.32418 ; 5.38425
5.15543 ; 7.43611 ; 5.94023 ; -1.26012
6.67162 ; 5.27868 ; -5.02158 ; -5.76771
5.55194 ; 4.36029 ; 5.52677 ; -5.39717
4.66167 ; 5.90431 ; -5.20139 ; 5.26741
5.36492 ; 3.61708 ; -5.46355 ; -4.87887
3.87955 ; 7.07947 ; 4.3442 ; 4.00482
5.45482 ; 2.74165 ; 5.85848 ; -0.364232
5.09671 ; 6.91495 ; 5.05959 ; 4.17439
5.32973 ; 4.66112 ; -5.5013 ; -5.47795
4.24286 ; 7.50783 ; 5.37727 ; -1.37917
6.02629 ; 4.70895 ; 5.14855 ; -5.46766
4.66808 ; 5.89601 ; -5.19878 ; 5.26498
6.26243 ; 5.38697 ; 5.46046 ; 5.48444
5.96913 ; 4.64838 ; -5.54543 ; -5.52781
4.89192 ; 4.33222 ; -5.3251 ; -5.34676
7.42326 ; 3.54416 ; -4.6818 ; 4.96275
7.66303 ; 5.10913 ; 3.51094 ; 5.5727
6.31896 ; 6.34448 ; 5.32401 ; 0.0891304
6.10541 ; 4.98815 ; 5.54493 ; 5.56233
5.66328 ; 4.13902 ; -5.44796 ; -5.31231
5.62592 ; 4.35443 ; -1.39685 ; 5.64323
5.42337 ; 4.29891 ; -5.47076 ; -5.37782
6.92552 ; 4.17962 ; 5.11455 ; -5.25281
3.08411 ; 6.89242 ; -2.54517 ; -3.28234
3.83093 ; 5.45738 ; 3.43174 ; 5.61184
4.68891 ; 6.04285 ; -5.20511 ; 5.21164
5.19443 ; 5.62389 ; -5.42101 ; 5.41253
6.06489 ; 5.91626 ; 5.46901 ; 5.31052
6.20349 ; 5.49815 ; -5.55389 ; 5.3686
7.22783 ; 5.96561 ; -5.06105 ; -2.23617
4.31748 ; 4.78975 ; -2.59633 ; -5.53608
4.44096 ; 6.59786 ; 3.77589 ; 3.08895
6.52711 ; 5.12358 ; 1.05329 ; -5.61797
4.45652 ; 5.7455 ; -5.09575 ; 5.31051
6.08269 ; 4.253 ; -5.44942 ; -5.38051
4.50793 ; 6.40029 ; -5.08631 ; 5.0111
4.96732 ; 3.85806 ; -5.30382 ; -5.14233
6.58707 ; 5.89387 ; -5.17515 ; 5.26355
7.90794 ; 7.01158 ; -3.52869 ; 2.36268
5.35233 ; 4.0833 ; -5.53196 ; 2.0666
7.48188 ; 6.03833 ; 4.08631 ; -5.43311
4.20594 ; 6.47353 ; -4.89862 ; 4.93894
6.42564 ; 4.01622 ; 5.42957 ; 5.2329
5.13725 ; 4.38988 ; -5.40354 ; -5.38996
4.95814 ; 4.04474 ; -5.32217 ; -5.23801
6.53483 ; 4.00829 ; 5.29934 ; -5.20913
5.65286 ; 2.54916 ; 5.81483 ; 0.52038
3.13612 ; 4.45703 ; -2.32163 ; -5.42965
5.47241 ; 5.03287 ; -5.57623 ; -5.4078
5.69538 ; 4.12963 ; 5.75655 ; 5.32351
5.62414 ; 7.18087 ; -5.72401 ; -0.18478
4.85829 ; 4.99089 ; -5.33498 ; -5.47745
8.30333 ; 4.42932 ; 1.87181 ; -5.44572
5.75296 ; 2.18696 ; 1.30499 ; -0.952407
5.31456 ; 3.87526 ; -5.43977 ; -5.12181
5.79141 ; 3.38725 ; -5.7841 ; 3.3022
7.56632 ; 7.05773 ; -2.91118 ; 1.64541
5.6653 ; 5.3404 ; -5.57929 ; 3.74893
4.66231 ; 4.27907 ; -5.21677 ; -5.30455
6.59665 ; 3.90699 ; 5.26526 ; -5.15533
5.44428 ; 6.49206 ; 5.75235 ; -0.297184
3.71144 ; 4.80259 ; 2.61011 ; 5.87985
3.54314 ; 4.75436 ; -3.99821 ; 5.6516
6.60921 ; 4.37978 ; 5.29368 ; -5.32662
5.3434 ; 5.26343 ; 5.56663 ; -5.65015
5.40416 ; 5.55116 ; 5.7036 ; -4.3659
6.4354 ; 5.86814 ; 5.35365 ; 5.31913
5.25855 ; 5.50103 ; -3.98721 ; 5.41086
4.2577 ; 3.60926 ; -4.93192 ; -4.9373
5.33639 ; 5.11522 ; 5.64034 ; 5.66545
5.49056 ; 3.79946 ; -5.0782 ; -1.27423
4.69012 ; 3.99792 ; -5.21003 ; -5.19018
6.70648 ; 4.54455 ; 5.25193 ; -5.35345
4.89338 ; 5.02573 ; 5.51736 ; 5.71896
6.08001 ; 3.65574 ; 5.45309 ; -4.95181
4.37264 ; 6.26243 ; 3.25455 ; 4.71797
6.28851 ; 4.19837 ; 5.37648 ; -5.30869
5.29117 ; 5.5296 ; -5.42768 ; 5.4496
5.61906 ; 5.92676 ; 5.58984 ; 4.44054
6.93015 ; 6.23416 ; 5.09683 ; 5.10384
5.38118 ; 4.14643 ; 5.50229 ; -5.29087
5.71179 ; 5.87653 ; 5.53399 ; 5.33436
4.75925 ; 6.25496 ; -5.21647 ; 5.11009
8.25651 ; 3.64371 ; -0.676541 ; 5.03661
5.91587 ; 3.0675 ; -5.61675 ; -4.26704
3.23476 ; 6.78515 ; 0.309989 ; -2.53104
5.60722 ; 4.05402 ; 5.78742 ; 5.27753
8.42767 ; 6.83678 ; 2.80914 ; 3.85992
3.33808 ; 5.2463 ; 1.62514 ; 5.70283
3.13654 ; 4.6903 ; -3.23094 ; 5.3128
6.18016 ; 6.82085 ; 5.25887 ; 4.54615
5.61645 ; 6.8516 ; -5.65233 ; 1.68181
6.07078 ; 5.15799 ; 5.4847 ; -5.55421
5.84408 ; 6.9786 ; 5.66199 ; 0.95428
5.5287 ; 4.19387 ; 4.39578 ; 5.44947
6.82061 ; 5.36679 ; -4.96338 ; -5.78964
5.39 ; 4.52785 ; 4.70303 ; 5.7042
4.74303 ; 4.05183 ; -5.23802 ; -5.22327
4.72802 ; 4.28204 ; 4.83398 ; 5.75496
6.57199 ; 5.55708 ; 4.86488 ; -5.34176
5.88623 ; 4.93022 ; -5.07492 ; -5.38321
6.47143 ; 4.77017 ; -5.44692 ; -5.61122
6.64225 ; 4.53969 ; 5.28411 ; -5.36297
3.90699 ; 5.14769 ; 3.32039 ; 5.71545
4.3801 ; 5.0572 ; 4.98178 ; -5.62897
5.08625 ; 4.44197 ; 5.69962 ; 5.75669
5.61204 ; 4.66453 ; -5.22248 ; -5.51214
4.71613 ; 6.23408 ; 5.49221 ; 4.28156
7.9914 ; 4.83707 ; 3.42031 ; -5.51813
7.27766 ; 4.94261 ; -3.84735 ; 5.70507
5.9861 ; 4.56998 ; -5.20729 ; 5.44947
4.33296 ; 6.22706 ; -5.00307 ; 5.09372
4.91033 ; 5.37837 ; 5.55676 ; -5.15908
5.32665 ; 5.14296 ; 5.65435 ; -5.65136
5.02896 ; 5.37278 ; -5.39013 ; 5.44865
8.12678 ; 5.82784 ; -2.07942 ; -5.30988
6.78397 ; 5.18484 ; 4.24466 ; 5.48443
7.03661 ; 2.79094 ; -5.19766 ; -0.575064
4.60975 ; 5.61972 ; 5.29131 ; 5.05789
4.96859 ; 4.31219 ; 5.68559 ; 1.58667
5.50235 ; 4.4854 ; -5.50422 ; -5.41719
6.13548 ; 4.90043 ; -5.57704 ; 5.69256
5.44843 ; 6.9297 ; -5.44806 ; 4.54816
6.02606 ; 6.78694 ; 5.35387 ; 4.70522
4.53083 ; 6.13485 ; -5.11886 ; 5.15737
4.41596 ; 6.17445 ; -5.0558 ; 5.12802
6.79314 ; 4.18081 ; 5.19306 ; -5.25976
6.50105 ; 4.00934 ; 5.31462 ; -5.20748
5.18861 ; 3.88532 ; -5.39712 ; -5.14273
4.82656 ; 5.43741 ; -5.28085 ; -5.26445
7.64149 ; 5.34566 ; 4.40476 ; 5.48507
7.51759 ; 6.97633 ; 3.97781 ; -4.05074
7.54909 ; 4.75465 ; -3.52666 ; -5.6593
5.37941 ; 4.84547 ; -5.21334 ; 5.6099
7.17193 ; 3.51802 ; 4.91665 ; -4.87614
4.46527 ; 5.07362 ; 4.65596 ; 5.75169
8.07682 ; 7.61796 ; -2.86573 ; 1.24123
7.01311 ; 2.48433 ; -5.55588 ; -1.40226
5.78127 ; 5.2311 ; -5.66349 ; -5.59992
5.44065 ; 6.23963 ; -5.45001 ; 5.10714
6.8612 ; 5.1171 ; 4.95942 ; 5.54502
5.19445 ; 4.49498 ; -5.42224 ; -5.42839
6.30874 ; 3.04587 ; 5.38645 ; -4.40428
6.06814 ; 3.30912 ; 5.5028 ; -4.38026
4.43813 ; 6.03942 ; -5.07722 ; 5.193
6.60469 ; 4.25742 ; 5.28664 ; -5.30596
7.69703 ; 6.38734 ; -2.90739 ; -5.43114
7.30734 ; 5.38378 ; 4.81449 ; 5.44865
7.76666 ; 5.65782 ; -1.40808 ; 5.45215
4.93798 ; 4.83507 ; -5.37021 ; -5.47006
5.75066 ; 7.19751 ; -5.643 ; 2.98887
5.8462 ; 5.63779 ; -5.73679 ; -5.52245
5.39877 ; 5.77276 ; 0.39131 ; -5.57982
5.30109 ; 3.91261 ; 5.83297 ; 5.37019
2.80729 ; 3.73002 ; -0.718924 ; -4.62601
6.66112 ; 5.04734 ; -5.35329 ; -5.72864
5.06796 ; 3.52922 ; -5.24224 ; -4.9035
7.03408 ; 6.31133 ; 5.02938 ; 5.05135
5.26282 ; 4.01824 ; 5.6068 ; -4.60839
6.67848 ; 3.99763 ; 5.21786 ; -5.19632
4.77478 ; 5.6683 ; -5.26884 ; 5.34838
6.66195 ; 4.67542 ; -5.18649 ; -5.5974
6.64107 ; 4.08609 ; 5.26156 ; -5.23403
7.38319 ; 3.95697 ; -3.28599 ; -5.10583
6.28341 ; 5.33772 ; -5.32054 ; 5.58471
5.89536 ; 4.73057 ; -5.59894 ; 5.6613
5.4393 ; 3.00606 ; 5.62676 ; -4.22652
3.26277 ; 5.35187 ; 1.04577 ; -5.85964
5.77797 ; 5.09623 ; 5.60142 ; 5.62149
6.94671 ; 3.09536 ; -2.52748 ; -4.24195
7.16778 ; 3.61262 ; 4.92726 ; -4.94124
7.6479 ; 3.19091 ; 1.35345 ; 4.32012
4.31319 ; 3.67273 ; -4.97378 ; -4.98471
4.11739 ; 3.47184 ; -4.8167 ; -4.82555
6.27605 ; 6.02469 ; 5.39954 ; 5.25601
5.2828 ; 4.42031 ; -5.44281 ; -5.41294
6.73724 ; 4.43315 ; 5.18641 ; -5.3688
7.0796 ; 2.44342 ; -5.22557 ; -1.4843
7.29344 ; 4.93257 ; 4.75912 ; 5.56638
5.96683 ; 4.66734 ; -5.68379 ; 5.66284
5.87253 ; 4.96748 ; 5.62378 ; 5.5759
5.51541 ; 5.65447 ; 5.48553 ; -5.46848
5.13306 ; 4.78806 ; -5.42939 ; 5.38509
7.44736 ; 6.90834 ; -4.71866 ; 2.87149
5.08253 ; 4.43986 ; -5.38668 ; -5.40397
6.67307 ; 5.79022 ; 5.26552 ; 5.32462
4.56946 ; 7.12466 ; 5.68675 ; -2.12507
4.48806 ; 3.96442 ; -5.1045 ; -5.15945
5.17579 ; 7.03804 ; -5.3929 ; 4.40561
5.19578 ; 4.42389 ; -4.32585 ; 5.60919
3.65087 ; 5.48665 ; 0.762069 ; -4.43272
5.51189 ; 6.10303 ; -5.66045 ; -5.17598
4.99784 ; 5.67712 ; -5.34795 ; 5.38071
6.38883 ; 2.22014 ; 5.29897 ; -0.391959
4.89313 ; 4.42011 ; -5.33229 ; -5.36277
5.21476 ; 5.19959 ; -5.26673 ; 5.53964
6.57466 ; 6.27571 ; -5.69824 ; -1.77044
5.56433 ; 3.22144 ; 5.85369 ; 4.03785
7.00881 ; 3.79657 ; 5.04893 ; -5.06712
6.63122 ; 4.14006 ; 5.26957 ; -5.25468
7.08071 ; 6.44993 ; 4.986 ; 4.96305
6.27931 ; 5.52247 ; 5.44169 ; 5.44842
7.13082 ; 2.90573 ; -5.3165 ; -2.2285
5.59796 ; 6.84922 ; -5.66359 ; -2.04038
6.63467 ; 4.05652 ; -4.22799 ; -4.67286
5.87201 ; 6.83746 ; 5.70009 ; -2.89694
5.91601 ; 4.83487 ; 5.62388 ; 5.54587
6.65694 ; 3.86091 ; 5.23962 ; -5.12052
4.31344 ; 6.35262 ; -4.98042 ; 5.02275
4.99258 ; 4.09921 ; -1.4075 ; 5.56138
6.24339 ; 5.3511 ; 5.46127 ; 5.48012
6.40867 ; 5.22417 ; 5.16721 ; 5.53415
3.06814 ; 3.2538 ; 1.09431 ; -4.17181
3.75209 ; 4.55719 ; 2.43904 ; 5.90928
7.49305 ; 7.2143 ; -0.599877 ; 3.87294
5.91302 ; 2.40206 ; -5.72545 ; -1.17245
4.03894 ; 5.28712 ; 2.39403 ; 5.65804
6.81106 ; 4.58161 ; 5.13732 ; -5.41326
8.2507 ; 4.8237 ; -0.437993 ; -5.69879
4.03475 ; 5.90723 ; 4.61198 ; -5.611
4.28269 ; 6.50043 ; -4.94832 ; 4.92815
6.23705 ; 3.06211 ; 5.38953 ; -3.00105
7.10412 ; 3.04519 ; 4.74604 ; 3.80318
5.50187 ; 4.97203 ; 5.67526 ; 5.67669
4.51895 ; 3.84288 ; -5.11029 ; -5.10324
6.31993 ; 4.45293 ; 5.39033 ; -5.36032
3.13584 ; 5.72768 ; -2.75852 ; -5.64446
5.51619 ; 4.90114 ; 5.61458 ; -5.59931
5.63486 ; 5.38245 ; -5.52268 ; -5.55859
3.61905 ; 5.42632 ; -3.24208 ; 5.51981
7.14503 ; 3.11338 ; -5.35692 ; 1.88633
7.37668 ; 7.69802 ; -4.68266 ; -0.206369
4.49645 ; 6.65439 ; -5.06104 ; 4.83039
7.53279 ; 3.81294 ; -2.74752 ; 5.36509
4.98422 ; 4.79331 ; -5.38725 ; 5.28227
4.81821 ; 3.77926 ; -5.24526 ; -5.08861
7.27888 ; 6.91269 ; -4.90876 ; -4.18496
6.50616 ; 2.53003 ; -5.73081 ; -2.33937
6.35556 ; 4.621 ; 5.33612 ; -5.44914
6.38408 ; 7.51478 ; -5.87052 ; 1.28553
6.33328 ; 3.96715 ; -5.67648 ; -1.10862
6.74843 ; 5.982 ; 5.21282 ; 5.24167
5.49779 ; 3.31154 ; 5.78636 ; 0.25878
6.55975 ; 4.20958 ; 5.32965 ; 5.27818
6.06288 ; 4.51163 ; -5.52532 ; -5.48946
6.21886 ; 3.60506 ; 5.39395 ; -4.96816
4.74527 ; 7.13932 ; -5.1052 ; -2.07494
5.28477 ; 4.8383 ; -5.47453 ; 5.55396
6.12123 ; 6.38731 ; -1.22751 ; -4.20333
7.26489 ; 5.98723 ; -4.94746 ; -4.81355
5.80946 ; 4.44471 ; 5.51905 ; -5.43114
5.93356 ; 5.58043 ; 5.51867 ; 5.44562
5.09595 ; 5.20518 ; 2.36802 ; -5.65432
5.72913 ; 4.09533 ; -5.38515 ; -5.28926
3.4051 ; 6.25154 ; -0.202139 ; 5.01786
3.37709 ; 4.85222 ; -3.71743 ; -5.55328
6.45372 ; 4.07035 ; -5.72339 ; 5.45435
6.6802 ; 4.41499 ; 5.26002 ; -5.34875
6.13107 ; 5.09432 ; -5.57747 ; 5.64499
4.22091 ; 5.67805 ; -4.92221 ; 5.23267
4.77533 ; 5.43693 ; -5.27667 ; 5.42036
6.36919 ; 6.62455 ; 5.25689 ; 4.85073
8.50498 ; 4.54794 ; 1.93803 ; -5.41198
6.48654 ; 3.88746 ; 5.3026 ; -5.151
4.37225 ; 6.39101 ; -5.01323 ; 5.0056
6.77319 ; 3.76811 ; 5.17572 ; -5.06843
5.99892 ; 7.50503 ; -4.38458 ; -1.10033
8.48403 ; 3.10322 ; -0.231083 ; -3.51122
6.14106 ; 7.40207 ; 5.58069 ; -1.03735
6.30761 ; 5.69269 ; 5.42237 ; 5.36546
4.78289 ; 5.72031 ; -5.26911 ; 5.34426
8.04134 ; 5.8418 ; 2.5033 ; -5.68069
8.0103 ; 4.39805 ; 3.70771 ; 5.38214
4.65799 ; 5.99404 ; -5.19415 ; 5.2316
4.39027 ; 6.42024 ; -5.02022 ; 4.98956
5.50314 ; 5.89973 ; -5.42296 ; 5.3176
5.25556 ; 4.27919 ; -5.415 ; -5.35906
6.16126 ; 5.42308 ; 4.97273 ; -5.58723
5.00329 ; 4.59294 ; 5.69635 ; 4.96555
5.22883 ; 5.94725 ; -5.54883 ; -5.156
2.92417 ; 6.01928 ; -2.08622 ; 0.752512
3.92198 ; 4.32463 ; -4.59587 ; -5.31192
5.3642 ; 7.50071 ; -5.63615 ; -0.393822
4.68359 ; 4.05564 ; -5.21185 ; -5.21905
6.36803 ; 4.76336 ; 5.41501 ; -5.43642
4.93108 ; 5.38375 ; 5.57463 ; -5.72711
5.84876 ; 4.84904 ; 5.56973 ; -5.49208
6.31583 ; 4.98622 ; 5.46953 ; 5.52595
5.40608 ; 3.78824 ; -5.47214 ; -5.02818
8.21559 ; 2.54181 ; -2.29892 ; 1.13765
3.22389 ; 4.55042 ; 0.0910311 ; -5.52255
6.68946 ; 5.26796 ; 5.27855 ; 5.43028
6.76387 ; 5.12158 ; -5.0081 ; 5.70201
5.51702 ; 2.95398 ; 5.85954 ; 1.68997
6.80099 ; 3.96903 ; 5.17441 ; -5.17201
5.37015 ; 6.99026 ; -5.44611 ; 4.47832
6.19869 ; 6.34283 ; 5.40712 ; 5.06342
6.12408 ; 5.62425 ; 5.52699 ; -5.35768
4.06279 ; 4.72119 ; -4.58753 ; -3.21459
5.63328 ; 5.2943 ; 5.6289 ; -5.15174
6.31381 ; 4.22406 ; 5.39081 ; -5.3158
5.66966 ; 5.26082 ; 5.62022 ; 5.24712
6.79454 ; 7.65718 ; 4.61156 ; -1.21417
4.66524 ; 5.92566 ; -5.20321 ; 5.25935
5.30139 ; 4.92793 ; -5.51792 ; -5.52557
4.86027 ; 4.92739 ; 4.67292 ; -5.58763
4.10721 ; 3.99827 ; -4.84676 ; -5.1488
7.0942 ; 5.44134 ; 4.9473 ; -5.47724
8.28286 ; 5.1753 ; 2.98151 ; 5.62735
5.62728 ; 6.43042 ; 5.72613 ; -1.35693
3.40066 ; 6.15673 ; -3.04327 ; -5.51213
6.06195 ; 5.30077 ; 5.55587 ; -5.23619
6.94513 ; 2.63734 ; 4.98324 ; -2.40186
4.58803 ; 2.49781 ; 5.79437 ; 0.737392
5.36163 ; 4.49212 ; 5.52881 ; -5.44079
4.45269 ; 3.20302 ; 5.37129 ; -1.77853
3.34446 ; 5.28464 ; -2.03867 ; 5.62592
4.3075 ; 6.46656 ; -4.96539 ; 4.95311
5.75669 ; 5.73963 ; 5.30006 ; -5.53355
4.17309 ; 5.49419 ; -4.85891 ; 4.97421
5.1169 ; 4.19538 ; -5.38866 ; -5.31649
6.45052 ; 4.19743 ; 5.40875 ; 5.37982
4.93214 ; 5.54092 ; -5.34231 ; 5.38643
5.86458 ; 6.78494 ; 5.12714 ; 3.20195
3.95246 ; 4.79346 ; 3.68938 ; 5.87516
5.18567 ; 4.01935 ; -5.41084 ; -5.18985
5.19729 ; 5.94876 ; -5.53272 ; -5.22191
4.45934 ; 4.50829 ; -5.10426 ; -5.36232
8.26913 ; 2.89495 ; 2.70444 ; -3.76666
6.59068 ; 3.08433 ; -5.7948 ; 3.00638
4.95132 ; 4.23223 ; -5.32851 ; -5.31771
7.01339 ; 3.82225 ; 5.0459 ; -5.08126
6.22542 ; 3.56773 ; 0.917213 ; 5.08529
5.86985 ; 4.95182 ; 5.61211 ; 5.62404
4.99745 ; 5.92823 ; -5.33128 ; 5.28481
7.01465 ; 6.4249 ; 5.03001 ; 4.98614
7.20926 ; 3.162 ; -5.13178 ; 4.26939
5.95203 ; 4.44118 ; -5.28031 ; -5.455
6.09361 ; 7.28592 ; 5.59032 ; -2.20164
6.97561 ; 5.32211 ; 4.84643 ; -5.54605
4.79221 ; 4.35688 ; -2.41861 ; 5.63339
5.66803 ; 5.60976 ; -5.51941 ; 5.40597
6.07472 ; 5.57745 ; 5.57209 ; -5.2785
8.01714 ; 5.57633 ; -2.06248 ; 5.4488
7.56245 ; 4.45641 ; -3.77496 ; -5.48166
5.88095 ; 4.58409 ; 5.50581 ; -5.4753
7.57095 ; 6.35166 ; 1.48148 ; -3.13983
2.9331 ; 7.53438 ; -0.407901 ; -1.45411
5.42778 ; 3.04261 ; -5.48832 ; -4.36026
5.89184 ; 4.74803 ; -5.62796 ; 5.66014
5.68599 ; 4.79189 ; -5.54108 ; 5.61669
5.07088 ; 4.47451 ; 5.60402 ; -4.67614
8.52744 ; 5.88583 ; 2.35035 ; 5.20392
5.25791 ; 6.09734 ; 3.65698 ; -5.37354
4.84589 ; 5.89364 ; -5.28365 ; 5.28582
6.7341 ; 2.4985 ; -5.77885 ; 1.10972
6.91659 ; 6.50888 ; 4.44173 ; -4.84455
6.51589 ; 4.54255 ; 5.3431 ; -5.3759
6.27587 ; 6.1815 ; 5.41841 ; -5.04593
5.14247 ; 4.83268 ; 5.5177 ; -5.59241
5.65059 ; 5.29446 ; -5.64448 ; -5.2312
5.16089 ; 5.09738 ; 5.56466 ; -5.66659
7.17442 ; 4.8871 ; -4.62599 ; 5.7883
4.54232 ; 4.48047 ; -4.50926 ; 5.59689
5.26583 ; 5.70156 ; -5.43016 ; 5.39137
4.61246 ; 5.57949 ; 4.98893 ; 5.50058
7.88536 ; 3.57658 ; 4.09217 ; -4.72825
6.43034 ; 3.40942 ; -4.81765 ; -4.39666
5.47995 ; 3.76702 ; 5.83691 ; 5.15091
4.87242 ; 5.32686 ; -5.32391 ; 5.36645
5.80005 ; 5.62403 ; 5.54772 ; 5.4527
5.63411 ; 5.13727 ; -5.53131 ; -4.16732
5.74267 ; 5.71041 ; -3.26801 ; -5.53833
6.27509 ; 5.32306 ; 5.47896 ; -5.42841
5.08104 ; 5.69349 ; -5.31605 ; 5.38369
5.08763 ; 4.3761 ; -5.40065 ; -5.37678
6.49261 ; 5.46754 ; 5.34113 ; -5.35845
8.34722 ; 7.22169 ; -0.51947 ; -1.71024
6.40395 ; 5.04821 ; -5.40806 ; 5.69434
6.11305 ; 6.07247 ; 5.44681 ; -4.7321
6.05137 ; 5.60039 ; 5.48952 ; 5.44477
3.74842 ; 3.73124 ; -0.0809754 ; 5.3932
5.38158 ; 5.55347 ; -5.59068 ; -5.40452
4.40959 ; 4.00397 ; -5.03816 ; -5.17827
5.22689 ; 5.74601 ; -5.37064 ; 5.37301
5.04454 ; 3.61341 ; -5.26251 ; -4.86668
4.02726 ; 4.18216 ; 2.51032 ; 5.7497
6.10399 ; 6.15449 ; 5.43785 ; 5.19014
6.69304 ; 6.21419 ; -5.69423 ; -5.20266
4.5308 ; 6.19463 ; -5.11742 ; 5.12724
5.68405 ; 5.40514 ; 5.59417 ; 5.54079
6.01453 ; 5.73627 ; 5.47621 ; 5.4002
4.80079 ; 2.50047 ; 4.52952 ; -2.97015
5.92185 ; 5.4491 ; 5.61821 ; -5.45608
3.75566 ; 3.08118 ; -3.90509 ; 4.20225
6.33858 ; 4.10565 ; 5.37653 ; -5.2652
6.18706 ; 4.19732 ; 5.40952 ; -5.31331
6.45795 ; 4.75795 ; -5.53368 ; -4.13701
5.33186 ; 5.23608 ; 5.59733 ; 5.60799
4.84522 ; 6.32782 ; -5.24695 ; 5.07045
4.89369 ; 5.86429 ; -5.30149 ; 5.30445
6.05405 ; 4.55117 ; 5.4963 ; -5.44667
5.46193 ; 3.96969 ; -5.63138 ; 4.65695
4.90125 ; 5.91027 ; -5.3033 ; 5.28525
5.18002 ; 5.68762 ; -5.41744 ; 5.36307
8.17709 ; 5.23875 ; -1.59544 ; -5.81003
4.76302 ; 5.72639 ; -5.26083 ; 5.33203
7.34797 ; 6.80549 ; 4.36413 ; -4.19353
5.12849 ; 2.87671 ; -5.15397 ; -3.80643
5.02099 ; 5.71474 ; -5.34114 ; -4.6242
5.39268 ; 4.55796 ; -5.50444 ; -5.46314
6.20029 ; 4.45671 ; 5.45095 ; -5.40736
5.07452 ; 4.69515 ; -5.41306 ; -5.43875
6.40658 ; 4.50176 ; 5.37017 ; -5.40294
5.72845 ; 4.50716 ; 5.69546 ; 5.14903
5.11704 ; 4.19017 ; -5.37946 ; -5.31447
4.19223 ; 6.87379 ; -4.73855 ; -2.31172
4.00454 ; 3.60537 ; -3.94911 ; -4.8407
6.0774 ; 5.68714 ; -5.49942 ; 1.14607
6.80543 ; 5.96731 ; -5.32656 ; -5.57574
3.34664 ; 2.22684 ; -0.943144 ; 0.442464
4.73926 ; 5.91146 ; -5.23679 ; 5.27051
5.67191 ; 7.16649 ; -5.45739 ; -2.30316
5.42271 ; 4.63244 ; -5.50903 ; -5.48851
3.95861 ; 5.51887 ; -4.52976 ; -5.56074
7.19452 ; 7.20174 ; -3.08369 ; -3.40786
5.27797 ; 5.66717 ; -5.44196 ; 5.39196
5.54653 ; 2.53701 ; -5.55974 ; -1.07394
4.87056 ; 6.66119 ; -5.24278 ; 4.83387
4.11912 ; 6.64904 ; -4.81839 ; 4.80508
5.70868 ; 4.96788 ; 5.62219 ; -5.55824
7.72486 ; 5.7916 ; -3.50142 ; -1.37888
5.32837 ; 4.1373 ; -5.39892 ; -5.30012
4.8454 ; 5.07219 ; 5.34818 ; -5.70893
6.77579 ; 5.14302 ; -5.17745 ; -5.76339
5.1891 ; 5.76548 ; 5.48248 ; -5.58781
6.22051 ; 5.74508 ; -5.41715 ; 5.40514
7.29673 ; 4.75749 ; -2.92021 ; 5.79128
5.1426 ; 4.78286 ; -5.43971 ; -5.44812
5.56793 ; 3.86786 ; 5.79975 ; 4.514
6.06378 ; 4.98135 ; 5.5609 ; 5.58193
6.31873 ; 4.53324 ; 4.8805 ; -5.42984
5.79064 ; 6.60091 ; -5.79713 ; -3.70829
7.02528 ; 4.76713 ; -4.10219 ; 5.80774
6.45013 ; 7.41 ; 5.16894 ; 3.91146
5.3087 ; 4.49909 ; 5.70856 ; 5.70921
4.73956 ; 5.21938 ; -5.15292 ; -5.53233
5.71479 ; 3.26092 ; 5.57999 ; -4.51786
4.87612 ; 5.64945 ; -5.3125 ; 5.37226
6.104 ; 4.08097 ; 5.60278 ; 5.01412
4.76118 ; 2.64008 ; 0.83398 ; 2.62723
3.26306 ; 4.5911 ; -3.57152 ; -5.45245
6.11686 ; 5.78657 ; 5.56222 ; -5.28575
4.78449 ; 3.98634 ; -5.24881 ; -5.19687
5.01745 ; 3.8831 ; -5.32486 ; -5.15833
6.75511 ; 6.25031 ; 5.18658 ; 5.10921
6.24669 ; 2.45456 ; 5.50966 ; -1.55269
6.57068 ; 6.05397 ; 5.27544 ; 5.22508
7.26374 ; 3.5099 ; 4.84742 ; -4.86058
6.9914 ; 4.68099 ; -4.77044 ; -5.61685
5.10403 ; 4.51168 ; 5.42752 ; -5.48942
5.62426 ; 4.92274 ; -5.59102 ; 5.602
7.17112 ; 6.06851 ; -5.02365 ; -5.68415
6.21168 ; 4.95643 ; 5.51307 ; 5.55154
6.9177 ; 5.03871 ; 5.1246 ; 5.46229
7.45482 ; 4.66783 ; -4.14564 ; 5.5847
8.05426 ; 2.3038 ; 3.253 ; -2.59511
4.74628 ; 4.64912 ; -5.00174 ; 3.97198
7.36968 ; 6.60246 ; 4.75328 ; 4.82143
3.43103 ; 4.6489 ; -3.91592 ; 5.50622
5.55018 ; 3.66505 ; -5.4774 ; -4.96722
6.81611 ; 5.21436 ; -4.91444 ; 5.67274
6.45845 ; 4.93174 ; -5.33827 ; -5.62097
5.90669 ; 5.91301 ; 5.51991 ; 5.28124
4.65961 ; 5.69746 ; -5.05839 ; 5.36305
6.23155 ; 5.93018 ; 5.41792 ; 5.30467
4.79894 ; 6.12896 ; -5.24499 ; 5.17747
5.9903 ; 7.7682 ; 5.59605 ; 2.45805
4.41704 ; 5.43297 ; 4.32697 ; 5.59961
8.18039 ; 6.58694 ; -0.603249 ; -4.65464
4.41724 ; 5.99624 ; 4.9518 ; 4.8676
8.09836 ; 6.43091 ; -2.23775 ; 4.78719
5.67783 ; 4.66956 ; 5.69907 ; 5.54142
5.26578 ; 4.4749 ; 5.4919 ; -5.45711
5.50965 ; 6.19064 ; 5.75028 ; -5.02521
5.47158 ; 6.98873 ; -5.65114 ; -3.37138
5.76858 ; 4.61643 ; 5.55364 ; -5.49311
5.46287 ; 4.75373 ; 5.64138 ; 5.64188
6.89599 ; 6.06788 ; 5.12955 ; 5.181
6.50307 ; 5.27465 ; -5.27808 ; -5.75006
6.9862 ; 6.19244 ; 5.06747 ; 5.11988
7.69582 ; 4.93985 ; -0.37987 ; -5.29122
5.21091 ; 5.26372 ; 5.53862 ; 5.60507
5.55365 ; 4.70086 ; 5.67117 ; 5.16729
6.9608 ; 4.64413 ; 5.09016 ; 5.44316
7.83092 ; 5.06675 ; -0.529421 ; 5.74112
6.82142 ; 6.11197 ; 5.16608 ; 5.17224
5.92773 ; 3.35866 ; 5.53859 ; -4.53183
6.2319 ; 4.24211 ; 5.4255 ; -5.3108
6.21771 ; 4.87414 ; 5.4783 ; -5.47166
5.78059 ; 6.36629 ; 4.37516 ; 4.32693
3.33226 ; 3.72673 ; 1.88249 ; -4.80605
5.74068 ; 5.22012 ; 5.59022 ; 5.59771
3.28845 ; 6.16182 ; -3.04084 ; -1.26633
5.31561 ; 3.69982 ; -5.55436 ; 4.46547
3.94597 ; 5.89859 ; 4.13639 ; 5.30979
4.39367 ; 6.31621 ; -5.02932 ; 5.0518
6.65928 ; 5.51714 ; -5.36294 ; -5.76887
5.23805 ; 5.543 ; -5.53356 ; -5.37735
5.87238 ; 6.19081 ; 5.64966 ; -5.07032
3.39106 ; 7.40743 ; -3.74566 ; 3.42923
4.02101 ; 4.93989 ; 3.2918 ; -5.70775
7.33263 ; 7.31642 ; -5.11707 ; -0.959821
6.65679 ; 5.90562 ; 5.26491 ; 5.28171
5.59692 ; 6.28191 ; 5.7882 ; -4.8425
5.98947 ; 5.1006 ; 5.54175 ; 5.59048
6.56277 ; 5.78422 ; 5.31387 ; 5.34025
5.72468 ; 3.72316 ; -4.11458 ; -4.94094
4.78234 ; 5.4837 ; -5.27873 ; 5.40773
5.66013 ; 4.42909 ; -5.51646 ; -5.42551
7.18101 ; 3.27474 ; 2.9588 ; 4.62324
6.9386 ; 6.31742 ; 5.0851 ; 5.05723
6.54709 ; 5.83671 ; 5.28635 ; 5.16189
7.57737 ; 6.35674 ; 4.2791 ; -4.71767
6.13664 ; 4.04616 ; 5.42389 ; -5.24418
6.74369 ; 5.25594 ; -5.12525 ; 5.64531
4.8074 ; 6.10458 ; -5.24821 ; 5.19169
2.94768 ; 4.43896 ; -1.84811 ; -5.30101
4.81901 ; 3.67741 ; -5.26291 ; 3.29553
4.37503 ; 3.13333 ; 5.31218 ; 4.21096
5.19339 ; 5.44991 ; 5.45966 ; 5.56533
4.26759 ; 6.61288 ; -4.92702 ; 4.84736
4.22855 ; 3.46418 ; -4.89552 ; -4.83344
6.73872 ; 4.45895 ; 5.22929 ; -5.36111
6.76431 ; 4.51115 ; 5.19924 ; -5.38337
6.60271 ; 5.26659 ; -5.51889 ; -5.37827
5.05205 ; 4.62528 ; -5.4061 ; -5.44675
4.57928 ; 6.0806 ; -5.15008 ; 5.18547
7.43282 ; 7.63987 ; 4.17761 ; -0.965251
6.30051 ; 5.40407 ; 5.44895 ; 5.46589
5.47249 ; 5.06886 ; -4.44441 ; -5.58237
7.0462 ; 6.36003 ; 5.01754 ; 5.02233
4.76775 ; 4.86163 ; 5.2998 ; 5.79177
5.94648 ; 4.64518 ; 4.64768 ; 5.66064
6.27551 ; 4.398 ; 5.42498 ; -5.36714
7.33047 ; 6.44152 ; -4.99872 ; -3.67125
5.50003 ; 4.201 ; -5.43676 ; -5.33651
4.84389 ; 6.11587 ; -5.25805 ; 5.18844
5.1773 ; 4.94046 ; -5.47534 ; -5.50664
6.21242 ; 3.71015 ; 5.40651 ; -5.02218
5.13746 ; 4.63778 ; 5.37228 ; -5.44254
5.91901 ; 6.18442 ; -5.77169 ; -3.98861
4.47516 ; 4.70126 ; 5.15173 ; 5.84849
6.58446 ; 4.91784 ; 5.325 ; 5.52409
5.44134 ; 3.75974 ; 5.85379 ; 4.97404
6.81104 ; 4.32769 ; -2.64385 ; 5.72818
6.72921 ; 5.91569 ; -5.59245 ; -4.52812
5.87146 ; 7.18512 ; 5.70009 ; -2.49189
4.4072 ; 5.46996 ; 1.87316 ; -5.71768
5.53982 ; 3.5508 ; 5.36533 ; 2.10342
4.58345 ; 7.28077 ; 1.75311 ; -2.79812
4.25874 ; 5.35629 ; -4.88488 ; 5.45847
4.6338 ; 5.10402 ; 5.48023 ; 1.85363
3.95493 ; 5.12735 ; -4.56559 ; 5.54135
7.77307 ; 7.22042 ; -3.87786 ; 3.53506
