4.92757 ; 2.08588 ; -5.0784 ; -0.345006
5.28728 ; 7.17438 ; -5.30481 ; 4.07905
5.29971 ; 5.65958 ; -5.30037 ; 4.55381
7.52452 ; 6.69138 ; 4.60211 ; 4.69105
3.5931 ; 3.1228 ; -2.93307 ; -4.36125
7.39817 ; 6.86466 ; 4.67155 ; 4.58399
4.46061 ; 3.67016 ; -4.91838 ; -4.45525
4.23842 ; 7.80347 ; -4.54821 ; 3.23957
6.45651 ; 6.5859 ; -5.09714 ; 4.75142
4.96991 ; 4.02302 ; -5.20145 ; -5.12031
5.43698 ; 2.29989 ; -5.47276 ; -2.14176
8.62476 ; 3.45451 ; 1.43443 ; -4.50277
5.43892 ; 3.5495 ; 5.67544 ; 4.20635
3.75518 ; 5.95904 ; 3.23193 ; 5.20157
7.39203 ; 4.5771 ; -3.86482 ; 5.46046
8.21481 ; 4.61 ; -0.963121 ; -5.46468
6.16866 ; 4.41312 ; 5.42229 ; 5.17567
4.63003 ; 4.92774 ; -5.11849 ; -5.13102
4.38308 ; 3.15096 ; -3.88865 ; -2.59367
3.40183 ; 4.56528 ; 1.88914 ; -5.24212
4.09559 ; 3.36046 ; -4.74004 ; -4.69889
7.24758 ; 3.67653 ; 4.83055 ; -4.88715
4.84627 ; 4.04027 ; -5.10816 ; -5.11976
8.71851 ; 3.9293 ; 1.71244 ; -4.77426
5.50611 ; 4.49385 ; 5.15129 ; -5.33752
6.71317 ; 7.13169 ; -5.09695 ; 4.01633
3.34429 ; 5.97519 ; -1.88007 ; 5.10484
2.92604 ; 5.98449 ; -3.12951 ; 4.46668
7.63541 ; 6.95698 ; 4.46798 ; 4.4699
8.06971 ; 2.20782 ; 0.818184 ; 1.14636
5.43321 ; 3.94509 ; -5.32797 ; -4.94746
3.81832 ; 5.139 ; -3.97732 ; 5.40344
5.25814 ; 4.33523 ; -5.30888 ; -5.24553
4.60178 ; 7.2645 ; -5.05886 ; -0.441108
5.59018 ; 4.7038 ; 5.53413 ; 5.43182
4.72002 ; 6.01429 ; -5.10711 ; 5.11922
4.86224 ; 4.39281 ; 5.07059 ; 5.54554
6.16089 ; 5.69405 ; 5.29711 ; 5.28992
6.53532 ; 3.7728 ; 5.14913 ; -4.99659
4.35881 ; 7.61438 ; 5.33471 ; 0.660928
6.75784 ; 7.68643 ; 4.10174 ; 3.41517
6.57798 ; 3.83834 ; 4.75492 ; -5.01635
8.57693 ; 7.06324 ; 2.54763 ; 3.97333
7.29704 ; 5.17918 ; 4.72898 ; 5.32337
6.46409 ; 2.74951 ; 5.22722 ; -3.41011
6.25168 ; 5.53124 ; 5.13273 ; 5.30971
4.11671 ; 6.35965 ; -4.7859 ; 4.90838
6.16459 ; 5.71716 ; 5.31781 ; 4.69711
5.50572 ; 4.2547 ; 5.55751 ; 4.7314
4.06969 ; 6.77603 ; -4.70987 ; 4.65885
6.0653 ; 5.22284 ; 5.38754 ; 5.41267
4.03263 ; 6.67806 ; -4.69807 ; 4.72076
6.79759 ; 5.93463 ; 5.09694 ; 5.15271
7.22131 ; 3.54245 ; 4.83421 ; -4.81597
3.38164 ; 2.73249 ; -1.64453 ; 2.19326
6.07837 ; 2.94612 ; 5.29738 ; -4.29742
4.63232 ; 6.64855 ; -5.03222 ; 4.75331
6.27831 ; 3.86475 ; 5.23469 ; -5.04862
4.40465 ; 6.49897 ; -4.93099 ; 4.86688
5.19177 ; 4.35771 ; -5.29576 ; -5.25679
2.71075 ; 6.4302 ; -0.6366 ; 4.66125
7.11692 ; 6.2854 ; 4.91529 ; 4.974
6.50183 ; 3.80738 ; 5.16623 ; -5.0149
6.74382 ; 5.68307 ; -4.90795 ; 5.26676
3.79659 ; 2.96753 ; -4.45138 ; -4.32609
4.4481 ; 3.79332 ; 3.83023 ; -4.9858
5.01333 ; 5.3772 ; -5.26287 ; 5.30384
4.93506 ; 6.10397 ; -5.06585 ; 5.09724
6.06554 ; 5.81688 ; 5.3235 ; 5.25654
6.33493 ; 2.60263 ; 5.34219 ; -1.35305
6.95364 ; 5.6351 ; -4.67489 ; 5.31255
3.73378 ; 4.94924 ; 2.60738 ; 5.67245
4.69401 ; 6.09147 ; -5.08843 ; 5.08832
4.17517 ; 2.56687 ; 4.98987 ; 1.50503
6.16761 ; 5.35709 ; 5.37637 ; -4.39158
4.22951 ; 3.45907 ; -4.83044 ; -4.77939
4.65553 ; 5.3442 ; -5.11996 ; 5.25346
5.47129 ; 5.27522 ; -5.3815 ; 5.17877
4.48397 ; 5.62996 ; -4.71591 ; 5.25306
4.27587 ; 5.11123 ; -4.80085 ; -5.33403
4.8059 ; 2.87041 ; -5.1829 ; 0.608804
4.7522 ; 3.58636 ; -5.08342 ; -4.8879
6.08447 ; 4.17677 ; 5.31747 ; -5.12319
6.71351 ; 6.1397 ; 5.11992 ; 5.08011
4.62568 ; 4.04769 ; -5.08451 ; -5.07905
7.14281 ; 4.98564 ; -3.61465 ; 5.60161
5.50439 ; 3.79079 ; -5.29956 ; -5.01534
6.16652 ; 4.69676 ; -4.80188 ; -3.80429
6.23556 ; 2.34283 ; -5.57609 ; -2.34069
7.20045 ; 3.46881 ; 4.83682 ; -4.77758
6.49036 ; 3.64108 ; 5.1568 ; -4.92756
6.05108 ; 3.84808 ; 2.27491 ; 5.03854
4.64043 ; 5.3524 ; -4.95286 ; 5.15569
3.64844 ; 6.10975 ; -4.34154 ; 5.02622
8.49264 ; 6.58902 ; 2.01841 ; 4.61365
4.14428 ; 3.41504 ; -4.77951 ; -4.73807
4.67128 ; 6.98848 ; 5.57649 ; -3.39935
5.82804 ; 7.10812 ; 5.36267 ; 3.93699
8.00149 ; 5.77721 ; -1.48946 ; 5.29758
4.38439 ; 4.08574 ; -4.96736 ; -5.08221
6.93862 ; 3.50736 ; 4.98 ; -4.8256
4.9251 ; 6.22948 ; -5.1539 ; 5.04076
7.23061 ; 5.5967 ; -0.963172 ; 4.86996
5.61744 ; 6.91176 ; -5.55091 ; -0.832383
6.0921 ; 6.33682 ; 5.48306 ; -4.40914
6.87608 ; 6.43557 ; 5.02087 ; 4.92272
6.82383 ; 2.76113 ; -3.22469 ; -3.58154
6.98764 ; 5.16245 ; 4.99833 ; -5.24313
4.78975 ; 6.1459 ; -3.86245 ; -4.93416
4.98797 ; 6.19278 ; -5.32214 ; -4.62078
5.99489 ; 4.69412 ; -5.42307 ; -2.00808
4.27877 ; 5.22485 ; 4.1988 ; -5.59196
4.55484 ; 4.67129 ; -5.08052 ; -5.23789
4.8479 ; 5.10469 ; -5.03966 ; 5.3684
3.40973 ; 4.27976 ; 1.66403 ; -5.27626
5.17302 ; 4.6759 ; -5.32327 ; -5.32467
4.5627 ; 6.33744 ; -5.01525 ; 4.96912
6.96633 ; 4.59382 ; 5.00549 ; 5.30468
4.86333 ; 8.05894 ; -5.08498 ; 1.49076
6.71265 ; 5.34574 ; 5.1653 ; -5.15377
5.16783 ; 3.82285 ; -5.18783 ; -5.04113
4.90503 ; 5.23315 ; 5.30457 ; -5.43831
8.35649 ; 6.44102 ; -0.594612 ; -4.96895
3.6085 ; 2.29362 ; 1.27911 ; -2.60237
4.93637 ; 6.42595 ; 5.55418 ; -4.7879
6.45308 ; 7.45855 ; 5.22381 ; 0.828173
4.36518 ; 4.418 ; -4.82282 ; -5.13961
7.41976 ; 6.69681 ; 4.67991 ; 4.70271
6.08092 ; 7.50992 ; 5.36323 ; 3.69845
5.88634 ; 3.32223 ; 5.3187 ; -4.60795
4.60368 ; 6.3838 ; -5.03279 ; 4.93957
4.29168 ; 7.60221 ; -4.72126 ; -1.56172
6.93614 ; 3.46807 ; 4.97777 ; -4.80158
7.65475 ; 4.38869 ; 4.48877 ; -5.18621
6.75224 ; 6.0109 ; -4.54593 ; 4.96421
7.61733 ; 4.60276 ; -2.7906 ; 5.7199
6.83105 ; 4.00363 ; 5.07207 ; -5.07179
5.11071 ; 3.87003 ; -5.17522 ; -5.06115
4.67996 ; 3.92699 ; -5.08639 ; -5.0629
3.78741 ; 3.88457 ; -4.54941 ; -4.96313
4.93431 ; 4.96191 ; -5.25221 ; 5.31564
3.66852 ; 3.63761 ; -4.41185 ; -4.82783
6.30206 ; 4.85322 ; -5.29537 ; -5.48967
4.85858 ; 7.39309 ; -4.92383 ; -2.05956
4.19102 ; 5.82336 ; -4.83275 ; 5.15324
4.76578 ; 3.242 ; -5.14868 ; 0.304872
4.23899 ; 4.17645 ; 3.20277 ; -5.21682
6.64955 ; 4.50857 ; 5.17715 ; -5.23674
6.98621 ; 7.12294 ; 4.91406 ; 4.37265
7.58429 ; 6.69358 ; 4.55397 ; 4.68002
5.00586 ; 4.32528 ; 5.38047 ; 5.52518
5.65 ; 3.38746 ; -5.27955 ; 4.35506
7.42473 ; 6.87735 ; 4.65089 ; 4.57137
8.36096 ; 3.74727 ; 1.57587 ; -0.281173
4.57709 ; 3.99957 ; -5.06045 ; -5.07263
4.33262 ; 4.54679 ; -4.93952 ; -5.17795
7.40371 ; 6.44165 ; 4.44194 ; 3.75825
5.69711 ; 4.96992 ; -5.36442 ; 5.4267
4.05077 ; 6.45047 ; -4.73544 ; 4.85131
6.76659 ; 4.94411 ; 5.15632 ; 5.31123
4.34983 ; 3.39002 ; -4.89066 ; -4.74673
5.94817 ; 6.84472 ; 5.44639 ; 1.8785
4.60796 ; 2.52966 ; -4.91412 ; 1.49129
5.4667 ; 4.38709 ; -5.34246 ; -5.28912
5.76823 ; 4.17052 ; -5.18527 ; -5.21541
2.94904 ; 4.65565 ; -1.27822 ; -3.14931
8.02701 ; 8.10621 ; 3.36541 ; 0.703146
6.225 ; 3.71497 ; 5.18861 ; -4.97388
3.87874 ; 2.39303 ; -4.34507 ; -3.48235
8.68458 ; 7.35374 ; 2.05416 ; 3.48178
8.51839 ; 4.17513 ; 2.26028 ; -5.16923
4.15942 ; 3.39522 ; -4.78592 ; -4.72945
5.55608 ; 5.77762 ; -5.23447 ; 5.25842
6.59054 ; 4.04459 ; -5.07047 ; 4.31974
4.61929 ; 3.87309 ; -5.05148 ; -5.0248
5.1847 ; 4.65539 ; 3.95796 ; 5.43545
5.10705 ; 5.32193 ; 5.16517 ; 5.48479
7.19624 ; 3.65013 ; 4.85859 ; -4.88001
4.82196 ; 5.67833 ; 5.13946 ; 4.76856
4.02364 ; 7.44778 ; 1.85117 ; -2.04284
7.15169 ; 4.80889 ; 4.67537 ; -5.22197
6.74253 ; 7.04648 ; 5.04578 ; 4.46355
5.28632 ; 5.21655 ; -5.34912 ; 5.37833
4.34068 ; 6.24981 ; -4.92283 ; 4.98874
4.88992 ; 5.39084 ; -5.18554 ; 5.29246
5.29654 ; 5.90752 ; 5.36059 ; -0.234714
6.49387 ; 5.02554 ; 5.274 ; 5.36037
6.97369 ; 4.34786 ; 4.97582 ; -5.18492
6.69847 ; 5.88997 ; 5.14537 ; 5.1769
5.36173 ; 6.08525 ; -5.22027 ; 5.12657
8.52827 ; 4.0686 ; 2.03514 ; -5.10798
6.19835 ; 4.68888 ; -4.82234 ; -5.27703
6.66356 ; 5.66117 ; 5.17824 ; 5.23149
5.00396 ; 5.22334 ; -5.26714 ; 5.33573
6.23357 ; 2.5703 ; 5.45186 ; 1.51196
4.80399 ; 5.24328 ; 4.89034 ; 5.52802
4.06359 ; 6.69589 ; -4.71622 ; 4.7115
4.67987 ; 7.37166 ; -5.05207 ; 3.82438
7.35841 ; 3.60281 ; 4.75125 ; -4.83886
7.34309 ; 6.26924 ; 4.77989 ; 4.95418
3.45203 ; 7.30771 ; -4.05941 ; 4.04617
7.30594 ; 3.25081 ; 4.7469 ; -4.61914
6.38685 ; 2.15273 ; 5.30203 ; -0.0849302
6.73933 ; 4.17294 ; -4.79387 ; -5.24493
7.37413 ; 6.72038 ; 4.70855 ; 4.69336
7.032 ; 5.8909 ; 4.98683 ; 5.14823
7.60506 ; 3.05704 ; 4.48853 ; -4.41284
6.57304 ; 3.97044 ; 5.11616 ; -5.08178
3.05459 ; 3.37461 ; -3.27687 ; -4.50257
4.28083 ; 2.41974 ; 4.74502 ; -2.75245
4.44104 ; 6.62474 ; -4.93148 ; 4.79603
6.34516 ; 3.30807 ; -4.8318 ; 3.68497
5.993 ; 6.53277 ; -5.17585 ; 4.84924
5.23953 ; 4.38191 ; -5.38838 ; 5.13232
5.61007 ; 6.88144 ; 4.89303 ; 4.53618
4.5935 ; 5.70408 ; 4.95754 ; 5.27555
6.50083 ; 6.45271 ; 5.16261 ; 4.93388
6.93445 ; 3.46404 ; 4.97419 ; -4.8014
7.23254 ; 6.5305 ; 4.82487 ; 4.83254
6.64177 ; 5.78775 ; 5.15608 ; 5.21936
7.12082 ; 6.37729 ; 4.90748 ; 4.93026
6.99794 ; 4.2245 ; -4.44475 ; -5.27374
3.97788 ; 6.59319 ; -4.67108 ; 4.76658
6.45964 ; 5.3769 ; -5.06719 ; 5.46559
4.93579 ; 4.63715 ; -5.24055 ; -5.20244
5.19872 ; 6.00647 ; -5.23545 ; 5.15684
7.09155 ; 5.98602 ; -3.7056 ; 5.18154
6.31279 ; 4.56961 ; 5.30076 ; -5.27675
5.07716 ; 5.98838 ; -5.23519 ; 5.04619
6.49966 ; 4.05051 ; -4.6589 ; -5.16994
3.00612 ; 6.47066 ; 0.433384 ; -5.26423
5.97775 ; 7.20774 ; 5.51588 ; -0.363644
5.617 ; 6.04363 ; 5.58507 ; -4.8838
6.73282 ; 5.75196 ; -3.80462 ; 5.28217
5.69724 ; 6.41545 ; 5.59807 ; -3.76916
5.09006 ; 6.15522 ; 5.52883 ; -3.90123
7.3378 ; 3.45941 ; 4.7514 ; -4.75748
4.43357 ; 4.12966 ; 4.02087 ; -5.19983
4.19773 ; 4.37807 ; 2.03395 ; -5.30271
6.60898 ; 6.41346 ; 5.10255 ; 4.95029
3.76828 ; 6.92428 ; -4.46451 ; 4.50158
7.27609 ; 3.41552 ; 4.73841 ; -4.42474
4.41175 ; 3.59225 ; -4.94971 ; -4.86797
3.18571 ; 6.37175 ; -2.66335 ; -4.95615
4.33653 ; 5.68984 ; 0.766286 ; 5.30216
6.41443 ; 3.9625 ; 5.21017 ; -5.06632
3.63354 ; 6.76133 ; -4.06739 ; -4.30538
7.02096 ; 3.87275 ; 4.9733 ; -5.00472
3.83177 ; 7.00932 ; -4.50296 ; 4.43875
5.158 ; 3.04334 ; 5.16999 ; -2.69263
6.22957 ; 5.19829 ; -5.29341 ; -5.52347
4.48083 ; 4.71339 ; 2.95038 ; -5.43793
7.00801 ; 4.07166 ; 4.99105 ; -5.08107
8.19893 ; 5.11669 ; 1.38043 ; -5.42096
3.26301 ; 5.04226 ; 0.000181437 ; -5.58592
3.47287 ; 4.47242 ; -4.19268 ; -5.15298
7.41512 ; 3.22259 ; 4.66817 ; -4.5795
5.02304 ; 2.98512 ; 5.62651 ; 0.647153
6.06653 ; 5.88996 ; 5.46271 ; -4.89064
6.44914 ; 7.76025 ; 5.26509 ; 1.75245
5.72943 ; 3.94714 ; -5.19325 ; -5.11337
6.25394 ; 4.53221 ; -5.38433 ; -1.13126
4.63858 ; 6.32846 ; -5.04831 ; 4.97661
7.04879 ; 4.13778 ; 4.97247 ; -5.09674
4.22063 ; 3.70706 ; -4.85725 ; -4.91304
5.4443 ; 4.23093 ; -5.31525 ; -5.23189
5.52171 ; 3.99866 ; -5.11361 ; -5.1297
3.99563 ; 6.7001 ; -4.67104 ; 4.70154
7.62734 ; 7.09941 ; 4.44766 ; 4.33881
7.1609 ; 5.32241 ; 4.8726 ; 5.3129
6.22713 ; 4.69517 ; -4.60173 ; 5.52547
3.70613 ; 4.73323 ; 3.2427 ; 5.66569
7.21204 ; 3.4701 ; 4.82145 ; -4.78073
4.24554 ; 6.73142 ; -4.82055 ; 4.70838
8.00162 ; 4.52239 ; -1.95845 ; -5.41912
5.95936 ; 4.30312 ; 5.33232 ; -5.24988
3.56256 ; 5.65624 ; 2.09374 ; 5.38687
3.71296 ; 3.64277 ; -1.85464 ; 4.5522
6.3218 ; 7.84421 ; 5.28319 ; 1.52623
3.95292 ; 4.46895 ; -3.84 ; 5.35466
5.56187 ; 4.15571 ; -5.24171 ; -4.84152
7.70493 ; 7.04719 ; 4.38546 ; 4.37455
6.52868 ; 6.30865 ; 5.16307 ; 5.01201
3.15038 ; 2.6374 ; -3.35289 ; -3.60788
4.68842 ; 5.82862 ; -5.1098 ; 5.1027
5.32704 ; 5.12646 ; 5.35608 ; 5.24011
5.23318 ; 5.74347 ; -5.28794 ; 5.1362
8.56841 ; 4.56909 ; 1.14848 ; -5.39835
7.16429 ; 7.44204 ; 4.68907 ; 3.9484
6.25641 ; 6.2284 ; 5.33691 ; -4.08364
5.24261 ; 5.41508 ; -5.3225 ; -1.42882
8.35026 ; 5.36818 ; 2.07567 ; 5.45861
3.96802 ; 7.03051 ; -4.60551 ; 4.43708
3.81215 ; 6.92313 ; -4.50124 ; 4.50967
7.31223 ; 6.53672 ; 4.77398 ; 4.81739
4.56488 ; 4.1153 ; -4.98428 ; -5.13026
4.28371 ; 5.88041 ; 3.76348 ; 4.86465
7.43633 ; 6.80471 ; 4.65302 ; 4.6247
4.15022 ; 3.84707 ; -4.77923 ; -4.98678
8.55596 ; 2.18572 ; 0.696669 ; -2.04708
3.71664 ; 3.09173 ; -4.40397 ; -4.42834
6.7164 ; 4.09376 ; 5.09747 ; -5.09741
6.71964 ; 5.28016 ; 5.12245 ; 2.35132
6.46743 ; 2.67978 ; 3.70938 ; 2.29384
4.43456 ; 6.5375 ; -4.93858 ; 4.84966
3.96437 ; 6.29628 ; -4.1876 ; -4.79233
4.69144 ; 5.93772 ; -5.08441 ; 5.14749
7.22647 ; 3.25493 ; 4.79624 ; -4.63068
5.99987 ; 6.23619 ; -5.19626 ; 5.0504
4.33028 ; 4.87741 ; -4.95607 ; -5.12929
6.42425 ; 3.1243 ; 5.22023 ; -4.2758
7.08608 ; 6.03853 ; 4.13538 ; 5.09783
3.46787 ; 4.35959 ; -4.09703 ; -5.20029
7.59467 ; 6.39668 ; -4.03315 ; 1.72649
6.18205 ; 3.67584 ; 5.30543 ; -4.29836
5.48438 ; 4.84835 ; 4.95148 ; 5.4145
3.8925 ; 2.24211 ; -3.28158 ; -2.31295
4.6855 ; 7.77854 ; -5.0295 ; 3.34264
7.69562 ; 7.45679 ; 3.96412 ; -2.4735
6.12419 ; 4.7727 ; -5.35956 ; -5.45272
8.68558 ; 2.33761 ; 1.05804 ; -1.6772
3.94764 ; 3.2099 ; -4.61637 ; -4.56756
7.35073 ; 3.42769 ; 4.73957 ; -4.73551
6.76483 ; 4.34618 ; 5.11962 ; -5.18799
4.06778 ; 6.88961 ; -4.69491 ; 4.56973
4.77331 ; 6.75832 ; 5.09964 ; 4.56388
8.16849 ; 6.72378 ; 3.25092 ; -4.19511
5.74842 ; 3.45013 ; 5.30512 ; -4.67631
6.42544 ; 6.08705 ; 5.23443 ; 3.47508
5.46569 ; 2.28213 ; 5.5329 ; -2.57963
6.95929 ; 3.69373 ; 4.99098 ; -4.91732
4.41906 ; 5.96926 ; -4.96744 ; 5.11358
6.91141 ; 6.48961 ; 5.00026 ; 4.8889
8.39248 ; 5.01298 ; 3.13083 ; -5.44482
5.5307 ; 6.96628 ; 5.61885 ; -0.490433
7.70329 ; 4.3244 ; 0.760082 ; -5.23214
7.66667 ; 7.39439 ; -3.5608 ; 3.14075
6.0052 ; 2.2536 ; 5.53463 ; -0.805123
4.2366 ; 6.51354 ; -4.84113 ; 4.84496
7.16242 ; 6.39936 ; 4.88231 ; 4.91221
6.83225 ; 5.51412 ; -4.8708 ; -5.47557
5.3316 ; 6.4084 ; -5.22076 ; 4.94412
4.63898 ; 6.21322 ; -5.05716 ; 5.03055
4.78254 ; 4.86111 ; 4.4031 ; -5.48648
4.36591 ; 4.10506 ; -4.90714 ; 4.67807
5.57143 ; 3.28134 ; -5.57184 ; 3.04214
2.98129 ; 4.4057 ; -0.835375 ; -5.32147
6.97882 ; 6.5146 ; 4.96603 ; 4.86941
7.12856 ; 6.74845 ; 4.86082 ; 4.70098
5.29075 ; 3.75292 ; -5.22481 ; -5.00901
7.55541 ; 3.15784 ; 4.5473 ; -4.50906
3.89912 ; 3.19357 ; -4.57586 ; -4.54737
3.83676 ; 2.75183 ; -3.92372 ; 3.19746
4.53559 ; 3.30693 ; 5.45606 ; 4.34647
6.71522 ; 6.94079 ; 5.13841 ; -3.16774
6.59155 ; 4.05872 ; -4.89545 ; -5.17802
4.68561 ; 6.08819 ; -5.08668 ; 5.08583
4.28749 ; 4.45973 ; -4.84402 ; -5.2247
4.57368 ; 6.28429 ; -5.01891 ; 4.99532
5.27134 ; 2.36553 ; -5.31023 ; 0.409095
6.46308 ; 6.35826 ; -4.87492 ; 4.00719
4.35333 ; 2.79298 ; 5.38718 ; 2.62503
6.25707 ; 5.4892 ; 5.38023 ; -5.18069
4.97969 ; 5.82769 ; -5.21383 ; 5.19745
6.59991 ; 4.13329 ; 5.16308 ; -5.13562
5.11673 ; 7.1998 ; -5.21816 ; 4.23774
7.00709 ; 5.56025 ; 5.01668 ; 5.206
7.03442 ; 6.25515 ; 4.96453 ; 4.9973
6.04919 ; 5.00547 ; 5.40201 ; -5.22901
7.03512 ; 6.03619 ; 4.90388 ; 5.10227
6.76686 ; 3.66995 ; 5.07771 ; -4.89885
7.45241 ; 6.62492 ; 4.66594 ; 4.74372
8.55709 ; 4.23118 ; 1.83544 ; -5.21279
3.32856 ; 2.36345 ; -1.34997 ; 1.81371
6.86208 ; 6.81667 ; -2.76189 ; -4.25642
5.0037 ; 6.14423 ; 5.09492 ; 5.1173
6.44177 ; 5.24396 ; 5.28423 ; -5.22976
3.89876 ; 6.75874 ; -4.59365 ; 4.64819
5.84415 ; 6.48696 ; 5.25822 ; 4.86775
4.7668 ; 7.26061 ; 5.47617 ; -2.22024
6.33137 ; 3.78007 ; 5.2156 ; -5.00447
6.53597 ; 2.48388 ; 5.11942 ; -3.68873
6.50178 ; 4.34885 ; 5.29585 ; 5.01675
6.63254 ; 7.77729 ; 5.09176 ; 3.08378
5.82326 ; 5.75776 ; 5.30568 ; 5.26789
4.6266 ; 4.1026 ; -5.08917 ; -5.11783
4.36496 ; 6.25957 ; -4.93404 ; 4.98493
4.42643 ; 3.86485 ; -4.98074 ; -5.01186
8.53645 ; 4.11109 ; 1.84866 ; -5.13894
3.4214 ; 5.01581 ; -3.86461 ; 5.36859
4.53953 ; 4.46685 ; -5.0676 ; -5.2111
6.66616 ; 3.58485 ; 5.09677 ; -4.88864
5.85421 ; 5.7579 ; -5.2567 ; 5.28864
4.35945 ; 4.08295 ; 4.38552 ; -5.17609
5.56143 ; 5.32519 ; 5.36211 ; 5.40142
4.95098 ; 4.11346 ; -5.20834 ; -5.14802
7.67971 ; 2.64003 ; -3.14096 ; 2.49179
6.82947 ; 7.08102 ; -5.06811 ; 4.0118
3.66121 ; 3.33729 ; -4.33246 ; -4.53494
3.60292 ; 3.79023 ; -4.32262 ; -4.91727
7.19557 ; 6.26298 ; 4.87538 ; 4.97597
6.65951 ; 3.48695 ; 5.11077 ; -4.78426
5.92779 ; 5.48426 ; -5.49895 ; -5.43666
6.18444 ; 3.77026 ; 5.34953 ; -1.359
4.89991 ; 3.39538 ; 5.08757 ; -4.66673
6.5693 ; 4.57036 ; 5.26125 ; 5.2163
4.79003 ; 5.7076 ; -5.15917 ; 5.22583
7.2999 ; 3.52708 ; 4.78247 ; -4.80242
5.80006 ; 4.78494 ; 5.48623 ; 5.3779
6.62895 ; 3.92162 ; 5.1515 ; -4.93179
3.86558 ; 6.22251 ; -0.426589 ; 4.95945
3.67406 ; 7.30307 ; -3.91404 ; -2.97306
6.20689 ; 5.96695 ; 4.92631 ; 5.17458
4.01008 ; 6.25514 ; -4.71229 ; 4.9585
5.72627 ; 4.91233 ; -5.45665 ; 5.46609
4.21998 ; 3.81869 ; -4.76132 ; -4.16171
5.13851 ; 4.10646 ; -5.25884 ; -5.16027
5.12142 ; 7.51967 ; -5.39882 ; -1.10738
4.01391 ; 6.74596 ; -4.677 ; 4.67355
6.96747 ; 6.31375 ; 4.98938 ; 4.978
5.80449 ; 5.97306 ; -5.3568 ; 4.84975
6.37089 ; 5.46723 ; 5.26029 ; 2.51975
7.43872 ; 2.30062 ; 4.17917 ; 0.510467
4.72987 ; 3.76354 ; -5.1492 ; 4.12912
5.80781 ; 5.62067 ; -5.08629 ; -5.34065
4.41584 ; 6.04776 ; -4.9742 ; 5.04518
6.2625 ; 5.17349 ; 5.34591 ; 5.38707
5.00701 ; 3.92379 ; 4.45404 ; -5.07986
6.28827 ; 4.90469 ; 5.35895 ; 5.27199
5.6599 ; 3.62031 ; -5.28334 ; -4.92253
4.41833 ; 3.25922 ; -4.92001 ; -4.64742
6.20572 ; 2.47145 ; 5.22518 ; -3.61592
6.16331 ; 2.34734 ; 5.33067 ; -3.29377
7.01911 ; 3.36983 ; -3.64069 ; -4.57352
4.36094 ; 6.12382 ; -4.9424 ; 5.03621
5.74946 ; 7.3101 ; 5.64933 ; -2.07282
6.16946 ; 4.70191 ; -5.07241 ; -5.4304
6.10462 ; 3.82057 ; 5.26651 ; -5.02624
4.14153 ; 6.43105 ; -4.79396 ; 4.87877
4.81857 ; 3.12919 ; -5.11731 ; -4.47406
4.31397 ; 7.47995 ; 4.94247 ; 3.44399
6.04067 ; 2.70523 ; 5.51078 ; 0.245728
5.60267 ; 7.33239 ; 5.07624 ; 3.75336
4.7796 ; 4.11332 ; -5.15026 ; -5.13399
4.78059 ; 7.36992 ; 5.61543 ; -2.30541
6.54114 ; 4.16218 ; 4.93021 ; -5.13567
4.14821 ; 6.4225 ; -4.79396 ; 4.87924
6.80848 ; 5.93541 ; 5.09654 ; 5.1472
5.41459 ; 4.0956 ; -5.28862 ; -5.16432
4.35941 ; 3.79754 ; -4.94229 ; -4.97539
6.95508 ; 4.04043 ; -5.10821 ; 5.26696
8.01413 ; 5.6664 ; 3.15404 ; 5.24747
6.85137 ; 6.35339 ; 4.97043 ; -0.18578
6.65991 ; 5.54438 ; 5.18287 ; 5.27028
5.11848 ; 3.60779 ; -5.17249 ; -4.92282
5.48624 ; 4.91876 ; -1.50505 ; 5.43438
4.87629 ; 3.76113 ; -5.14399 ; -4.99982
7.43698 ; 3.65434 ; 4.6949 ; -4.85992
2.82959 ; 6.56418 ; -1.7872 ; -4.0923
4.1741 ; 6.01857 ; 4.04016 ; 5.1843
4.1684 ; 6.56401 ; -4.79678 ; 4.80762
4.65233 ; 6.16514 ; -5.0674 ; 5.05397
6.61179 ; 6.44731 ; 5.13244 ; 4.92642
5.6481 ; 6.03501 ; -5.3388 ; 5.05046
6.72172 ; 5.742 ; -5.28049 ; -2.62911
4.05785 ; 4.23614 ; -2.469 ; -5.18658
4.81855 ; 6.90676 ; 4.21027 ; 2.85349
6.63244 ; 4.56179 ; 1.00508 ; -5.30707
3.94695 ; 6.27656 ; -4.67228 ; 4.93773
5.53775 ; 3.71495 ; -5.252 ; -4.99053
3.9993 ; 6.9014 ; -4.6445 ; 4.55507
4.43694 ; 3.34383 ; -4.92835 ; -4.72239
6.06955 ; 6.42022 ; -5.17781 ; 4.88515
7.55507 ; 7.24785 ; -4.39376 ; 1.8738
4.79913 ; 4.28996 ; -5.16703 ; 2.41586
7.89051 ; 5.49502 ; 3.69794 ; -5.43569
3.71608 ; 6.96742 ; -4.41006 ; 4.45678
6.9686 ; 4.53951 ; 5.02798 ; 5.25236
4.59689 ; 3.85088 ; -5.04704 ; -5.02258
4.42593 ; 3.52094 ; -4.94566 ; -4.8373
7.06476 ; 3.48738 ; 4.91554 ; -4.80446
6.23435 ; 2.6012 ; 5.43084 ; 1.30811
2.90396 ; 3.91406 ; -1.70673 ; -4.99323
4.91478 ; 4.49209 ; -5.22354 ; -5.15393
6.27103 ; 4.66198 ; 5.3843 ; 5.27468
5.05174 ; 7.1624 ; -5.33349 ; -0.7735
4.32479 ; 4.44314 ; -4.95022 ; -5.19339
8.49051 ; 3.88475 ; 1.2258 ; -4.99225
5.88346 ; 2.09172 ; 1.41085 ; -0.113812
4.77058 ; 3.36308 ; -5.09604 ; -4.72279
5.213 ; 3.71747 ; -5.41158 ; 3.83693
7.2752 ; 7.22228 ; -3.66384 ; 1.15025
5.10737 ; 5.7153 ; -5.25723 ; 3.81147
4.14063 ; 3.74861 ; -4.81197 ; -4.92767
7.12317 ; 3.39145 ; 4.87282 ; -4.73804
6.01951 ; 6.46234 ; 5.43836 ; -0.646209
3.97246 ; 5.39058 ; 3.29242 ; 5.51242
3.14332 ; 5.31952 ; -3.49687 ; 5.39133
7.13858 ; 3.84711 ; 4.90733 ; -4.96856
5.90007 ; 4.69842 ; 5.32789 ; -5.3503
5.97452 ; 5.11457 ; 5.40543 ; -4.47602
6.97076 ; 6.40005 ; 4.97921 ; 4.93404
4.85983 ; 6.04212 ; -3.98381 ; 5.07769
3.7645 ; 3.11553 ; -4.45184 ; -4.45769
5.90042 ; 5.68177 ; 5.3744 ; 5.31159
4.98274 ; 3.67204 ; -4.8833 ; -1.13407
4.16912 ; 3.47891 ; -4.80255 ; -4.78093
7.23167 ; 4.0092 ; 4.85977 ; -5.01943
5.44511 ; 5.59762 ; 5.38108 ; 5.35925
6.62532 ; 3.16056 ; 5.1099 ; -4.53793
4.69809 ; 6.73423 ; 3.73015 ; 4.36898
6.82616 ; 3.6675 ; 5.02823 ; -4.92583
4.7484 ; 6.07456 ; -5.09119 ; 5.09837
6.17805 ; 6.37082 ; 5.29697 ; 4.28075
7.43983 ; 6.74454 ; 4.65902 ; 4.66753
5.93141 ; 3.61734 ; 5.28475 ; -4.90755
6.26519 ; 6.40997 ; 5.2435 ; 4.95431
4.2376 ; 6.76597 ; -4.81184 ; 4.68338
8.18885 ; 4.14737 ; -1.58034 ; 5.36614
5.35419 ; 2.64079 ; -5.3429 ; -3.80003
3.26576 ; 6.53205 ; 1.17724 ; -3.29517
6.18596 ; 4.58177 ; 5.4196 ; 5.26126
8.70859 ; 7.22277 ; 2.00154 ; 3.30853
3.50059 ; 5.81658 ; 2.43868 ; 5.28672
2.81345 ; 5.22158 ; -2.61028 ; 5.20053
6.70604 ; 7.27547 ; 4.94465 ; 4.09485
5.05122 ; 7.01978 ; -5.28868 ; 1.38674
6.61925 ; 4.60256 ; 5.14972 ; -5.2704
6.41028 ; 7.07403 ; 5.28965 ; 0.556937
5.96828 ; 4.73882 ; 4.44727 ; 5.34486
6.32428 ; 4.78783 ; -5.06787 ; -5.46388
5.8603 ; 5.09827 ; 4.71243 ; 5.43996
4.21922 ; 3.52951 ; -4.83763 ; -4.82004
5.21142 ; 4.85753 ; 4.95285 ; 5.53563
7.05848 ; 5.0229 ; 4.61174 ; -5.21423
5.37874 ; 4.3919 ; -4.95489 ; -5.11933
5.92674 ; 4.20904 ; -5.31964 ; -5.23554
7.17066 ; 4.00339 ; 4.89696 ; -5.02618
4.23903 ; 5.71924 ; 3.90279 ; 5.32703
4.87828 ; 4.4943 ; 5.14141 ; -5.30419
5.65622 ; 5.01764 ; 5.46071 ; 5.49265
5.0898 ; 4.11332 ; -5.01253 ; -5.15804
5.26535 ; 6.66223 ; 5.43942 ; 4.05034
8.33343 ; 4.28525 ; 2.92811 ; -5.17252
6.89293 ; 5.51312 ; -4.2981 ; 5.37043
5.46537 ; 5.11493 ; -5.06699 ; 5.27124
3.83265 ; 6.73643 ; -4.54519 ; 4.65414
5.466 ; 4.86246 ; 5.40613 ; -5.05277
5.89209 ; 4.57782 ; 5.38489 ; -5.33004
4.48995 ; 5.91765 ; -5.01892 ; 5.12347
7.91883 ; 5.29685 ; -2.96298 ; -5.32989
7.20844 ; 5.73328 ; 4.07893 ; 5.18025
6.51685 ; 2.73344 ; -5.41734 ; 0.0576349
5.13888 ; 6.12551 ; 5.30639 ; 4.79553
5.53715 ; 4.47085 ; 5.47935 ; 1.86936
4.95193 ; 3.94368 ; -5.18134 ; -5.06344
5.57778 ; 5.46968 ; -5.33707 ; 5.36711
4.90363 ; 7.38452 ; -5.11627 ; 4.06193
6.56145 ; 7.25746 ; 5.04873 ; 4.23521
4.01894 ; 6.65059 ; -4.69045 ; 4.73707
3.91038 ; 6.68725 ; -4.61116 ; 4.69879
7.31245 ; 3.65483 ; 4.78615 ; -4.87063
7.03251 ; 3.48859 ; 4.9338 ; -4.80495
4.6489 ; 3.37105 ; -5.0416 ; -4.73739
4.29848 ; 4.91096 ; -4.90189 ; -5.13885
8.08196 ; 5.89416 ; 3.9315 ; 5.13051
7.91537 ; 6.57126 ; 3.50552 ; -4.72032
7.19643 ; 4.18872 ; -4.10944 ; -5.24751
4.85807 ; 5.40646 ; -4.96702 ; 5.32485
7.6636 ; 3.03041 ; 4.43109 ; -4.37785
4.93087 ; 5.64879 ; 4.87274 ; 5.36814
7.79025 ; 7.74209 ; -3.93816 ; 0.370729
6.45752 ; 2.34411 ; -5.67771 ; -0.690378
5.21492 ; 4.6711 ; -5.32955 ; -5.31149
4.89565 ; 6.75035 ; -5.1257 ; 4.70594
7.35714 ; 5.6716 ; 4.61838 ; 5.23245
4.65223 ; 3.95214 ; -5.07207 ; -5.06934
6.84738 ; 2.60544 ; 4.98917 ; -3.8914
6.61842 ; 2.8711 ; 5.13683 ; -3.98151
3.9304 ; 6.55872 ; -4.6406 ; 4.78242
7.13336 ; 3.72683 ; 4.89987 ; -4.92722
7.40629 ; 5.84423 ; -3.64408 ; -5.56297
7.78878 ; 5.92864 ; 4.37323 ; 5.10498
7.62585 ; 6.20303 ; -2.08315 ; 5.01989
4.40096 ; 4.28807 ; -4.99059 ; -5.15887
5.18636 ; 7.49639 ; -5.31734 ; 2.5767
5.27252 ; 5.08555 ; -5.38725 ; -5.33766
5.4379 ; 5.21478 ; 0.492905 ; -5.40304
5.88439 ; 4.44963 ; 5.5089 ; 5.36281
2.7354 ; 3.26742 ; 0.232989 ; -4.12833
6.12579 ; 4.47448 ; -5.29895 ; -5.36139
4.54373 ; 3.03887 ; -4.89752 ; -4.45582
7.53701 ; 6.81647 ; 4.57487 ; 4.60039
5.8235 ; 3.55741 ; 5.37683 ; -4.37581
7.20026 ; 3.478 ; 4.82422 ; -4.78643
4.2479 ; 6.20314 ; -4.8762 ; 4.99143
6.1433 ; 4.11568 ; -5.18749 ; -5.20589
7.16722 ; 3.56269 ; 4.86747 ; -4.83632
7.05459 ; 3.44638 ; -3.8608 ; -4.66993
5.75136 ; 5.89619 ; -5.19881 ; 5.22017
5.33546 ; 5.2967 ; -5.30959 ; 5.37708
6.00197 ; 2.58341 ; 5.36977 ; -3.74088
3.36735 ; 4.7659 ; 1.85519 ; -5.53077
6.33811 ; 5.65838 ; 5.27521 ; 5.28881
6.69396 ; 2.67116 ; -3.04307 ; -3.73679
7.6605 ; 3.11849 ; 4.44814 ; -4.4584
7.78325 ; 3.62293 ; 0.877637 ; 4.92771
3.81582 ; 3.17426 ; -4.50552 ; -4.51736
3.63573 ; 2.98929 ; -4.30623 ; -4.31538
6.816 ; 6.55029 ; 5.04025 ; 4.85887
4.73852 ; 3.87902 ; -5.10093 ; -5.04624
7.25588 ; 3.89627 ; 4.80436 ; -5.00516
6.55704 ; 2.29499 ; -5.48791 ; -0.749686
7.76936 ; 5.48921 ; 4.34017 ; 5.28625
5.39846 ; 5.23362 ; -5.37492 ; 5.38967
6.43491 ; 5.52507 ; 5.27314 ; 5.28273
6.06396 ; 5.10763 ; 5.24848 ; -5.30625
4.59012 ; 5.32657 ; -5.06828 ; 5.19065
6.97549 ; 7.19548 ; -5.18489 ; 2.47947
4.54386 ; 3.89947 ; -5.02633 ; -5.04075
7.19963 ; 6.32269 ; 4.86762 ; 4.94721
5.13813 ; 6.91216 ; 5.66171 ; -2.88097
3.97761 ; 3.44848 ; -4.67159 ; -4.73998
4.6365 ; 7.4786 ; -5.0062 ; 3.89848
4.76319 ; 4.98481 ; -4.25745 ; 5.40336
3.72708 ; 5.04338 ; 1.376 ; -4.55854
4.94585 ; 5.58543 ; -5.27583 ; -5.20952
4.46305 ; 6.21519 ; -4.97822 ; 5.0176
6.91873 ; 2.18094 ; 4.86265 ; 0.500379
4.3599 ; 3.88384 ; -4.94975 ; -5.00483
4.68809 ; 5.75355 ; -4.97352 ; 5.21675
6.00484 ; 6.09867 ; -5.53453 ; -2.19381
6.1497 ; 3.62522 ; 5.47309 ; 4.55668
7.5137 ; 3.28986 ; 4.60142 ; -4.61987
7.15818 ; 3.6146 ; 4.87749 ; -4.86387
7.57931 ; 6.94624 ; 4.51851 ; 4.48971
6.82348 ; 6.06731 ; 5.07898 ; 5.09739
6.59917 ; 2.68288 ; -5.5216 ; -1.75006
5.0316 ; 6.64518 ; -5.29136 ; -2.64067
6.21187 ; 3.58923 ; -4.4646 ; -4.4189
6.44201 ; 6.54777 ; 5.30786 ; -3.50032
6.4784 ; 5.38946 ; 5.26559 ; 5.28641
7.1809 ; 3.34886 ; 4.83788 ; -4.69797
3.8154 ; 6.85489 ; -4.514 ; 4.56449
4.85183 ; 4.65535 ; -1.38877 ; 5.44901
6.78952 ; 5.89911 ; 5.10095 ; 5.1511
6.92539 ; 5.77758 ; 4.8707 ; 5.20813
3.17757 ; 2.83662 ; 2.12828 ; -3.59095
3.996 ; 5.14812 ; 3.11068 ; 5.59291
7.43307 ; 7.60159 ; -1.2316 ; 3.27054
5.34047 ; 2.28482 ; -5.42078 ; -0.468038
4.27835 ; 5.85293 ; 2.95329 ; 5.25963
7.32479 ; 4.04029 ; 4.75486 ; -5.06502
8.2069 ; 4.25382 ; -1.24117 ; -5.27751
4.49594 ; 5.34613 ; 4.99416 ; -5.50413
3.78785 ; 6.99325 ; -4.46958 ; 4.4463
6.776 ; 2.76201 ; 5.01134 ; -2.64941
7.57872 ; 3.42551 ; 4.28432 ; 4.49101
6.0694 ; 5.5397 ; 5.36715 ; 5.3443
4.00792 ; 3.33256 ; -4.6775 ; -4.6682
6.85896 ; 3.91689 ; 5.03717 ; -5.01337
2.85999 ; 5.16323 ; -2.14002 ; -5.52194
6.07764 ; 4.34121 ; 5.32697 ; -5.25456
5.08259 ; 4.82659 ; -5.21604 ; -5.31218
3.29484 ; 5.97831 ; -2.84447 ; 5.12803
6.60934 ; 3.30202 ; -5.53376 ; 2.59939
6.90842 ; 7.67738 ; -5.22059 ; -1.15569
3.99035 ; 7.13743 ; -4.60562 ; 4.3373
7.25804 ; 4.34945 ; -3.40937 ; 5.46645
4.44549 ; 5.32154 ; -5.01131 ; 5.12117
4.29368 ; 3.2704 ; -4.8489 ; -4.65584
6.78801 ; 6.4942 ; -5.26406 ; -4.78198
5.93308 ; 2.2961 ; -5.60526 ; -1.73664
6.88918 ; 4.07608 ; 4.99628 ; -5.1043
5.79703 ; 7.64333 ; -5.6475 ; 0.660309
5.76563 ; 3.85629 ; -5.45518 ; -0.990996
7.26971 ; 6.50617 ; 4.80412 ; 4.84155
6.07643 ; 3.33742 ; 5.4481 ; 0.696469
7.09271 ; 4.7374 ; 4.93776 ; 5.24258
5.51035 ; 3.96269 ; -5.2934 ; -5.11389
6.75826 ; 3.10825 ; 5.03803 ; -4.53062
4.23475 ; 6.93182 ; -4.67912 ; -2.82254
4.73732 ; 5.39369 ; -5.12559 ; 5.29096
5.99848 ; 5.96698 ; -1.42801 ; -4.54318
6.77015 ; 5.50588 ; -5.21173 ; -4.97047
6.36136 ; 3.9016 ; 5.21588 ; -5.06517
6.48543 ; 6.125 ; 5.19382 ; 5.08829
5.33275 ; 4.63975 ; 2.6502 ; -5.34477
5.19062 ; 3.5664 ; -5.14326 ; -4.89739
3.38488 ; 6.75333 ; 0.472881 ; 4.52044
3.00535 ; 4.29689 ; -3.17798 ; -5.19931
5.88138 ; 4.61579 ; -5.50684 ; 5.38919
7.2062 ; 3.88012 ; 4.86852 ; -4.98925
5.57332 ; 5.65882 ; -5.33653 ; 5.30362
3.72868 ; 6.20131 ; -4.47917 ; 4.89217
4.24766 ; 5.97896 ; -4.88766 ; 5.08767
6.89488 ; 7.10962 ; 4.90194 ; 4.39126
8.69878 ; 4.00675 ; 1.19164 ; -4.9996
7.0168 ; 3.37236 ; 4.92404 ; -4.73465
3.87092 ; 6.89157 ; -4.55285 ; 4.54454
7.29076 ; 3.26126 ; 4.75771 ; -4.62765
5.56046 ; 7.395 ; -4.4848 ; -1.92651
8.46092 ; 2.75209 ; -1.28449 ; -2.92001
6.69913 ; 7.29834 ; 5.14776 ; -1.81323
6.84985 ; 6.22924 ; 5.05714 ; 5.00709
4.25597 ; 6.25473 ; -4.87643 ; 4.97781
8.29167 ; 5.27373 ; 1.99465 ; -5.56892
8.38107 ; 4.93626 ; 3.16647 ; 5.32677
4.13857 ; 6.5172 ; -4.78386 ; 4.8322
3.88825 ; 6.9192 ; -4.56115 ; 4.52517
4.96084 ; 6.43149 ; -5.12404 ; 4.93694
4.71406 ; 3.74329 ; -5.07539 ; -4.98086
6.65853 ; 4.86436 ; 4.77792 ; -5.34037
5.57292 ; 5.0895 ; 5.47262 ; 4.93573
4.67394 ; 5.43165 ; -5.15027 ; -5.16167
2.71555 ; 6.09453 ; -1.32648 ; 0.499469
3.4624 ; 3.79344 ; -4.12541 ; -4.91364
4.80058 ; 7.46133 ; -5.20146 ; -1.15389
4.16241 ; 3.53373 ; -4.80488 ; -4.8154
6.90953 ; 4.21972 ; 5.04777 ; -5.12287
5.48854 ; 4.81104 ; 5.41337 ; -5.4256
6.40573 ; 4.29984 ; 5.24277 ; -5.17694
6.86279 ; 5.53882 ; 5.0948 ; 5.24735
4.85886 ; 3.28542 ; -5.13473 ; -4.63398
7.9857 ; 2.65557 ; -3.4338 ; 2.21363
3.23299 ; 3.99816 ; 0.836208 ; -5.08667
7.21732 ; 5.81099 ; 4.88532 ; 5.12922
6.26306 ; 5.69178 ; -5.08335 ; 5.33011
6.10298 ; 3.12297 ; 5.49134 ; 2.38616
7.31843 ; 3.45183 ; 4.7609 ; -4.75582
4.82554 ; 7.43809 ; -5.09397 ; 3.98158
6.7394 ; 6.84917 ; 5.05392 ; 4.64094
6.67678 ; 5.08848 ; 5.16304 ; -5.22962
3.60404 ; 4.39973 ; -4.18174 ; -3.29529
6.19617 ; 4.77913 ; 5.31674 ; -5.02418
6.85289 ; 3.69248 ; 5.03329 ; -4.93551
6.23168 ; 5.78553 ; 5.30532 ; 5.0144
7.2557 ; 7.53576 ; 4.23181 ; -2.17182
4.14492 ; 6.45159 ; -4.7951 ; 4.86843
4.7496 ; 4.37537 ; -5.15678 ; -5.21229
5.32756 ; 4.36863 ; 4.78862 ; -5.25198
3.62253 ; 3.48339 ; -4.36562 ; -4.71974
7.58893 ; 4.89362 ; 4.53865 ; -5.29142
8.58101 ; 5.73803 ; 2.37233 ; 5.25817
6.19989 ; 6.29473 ; 5.38169 ; -1.77916
3.09634 ; 5.60552 ; -2.51752 ; -5.56133
6.61754 ; 4.77715 ; 5.19621 ; -5.08495
7.44345 ; 2.39715 ; 4.47904 ; -1.81858
5.16747 ; 2.57155 ; 5.75759 ; 1.62073
5.91451 ; 3.94804 ; 5.30126 ; -5.0793
4.98982 ; 3.02517 ; 5.47605 ; -1.42506
3.14059 ; 5.84723 ; -1.53 ; 5.22838
3.81096 ; 6.96187 ; -4.49252 ; 4.47759
6.2867 ; 5.18627 ; 5.08081 ; -5.36489
3.6872 ; 5.99161 ; -4.42286 ; 4.75153
4.57803 ; 3.66373 ; -5.02876 ; -4.9309
6.99139 ; 4.73541 ; 5.015 ; 5.31014
4.39791 ; 6.07956 ; -4.96389 ; 5.0477
6.37729 ; 7.10514 ; 4.93215 ; 2.94174
4.32139 ; 5.38098 ; 4.22598 ; 5.50792
4.64458 ; 3.50036 ; -5.05348 ; -4.80433
4.64402 ; 5.42657 ; -5.13361 ; -5.20855
3.94891 ; 3.97206 ; -4.6858 ; -5.01284
8.53958 ; 2.51828 ; 1.93572 ; -3.08118
6.0112 ; 3.38497 ; -5.6343 ; 3.69695
4.41847 ; 3.70046 ; -4.9547 ; -4.9355
7.51798 ; 3.31413 ; 4.59961 ; -4.63719
6.31714 ; 4.07626 ; 0.891759 ; 5.26938
6.43106 ; 5.51423 ; 5.26621 ; 5.31557
4.46432 ; 6.45671 ; -4.95931 ; 4.89804
7.51765 ; 6.92351 ; 4.57296 ; 4.51964
6.69608 ; 3.58894 ; -5.39727 ; 4.85148
5.424 ; 3.89569 ; -5.11228 ; -5.07942
6.65264 ; 7.06576 ; 5.17134 ; -2.99131
7.46025 ; 4.7675 ; 4.5013 ; -5.3066
4.55035 ; 4.92022 ; -2.40722 ; 5.44221
5.11609 ; 6.15036 ; -5.21916 ; 5.05751
6.63193 ; 5.0496 ; 5.20172 ; -5.16637
7.81089 ; 6.12121 ; -2.88046 ; 5.03049
7.18496 ; 3.90824 ; -4.34693 ; -5.05698
6.43153 ; 4.03656 ; 5.1953 ; -5.11944
7.7191 ; 6.03768 ; 1.09915 ; -3.6656
2.89231 ; 7.38897 ; 0.665848 ; -2.58704
4.87895 ; 2.60658 ; -5.13725 ; -3.86565
5.32904 ; 5.31404 ; -5.32714 ; 5.37342
5.13188 ; 5.35356 ; -5.23716 ; 5.3382
5.63128 ; 4.0069 ; 5.4036 ; -4.52443
8.76247 ; 6.40622 ; 1.58457 ; 4.7362
5.62361 ; 5.55999 ; 3.87438 ; -5.34644
4.31753 ; 6.42222 ; -4.8946 ; 4.9014
6.15621 ; 2.60948 ; -5.71342 ; 2.01922
7.36077 ; 6.02443 ; 4.14782 ; -5.12598
7.0502 ; 4.00496 ; 4.96585 ; -5.03801
6.81771 ; 5.67691 ; 5.04835 ; -5.14501
5.69424 ; 4.27344 ; 5.33146 ; -5.23727
5.08614 ; 4.77134 ; -5.29579 ; -5.07945
5.71736 ; 4.53072 ; 5.35839 ; -5.33215
6.71182 ; 5.46593 ; -4.91149 ; 5.43256
4.0914 ; 5.04016 ; -4.25981 ; 5.39879
4.72281 ; 6.2407 ; -5.08531 ; 5.02588
5.11135 ; 6.12955 ; 5.09183 ; 5.10605
8.29457 ; 3.10375 ; 3.49637 ; -4.22072
5.94858 ; 2.96975 ; -4.91071 ; -4.01717
6.06364 ; 4.28211 ; 5.47678 ; 5.24889
4.34003 ; 5.8635 ; -4.943 ; 5.07542
6.35482 ; 6.1693 ; 5.23632 ; 5.08522
5.08098 ; 4.72054 ; -5.22191 ; -4.23607
5.41587 ; 5.15658 ; -3.42255 ; -5.36204
6.82299 ; 4.78022 ; 5.10686 ; -5.22088
4.54943 ; 6.23186 ; -4.97349 ; 5.01828
4.54757 ; 3.83842 ; -5.03517 ; -5.00994
7.02672 ; 4.93169 ; 4.96885 ; -5.20531
8.29527 ; 7.05067 ; -1.55863 ; -2.67583
5.86314 ; 5.61765 ; -5.27943 ; 5.34154
6.65773 ; 5.59926 ; 5.10512 ; -4.88022
6.60032 ; 6.14487 ; 5.15282 ; 5.08266
3.74032 ; 4.27056 ; 0.463543 ; 5.52118
4.82251 ; 5.01301 ; -5.21278 ; -5.24598
3.90577 ; 3.48615 ; -4.60352 ; -4.75955
4.68982 ; 6.28331 ; -5.03754 ; 5.00377
4.51829 ; 3.12674 ; -4.909 ; -4.45437
4.2783 ; 4.75713 ; 3.09602 ; 5.58809
6.64777 ; 6.6735 ; 5.09951 ; 4.78462
6.12362 ; 5.69392 ; -5.55962 ; -5.28144
4.01906 ; 6.70735 ; -4.68591 ; 4.69979
6.24347 ; 5.95922 ; 5.28673 ; 5.18384
6.56215 ; 6.27629 ; 5.14962 ; 5.02627
5.25374 ; 2.20346 ; 4.80061 ; -2.34285
6.48367 ; 4.90349 ; 5.26007 ; -5.25906
3.36515 ; 3.5014 ; -3.38062 ; 4.87561
6.87623 ; 3.57913 ; 5.01486 ; -4.87358
6.72801 ; 3.66599 ; 5.07053 ; -4.93118
5.90458 ; 4.34425 ; -5.37322 ; -4.14114
5.8916 ; 5.79688 ; 5.34908 ; 5.2546
4.32052 ; 6.83486 ; -4.85103 ; 4.63825
4.36355 ; 6.39474 ; -4.91852 ; 4.92248
6.60368 ; 4.0065 ; 5.15884 ; -5.09323
4.89879 ; 4.43538 ; -5.24997 ; 4.83054
4.37092 ; 6.4388 ; -4.9198 ; 4.89924
4.63828 ; 6.22392 ; -5.06093 ; 5.00812
8.01754 ; 4.65774 ; -2.45719 ; -5.46887
4.23693 ; 6.2596 ; -4.86612 ; 4.96761
7.78439 ; 6.38614 ; 3.9142 ; -4.75346
4.61309 ; 2.49607 ; -4.82535 ; -3.31576
4.48688 ; 5.25232 ; -4.97751 ; -4.72159
4.84223 ; 4.01165 ; -5.16252 ; -5.10616
6.74539 ; 3.91597 ; 5.10051 ; -5.0475
4.53322 ; 4.15128 ; -5.04571 ; -5.11267
6.9436 ; 3.96146 ; 5.00679 ; -5.04984
6.29799 ; 5.02207 ; 5.34105 ; 5.07763
4.5791 ; 3.65873 ; -5.02253 ; -4.92855
3.71838 ; 6.64262 ; -4.24893 ; -3.00171
3.60963 ; 3.1213 ; -3.57312 ; -4.36372
5.52745 ; 5.80174 ; -5.28219 ; 1.13595
6.27278 ; 5.40973 ; -5.33935 ; -5.47005
3.25233 ; 2.27109 ; -0.0966002 ; 1.608
4.21558 ; 6.43851 ; -4.83684 ; 4.8825
5.12617 ; 6.93618 ; -5.17787 ; -3.03651
4.8718 ; 4.08359 ; -5.17143 ; -5.1363
3.50563 ; 4.9628 ; -4.09609 ; -5.37395
6.88615 ; 6.86095 ; -3.6991 ; -4.21119
4.73377 ; 6.20637 ; -5.09597 ; 5.03334
4.99056 ; 2.42962 ; -5.20777 ; -0.431943
4.34628 ; 7.14458 ; -4.83924 ; 4.36003
3.63728 ; 7.12955 ; -4.30464 ; 4.28882
6.2709 ; 4.41206 ; 5.29937 ; -5.23996
7.37472 ; 5.65372 ; -4.17429 ; -1.70705
4.78848 ; 3.60729 ; -5.07656 ; -4.91092
5.38021 ; 4.5013 ; 5.28016 ; -5.35485
6.25804 ; 4.56669 ; -5.20675 ; -5.40194
5.73735 ; 5.2067 ; 5.31006 ; -5.41009
5.6788 ; 6.2856 ; -5.2576 ; 5.0243
7.0047 ; 5.33662 ; -3.44678 ; 5.46539
4.59863 ; 4.23805 ; -5.07664 ; -5.13571
6.1479 ; 4.31926 ; 5.43585 ; 4.74347
6.61986 ; 5.53954 ; 5.20034 ; 5.28394
6.80678 ; 3.99026 ; 4.67982 ; -5.07522
5.21093 ; 6.23008 ; -5.41754 ; -4.1769
6.61506 ; 5.3479 ; -4.44121 ; 5.46921
6.96702 ; 7.80114 ; 4.77897 ; 3.30724
5.87955 ; 5.07001 ; 5.42337 ; 5.4494
4.22427 ; 4.66615 ; -4.79693 ; -5.27413
6.27279 ; 2.80913 ; 5.27006 ; -4.07948
4.34487 ; 6.18668 ; -4.929 ; 5.01444
6.66428 ; 4.58238 ; 5.20945 ; 5.07331
4.84458 ; 2.90281 ; 1.20035 ; 3.5258
2.90591 ; 4.04585 ; -2.98555 ; -5.05501
6.67308 ; 5.25799 ; 5.18437 ; -5.2146
4.25961 ; 3.46665 ; -4.85228 ; -4.787
4.48497 ; 3.36727 ; -4.95503 ; -4.74227
7.27377 ; 6.76123 ; 4.77 ; 4.67721
6.79765 ; 2.29929 ; 5.06114 ; -0.892331
7.09823 ; 6.57647 ; 4.88831 ; 4.82023
7.74849 ; 3.02384 ; 4.34709 ; -4.3555
6.51436 ; 4.11931 ; -4.97014 ; -5.21408
5.64679 ; 3.96274 ; 5.28301 ; -5.11109
5.06515 ; 5.48294 ; -5.25856 ; 5.30636
6.66876 ; 5.50009 ; -5.24094 ; -5.58454
6.76299 ; 5.51158 ; 5.14305 ; 5.26911
7.43016 ; 5.58494 ; 4.7221 ; 5.19512
7.04026 ; 5.2263 ; -4.62023 ; 5.36332
8.37956 ; 2.04429 ; 2.48878 ; -1.6901
4.2461 ; 5.04632 ; -4.68945 ; 4.13432
7.84501 ; 7.0846 ; 4.23254 ; 4.30786
3.03943 ; 5.19952 ; -3.37307 ; 5.33166
5.00244 ; 3.16832 ; -5.16676 ; -4.55607
6.32467 ; 5.78163 ; -5.0285 ; 5.29328
5.92462 ; 4.36964 ; -5.24403 ; -5.27241
6.45868 ; 6.44113 ; 5.19661 ; 4.90932
4.15377 ; 6.23377 ; -4.70045 ; 4.99126
6.77334 ; 6.46064 ; 5.06439 ; 4.91568
4.27444 ; 6.64671 ; -4.84733 ; 4.76678
6.5499 ; 8.01401 ; 5.1922 ; 1.77097
4.84974 ; 5.99293 ; 4.62822 ; 5.19662
8.12007 ; 6.12148 ; -1.47686 ; -5.12951
4.91242 ; 6.483 ; 5.13349 ; 4.55827
7.87459 ; 6.90963 ; -3.16188 ; 4.27305
6.24774 ; 5.2237 ; 5.35216 ; 5.31188
5.81497 ; 3.92919 ; 5.29524 ; -5.08542
6.08468 ; 5.68812 ; 5.41972 ; -5.12521
4.90647 ; 6.6516 ; -5.2507 ; -4.00993
6.32395 ; 4.06712 ; 5.24563 ; -5.13715
6.02701 ; 5.31792 ; 5.35284 ; 5.36087
7.40894 ; 6.58598 ; 4.70171 ; 4.76956
5.97526 ; 4.69965 ; -5.21457 ; -5.41706
7.49294 ; 6.70443 ; 4.62449 ; 4.68719
7.65783 ; 4.41073 ; -0.922369 ; -5.05342
5.76477 ; 5.82422 ; 5.33367 ; 5.24667
6.12077 ; 5.21759 ; 5.35616 ; 5.05595
7.46982 ; 5.18844 ; 4.68225 ; 5.26699
7.77797 ; 5.64086 ; -1.14269 ; 5.36222
7.33803 ; 6.6292 ; 4.74538 ; 4.75597
6.48159 ; 2.90548 ; 5.19446 ; -4.12362
6.77445 ; 3.71103 ; 5.07327 ; -4.93812
6.76554 ; 4.32697 ; 5.11926 ; -5.16728
6.2181 ; 6.79898 ; 4.38251 ; 4.07446
3.52051 ; 3.24613 ; 2.77774 ; -4.3186
6.2997 ; 5.7799 ; 5.27443 ; 5.25251
2.98437 ; 6.03519 ; -2.46096 ; -1.72932
4.76017 ; 4.14637 ; -5.16684 ; 4.75501
4.35961 ; 6.42957 ; 4.63896 ; 4.87455
3.89074 ; 6.82139 ; -4.57615 ; 4.60223
6.12298 ; 4.94025 ; -5.31103 ; -5.47977
4.68469 ; 5.00527 ; -5.15013 ; -5.22805
6.43734 ; 5.68378 ; 5.2831 ; -5.15741
3.01649 ; 7.75036 ; -3.01488 ; 2.70882
4.35019 ; 4.36912 ; 3.83577 ; -5.32549
6.82092 ; 7.22044 ; -5.47823 ; -1.77991
7.18328 ; 6.43379 ; 4.86651 ; 4.8919
6.17574 ; 5.79766 ; 5.425 ; -5.01515
6.54365 ; 5.65965 ; 5.20098 ; 5.26872
7.09416 ; 6.31824 ; 4.9265 ; 4.96302
5.31322 ; 3.22906 ; -4.17795 ; -4.55426
4.25447 ; 6.02447 ; -4.8896 ; 5.07007
5.10849 ; 3.88654 ; -5.21705 ; -5.05848
7.47689 ; 3.73706 ; 2.71769 ; 5.08835
7.44711 ; 6.82315 ; 4.64286 ; 4.60943
7.07573 ; 6.3529 ; 4.90951 ; 4.82935
8.00528 ; 5.88497 ; 3.79817 ; -5.03314
6.67903 ; 3.52174 ; 5.08708 ; -4.85055
6.23117 ; 5.82047 ; -5.16315 ; 5.26863
4.28258 ; 6.62375 ; -4.85264 ; 4.78327
2.76287 ; 3.90886 ; -1.11558 ; -4.89191
4.29272 ; 4.00696 ; -4.85618 ; 3.75908
4.90624 ; 3.55443 ; 5.46795 ; 4.79636
5.73936 ; 6.00645 ; 5.28826 ; 5.18652
3.77489 ; 7.09762 ; -4.4397 ; 4.34673
3.739 ; 2.98084 ; -4.40328 ; -4.32828
7.26165 ; 3.92284 ; 4.83438 ; -5.00552
7.28423 ; 3.97281 ; 4.80853 ; -5.03107
6.05082 ; 4.72876 ; -5.3962 ; -5.18042
4.51144 ; 4.08061 ; -5.03604 ; -5.10454
4.06427 ; 6.59914 ; -4.72831 ; 4.7739
7.85058 ; 7.54335 ; 3.63116 ; -1.9617
6.84541 ; 5.95066 ; 5.08146 ; 5.13141
5.02805 ; 4.51062 ; -4.40645 ; -5.27307
7.54795 ; 6.86226 ; 4.5591 ; 4.56382
5.29773 ; 5.44081 ; 5.26497 ; 5.43489
6.41124 ; 5.21125 ; 4.57286 ; 5.39193
6.81801 ; 3.86128 ; 5.06787 ; -5.00784
6.8306 ; 6.07439 ; -5.30462 ; -4.16707
4.95635 ; 3.66734 ; -5.13514 ; -4.95198
4.31808 ; 6.63471 ; -4.86748 ; 4.77977
4.62977 ; 4.3898 ; -5.10675 ; -5.20236
6.75308 ; 3.20793 ; 5.05096 ; -4.60194
5.67469 ; 4.09353 ; 5.23852 ; -5.10504
5.34184 ; 5.78556 ; -5.42694 ; -4.30075
4.99033 ; 5.28611 ; 5.23878 ; 5.50491
7.11696 ; 5.47025 ; 4.94277 ; 5.25923
6.02672 ; 4.25715 ; 5.49466 ; 5.12485
6.54666 ; 4.90051 ; -3.04098 ; 5.51432
6.16997 ; 5.46288 ; -5.49077 ; -4.70374
6.44146 ; 6.93593 ; 5.30329 ; -3.23724
4.59451 ; 4.89819 ; 2.30474 ; -5.44809
6.07635 ; 3.76115 ; 5.1694 ; 2.59764
4.75876 ; 7.00096 ; 2.23521 ; -3.62797
3.77025 ; 5.90213 ; -4.47211 ; 5.12026
5.18182 ; 5.28938 ; 5.41703 ; 1.99427
3.49837 ; 5.68149 ; -4.13017 ; 5.22345
7.38529 ; 7.57393 ; -4.67015 ; 2.93055
