4.41973 ; 2.05138 ; -4.64913 ; 0.707498
4.7568 ; 7.58229 ; -4.95493 ; 3.5003
4.76967 ; 6.11496 ; -4.98759 ; 4.38754
7.98473 ; 7.16049 ; 3.99602 ; 4.10914
3.29979 ; 2.68667 ; -2.36524 ; -3.7064
7.86532 ; 7.32306 ; 4.08431 ; 3.96825
3.96877 ; 3.22463 ; -4.46652 ; -4.06807
3.78359 ; 8.12743 ; -3.98159 ; 2.36473
5.9468 ; 7.06104 ; -5.15222 ; 4.26386
4.44976 ; 3.51099 ; -4.83239 ; -4.69987
4.8897 ; 2.08571 ; -5.11171 ; -1.36208
8.7682 ; 3.00424 ; 0.433309 ; -3.87057
6.00647 ; 3.97013 ; 5.39784 ; 4.65214
4.07837 ; 6.4792 ; 3.97038 ; 4.72953
7.00555 ; 5.12314 ; -4.42377 ; 5.32769
8.1185 ; 4.06353 ; -1.8735 ; -5.04741
6.71089 ; 4.93069 ; 5.05693 ; 5.15293
4.11818 ; 4.41464 ; -4.69696 ; -4.94239
3.99422 ; 2.89159 ; -3.57473 ; -2.17641
3.59075 ; 4.04107 ; 2.76412 ; -4.89693
3.62159 ; 2.89057 ; -4.18306 ; -4.12215
7.73064 ; 3.18782 ; 4.29931 ; -4.38081
4.33545 ; 3.5283 ; -4.73388 ; -4.70096
8.88976 ; 3.45187 ; 0.719793 ; -4.27682
6.02124 ; 3.96009 ; 5.028 ; -4.98084
6.20347 ; 7.53332 ; -5.25962 ; 3.44049
3.15628 ; 6.48568 ; -1.26605 ; 4.6331
2.61309 ; 6.43116 ; -2.30113 ; 4.12024
8.08221 ; 7.40397 ; 3.81701 ; 3.81507
8.15153 ; 2.32246 ; -0.0932863 ; 2.44867
4.90041 ; 3.45034 ; -5.03857 ; -4.56175
3.42059 ; 5.67934 ; -3.52633 ; 5.12143
4.72725 ; 3.81067 ; -4.98616 ; -4.87713
4.09589 ; 7.22039 ; -4.55364 ; -1.20498
6.14359 ; 5.24699 ; 5.26532 ; 5.25281
4.20931 ; 6.52621 ; -4.69239 ; 4.70008
5.3693 ; 4.94736 ; 5.1313 ; 5.40994
6.6906 ; 6.22304 ; 4.97567 ; 4.92211
7.05023 ; 3.27314 ; 4.75944 ; -4.53156
4.89228 ; 7.68047 ; 5.59228 ; -0.187406
7.16802 ; 8.02795 ; 3.79858 ; 2.63014
7.05347 ; 3.33671 ; 4.46149 ; -4.56435
8.8317 ; 7.46057 ; 1.56532 ; 3.23542
7.76994 ; 5.71152 ; 4.25162 ; 5.06434
6.98681 ; 2.4085 ; 4.79033 ; -2.81871
6.76495 ; 6.06221 ; 4.84161 ; 4.9753
3.63812 ; 6.85049 ; -4.24734 ; 4.40848
6.69637 ; 6.18687 ; 4.98856 ; 4.48635
6.06147 ; 4.72784 ; 5.30108 ; 4.86524
3.5987 ; 7.24192 ; -4.13888 ; 4.06564
6.60405 ; 5.7641 ; 5.06161 ; 5.11939
3.56283 ; 7.15014 ; -4.12446 ; 4.14737
7.30729 ; 6.4499 ; 4.66347 ; 4.74858
7.70473 ; 3.06085 ; 4.30192 ; -4.28249
3.21719 ; 2.95181 ; -0.898717 ; 3.25038
6.60811 ; 2.51638 ; 4.96746 ; -3.69901
4.1291 ; 7.12389 ; -4.58236 ; 4.2257
6.80178 ; 3.35989 ; 4.8917 ; -4.60505
3.91155 ; 6.98566 ; -4.44407 ; 4.35028
4.66219 ; 3.83203 ; -4.96125 ; -4.88976
2.64709 ; 6.89632 ; 0.453628 ; 4.07438
7.60845 ; 6.7828 ; 4.4155 ; 4.49739
7.01845 ; 3.30589 ; 4.78197 ; -4.55669
6.25302 ; 6.20974 ; -5.06551 ; 4.89882
3.35146 ; 2.53492 ; -3.79547 ; -3.62989
4.83113 ; 3.29474 ; 4.27844 ; -4.51407
4.48704 ; 5.90758 ; -4.89551 ; 5.00478
4.42847 ; 6.61369 ; -4.71937 ; 4.66695
6.59789 ; 6.34253 ; 5.01537 ; 4.86923
6.86915 ; 2.46732 ; 4.90482 ; -0.677339
6.48615 ; 6.16635 ; -4.94891 ; 4.93745
3.99452 ; 5.51649 ; 3.34736 ; 5.3499
4.18516 ; 6.60031 ; -4.66855 ; 4.65495
4.67416 ; 2.71738 ; 5.40814 ; 2.51907
6.70524 ; 4.91794 ; 5.02993 ; -4.48131
3.74647 ; 2.98113 ; -4.30871 ; -4.23134
4.14354 ; 5.86955 ; -4.70224 ; 4.97322
4.93314 ; 5.79309 ; -5.08614 ; 4.94753
4.01238 ; 6.15526 ; -4.34875 ; 4.89302
3.79578 ; 4.57783 ; -4.35779 ; -5.13143
4.28761 ; 2.93129 ; -4.72413 ; 1.35212
4.24386 ; 3.09757 ; -4.67251 ; -4.38856
6.61622 ; 3.66445 ; 5.00386 ; -4.75022
7.22551 ; 6.64771 ; 4.69633 ; 4.64016
4.11723 ; 3.53979 ; -4.65469 ; -4.66688
6.78134 ; 5.5458 ; -4.10917 ; 5.2995
4.97443 ; 3.28925 ; -5.03607 ; -4.56647
5.68633 ; 4.31633 ; -4.83572 ; -3.82632
5.67795 ; 2.10876 ; -5.45293 ; -1.58192
7.68413 ; 2.99106 ; 4.30567 ; -4.22875
7.00603 ; 3.14832 ; 4.77238 ; -4.44069
6.27857 ; 4.35193 ; 2.35294 ; 5.20808
4.14515 ; 5.86797 ; -4.57783 ; 4.90316
3.21428 ; 6.61237 ; -3.72895 ; 4.54898
8.69448 ; 7.05039 ; 1.13387 ; 3.99482
3.66633 ; 2.94123 ; -4.23592 ; -4.17696
5.22893 ; 6.64855 ; 5.58952 ; -4.1379
6.36431 ; 7.50182 ; 5.09473 ; 3.41189
7.85254 ; 6.30696 ; -2.34658 ; 4.8455
3.88766 ; 3.57752 ; -4.49826 ; -4.6713
7.43662 ; 3.0248 ; 4.50321 ; -4.29656
4.40971 ; 6.73356 ; -4.77461 ; 4.58968
7.13429 ; 6.08369 ; -1.46075 ; 4.62578
5.06235 ; 6.82853 ; -5.22099 ; -1.44628
6.6404 ; 5.89591 ; 5.10772 ; -4.75632
7.37816 ; 6.92784 ; 4.56237 ; 4.42399
6.50137 ; 2.40298 ; -3.74719 ; -2.95942
7.48747 ; 4.63814 ; 4.55312 ; -5.0777
4.40351 ; 5.65248 ; -3.71544 ; -5.12224
4.45576 ; 5.7307 ; -4.90905 ; -4.8912
5.45258 ; 4.49331 ; -5.2355 ; -2.08576
4.69865 ; 4.66566 ; 4.61837 ; -5.33063
4.04678 ; 4.1475 ; -4.64662 ; -4.94924
4.34393 ; 5.64153 ; -4.69922 ; 5.11364
3.57613 ; 3.75213 ; 2.5346 ; -4.82508
4.64069 ; 4.14344 ; -4.97806 ; -5.01526
4.06118 ; 6.83435 ; -4.56538 ; 4.48832
7.46688 ; 5.12429 ; 4.56029 ; 5.2097
4.35483 ; 8.20802 ; -4.6154 ; 0.497057
7.22918 ; 4.83037 ; 4.74973 ; -5.06108
4.64904 ; 3.31874 ; -4.87118 ; -4.58967
5.43548 ; 4.68931 ; 5.27928 ; -5.22743
8.29703 ; 5.94413 ; -1.60642 ; -5.36466
3.73642 ; 2.03338 ; 2.23007 ; -1.6744
5.49179 ; 5.94716 ; 5.46712 ; -5.09375
6.97546 ; 7.54137 ; 4.78901 ; 0.117049
3.8829 ; 3.90404 ; -4.39573 ; -4.80775
7.88775 ; 7.16709 ; 4.09747 ; 4.12526
6.61725 ; 7.87976 ; 5.00806 ; 3.01267
6.41821 ; 2.86143 ; 5.04448 ; -4.10245
4.10041 ; 6.87776 ; -4.58797 ; 4.45412
3.81956 ; 7.44604 ; -4.15846 ; -2.61175
7.43391 ; 2.98792 ; 4.49989 ; -4.2648
8.10363 ; 3.87007 ; 3.91639 ; -4.80686
6.29765 ; 6.50733 ; -4.80169 ; 4.59329
7.33827 ; 5.17475 ; -3.50796 ; 5.48953
7.33825 ; 3.49646 ; 4.62955 ; -4.64303
4.59319 ; 3.36391 ; -4.84818 ; -4.61691
4.17132 ; 3.4207 ; -4.66728 ; -4.62168
3.33246 ; 3.38826 ; -3.95122 ; -4.48908
4.40909 ; 5.49348 ; -4.8712 ; 5.11376
3.22734 ; 3.15483 ; -3.77248 ; -4.29066
5.77252 ; 4.30425 ; -5.22032 ; -5.16497
4.3662 ; 7.18714 ; -4.53643 ; -2.98641
3.70774 ; 6.33868 ; -4.33757 ; 4.75806
4.25091 ; 3.27249 ; -4.70655 ; 0.86437
4.55927 ; 3.65477 ; 3.75579 ; -4.78728
7.16727 ; 3.9849 ; 4.77103 ; -4.90541
7.47762 ; 7.56021 ; 4.40244 ; 3.7233
8.03969 ; 7.16158 ; 3.93337 ; 4.09442
5.5439 ; 4.8778 ; 5.30899 ; 5.41203
5.12204 ; 3.82297 ; -5.05955 ; 4.82974
7.88982 ; 7.33449 ; 4.05676 ; 3.95071
8.51855 ; 3.71916 ; 0.765777 ; 0.1644
4.07104 ; 3.49231 ; -4.62153 ; -4.64633
3.83867 ; 4.029 ; -4.47508 ; -4.86995
7.8479 ; 6.81747 ; 3.93693 ; 3.43736
5.16067 ; 5.51259 ; -5.12773 ; 5.18732
3.57723 ; 6.9356 ; -4.17863 ; 4.33028
7.28222 ; 5.47523 ; 4.7301 ; 5.11924
3.86076 ; 2.91535 ; -4.39135 ; -4.18924
6.49281 ; 7.03257 ; 5.11681 ; 1.52469
4.11654 ; 2.67879 ; -4.43886 ; 2.48553
4.93245 ; 3.85818 ; -5.05947 ; -4.92157
5.2497 ; 3.64898 ; -5.02377 ; -4.81559
2.82122 ; 4.34072 ; -0.447016 ; -3.17686
8.36355 ; 8.17652 ; 2.51054 ; -0.556183
6.74386 ; 3.21758 ; 4.87035 ; -4.50666
3.44423 ; 2.04479 ; -3.67944 ; -2.6118
8.89 ; 7.70192 ; 0.951849 ; 2.62933
8.74442 ; 3.65821 ; 1.42596 ; -4.67683
3.68082 ; 2.92227 ; -4.24473 ; -4.16417
5.03263 ; 6.30346 ; -5.0036 ; 4.88074
6.08349 ; 4.47656 ; -5.15295 ; 4.61097
4.11414 ; 3.37061 ; -4.62236 ; -4.5755
5.58049 ; 5.19893 ; 4.1644 ; 5.26789
5.62357 ; 5.87041 ; 5.13352 ; 5.13931
7.6821 ; 3.16213 ; 4.33648 ; -4.36991
5.3359 ; 6.15518 ; 5.19501 ; 4.5391
4.20876 ; 7.2435 ; 2.60815 ; -3.06475
7.61922 ; 4.2867 ; 4.25844 ; -4.96716
7.2471 ; 7.49283 ; 4.58834 ; 3.84652
4.7514 ; 5.75438 ; -5.02207 ; 5.09602
3.8484 ; 6.74868 ; -4.43272 ; 4.51768
4.37136 ; 5.92008 ; -4.81039 ; 4.99184
5.8326 ; 5.88405 ; 5.22962 ; -0.471904
7.02127 ; 5.56157 ; 4.88354 ; 5.13125
7.47128 ; 3.82937 ; 4.53016 ; -4.81686
7.21301 ; 6.40766 ; 4.72731 ; 4.78157
4.8397 ; 6.59791 ; -4.94121 ; 4.70421
8.73178 ; 3.55781 ; 1.18101 ; -4.59232
5.71612 ; 4.16118 ; -4.85834 ; -4.9847
7.18138 ; 6.18431 ; 4.76631 ; 4.88243
4.47724 ; 5.75691 ; -4.89776 ; 5.06352
6.77875 ; 2.7215 ; 5.00984 ; 2.45642
5.29303 ; 5.79609 ; 5.01156 ; 5.18316
3.59196 ; 7.16704 ; -4.14833 ; 4.13634
4.17466 ; 7.7541 ; -4.56912 ; 3.16196
7.83354 ; 3.11893 ; 4.19371 ; -4.31117
7.82108 ; 6.76466 ; 4.23554 ; 4.47457
3.04608 ; 7.71232 ; -3.28146 ; 3.25967
7.78063 ; 2.7889 ; 4.18111 ; -4.01443
6.91705 ; 2.14424 ; 4.83802 ; 0.948819
6.25994 ; 3.64844 ; -4.98656 ; -4.81673
7.84499 ; 7.18972 ; 4.13503 ; 4.11296
7.53068 ; 6.40573 ; 4.51515 ; 4.74904
8.05391 ; 2.61576 ; 3.83754 ; -3.7382
7.08466 ; 3.46227 ; 4.73304 ; -4.65092
2.7269 ; 2.92435 ; -2.44656 ; -3.87148
4.75533 ; 2.14449 ; 5.19684 ; -1.97527
3.94789 ; 7.10435 ; -4.44828 ; 4.25545
5.86198 ; 3.67657 ; -4.93573 ; 4.29654
5.47542 ; 7.01769 ; -5.07555 ; 4.36731
4.7007 ; 4.89514 ; -5.03546 ; 5.12936
6.09937 ; 7.33506 ; 4.82832 ; 4.00114
5.08925 ; 6.23163 ; 5.12851 ; 4.8913
7.01709 ; 6.9461 ; 4.77557 ; 4.4439
7.43187 ; 2.9839 ; 4.49751 ; -4.2635
7.71503 ; 7.01375 ; 4.2915 ; 4.30125
7.15738 ; 6.30969 ; 4.75348 ; 4.84095
7.61157 ; 6.87032 ; 4.40276 ; 4.43487
6.55346 ; 3.69713 ; -4.78915 ; -4.84188
3.51077 ; 7.06985 ; -4.09029 ; 4.20918
5.95292 ; 5.92346 ; -5.10106 ; 5.11445
4.41173 ; 4.11691 ; -4.86227 ; -4.9201
4.67518 ; 6.52215 ; -4.91114 ; 4.744
6.72099 ; 6.50418 ; -4.19519 ; 4.74147
6.84287 ; 4.04193 ; 4.94341 ; -4.95416
4.55364 ; 6.49299 ; -4.87984 ; 4.66732
6.03377 ; 3.53352 ; -4.82181 ; -4.73839
3.04946 ; 5.94424 ; 1.46069 ; -5.59487
6.52934 ; 7.17137 ; 5.14794 ; -1.05831
6.1755 ; 5.55525 ; 5.29643 ; -5.03631
6.35236 ; 6.28018 ; -4.16637 ; 4.89128
6.25705 ; 6.03854 ; 5.28576 ; -4.23532
5.64294 ; 5.7651 ; 5.39937 ; -4.282
7.81294 ; 2.98367 ; 4.1905 ; -4.19903
4.83566 ; 3.60968 ; 4.43372 ; -4.76879
4.40113 ; 3.8478 ; 2.59943 ; -4.9045
7.11923 ; 6.90849 ; 4.7034 ; 4.46443
3.32183 ; 7.37444 ; -3.811 ; 3.85207
7.74993 ; 2.97305 ; 4.19982 ; -3.92709
3.91678 ; 3.10545 ; -4.46907 ; -4.35786
2.91938 ; 5.87613 ; -1.95698 ; -5.3197
4.41316 ; 6.22006 ; 1.20238 ; 4.90499
6.93545 ; 3.45587 ; 4.84143 ; -4.64271
3.2268 ; 6.33079 ; -3.44005 ; -4.92658
7.51829 ; 3.37227 ; 4.49329 ; -4.54583
3.38147 ; 7.4532 ; -3.8593 ; 3.77232
5.675 ; 2.77408 ; 5.15692 ; -2.27084
5.70023 ; 4.64595 ; -5.202 ; -5.26968
4.77587 ; 4.16959 ; 3.42448 ; -5.0941
7.50711 ; 3.56355 ; 4.52015 ; -4.66209
8.33697 ; 4.5746 ; 0.701387 ; -5.18943
3.26303 ; 4.48367 ; 0.779629 ; -5.27861
3.0536 ; 3.95713 ; -3.55351 ; -4.80677
7.88194 ; 2.76464 ; 4.07527 ; -3.96172
5.58569 ; 3.04983 ; 5.50351 ; 1.33326
6.6128 ; 5.4009 ; 5.10691 ; -5.00061
6.97565 ; 7.9355 ; 4.80339 ; 0.952761
5.21011 ; 3.43581 ; -5.02038 ; -4.68301
5.71551 ; 4.41909 ; -5.27151 ; -1.11313
4.13375 ; 6.82612 ; -4.61251 ; 4.50063
7.54603 ; 3.6281 ; 4.49659 ; -4.69112
3.73491 ; 3.21575 ; -4.3426 ; -4.41899
4.91278 ; 3.70774 ; -5.03503 ; -4.84227
5.01035 ; 3.48569 ; -4.91298 ; -4.7086
3.52853 ; 7.17026 ; -4.08787 ; 4.12111
8.07211 ; 7.53329 ; 3.78862 ; 3.64625
7.64816 ; 5.8537 ; 4.40477 ; 5.01884
5.76696 ; 5.24772 ; -4.6957 ; 5.31863
4.0304 ; 5.2998 ; 3.97801 ; 5.41156
7.69418 ; 2.99203 ; 4.29034 ; -4.23067
3.76349 ; 7.20226 ; -4.29125 ; 4.13541
7.80577 ; 3.98048 ; -2.83386 ; -4.99517
6.49259 ; 3.77813 ; 5.04533 ; -4.87283
3.77193 ; 6.19493 ; 2.90959 ; 4.94486
3.5275 ; 4.09799 ; -1.37671 ; 4.98756
6.85012 ; 7.99684 ; 4.85808 ; 0.672601
3.56892 ; 5.00442 ; -3.45125 ; 5.28565
5.0377 ; 3.67155 ; -5.01295 ; -4.54214
8.14348 ; 7.48464 ; 3.70973 ; 3.69048
7.04499 ; 6.80985 ; 4.77322 ; 4.54615
2.81509 ; 2.27662 ; -2.47352 ; -2.75989
4.17744 ; 6.33889 ; -4.69218 ; 4.73973
5.86265 ; 5.65047 ; 5.21007 ; 5.02379
4.70438 ; 6.25709 ; -4.96143 ; 4.80046
8.68326 ; 4.02925 ; 0.244363 ; -4.97752
7.63319 ; 7.83688 ; 4.13705 ; 3.20077
6.7901 ; 5.82004 ; 4.96963 ; -4.45636
4.71036 ; 5.2722 ; -4.99184 ; -1.64684
8.55783 ; 5.91404 ; 1.35305 ; 5.08081
3.50747 ; 7.47422 ; -3.99436 ; 3.77571
3.36202 ; 7.3741 ; -3.85894 ; 3.86365
7.78962 ; 7.01846 ; 4.22361 ; 4.2815
4.06645 ; 3.60227 ; -4.5671 ; -4.72062
4.66006 ; 6.36688 ; 4.2591 ; 4.53624
7.90164 ; 7.26718 ; 4.06049 ; 4.02086
3.6723 ; 3.34839 ; -4.26747 ; -4.51577
8.62563 ; 1.98102 ; -0.514595 ; -0.91741
3.27625 ; 2.64889 ; -3.73536 ; -3.7605
7.22615 ; 3.58402 ; 4.68451 ; -4.69205
7.23189 ; 5.51529 ; 4.71842 ; 2.46162
6.83837 ; 2.90916 ; 3.57509 ; 3.23008
3.9407 ; 7.02246 ; -4.45691 ; 4.32611
3.54561 ; 5.81705 ; -3.71811 ; -5.10936
4.183 ; 6.45247 ; -4.67113 ; 4.74076
7.7061 ; 2.79186 ; 4.24861 ; -4.03196
5.48024 ; 6.74123 ; -5.08822 ; 4.60852
3.83467 ; 4.36448 ; -4.49057 ; -4.92686
6.94628 ; 2.69672 ; 4.81536 ; -3.74428
7.49962 ; 6.54832 ; 3.82123 ; 4.66693
3.05817 ; 3.83957 ; -3.46631 ; -4.80233
7.19135 ; 6.56933 ; -4.69211 ; 1.4442
6.71259 ; 3.24601 ; 4.96104 ; -3.97046
5.97953 ; 5.38981 ; 4.8893 ; 5.20719
3.56434 ; 2.01081 ; -2.7306 ; -1.3903
4.18255 ; 8.1128 ; -4.52633 ; 2.51516
8.09203 ; 7.20943 ; 3.31177 ; -3.54643
5.58823 ; 4.22743 ; -5.22267 ; -5.12239
8.79138 ; 2.16989 ; -0.17611 ; -0.600088
3.48601 ; 2.75315 ; -4.01529 ; -3.94589
7.82469 ; 2.95414 ; 4.17396 ; -4.1695
7.27679 ; 3.82738 ; 4.69474 ; -4.82479
3.59829 ; 7.34658 ; -4.11653 ; 3.9504
5.28328 ; 7.21471 ; 5.2238 ; 4.04604
8.49358 ; 6.30427 ; 2.5222 ; -4.85767
6.27894 ; 2.9825 ; 5.07435 ; -4.20253
6.94888 ; 6.43455 ; 4.8583 ; 3.34536
6.01898 ; 2.02417 ; 5.31851 ; -1.79788
7.45838 ; 3.20199 ; 4.51602 ; -4.42733
3.92231 ; 6.48062 ; -4.50458 ; 4.69665
7.41143 ; 6.9785 ; 4.53321 ; 4.37876
8.70556 ; 4.4685 ; 2.38575 ; -5.16982
6.09259 ; 6.91724 ; 5.3495 ; -1.09476
7.7793 ; 3.80118 ; 0.242206 ; -4.81642
7.31059 ; 7.70847 ; -4.40723 ; 2.43431
6.55867 ; 2.17308 ; 5.13175 ; 0.0878269
3.75249 ; 6.99803 ; -4.31988 ; 4.31739
7.65065 ; 6.89058 ; 4.3685 ; 4.41138
6.34517 ; 4.96656 ; -5.05897 ; -5.32399
4.80952 ; 6.90281 ; -4.92764 ; 4.47539
4.13327 ; 6.71628 ; -4.62478 ; 4.57499
5.22285 ; 4.31246 ; 4.63796 ; -5.16657
3.87519 ; 4.57286 ; -4.44906 ; 4.89195
5.01425 ; 3.58555 ; -5.22959 ; 3.69702
2.89775 ; 3.87356 ; 0.0239334 ; -4.8799
7.47543 ; 7.00154 ; 4.48485 ; 4.35164
7.61465 ; 7.21854 ; 4.33959 ; 4.12773
4.76827 ; 3.25202 ; -4.92828 ; -4.54758
8.01014 ; 2.70693 ; 3.91641 ; -3.8647
3.44153 ; 2.73883 ; -3.96196 ; -3.91844
3.44439 ; 3.07158 ; -3.3478 ; 4.17693
5.0812 ; 3.74158 ; 5.53538 ; 4.8874
7.22906 ; 6.62401 ; 4.66945 ; -3.89877
6.10201 ; 3.54091 ; -5.02538 ; -4.74319
4.17694 ; 6.59677 ; -4.66521 ; 4.6537
3.80309 ; 3.93726 ; -4.38804 ; -4.87693
4.07179 ; 6.78382 ; -4.5742 ; 4.5246
4.74032 ; 2.40644 ; -4.94806 ; 1.36288
5.97559 ; 6.75898 ; -4.98445 ; 3.73523
4.89205 ; 3.05548 ; 5.59255 ; 3.54844
6.79509 ; 4.97113 ; 5.01036 ; -5.11026
4.45831 ; 6.34744 ; -4.84391 ; 4.81544
7.11622 ; 3.61973 ; 4.76447 ; -4.73412
4.59491 ; 7.62357 ; -4.84086 ; 3.61726
7.50876 ; 6.08085 ; 4.55521 ; 4.88344
7.53087 ; 6.75488 ; 4.48058 ; 4.52894
6.58939 ; 4.48257 ; 5.07513 ; -5.02762
7.52551 ; 6.54642 ; 4.447 ; 4.67317
7.27463 ; 3.18007 ; 4.63685 ; -4.41647
7.919 ; 7.09929 ; 4.0802 ; 4.18139
8.74063 ; 3.7099 ; 0.966946 ; -4.72596
3.19356 ; 2.54482 ; -0.503064 ; 3.06594
6.58589 ; 6.39103 ; -3.27815 ; -4.82892
5.51319 ; 6.65596 ; 5.12881 ; 4.67187
6.9702 ; 4.72098 ; 4.90293 ; -5.08606
3.43939 ; 7.22355 ; -3.98407 ; 4.04823
6.36997 ; 6.97373 ; 5.02259 ; 4.3975
5.31441 ; 7.03858 ; 5.5092 ; -3.09552
6.85293 ; 3.27963 ; 4.8622 ; -4.54631
7.04791 ; 2.11501 ; 4.67629 ; -2.93786
7.03137 ; 4.85053 ; 4.88817 ; 5.06316
7.14171 ; 8.08567 ; 4.61354 ; 2.27724
6.35383 ; 6.28455 ; 5.06204 ; 4.89309
4.11769 ; 3.59082 ; -4.66017 ; -4.71027
3.87155 ; 6.75806 ; -4.44814 ; 4.51328
3.92836 ; 3.36366 ; -4.51159 ; -4.55464
8.72132 ; 3.5972 ; 0.984806 ; -4.62992
3.03494 ; 5.55267 ; -3.25868 ; 5.13487
4.03277 ; 3.94574 ; -4.6295 ; -4.87522
7.17584 ; 3.09599 ; 4.67623 ; -4.38555
5.32854 ; 6.28676 ; -5.09077 ; 4.90719
4.798 ; 3.56535 ; 4.76323 ; -4.7357
6.09765 ; 5.86534 ; 5.16106 ; 5.08759
4.43014 ; 3.59866 ; -4.8344 ; -4.74424
7.36561 ; 2.88921 ; -4.03075 ; 3.56027
6.32266 ; 7.4822 ; -5.27541 ; 3.4511
3.22796 ; 2.88379 ; -3.67763 ; -3.94525
3.17066 ; 3.29851 ; -3.68254 ; -4.40888
7.68311 ; 6.76058 ; 4.36049 ; 4.50155
7.17059 ; 3.00852 ; 4.68354 ; -4.27407
5.3779 ; 4.94059 ; -5.26899 ; -5.28056
6.71939 ; 3.63436 ; 4.99232 ; -1.15103
5.40867 ; 2.92871 ; 5.16433 ; -4.15998
7.09542 ; 5.09199 ; 4.8514 ; 5.14775
4.27412 ; 6.23018 ; -4.75876 ; 4.86209
7.77815 ; 3.04684 ; 4.23346 ; -4.26089
6.34868 ; 5.32273 ; 5.1864 ; 5.19849
7.1441 ; 3.42844 ; 4.74071 ; -4.52584
3.82292 ; 6.71845 ; 0.0858076 ; 4.47579
3.28266 ; 7.00576 ; -3.26408 ; -3.96751
6.69952 ; 6.4844 ; 4.69823 ; 4.7709
3.53885 ; 6.75099 ; -4.15912 ; 4.47334
5.18061 ; 5.45893 ; -5.19545 ; 5.22651
3.74385 ; 3.40252 ; -4.27687 ; -3.86253
4.61262 ; 3.59043 ; -4.91828 ; -4.75515
4.58154 ; 7.40893 ; -4.95274 ; -2.02533
3.54621 ; 7.21331 ; -4.0952 ; 4.08378
7.46641 ; 6.81155 ; 4.51706 ; 4.49971
5.26881 ; 6.45804 ; -5.14668 ; 4.53774
6.89692 ; 5.7192 ; 4.90192 ; 2.58922
7.85663 ; 2.35167 ; 3.57013 ; 1.61214
4.21495 ; 4.17645 ; -4.71982 ; 4.53712
5.29918 ; 5.0866 ; -4.96065 ; -5.24975
3.91842 ; 6.55228 ; -4.50488 ; 4.62444
6.79709 ; 5.71219 ; 4.98822 ; 5.11335
5.45242 ; 3.41581 ; 4.63576 ; -4.64355
6.82417 ; 5.43188 ; 4.9909 ; 5.10061
5.13156 ; 3.12805 ; -5.06498 ; -4.44579
3.92633 ; 2.79448 ; -4.42786 ; -4.06722
6.72824 ; 2.10986 ; 4.86315 ; -2.88148
6.69638 ; 2.01796 ; 4.94531 ; -2.52076
6.65504 ; 2.91248 ; -4.15654 ; -4.04787
3.8667 ; 6.62744 ; -4.46061 ; 4.59228
6.31439 ; 7.10282 ; 5.30318 ; -2.93807
5.66222 ; 4.15886 ; -5.03491 ; -5.09067
6.63127 ; 3.31795 ; 4.95797 ; -4.57955
3.66213 ; 6.91893 ; -4.25728 ; 4.3641
4.30684 ; 2.68178 ; -4.69563 ; -3.90209
4.80822 ; 7.82435 ; 5.32145 ; 2.7366
6.59175 ; 2.7298 ; 5.11455 ; 1.00974
6.11029 ; 7.70773 ; 4.96682 ; 3.15118
4.26458 ; 3.59992 ; -4.74729 ; -4.7297
5.34213 ; 7.13937 ; 5.59985 ; -3.23274
7.03416 ; 3.64862 ; 4.61388 ; -4.74399
3.66881 ; 6.91043 ; -4.26013 ; 4.36771
7.31813 ; 6.45013 ; 4.6602 ; 4.74409
4.88573 ; 3.57917 ; -5.00866 ; -4.75892
3.86518 ; 3.3 ; -4.4583 ; -4.50314
6.44426 ; 4.56713 ; -5.28585 ; 5.3412
8.32953 ; 6.19115 ; 2.58676 ; 4.84802
7.34841 ; 6.33482 ; 4.5378 ; -0.57039
7.17819 ; 6.07141 ; 4.77301 ; 4.93928
4.60123 ; 3.11551 ; -4.84185 ; -4.43456
5.33573 ; 5.46219 ; -1.58925 ; 5.20391
4.36189 ; 3.26115 ; -4.75847 ; -4.53256
7.90647 ; 3.16834 ; 4.12432 ; -4.33949
2.65087 ; 6.15495 ; -0.841876 ; -4.75087
4.57812 ; 6.537 ; 4.54308 ; 4.72001
3.68872 ; 7.04478 ; -4.25891 ; 4.26652
4.14559 ; 6.67054 ; -4.6383 ; 4.60682
7.12503 ; 6.93995 ; 4.72227 ; 4.43577
5.11422 ; 6.54006 ; -5.09563 ; 4.66739
6.19368 ; 5.47908 ; -5.32578 ; -2.98047
3.81095 ; 3.71748 ; -2.18217 ; -4.77741
5.23958 ; 7.19211 ; 4.5286 ; 2.46873
6.73295 ; 4.03108 ; 0.876076 ; -4.96761
3.47972 ; 6.77033 ; -4.10318 ; 4.44686
5.01255 ; 3.21589 ; -5.01174 ; -4.52539
3.53485 ; 7.35691 ; -4.04985 ; 3.92762
3.9441 ; 2.87159 ; -4.4461 ; -4.15901
5.55177 ; 6.90874 ; -5.09616 ; 4.42996
7.1157 ; 7.43523 ; -5.05774 ; 1.24842
4.28243 ; 4.53155 ; -4.76921 ; 2.77852
8.2603 ; 4.95145 ; 3.15181 ; -5.31766
3.27507 ; 7.4131 ; -3.73977 ; 3.7922
7.47139 ; 5.06474 ; 4.57469 ; 5.18886
4.09219 ; 3.34862 ; -4.61159 ; -4.56615
3.93136 ; 3.03721 ; -4.46638 ; -4.31069
7.55631 ; 3.00693 ; 4.41281 ; -4.26527
6.77743 ; 2.73201 ; 4.99692 ; 2.22319
2.73329 ; 3.41474 ; -0.838171 ; -4.45764
4.39243 ; 3.97669 ; -4.8432 ; -4.84894
6.80946 ; 5.18945 ; 5.01062 ; 5.16086
4.51839 ; 7.08505 ; -4.90036 ; -1.49841
3.82977 ; 3.9238 ; -4.47816 ; -4.85146
8.61309 ; 3.38553 ; 0.330837 ; -4.43977
6.02454 ; 2.08034 ; 1.46956 ; 0.936377
4.26098 ; 2.8908 ; -4.67675 ; -4.1855
4.67185 ; 4.10116 ; -5.03296 ; 4.28465
6.90882 ; 7.3373 ; -4.31308 ; 0.518973
4.58165 ; 6.09644 ; -4.90939 ; 3.74874
3.65944 ; 3.25584 ; -4.28277 ; -4.43891
7.61046 ; 2.91765 ; 4.35412 ; -4.17588
6.56335 ; 6.39772 ; 5.0962 ; -1.08321
4.3017 ; 5.94182 ; 3.92183 ; 5.12075
2.79363 ; 5.85865 ; -2.79019 ; 5.04735
7.62931 ; 3.35026 ; 4.40469 ; -4.50484
6.43286 ; 4.16339 ; 5.05838 ; -5.03827
6.51506 ; 4.66697 ; 5.09449 ; -4.49138
7.46868 ; 6.89345 ; 4.50382 ; 4.43899
4.46145 ; 6.54989 ; -3.84447 ; 4.66805
3.31932 ; 2.66977 ; -3.79767 ; -3.79971
6.43786 ; 6.21293 ; 5.09015 ; 4.94163
4.49441 ; 3.55863 ; -4.59712 ; -0.87307
3.68886 ; 3.00081 ; -4.2674 ; -4.23529
7.71765 ; 3.50726 ; 4.34663 ; -4.58794
5.98322 ; 6.13355 ; 5.20252 ; 4.99319
7.13631 ; 2.70676 ; 4.67724 ; -3.96153
5.0711 ; 7.17112 ; 4.14329 ; 3.89513
7.32898 ; 3.17491 ; 4.58327 ; -4.43248
4.23928 ; 6.5844 ; -4.68658 ; 4.66922
6.70774 ; 6.79889 ; 4.96056 ; 3.96964
7.90573 ; 7.21129 ; 4.06927 ; 4.0778
6.45988 ; 3.12659 ; 5.01268 ; -4.43216
6.78954 ; 6.9054 ; 4.89939 ; 4.48028
3.75641 ; 7.23431 ; -4.27919 ; 4.10245
8.03082 ; 4.68398 ; -2.54549 ; 5.43817
4.8199 ; 2.26079 ; -5.00507 ; -3.13551
3.38349 ; 6.20253 ; 2.13876 ; -3.97886
6.72792 ; 5.10789 ; 5.0529 ; 5.17028
8.90874 ; 7.55362 ; 0.902573 ; 2.53532
3.74446 ; 6.34526 ; 3.29688 ; 4.8223
2.55242 ; 5.74164 ; -1.76133 ; 4.94672
7.20051 ; 7.68495 ; 4.51321 ; 3.44322
4.52235 ; 7.15845 ; -4.87547 ; 0.922643
7.13422 ; 4.07553 ; 4.7616 ; -4.95323
6.93925 ; 7.12972 ; 4.86577 ; -0.00150335
6.41301 ; 5.27331 ; 4.39078 ; 5.18811
5.81749 ; 4.24144 ; -5.06727 ; -5.13231
6.33154 ; 5.64227 ; 4.62468 ; 5.16668
3.73546 ; 3.0475 ; -4.31546 ; -4.28684
5.7067 ; 5.4111 ; 4.95421 ; 5.28405
7.51965 ; 4.50148 ; 4.2402 ; -5.02053
4.88325 ; 3.87996 ; -4.76638 ; -4.80447
5.39477 ; 3.68549 ; -5.15406 ; -4.83895
7.66036 ; 3.50078 ; 4.39472 ; -4.59416
4.62931 ; 6.25194 ; 4.39005 ; 4.90999
5.39242 ; 3.96388 ; 5.17538 ; -4.95257
6.20229 ; 5.5669 ; 5.20329 ; 5.21926
4.58854 ; 3.59751 ; -4.7324 ; -4.75447
5.80929 ; 7.06727 ; 5.30638 ; 3.67717
8.62624 ; 3.768 ; 2.20127 ; -4.73099
6.46312 ; 6.05016 ; -4.62722 ; 5.01037
4.95867 ; 5.64206 ; -4.86848 ; 5.04849
3.37813 ; 7.20185 ; -3.92123 ; 4.05527
6.00662 ; 4.35718 ; 5.21046 ; -4.87138
6.43058 ; 4.04482 ; 5.09797 ; -4.99605
3.98805 ; 6.42999 ; -4.56586 ; 4.7217
7.62254 ; 4.76386 ; -3.80089 ; -5.18472
7.61633 ; 6.25131 ; 3.74503 ; 4.81093
5.97511 ; 2.7392 ; -5.42782 ; 0.807745
5.66952 ; 6.60506 ; 5.23913 ; 4.44583
6.08508 ; 4.65779 ; 5.24268 ; 2.15923
4.43379 ; 3.43734 ; -4.81149 ; -4.63617
5.04407 ; 6.00639 ; -5.08038 ; 5.03039
4.392 ; 7.79071 ; -4.69107 ; 3.37497
7.06632 ; 7.68098 ; 4.63904 ; 3.57778
3.5499 ; 7.1243 ; -4.11592 ; 4.16885
3.44927 ; 7.15713 ; -4.00917 ; 4.11611
7.79107 ; 3.16777 ; 4.24099 ; -4.35654
7.52589 ; 3.00809 ; 4.43711 ; -4.26826
4.14474 ; 2.89731 ; -4.59997 ; -4.19347
3.80829 ; 4.39708 ; -4.44082 ; -4.94251
8.47511 ; 6.40721 ; 3.25162 ; 4.68545
8.26592 ; 6.09923 ; 2.9002 ; -5.18939
6.78548 ; 3.66397 ; -4.57825 ; -4.80555
4.36137 ; 5.93895 ; -4.64606 ; 5.00941
8.1067 ; 2.59262 ; 3.76278 ; -3.69138
5.41815 ; 6.1856 ; 4.97243 ; 4.9779
7.39644 ; 7.77916 ; -4.84776 ; -0.662383
5.88975 ; 2.27507 ; -5.59471 ; 0.180733
4.68196 ; 4.13996 ; -4.99215 ; -5.00543
4.38308 ; 7.22094 ; -4.72559 ; 4.16519
7.81897 ; 6.19485 ; 4.13514 ; 4.86023
4.14502 ; 3.4452 ; -4.65005 ; -4.63268
7.3463 ; 2.2163 ; 4.47909 ; -3.15773
7.13211 ; 2.47295 ; 4.68286 ; -3.3776
3.46634 ; 7.03696 ; -4.0512 ; 4.22995
7.62335 ; 3.2341 ; 4.39372 ; -4.43511
7.04189 ; 5.28793 ; -4.24363 ; -5.49163
8.22611 ; 6.43914 ; 3.75653 ; 4.67148
7.41754 ; 6.70502 ; -2.82922 ; 4.52685
3.9019 ; 3.77218 ; -4.52744 ; -4.78529
4.65463 ; 7.75406 ; -4.92091 ; 1.94874
4.7338 ; 4.55178 ; -5.04502 ; -5.12258
5.48719 ; 4.67447 ; 0.603221 ; -5.19552
6.43528 ; 4.98591 ; 5.18031 ; 5.26924
2.7587 ; 2.85458 ; 1.43799 ; -3.47673
5.5959 ; 3.93834 ; -5.18462 ; -4.98993
4.05398 ; 2.59329 ; -4.4397 ; -3.83374
7.9945 ; 7.27651 ; 3.95788 ; 3.98762
6.36118 ; 3.11983 ; 5.10288 ; -4.00054
7.68269 ; 2.99936 ; 4.29698 ; -4.23857
3.76028 ; 6.70228 ; -4.37042 ; 4.52883
5.62455 ; 3.59509 ; -5.11736 ; -4.79057
7.65397 ; 3.07905 ; 4.34708 ; -4.30886
6.66851 ; 2.97939 ; -4.35898 ; -4.14867
5.23148 ; 6.41821 ; -5.02604 ; 4.82469
4.80451 ; 5.83441 ; -5.00624 ; 5.07676
6.53895 ; 2.20932 ; 5.03179 ; -3.05571
3.55287 ; 4.21283 ; 2.74011 ; -5.1538
6.86563 ; 6.18726 ; 4.91795 ; 4.92836
6.38965 ; 2.29748 ; -3.53452 ; -3.06494
8.10532 ; 2.67265 ; 3.78771 ; -3.79588
7.87101 ; 4.1157 ; 0.291232 ; 5.29373
3.36526 ; 2.72252 ; -3.86905 ; -3.87809
3.2051 ; 2.55775 ; -3.60726 ; -3.61305
7.32003 ; 7.03618 ; 4.58913 ; 4.34071
4.22843 ; 3.37439 ; -4.69275 ; -4.59751
7.73632 ; 3.39575 ; 4.29062 ; -4.54065
6.00825 ; 2.22002 ; -5.51364 ; 0.148808
8.20337 ; 6.01783 ; 3.7555 ; 4.93994
4.86096 ; 5.77259 ; -5.06529 ; 5.10041
6.96223 ; 6.05334 ; 4.89415 ; 4.95644
6.58881 ; 4.577 ; 4.96825 ; -5.10446
4.0833 ; 5.84563 ; -4.64757 ; 4.93343
6.45701 ; 7.44343 ; -5.41791 ; 1.95107
4.04123 ; 3.39539 ; -4.58291 ; -4.59176
7.68639 ; 6.81741 ; 4.34969 ; 4.46054
5.7043 ; 6.62406 ; 5.4926 ; -3.59265
3.51045 ; 2.97448 ; -4.09173 ; -4.17763
4.13587 ; 7.86845 ; -4.51313 ; 3.1718
4.33745 ; 5.52515 ; -4.07098 ; 5.16659
3.86468 ; 4.58753 ; 2.07101 ; -4.54614
4.41827 ; 5.06448 ; -4.88355 ; -5.16051
3.96523 ; 6.71695 ; -4.51418 ; 4.5562
7.40499 ; 2.23098 ; 4.32213 ; 1.61413
3.86492 ; 3.38336 ; -4.46847 ; -4.55223
4.19074 ; 6.27523 ; -4.59661 ; 4.84027
5.45139 ; 5.87929 ; -5.31397 ; -2.62301
6.69701 ; 4.08089 ; 5.07987 ; 4.91547
7.97385 ; 2.82787 ; 3.98976 ; -4.01135
7.64593 ; 3.12821 ; 4.36124 ; -4.3482
8.03116 ; 7.39521 ; 3.88251 ; 3.84151
7.33138 ; 6.57705 ; 4.63802 ; 4.66973
6.04701 ; 2.50787 ; -5.52644 ; -1.12526
4.50247 ; 6.38112 ; -4.88496 ; -3.25949
5.76541 ; 3.14734 ; -4.60444 ; -4.03988
6.9728 ; 6.19773 ; 4.889 ; -4.04864
7.00496 ; 5.9181 ; 4.87976 ; 4.99183
7.66469 ; 2.87906 ; 4.3043 ; -4.12465
3.364 ; 7.31134 ; -3.87761 ; 3.93572
4.71295 ; 5.20025 ; -1.31001 ; 5.27974
7.29961 ; 6.41422 ; 4.66998 ; 4.7577
7.41246 ; 6.2984 ; 4.4669 ; 4.82728
3.3904 ; 2.47752 ; 3.27529 ; -2.8532
4.30706 ; 5.70741 ; 3.73783 ; 5.24251
7.30991 ; 7.92865 ; -1.98074 ; 2.47668
4.7984 ; 2.23801 ; -5.04372 ; 0.4408
4.57368 ; 6.37889 ; 3.50621 ; 4.82654
7.80028 ; 3.53378 ; 4.23636 ; -4.6258
8.08278 ; 3.72607 ; -2.18559 ; -4.79917
4.99536 ; 4.79571 ; 5.175 ; -5.30424
3.3409 ; 7.43788 ; -3.81592 ; 3.78061
7.27714 ; 2.49706 ; 4.53242 ; -2.0746
8.00716 ; 3.87461 ; 3.72057 ; 5.01686
6.60611 ; 6.07413 ; 5.04578 ; 4.99783
3.54017 ; 2.86574 ; -4.09846 ; -4.07998
7.36268 ; 3.41556 ; 4.59231 ; -4.57392
2.64599 ; 4.61104 ; -1.31125 ; -5.28145
6.61034 ; 3.81575 ; 5.01412 ; -4.88446
4.56099 ; 4.29538 ; -4.88336 ; -5.04306
3.01039 ; 6.49111 ; -2.2208 ; 4.64538
6.05597 ; 3.56196 ; -5.50428 ; 3.27819
6.38636 ; 7.56181 ; -5.45665 ; -2.19791
3.52978 ; 7.57116 ; -3.99282 ; 3.64928
6.9171 ; 4.8961 ; -3.97215 ; 5.39477
3.94436 ; 5.83366 ; -4.56434 ; 4.88398
3.80879 ; 2.80482 ; -4.3318 ; -4.06919
6.2616 ; 6.016 ; -5.36435 ; -5.12308
5.37256 ; 2.12243 ; -5.36814 ; -0.938045
7.3888 ; 3.56565 ; 4.56063 ; -4.68499
5.23228 ; 7.70936 ; -5.33841 ; -0.141199
5.22011 ; 3.75719 ; -5.20655 ; -0.785679
7.75013 ; 6.99032 ; 4.26433 ; 4.31385
6.62124 ; 3.40707 ; 5.07763 ; 1.23905
7.58649 ; 5.26165 ; 4.47417 ; 5.13019
4.98101 ; 3.4513 ; -5.03466 ; -4.68737
7.26206 ; 2.65518 ; 4.58014 ; -3.92693
3.76684 ; 6.64957 ; -4.16369 ; -3.59449
4.22476 ; 5.92279 ; -4.72784 ; 4.98763
5.85568 ; 5.51266 ; -1.62711 ; -4.75448
6.24898 ; 5.00883 ; -5.28628 ; -4.97193
6.88295 ; 3.39508 ; 4.85773 ; -4.62565
7.00481 ; 6.63383 ; 4.81288 ; 4.65823
5.59777 ; 4.10527 ; 2.90755 ; -5.02078
4.67629 ; 3.07667 ; -4.84036 ; -4.40388
3.43217 ; 7.20537 ; 1.33438 ; 3.89827
2.68755 ; 3.77696 ; -2.40318 ; -4.75763
5.33069 ; 5.1547 ; -5.26467 ; 5.24631
7.69305 ; 3.38119 ; 4.35489 ; -4.52674
5.03967 ; 6.18918 ; -5.07806 ; 4.94152
3.28077 ; 6.69053 ; -3.86848 ; 4.42467
3.7589 ; 6.48773 ; -4.39063 ; 4.66758
7.38508 ; 7.54875 ; 4.42708 ; 3.75106
8.81794 ; 3.50679 ; 0.181911 ; -4.47708
7.50921 ; 2.8989 ; 4.42727 ; -4.17372
3.41564 ; 7.34603 ; -3.92747 ; 3.91057
7.76653 ; 2.7985 ; 4.19592 ; -4.02653
5.11198 ; 7.20235 ; -4.43129 ; -2.82612
8.33247 ; 2.46009 ; -2.52938 ; -2.13951
7.2139 ; 7.11701 ; 4.65997 ; -2.6926
7.35556 ; 6.72995 ; 4.60718 ; 4.55403
3.76833 ; 6.75252 ; -4.37013 ; 4.5031
8.49114 ; 4.71684 ; 1.30154 ; -5.33908
8.69771 ; 5.46894 ; 2.42532 ; 5.14258
3.66019 ; 7.00042 ; -4.24217 ; 4.29929
3.43213 ; 7.37171 ; -3.93821 ; 3.88563
4.44844 ; 6.92518 ; -4.75615 ; 4.45228
4.20652 ; 3.2452 ; -4.66217 ; -4.50701
7.13632 ; 4.33032 ; 4.48288 ; -5.06719
6.12018 ; 5.58307 ; 5.23034 ; 4.81703
4.15892 ; 4.91548 ; -4.72724 ; -5.09282
2.5829 ; 6.14448 ; -0.328387 ; 0.142663
3.04986 ; 3.30208 ; -3.45405 ; -4.39681
4.28043 ; 7.34594 ; -4.71121 ; -2.06238
3.68192 ; 3.05219 ; -4.27076 ; -4.28081
7.41431 ; 3.70743 ; 4.59725 ; -4.73898
6.02988 ; 4.26848 ; 5.21018 ; -5.116
6.93001 ; 3.78214 ; 4.8754 ; -4.81417
7.37227 ; 6.06355 ; 4.65493 ; 4.921
4.34539 ; 2.82202 ; -4.72776 ; -4.0918
7.64232 ; 2.87694 ; -4.4536 ; 3.31015
3.31661 ; 3.48949 ; 1.74733 ; -4.58196
7.70585 ; 6.32391 ; 4.38257 ; 4.75207
5.75473 ; 6.22479 ; -5.06762 ; 4.94882
6.65211 ; 3.36159 ; 5.09315 ; 3.1149
7.79452 ; 2.97625 ; 4.20422 ; -4.19661
4.31614 ; 7.83625 ; -4.64565 ; 3.27611
7.2448 ; 7.31326 ; 4.60679 ; 4.06737
7.19309 ; 4.56552 ; 4.75949 ; -5.0483
3.18587 ; 4.0702 ; -3.60024 ; -3.24965
6.72785 ; 4.27671 ; 4.98358 ; -4.82859
7.35622 ; 3.19893 ; 4.5801 ; -4.44626
6.76221 ; 6.28697 ; 4.96297 ; 4.7049
7.67888 ; 7.31858 ; 3.72397 ; -3.22953
3.66541 ; 6.93843 ; -4.2578 ; 4.34973
4.23392 ; 3.85414 ; -4.75052 ; -4.8558
5.80642 ; 3.84343 ; 4.80667 ; -4.89066
3.18597 ; 3.01141 ; -3.70112 ; -4.14489
8.0428 ; 4.36448 ; 3.99453 ; -5.0342
8.81825 ; 6.26385 ; 1.51525 ; 4.80421
6.73806 ; 6.11681 ; 5.01322 ; -2.25272
2.84459 ; 5.04938 ; -1.81422 ; -5.45733
7.13716 ; 4.26866 ; 4.79693 ; -4.86865
7.89135 ; 2.2153 ; 3.82525 ; -0.972673
5.74323 ; 2.73362 ; 5.5523 ; 2.57121
6.44464 ; 3.44011 ; 5.03209 ; -4.65785
5.53743 ; 2.88266 ; 5.41634 ; -0.945954
2.98759 ; 6.37007 ; -0.801547 ; 4.75306
3.36171 ; 7.40963 ; -3.84735 ; 3.82163
6.79478 ; 4.64979 ; 4.79909 ; -5.16309
3.24491 ; 6.46676 ; -3.81851 ; 4.38742
4.07516 ; 3.17064 ; -4.58381 ; -4.43801
7.49289 ; 5.26642 ; 4.56196 ; 5.17541
3.90152 ; 6.58433 ; -4.49026 ; 4.61589
6.87051 ; 7.39931 ; 4.62178 ; 2.48355
4.74399 ; 5.93177 ; 4.62959 ; 5.12737
4.13923 ; 3.01993 ; -4.61399 ; -4.29102
4.13066 ; 4.90572 ; -4.70746 ; -5.12475
3.48033 ; 3.47077 ; -4.12784 ; -4.56467
8.73315 ; 2.21017 ; 0.881549 ; -2.1534
5.44777 ; 3.75466 ; -5.39105 ; 4.27008
3.923 ; 3.20691 ; -4.48134 ; -4.44515
7.97794 ; 2.85041 ; 3.98894 ; -4.0341
6.40632 ; 4.60319 ; 0.823272 ; 5.31011
6.95768 ; 6.04578 ; 4.89048 ; 4.98131
3.96839 ; 6.94651 ; -4.4867 ; 4.39136
7.97495 ; 7.37547 ; 3.95369 ; 3.88141
6.15636 ; 4.07409 ; -5.42767 ; 5.17353
4.91277 ; 3.38774 ; -4.8866 ; -4.64292
7.16978 ; 6.76663 ; 4.70593 ; -3.77825
7.91038 ; 4.23684 ; 4.01291 ; -5.00905
4.30963 ; 5.46444 ; -2.29274 ; 5.20896
4.59418 ; 6.65611 ; -4.87444 ; 4.63108
7.1521 ; 4.53297 ; 4.79831 ; -4.99458
7.52284 ; 6.62425 ; -3.70586 ; 4.55102
6.75026 ; 3.40255 ; -4.78566 ; -4.58568
6.95106 ; 3.52461 ; 4.82872 ; -4.70101
7.82902 ; 5.67112 ; 0.590531 ; -4.09752
2.95889 ; 7.13027 ; 1.90086 ; -3.74386
4.36523 ; 2.22002 ; -4.70262 ; -3.15829
4.79633 ; 5.85138 ; -5.01649 ; 5.07032
4.60816 ; 5.88738 ; -4.90748 ; 5.03526
6.17164 ; 3.55446 ; 5.17129 ; -4.25737
8.92093 ; 6.87984 ; 0.535097 ; 4.14082
6.01105 ; 5.02534 ; 3.99091 ; -5.23903
3.82807 ; 6.91236 ; -4.39363 ; 4.39604
5.58487 ; 2.8114 ; -5.50261 ; 2.96871
7.77555 ; 5.51183 ; 3.73696 ; -5.25265
7.54679 ; 3.50116 ; 4.48526 ; -4.60928
7.32255 ; 5.16241 ; 4.63143 ; -5.14293
6.22738 ; 3.74971 ; 5.10771 ; -4.8576
4.55656 ; 4.26339 ; -4.93874 ; -4.86792
6.2532 ; 3.9975 ; 5.12056 ; -4.9865
6.22067 ; 6.00919 ; -5.05483 ; 5.067
3.66542 ; 5.58004 ; -3.8675 ; 5.14793
4.21428 ; 6.74329 ; -4.6679 ; 4.56743
5.62054 ; 6.64015 ; 5.09732 ; 4.67127
8.64421 ; 2.68168 ; 2.6497 ; -3.51925
5.45751 ; 2.56803 ; -4.88648 ; -3.47624
6.61132 ; 4.807 ; 5.11601 ; 5.23577
3.84573 ; 6.37105 ; -4.46629 ; 4.69718
6.87845 ; 6.67782 ; 4.87631 ; 4.64668
4.55879 ; 4.29693 ; -4.88664 ; -4.20304
5.07362 ; 4.62038 ; -3.49807 ; -5.1549
7.33367 ; 4.25813 ; 4.67802 ; -4.96257
4.05208 ; 6.73369 ; -4.53662 ; 4.55605
4.04405 ; 3.33743 ; -4.58762 ; -4.55088
7.5236 ; 4.41116 ; 4.51955 ; -4.99009
8.13941 ; 6.78309 ; -2.68535 ; -3.62459
5.3352 ; 6.1518 ; -5.10821 ; 4.97764
7.16824 ; 5.11124 ; 4.71783 ; -4.92718
7.1156 ; 6.65313 ; 4.75168 ; 4.64455
3.78667 ; 4.82268 ; 1.09056 ; 5.46421
4.30123 ; 4.48842 ; -4.81507 ; -5.044
3.44542 ; 3.01019 ; -4.01304 ; -4.20097
4.18607 ; 6.78368 ; -4.62215 ; 4.53696
4.02739 ; 2.68131 ; -4.44527 ; -3.86791
4.5879 ; 5.31594 ; 3.6272 ; 5.34837
7.15772 ; 7.15197 ; 4.67763 ; 4.24931
5.56766 ; 5.16578 ; -5.35551 ; -5.22919
3.55047 ; 7.17733 ; -4.10745 ; 4.11917
6.77214 ; 6.4776 ; 4.94468 ; 4.77882
7.07711 ; 6.77892 ; 4.75557 ; 4.5653
5.7338 ; 1.96917 ; 4.88334 ; -1.50961
7.00967 ; 4.37759 ; 4.87626 ; -5.02278
3.02709 ; 3.98897 ; -2.7201 ; 5.32178
7.37772 ; 3.09177 ; 4.55297 ; -4.36129
7.23507 ; 3.17287 ; 4.64306 ; -4.44092
5.36726 ; 3.93013 ; -5.18388 ; -4.03246
6.4265 ; 6.32234 ; 5.07504 ; 4.87408
3.83542 ; 7.29869 ; -4.33275 ; 4.04693
3.87169 ; 6.88699 ; -4.42809 ; 4.42356
7.11957 ; 3.49718 ; 4.75613 ; -4.66834
4.37379 ; 4.91844 ; -4.85633 ; 4.90073
3.87894 ; 6.92872 ; -4.42858 ; 4.39247
4.13219 ; 6.72474 ; -4.62676 ; 4.55569
7.77182 ; 4.11086 ; -3.34929 ; -5.07158
3.75032 ; 6.75636 ; -4.3559 ; 4.49296
8.17581 ; 5.91079 ; 3.34153 ; -5.13176
4.13056 ; 2.16449 ; -4.37218 ; -2.58646
3.98913 ; 4.78016 ; -4.553 ; -4.72646
4.32598 ; 3.50103 ; -4.7702 ; -4.68314
7.25544 ; 3.41122 ; 4.6711 ; -4.60333
4.02865 ; 3.64001 ; -4.60336 ; -4.71741
7.44428 ; 3.45648 ; 4.54659 ; -4.60973
6.8321 ; 5.52983 ; 4.9768 ; 4.93653
4.07684 ; 3.16587 ; -4.57936 ; -4.43485
3.29348 ; 6.34245 ; -3.64163 ; -3.70077
3.25232 ; 2.68492 ; -2.97475 ; -3.70958
4.99924 ; 5.91534 ; -5.02924 ; 1.05938
5.73884 ; 4.86273 ; -5.24444 ; -5.28627
3.24267 ; 2.43189 ; 0.919639 ; 2.91496
3.7319 ; 6.92676 ; -4.31472 ; 4.36958
4.60838 ; 6.63253 ; -4.82506 ; -3.75308
4.35466 ; 3.56996 ; -4.78659 ; -4.72555
3.09602 ; 4.4254 ; -3.49649 ; -5.11574
6.51624 ; 6.43983 ; -4.17215 ; -4.81025
4.22418 ; 6.7097 ; -4.68018 ; 4.58351
4.46978 ; 2.38642 ; -4.78198 ; 0.415408
3.86236 ; 7.58059 ; -4.30936 ; 3.69688
3.20681 ; 7.55843 ; -3.59918 ; 3.57352
6.80084 ; 3.88806 ; 4.95012 ; -4.88993
6.95729 ; 5.48301 ; -4.68627 ; -2.02747
4.28082 ; 3.1162 ; -4.67926 ; -4.41417
5.90823 ; 3.96581 ; 5.14683 ; -4.99381
5.73737 ; 4.02649 ; -5.1514 ; -5.03831
6.26836 ; 4.66569 ; 5.08506 ; -5.19712
5.15304 ; 6.78803 ; -5.04718 ; 4.57601
6.66003 ; 5.88316 ; -3.91398 ; 5.11826
4.09097 ; 3.72448 ; -4.64749 ; -4.76052
6.69149 ; 4.7936 ; 5.06961 ; 4.86074
7.1399 ; 6.06793 ; 4.79575 ; 4.95053
7.27476 ; 3.48274 ; 4.34452 ; -4.64263
4.66917 ; 5.81239 ; -5.03175 ; -4.53655
6.17094 ; 5.89482 ; -4.66452 ; 5.12233
7.44492 ; 8.13187 ; 4.25168 ; 2.44936
6.42189 ; 5.61495 ; 5.12802 ; 5.17931
3.74458 ; 4.13874 ; -4.33587 ; -4.96799
6.7998 ; 2.40118 ; 4.88427 ; -3.44968
3.85197 ; 6.68812 ; -4.4422 ; 4.55628
7.18522 ; 5.08971 ; 4.79111 ; 5.04589
4.96461 ; 3.25539 ; 1.57813 ; 4.32624
2.60736 ; 3.54035 ; -2.14787 ; -4.55437
7.19152 ; 4.73653 ; 4.77446 ; -5.08091
3.77438 ; 2.98795 ; -4.33625 ; -4.24201
3.98946 ; 2.89304 ; -4.48332 ; -4.1861
7.75077 ; 7.22895 ; 4.21675 ; 4.09307
7.30377 ; 2.21006 ; 4.52529 ; 0.00842494
7.58706 ; 7.0585 ; 4.38311 ; 4.28503
8.1832 ; 2.58829 ; 3.65542 ; -3.6604
6.01735 ; 3.5979 ; -5.05771 ; -4.78777
6.17509 ; 3.45163 ; 5.08652 ; -4.68596
4.5393 ; 6.01358 ; -4.90392 ; 4.98119
6.14467 ; 4.94164 ; -5.27889 ; -5.38726
7.2773 ; 6.03849 ; 4.71772 ; 4.94497
7.90237 ; 6.10445 ; 4.19129 ; 4.85755
6.57824 ; 5.76263 ; -4.92626 ; 5.08004
8.62843 ; 1.87528 ; 1.46423 ; -0.485421
3.77716 ; 5.45975 ; -4.26348 ; 4.18914
8.26826 ; 7.51539 ; 3.51473 ; 3.60258
2.70213 ; 5.73268 ; -2.62332 ; 5.04694
4.48576 ; 2.71272 ; -4.78956 ; -3.99091
5.82182 ; 6.31096 ; -5.04473 ; 4.90017
5.40022 ; 3.8424 ; -5.1008 ; -4.90526
6.97834 ; 6.93207 ; 4.81164 ; 4.43112
3.68373 ; 6.73289 ; -4.20349 ; 4.5133
7.27978 ; 6.95221 ; 4.62436 ; 4.41569
3.78971 ; 7.12339 ; -4.32797 ; 4.2138
7.06912 ; 8.19111 ; 4.70047 ; 0.820826
5.31256 ; 6.51259 ; 4.81796 ; 4.76521
7.97238 ; 5.60852 ; -2.41098 ; -5.33483
5.42577 ; 6.93883 ; 5.19371 ; 4.14512
7.5584 ; 7.33694 ; -4.07588 ; 3.64956
6.78295 ; 5.75489 ; 4.99569 ; 5.05128
6.34449 ; 3.42065 ; 5.05284 ; -4.65765
6.62665 ; 5.17559 ; 5.07589 ; -5.119
4.3814 ; 6.2506 ; -4.82008 ; -4.54246
6.84851 ; 3.55341 ; 4.89248 ; -4.72508
6.56229 ; 5.85401 ; 5.04703 ; 5.06259
7.87911 ; 7.06293 ; 4.1279 ; 4.21937
5.4538 ; 4.15794 ; -5.09027 ; -5.08268
7.95539 ; 7.17315 ; 4.025 ; 4.10393
7.5656 ; 3.90538 ; -1.58013 ; -4.71964
6.29814 ; 6.34889 ; 5.09508 ; 4.86164
6.65638 ; 5.72318 ; 5.02797 ; 4.87472
7.93804 ; 5.71514 ; 4.153 ; 5.02224
7.6637 ; 6.17709 ; -1.86782 ; 4.94319
7.81257 ; 7.10479 ; 4.1847 ; 4.19877
7.00104 ; 2.49312 ; 4.76963 ; -3.52147
7.28178 ; 3.21722 ; 4.63347 ; -4.45825
7.27747 ; 3.81024 ; 4.69372 ; -4.80518
6.65635 ; 7.20643 ; 4.25541 ; 3.64734
3.79828 ; 2.81427 ; 3.70423 ; -3.71782
6.82715 ; 6.30515 ; 4.92524 ; 4.87317
2.73827 ; 5.86226 ; -1.67335 ; -2.23908
4.24349 ; 4.62187 ; -4.75451 ; 4.92541
4.8235 ; 6.91703 ; 4.99449 ; 4.37642
3.43312 ; 7.28161 ; -3.96096 ; 3.98666
5.59188 ; 4.39227 ; -5.18898 ; -5.17998
4.16968 ; 4.48246 ; -4.73453 ; -5.02986
6.96565 ; 5.16803 ; 4.89786 ; -5.14481
2.715 ; 8.02124 ; -2.02411 ; 1.71083
4.73377 ; 3.83657 ; 4.29155 ; -4.92173
6.27309 ; 7.04245 ; -5.56189 ; -2.62977
7.66993 ; 6.92298 ; 4.34719 ; 4.38318
6.71824 ; 5.29614 ; 5.05637 ; -5.06881
7.06375 ; 6.18652 ; 4.81413 ; 4.91096
7.58681 ; 6.81454 ; 4.42937 ; 4.48003
4.89542 ; 2.77364 ; -4.12161 ; -4.02252
3.76551 ; 6.53148 ; -4.39211 ; 4.64163
4.58678 ; 3.38069 ; -4.87705 ; -4.61967
7.74866 ; 4.2459 ; 2.35676 ; 5.34464
7.9114 ; 7.28409 ; 4.04673 ; 4.00061
7.56668 ; 6.83583 ; 4.42084 ; 4.37083
8.3851 ; 5.38166 ; 3.17206 ; -5.1744
7.18774 ; 3.03668 ; 4.66257 ; -4.33507
5.71485 ; 6.34734 ; -5.11788 ; 4.87483
3.79732 ; 7.10208 ; -4.3364 ; 4.2351
2.65131 ; 3.41967 ; -0.123042 ; -4.36955
3.8071 ; 4.38287 ; -4.38309 ; 4.16016
5.45304 ; 4.03406 ; 5.41559 ; 5.13307
6.26819 ; 6.5251 ; 5.07096 ; 4.77183
3.33092 ; 7.53229 ; -3.77463 ; 3.65204
3.29867 ; 2.54801 ; -3.73262 ; -3.63146
7.74509 ; 3.42229 ; 4.31267 ; -4.54901
7.76509 ; 3.4697 ; 4.28804 ; -4.58216
5.5112 ; 4.21072 ; -5.23042 ; -4.92844
4.00784 ; 3.57015 ; -4.58739 ; -4.69052
3.59144 ; 7.07654 ; -4.16621 ; 4.2198
8.2137 ; 7.34718 ; 2.93132 ; -3.08777
7.35356 ; 6.4638 ; 4.63821 ; 4.72722
4.5874 ; 3.98332 ; -4.25852 ; -4.93782
8.00386 ; 7.31864 ; 3.93644 ; 3.93901
5.82423 ; 5.9843 ; 5.15791 ; 5.08039
6.86853 ; 5.75044 ; 4.38774 ; 5.10692
7.32479 ; 3.3605 ; 4.62396 ; -4.55479
6.30014 ; 5.65769 ; -5.3848 ; -4.49945
4.44284 ; 3.17215 ; -4.77185 ; -4.47054
3.83133 ; 7.11269 ; -4.35874 ; 4.23114
4.11909 ; 3.86956 ; -4.68191 ; -4.8501
7.25817 ; 2.74773 ; 4.59697 ; -4.02387
6.19854 ; 3.58303 ; 5.04915 ; -4.71771
4.79914 ; 5.35549 ; -5.08068 ; -4.51403
5.51421 ; 5.8366 ; 5.21323 ; 5.15975
7.61124 ; 5.99618 ; 4.4685 ; 4.94236
6.57619 ; 4.76963 ; 5.13605 ; 5.15534
6.24256 ; 5.45194 ; -3.40252 ; 5.26331
5.62089 ; 4.99251 ; -5.32048 ; -4.75338
6.97179 ; 6.61221 ; 4.87098 ; -3.94893
4.82499 ; 4.35338 ; 2.74694 ; -5.15043
6.59329 ; 4.02091 ; 4.89696 ; 3.10157
4.98228 ; 6.63816 ; 2.69742 ; -4.34719
3.32304 ; 6.41416 ; -3.8971 ; 4.69169
5.72353 ; 5.48881 ; 5.28628 ; 2.09362
3.08536 ; 6.20383 ; -3.50906 ; 4.82341
6.91827 ; 7.86698 ; -5.23922 ; 2.17193
