3.95482 ; 2.12213 ; -4.07306 ; 2.03504
4.26131 ; 7.93232 ; -4.4655 ; 2.65465
4.27091 ; 6.55371 ; -4.56101 ; 4.04518
8.38433 ; 7.5714 ; 3.14731 ; 3.29624
3.06326 ; 2.31603 ; -1.51357 ; -2.8094
8.27375 ; 7.71989 ; 3.26436 ; 3.10745
3.52212 ; 2.81782 ; -3.82634 ; -3.45562
3.38544 ; 8.3639 ; -3.19376 ; 1.14585
5.43157 ; 7.48743 ; -5.06761 ; 3.59883
3.96652 ; 3.04101 ; -4.32136 ; -4.11707
4.37853 ; 1.9495 ; -4.62552 ; -0.279284
8.81153 ; 2.61718 ; -0.904637 ; -3.03134
6.54625 ; 4.43535 ; 5.05059 ; 4.95439
4.47541 ; 6.95215 ; 4.63315 ; 4.14591
6.56317 ; 5.65591 ; -4.84466 ; 5.07762
7.93115 ; 3.55879 ; -2.93501 ; -4.52378
7.21658 ; 5.44598 ; 4.60344 ; 5.01934
3.64848 ; 3.9204 ; -4.12703 ; -4.62032
3.63675 ; 2.67395 ; -3.04579 ; -1.50896
3.86716 ; 3.55138 ; 3.69299 ; -4.42904
3.20328 ; 2.47836 ; -3.40395 ; -3.31439
8.16057 ; 2.74973 ; 3.54952 ; -3.66837
3.86206 ; 3.0582 ; -4.20426 ; -4.11869
8.96174 ; 3.02419 ; -0.616458 ; -3.59241
6.52404 ; 3.46201 ; 4.78991 ; -4.51713
5.67751 ; 7.87737 ; -5.2466 ; 2.64638
3.02967 ; 6.94899 ; -0.37359 ; 4.00179
2.38298 ; 6.84318 ; -1.14623 ; 3.56305
8.46391 ; 7.78548 ; 2.91054 ; 2.90455
8.1422 ; 2.56732 ; -1.2061 ; 3.85255
4.39655 ; 2.99417 ; -4.63431 ; -4.00462
3.06796 ; 6.19149 ; -2.83223 ; 4.71026
4.22864 ; 3.32296 ; -4.54771 ; -4.37495
3.64053 ; 7.0999 ; -3.90904 ; -2.1614
6.67012 ; 5.77227 ; 4.92647 ; 4.98839
3.74007 ; 6.99622 ; -4.11525 ; 4.11335
5.88243 ; 5.48835 ; 5.06455 ; 5.18557
7.18817 ; 6.71526 ; 4.53393 ; 4.42686
7.52617 ; 2.81998 ; 4.20833 ; -3.87963
5.45151 ; 7.66173 ; 5.60368 ; -1.23295
7.54787 ; 8.29096 ; 3.27901 ; 1.52954
7.49962 ; 2.88027 ; 3.97832 ; -3.93155
8.98823 ; 7.78411 ; 0.228919 ; 2.23634
8.1951 ; 6.21795 ; 3.56894 ; 4.67715
7.46584 ; 2.12663 ; 4.19788 ; -1.93661
7.24911 ; 6.55974 ; 4.41455 ; 4.51978
3.21339 ; 7.29134 ; -3.49092 ; 3.70407
7.19522 ; 6.6355 ; 4.54249 ; 4.10478
6.59158 ; 5.21436 ; 4.97454 ; 4.87173
3.18481 ; 7.64848 ; -3.34055 ; 3.23256
7.11021 ; 6.27604 ; 4.63602 ; 4.72764
3.15038 ; 7.56488 ; -3.32136 ; 3.34232
7.77363 ; 6.92476 ; 4.0611 ; 4.18383
8.13492 ; 2.6326 ; 3.5517 ; -3.53218
3.12732 ; 3.27685 ; 0.0501413 ; 4.28794
7.10486 ; 2.14647 ; 4.49293 ; -2.84604
3.67086 ; 7.54646 ; -3.9537 ; 3.47457
7.29095 ; 2.89939 ; 4.40656 ; -3.98699
3.46715 ; 7.42069 ; -3.76168 ; 3.62212
4.16607 ; 3.34306 ; -4.50762 ; -4.38981
2.69245 ; 7.30376 ; 1.85014 ; 3.30031
8.05 ; 7.23254 ; 3.71457 ; 3.82851
7.49665 ; 2.85022 ; 4.23964 ; -3.91501
5.74647 ; 6.69963 ; -5.09982 ; 4.42467
2.97191 ; 2.17194 ; -2.88795 ; -2.66408
5.25897 ; 2.84333 ; 4.61352 ; -3.90255
3.99749 ; 6.40806 ; -4.40243 ; 4.58163
3.95654 ; 7.08039 ; -4.21539 ; 4.06729
7.09943 ; 6.82946 ; 4.59077 ; 4.34764
7.35963 ; 2.39959 ; 4.33739 ; 0.268071
5.99126 ; 6.6601 ; -5.0908 ; 4.46349
4.32925 ; 6.05148 ; 4.06384 ; 4.94453
3.71831 ; 7.0658 ; -4.08246 ; 4.04786
5.21497 ; 2.96928 ; 5.54317 ; 3.56195
7.20824 ; 4.4698 ; 4.58576 ; -4.44033
3.3156 ; 2.55799 ; -3.57708 ; -3.4623
3.67331 ; 6.36687 ; -4.13145 ; 4.5597
4.42452 ; 6.28785 ; -4.69531 ; 4.59076
3.57751 ; 6.64456 ; -3.78632 ; 4.38976
3.36 ; 4.06469 ; -3.73076 ; -4.80799
3.8152 ; 3.06651 ; -4.1403 ; 2.26661
3.77661 ; 2.65871 ; -4.0943 ; -3.68639
7.11661 ; 3.18943 ; 4.56847 ; -4.22529
7.69514 ; 7.11172 ; 4.10704 ; 4.02629
3.65176 ; 3.0731 ; -4.058 ; -4.08461
6.37043 ; 6.07575 ; -4.51136 ; 4.92135
4.47083 ; 2.8326 ; -4.65332 ; -3.94666
5.20276 ; 3.9337 ; -4.75362 ; -3.70417
5.13266 ; 1.95057 ; -5.18522 ; -0.547948
8.1147 ; 2.56818 ; 3.55732 ; -3.45733
7.48327 ; 2.70425 ; 4.22747 ; -3.7566
6.51386 ; 4.87274 ; 2.34189 ; 5.23951
3.68736 ; 6.35829 ; -4.03533 ; 4.50874
2.84139 ; 7.06727 ; -2.85403 ; 3.88468
8.80787 ; 7.44987 ; -0.0857579 ; 3.17016
3.24274 ; 2.52354 ; -3.47508 ; -3.38982
5.78788 ; 6.23476 ; 5.43879 ; -4.73681
6.87378 ; 7.843 ; 4.69312 ; 2.63113
7.61789 ; 6.79151 ; -3.30611 ; 4.28103
3.43783 ; 3.11039 ; -3.84209 ; -4.08921
7.88694 ; 2.59515 ; 3.83149 ; -3.55182
3.93225 ; 7.19252 ; -4.24308 ; 3.95818
6.98822 ; 6.54627 ; -2.0677 ; 4.23566
4.54025 ; 6.6839 ; -4.80461 ; -2.19148
7.15118 ; 5.42028 ; 4.65439 ; -4.97104
7.8344 ; 7.37024 ; 3.91997 ; 3.72475
6.12665 ; 2.10704 ; -4.18006 ; -2.10061
7.94278 ; 4.13037 ; 3.93878 ; -4.78711
4.03196 ; 5.14026 ; -3.41241 ; -5.17468
3.96485 ; 5.24158 ; -4.40684 ; -5.03263
4.92903 ; 4.28473 ; -4.97065 ; -2.08052
5.16049 ; 4.13259 ; 4.89677 ; -4.9883
3.58212 ; 3.65257 ; -4.05218 ; -4.52659
3.87401 ; 6.15289 ; -4.21119 ; 4.74644
3.82959 ; 3.26962 ; 3.48732 ; -4.25841
4.14289 ; 3.64191 ; -4.52149 ; -4.59119
3.60464 ; 7.28318 ; -3.9348 ; 3.81219
7.9229 ; 5.64526 ; 3.95783 ; 4.99617
3.89329 ; 8.25772 ; -3.98723 ; -0.83323
7.70415 ; 4.32426 ; 4.19534 ; -4.84652
4.16193 ; 2.85977 ; -4.41567 ; -3.96442
5.96341 ; 4.16657 ; 5.14717 ; -4.92928
8.13639 ; 5.40766 ; -2.74015 ; -5.48648
3.95942 ; 1.86594 ; 3.27096 ; -0.477233
6.0385 ; 5.43779 ; 5.2621 ; -5.22912
7.45436 ; 7.55307 ; 4.21893 ; -0.848105
3.44333 ; 3.42326 ; -3.77554 ; -4.32285
8.2975 ; 7.57961 ; 3.28203 ; 3.31746
7.11805 ; 8.18103 ; 4.51073 ; 2.03487
6.92266 ; 2.45119 ; 4.63773 ; -3.37765
3.64161 ; 7.32317 ; -3.96532 ; 3.76943
3.40371 ; 7.18487 ; -3.4407 ; -3.76803
7.8839 ; 2.56144 ; 3.82683 ; -3.50893
8.49527 ; 3.38939 ; 3.09664 ; -4.26816
5.81748 ; 6.96665 ; -4.92595 ; 4.084
6.98747 ; 5.72371 ; -4.17654 ; 5.16681
7.80121 ; 3.03215 ; 4.00854 ; -4.03984
4.10837 ; 2.90222 ; -4.37985 ; -4.00147
3.70459 ; 2.95853 ; -4.08214 ; -4.00477
2.93734 ; 2.93935 ; -3.10887 ; -3.82259
3.92197 ; 6.00485 ; -4.36781 ; 4.79831
2.85009 ; 2.72576 ; -2.87396 ; -3.54222
5.25049 ; 3.78775 ; -5.05684 ; -4.76388
3.91256 ; 6.88849 ; -4.01197 ; -3.96027
3.27398 ; 6.81449 ; -3.63688 ; 4.19919
3.78025 ; 3.35893 ; -4.13493 ; 1.58953
4.93485 ; 3.17604 ; 4.24929 ; -4.24361
7.64437 ; 3.49436 ; 4.211 ; -4.43705
7.91786 ; 7.93254 ; 3.69173 ; 2.8074
8.43303 ; 7.57103 ; 3.06456 ; 3.277
6.0748 ; 5.419 ; 5.13501 ; 5.20867
4.61609 ; 4.30594 ; -4.73474 ; 5.14472
8.2955 ; 7.72956 ; 3.22739 ; 3.08363
8.59513 ; 3.7356 ; -0.310198 ; 0.740754
3.60889 ; 3.02768 ; -4.01075 ; -4.04677
3.39116 ; 3.542 ; -3.82634 ; -4.41533
8.24159 ; 7.16121 ; 3.19935 ; 2.87828
4.6479 ; 6.03133 ; -4.80271 ; 4.85652
3.15936 ; 7.36863 ; -3.39685 ; 3.59639
7.75523 ; 5.98715 ; 4.15895 ; 4.81291
3.42163 ; 2.49643 ; -3.69127 ; -3.40646
7.00449 ; 7.18503 ; 4.67709 ; 0.9553
3.67266 ; 2.92734 ; -3.82347 ; 3.5863
4.42651 ; 3.36602 ; -4.67212 ; -4.4305
4.74732 ; 3.16742 ; -4.74801 ; -4.28383
2.77652 ; 4.02303 ; 0.658012 ; -3.05127
8.61461 ; 8.1209 ; 1.39321 ; -2.13927
7.23089 ; 2.76692 ; 4.40504 ; -3.85382
3.07629 ; 1.78361 ; -2.76894 ; -1.41089
8.98519 ; 7.96485 ; -0.510047 ; 1.49243
8.88702 ; 3.19053 ; 0.26157 ; -4.02551
3.25635 ; 2.50586 ; -3.48732 ; -3.3715
4.53227 ; 6.79153 ; -4.65638 ; 4.3707
5.56819 ; 4.93766 ; -5.10388 ; 4.75687
3.6519 ; 2.91306 ; -4.02096 ; -3.94432
5.99693 ; 5.72572 ; 4.25283 ; 5.01308
6.13692 ; 6.38434 ; 4.99392 ; 4.71373
8.11575 ; 2.72514 ; 3.59991 ; -3.65232
5.8554 ; 6.60909 ; 5.13138 ; 4.16689
4.46958 ; 6.93702 ; 3.36153 ; -4.07401
8.04507 ; 3.78998 ; 3.63487 ; -4.57558
7.70594 ; 7.87748 ; 3.95095 ; 2.97404
4.2492 ; 6.26398 ; -4.59042 ; 4.70624
3.40513 ; 7.20045 ; -3.7456 ; 3.85446
3.89032 ; 6.41927 ; -4.29691 ; 4.56377
6.35556 ; 5.83685 ; 4.99591 ; -0.783083
7.50962 ; 6.0747 ; 4.36918 ; 4.79619
7.92429 ; 3.34768 ; 3.89612 ; -4.2969
7.68574 ; 6.88581 ; 4.14973 ; 4.23064
4.34558 ; 7.06833 ; -4.53381 ; 4.12195
8.84988 ; 3.09858 ; -0.00320673 ; -3.91388
5.23029 ; 3.66271 ; -4.77958 ; -4.58909
7.65801 ; 6.67256 ; 4.20312 ; 4.39229
3.98747 ; 6.26326 ; -4.40526 ; 4.67514
7.27974 ; 2.96714 ; 4.46717 ; 3.50251
5.79418 ; 6.3144 ; 5.0093 ; 4.76484
3.17713 ; 7.58068 ; -3.3535 ; 3.32823
3.71775 ; 8.0703 ; -3.90945 ; 2.20145
8.25291 ; 2.68781 ; 3.40689 ; -3.57029
8.24463 ; 7.21212 ; 3.47053 ; 3.80034
2.71794 ; 8.03829 ; -2.21412 ; 2.17699
8.19874 ; 2.38745 ; 3.38692 ; -3.16702
7.40085 ; 2.23912 ; 4.24371 ; 2.23775
5.76129 ; 3.16677 ; -5.05382 ; -4.28069
8.25849 ; 7.60102 ; 3.33236 ; 3.30067
7.9822 ; 6.88063 ; 3.85554 ; 4.18814
8.43767 ; 2.24194 ; 2.92998 ; -2.80038
7.55796 ; 2.99717 ; 4.18634 ; -4.04821
2.48224 ; 2.5372 ; -1.2879 ; -3.0091
5.27501 ; 1.94696 ; 5.39837 ; -0.955768
3.50306 ; 7.52989 ; -3.77035 ; 3.49323
5.36841 ; 4.10623 ; -4.88547 ; 4.77163
4.96786 ; 7.45443 ; -4.84494 ; 3.70185
4.19715 ; 5.40807 ; -4.59337 ; 5.01023
6.5822 ; 7.73517 ; 4.60419 ; 3.24813
5.6021 ; 6.72076 ; 5.16737 ; 4.40526
7.49465 ; 7.39049 ; 4.23122 ; 3.75802
7.88162 ; 2.55755 ; 3.82538 ; -3.50633
8.14418 ; 7.44388 ; 3.54371 ; 3.55611
7.63273 ; 6.79378 ; 4.19639 ; 4.31571
8.05184 ; 7.31381 ; 3.69536 ; 3.73993
6.07455 ; 3.21294 ; -5.00541 ; -4.30888
3.10174 ; 7.49077 ; -3.27613 ; 3.42671
5.44281 ; 6.43491 ; -5.02658 ; 4.67959
3.9255 ; 3.6249 ; -4.3544 ; -4.50612
4.18406 ; 6.99655 ; -4.45554 ; 4.17442
6.30147 ; 6.97832 ; -4.58954 ; 4.18717
7.33721 ; 3.54652 ; 4.45977 ; -4.50615
4.06566 ; 6.95973 ; -4.38969 ; 4.12078
5.55159 ; 3.05968 ; -4.8594 ; -4.18342
3.19553 ; 5.38475 ; 2.62216 ; -5.65264
7.04414 ; 7.06554 ; 4.67996 ; -1.92656
6.70515 ; 5.05162 ; 4.93698 ; -5.06223
5.93572 ; 6.76931 ; -4.43288 ; 4.39257
6.78562 ; 5.615 ; 4.89975 ; -4.59686
6.18288 ; 5.3369 ; 5.16905 ; -4.54469
8.23199 ; 2.56376 ; 3.40055 ; -3.41573
5.27903 ; 3.1328 ; 4.72726 ; -4.2232
4.66107 ; 3.35735 ; 3.20437 ; -4.39683
7.58957 ; 7.35493 ; 4.13805 ; 3.78439
2.94073 ; 7.75964 ; -2.90155 ; 2.94612
8.16991 ; 2.58034 ; 3.43719 ; -3.18559
3.46987 ; 2.66966 ; -3.796 ; -3.6397
2.72368 ; 5.34416 ; -1.0148 ; -5.45115
4.53339 ; 6.71056 ; 1.74918 ; 4.39478
7.41959 ; 2.9916 ; 4.32455 ; -4.04772
2.8828 ; 5.83814 ; -2.62091 ; -5.34663
7.96762 ; 2.91769 ; 3.81691 ; -3.89954
2.99554 ; 7.83043 ; -2.96491 ; 2.84194
6.19069 ; 2.547 ; 4.99034 ; -1.6226
5.18003 ; 4.11898 ; -5.02195 ; -4.94468
5.11832 ; 3.66018 ; 3.85733 ; -4.65983
7.95913 ; 3.09734 ; 3.85686 ; -4.07059
8.40711 ; 4.05565 ; -0.23072 ; -4.82078
3.34099 ; 3.95581 ; 1.75633 ; -4.86187
2.69825 ; 3.47645 ; -2.6483 ; -4.29804
8.28946 ; 2.36847 ; 3.2443 ; -3.09737
6.13604 ; 3.18316 ; 5.25558 ; 2.14563
7.12349 ; 4.90083 ; 4.67 ; -4.99058
7.45599 ; 8.03077 ; 4.20002 ; -0.155828
4.70807 ; 2.96751 ; -4.72808 ; -4.10178
5.18836 ; 4.30777 ; -5.07465 ; -1.02559
3.6725 ; 7.27618 ; -4.00215 ; 3.83108
7.99569 ; 3.15899 ; 3.82589 ; -4.11659
3.30065 ; 2.77385 ; -3.62101 ; -3.72353
4.40927 ; 3.22352 ; -4.64394 ; -4.31713
4.51905 ; 3.01483 ; -4.58197 ; -4.13582
3.11974 ; 7.58237 ; -3.27167 ; 3.30667
8.45097 ; 7.89792 ; 2.87386 ; 2.68436
8.08864 ; 6.35559 ; 3.74346 ; 4.59532
5.29739 ; 5.77958 ; -4.67005 ; 5.03288
4.4282 ; 5.84096 ; 4.61217 ; 5.06281
8.12322 ; 2.56896 ; 3.54037 ; -3.45833
3.33436 ; 7.6158 ; -3.55005 ; 3.32869
7.52239 ; 3.48096 ; -3.7636 ; -4.46994
6.99712 ; 3.29085 ; 4.64449 ; -4.3635
4.06289 ; 6.68942 ; 3.76688 ; 4.39946
3.38983 ; 4.59674 ; -0.716314 ; 5.21701
7.33593 ; 8.0641 ; 4.2921 ; -0.488708
3.22379 ; 5.53298 ; -2.84515 ; 5.08191
4.53641 ; 3.21734 ; -4.66945 ; -4.07639
8.51445 ; 7.85369 ; 2.7711 ; 2.74163
7.52231 ; 7.26447 ; 4.22668 ; 3.89641
2.56774 ; 2.00063 ; -1.27491 ; -1.60777
3.70822 ; 6.81286 ; -4.11421 ; 4.21409
6.38366 ; 6.15285 ; 4.97305 ; 4.70219
4.20824 ; 6.73713 ; -4.51411 ; 4.31603
8.70769 ; 3.5315 ; -0.956927 ; -4.42448
8.0469 ; 8.15695 ; 3.36661 ; 2.15139
7.28706 ; 5.3744 ; 4.50705 ; -4.71444
4.21117 ; 5.10751 ; -4.56335 ; -1.86931
8.69313 ; 6.42212 ; 0.336531 ; 4.57492
3.10804 ; 7.85179 ; -3.14475 ; 2.84951
2.97613 ; 7.76047 ; -2.96482 ; 2.9617
8.21199 ; 7.44661 ; 3.45181 ; 3.5301
3.60974 ; 3.13021 ; -3.97279 ; -4.14784
5.08597 ; 6.8205 ; 4.6517 ; 4.07021
8.30769 ; 7.66926 ; 3.23235 ; 3.17704
3.24555 ; 2.89681 ; -3.54132 ; -3.85465
8.57417 ; 1.88927 ; -2.01539 ; 0.522374
2.90271 ; 2.27285 ; -2.8086 ; -2.83428
7.6946 ; 3.11482 ; 4.10143 ; -4.11976
7.70373 ; 5.76146 ; 4.16838 ; 2.47281
7.19588 ; 3.23217 ; 3.27674 ; 4.17261
3.49501 ; 7.45508 ; -3.78137 ; 3.5884
3.1738 ; 5.30611 ; -3.05966 ; -5.25333
3.71589 ; 6.92654 ; -4.09325 ; 4.17155
8.13096 ; 2.38867 ; 3.47931 ; -3.19179
4.97142 ; 7.20208 ; -4.85957 ; 4.00894
3.38561 ; 3.8718 ; -3.84899 ; -4.58348
7.42781 ; 2.3223 ; 4.25453 ; -2.95858
7.88174 ; 7.01501 ; 3.27737 ; 4.06932
2.71153 ; 3.35933 ; -2.56338 ; -4.24445
6.72214 ; 6.71375 ; -5.16765 ; 1.02876
7.20869 ; 2.84896 ; 4.48477 ; -3.42203
6.46846 ; 5.91052 ; 4.70763 ; 4.91292
3.29128 ; 1.87178 ; -1.93385 ; -0.137722
3.72991 ; 8.36432 ; -3.84473 ; 1.35263
8.4232 ; 6.85479 ; 2.47016 ; -4.59188
5.06597 ; 3.71519 ; -5.00244 ; -4.70914
8.77377 ; 2.10988 ; -1.72041 ; 0.773166
3.08448 ; 2.35856 ; -3.17785 ; -3.07846
8.24209 ; 2.53719 ; 3.37784 ; -3.37574
7.74626 ; 3.3449 ; 4.10296 ; -4.31241
3.18663 ; 7.74162 ; -3.30959 ; 3.08064
5.80566 ; 7.61932 ; 5.19128 ; 3.34186
8.7458 ; 5.8185 ; 1.56708 ; -5.29415
6.78637 ; 2.56225 ; 4.71466 ; -3.52211
7.43471 ; 6.76909 ; 4.34745 ; 3.01355
6.55083 ; 1.84438 ; 4.96024 ; -0.722237
7.90999 ; 2.75926 ; 3.84735 ; -3.73611
3.47185 ; 6.95029 ; -3.85498 ; 4.10959
7.86475 ; 7.41638 ; 3.87871 ; 3.66289
8.94414 ; 3.95152 ; 1.33996 ; -4.75099
6.62754 ; 6.80776 ; 4.98494 ; -1.84141
7.80352 ; 3.31954 ; -0.491926 ; -4.26756
6.86987 ; 7.9519 ; -5.08121 ; 1.50923
7.07184 ; 2.18187 ; 4.61286 ; 1.2543
3.3205 ; 7.42977 ; -3.58887 ; 3.57483
8.0875 ; 7.33172 ; 3.64819 ; 3.70845
5.83928 ; 4.43416 ; -5.11454 ; -5.07948
4.31676 ; 7.35035 ; -4.5002 ; 3.81836
3.67079 ; 7.17377 ; -4.01973 ; 3.93512
5.68665 ; 3.79581 ; 4.746 ; -4.76566
3.43029 ; 5.06206 ; -3.83771 ; 4.957
4.49129 ; 3.95526 ; -4.81223 ; 4.29784
2.90014 ; 3.38557 ; 1.15655 ; -4.30622
7.92391 ; 7.43671 ; 3.81052 ; 3.62503
8.04861 ; 7.63132 ; 3.61 ; 3.32285
4.27544 ; 2.79726 ; -4.49917 ; -3.90906
8.40178 ; 2.32046 ; 3.03417 ; -2.96686
3.04534 ; 2.34699 ; -3.10718 ; -3.04184
3.10961 ; 3.48927 ; -2.59363 ; 5.0307
5.63473 ; 4.23032 ; 5.43945 ; 5.21748
7.69601 ; 6.23414 ; 4.0864 ; -4.5614
5.59947 ; 3.0666 ; -5.03172 ; -4.18859
3.71042 ; 7.06214 ; -4.07704 ; 4.04767
3.36429 ; 3.44956 ; -3.73692 ; -4.38363
3.61437 ; 7.23629 ; -3.95005 ; 3.86304
4.24551 ; 2.54272 ; -4.46205 ; 2.51643
5.47715 ; 7.13251 ; -4.95492 ; 3.27105
5.45131 ; 3.41033 ; 5.56286 ; 4.3821
7.29613 ; 4.46011 ; 4.54253 ; -4.9315
3.97392 ; 6.82898 ; -4.3353 ; 4.28348
7.59267 ; 3.14632 ; 4.20729 ; -4.17235
4.11082 ; 7.9853 ; -4.31176 ; 2.72926
7.96428 ; 6.56919 ; 3.91378 ; 4.41655
7.97893 ; 7.20777 ; 3.80313 ; 3.87202
7.0969 ; 3.97981 ; 4.65111 ; -4.71633
7.97021 ; 7.01373 ; 3.79423 ; 4.07312
7.73831 ; 2.73842 ; 4.01771 ; -3.73227
8.32702 ; 7.51743 ; 3.25932 ; 3.39442
8.83733 ; 3.23731 ; -0.226389 ; -4.08757
3.14326 ; 2.85142 ; 0.547006 ; 4.3337
6.25808 ; 5.90813 ; -3.72255 ; -5.19722
6.02607 ; 7.12315 ; 5.03362 ; 4.09189
7.46049 ; 4.21238 ; 4.40221 ; -4.83096
3.04099 ; 7.62838 ; -3.13217 ; 3.20818
6.87223 ; 7.41348 ; 4.6567 ; 3.73771
5.86533 ; 6.72903 ; 5.36634 ; -3.95459
7.33914 ; 2.82499 ; 4.3615 ; -3.90547
7.51554 ; 1.82122 ; 4.05996 ; -1.87825
7.52018 ; 5.35684 ; 4.37141 ; 4.98404
7.60307 ; 8.3134 ; 3.9654 ; 1.1397
6.86004 ; 6.77386 ; 4.70769 ; 4.39253
3.65167 ; 3.11979 ; -4.06535 ; -4.13827
3.42674 ; 7.20939 ; -3.76711 ; 3.84895
3.4772 ; 2.9082 ; -3.8555 ; -3.91186
8.8198 ; 3.1342 ; -0.205291 ; -3.96274
2.70907 ; 6.06616 ; -2.38897 ; 4.75708
3.56982 ; 3.45822 ; -4.02525 ; -4.39607
7.64346 ; 2.65744 ; 4.08244 ; -3.67751
4.81947 ; 6.77748 ; -4.81759 ; 4.40291
5.27432 ; 3.09177 ; 4.99983 ; -4.18019
6.61375 ; 6.37409 ; 4.86573 ; 4.67861
3.9467 ; 3.12423 ; -4.31984 ; -4.18377
6.96254 ; 3.24523 ; -4.75261 ; 4.52576
5.79512 ; 7.82731 ; -5.30203 ; 2.67875
2.8602 ; 2.48927 ; -2.75957 ; -3.115
2.8024 ; 2.85762 ; -2.77721 ; -3.70163
8.11916 ; 7.21073 ; 3.63822 ; 3.83533
7.63894 ; 2.58111 ; 4.08388 ; -3.54734
4.851 ; 4.41254 ; -4.97129 ; -5.04408
7.21862 ; 3.51926 ; 4.52278 ; -0.779044
5.9251 ; 2.51271 ; 5.09158 ; -3.46973
7.58056 ; 5.60676 ; 4.32244 ; 4.96404
3.79824 ; 6.71639 ; -4.20829 ; 4.35242
8.20149 ; 2.62075 ; 3.45941 ; -3.50059
6.86732 ; 5.84258 ; 4.80934 ; 4.9269
7.61817 ; 2.97585 ; 4.1672 ; -3.93299
3.8315 ; 7.16603 ; 0.797797 ; 3.83159
2.95625 ; 6.60901 ; -2.42592 ; -4.87642
7.16934 ; 6.96149 ; 4.31381 ; 4.21781
3.12294 ; 7.19832 ; -3.37925 ; 3.79127
4.66106 ; 5.98159 ; -4.857 ; 4.90078
3.31616 ; 3.01627 ; -3.5864 ; -3.33754
4.1208 ; 3.11492 ; -4.44896 ; -4.19736
4.08626 ; 7.2064 ; -4.40268 ; -3.08838
3.13669 ; 7.62169 ; -3.28145 ; 3.25621
7.91812 ; 7.26152 ; 3.8555 ; 3.82956
4.75414 ; 6.91181 ; -4.834 ; 4.05753
7.38711 ; 5.97813 ; 4.42332 ; 2.53781
8.21365 ; 2.51288 ; 2.76109 ; 2.92674
3.74297 ; 4.63016 ; -4.17526 ; 4.81909
4.80311 ; 4.56163 ; -4.72902 ; -5.06841
3.46793 ; 7.01472 ; -3.84847 ; 4.02465
7.29591 ; 6.22353 ; 4.52043 ; 4.73693
5.91599 ; 2.95145 ; 4.68034 ; -4.067
7.32326 ; 5.94195 ; 4.51735 ; 4.82005
4.62507 ; 2.68347 ; -4.72573 ; -3.78779
3.48355 ; 2.38776 ; -3.73952 ; -3.25041
7.21455 ; 1.82171 ; 4.34229 ; -1.84461
7.19091 ; 1.76589 ; 4.41076 ; -1.43362
6.23939 ; 2.5077 ; -4.56966 ; -3.34455
3.42064 ; 7.08667 ; -3.7856 ; 3.96506
6.84471 ; 6.80901 ; 4.8696 ; -3.8346
5.15873 ; 3.6498 ; -4.89253 ; -4.66455
7.12707 ; 2.85999 ; 4.51538 ; -3.9581
3.23641 ; 7.35534 ; -3.50381 ; 3.63986
3.83728 ; 2.29157 ; -4.10855 ; -3.08299
5.34037 ; 8.09801 ; 5.46904 ; 1.79624
7.1032 ; 2.83078 ; 4.61582 ; 1.96605
6.60697 ; 8.02284 ; 4.69463 ; 2.28472
3.78985 ; 3.12695 ; -4.19092 ; -4.16481
5.90212 ; 6.8161 ; 5.41638 ; -4.12899
7.49555 ; 3.17422 ; 4.12388 ; -4.19546
3.2428 ; 7.3472 ; -3.50993 ; 3.64714
7.78415 ; 6.92454 ; 4.05442 ; 4.17966
4.38486 ; 3.10328 ; -4.61168 ; -4.20598
3.41935 ; 2.84969 ; -3.78059 ; -3.83899
5.91567 ; 5.10125 ; -5.30659 ; 5.26265
8.58821 ; 6.67595 ; 1.73276 ; 4.30042
7.80219 ; 6.27778 ; 3.95301 ; -1.08841
7.65549 ; 6.56534 ; 4.21437 ; 4.47547
4.11705 ; 2.67205 ; -4.36591 ; -3.75303
5.17681 ; 5.98258 ; -1.61926 ; 4.88581
3.88605 ; 2.80789 ; -4.218 ; -3.88036
8.3189 ; 2.73439 ; 3.31767 ; -3.60933
2.56669 ; 5.67987 ; 0.354786 ; -5.17929
5.03243 ; 7.009 ; 4.91895 ; 4.14588
3.26283 ; 7.47143 ; -3.5048 ; 3.50517
3.68176 ; 7.13122 ; -4.03849 ; 3.97947
7.59726 ; 7.38353 ; 4.14813 ; 3.74734
4.60466 ; 7.0068 ; -4.74359 ; 4.12475
5.6611 ; 5.18104 ; -5.25441 ; -3.28353
3.59273 ; 3.23974 ; -1.67268 ; -4.22255
5.69244 ; 7.43898 ; 4.69035 ; 1.872
6.82055 ; 3.53432 ; 0.62389 ; -4.51584
3.0694 ; 7.21501 ; -3.30162 ; 3.75626
4.51137 ; 2.76335 ; -4.64709 ; -3.88529
3.12987 ; 7.74967 ; -3.22037 ; 3.04811
3.49949 ; 2.45569 ; -3.76932 ; -3.3676
5.04215 ; 7.35173 ; -4.8879 ; 3.79982
6.60992 ; 7.56007 ; -5.46809 ; 0.431751
3.80551 ; 4.8094 ; -4.24665 ; 3.1177
8.57548 ; 4.41969 ; 2.35767 ; -5.05907
2.90109 ; 7.79232 ; -2.80814 ; 2.86675
7.92886 ; 5.58363 ; 3.96734 ; 5.00234
3.63103 ; 2.89201 ; -4.00214 ; -3.92641
3.48472 ; 2.60614 ; -3.79441 ; -3.57104
7.99759 ; 2.58041 ; 3.70455 ; -3.50711
7.27712 ; 2.95433 ; 4.45893 ; 3.26005
2.64947 ; 2.96898 ; 0.349779 ; -3.75319
3.90811 ; 3.4918 ; -4.32841 ; -4.40238
7.31053 ; 5.70553 ; 4.53805 ; 4.94165
4.02835 ; 6.9352 ; -4.35859 ; -2.38284
3.38195 ; 3.43866 ; -3.82023 ; -4.36076
8.64617 ; 2.94155 ; -0.874303 ; -3.72216
6.1715 ; 2.17398 ; 1.46164 ; 2.21862
3.7933 ; 2.47225 ; -4.08998 ; -3.42483
4.16855 ; 4.52962 ; -4.57077 ; 4.62836
6.47751 ; 7.3892 ; -4.80149 ; -0.297505
4.09071 ; 6.47132 ; -4.43921 ; 3.50111
3.23116 ; 2.81195 ; -3.54016 ; -3.75108
8.04587 ; 2.50006 ; 3.62372 ; -3.38548
7.07297 ; 6.2894 ; 4.65868 ; -1.63533
4.69388 ; 6.45389 ; 4.47661 ; 4.64601
2.51461 ; 6.36339 ; -1.7878 ; 4.55804
8.06978 ; 2.89977 ; 3.69534 ; -3.84888
6.9387 ; 3.65956 ; 4.68366 ; -4.62047
7.02451 ; 4.21783 ; 4.69097 ; -4.36944
7.91907 ; 7.33735 ; 3.8375 ; 3.74495
4.077 ; 7.01669 ; -3.51056 ; 4.09477
2.93955 ; 2.2898 ; -2.88986 ; -2.88584
6.94688 ; 6.70709 ; 4.70157 ; 4.45149
4.0347 ; 3.47132 ; -4.16002 ; -0.44389
3.26212 ; 2.57728 ; -3.51788 ; -3.46927
8.15231 ; 3.04847 ; 3.62072 ; -3.9744
6.50347 ; 6.63287 ; 4.92916 ; 4.52284
7.60404 ; 2.31061 ; 4.07075 ; -3.14039
5.48543 ; 7.56064 ; 4.43707 ; 3.22514
7.78731 ; 2.73167 ; 3.95306 ; -3.7388
3.77063 ; 7.05132 ; -4.11863 ; 4.06876
7.2038 ; 7.19586 ; 4.49459 ; 3.44136
8.31266 ; 7.61907 ; 3.24419 ; 3.25336
6.96115 ; 2.68337 ; 4.60957 ; -3.76767
7.27947 ; 7.35343 ; 4.41409 ; 3.81737
3.3285 ; 7.64455 ; -3.53356 ; 3.28457
7.77627 ; 5.2278 ; -3.55744 ; 5.31636
4.31939 ; 1.94724 ; -4.52871 ; -2.18768
3.59736 ; 5.80464 ; 3.17493 ; -4.52314
7.23321 ; 5.62492 ; 4.5954 ; 4.97461
8.999 ; 7.80715 ; -0.551778 ; 1.48642
4.07415 ; 6.82749 ; 4.15802 ; 4.24747
2.37628 ; 6.23631 ; -0.594516 ; 4.52396
7.65183 ; 8.02927 ; 3.89568 ; 2.51034
4.0348 ; 7.25072 ; -4.33719 ; 0.226309
7.61038 ; 3.5802 ; 4.22001 ; -4.50677
7.42582 ; 7.12957 ; 4.31867 ; -0.771446
6.85209 ; 5.79212 ; 4.18875 ; 4.93498
5.31076 ; 3.72821 ; -4.96309 ; -4.72066
6.79401 ; 6.15893 ; 4.39776 ; 4.8041
3.30391 ; 2.61882 ; -3.58377 ; -3.53831
6.20212 ; 5.9395 ; 4.83746 ; 4.95895
7.94367 ; 3.99943 ; 3.66878 ; -4.69632
4.40661 ; 3.39952 ; -4.43989 ; -4.34964
4.87937 ; 3.20159 ; -4.88933 ; -4.31681
8.09983 ; 3.04136 ; 3.68506 ; -3.98086
5.06832 ; 6.74294 ; 4.76491 ; 4.39656
5.90996 ; 3.46863 ; 5.09287 ; -4.49827
6.72262 ; 6.08883 ; 4.86492 ; 4.86557
4.1153 ; 3.12206 ; -4.3011 ; -4.19847
6.33993 ; 7.43498 ; 5.0552 ; 3.09065
8.84637 ; 3.2949 ; 1.15771 ; -4.12777
6.0004 ; 6.5512 ; -4.83756 ; 4.55696
4.47183 ; 6.14691 ; -4.54828 ; 4.7136
2.98601 ; 7.60738 ; -3.04922 ; 3.21755
6.52766 ; 3.87005 ; 4.92714 ; -4.56786
6.94037 ; 3.54521 ; 4.70999 ; -4.54974
3.53147 ; 6.90216 ; -3.9342 ; 4.15326
7.24245 ; 4.24539 ; -4.55799 ; -4.90503
7.99084 ; 6.7324 ; 3.17796 ; 4.29129
5.43233 ; 2.81998 ; -5.27866 ; 1.72196
6.19343 ; 7.04965 ; 5.05736 ; 3.93454
6.60935 ; 4.87371 ; 4.92723 ; 2.44252
3.95264 ; 2.97372 ; -4.29588 ; -4.03804
4.53603 ; 6.50943 ; -4.7228 ; 4.58289
3.92289 ; 8.12821 ; -4.09854 ; 2.39947
7.53023 ; 8.03876 ; 4.0543 ; 2.64693
3.1383 ; 7.54118 ; -3.31088 ; 3.37124
3.04835 ; 7.56874 ; -3.16663 ; 3.29961
8.21517 ; 2.73211 ; 3.47122 ; -3.63392
7.9696 ; 2.58127 ; 3.73778 ; -3.51291
3.68474 ; 2.47796 ; -3.98156 ; -3.42579
3.36421 ; 3.90283 ; -3.79902 ; -4.60602
8.80028 ; 6.87576 ; 2.28029 ; 4.07125
8.55594 ; 5.58029 ; 2.08253 ; -5.42939
6.32766 ; 3.18341 ; -4.92498 ; -4.25999
3.89677 ; 6.43989 ; -4.16698 ; 4.5697
8.48298 ; 2.22348 ; 2.83226 ; -2.73883
5.91539 ; 6.68339 ; 4.94689 ; 4.49129
6.91166 ; 7.71292 ; -5.47111 ; -1.87256
5.33028 ; 2.29314 ; -5.36023 ; 1.27631
4.18275 ; 3.63941 ; -4.54562 ; -4.58388
3.91053 ; 7.63746 ; -4.1637 ; 3.39735
8.23249 ; 6.68087 ; 3.42804 ; 4.33924
3.68002 ; 2.98194 ; -4.05985 ; -4.0216
7.79421 ; 1.90053 ; 3.77697 ; -2.12174
7.60039 ; 2.13519 ; 4.05818 ; -2.49426
3.06122 ; 7.45995 ; -3.22452 ; 3.45483
8.06272 ; 2.79059 ; 3.67942 ; -3.74263
6.61752 ; 4.73877 ; -4.71053 ; -5.29396
8.60176 ; 6.90629 ; 2.87928 ; 4.06622
7.13462 ; 7.15771 ; -3.62238 ; 3.90034
3.44915 ; 3.29365 ; -3.88257 ; -4.25534
4.16254 ; 7.94894 ; -4.38786 ; 1.02568
4.2293 ; 4.03953 ; -4.60892 ; -4.80752
5.54751 ; 4.15492 ; 0.722668 ; -4.9026
6.95331 ; 5.51283 ; 4.77844 ; 5.08128
2.9025 ; 2.50691 ; 2.88619 ; -2.62137
5.07744 ; 3.43934 ; -4.97745 ; -4.51844
3.61001 ; 2.20991 ; -3.78864 ; -2.95627
8.39029 ; 7.67527 ; 3.09588 ; 3.13283
6.87147 ; 2.71977 ; 4.70953 ; -3.40866
8.11238 ; 2.5755 ; 3.55164 ; -3.46932
3.32324 ; 7.15516 ; -3.66062 ; 3.87537
5.11282 ; 3.11604 ; -4.93861 ; -4.24882
8.08868 ; 2.64817 ; 3.6136 ; -3.56718
6.23261 ; 2.56452 ; -4.73905 ; -3.45996
4.72887 ; 6.90067 ; -4.73655 ; 4.29249
4.30388 ; 6.34209 ; -4.59458 ; 4.66751
7.04213 ; 1.90375 ; 4.55172 ; -2.08295
3.82688 ; 3.69745 ; 3.67953 ; -4.67952
7.35743 ; 6.68009 ; 4.43213 ; 4.43816
6.0362 ; 1.99099 ; -3.94808 ; -2.14908
8.48409 ; 2.29307 ; 2.86581 ; -2.87557
7.90014 ; 4.64507 ; -0.463142 ; 5.4331
2.97836 ; 2.33472 ; -2.98404 ; -2.98865
2.84438 ; 2.19644 ; -2.64177 ; -2.64204
7.77894 ; 7.47025 ; 3.95734 ; 3.61287
3.75915 ; 2.91464 ; -4.12174 ; -3.97051
8.16538 ; 2.94168 ; 3.55769 ; -3.88839
5.45688 ; 2.2349 ; -5.35652 ; 1.27431
8.57892 ; 6.51183 ; 2.91832 ; 4.4486
4.35443 ; 6.28263 ; -4.65729 ; 4.70604
7.45164 ; 6.54898 ; 4.38505 ; 4.50282
7.08563 ; 4.06655 ; 4.57559 ; -4.80205
3.61854 ; 6.33897 ; -4.06671 ; 4.53676
5.91521 ; 7.63854 ; -5.44826 ; 1.21184
3.58294 ; 2.93622 ; -3.96195 ; -3.96238
8.12136 ; 7.26346 ; 3.62311 ; 3.7774
6.25356 ; 6.26479 ; 5.21519 ; -4.24356
3.10127 ; 2.55671 ; -3.2805 ; -3.39035
3.68456 ; 8.18563 ; -3.83649 ; 2.14064
3.93035 ; 6.04181 ; -3.70199 ; 4.82332
4.07178 ; 4.13291 ; 2.85363 ; -4.37472
3.92991 ; 4.54843 ; -4.38526 ; -5.00293
3.51381 ; 7.17257 ; -3.86324 ; 3.90749
7.83721 ; 2.39239 ; 3.6237 ; 2.94636
3.41808 ; 2.92813 ; -3.79501 ; -3.9136
3.73108 ; 6.75925 ; -4.0488 ; 4.31485
4.91999 ; 5.61699 ; -5.01793 ; -3.06035
7.205 ; 4.57244 ; 4.60968 ; 5.13035
8.37282 ; 2.42674 ; 3.13165 ; -3.16156
8.08205 ; 2.69339 ; 3.63336 ; -3.62258
8.41941 ; 7.77936 ; 2.99643 ; 2.93911
7.79518 ; 7.04403 ; 4.02398 ; 4.0711
5.49436 ; 2.39535 ; -5.3742 ; -0.276839
4.01397 ; 6.05517 ; -4.38035 ; -3.87776
5.30497 ; 2.74335 ; -4.60477 ; -3.4653
7.4617 ; 5.79287 ; 4.37195 ; -4.51403
7.49293 ; 6.41728 ; 4.36364 ; 4.57449
8.09512 ; 2.4666 ; 3.55414 ; -3.31832
2.97624 ; 7.70491 ; -2.99031 ; 3.05736
4.58195 ; 5.72823 ; -1.12557 ; 5.01503
7.76661 ; 6.88999 ; 4.07132 ; 4.20499
7.85915 ; 6.78112 ; 3.87266 ; 4.29627
3.71793 ; 2.1922 ; 4.42721 ; -1.90536
4.68085 ; 6.23166 ; 4.30477 ; 4.81279
7.11183 ; 8.17631 ; -2.8224 ; 1.42294
4.29402 ; 2.28209 ; -4.54648 ; 1.60583
4.9243 ; 6.86154 ; 4.0257 ; 4.28575
8.22392 ; 3.0712 ; 3.49394 ; -4.00909
7.86422 ; 3.24615 ; -3.26225 ; -4.20332
5.51286 ; 4.26529 ; 5.21119 ; -5.01436
2.9593 ; 7.81594 ; -2.90757 ; 2.85214
7.73038 ; 2.2896 ; 3.87863 ; -1.20941
8.37921 ; 4.3763 ; 2.97275 ; 5.34321
7.11069 ; 6.57391 ; 4.61739 ; 4.53648
3.13033 ; 2.45774 ; -3.28945 ; -3.2574
7.82191 ; 2.95817 ; 3.96399 ; -3.95119
2.51487 ; 4.08289 ; -0.184844 ; -4.8993
7.11175 ; 3.32731 ; 4.58341 ; -4.38188
4.07265 ; 3.79107 ; -4.42767 ; -4.66157
2.78831 ; 6.95565 ; -1.29809 ; 3.99676
5.50554 ; 3.88977 ; -5.34363 ; 3.91661
5.84069 ; 7.34202 ; -5.45066 ; -3.31976
3.1305 ; 7.93609 ; -3.14283 ; 2.68615
6.51989 ; 5.43558 ; -4.43752 ; 5.19676
3.48793 ; 6.32205 ; -3.9462 ; 4.4994
3.37561 ; 2.3979 ; -3.60808 ; -3.24604
5.72517 ; 5.50369 ; -5.30622 ; -5.27368
4.83574 ; 2.02863 ; -5.00485 ; 0.139741
7.84487 ; 3.09715 ; 3.93839 ; -4.0969
4.69844 ; 7.69524 ; -4.92086 ; -1.18449
4.69946 ; 3.67863 ; -4.86947 ; -0.445251
8.17656 ; 7.42171 ; 3.50718 ; 3.57384
7.129 ; 3.53097 ; 4.60925 ; 1.91665
8.03391 ; 5.77467 ; 3.8395 ; 4.89166
4.47754 ; 2.98256 ; -4.65955 ; -4.10546
7.72008 ; 2.26249 ; 3.9369 ; -3.07392
3.35047 ; 6.29012 ; -3.49685 ; -4.34102
3.75198 ; 6.42155 ; -4.17998 ; 4.55434
5.69297 ; 5.03721 ; -1.81711 ; -4.83955
5.72035 ; 4.51164 ; -5.24385 ; -4.84559
7.36873 ; 2.93251 ; 4.35307 ; -4.01304
7.4861 ; 7.09965 ; 4.28226 ; 4.05877
5.88853 ; 3.6032 ; 3.10304 ; -4.59681
4.19225 ; 2.63628 ; -4.3915 ; -3.71502
3.56561 ; 7.5952 ; 2.39147 ; 3.08677
2.44723 ; 3.3012 ; -1.30973 ; -4.15496
4.80423 ; 5.67934 ; -4.95342 ; 5.01094
8.12854 ; 2.92852 ; 3.62879 ; -3.87453
4.53186 ; 6.68333 ; -4.71534 ; 4.45574
2.89392 ; 7.133 ; -3.00544 ; 3.75634
3.31983 ; 6.95449 ; -3.69277 ; 4.07293
7.82779 ; 7.92385 ; 3.7556 ; 2.84732
8.83613 ; 3.05908 ; -1.15376 ; -3.78955
7.95193 ; 2.48152 ; 3.72727 ; -3.3844
3.02289 ; 7.73708 ; -3.05594 ; 3.02418
8.18612 ; 2.39585 ; 3.40714 ; -3.18376
4.66885 ; 6.91973 ; -4.21838 ; -3.77277
8.07954 ; 2.24614 ; -3.88936 ; -1.12678
7.6799 ; 6.84775 ; 4.05118 ; -3.64669
7.81628 ; 7.18535 ; 3.97948 ; 3.91589
3.33132 ; 7.20283 ; -3.65961 ; 3.83449
8.62129 ; 4.18293 ; 0.33804 ; -4.97669
8.94025 ; 5.98319 ; 1.39086 ; 4.80171
3.23597 ; 7.43035 ; -3.48225 ; 3.54973
3.03831 ; 7.76028 ; -3.07042 ; 2.99127
3.97282 ; 7.37041 ; -4.23256 ; 3.77124
3.7403 ; 2.7945 ; -4.08113 ; -3.84354
7.58461 ; 3.82361 ; 4.01088 ; -4.68017
6.64322 ; 6.06477 ; 4.90843 ; 4.57049
3.68619 ; 4.4062 ; -4.1723 ; -4.90439
2.55006 ; 6.15875 ; 0.958863 ; -0.332759
2.70445 ; 2.8624 ; -2.5023 ; -3.68166
3.80931 ; 7.1397 ; -4.10075 ; -3.11606
3.25485 ; 2.62411 ; -3.52236 ; -3.53046
7.87404 ; 3.23353 ; 3.96548 ; -4.1933
6.55089 ; 3.75688 ; 4.91916 ; -4.71666
7.41755 ; 3.30073 ; 4.36816 ; -4.3043
7.83776 ; 6.55565 ; 4.04851 ; 4.45683
3.87261 ; 2.41284 ; -4.15944 ; -3.31872
7.19696 ; 3.20795 ; -5.2291 ; 4.32649
3.49134 ; 3.0313 ; 2.82402 ; -3.94019
8.1441 ; 6.79912 ; 3.67717 ; 4.21272
5.24797 ; 6.71968 ; -4.94002 ; 4.45941
7.16143 ; 3.67308 ; 4.60735 ; 3.85787
8.21494 ; 2.55659 ; 3.41996 ; -3.41219
3.85158 ; 8.16386 ; -4.02592 ; 2.27457
7.70547 ; 7.72 ; 3.98139 ; 3.25769
7.66904 ; 4.06069 ; 4.21172 ; -4.74711
2.82584 ; 3.74523 ; -2.76891 ; -3.02395
7.2262 ; 3.79385 ; 4.5353 ; -4.49806
7.81423 ; 2.75431 ; 3.94114 ; -3.75812
7.25851 ; 6.75746 ; 4.49783 ; 4.2381
8.05127 ; 6.99562 ; 3.04272 ; -4.30673
3.23963 ; 7.37341 ; -3.50378 ; 3.61984
3.75887 ; 3.36856 ; -4.19379 ; -4.35592
6.28709 ; 3.35437 ; 4.69385 ; -4.4126
2.81586 ; 2.59692 ; -2.77223 ; -3.34559
8.44225 ; 3.86105 ; 3.22016 ; -4.63759
8.96977 ; 6.74427 ; 0.326668 ; 4.19932
7.23938 ; 5.89154 ; 4.54832 ; -2.77624
2.66316 ; 4.50365 ; -0.844041 ; -5.20279
7.61685 ; 3.78179 ; 4.25263 ; -4.51361
8.27388 ; 2.11803 ; 2.95284 ; 0.195093
6.29846 ; 2.99074 ; 5.22996 ; 3.57969
6.94785 ; 2.97433 ; 4.64034 ; -4.07506
6.07906 ; 2.78807 ; 5.21675 ; -0.270092
2.90744 ; 6.84538 ; 0.213926 ; 4.13142
2.97698 ; 7.79179 ; -2.94983 ; 2.90611
7.27469 ; 4.13348 ; 4.38353 ; -4.8643
2.86306 ; 6.9055 ; -2.96159 ; 3.82188
3.61678 ; 2.72684 ; -3.9605 ; -3.7465
7.94909 ; 5.78396 ; 3.94783 ; 4.92257
3.4525 ; 7.04592 ; -3.82737 ; 4.00382
7.33268 ; 7.64767 ; 4.14369 ; 1.75911
5.20695 ; 6.44451 ; 4.9043 ; 4.66935
3.67783 ; 2.59083 ; -3.9997 ; -3.5638
3.65992 ; 4.39324 ; -4.14648 ; -4.92358
3.06755 ; 3.01431 ; -3.34187 ; -3.93165
8.82131 ; 1.99483 ; -0.514318 ; -0.922848
4.90867 ; 4.18167 ; -5.0692 ; 4.72197
3.47487 ; 2.7624 ; -3.81702 ; -3.75644
8.37684 ; 2.447 ; 3.13154 ; -3.19189
6.48864 ; 5.13421 ; 0.684417 ; 5.22983
7.44673 ; 6.54391 ; 4.38413 ; 4.52364
3.51972 ; 7.38565 ; -3.82376 ; 3.67787
8.37031 ; 7.76362 ; 3.09027 ; 2.99164
5.61359 ; 4.59144 ; -5.31761 ; 5.30579
4.42411 ; 2.92345 ; -4.52552 ; -4.04406
7.64037 ; 6.3888 ; 4.12907 ; -4.51051
8.31167 ; 3.73594 ; 3.29477 ; -4.57512
4.08035 ; 5.98534 ; -2.01415 ; 4.8729
4.10673 ; 7.11921 ; -4.39238 ; 4.03192
7.63193 ; 4.03351 ; 4.25543 ; -4.69808
7.15226 ; 7.07936 ; -4.4842 ; 3.94567
6.2717 ; 2.94398 ; -5.08437 ; -3.99133
7.43393 ; 3.05451 ; 4.31288 ; -4.1189
7.88807 ; 5.26136 ; -0.100567 ; -4.39422
3.14898 ; 6.75588 ; 3.2444 ; -4.7805
3.89496 ; 1.90419 ; -4.10351 ; -2.15526
4.29468 ; 6.35842 ; -4.59889 ; 4.65722
4.11741 ; 6.3909 ; -4.45433 ; 4.61448
6.68877 ; 3.12872 ; 4.83566 ; -3.80556
8.97444 ; 7.29393 ; -0.86486 ; 3.3557
6.41014 ; 4.50144 ; 3.97637 ; -5.04052
3.3887 ; 7.35197 ; -3.691 ; 3.68437
5.03461 ; 3.10827 ; -5.18345 ; 3.93394
8.14925 ; 4.98656 ; 3.12908 ; -5.22351
7.99532 ; 3.04023 ; 3.80781 ; -4.0012
7.78569 ; 4.64811 ; 4.07021 ; -5.01745
6.73815 ; 3.26395 ; 4.77666 ; -4.34884
4.06269 ; 3.7766 ; -4.46642 ; -4.52253
6.76525 ; 3.49885 ; 4.78247 ; -4.53035
5.71519 ; 6.51589 ; -5.07886 ; 4.61551
3.27867 ; 6.09483 ; -3.25469 ; 4.77437
3.74749 ; 7.20003 ; -4.0836 ; 3.92408
6.13027 ; 7.10728 ; 4.97486 ; 4.0986
8.90918 ; 2.32976 ; 1.4752 ; -2.5567
4.96886 ; 2.22041 ; -4.70586 ; -2.69377
7.12292 ; 5.33058 ; 4.67682 ; 5.11585
3.3991 ; 6.84076 ; -3.7992 ; 4.14853
7.36608 ; 7.14249 ; 4.37486 ; 4.0388
4.07013 ; 3.87662 ; -4.42953 ; -4.00796
4.72381 ; 4.10489 ; -3.44617 ; -4.85573
7.80147 ; 3.76188 ; 4.08672 ; -4.57235
3.59842 ; 7.1893 ; -3.91614 ; 3.90708
3.58529 ; 2.88234 ; -3.96275 ; -3.90629
7.97556 ; 3.91215 ; 3.89131 ; -4.64149
7.87087 ; 6.42063 ; -3.82832 ; -4.45991
4.82438 ; 6.64957 ; -4.83455 ; 4.50119
7.64002 ; 4.61852 ; 4.19503 ; -4.84454
7.59077 ; 7.11759 ; 4.19223 ; 4.03406
3.89573 ; 5.3691 ; 1.84291 ; 5.26697
3.81973 ; 3.98402 ; -4.28744 ; -4.72372
3.04412 ; 2.5901 ; -3.18405 ; -3.42045
3.72385 ; 7.23738 ; -4.03397 ; 3.88148
3.58286 ; 2.29451 ; -3.78908 ; -3.02988
4.95062 ; 5.85078 ; 4.09866 ; 5.02239
7.62549 ; 7.5769 ; 4.08562 ; 3.49586
5.0321 ; 4.64286 ; -5.08626 ; -5.07779
3.13972 ; 7.58925 ; -3.29799 ; 3.30416
7.26661 ; 6.95548 ; 4.47362 ; 4.22345
7.55267 ; 7.23545 ; 4.2027 ; 3.92253
6.22213 ; 1.81821 ; 4.76874 ; -0.386454
7.4973 ; 3.87531 ; 4.36145 ; -4.66836
2.75508 ; 4.52114 ; -1.84258 ; 5.5226
7.83302 ; 2.65565 ; 3.90197 ; -3.64035
7.69937 ; 2.72878 ; 4.03812 ; -3.75175
4.84887 ; 3.52689 ; -4.90435 ; -3.75394
6.93401 ; 6.80975 ; 4.69207 ; 4.36338
3.40214 ; 7.70338 ; -3.60763 ; 3.21338
3.42888 ; 7.32934 ; -3.74015 ; 3.72158
7.59518 ; 3.03035 ; 4.19263 ; -4.07345
3.88816 ; 5.40851 ; -4.34918 ; 4.83788
3.43608 ; 7.36797 ; -3.74002 ; 3.67886
3.66951 ; 7.18031 ; -4.02024 ; 3.91657
7.43689 ; 3.6037 ; -4.23446 ; -4.57766
3.31473 ; 7.20565 ; -3.63983 ; 3.82324
8.50996 ; 5.39762 ; 2.56108 ; -5.30698
3.69334 ; 1.90584 ; -3.72895 ; -1.54304
3.53383 ; 4.30751 ; -3.96995 ; -4.58559
3.84896 ; 3.03272 ; -4.22681 ; -4.09387
7.72255 ; 2.95089 ; 4.06847 ; -3.97982
3.56831 ; 3.16827 ; -3.98803 ; -4.15816
7.89894 ; 2.99551 ; 3.89695 ; -3.9904
7.32978 ; 6.02348 ; 4.50334 ; 4.66933
3.61891 ; 2.72239 ; -3.95729 ; -3.74216
2.92932 ; 5.97237 ; -2.83835 ; -4.34287
2.95484 ; 2.31397 ; -2.09249 ; -2.80524
4.49631 ; 6.02128 ; -4.67351 ; 0.874628
5.2144 ; 4.3341 ; -5.06243 ; -5.02327
3.33463 ; 2.72338 ; 2.0955 ; 4.24599
3.30043 ; 7.36371 ; -3.58212 ; 3.64753
4.12587 ; 6.25722 ; -4.36185 ; -4.41985
3.876 ; 3.0974 ; -4.25386 ; -4.15468
2.74637 ; 3.91383 ; -2.64167 ; -4.72029
6.09902 ; 5.95881 ; -4.49676 ; -5.19893
3.75616 ; 7.16805 ; -4.09932 ; 3.95096
3.99158 ; 2.42796 ; -4.22283 ; 1.51462
3.43142 ; 7.95027 ; -3.5723 ; 2.76184
2.84689 ; 7.91579 ; -2.62365 ; 2.58111
7.29585 ; 3.39907 ; 4.47373 ; -4.40525
6.48866 ; 5.28026 ; -5.03717 ; -2.33403
3.8129 ; 2.67478 ; -4.11573 ; -3.71788
6.42291 ; 3.46643 ; 4.91014 ; -4.52964
5.22223 ; 3.52266 ; -4.99866 ; -4.58328
6.77687 ; 4.14598 ; 4.76108 ; -4.89859
4.64832 ; 7.24563 ; -4.71551 ; 3.958
6.26863 ; 6.39498 ; -4.30947 ; 4.68636
3.62622 ; 3.24842 ; -4.05214 ; -4.22767
7.19845 ; 5.27968 ; 4.618 ; 4.85157
7.61947 ; 6.56299 ; 4.24595 ; 4.48643
7.70922 ; 3.01847 ; 3.80579 ; -4.03815
4.166 ; 5.35874 ; -4.56815 ; -4.78241
5.70449 ; 6.40705 ; -4.77072 ; 4.69305
7.87009 ; 8.3768 ; 3.52255 ; 1.25355
6.93469 ; 6.13288 ; 4.74371 ; 4.82065
3.31099 ; 3.64194 ; -3.67755 ; -4.52566
7.28823 ; 2.05621 ; 4.34665 ; -2.54656
3.40775 ; 7.14375 ; -3.75966 ; 3.91048
7.66433 ; 5.5943 ; 4.24464 ; 4.89245
5.12242 ; 3.68801 ; 1.96851 ; 4.9684
2.39257 ; 3.08491 ; -0.977138 ; -3.87856
7.66897 ; 4.22844 ; 4.22684 ; -4.82922
3.34076 ; 2.56375 ; -3.61321 ; -3.47701
3.54113 ; 2.47443 ; -3.82125 ; -3.40461
8.17245 ; 7.63826 ; 3.44274 ; 3.2745
7.75629 ; 2.2109 ; 3.83296 ; 1.20294
8.02537 ; 7.487 ; 3.67353 ; 3.53401
8.54874 ; 2.22225 ; 2.69336 ; -2.69813
5.51157 ; 3.11912 ; -5.02605 ; -4.24496
6.68374 ; 2.98304 ; 4.77238 ; -4.10924
4.0489 ; 6.5117 ; -4.42339 ; 4.52967
5.61678 ; 4.40291 ; -5.20739 ; -5.11468
7.74907 ; 6.53299 ; 4.13547 ; 4.48757
8.3215 ; 6.59021 ; 3.44083 ; 4.36872
6.08561 ; 6.27063 ; -5.09626 ; 4.70061
8.77486 ; 1.82674 ; 0.123901 ; 1.06697
3.35081 ; 5.87866 ; -3.644 ; 4.0813
8.61974 ; 7.87565 ; 2.51985 ; 2.628
2.4398 ; 6.23738 ; -1.57353 ; 4.60716
4.00681 ; 2.31363 ; -4.25729 ; -3.18787
5.31735 ; 6.80098 ; -4.94509 ; 4.39372
4.89014 ; 3.35187 ; -4.85536 ; -4.42183
7.4595 ; 7.37518 ; 4.2744 ; 3.75615
3.26338 ; 7.18422 ; -3.48606 ; 3.84361
7.74222 ; 7.39378 ; 4.00817 ; 3.7147
3.35691 ; 7.54477 ; -3.60025 ; 3.43483
7.53917 ; 8.27319 ; 4.0571 ; -0.466897
5.79435 ; 6.98911 ; 4.87274 ; 4.2147
7.73128 ; 5.07504 ; -3.39665 ; -5.32065
5.94514 ; 7.35334 ; 5.11329 ; 3.5507
7.15081 ; 7.70189 ; -4.88516 ; 2.85151
7.28252 ; 6.26002 ; 4.52974 ; 4.67889
6.84978 ; 2.95488 ; 4.6894 ; -4.07062
7.13424 ; 4.66369 ; 4.64447 ; -5.00342
3.89939 ; 5.79636 ; -4.29383 ; -4.95132
7.33776 ; 3.0809 ; 4.39958 ; -4.15379
7.06699 ; 6.36026 ; 4.63738 ; 4.65846
8.2919 ; 7.48487 ; 3.3234 ; 3.44801
4.94478 ; 3.64967 ; -4.86792 ; -4.65772
8.35789 ; 7.58354 ; 3.18568 ; 3.28889
7.40758 ; 3.43342 ; -2.37619 ; -4.24765
6.80765 ; 6.83506 ; 4.74833 ; 4.34737
7.15918 ; 6.21066 ; 4.59555 ; 4.56262
8.35334 ; 6.21737 ; 3.40864 ; 4.64004
7.47692 ; 6.67141 ; -2.7177 ; 4.41603
8.23104 ; 7.52467 ; 3.39918 ; 3.41782
7.478 ; 2.14097 ; 4.18255 ; -2.64805
7.74513 ; 2.7714 ; 4.01493 ; -3.78126
7.74684 ; 3.32972 ; 4.10102 ; -4.29124
7.08189 ; 7.57116 ; 3.9449 ; 2.97913
4.1687 ; 2.44249 ; 4.57488 ; -2.94307
7.31967 ; 6.79246 ; 4.44672 ; 4.35628
2.57094 ; 5.63835 ; -0.611236 ; -2.76232
3.76804 ; 5.11441 ; -4.22247 ; 4.95853
5.32295 ; 7.35467 ; 5.18851 ; 3.7333
3.03703 ; 7.68028 ; -3.10196 ; 3.12535
5.07298 ; 3.87428 ; -4.98051 ; -4.80257
3.69622 ; 3.97948 ; -4.1771 ; -4.7089
7.45544 ; 4.65355 ; 4.40258 ; -5.01974
2.51259 ; 8.19232 ; -0.705154 ; 0.370403
5.16293 ; 3.34439 ; 4.6397 ; -4.41732
5.71691 ; 6.77947 ; -5.4593 ; -3.50342
8.10465 ; 7.3613 ; 3.61907 ; 3.66927
7.22388 ; 4.78926 ; 4.60057 ; -5.00666
7.54516 ; 6.67762 ; 4.28321 ; 4.41781
8.02975 ; 7.26255 ; 3.73265 ; 3.80272
4.48326 ; 2.37139 ; -3.88819 ; -3.2666
3.3263 ; 6.99564 ; -3.69375 ; 4.03546
4.09908 ; 2.91872 ; -4.3998 ; -4.00993
7.98433 ; 4.78036 ; 1.80538 ; 5.41186
8.31607 ; 7.68415 ; 3.21382 ; 3.15002
8.00876 ; 7.27292 ; 3.7328 ; 3.70716
8.7023 ; 4.86422 ; 2.30722 ; -5.1315
7.654 ; 2.60318 ; 4.06278 ; -3.60896
5.20306 ; 6.83482 ; -4.96241 ; 4.36179
3.36368 ; 7.52559 ; -3.61267 ; 3.46316
2.639 ; 2.98271 ; 1.18454 ; -3.67607
3.36879 ; 4.79889 ; -3.7515 ; 4.44832
5.9946 ; 4.54737 ; 5.2362 ; 5.28798
6.77528 ; 7.00228 ; 4.73793 ; 4.21562
2.95346 ; 7.89749 ; -2.8529 ; 2.68434
2.92541 ; 2.18486 ; -2.80514 ; -2.6659
8.17636 ; 2.96739 ; 3.57395 ; -3.90562
8.19389 ; 3.01149 ; 3.54821 ; -3.95042
4.98816 ; 3.71788 ; -4.98413 ; -4.56358
3.5491 ; 3.1011 ; -3.96292 ; -4.10851
3.17482 ; 7.49852 ; -3.37837 ; 3.44116
8.50683 ; 7.0384 ; 2.02324 ; -4.25037
7.81738 ; 6.93653 ; 4.02239 ; 4.15929
4.16155 ; 3.48954 ; -3.93757 ; -4.4772
8.39751 ; 7.71254 ; 3.06734 ; 3.06797
6.34002 ; 6.49234 ; 4.94872 ; 4.63572
7.3073 ; 6.26113 ; 4.03329 ; 4.71831
7.78719 ; 2.90502 ; 4.00036 ; -3.91597
5.76166 ; 5.20774 ; -5.32791 ; -4.6881
3.96565 ; 2.72509 ; -4.25473 ; -3.79782
3.39546 ; 7.5358 ; -3.64512 ; 3.4583
3.6509 ; 3.38455 ; -4.09704 ; -4.35235
7.71787 ; 2.34535 ; 3.95955 ; -3.20487
6.70345 ; 3.11125 ; 4.74085 ; -4.18274
4.29107 ; 4.90409 ; -4.65556 ; -4.61164
6.03553 ; 6.35258 ; 5.0833 ; 4.73798
8.05809 ; 6.49041 ; 3.80509 ; 4.48749
7.08979 ; 5.28517 ; 4.70185 ; 5.07155
5.90231 ; 5.97827 ; -3.71183 ; 4.93147
5.08884 ; 4.51717 ; -5.07891 ; -4.67888
7.45889 ; 6.21731 ; 4.33931 ; -4.58546
5.09968 ; 3.83834 ; 3.18917 ; -4.76253
7.08299 ; 4.33107 ; 4.50983 ; 3.59748
5.25202 ; 6.20344 ; 3.11809 ; -4.91365
2.93333 ; 6.88333 ; -3.07477 ; 4.09096
6.25215 ; 5.69817 ; 5.06725 ; 2.11734
2.73445 ; 6.68617 ; -2.61729 ; 4.26366
6.39435 ; 8.08417 ; -5.54306 ; 1.18331
