3.54751 ; 2.32564 ; -3.30689 ; 3.58637
3.81476 ; 8.19778 ; -3.7755 ; 1.47012
3.81481 ; 6.95823 ; -3.94863 ; 3.47757
8.69906 ; 7.90103 ; 1.98411 ; 2.18459
2.91191 ; 2.03509 ; -0.330146 ; -1.60788
8.60019 ; 8.03063 ; 2.14137 ; 1.93137
3.13949 ; 2.47226 ; -2.93239 ; -2.56547
3.06606 ; 8.47849 ; -2.13097 ; -0.485435
4.92481 ; 7.84731 ; -4.80245 ; 2.67903
3.53439 ; 2.6293 ; -3.59524 ; -3.30167
3.91598 ; 1.92158 ; -3.96214 ; 1.15825
8.72107 ; 2.31404 ; -2.582 ; -1.93389
7.05131 ; 4.93079 ; 4.58384 ; 5.07689
4.93873 ; 7.36674 ; 5.12349 ; 3.39175
6.07871 ; 6.16368 ; -5.09213 ; 4.68893
7.63765 ; 3.10641 ; -4.07539 ; -3.84375
7.67693 ; 5.94791 ; 3.98239 ; 4.72378
3.23578 ; 3.45837 ; -3.33261 ; -4.1054
3.33217 ; 2.52306 ; -2.25889 ; -0.546722
4.23646 ; 3.10847 ; 4.57926 ; -3.79592
2.86288 ; 2.14692 ; -2.33542 ; -2.20898
8.51552 ; 2.3829 ; 2.51239 ; -2.68462
3.44164 ; 2.64633 ; -3.44908 ; -3.30392
8.90009 ; 2.66495 ; -2.31796 ; -2.67795
7.00304 ; 3.0103 ; 4.37749 ; -3.86834
5.15285 ; 8.14201 ; -5.03428 ; 1.55429
2.99231 ; 7.34917 ; 0.840696 ; 3.15476
2.26835 ; 7.19949 ; 0.403997 ; 2.75777
8.75497 ; 8.07593 ; 1.67714 ; 1.66824
8.02159 ; 2.95258 ; -2.49722 ; 5.15511
3.93312 ; 2.59371 ; -4.04393 ; -3.20991
2.78473 ; 6.66251 ; -1.83121 ; 4.11436
3.77387 ; 2.88547 ; -3.91772 ; -3.66691
3.24963 ; 6.88376 ; -3.0686 ; -3.27367
7.16277 ; 6.27111 ; 4.44636 ; 4.57745
3.32854 ; 7.40755 ; -3.30457 ; 3.29066
6.38889 ; 6.00691 ; 4.84881 ; 4.83318
7.64156 ; 7.15794 ; 3.89825 ; 3.72952
7.947 ; 2.43202 ; 3.42735 ; -2.97268
6.01187 ; 7.53844 ; 5.39933 ; -2.48845
7.87577 ; 8.44391 ; 2.50352 ; 0.0426326
7.89745 ; 2.48712 ; 3.25015 ; -3.05102
9.01112 ; 8.00775 ; -1.50595 ; 0.919785
8.552 ; 6.68567 ; 2.60994 ; 4.10022
7.88563 ; 1.93297 ; 3.38698 ; -0.700884
7.69056 ; 7.01172 ; 3.78359 ; 3.87126
2.86429 ; 7.66175 ; -2.44662 ; 2.7295
7.64947 ; 7.04598 ; 3.90601 ; 3.49915
7.08903 ; 5.70154 ; 4.51664 ; 4.71121
2.85076 ; 7.97174 ; -2.24665 ; 2.09051
7.57381 ; 6.74881 ; 4.03243 ; 4.1641
2.81825 ; 7.89911 ; -2.21984 ; 2.23763
8.17974 ; 7.34315 ; 3.21727 ; 3.39079
8.49009 ; 2.27938 ; 2.51531 ; -2.49918
3.13233 ; 3.70564 ; 1.22785 ; 5.14863
7.55415 ; 1.86187 ; 3.81389 ; -1.66518
3.27549 ; 7.89391 ; -3.079 ; 2.43119
7.7316 ; 2.50069 ; 3.7097 ; -3.12485
3.09098 ; 7.7829 ; -2.81551 ; 2.61422
3.71531 ; 2.90408 ; -3.85866 ; -3.68485
2.87746 ; 7.63379 ; 3.50437 ; 2.29096
8.42146 ; 7.6154 ; 2.74092 ; 2.90008
7.92061 ; 2.45872 ; 3.47034 ; -3.02161
5.23649 ; 7.14209 ; -4.9653 ; 3.77073
2.68311 ; 1.90553 ; -1.66136 ; -1.35964
5.72032 ; 2.45308 ; 4.76531 ; -3.07901
3.55725 ; 6.86623 ; -3.70676 ; 3.96772
3.535 ; 7.48712 ; -3.4877 ; 3.22825
7.55851 ; 7.26422 ; 3.97682 ; 3.61696
7.79337 ; 2.4264 ; 3.58104 ; 1.51448
5.48218 ; 7.10645 ; -5.05695 ; 3.81886
4.73564 ; 6.54593 ; 4.68098 ; 4.41235
3.31006 ; 7.47059 ; -3.25983 ; 3.19863
5.76929 ; 3.32548 ; 5.44382 ; 4.54749
7.66681 ; 4.02577 ; 3.96596 ; -4.21267
2.95789 ; 2.21176 ; -2.56849 ; -2.40594
3.26017 ; 6.82284 ; -3.33151 ; 3.95052
3.95499 ; 6.74692 ; -4.13226 ; 4.04776
3.19887 ; 7.08354 ; -2.96683 ; 3.67804
2.98693 ; 3.58389 ; -2.84801 ; -4.30276
3.40117 ; 3.29317 ; -3.3733 ; 3.31181
3.36718 ; 2.29008 ; -3.2813 ; -2.71311
7.57345 ; 2.7669 ; 3.93825 ; -3.47989
8.10584 ; 7.51435 ; 3.28057 ; 3.16922
3.24596 ; 2.66464 ; -3.22263 ; -3.26602
5.91929 ; 6.56789 ; -4.76475 ; 4.41132
4.00549 ; 2.43794 ; -4.08365 ; -3.08346
4.7274 ; 3.56328 ; -4.50472 ; -3.38952
4.61413 ; 1.89577 ; -4.7467 ; 0.824103
8.47043 ; 2.22245 ; 2.52392 ; -2.39704
7.90602 ; 2.32859 ; 3.45451 ; -2.80687
6.74805 ; 5.39669 ; 2.201 ; 5.10732
3.28383 ; 6.80916 ; -3.25705 ; 3.91481
2.55599 ; 7.45573 ; -1.64568 ; 2.97078
8.79929 ; 7.76688 ; -1.67495 ; 2.08233
2.89523 ; 2.18455 ; -2.42964 ; -2.31044
6.33176 ; 5.76108 ; 5.14214 ; -5.14652
7.34309 ; 8.10612 ; 4.10377 ; 1.5259
7.28728 ; 7.21962 ; -4.28398 ; 3.5484
3.05362 ; 2.70147 ; -2.92835 ; -3.27102
8.27009 ; 2.23997 ; 2.89746 ; -2.52414
3.50794 ; 7.58834 ; -3.48975 ; 3.07654
6.78145 ; 6.96984 ; -2.75762 ; 3.65843
4.05979 ; 6.46475 ; -4.2481 ; -3.0442
7.61661 ; 4.92317 ; 4.04978 ; -5.00805
8.2264 ; 7.74272 ; 3.02408 ; 2.75547
5.70864 ; 1.89697 ; -4.43996 ; -0.938614
8.33666 ; 3.65166 ; 3.07935 ; -4.31252
3.69072 ; 4.62279 ; -2.89953 ; -5.04843
3.52417 ; 4.73832 ; -3.73339 ; -4.99051
4.43197 ; 4.07668 ; -4.56464 ; -1.95044
5.65017 ; 3.63376 ; 5.00028 ; -4.5154
3.1769 ; 3.19992 ; -3.2225 ; -3.90475
3.45289 ; 6.62754 ; -3.5057 ; 4.20189
4.17832 ; 2.84378 ; 4.42863 ; -3.52144
3.69074 ; 3.18279 ; -3.87446 ; -3.9802
3.21116 ; 7.6644 ; -3.05476 ; 2.87246
8.31869 ; 6.14488 ; 3.12065 ; 4.61055
3.49456 ; 8.1744 ; -3.15407 ; -2.51516
8.12368 ; 3.83961 ; 3.42258 ; -4.45233
3.72036 ; 2.46333 ; -3.75299 ; -3.09385
6.47813 ; 3.67364 ; 4.87442 ; -4.48822
7.86238 ; 4.85901 ; -3.94038 ; -5.36991
4.28652 ; 1.81822 ; 4.28085 ; 1.03206
6.56471 ; 4.91487 ; 4.92889 ; -5.19163
7.87626 ; 7.46826 ; 3.45841 ; -2.08008
3.06578 ; 2.99098 ; -2.89615 ; -3.62227
8.6257 ; 7.91136 ; 2.16237 ; 2.21091
7.56912 ; 8.38452 ; 3.81561 ; 0.688879
7.38643 ; 2.11342 ; 4.03736 ; -2.3644
3.24508 ; 7.70011 ; -3.09619 ; 2.81731
3.05964 ; 6.80806 ; -2.51635 ; -4.89065
8.26659 ; 2.21054 ; 2.89137 ; -2.46658
8.80493 ; 2.96257 ; 1.95657 ; -3.50951
5.32488 ; 7.37505 ; -4.86811 ; 3.36803
6.56982 ; 6.24039 ; -4.73194 ; 4.71907
8.20206 ; 2.62817 ; 3.13915 ; -3.19566
3.67039 ; 2.50208 ; -3.70138 ; -3.14374
3.29638 ; 2.55805 ; -3.26022 ; -3.14436
2.62646 ; 2.55709 ; -1.95144 ; -2.90191
3.48519 ; 6.48468 ; -3.66332 ; 4.30782
2.56269 ; 2.37154 ; -1.64552 ; -2.51998
4.7448 ; 3.31136 ; -4.74538 ; -4.20944
3.51136 ; 6.49247 ; -3.30955 ; -4.86506
2.9103 ; 7.2344 ; -2.65993 ; 3.41332
3.36676 ; 3.51788 ; -3.3724 ; 2.46567
5.35978 ; 2.75168 ; 4.60243 ; -3.5217
8.06547 ; 3.05065 ; 3.42367 ; -3.76299
8.28703 ; 8.21328 ; 2.7158 ; 1.55166
8.73948 ; 7.89873 ; 1.87521 ; 2.16041
6.5883 ; 5.93987 ; 4.8272 ; 4.87552
4.14261 ; 4.82041 ; -4.26399 ; 5.26749
8.61823 ; 8.03792 ; 2.09236 ; 1.89983
8.56411 ; 3.80967 ; -1.67592 ; 1.44156
3.20781 ; 2.623 ; -3.15687 ; -3.20739
3.00853 ; 3.10047 ; -2.92149 ; -3.75148
8.56153 ; 7.44903 ; 2.16637 ; 2.03502
4.16763 ; 6.51698 ; -4.31661 ; 4.36625
2.81968 ; 7.72827 ; -2.32023 ; 2.58384
8.17112 ; 6.46844 ; 3.36466 ; 4.32954
3.0525 ; 2.15578 ; -2.72411 ; -2.33095
7.4722 ; 7.28056 ; 4.06762 ; 0.124361
3.29031 ; 3.28597 ; -3.01763 ; 4.67263
3.95929 ; 2.92297 ; -4.1055 ; -3.74158
4.27252 ; 2.73904 ; -4.29518 ; -3.54445
2.84232 ; 3.71791 ; 2.05424 ; -2.7376
8.75393 ; 7.90698 ; -0.032922 ; -3.95482
7.6714 ; 2.38153 ; 3.72745 ; -2.94558
2.79939 ; 1.64253 ; -1.55288 ; 0.18833
8.93418 ; 8.11409 ; -2.34608 ; 0.0197814
8.91317 ; 2.78798 ; -1.28337 ; -3.16141
2.90762 ; 2.1687 ; -2.44649 ; -2.28493
4.06664 ; 7.22861 ; -4.12638 ; 3.65529
5.05781 ; 5.41335 ; -4.90595 ; 4.73037
3.24981 ; 2.51862 ; -3.17759 ; -3.06449
6.42222 ; 6.22703 ; 4.17764 ; 4.61905
6.63631 ; 6.85571 ; 4.69757 ; 4.13157
8.47574 ; 2.35991 ; 2.58034 ; -2.66168
6.36854 ; 7.02578 ; 4.90655 ; 3.5979
4.80573 ; 6.52962 ; 4.03379 ; -4.9491
8.40855 ; 3.33242 ; 2.74021 ; -3.98735
8.10103 ; 8.17489 ; 3.06819 ; 1.77264
3.79015 ; 6.7346 ; -3.97634 ; 4.13994
3.03057 ; 7.5859 ; -2.7918 ; 2.93245
3.46063 ; 6.87565 ; -3.57037 ; 3.94255
6.85515 ; 5.75855 ; 4.61914 ; -1.17
7.94654 ; 6.55432 ; 3.65122 ; 4.28776
8.3139 ; 2.91799 ; 3.00513 ; -3.55834
8.10071 ; 7.30888 ; 3.33933 ; 3.45602
3.8922 ; 7.48053 ; -3.9311 ; 3.30815
8.84956 ; 2.70719 ; -1.55967 ; -3.01833
4.75233 ; 3.2038 ; -4.53125 ; -4.0222
8.07833 ; 7.11179 ; 3.41314 ; 3.69326
3.54694 ; 6.73077 ; -3.71206 ; 4.10405
7.72645 ; 3.31739 ; 3.7685 ; 4.54744
6.29511 ; 6.79089 ; 4.84334 ; 4.20051
2.84178 ; 7.9135 ; -2.26307 ; 2.21893
3.32681 ; 8.29044 ; -3.0108 ; 0.87249
8.5936 ; 2.33078 ; 2.3218 ; -2.55115
8.59169 ; 7.59215 ; 2.41232 ; 2.8661
2.49653 ; 8.25599 ; -0.787989 ; 0.728222
8.53743 ; 2.07075 ; 2.29703 ; -2.00946
7.82522 ; 2.46289 ; 3.46909 ; 3.72358
5.25591 ; 2.7387 ; -4.9458 ; -3.55821
8.59173 ; 7.93108 ; 2.2297 ; 2.18765
8.36775 ; 7.29944 ; 2.93531 ; 3.39918
8.73066 ; 1.9619 ; 1.69732 ; -1.53143
7.9766 ; 2.59235 ; 3.40798 ; -3.20588
2.35345 ; 2.23629 ; 0.263263 ; -1.85713
5.81485 ; 1.85139 ; 5.34383 ; 0.377591
3.12603 ; 7.87921 ; -2.83045 ; 2.44006
4.87986 ; 4.58339 ; -4.66949 ; 5.06513
4.48337 ; 7.82461 ; -4.43411 ; 2.77709
3.73781 ; 5.9091 ; -3.98173 ; 4.72443
7.04262 ; 8.05998 ; 4.17862 ; 2.20283
6.11884 ; 7.16129 ; 5.03406 ; 3.74501
7.91777 ; 7.76629 ; 3.46197 ; 2.80504
8.26416 ; 2.20691 ; 2.89081 ; -2.46242
8.49855 ; 7.79949 ; 2.5106 ; 2.5291
8.05237 ; 7.22535 ; 3.41139 ; 3.57479
8.42138 ; 7.6878 ; 2.71409 ; 2.77763
5.57401 ; 2.78205 ; -5.04047 ; -3.59923
2.77413 ; 7.83344 ; -2.15895 ; 2.3523
4.94016 ; 6.90286 ; -4.79315 ; 4.08279
3.49006 ; 3.17428 ; -3.63961 ; -3.8945
3.73851 ; 7.41399 ; -3.79833 ; 3.37658
5.84251 ; 7.39704 ; -4.81423 ; 3.44403
7.78319 ; 3.0959 ; 3.77342 ; -3.86098
3.62669 ; 7.3718 ; -3.69232 ; 3.34084
5.06565 ; 2.64134 ; -4.71642 ; -3.42749
3.45774 ; 4.81948 ; 3.86308 ; -5.48011
7.51213 ; 6.87289 ; 4.05834 ; -2.94826
7.19885 ; 4.54539 ; 4.44492 ; -4.92582
5.49243 ; 7.20857 ; -4.53555 ; 3.71398
7.2756 ; 5.15532 ; 4.38285 ; -4.7991
6.69979 ; 4.88243 ; 4.81074 ; -4.64605
8.57205 ; 2.22219 ; 2.31322 ; -2.34162
5.75176 ; 2.71048 ; 4.84007 ; -3.49228
4.98151 ; 2.91767 ; 3.7825 ; -3.72052
8.00338 ; 7.73337 ; 3.33935 ; 2.83948
2.65058 ; 8.05426 ; -1.66621 ; 1.71458
8.51363 ; 2.26178 ; 2.38453 ; -2.1432
3.09027 ; 2.30569 ; -2.86265 ; -2.6474
2.6222 ; 4.79905 ; 0.231627 ; -5.34154
4.70831 ; 7.15004 ; 2.38383 ; 3.71159
7.85205 ; 2.58683 ; 3.58881 ; -3.21349
2.6207 ; 5.30347 ; -1.53202 ; -5.50225
8.34931 ; 2.52774 ; 2.87507 ; -3.00009
2.69905 ; 8.11463 ; -1.75087 ; 1.57731
6.68973 ; 2.38474 ; 4.64249 ; -0.689359
4.67783 ; 3.62451 ; -4.69719 ; -4.47843
5.50405 ; 3.1942 ; 4.18065 ; -4.07449
8.34482 ; 2.69028 ; 2.93164 ; -3.24087
8.38404 ; 3.57358 ; -1.45713 ; -4.2815
3.51662 ; 3.46962 ; 2.91583 ; -4.29186
2.43342 ; 3.04664 ; -1.40291 ; -3.57231
8.61389 ; 2.05874 ; 2.10741 ; -1.91933
6.6616 ; 3.39772 ; 4.86771 ; 3.06611
7.59049 ; 4.40178 ; 4.07392 ; -4.81192
7.87599 ; 8.01519 ; 3.39873 ; -1.6106
4.23526 ; 2.55733 ; -4.25455 ; -3.29512
4.68089 ; 4.20522 ; -4.74017 ; -0.841526
3.27229 ; 7.65929 ; -3.1484 ; 2.89954
8.37828 ; 2.74733 ; 2.89068 ; -3.30788
2.93855 ; 2.4015 ; -2.62399 ; -2.76192
3.94488 ; 2.7918 ; -4.0692 ; -3.58283
4.06086 ; 2.60125 ; -4.05922 ; -3.33811
2.79257 ; 7.91303 ; -2.1534 ; 2.1902
8.73836 ; 8.16635 ; 1.63285 ; 1.38168
8.46299 ; 6.81512 ; 2.81699 ; 3.97752
4.83038 ; 6.28287 ; -4.47784 ; 4.60924
4.88942 ; 6.34724 ; 5.08058 ; 4.58875
8.47725 ; 2.22313 ; 2.504 ; -2.39734
2.97936 ; 7.94867 ; -2.52954 ; 2.21882
7.14603 ; 3.03397 ; -4.65142 ; -3.79098
7.46157 ; 2.8545 ; 4.05654 ; -3.64767
4.43958 ; 7.12936 ; 4.5724 ; 3.6987
3.3182 ; 5.11844 ; 0.178979 ; 5.21677
7.76514 ; 8.01523 ; 3.53527 ; -1.98648
2.93928 ; 6.04117 ; -1.95775 ; 4.70209
4.06946 ; 2.8097 ; -4.14491 ; -3.38489
8.79156 ; 8.12785 ; 1.49817 ; 1.45745
7.94498 ; 7.65411 ; 3.45474 ; 2.9918
2.44025 ; 1.83985 ; 0.302089 ; -0.0911463
3.2968 ; 7.23427 ; -3.30318 ; 3.4625
6.88096 ; 6.62307 ; 4.58786 ; 4.21508
3.75683 ; 7.16874 ; -3.87301 ; 3.6178
8.612 ; 3.08905 ; -2.46925 ; -3.69249
8.38356 ; 8.37209 ; 2.31521 ; 0.726178
7.73776 ; 4.90296 ; 3.87703 ; -4.79876
3.75484 ; 4.92058 ; -3.96732 ; -2.05802
8.72678 ; 6.87962 ; -1.02666 ; 3.88853
2.79356 ; 8.13674 ; -1.98901 ; 1.58737
2.67965 ; 8.05664 ; -1.74928 ; 1.73442
8.55717 ; 7.79962 ; 2.38725 ; 2.4956
3.21246 ; 2.71542 ; -3.13293 ; -3.3446
5.55114 ; 7.22752 ; 4.86846 ; 3.41299
8.63092 ; 7.98697 ; 2.09775 ; 2.02378
2.89142 ; 2.51135 ; -2.53333 ; -2.93892
8.37263 ; 1.94151 ; -3.72021 ; 2.27092
2.62185 ; 1.98942 ; -1.55468 ; -1.58223
8.10474 ; 2.70284 ; 3.27897 ; -3.31404
8.12057 ; 6.00874 ; 3.40459 ; 2.33773
7.52355 ; 3.64943 ; 2.7851 ; 5.00213
3.11688 ; 7.81392 ; -2.84407 ; 2.56784
2.86784 ; 4.78078 ; -2.14306 ; -5.18391
3.30656 ; 7.3437 ; -3.27992 ; 3.37202
8.47889 ; 2.06949 ; 2.42149 ; -2.0424
4.48547 ; 7.60297 ; -4.45576 ; 3.17627
3.00071 ; 3.41345 ; -2.95721 ; -4.04194
7.85326 ; 2.02644 ; 3.47175 ; -1.85415
8.20948 ; 7.42194 ; 2.45114 ; 3.23942
2.4552 ; 2.93489 ; -1.31662 ; -3.46761
6.20538 ; 6.81663 ; -5.41441 ; 0.440935
7.65717 ; 2.50676 ; 3.80769 ; -2.60011
6.93922 ; 6.40182 ; 4.35927 ; 4.46994
3.09789 ; 1.85801 ; -0.851629 ; 1.48104
3.34544 ; 8.49958 ; -2.92711 ; -0.218339
8.67022 ; 6.3956 ; 1.37562 ; -5.43284
4.56572 ; 3.24428 ; -4.6325 ; -4.13444
8.60173 ; 2.18719 ; -3.50971 ; 2.42709
2.76669 ; 2.05071 ; -2.03649 ; -1.89784
8.57987 ; 2.19962 ; 2.28296 ; -2.28818
8.15656 ; 2.91366 ; 3.27254 ; -3.58315
2.85568 ; 8.04968 ; -2.20642 ; 1.89032
6.32478 ; 7.9535 ; 4.96782 ; 2.37375
8.90251 ; 5.28909 ; 0.308951 ; -5.44973
7.25784 ; 2.21004 ; 4.1669 ; -2.56679
7.86946 ; 7.07044 ; 3.63239 ; 2.43264
7.04685 ; 1.77215 ; 4.42645 ; 0.715401
8.29472 ; 2.38565 ; 2.91656 ; -2.77757
3.08636 ; 7.36124 ; -2.94792 ; 3.28681
8.25262 ; 7.78267 ; 2.96735 ; 2.67176
9.07813 ; 3.47642 ; -0.0828692 ; -4.14664
7.12603 ; 6.62362 ; 4.48108 ; -2.7188
7.75433 ; 2.89278 ; -1.46618 ; -3.52968
6.36175 ; 8.10282 ; -5.4799 ; 0.299705
7.53313 ; 2.3073 ; 3.92747 ; 2.69607
2.96161 ; 7.78725 ; -2.5794 ; 2.54963
8.45232 ; 7.70256 ; 2.65013 ; 2.7358
5.32782 ; 3.92621 ; -5.01446 ; -4.7025
3.86674 ; 7.73218 ; -3.87277 ; 2.90146
3.26881 ; 7.56729 ; -3.17256 ; 3.04285
6.16125 ; 3.31924 ; 4.68595 ; -4.21697
3.04651 ; 5.55776 ; -2.99767 ; 4.82513
4.01006 ; 4.38504 ; -4.2629 ; 4.76771
3.0158 ; 2.95495 ; 2.56297 ; -3.54856
8.30497 ; 7.79921 ; 2.87347 ; 2.62025
8.40961 ; 7.9636 ; 2.6031 ; 2.21633
3.82552 ; 2.40635 ; -3.86963 ; -3.02114
8.7052 ; 2.02378 ; 1.83202 ; -1.74833
2.73462 ; 2.04281 ; -1.94379 ; -1.85023
2.85025 ; 3.99234 ; -1.59947 ; 5.61722
6.17868 ; 4.75207 ; 5.19835 ; 5.33823
8.10465 ; 5.778 ; 3.32144 ; -5.05804
5.0963 ; 2.64774 ; -4.86265 ; -3.43519
3.30272 ; 7.46691 ; -3.25178 ; 3.1995
2.9906 ; 3.0112 ; -2.82201 ; -3.6792
3.21937 ; 7.62259 ; -3.0777 ; 2.94257
3.79931 ; 2.79437 ; -3.8088 ; 3.80665
4.98166 ; 7.45961 ; -4.74578 ; 2.55811
6.00759 ; 3.84854 ; 5.35295 ; 5.0485
7.75038 ; 3.96696 ; 3.89408 ; -4.58495
3.54039 ; 7.25733 ; -3.61429 ; 3.53244
8.01339 ; 2.72908 ; 3.4205 ; -3.38196
3.67965 ; 8.25823 ; -3.56957 ; 1.49854
8.35566 ; 7.01085 ; 3.01917 ; 3.74149
8.35924 ; 7.59497 ; 2.86058 ; 2.95881
7.56202 ; 3.50818 ; 4.04966 ; -4.22723
8.34963 ; 7.42105 ; 2.87609 ; 3.23536
8.14008 ; 2.36519 ; 3.15183 ; -2.78023
8.65295 ; 7.85687 ; 2.13154 ; 2.31532
8.81469 ; 2.82855 ; -1.78193 ; -3.24513
3.19796 ; 3.28479 ; 1.80454 ; 5.41014
5.88582 ; 5.38841 ; -4.05294 ; -5.35324
6.52943 ; 7.53234 ; 4.76399 ; 3.29896
7.90071 ; 3.72928 ; 3.70183 ; -4.4005
2.72777 ; 7.9492 ; -1.96836 ; 2.0597
7.3379 ; 7.78725 ; 4.10047 ; 2.81647
6.40197 ; 6.33357 ; 5.06374 ; -4.71688
7.77529 ; 2.43445 ; 3.6448 ; -3.01285
7.92154 ; 1.6334 ; 3.21336 ; -0.43514
7.95733 ; 5.85525 ; 3.66493 ; 4.73183
7.99961 ; 8.42737 ; 3.09003 ; -0.397347
7.3308 ; 7.21311 ; 4.1754 ; 3.69022
3.24513 ; 2.70597 ; -3.23254 ; -3.33464
3.05003 ; 7.59429 ; -2.82136 ; 2.9252
3.09165 ; 2.51701 ; -2.94287 ; -3.01773
8.79927 ; 2.73793 ; -1.75806 ; -3.08365
2.47017 ; 6.54187 ; -1.18118 ; 4.19046
3.16729 ; 3.01862 ; -3.18139 ; -3.70719
8.0517 ; 2.28968 ; 3.24786 ; -2.69659
4.33771 ; 7.21777 ; -4.37403 ; 3.69994
5.7743 ; 2.67376 ; 5.04574 ; -3.43722
7.10032 ; 6.84196 ; 4.41202 ; 4.10064
3.51472 ; 2.70586 ; -3.59035 ; -3.397
6.48727 ; 3.69781 ; -5.22978 ; 5.27088
5.26491 ; 8.09518 ; -5.12575 ; 1.61617
2.58424 ; 2.17777 ; -1.50953 ; -1.98225
2.52468 ; 2.48746 ; -1.53585 ; -2.73385
8.48298 ; 7.59427 ; 2.63647 ; 2.91071
8.04733 ; 2.22638 ; 3.24422 ; -2.53753
4.35387 ; 3.90813 ; -4.53604 ; -4.66373
7.6709 ; 3.44136 ; 3.87534 ; -0.210468
6.43426 ; 2.16574 ; 4.83268 ; -2.52012
8.01281 ; 6.10317 ; 3.5937 ; 4.61113
3.37741 ; 7.15163 ; -3.43351 ; 3.62959
8.54744 ; 2.27069 ; 2.39196 ; -2.45577
7.34825 ; 6.33527 ; 4.27898 ; 4.50108
8.03489 ; 2.58256 ; 3.36074 ; -3.09106
3.91128 ; 7.54919 ; 1.71841 ; 2.97102
2.71366 ; 6.12137 ; -1.33245 ; -5.54232
7.60072 ; 7.38328 ; 3.71571 ; 3.44323
2.78501 ; 7.57745 ; -2.30206 ; 2.84762
4.17536 ; 6.47166 ; -4.36414 ; 4.41974
2.95752 ; 2.68252 ; -2.62555 ; -2.54083
3.6759 ; 2.69518 ; -3.77702 ; -3.41566
3.646 ; 6.89756 ; -3.69435 ; -4.21225
2.80854 ; 7.94731 ; -2.16705 ; 2.12226
8.30367 ; 7.64447 ; 2.93391 ; 2.89896
4.27074 ; 7.31756 ; -4.35286 ; 3.34898
7.82944 ; 6.23191 ; 3.75382 ; 2.31937
8.48976 ; 2.80556 ; 1.70519 ; 4.33721
3.32544 ; 5.11207 ; -3.43926 ; 4.90935
4.33021 ; 4.05479 ; -4.3376 ; -4.7399
3.08308 ; 7.41719 ; -2.93422 ; 3.1816
7.74795 ; 6.69722 ; 3.86291 ; 4.18648
6.38403 ; 2.54475 ; 4.53704 ; -3.27576
7.77499 ; 6.42395 ; 3.85826 ; 4.36896
4.15249 ; 2.30469 ; -4.2024 ; -2.87499
3.10959 ; 2.06272 ; -2.78951 ; -2.12838
7.64878 ; 1.63725 ; 3.60989 ; -0.42933
7.63198 ; 1.62253 ; 3.67299 ; 0.0418214
5.78242 ; 2.17324 ; -4.79761 ; -2.39524
3.04208 ; 7.48318 ; -2.84708 ; 3.08911
7.33167 ; 6.42555 ; 4.30296 ; -4.66925
4.66947 ; 3.18334 ; -4.58737 ; -4.07447
7.57861 ; 2.46418 ; 3.87091 ; -3.09106
2.88603 ; 7.71933 ; -2.46402 ; 2.63957
3.42642 ; 1.98327 ; -3.29117 ; -1.94818
5.88727 ; 8.27763 ; 5.37278 ; 0.542492
7.56479 ; 3.02738 ; 3.95915 ; 3.09066
7.07644 ; 8.25132 ; 4.22402 ; 1.08046
3.37076 ; 2.71047 ; -3.40787 ; -3.37108
6.44375 ; 6.4032 ; 5.08193 ; -4.90474
7.90794 ; 2.75467 ; 3.39922 ; -3.42228
2.89181 ; 7.71191 ; -2.47402 ; 2.65121
8.1896 ; 7.3425 ; 3.20646 ; 3.38653
3.92369 ; 2.68268 ; -4.02688 ; -3.43267
3.04129 ; 2.46579 ; -2.84014 ; -2.91747
5.38502 ; 5.62751 ; -5.17502 ; 5.03397
8.76148 ; 7.10599 ; 0.529006 ; 3.54556
8.19749 ; 6.16894 ; 3.15304 ; -1.73089
8.07693 ; 7.01288 ; 3.43061 ; 3.81059
3.68046 ; 2.29675 ; -3.67809 ; -2.80716
5.01488 ; 6.47117 ; -1.56046 ; 4.41977
3.46425 ; 2.41985 ; -3.45301 ; -2.97374
8.65067 ; 2.37346 ; 2.20555 ; -2.60498
2.60216 ; 5.16194 ; 1.84136 ; -5.32374
5.52432 ; 7.42359 ; 5.09893 ; 3.38846
2.91235 ; 7.82195 ; -2.46569 ; 2.45596
3.27791 ; 7.52917 ; -3.19814 ; 3.10377
8.01207 ; 7.75826 ; 3.34148 ; 2.7906
4.1303 ; 7.41927 ; -4.21476 ; 3.35466
5.13566 ; 4.85269 ; -5.04525 ; -3.49154
3.42546 ; 2.81749 ; -0.892765 ; -3.46007
6.16148 ; 7.62618 ; 4.65002 ; 1.00806
6.88294 ; 3.08273 ; 0.221216 ; -3.88843
2.73924 ; 7.59064 ; -2.19665 ; 2.80172
4.04667 ; 2.37483 ; -4.09369 ; -2.99674
2.80783 ; 8.05448 ; -2.08801 ; 1.84647
3.12256 ; 2.11893 ; -2.83228 ; -2.2798
4.55336 ; 7.73171 ; -4.50287 ; 2.92061
6.06311 ; 7.60325 ; -5.60069 ; -0.626558
3.38084 ; 5.12117 ; -3.53004 ; 3.36836
8.81125 ; 3.91378 ; 1.24079 ; -4.62198
2.62028 ; 8.079 ; -1.54508 ; 1.61115
8.3256 ; 6.08386 ; 3.12726 ; 4.64186
3.23082 ; 2.49937 ; -3.14895 ; -3.03629
3.10528 ; 2.24904 ; -2.86257 ; -2.55143
8.36805 ; 2.22969 ; 2.72329 ; -2.46299
7.72301 ; 3.28033 ; 3.76219 ; 4.32835
2.68445 ; 2.59366 ; 1.88345 ; -2.82538
3.47527 ; 3.05156 ; -3.60283 ; -3.74926
7.76433 ; 6.1997 ; 3.88635 ; 4.55879
3.5925 ; 6.69692 ; -3.65132 ; -3.38658
2.99993 ; 3.00258 ; -2.90435 ; -3.65657
8.55874 ; 2.56933 ; -2.39846 ; -2.78482
6.31766 ; 2.39584 ; 1.366 ; 3.67228
3.3843 ; 2.12976 ; -3.26934 ; -2.37201
3.71147 ; 4.99246 ; -3.95223 ; 4.79978
5.99736 ; 7.35945 ; -5.06506 ; -1.33119
3.64679 ; 6.82143 ; -3.77533 ; 3.02249
2.87714 ; 2.43685 ; -2.51532 ; -2.79998
8.40824 ; 2.16151 ; 2.61466 ; -2.29984
7.53884 ; 6.12587 ; 4.06534 ; -2.28928
5.14154 ; 6.91849 ; 4.88313 ; 4.03024
2.33583 ; 6.81919 ; -0.414195 ; 3.87376
8.43931 ; 2.51488 ; 2.71019 ; -2.93607
7.40706 ; 3.19751 ; 4.12948 ; -4.02084
7.49361 ; 3.78089 ; 4.11858 ; -4.05556
8.30282 ; 7.71185 ; 2.91006 ; 2.78304
3.72595 ; 7.42617 ; -2.93312 ; 3.29215
2.65057 ; 2.00121 ; -1.66002 ; -1.64872
7.41704 ; 7.15224 ; 4.13593 ; 3.76448
3.6187 ; 3.42693 ; -3.52103 ; 0.181162
2.91033 ; 2.23036 ; -2.48645 ; -2.41707
8.51438 ; 2.65103 ; 2.61256 ; -3.11515
6.99639 ; 7.08515 ; 4.49767 ; 3.87004
8.01111 ; 1.99657 ; 3.22521 ; -2.0054
5.92914 ; 7.88315 ; 4.54257 ; 2.29464
8.18262 ; 2.35779 ; 3.07028 ; -2.77766
3.35876 ; 7.4582 ; -3.31765 ; 3.22823
7.65326 ; 7.53999 ; 3.83164 ; 2.64218
8.63708 ; 7.94441 ; 2.11264 ; 2.12543
7.42211 ; 2.3066 ; 4.01138 ; -2.84314
7.72088 ; 7.73517 ; 3.72024 ; 2.894
2.97514 ; 7.97301 ; -2.50769 ; 2.16007
7.42053 ; 5.75944 ; -4.53301 ; 5.01813
3.86652 ; 1.72847 ; -3.85589 ; -0.882891
3.91486 ; 5.35233 ; 4.20415 ; -4.85498
7.69275 ; 6.12238 ; 3.96637 ; 4.61775
8.94382 ; 7.95579 ; -2.37532 ; 0.117504
4.48995 ; 7.25223 ; 4.91449 ; 3.51043
2.31683 ; 6.6887 ; 0.955162 ; 3.90235
8.0414 ; 8.28031 ; 3.03361 ; 1.22422
3.60108 ; 7.27335 ; -3.61281 ; -0.739993
8.03238 ; 3.12952 ; 3.45285 ; -3.86094
7.85769 ; 7.05243 ; 3.58836 ; -1.76761
7.27096 ; 6.28561 ; 3.79212 ; 4.52754
4.81445 ; 3.25614 ; -4.70037 ; -4.1526
7.23379 ; 6.63934 ; 3.97976 ; 4.28179
2.94554 ; 2.26499 ; -2.57493 ; -2.50869
6.68587 ; 6.4354 ; 4.56029 ; 4.495
8.31055 ; 3.5298 ; 2.83451 ; -4.18375
3.96262 ; 2.96455 ; -3.91523 ; -3.69019
4.39043 ; 2.76991 ; -4.45931 ; -3.59214
8.46834 ; 2.64327 ; 2.69857 ; -3.12211
5.54481 ; 7.1826 ; 4.96055 ; 3.71831
6.41925 ; 3.0188 ; 4.85106 ; -3.86898
7.20911 ; 6.57539 ; 4.37402 ; 4.35844
3.68519 ; 2.70222 ; -3.65483 ; -3.41954
6.84545 ; 7.74405 ; 4.63762 ; 2.22819
8.96214 ; 2.88213 ; -0.267357 ; -3.30941
5.51664 ; 7.0069 ; -4.8752 ; 3.94006
4.017 ; 6.61827 ; -4.04326 ; 4.20435
2.68109 ; 7.92913 ; -1.85871 ; 2.07339
7.02038 ; 3.41326 ; 4.49001 ; -4.08333
7.41137 ; 3.09024 ; 4.14412 ; -3.91502
3.13805 ; 7.31749 ; -3.05218 ; 3.35299
6.78665 ; 3.75489 ; -5.1571 ; -4.47685
8.30863 ; 7.16153 ; 2.32331 ; 3.55802
4.90447 ; 2.99217 ; -4.96371 ; 2.79461
6.69917 ; 7.4431 ; 4.71149 ; 3.19691
7.10208 ; 5.11797 ; 4.4743 ; 2.67713
3.52305 ; 2.56992 ; -3.56283 ; -3.20014
4.06375 ; 6.96772 ; -4.19193 ; 3.95069
3.51304 ; 8.36816 ; -3.27873 ; 1.0585
7.93566 ; 8.30345 ; 3.23537 ; 1.36727
2.80722 ; 7.87831 ; -2.20626 ; 2.27658
2.73169 ; 7.8987 ; -2.01378 ; 2.18189
8.56229 ; 2.36872 ; 2.40791 ; -2.63776
8.34338 ; 2.22998 ; 2.76829 ; -2.47191
3.28659 ; 2.13538 ; -3.12018 ; -2.36587
2.9843 ; 3.44223 ; -2.90355 ; -4.07294
9.02831 ; 7.28288 ; 0.942592 ; 3.22703
8.7642 ; 5.03735 ; 0.975367 ; -5.41994
5.83516 ; 2.75741 ; -5.0881 ; -3.53977
3.48007 ; 6.89686 ; -3.46413 ; 3.93847
8.76621 ; 1.9496 ; 1.57064 ; -1.45226
6.41008 ; 7.13252 ; 4.74982 ; 3.83121
6.36455 ; 7.52566 ; -5.75167 ; -3.22985
4.79426 ; 2.42077 ; -4.96674 ; 2.60607
3.72819 ; 3.18102 ; -3.91117 ; -3.9752
3.49415 ; 7.9772 ; -3.37434 ; 2.33078
8.57529 ; 7.1148 ; 2.42921 ; 3.60426
3.27403 ; 2.57978 ; -3.23097 ; -3.16853
8.1719 ; 1.68836 ; 2.82162 ; -0.710374
8.00621 ; 1.88576 ; 3.19898 ; -1.26505
2.73877 ; 7.80544 ; -2.09042 ; 2.39076
8.43066 ; 2.41633 ; 2.68835 ; -2.78415
6.14647 ; 4.20937 ; -5.01076 ; -4.96541
8.88969 ; 7.31291 ; 1.66692 ; 3.22629
6.77238 ; 7.54774 ; -4.37081 ; 3.07787
3.0609 ; 2.86812 ; -2.98426 ; -3.50339
3.72375 ; 8.05151 ; -3.66136 ; -0.252006
3.7684 ; 3.55877 ; -3.99719 ; -4.32332
5.61978 ; 3.66466 ; 0.845932 ; -4.46459
7.43115 ; 6.02096 ; 4.22563 ; 4.74401
3.19111 ; 2.24477 ; 4.44631 ; -1.5166
4.57969 ; 2.9875 ; -4.61304 ; -3.86753
3.23115 ; 1.91428 ; -2.88342 ; -1.75281
8.69988 ; 7.98855 ; 1.91745 ; 1.96691
7.34242 ; 2.37891 ; 4.13221 ; -2.54185
8.46755 ; 2.22857 ; 2.52088 ; -2.41224
2.95717 ; 7.5427 ; -2.67644 ; 2.96568
4.61896 ; 2.69115 ; -4.592 ; -3.50271
8.45004 ; 2.29145 ; 2.59888 ; -2.54518
5.75871 ; 2.21853 ; -4.92431 ; -2.533
4.25522 ; 7.32992 ; -4.26877 ; 3.55
3.84442 ; 6.80884 ; -3.99982 ; 4.07906
7.4973 ; 1.69545 ; 3.8737 ; -0.746393
4.19483 ; 3.22949 ; 4.57845 ; -4.0583
7.80064 ; 7.12391 ; 3.74222 ; 3.74546
5.64139 ; 1.77608 ; -4.20247 ; -0.918656
8.77067 ; 2.00551 ; 1.61325 ; -1.63034
7.85382 ; 5.18838 ; -1.41903 ; 5.34905
2.67996 ; 2.03585 ; -1.78218 ; -1.78203
2.5802 ; 1.93224 ; -1.34052 ; -1.33452
8.17467 ; 7.83154 ; 3.07612 ; 2.60522
3.34698 ; 2.51759 ; -3.31752 ; -3.09709
8.52115 ; 2.55285 ; 2.53766 ; -2.98326
4.92123 ; 2.36233 ; -5.02117 ; 2.63611
8.87076 ; 6.95669 ; 1.75399 ; 3.75113
3.88871 ; 6.75323 ; -4.07316 ; 4.13643
7.89015 ; 6.99927 ; 3.66824 ; 3.85197
7.54319 ; 3.58635 ; 3.99851 ; -4.32959
3.21187 ; 6.79265 ; -3.25125 ; 3.94186
5.37039 ; 7.75972 ; -5.27631 ; 0.197214
3.18674 ; 2.53998 ; -3.09364 ; -3.08582
8.48367 ; 7.6412 ; 2.61612 ; 2.83083
6.77508 ; 5.84044 ; 4.8097 ; -4.7675
2.77322 ; 2.21768 ; -2.16949 ; -2.31281
3.30091 ; 8.3997 ; -2.9154 ; 0.729664
3.56015 ; 6.52414 ; -3.0962 ; 4.3111
4.35714 ; 3.69544 ; 3.67248 ; -4.01925
3.49138 ; 4.04813 ; -3.69809 ; -4.67705
3.12748 ; 7.56332 ; -2.95603 ; 3.00424
8.19958 ; 2.68703 ; 2.71729 ; 4.38267
3.03858 ; 2.53677 ; -2.85987 ; -3.02405
3.3262 ; 7.19074 ; -3.26298 ; 3.57339
4.4182 ; 5.31095 ; -4.59376 ; -3.45386
7.66596 ; 5.08547 ; 3.98826 ; 5.15976
8.68599 ; 2.11058 ; 1.95828 ; -2.00425
8.44539 ; 2.33113 ; 2.62553 ; -2.62116
8.71905 ; 8.07327 ; 1.78914 ; 1.7122
8.19758 ; 7.45114 ; 3.16471 ; 3.23372
4.95694 ; 2.36766 ; -5.05156 ; 0.847502
3.57593 ; 5.66739 ; -3.71318 ; -4.40984
4.84449 ; 2.39682 ; -4.4138 ; -2.63723
7.8989 ; 5.34147 ; 3.68418 ; -4.81942
7.9293 ; 6.87473 ; 3.6388 ; 3.96603
8.45053 ; 2.13477 ; 2.52001 ; -2.21205
2.6772 ; 8.01065 ; -1.78217 ; 1.86065
4.46939 ; 6.22973 ; -0.799577 ; 4.60429
8.17374 ; 7.31049 ; 3.23239 ; 3.42606
8.24642 ; 7.21075 ; 3.02244 ; 3.54815
4.16065 ; 2.00167 ; 5.39117 ; -0.691905
5.11132 ; 6.71294 ; 4.74155 ; 4.25152
6.82959 ; 8.31861 ; -3.67609 ; 0.0469755
3.83938 ; 2.44267 ; -3.8816 ; 3.01017
5.32687 ; 7.29012 ; 4.42664 ; 3.56996
8.57331 ; 2.6703 ; 2.45935 ; -3.15007
7.538 ; 2.82582 ; -4.37707 ; -3.43551
6.03398 ; 3.76385 ; 5.09025 ; -4.58954
2.66855 ; 8.10115 ; -1.67514 ; 1.59098
8.11824 ; 2.16866 ; 2.9905 ; -0.00189424
8.67649 ; 4.91062 ; 1.96516 ; 5.42389
7.57243 ; 7.02756 ; 4.00516 ; 3.88485
2.80138 ; 2.132 ; -2.18277 ; -2.13393
8.21831 ; 2.56305 ; 3.08356 ; -3.07985
2.49638 ; 3.59296 ; 1.2931 ; -4.34099
7.57009 ; 2.88912 ; 3.96015 ; -3.67327
3.62989 ; 3.32491 ; -3.77448 ; -4.09802
2.6585 ; 7.35532 ; -0.0179944 ; 3.12286
4.97118 ; 4.28144 ; -5.04488 ; 4.45375
5.29563 ; 7.01004 ; -5.24376 ; -4.4366
2.81622 ; 8.2047 ; -1.98887 ; 1.37567
6.07613 ; 5.95525 ; -4.7574 ; 4.85937
3.09331 ; 6.77199 ; -3.08269 ; 3.91241
3.0148 ; 2.07329 ; -2.61208 ; -2.11794
5.19455 ; 4.97633 ; -5.10381 ; -5.24747
4.33526 ; 2.0426 ; -4.47874 ; 1.54154
8.23871 ; 2.68746 ; 3.062 ; -3.27323
4.20635 ; 7.57679 ; -4.35524 ; -2.4812
4.21251 ; 3.6341 ; -4.38458 ; 0.058943
8.52728 ; 7.77909 ; 2.46146 ; 2.55385
7.58993 ; 3.72264 ; 3.98356 ; 2.70727
8.41786 ; 6.26384 ; 2.95719 ; 4.47347
4.01159 ; 2.57201 ; -4.09947 ; -3.29466
8.11377 ; 1.9551 ; 3.04384 ; -1.90125
3.00078 ; 5.85602 ; -2.61198 ; -4.94078
3.33398 ; 6.87699 ; -3.40724 ; 3.92601
5.51126 ; 4.55326 ; -1.97141 ; -4.75871
5.19596 ; 4.02708 ; -5.06008 ; -4.56165
7.80403 ; 2.53121 ; 3.63191 ; -3.15816
7.91432 ; 7.50553 ; 3.53152 ; 3.21965
6.19883 ; 3.14352 ; 3.18317 ; -4.00493
3.7531 ; 2.26478 ; -3.7327 ; -2.75938
3.80476 ; 7.90388 ; 3.58451 ; 2.02856
2.31626 ; 2.8857 ; 0.171003 ; -3.33658
4.30888 ; 6.18043 ; -4.50018 ; 4.62553
8.49142 ; 2.54106 ; 2.62109 ; -2.96787
4.06033 ; 7.12891 ; -4.17684 ; 3.77266
2.59337 ; 7.50863 ; -1.81811 ; 2.82749
2.95056 ; 7.36178 ; -2.7229 ; 3.23981
8.20335 ; 8.20859 ; 2.82457 ; 1.6068
8.72076 ; 2.68012 ; -2.8129 ; -2.88891
8.32466 ; 2.14308 ; 2.75745 ; -2.29897
2.7173 ; 8.0395 ; -1.86902 ; 1.81593
8.52684 ; 2.07747 ; 2.3241 ; -2.03195
4.24701 ; 6.54246 ; -3.82784 ; -4.66925
7.6906 ; 2.13346 ; -5.16772 ; 0.154446
8.08502 ; 6.48309 ; 3.26161 ; -4.56905
8.21423 ; 7.57694 ; 3.10289 ; 3.02485
2.96536 ; 7.58627 ; -2.67484 ; 2.9058
8.6551 ; 3.68526 ; -0.952949 ; -4.4474
9.07933 ; 6.46337 ; -0.0139246 ; 4.2697
2.88775 ; 7.78532 ; -2.43499 ; 2.51639
2.73127 ; 8.0594 ; -1.88883 ; 1.77231
3.54957 ; 7.74753 ; -3.48645 ; 2.82361
3.33219 ; 2.41015 ; -3.26349 ; -2.92233
7.9857 ; 3.35559 ; 3.30163 ; -4.10948
7.13406 ; 6.52182 ; 4.43874 ; 4.14393
3.26896 ; 3.91576 ; -3.40534 ; -4.53874
2.64595 ; 6.12547 ; 2.53651 ; -0.92565
2.45422 ; 2.49423 ; -1.19931 ; -2.70731
3.39924 ; 6.8281 ; -3.31398 ; -4.22766
2.90261 ; 2.27107 ; -2.49185 ; -2.49887
8.27058 ; 2.8142 ; 3.08211 ; -3.42021
7.04281 ; 3.28522 ; 4.47172 ; -4.15073
7.85436 ; 2.8703 ; 3.64751 ; -3.57878
8.24261 ; 7.00133 ; 3.20124 ; 3.78874
3.45667 ; 2.08097 ; -3.3637 ; -2.24628
6.67405 ; 3.6406 ; -5.68249 ; 5.14106
3.77374 ; 2.63728 ; 3.98668 ; -3.10741
8.51182 ; 7.22039 ; 2.69598 ; 3.44744
4.75397 ; 7.16562 ; -4.64623 ; 3.78372
7.62216 ; 4.05887 ; 3.97489 ; 4.52898
8.55694 ; 2.21537 ; 2.33996 ; -2.33647
3.44899 ; 8.39132 ; -3.17459 ; 0.90037
8.10361 ; 8.04577 ; 3.1111 ; 2.13975
8.09021 ; 3.58598 ; 3.44302 ; -4.26275
2.54895 ; 3.44284 ; -1.62221 ; -2.57653
7.67974 ; 3.34404 ; 3.89551 ; -3.9707
8.20834 ; 2.37849 ; 3.0483 ; -2.80417
7.70829 ; 7.18127 ; 3.83561 ; 3.55174
8.35555 ; 6.56495 ; 2.13976 ; -5.24326
2.88925 ; 7.73539 ; -2.46361 ; 2.61207
3.33949 ; 2.93297 ; -3.4122 ; -3.64411
6.75648 ; 2.91311 ; 4.39949 ; -3.74336
2.53864 ; 2.26237 ; -1.50769 ; -2.25864
8.76427 ; 3.3973 ; 2.14041 ; -4.04584
9.00244 ; 7.1642 ; -1.24894 ; 3.38987
7.69421 ; 5.61392 ; 3.92063 ; -3.29642
2.57876 ; 3.98337 ; 0.458619 ; -4.77187
8.04212 ; 3.33043 ; 3.48836 ; -3.95859
8.56916 ; 2.13754 ; 1.80293 ; 1.70962
6.82146 ; 3.34871 ; 4.77697 ; 4.55834
7.41188 ; 2.56682 ; 4.0582 ; -3.25934
6.60073 ; 2.76106 ; 4.85747 ; 0.64829
2.92883 ; 7.25852 ; 1.54983 ; 3.30774
2.68199 ; 8.0824 ; -1.73062 ; 1.66129
7.71304 ; 3.64705 ; 3.76632 ; -4.39821
2.5669 ; 7.28769 ; -1.78047 ; 3.0049
3.22073 ; 2.35219 ; -3.09044 ; -2.78897
8.34387 ; 6.27622 ; 3.09497 ; 4.4948
3.06976 ; 7.4463 ; -2.90467 ; 3.14648
7.74705 ; 7.82358 ; 3.44878 ; 0.713417
5.69738 ; 6.91144 ; 5.00085 ; 4.06694
3.27787 ; 2.23445 ; -3.1431 ; -2.5558
3.24527 ; 3.90088 ; -3.37077 ; -4.54666
2.73336 ; 2.62114 ; -2.25783 ; -3.05149
8.76987 ; 1.90254 ; -2.26051 ; 0.654422
4.40175 ; 4.65387 ; -4.62641 ; 5.00235
3.09316 ; 2.38675 ; -2.89349 ; -2.80321
8.68999 ; 2.12781 ; 1.95855 ; -2.04451
6.55708 ; 5.65719 ; 0.450873 ; 4.99911
7.88514 ; 6.99628 ; 3.6699 ; 3.87096
3.13735 ; 7.75343 ; -2.90221 ; 2.68921
8.67934 ; 8.06278 ; 1.9119 ; 1.77994
5.08183 ; 5.12202 ; -5.07066 ; 5.25848
3.97156 ; 2.51905 ; -3.96711 ; -3.21043
8.05328 ; 5.93775 ; 3.37642 ; -5.08492
8.64115 ; 3.27843 ; 2.27802 ; -3.94453
3.87894 ; 6.47263 ; -1.52218 ; 4.37825
3.6675 ; 7.52241 ; -3.70231 ; 3.19037
8.05748 ; 3.5637 ; 3.49559 ; -4.21485
6.70384 ; 7.47392 ; -5.10898 ; 3.15527
5.76326 ; 2.54484 ; -5.1862 ; -3.2006
7.86522 ; 2.64262 ; 3.57713 ; -3.30395
7.87801 ; 4.82194 ; -1.01038 ; -4.50304
3.47342 ; 6.27783 ; 4.56297 ; -5.52885
3.48461 ; 1.68866 ; -3.2796 ; -0.783406
3.83479 ; 6.82414 ; -3.99852 ; 4.06376
3.67198 ; 6.85235 ; -3.80385 ; 4.00747
7.17234 ; 2.74816 ; 4.32942 ; -3.11271
8.88795 ; 7.6295 ; -2.62338 ; 2.32826
6.80777 ; 3.99739 ; 3.78562 ; -4.69699
3.0196 ; 7.7204 ; -2.71786 ; 2.69895
4.51626 ; 3.50166 ; -4.73405 ; 4.8159
8.46215 ; 4.46421 ; 2.25465 ; -5.00619
8.3761 ; 2.64011 ; 2.86411 ; -3.14903
8.19271 ; 4.14637 ; 3.28625 ; -4.71666
7.21582 ; 2.82907 ; 4.26943 ; -3.6356
3.61604 ; 3.32435 ; -3.80058 ; -3.98236
7.2435 ; 3.04582 ; 4.27186 ; -3.88653
5.2073 ; 6.97744 ; -4.93847 ; 4.00121
2.9532 ; 6.57227 ; -2.35928 ; 4.22029
3.33913 ; 7.59244 ; -3.26317 ; 3.02723
6.62776 ; 7.51714 ; 4.67762 ; 3.31103
9.0567 ; 2.07409 ; -0.094763 ; -1.27294
4.49827 ; 1.95103 ; -4.32686 ; -1.60035
7.5906 ; 5.84216 ; 4.07967 ; 4.84026
3.01918 ; 7.25562 ; -2.87007 ; 3.36824
7.80357 ; 7.54637 ; 3.66193 ; 3.18976
3.62717 ; 3.47583 ; -3.77845 ; -3.60114
4.37919 ; 3.61931 ; -3.21259 ; -4.39979
8.21015 ; 3.30464 ; 3.25879 ; -3.98574
3.20681 ; 7.58001 ; -3.04472 ; 3.00361
3.18901 ; 2.49171 ; -3.09064 ; -3.00956
8.36469 ; 3.448 ; 3.01084 ; -4.09971
7.48804 ; 5.97464 ; -4.85937 ; -5.07219
4.34092 ; 7.09968 ; -4.39348 ; 3.83592
8.05953 ; 4.13407 ; 3.46023 ; -4.57968
8.01 ; 7.52099 ; 3.40402 ; 3.18135
4.08002 ; 5.8958 ; 2.71507 ; 4.91664
3.39098 ; 3.51164 ; -3.5515 ; -4.22091
2.72571 ; 2.24805 ; -2.04812 ; -2.35305
3.32046 ; 7.62553 ; -3.20549 ; 2.96882
3.20395 ; 1.99153 ; -2.8781 ; -1.87304
5.36048 ; 6.35302 ; 4.45043 ; 4.56833
8.03405 ; 7.92648 ; 3.25649 ; 2.45282
4.52348 ; 4.13508 ; -4.6909 ; -4.77997
2.80993 ; 7.91966 ; -2.18863 ; 2.18657
7.71397 ; 7.37783 ; 3.80097 ; 3.44503
7.97294 ; 7.6277 ; 3.42218 ; 3.02724
6.69901 ; 1.77956 ; 4.44303 ; 1.08721
7.93344 ; 3.40847 ; 3.63802 ; -4.12778
2.57082 ; 5.0734 ; -0.669245 ; 5.46896
8.22321 ; 2.29161 ; 2.99424 ; -2.64358
8.10318 ; 2.3536 ; 3.18822 ; -2.79613
4.35843 ; 3.15149 ; -4.46789 ; -3.25559
7.40321 ; 7.24609 ; 4.12976 ; 3.64703
3.04138 ; 8.02472 ; -2.60924 ; 2.06699
3.05487 ; 7.7015 ; -2.78583 ; 2.74881
8.01444 ; 2.623 ; 3.39782 ; -3.24086
3.45324 ; 5.8923 ; -3.64952 ; 4.59238
3.06208 ; 7.73586 ; -2.78534 ; 2.69062
3.26749 ; 7.57196 ; -3.17176 ; 3.02347
7.01345 ; 3.14593 ; -5.00928 ; -3.93793
2.95075 ; 7.58798 ; -2.64782 ; 2.89266
8.76607 ; 4.86692 ; 1.4942 ; -5.25195
3.32044 ; 1.75154 ; -2.84262 ; -0.120965
3.13683 ; 3.84896 ; -3.15577 ; -4.24819
3.42628 ; 2.62333 ; -3.45962 ; -3.26945
8.1294 ; 2.55291 ; 3.223 ; -3.10986
3.16951 ; 2.75246 ; -3.12807 ; -3.36896
8.28863 ; 2.59647 ; 2.98894 ; -3.12576
7.78011 ; 6.49042 ; 3.84167 ; 4.21938
3.22318 ; 2.34817 ; -3.08827 ; -2.78306
2.64548 ; 5.53808 ; -1.76835 ; -4.8146
2.7456 ; 2.03344 ; -0.870875 ; -1.58714
4.02896 ; 6.10874 ; -4.15569 ; 0.554883
4.70815 ; 3.83177 ; -4.74148 ; -4.62108
3.54418 ; 3.14798 ; 3.3672 ; 5.38778
2.94221 ; 7.72847 ; -2.56987 ; 2.64935
3.68969 ; 5.81523 ; -3.73951 ; -4.94854
3.45061 ; 2.68194 ; -3.49999 ; -3.35442
2.48221 ; 3.4418 ; -1.45724 ; -4.13419
5.64934 ; 5.43891 ; -4.64736 ; -5.37334
3.34623 ; 7.56315 ; -3.28378 ; 3.06744
3.5693 ; 2.57942 ; -3.47888 ; 2.85121
3.07419 ; 8.22646 ; -2.56394 ; 1.48117
2.58453 ; 8.1739 ; -1.30835 ; 1.24133
7.74322 ; 2.95854 ; 3.79478 ; -3.71487
5.98494 ; 5.04686 ; -5.20235 ; -2.5988
3.40132 ; 2.30299 ; -3.31926 ; -2.75316
6.91393 ; 3.01347 ; 4.50931 ; -3.88319
4.72236 ; 3.06433 ; -4.68846 ; -3.95783
7.25297 ; 3.65612 ; 4.27216 ; -4.44397
4.17677 ; 7.64143 ; -4.201 ; 3.09683
5.83768 ; 6.86362 ; -4.56561 ; 4.10461
3.221 ; 2.82566 ; -3.2183 ; -3.47106
7.66025 ; 5.76484 ; 4.00278 ; 4.66808
8.04407 ; 7.01163 ; 3.47422 ; 3.82261
8.08979 ; 2.61466 ; 3.00777 ; -3.1953
3.70918 ; 4.8805 ; -3.94927 ; -4.85194
5.22741 ; 6.87636 ; -4.70788 ; 4.10697
8.22234 ; 8.50216 ; 2.53489 ; -0.351822
7.40906 ; 6.61494 ; 4.19442 ; 4.30106
2.94323 ; 3.18937 ; -2.7527 ; -3.88299
7.72289 ; 1.80156 ; 3.59563 ; -1.29728
3.03179 ; 7.5348 ; -2.81152 ; 3.01097
8.08879 ; 6.08355 ; 3.49082 ; 4.56211
5.31927 ; 4.18485 ; 2.3497 ; 5.38583
2.29486 ; 2.69706 ; 0.591399 ; -2.97256
8.09165 ; 3.74552 ; 3.46222 ; -4.39876
2.97943 ; 2.21605 ; -2.616 ; -2.42561
3.15901 ; 2.13397 ; -2.90289 ; -2.3295
8.51672 ; 7.96571 ; 2.37799 ; 2.1519
8.13959 ; 2.33119 ; 2.92807 ; 2.68484
8.39272 ; 7.8404 ; 2.69012 ; 2.4981
8.81807 ; 1.95244 ; 1.39136 ; -1.40109
5.00897 ; 2.69462 ; -4.82228 ; -3.50639
7.16098 ; 2.57211 ; 4.27765 ; -3.30588
3.60656 ; 6.96466 ; -3.74137 ; 3.88339
5.09604 ; 3.89144 ; -4.99609 ; -4.71535
8.16262 ; 6.98175 ; 3.32075 ; 3.82955
8.66558 ; 7.02708 ; 2.3972 ; 3.66672
5.57598 ; 6.74069 ; -5.09616 ; 4.1687
8.78725 ; 1.93343 ; -1.55621 ; 2.94383
2.98641 ; 6.28679 ; -2.76621 ; 3.76487
8.87172 ; 8.13845 ; 1.17582 ; 1.31434
2.28244 ; 6.69809 ; -0.146512 ; 3.97176
3.58108 ; 1.99484 ; -3.50557 ; -2.07658
4.82284 ; 7.24035 ; -4.67691 ; 3.69612
4.4046 ; 2.90969 ; -4.44331 ; -3.74632
7.88694 ; 7.75079 ; 3.51637 ; 2.81446
2.91477 ; 7.56858 ; -2.48198 ; 2.91633
8.14303 ; 7.76525 ; 3.14664 ; 2.74256
2.99689 ; 7.88825 ; -2.59636 ; 2.36113
7.94488 ; 8.2265 ; 3.20845 ; -2.12201
6.28163 ; 7.41058 ; 4.74378 ; 3.46763
7.39162 ; 4.54298 ; -4.36353 ; -5.11276
6.45647 ; 7.70841 ; 4.85341 ; 2.7078
6.6623 ; 7.98704 ; -5.45821 ; 1.80866
7.7355 ; 6.7279 ; 3.87461 ; 4.12689
7.31872 ; 2.54782 ; 4.13916 ; -3.2513
7.59869 ; 4.16335 ; 4.04673 ; -4.72462
3.47 ; 5.30122 ; -3.59976 ; -5.16815
7.77771 ; 2.66552 ; 3.69499 ; -3.35328
7.53073 ; 6.82611 ; 4.04873 ; 4.07636
8.62424 ; 7.82967 ; 2.21657 ; 2.38828
4.45798 ; 3.1839 ; -4.4836 ; -4.06455
8.67646 ; 7.91243 ; 2.03491 ; 2.17401
7.16997 ; 3.00866 ; -3.2743 ; -3.59489
7.28248 ; 7.26979 ; 4.22652 ; 3.62776
7.61873 ; 6.66692 ; 3.98217 ; 4.06208
8.6942 ; 6.68137 ; 2.37388 ; 4.06298
7.20515 ; 7.11301 ; -3.64183 ; 3.72461
8.57096 ; 7.86645 ; 2.31775 ; 2.34502
7.89625 ; 1.87617 ; 3.36927 ; -1.43459
8.14662 ; 2.39327 ; 3.14913 ; -2.84048
8.15694 ; 2.9006 ; 3.26947 ; -3.55854
7.47638 ; 7.86908 ; 3.40741 ; 2.01218
4.62619 ; 2.14818 ; 5.25356 ; -1.92981
7.76434 ; 7.22809 ; 3.7648 ; 3.62916
2.50982 ; 5.36212 ; 0.775888 ; -3.23409
3.34579 ; 5.61026 ; -3.49263 ; 4.80508
5.8418 ; 7.728 ; 5.17543 ; 2.86754
2.72683 ; 7.99281 ; -1.92981 ; 1.94941
4.57493 ; 3.39402 ; -4.62224 ; -4.27164
3.27852 ; 3.50859 ; -3.40052 ; -4.20254
7.8957 ; 4.15158 ; 3.71603 ; -4.72679
2.44208 ; 8.22936 ; 0.990014 ; -1.35127
5.6269 ; 2.90266 ; 4.81694 ; -3.74621
5.17098 ; 6.42913 ; -5.19813 ; -4.33729
8.46656 ; 7.72822 ; 2.61101 ; 2.68246
7.68393 ; 4.2886 ; 3.9766 ; -4.77706
7.97348 ; 7.1194 ; 3.53339 ; 3.71889
8.40301 ; 7.64282 ; 2.76497 ; 2.86338
4.09444 ; 2.04473 ; -3.43151 ; -2.2191
2.95692 ; 7.39919 ; -2.72348 ; 3.18746
3.6591 ; 2.51773 ; -3.71431 ; -3.15856
8.16487 ; 5.32155 ; 1.00629 ; 5.27721
8.63745 ; 7.99915 ; 2.07333 ; 1.98808
8.38204 ; 7.64363 ; 2.77534 ; 2.77512
8.93303 ; 4.35107 ; 1.12195 ; -4.88104
8.06027 ; 2.24228 ; 3.22072 ; -2.60417
4.70682 ; 7.271 ; -4.64139 ; 3.65253
3.00241 ; 7.8719 ; -2.61358 ; 2.39879
2.75746 ; 2.61511 ; 2.79888 ; -2.76294
2.99364 ; 5.24372 ; -2.88917 ; 4.55122
6.51822 ; 5.07617 ; 4.92654 ; 5.26377
7.24907 ; 7.42384 ; 4.2259 ; 3.44165
2.66817 ; 8.16593 ; -1.60569 ; 1.37284
2.6449 ; 1.91827 ; -1.55272 ; -1.36298
8.53375 ; 2.57683 ; 2.54895 ; -3.01072
8.54871 ; 2.61645 ; 2.52012 ; -3.07111
4.48974 ; 3.26152 ; -4.58824 ; -4.02077
3.15281 ; 2.69025 ; -3.09118 ; -3.29199
2.83698 ; 7.84263 ; -2.29568 ; 2.37059
8.70916 ; 6.61337 ; 0.849018 ; -5.26381
8.21961 ; 7.35245 ; 3.16129 ; 3.36074
3.76779 ; 3.04182 ; -3.38998 ; -3.82225
8.70424 ; 8.01934 ; 1.88051 ; 1.88115
6.83489 ; 6.95591 ; 4.58209 ; 4.02319
7.71063 ; 6.73296 ; 3.45438 ; 4.15568
8.18723 ; 2.51342 ; 3.12777 ; -3.0251
5.22887 ; 4.73893 ; -5.13236 ; -4.70845
3.54018 ; 2.34531 ; -3.51645 ; -2.86383
3.03095 ; 7.88163 ; -2.65907 ; 2.39237
3.2412 ; 2.94931 ; -3.27853 ; -3.64165
8.11382 ; 2.02486 ; 3.07328 ; -2.07577
7.17754 ; 2.69298 ; 4.25071 ; -3.42852
3.82552 ; 4.44292 ; -4.07385 ; -4.53344
6.54386 ; 6.82637 ; 4.80191 ; 4.16396
8.4386 ; 6.93916 ; 2.87959 ; 3.82994
7.55998 ; 5.79232 ; 4.1129 ; 4.82715
5.53112 ; 6.47142 ; -3.90771 ; 4.46067
4.58095 ; 4.04928 ; -4.70668 ; -4.43484
7.89282 ; 5.75877 ; 3.64423 ; -5.05858
5.4186 ; 3.36208 ; 3.57472 ; -4.22704
7.53397 ; 4.69081 ; 3.95547 ; 4.01283
5.56383 ; 5.71208 ; 3.45181 ; -5.27129
2.62585 ; 7.29242 ; -1.93432 ; 3.25618
6.75888 ; 5.9099 ; 4.71113 ; 2.0257
2.47272 ; 7.11254 ; -1.38204 ; 3.48597
5.84004 ; 8.20251 ; -5.56896 ; -0.10949
