3.21682 ; 2.68427 ; -2.31567 ; 5.14913
3.43721 ; 8.34479 ; -2.84003 ; -0.114153
3.41995 ; 7.30599 ; -3.09756 ; 2.64629
8.89747 ; 8.11948 ; 0.442937 ; 0.713969
2.87889 ; 1.87431 ; 1.20736 ; -0.0487303
8.81433 ; 8.22377 ; 0.653866 ; 0.378095
2.84625 ; 2.21572 ; -1.73007 ; -1.35038
2.85296 ; 8.42994 ; -0.748703 ; -2.54136
4.44457 ; 8.11521 ; -4.32536 ; 1.43881
3.17486 ; 2.29913 ; -2.60216 ; -2.19815
3.51976 ; 2.0374 ; -3.08392 ; 2.93023
8.46287 ; 2.12066 ; -4.45668 ; -0.537719
7.50969 ; 5.43848 ; 3.94763 ; 4.98047
5.45108 ; 7.70591 ; 5.34193 ; 2.40625
5.5695 ; 6.63257 ; -5.11624 ; 4.13032
7.23011 ; 2.72204 ; -5.11725 ; -2.97035
8.07516 ; 6.42029 ; 3.13271 ; 4.227
2.90252 ; 3.04783 ; -2.25438 ; -3.35753
3.10628 ; 2.46838 ; -1.17898 ; 0.73522
4.69439 ; 2.72888 ; 5.26379 ; -2.96406
2.62934 ; 1.92602 ; -0.917938 ; -0.745674
8.76676 ; 2.11444 ; 1.12714 ; -1.37405
3.09673 ; 2.31594 ; -2.41684 ; -2.20172
8.66829 ; 2.39715 ; -4.26959 ; -1.498
7.44078 ; 2.62346 ; 3.74714 ; -2.98024
4.64942 ; 8.29744 ; -4.60669 ; 0.0978981
3.07638 ; 7.66464 ; 2.36926 ; 2.0471
2.30875 ; 7.47527 ; 2.36817 ; 1.67391
8.92268 ; 8.24276 ; 0.0557342 ; 0.04654
7.77187 ; 3.46809 ; -3.86649 ; 6.07543
3.52873 ; 2.27271 ; -3.21753 ; -2.12403
2.60161 ; 7.07395 ; -0.468538 ; 3.29193
3.3821 ; 2.51877 ; -3.04349 ; -2.69883
2.94277 ; 6.55639 ; -1.98356 ; -4.39783
7.60741 ; 6.72885 ; 3.76708 ; 3.97162
2.99809 ; 7.73662 ; -2.20363 ; 2.17681
6.87377 ; 6.49023 ; 4.44907 ; 4.3101
8.03139 ; 7.53089 ; 3.01431 ; 2.77446
8.28974 ; 2.13475 ; 2.36428 ; -1.75269
6.55181 ; 7.28959 ; 4.99803 ; -3.87328
8.12613 ; 8.44818 ; 1.44004 ; -1.86574
8.22247 ; 2.18201 ; 2.23318 ; -1.86618
8.86053 ; 8.09972 ; -3.58069 ; -0.749957
8.81299 ; 7.09569 ; 1.3099 ; 3.28975
8.22433 ; 1.86288 ; 2.31066 ; 0.931553
8.06892 ; 7.39884 ; 2.89753 ; 2.97638
2.61963 ; 7.9347 ; -1.05271 ; 1.42761
8.04008 ; 7.3959 ; 3.02482 ; 2.62722
7.54069 ; 6.17266 ; 3.87292 ; 4.34968
2.62609 ; 8.18079 ; -0.797229 ; 0.578094
7.97706 ; 7.16522 ; 3.19348 ; 3.37574
2.59626 ; 8.12287 ; -0.758985 ; 0.772874
8.50147 ; 7.68222 ; 2.07189 ; 2.3135
8.74162 ; 2.02947 ; 1.13292 ; -1.1262
3.25512 ; 4.22051 ; 2.61409 ; 5.66625
7.93554 ; 1.69535 ; 2.88686 ; -0.0923424
2.96759 ; 8.13703 ; -1.90401 ; 1.03318
8.10257 ; 2.1882 ; 2.75076 ; -1.96061
2.80943 ; 8.04432 ; -1.54756 ; 1.26603
3.32944 ; 2.53559 ; -2.96137 ; -2.72092
3.2279 ; 7.86289 ; 5.19299 ; 1.00599
8.69555 ; 7.9054 ; 1.43261 ; 1.65366
8.26765 ; 2.15656 ; 2.4219 ; -1.81866
4.73996 ; 7.51917 ; -4.62511 ; 2.88038
2.51698 ; 1.76956 ; -0.0580109 ; 0.341016
6.19685 ; 2.14518 ; 4.68127 ; -1.98228
3.18657 ; 7.263 ; -2.75125 ; 3.11386
3.18623 ; 7.80994 ; -2.48573 ; 2.09249
7.95619 ; 7.62592 ; 3.12002 ; 2.62009
8.15148 ; 2.57784 ; 2.59301 ; 3.0226
4.97648 ; 7.48833 ; -4.81082 ; 2.94559
5.20374 ; 6.98716 ; 5.08598 ; 3.7136
2.98408 ; 7.79045 ; -2.14405 ; 2.05104
6.31367 ; 3.78023 ; 5.14108 ; 5.32257
8.06341 ; 3.6045 ; 3.11425 ; -3.76093
2.70104 ; 1.97117 ; -1.2244 ; -1.00216
2.92702 ; 7.21789 ; -2.24342 ; 3.0994
3.54176 ; 7.1517 ; -3.34262 ; 3.27276
2.90219 ; 7.45134 ; -1.83794 ; 2.70756
2.70212 ; 3.15361 ; -1.65001 ; -3.57514
3.06384 ; 3.62435 ; -2.37615 ; 4.35249
3.03905 ; 2.01876 ; -2.18122 ; -1.40903
7.96728 ; 2.41891 ; 3.06272 ; -2.46089
8.4339 ; 7.83128 ; 2.15837 ; 2.01055
2.9237 ; 2.33803 ; -2.09253 ; -2.15808
5.44282 ; 7.00902 ; -4.80385 ; 3.71963
3.59713 ; 2.12959 ; -3.27945 ; -1.91764
4.27693 ; 3.22433 ; -4.05104 ; -2.84666
4.13946 ; 1.97818 ; -4.11423 ; 2.53691
8.72282 ; 1.98274 ; 1.14651 ; -0.989363
8.25147 ; 2.0479 ; 2.40248 ; -1.53198
6.96815 ; 5.90742 ; 1.89533 ; 4.7872
2.95813 ; 7.20064 ; -2.1883 ; 3.07766
2.39142 ; 7.75281 ; -0.0407648 ; 1.7553
8.6318 ; 7.97512 ; -3.57038 ; 0.684255
2.65227 ; 1.95351 ; -1.04019 ; -0.878837
6.84597 ; 5.24642 ; 4.68995 ; -5.30799
7.75347 ; 8.25871 ; 3.28439 ; 0.0381031
6.85888 ; 7.57446 ; -5.11146 ; 2.60062
2.76078 ; 2.37437 ; -1.69776 ; -2.16536
8.55983 ; 1.98755 ; 1.64516 ; -1.15428
3.15897 ; 7.896 ; -2.46178 ; 1.88537
6.50568 ; 7.33568 ; -3.45051 ; 2.85852
3.63498 ; 6.16033 ; -3.50944 ; -3.90582
8.02159 ; 4.42237 ; 3.23327 ; -4.82322
8.5288 ; 8.01826 ; 1.81591 ; 1.45498
5.26465 ; 1.80311 ; -4.46126 ; 0.577298
8.6446 ; 3.2204 ; 1.91338 ; -3.6146
3.40077 ; 4.11795 ; -2.13543 ; -4.71349
3.15083 ; 4.23927 ; -2.82712 ; -4.72704
3.9755 ; 3.88163 ; -3.97199 ; -1.66159
6.15019 ; 3.18222 ; 4.8907 ; -3.86693
2.85465 ; 2.80944 ; -2.09827 ; -3.03882
3.10232 ; 7.04773 ; -2.52859 ; 3.43299
4.62119 ; 2.49164 ; 5.18933 ; -2.5713
3.30329 ; 2.78477 ; -2.98136 ; -3.13166
2.90568 ; 7.95165 ; -1.86836 ; 1.60971
8.63075 ; 6.60593 ; 1.98533 ; 4.01418
3.17916 ; 7.92289 ; -2.07847 ; -4.41993
8.46594 ; 3.39437 ; 2.37148 ; -3.84038
3.34506 ; 2.15395 ; -2.83496 ; -1.92008
6.96557 ; 3.22482 ; 4.41475 ; -3.85454
7.46834 ; 4.32202 ; -5.04621 ; -5.04157
4.7146 ; 1.92143 ; 5.07605 ; 2.83549
7.0576 ; 4.39571 ; 4.43388 ; -4.9562
8.2221 ; 7.26025 ; 2.46278 ; -3.50957
2.77616 ; 2.62875 ; -1.70103 ; -2.66035
8.84194 ; 8.13245 ; 0.675628 ; 0.744588
7.95069 ; 8.45341 ; 2.87831 ; -1.08058
7.79016 ; 1.87698 ; 3.19912 ; -1.00083
2.93546 ; 7.98184 ; -1.92432 ; 1.53774
2.80801 ; 6.319 ; -1.33399 ; -5.74055
8.55572 ; 1.96389 ; 1.63777 ; -1.07807
9.00059 ; 2.61162 ; 0.431662 ; -2.4855
4.83807 ; 7.71186 ; -4.59208 ; 2.39024
6.09663 ; 6.71229 ; -5.07635 ; 4.11164
8.51598 ; 2.3086 ; 1.96399 ; -2.05663
3.30025 ; 2.1877 ; -2.76398 ; -1.98645
2.97035 ; 2.24362 ; -2.14715 ; -1.98478
2.43131 ; 2.2669 ; -0.414767 ; -1.67538
3.11886 ; 6.91547 ; -2.69869 ; 3.59833
2.39814 ; 2.11954 ; -0.0244976 ; -1.16935
4.27027 ; 2.89042 ; -4.23935 ; -3.44536
3.18041 ; 6.00596 ; -2.38789 ; -5.51886
2.6443 ; 7.57574 ; -1.34521 ; 2.34941
3.02952 ; 3.76445 ; -2.37017 ; 3.40982
5.82002 ; 2.39951 ; 4.7342 ; -2.56391
8.40784 ; 2.67435 ; 2.35146 ; -2.83454
8.55861 ; 8.36844 ; 1.41843 ; -0.107818
8.927 ; 8.11477 ; 0.301717 ; 0.684821
7.07102 ; 6.42742 ; 4.34269 ; 4.37035
3.71621 ; 5.34716 ; -3.60019 ; 5.1613
8.82747 ; 8.2279 ; 0.59012 ; 0.337565
8.39652 ; 3.95383 ; -3.2779 ; 2.22688
2.89213 ; 2.30226 ; -2.00343 ; -2.07429
2.71638 ; 2.72532 ; -1.70004 ; -2.83403
8.77816 ; 7.65254 ; 0.781911 ; 0.869666
3.73597 ; 6.9536 ; -3.61791 ; 3.66762
2.58765 ; 7.98665 ; -0.886823 ; 1.23472
8.50759 ; 6.9014 ; 2.28458 ; 3.62575
2.78009 ; 1.92268 ; -1.4331 ; -0.901446
7.87896 ; 7.293 ; 3.24342 ; -0.988195
2.98855 ; 3.75324 ; -1.97553 ; 5.53254
3.54874 ; 2.54881 ; -3.30727 ; -2.79935
3.84301 ; 2.3846 ; -3.61951 ; -2.53996
3.04774 ; 3.44415 ; 3.66587 ; -2.2142
8.75064 ; 7.51149 ; -1.77539 ; -5.6898
8.04414 ; 2.08698 ; 2.78998 ; -1.7223
2.6441 ; 1.66136 ; 0.016656 ; 2.20778
8.69957 ; 8.11607 ; -4.41727 ; -1.79945
8.78484 ; 2.47183 ; -3.17799 ; -2.04273
2.66297 ; 1.94021 ; -1.06311 ; -0.84414
3.654 ; 7.59413 ; -3.36573 ; 2.67798
4.56721 ; 5.88638 ; -4.52704 ; 4.50128
2.93205 ; 2.21218 ; -2.03729 ; -1.88004
6.83998 ; 6.68894 ; 3.89819 ; 4.043
7.10607 ; 7.26887 ; 4.20193 ; 3.33467
8.73377 ; 2.09374 ; 1.21771 ; -1.34181
6.8592 ; 7.38557 ; 4.48517 ; 2.78622
5.20911 ; 6.03471 ; 4.52478 ; -5.53822
8.68257 ; 2.93369 ; 1.51749 ; -3.1608
8.40785 ; 8.35215 ; 1.8858 ; 0.176707
3.39252 ; 7.1486 ; -3.12364 ; 3.34687
2.75139 ; 7.87914 ; -1.51122 ; 1.69456
3.10359 ; 7.2699 ; -2.5738 ; 3.07953
7.31706 ; 5.64155 ; 4.06292 ; -1.61194
8.31166 ; 6.9831 ; 2.6692 ; 3.55907
8.61442 ; 2.56216 ; 1.79772 ; -2.55214
8.43465 ; 7.65448 ; 2.23668 ; 2.40163
3.49909 ; 7.81134 ; -3.08464 ; 2.20325
8.69359 ; 2.40535 ; -3.43838 ; -1.86327
4.2992 ; 2.80158 ; -4.0731 ; -3.23275
8.41964 ; 7.48111 ; 2.33663 ; 2.7328
3.17574 ; 7.14118 ; -2.76022 ; 3.30217
8.1033 ; 3.77213 ; 2.87212 ; 5.39881
6.77945 ; 7.21094 ; 4.47776 ; 3.43293
2.61547 ; 8.13539 ; -0.816468 ; 0.747733
3.02572 ; 8.37769 ; -1.82324 ; -0.877912
8.82578 ; 2.07566 ; 0.876831 ; -1.19776
8.83292 ; 7.87876 ; 0.996417 ; 1.61467
2.41773 ; 8.32881 ; 1.0445 ; -1.13336
8.76714 ; 1.86981 ; 0.852211 ; -0.481644
8.17213 ; 2.83525 ; 2.47603 ; 5.19311
4.76133 ; 2.38288 ; -4.62496 ; -2.58859
8.8147 ; 8.14985 ; 0.764678 ; 0.712394
8.66128 ; 7.63936 ; 1.69192 ; 2.32821
8.9004 ; 1.80876 ; 0.0804193 ; 0.126504
8.3174 ; 2.27176 ; 2.3452 ; -2.06837
2.37978 ; 2.05058 ; 2.22494 ; -0.36742
6.34923 ; 1.88915 ; 5.0438 ; 2.05167
2.84298 ; 8.12322 ; -1.57193 ; 1.03378
4.41291 ; 5.0899 ; -4.26885 ; 5.12564
4.03996 ; 8.10232 ; -3.80445 ; 1.52822
3.33964 ; 6.38154 ; -3.14197 ; 4.23574
7.46048 ; 8.28027 ; 3.51974 ; 0.799079
6.62225 ; 7.53579 ; 4.69712 ; 2.85099
8.26397 ; 8.04679 ; 2.41298 ; 1.52244
8.55324 ; 1.96067 ; 1.63818 ; -1.07199
8.74961 ; 8.0524 ; 1.12993 ; 1.15948
8.39351 ; 7.58283 ; 2.33986 ; 2.56332
8.69279 ; 7.96556 ; 1.39719 ; 1.4884
5.06996 ; 2.42213 ; -4.85107 ; -2.65271
2.55823 ; 8.06867 ; -0.676932 ; 0.926667
4.46084 ; 7.31114 ; -4.35952 ; 3.26791
3.1261 ; 2.78484 ; -2.66174 ; -3.0389
3.35867 ; 7.75165 ; -2.88808 ; 2.29274
5.36109 ; 7.74144 ; -4.80689 ; 2.45223
8.16053 ; 2.7098 ; 2.8299 ; -2.96897
3.25746 ; 7.70589 ; -2.73463 ; 2.27397
4.594 ; 2.29859 ; -4.35612 ; -2.41075
3.84405 ; 4.27147 ; 5.01601 ; -5.10398
7.91797 ; 6.57806 ; 3.24063 ; -4.02034
7.64334 ; 4.05281 ; 3.76242 ; -4.58797
5.03888 ; 7.57997 ; -4.42121 ; 2.79874
7.71388 ; 4.67541 ; 3.6808 ; -4.78065
7.18086 ; 4.41782 ; 4.28464 ; -4.53882
8.80337 ; 1.98803 ; 0.867596 ; -0.918764
6.23577 ; 2.36125 ; 4.72285 ; -2.51584
5.35976 ; 2.54562 ; 4.23242 ; -2.82599
8.33731 ; 8.01732 ; 2.25188 ; 1.56802
2.48396 ; 8.22571 ; -0.0452043 ; 0.0981306
8.75208 ; 2.04746 ; 0.983453 ; -0.749111
2.80401 ; 2.04095 ; -1.61199 ; -1.32196
2.64536 ; 4.26489 ; 1.81049 ; -4.99597
4.94669 ; 7.52119 ; 3.04035 ; 2.8064
8.21093 ; 2.26548 ; 2.58183 ; -2.08433
2.4675 ; 4.75325 ; -0.108854 ; -5.37111
8.63682 ; 2.22773 ; 1.60871 ; -1.79311
2.52396 ; 8.27236 ; -0.158113 ; -0.0812145
7.15398 ; 2.3158 ; 4.08879 ; 0.565556
4.20811 ; 3.17667 ; -4.17991 ; -3.81859
5.92212 ; 2.78675 ; 4.31847 ; -3.28683
8.63798 ; 2.3662 ; 1.6846 ; -2.12096
8.23833 ; 3.14543 ; -2.94874 ; -3.54372
3.80821 ; 3.04044 ; 4.1503 ; -3.53646
2.29313 ; 2.68941 ; 0.24696 ; -2.58891
8.82463 ; 1.8668 ; 0.604566 ; -0.368203
7.14837 ; 3.70433 ; 4.3145 ; 3.99986
7.99788 ; 3.92058 ; 3.25853 ; -4.42531
8.21586 ; 7.85413 ; 2.35399 ; -3.36126
3.80981 ; 2.22782 ; -3.55525 ; -2.20382
4.20688 ; 4.12106 ; -4.22746 ; -0.541604
2.95745 ; 7.94924 ; -1.99521 ; 1.64635
8.66735 ; 2.41655 ; 1.63026 ; -2.21418
2.67615 ; 2.12531 ; -1.29148 ; -1.47768
3.53796 ; 2.43352 ; -3.25973 ; -2.58309
3.65494 ; 2.26744 ; -3.30024 ; -2.25791
2.57723 ; 8.13205 ; -0.671988 ; 0.711328
8.90164 ; 8.30452 ; 0.00615084 ; -0.320331
8.74469 ; 7.21287 ; 1.56085 ; 3.11865
4.3826 ; 6.74379 ; -4.07944 ; 4.00002
5.39748 ; 6.80612 ; 5.30416 ; 3.95472
8.72766 ; 1.9834 ; 1.1224 ; -0.989139
2.7264 ; 8.17055 ; -1.1713 ; 0.743658
6.68089 ; 2.65487 ; -5.33365 ; -2.91681
7.86723 ; 2.48973 ; 3.23138 ; -2.67095
4.89682 ; 7.49923 ; 5.17299 ; 2.79325
3.33609 ; 5.64012 ; 1.3291 ; 4.98033
8.11866 ; 7.81658 ; 2.54576 ; -3.74516
2.7435 ; 6.51138 ; -0.73682 ; 4.11772
3.65497 ; 2.47121 ; -3.39162 ; -2.41984
8.94138 ; 8.2736 ; -0.168555 ; -0.220164
8.29045 ; 7.95329 ; 2.40149 ; 1.77151
2.47046 ; 1.83073 ; 2.26614 ; 1.81169
2.96648 ; 7.58052 ; -2.20146 ; 2.43443
7.33975 ; 7.04458 ; 4.005 ; 3.51446
3.36953 ; 7.53052 ; -2.98443 ; 2.65445
8.36508 ; 2.7198 ; -4.18363 ; -2.74506
8.61508 ; 8.44471 ; 0.930049 ; -1.1282
8.12547 ; 4.42308 ; 3.02156 ; -4.65774
3.35811 ; 4.71478 ; -3.15477 ; -2.16955
8.62412 ; 7.26847 ; -2.72577 ; 2.98215
2.59466 ; 8.29548 ; -0.468568 ; -0.071514
2.50472 ; 8.23008 ; -0.152467 ; 0.122062
8.79589 ; 8.04918 ; 0.966951 ; 1.11769
2.89917 ; 2.38096 ; -1.99255 ; -2.25821
6.03799 ; 7.56882 ; 4.85163 ; 2.51552
8.8407 ; 8.18935 ; 0.594505 ; 0.499623
2.63809 ; 2.21746 ; -1.18339 ; -1.71417
8.00061 ; 2.1686 ; -5.35888 ; 4.19368
2.46638 ; 1.83119 ; 0.0851898 ; 0.0534691
8.43264 ; 2.37144 ; 2.16149 ; -2.22191
8.46103 ; 6.24251 ; 2.37312 ; 2.01938
7.80206 ; 4.14964 ; 2.0758 ; 5.55899
2.83247 ; 8.0707 ; -1.58771 ; 1.20323
2.65353 ; 4.26239 ; -0.909283 ; -4.88054
2.97857 ; 7.6809 ; -2.17429 ; 2.288
8.72104 ; 1.86525 ; 1.01683 ; -0.523285
4.03989 ; 7.9206 ; -3.83574 ; 2.04818
2.70499 ; 3.00926 ; -1.7537 ; -3.2634
8.20044 ; 1.84102 ; 2.41831 ; -0.373435
8.45459 ; 7.74588 ; 1.29633 ; 2.12201
2.32353 ; 2.58813 ; 0.335454 ; -2.42741
5.66394 ; 6.86072 ; -5.40191 ; -0.344057
8.03794 ; 2.24675 ; 2.88021 ; -1.45831
7.37515 ; 6.84881 ; 3.80108 ; 3.82982
3.01273 ; 2.00612 ; 0.538223 ; 3.41061
3.05273 ; 8.47775 ; -1.72757 ; -2.22548
8.80778 ; 5.85232 ; -0.0277566 ; -5.89651
4.10247 ; 2.83083 ; -4.06304 ; -3.34223
8.25076 ; 2.4299 ; -5.28407 ; 4.2181
2.56304 ; 1.86093 ; -0.531504 ; -0.344007
8.80817 ; 1.9708 ; 0.828359 ; -0.84859
8.48381 ; 2.55534 ; 2.14556 ; -2.58704
2.63503 ; 8.23872 ; -0.747881 ; 0.317645
6.82157 ; 8.19088 ; 4.52989 ; 1.07495
8.9334 ; 4.74411 ; -1.30204 ; -5.3147
7.67453 ; 1.95336 ; 3.38801 ; -1.27629
8.2327 ; 7.31371 ; 2.65949 ; 1.56661
7.4895 ; 1.84369 ; 3.68884 ; 2.52248
8.58638 ; 2.10789 ; 1.66629 ; -1.49502
2.79156 ; 7.68993 ; -1.72366 ; 2.17479
8.54936 ; 8.04984 ; 1.7402 ; 1.34372
9.06985 ; 3.06176 ; -1.91802 ; -3.32522
7.57414 ; 6.35174 ; 3.79991 ; -3.64719
7.60771 ; 2.53981 ; -2.64972 ; -2.5624
5.81376 ; 8.13279 ; -5.55052 ; -1.23731
7.92587 ; 2.5769 ; 3.03776 ; 4.29131
2.70367 ; 8.04222 ; -1.23161 ; 1.18192
8.71734 ; 7.97614 ; 1.31218 ; 1.43385
4.82638 ; 3.45596 ; -4.72374 ; -4.15011
3.47946 ; 8.02233 ; -2.99847 ; 1.6621
2.95156 ; 7.87157 ; -2.02657 ; 1.84018
6.62984 ; 2.89754 ; 4.4142 ; -3.46598
2.74675 ; 6.04027 ; -1.86608 ; 4.46932
3.58377 ; 4.86181 ; -3.52918 ; 5.01009
3.27209 ; 2.60009 ; 4.13211 ; -2.56834
8.59231 ; 8.06123 ; 1.61412 ; 1.27558
8.66992 ; 8.18524 ; 1.25895 ; 0.744957
3.43856 ; 2.10424 ; -2.9924 ; -1.82494
8.8884 ; 1.84894 ; 0.249896 ; -0.150531
2.54024 ; 1.85778 ; -0.411993 ; -0.283911
2.6903 ; 4.55406 ; -0.308215 ; 5.83748
6.69851 ; 5.28589 ; 4.79838 ; 5.23818
8.43679 ; 5.27219 ; 2.31242 ; -5.28678
4.61003 ; 2.30422 ; -4.48202 ; -2.42215
2.97754 ; 7.78686 ; -2.1327 ; 2.05317
2.7084 ; 2.64328 ; -1.58433 ; -2.7166
2.9116 ; 7.91685 ; -1.90021 ; 1.7044
3.41843 ; 3.17503 ; -2.95515 ; 5.04874
4.50708 ; 7.71542 ; -4.32583 ; 1.55011
6.54289 ; 4.35339 ; 4.97389 ; 5.44956
8.13979 ; 3.50846 ; 3.00574 ; -4.02925
3.17896 ; 7.61057 ; -2.62598 ; 2.50848
8.35544 ; 2.39089 ; 2.34902 ; -2.30949
3.32269 ; 8.40808 ; -2.56837 ; -0.139444
8.65757 ; 7.385 ; 1.80765 ; 2.80922
8.6453 ; 7.89085 ; 1.5917 ; 1.73088
7.96698 ; 3.08545 ; 3.21534 ; -3.51556
8.63724 ; 7.74458 ; 1.63273 ; 2.10371
8.45527 ; 2.08717 ; 1.98422 ; -1.50296
8.86611 ; 8.0884 ; 0.633325 ; 0.883852
8.6365 ; 2.50404 ; -3.63584 ; -2.15777
3.37841 ; 3.8258 ; 3.21599 ; 6.06943
5.48053 ; 4.85309 ; -4.21254 ; -5.28021
7.00583 ; 7.86223 ; 4.28501 ; 2.22881
8.27089 ; 3.28923 ; 2.74357 ; -3.75309
2.53093 ; 8.15517 ; -0.431479 ; 0.542831
7.74795 ; 8.0689 ; 3.30866 ; 1.57071
6.90834 ; 5.86188 ; 4.59599 ; -5.25913
8.13977 ; 2.13316 ; 2.6616 ; -1.80982
8.24287 ; 1.58988 ; 2.09207 ; 1.43959
8.32382 ; 6.32843 ; 2.70667 ; 4.27064
8.30861 ; 8.38763 ; 1.94018 ; -2.35183
7.74834 ; 7.58214 ; 3.41436 ; 2.72969
2.92188 ; 2.3725 ; -2.10537 ; -2.24651
2.76789 ; 7.88681 ; -1.55118 ; 1.68478
2.79736 ; 2.21524 ; -1.71573 ; -1.81682
8.62347 ; 2.42956 ; -3.61023 ; -1.95071
2.35205 ; 6.96091 ; 0.425268 ; 3.40038
2.84915 ; 2.6479 ; -2.03896 ; -2.76118
8.37649 ; 2.02003 ; 2.11958 ; -1.3833
3.90031 ; 7.58776 ; -3.71436 ; 2.74099
6.27888 ; 2.33003 ; 4.8625 ; -2.44484
7.54153 ; 7.25202 ; 3.74797 ; 3.29855
3.15568 ; 2.36616 ; -2.59331 ; -2.32946
5.9643 ; 4.2249 ; -5.40925 ; 5.68497
4.75234 ; 8.2568 ; -4.73258 ; 0.197526
2.43329 ; 1.97954 ; 0.13178 ; -0.492252
2.3711 ; 2.21407 ; 0.103703 ; -1.4531
8.74663 ; 7.88534 ; 1.2923 ; 1.6699
8.37175 ; 1.97263 ; 2.11177 ; -1.18531
3.90027 ; 3.44176 ; -3.90755 ; -4.09302
8.05844 ; 3.42031 ; 3.0037 ; 0.566471
6.91753 ; 1.91372 ; 4.35936 ; -1.24613
8.37218 ; 6.56428 ; 2.60289 ; 4.04984
3.03406 ; 7.51459 ; -2.37728 ; 2.64176
8.78663 ; 2.02511 ; 0.970372 ; -1.06924
7.77615 ; 6.78538 ; 3.53681 ; 3.8731
8.37096 ; 2.27345 ; 2.2666 ; -1.94756
4.08312 ; 7.84629 ; 2.79569 ; 1.84371
2.58041 ; 5.56714 ; 0.0718274 ; -5.8348
7.9723 ; 7.7276 ; 2.85862 ; 2.39046
2.55481 ; 7.86221 ; -0.864765 ; 1.5868
3.73895 ; 6.91364 ; -3.66278 ; 3.73387
2.69497 ; 2.42843 ; -1.33736 ; -1.43372
3.2982 ; 2.35362 ; -2.85098 ; -2.35462
3.27656 ; 6.47634 ; -2.7865 ; -5.20818
2.59184 ; 8.15954 ; -0.691368 ; 0.621126
8.59706 ; 7.93437 ; 1.69204 ; 1.64851
3.83546 ; 7.65246 ; -3.65606 ; 2.36132
8.20483 ; 6.46384 ; 2.84145 ; 1.89885
8.66027 ; 3.23928 ; 0.35867 ; 5.58347
2.98152 ; 5.603 ; -2.4515 ; 4.76353
3.89645 ; 3.5808 ; -3.74053 ; -4.22168
2.78966 ; 7.73535 ; -1.7022 ; 2.04186
8.13424 ; 7.11587 ; 2.95732 ; 3.41115
6.83773 ; 2.21718 ; 4.17002 ; -2.2107
8.16082 ; 6.86085 ; 2.95371 ; 3.70289
3.73225 ; 2.0172 ; -3.45078 ; -1.64562
2.83064 ; 1.84988 ; -1.52227 ; -0.63903
8.00977 ; 1.59431 ; 2.62659 ; 1.41288
7.99928 ; 1.62671 ; 2.69193 ; 1.93967
5.30266 ; 1.93372 ; -4.77757 ; -1.13819
2.75737 ; 7.79209 ; -1.58475 ; 1.90945
7.76196 ; 5.95862 ; 3.56126 ; -5.29351
4.21074 ; 2.7759 ; -4.07635 ; -3.26411
7.9657 ; 2.15507 ; 2.97606 ; -1.92011
2.63962 ; 7.98328 ; -1.0767 ; 1.30487
3.09731 ; 1.78846 ; -2.19289 ; -0.435852
6.42455 ; 8.33188 ; 5.03851 ; -1.07961
7.9607 ; 3.33645 ; 3.10526 ; 4.26357
7.49884 ; 8.35936 ; 3.52621 ; -0.519771
3.02997 ; 2.37337 ; -2.34365 ; -2.29502
6.95195 ; 5.91273 ; 4.58855 ; -5.4344
8.24786 ; 2.41245 ; 2.39204 ; -2.37166
2.6444 ; 7.97703 ; -1.09133 ; 1.32179
8.51024 ; 7.68116 ; 2.05604 ; 2.30891
3.521 ; 2.33941 ; -3.20431 ; -2.38253
2.75728 ; 2.17404 ; -1.57835 ; -1.68258
4.86751 ; 6.13091 ; -4.86496 ; 4.63191
8.81438 ; 7.46055 ; -1.06551 ; 2.53881
8.51279 ; 5.99585 ; 2.08603 ; -2.45232
8.41999 ; 7.39394 ; 2.36197 ; 2.89281
3.31265 ; 2.01603 ; -2.7306 ; -1.53698
4.85884 ; 6.91314 ; -1.38218 ; 3.76366
3.11895 ; 2.12248 ; -2.41184 ; -1.7546
8.87122 ; 2.11296 ; 0.725592 ; -1.27148
2.7863 ; 4.62956 ; 3.56319 ; -5.17787
6.03422 ; 7.76243 ; 5.03417 ; 2.38508
2.66578 ; 8.06754 ; -1.08127 ; 1.0588
2.95809 ; 7.83955 ; -2.0605 ; 1.92237
8.34622 ; 8.03732 ; 2.24607 ; 1.5036
3.70882 ; 7.75474 ; -3.46084 ; 2.30001
4.63113 ; 4.50353 ; -4.66493 ; -3.54741
3.33618 ; 2.47148 ; 0.187398 ; -2.4441
6.62648 ; 7.72699 ; 4.38182 ; -0.162168
6.90507 ; 2.69389 ; -0.341475 ; -3.04183
2.51957 ; 7.87081 ; -0.724858 ; 1.52787
3.6373 ; 2.07515 ; -3.30602 ; -1.79931
2.59903 ; 8.23913 ; -0.5933 ; 0.261326
2.83933 ; 1.89095 ; -1.57958 ; -0.833724
4.10308 ; 8.02377 ; -3.90221 ; 1.7295
5.50305 ; 7.54059 ; -5.46296 ; -1.93901
3.02784 ; 5.45801 ; -2.56549 ; 3.46487
8.93533 ; 3.45158 ; -0.256821 ; -3.97751
2.46577 ; 8.24011 ; 0.108443 ; -0.033252
8.63832 ; 6.54805 ; 1.99033 ; 4.07019
2.91592 ; 2.19574 ; -1.99668 ; -1.83938
2.81902 ; 1.9939 ; -1.6144 ; -1.19166
8.64038 ; 1.9834 ; 1.41153 ; -1.07391
8.09923 ; 3.71317 ; 2.86583 ; 5.2419
2.87279 ; 2.31112 ; 3.68875 ; -1.63061
3.11498 ; 2.67664 ; -2.61106 ; -2.84228
8.15297 ; 6.65558 ; 2.99428 ; 3.96997
3.22736 ; 6.35826 ; -2.73295 ; -4.37664
2.7095 ; 2.63692 ; -1.66969 ; -2.69222
8.3189 ; 2.29085 ; -4.13141 ; -1.58453
6.45426 ; 2.76307 ; 1.16563 ; 5.09377
3.05737 ; 1.89256 ; -2.16287 ; -0.965535
3.31625 ; 5.47244 ; -3.11931 ; 4.74268
5.49085 ; 7.22633 ; -5.06703 ; -2.56462
3.26926 ; 7.12368 ; -2.86466 ; 2.27882
2.62561 ; 2.15685 ; -1.14712 ; -1.53002
8.66971 ; 1.93153 ; 1.26912 ; -0.859063
7.94537 ; 5.89694 ; 3.26885 ; -2.9836
5.62985 ; 7.32152 ; 5.05475 ; 3.22049
2.29441 ; 7.20657 ; 1.3797 ; 2.95543
8.71033 ; 2.22128 ; 1.38892 ; -1.71282
7.82001 ; 2.79543 ; 3.34526 ; -3.18809
7.90547 ; 3.37533 ; 3.32304 ; -3.51294
8.59382 ; 7.99015 ; 1.66154 ; 1.49282
3.43263 ; 7.75539 ; -2.07619 ; 2.20594
2.48457 ; 1.83634 ; -0.0486736 ; -0.0298178
7.83063 ; 7.52869 ; 3.33937 ; 2.8239
3.26659 ; 3.44505 ; -2.64128 ; 1.00504
2.66169 ; 1.98865 ; -1.11358 ; -1.01922
8.77564 ; 2.33951 ; 1.2601 ; -1.95943
7.44616 ; 7.47216 ; 3.85813 ; 2.97661
8.33363 ; 1.79603 ; 2.09024 ; -0.494144
6.3834 ; 8.11262 ; 4.41286 ; 1.04546
8.48965 ; 2.08002 ; 1.88002 ; -1.49105
3.027 ; 7.78102 ; -2.22813 ; 2.09152
8.03642 ; 7.80421 ; 2.91939 ; 1.52482
8.84834 ; 8.15695 ; 0.611969 ; 0.632838
7.82325 ; 2.02229 ; 3.17225 ; -1.59755
8.09291 ; 8.02456 ; 2.76506 ; 1.64773
2.72437 ; 8.18902 ; -1.14332 ; 0.666581
6.96722 ; 6.26125 ; -5.31786 ; 4.54441
3.48093 ; 1.64018 ; -2.94495 ; 0.835136
4.33527 ; 4.86683 ; 5.07107 ; -4.92544
8.08939 ; 6.58416 ; 3.10458 ; 4.05787
8.70629 ; 7.96754 ; -4.42891 ; -1.58155
4.9814 ; 7.60328 ; 5.41433 ; 2.55907
2.41235 ; 7.07894 ; 2.88322 ; 3.05602
8.34476 ; 8.40273 ; 1.87749 ; -0.475411
3.2398 ; 7.19935 ; -2.65743 ; -1.97243
8.37766 ; 2.74343 ; 2.40382 ; -2.96774
8.21653 ; 6.87567 ; 2.62753 ; -2.94332
7.65017 ; 6.73837 ; 3.16058 ; 3.92143
4.34442 ; 2.84088 ; -4.2367 ; -3.37201
7.63176 ; 7.06752 ; 3.32886 ; 3.54793
2.68805 ; 2.01412 ; -1.22975 ; -1.1387
7.1419 ; 6.8849 ; 4.08248 ; 3.8406
8.594 ; 3.11142 ; 1.68375 ; -3.44362
3.5711 ; 2.59553 ; -3.1484 ; -2.77627
3.9445 ; 2.4107 ; -3.81598 ; -2.60707
8.73819 ; 2.33106 ; 1.37385 ; -1.9666
6.04086 ; 7.55443 ; 4.92222 ; 2.81688
6.90435 ; 2.6319 ; 4.40806 ; -3.00875
7.64651 ; 7.01123 ; 3.67441 ; 3.64403
3.31971 ; 2.36026 ; -2.74753 ; -2.36291
7.30921 ; 7.96687 ; 4.01538 ; 1.03676
8.93541 ; 2.55119 ; -2.09494 ; -2.23472
5.02912 ; 7.4009 ; -4.6957 ; 3.10367
3.61267 ; 7.0387 ; -3.30684 ; 3.47492
2.49522 ; 8.13647 ; -0.288311 ; 0.563383
7.46938 ; 3.00493 ; 3.84873 ; -3.37345
7.82579 ; 2.69874 ; 3.34858 ; -3.03947
2.83283 ; 7.65279 ; -1.86032 ; 2.26807
6.27094 ; 3.3072 ; -5.49837 ; -3.87605
8.54096 ; 7.51733 ; 1.13234 ; 2.5612
4.4081 ; 3.27163 ; -4.47049 ; 3.93657
7.17032 ; 7.76279 ; 4.1617 ; 2.17758
7.5495 ; 5.38568 ; 3.83747 ; 2.81214
3.16677 ; 2.2499 ; -2.56091 ; -2.06693
3.64456 ; 7.36279 ; -3.43619 ; 3.07999
3.18517 ; 8.47401 ; -2.18539 ; -0.709398
8.25919 ; 8.44018 ; 2.13302 ; -0.325818
2.58659 ; 8.10597 ; -0.740941 ; 0.824731
2.53031 ; 8.11689 ; -0.488998 ; 0.703212
8.80308 ; 2.10495 ; 0.989705 ; -1.31253
8.62021 ; 1.98279 ; 1.47147 ; -1.08623
2.97457 ; 1.8988 ; -1.96247 ; -0.952038
2.69395 ; 3.03493 ; -1.69353 ; -3.30456
9.12256 ; 7.60559 ; -0.821078 ; 2.10512
8.86173 ; 4.49535 ; -0.480477 ; -5.15995
5.32635 ; 2.40344 ; -5.01325 ; -2.58461
3.13366 ; 7.29071 ; -2.48582 ; 3.06611
8.92327 ; 1.80438 ; -0.0806392 ; 0.225369
6.88506 ; 7.51564 ; 4.34503 ; 2.93744
5.78938 ; 7.20268 ; -5.70642 ; -4.59631
4.29758 ; 2.68138 ; -4.39827 ; 4.07223
3.33707 ; 2.7835 ; -3.0334 ; -3.12883
3.15672 ; 8.21027 ; -2.30691 ; 0.900983
8.81821 ; 7.47522 ; 1.07641 ; 2.6053
2.95094 ; 2.26292 ; -2.10862 ; -2.01837
8.45407 ; 1.61732 ; 1.56311 ; 1.12933
8.32611 ; 1.75926 ; 2.0558 ; 0.365346
2.52973 ; 8.04451 ; -0.586621 ; 0.979072
8.69949 ; 2.13792 ; 1.36087 ; -1.5041
5.64539 ; 3.71283 ; -5.08966 ; -4.47666
9.05638 ; 7.63554 ; 0.0525587 ; 2.10173
6.3353 ; 7.85553 ; -4.93022 ; 2.0013
2.76247 ; 2.51778 ; -1.7726 ; -2.48045
3.35761 ; 8.0263 ; -2.69871 ; -1.90235
3.36868 ; 3.12644 ; -3.15163 ; -3.62298
5.70437 ; 3.2182 ; 0.956852 ; -3.84105
7.85372 ; 6.49536 ; 3.46158 ; 4.21414
3.63575 ; 2.09311 ; 5.8155 ; -0.126558
4.11839 ; 2.60075 ; -4.04439 ; -2.97965
2.9428 ; 1.739 ; -1.67292 ; -0.160434
8.89162 ; 8.18524 ; 0.360082 ; 0.429218
7.75564 ; 2.12472 ; 3.32467 ; -1.34917
8.71964 ; 1.98734 ; 1.14605 ; -1.00888
2.68953 ; 7.83927 ; -1.35677 ; 1.7442
4.15975 ; 2.34088 ; -4.03511 ; -2.49267
8.70992 ; 2.03693 ; 1.24367 ; -1.18541
5.26628 ; 1.96523 ; -4.85965 ; -1.30526
3.82834 ; 7.68492 ; -3.57818 ; 2.53878
3.44444 ; 7.21674 ; -3.16772 ; 3.2601
7.88467 ; 1.62081 ; 2.95727 ; 1.00886
4.65268 ; 2.82366 ; 5.27804 ; -3.25311
8.17486 ; 7.49846 ; 2.79201 ; 2.79561
5.22115 ; 1.68422 ; -4.23082 ; 0.680512
8.93199 ; 1.84247 ; -0.0294497 ; -0.00260675
7.71192 ; 5.72328 ; -2.55867 ; 5.04745
2.50174 ; 1.85765 ; -0.203599 ; -0.199189
2.44615 ; 1.79879 ; 0.352939 ; 0.365228
8.48228 ; 8.09206 ; 1.88778 ; 1.2551
3.01523 ; 2.20788 ; -2.22661 ; -1.92074
8.77492 ; 2.25452 ; 1.16963 ; -1.77236
4.41912 ; 2.62595 ; -4.50123 ; 4.13228
9.04615 ; 7.3318 ; 0.195549 ; 2.80237
3.48139 ; 7.16688 ; -3.25746 ; 3.34057
8.25697 ; 7.38446 ; 2.68578 ; 2.95159
7.94304 ; 3.15339 ; 3.18555 ; -3.64119
2.88674 ; 7.18684 ; -2.14238 ; 3.10461
4.84276 ; 7.77944 ; -4.89914 ; -1.12871
2.87738 ; 2.2314 ; -1.92179 ; -1.90655
8.74528 ; 7.92428 ; 1.26591 ; 1.56232
7.25605 ; 5.36369 ; 4.24493 ; -5.07226
2.55628 ; 1.9864 ; -0.697489 ; -0.886457
3.00937 ; 8.47266 ; -1.70061 ; -1.11616
3.25053 ; 6.95525 ; -2.21075 ; 3.58496
4.72439 ; 3.29352 ; 4.41274 ; -3.46262
3.12158 ; 3.58043 ; -2.76206 ; -4.14377
2.83188 ; 7.86374 ; -1.73391 ; 1.7893
8.47131 ; 3.1253 ; 1.56191 ; 5.66051
2.75259 ; 2.23437 ; -1.60406 ; -1.82904
2.9999 ; 7.54808 ; -2.18509 ; 2.5637
3.95882 ; 4.96557 ; -3.99643 ; -3.72482
8.06479 ; 5.60145 ; 3.15602 ; 4.96817
8.88181 ; 1.91016 ; 0.40869 ; -0.480986
8.70794 ; 2.06901 ; 1.27834 ; -1.28714
8.89797 ; 8.24449 ; 0.19934 ; 0.100532
8.51405 ; 7.77451 ; 2.00047 ; 2.10039
4.45179 ; 2.45241 ; -4.54157 ; 2.24906
3.20462 ; 5.22641 ; -2.82801 ; -4.74056
4.40311 ; 2.1331 ; -3.99772 ; -1.50292
8.26731 ; 4.85952 ; 2.76554 ; -4.88879
8.29318 ; 7.27133 ; 2.64663 ; 3.11621
8.70253 ; 1.91356 ; 1.14365 ; -0.745934
2.49899 ; 8.19671 ; -0.192736 ; 0.28586
4.38943 ; 6.69016 ; -0.309304 ; 4.01126
8.49698 ; 7.65309 ; 2.09305 ; 2.36579
8.54866 ; 7.56557 ; 1.85909 ; 2.52936
4.69976 ; 1.93247 ; 5.96419 ; 0.831344
5.58548 ; 7.13809 ; 4.95803 ; 3.50973
6.46198 ; 8.32331 ; -4.40446 ; -1.68174
3.45122 ; 2.74369 ; -3.01357 ; 4.51241
5.76953 ; 7.64711 ; 4.61903 ; 2.62248
8.81924 ; 2.35529 ; 1.07079 ; -1.99784
7.10029 ; 2.48227 ; -5.33565 ; -2.45586
6.543 ; 3.3049 ; 4.77951 ; -3.98544
2.50103 ; 8.26025 ; -0.0594976 ; -0.0621648
8.41729 ; 2.16847 ; 1.8204 ; 1.56737
8.873 ; 5.453 ; 0.630943 ; 5.24087
7.97294 ; 7.41605 ; 3.15325 ; 2.98784
2.5831 ; 1.91861 ; -0.718265 ; -0.649692
8.52666 ; 2.25506 ; 1.89423 ; -1.90581
2.62569 ; 3.15886 ; 3.09791 ; -3.57978
7.96611 ; 2.52179 ; 3.09306 ; -2.705
3.25244 ; 2.91511 ; -2.86926 ; -3.3046
2.6567 ; 7.66761 ; 1.64519 ; 1.97611
4.46669 ; 4.72681 ; -4.58748 ; 4.799
4.77125 ; 6.56638 ; -4.85363 ; -5.37285
2.61733 ; 8.34227 ; -0.473509 ; -0.342288
5.60039 ; 6.44119 ; -4.86766 ; 4.35589
2.78504 ; 7.16323 ; -1.91334 ; 3.08118
2.75359 ; 1.8615 ; -1.28681 ; -0.623086
4.68417 ; 4.45158 ; -4.7328 ; -5.02489
3.88738 ; 2.19675 ; -3.7601 ; 3.22953
8.54491 ; 2.36014 ; 1.87461 ; -2.16093
3.77083 ; 7.32867 ; -3.60672 ; -3.94043
3.77405 ; 3.63999 ; -3.70746 ; 0.734521
8.77342 ; 8.03447 ; 1.06447 ; 1.19361
7.98828 ; 3.99336 ; 3.15565 ; 3.52745
8.71357 ; 6.71119 ; 1.76253 ; 3.83768
3.60164 ; 2.24255 ; -3.30583 ; -2.19697
8.41815 ; 1.76497 ; 1.84955 ; -0.345419
2.73959 ; 5.36194 ; -1.45037 ; -5.26573
2.99326 ; 7.26959 ; -2.35203 ; 3.05443
5.31412 ; 4.07738 ; -2.05325 ; -4.48104
4.68995 ; 3.57091 ; -4.69764 ; -4.0863
8.16722 ; 2.21539 ; 2.6428 ; -2.00365
8.26748 ; 7.82749 ; 2.50437 ; 2.08251
6.51715 ; 2.74302 ; 3.09313 ; -3.19682
3.37983 ; 1.98884 ; -2.81829 ; -1.47652
4.16321 ; 8.10673 ; 4.73467 ; 0.668775
2.33336 ; 2.55204 ; 2.06633 ; -2.26052
3.85887 ; 6.64298 ; -3.85057 ; 4.0462
8.75353 ; 2.24428 ; 1.27053 ; -1.75368
3.64264 ; 7.50618 ; -3.41151 ; 2.83702
2.41156 ; 7.79138 ; -0.242118 ; 1.587
2.67827 ; 7.68576 ; -1.41949 ; 2.11552
8.4858 ; 8.36927 ; 1.5803 ; -0.0350389
8.43947 ; 2.39123 ; -4.63958 ; -1.73595
8.60041 ; 1.91319 ; 1.46156 ; -0.856986
2.5304 ; 8.2211 ; -0.306578 ; 0.225559
8.75925 ; 1.87427 ; 0.887644 ; -0.510982
3.86423 ; 6.07553 ; -3.24053 ; -5.35523
7.17383 ; 2.14891 ; -6.0795 ; 1.71748
8.41118 ; 6.02618 ; 2.23676 ; -5.28272
8.52452 ; 7.87942 ; 1.91785 ; 1.82264
2.69787 ; 7.87685 ; -1.35489 ; 1.66045
8.5598 ; 3.24052 ; -2.56735 ; -3.72239
9.07794 ; 6.89034 ; -1.82803 ; 3.51929
2.64425 ; 8.03696 ; -1.03954 ; 1.13985
2.54239 ; 8.23663 ; -0.333605 ; 0.16833
3.20092 ; 8.02989 ; -2.46726 ; 1.54692
3.00584 ; 2.11791 ; -2.15623 ; -1.68539
8.31586 ; 2.94464 ; 2.30681 ; -3.30928
7.57794 ; 6.93622 ; 3.76608 ; 3.49601
2.92843 ; 3.46189 ; -2.36543 ; -3.95802
2.8996 ; 6.03291 ; 4.27862 ; -1.6096
2.33429 ; 2.2235 ; 0.514093 ; -1.42208
3.06784 ; 6.40533 ; -2.30638 ; -5.20253
2.65342 ; 2.02118 ; -1.11934 ; -1.12719
8.57879 ; 2.47218 ; 1.88764 ; -2.36917
7.48998 ; 2.87014 ; 3.81702 ; -3.36417
8.21911 ; 2.51242 ; 2.65954 ; -2.58585
8.56273 ; 7.38021 ; 2.05089 ; 2.86624
3.1203 ; 1.85634 ; -2.28964 ; -0.812937
6.1058 ; 4.15471 ; -5.79462 ; 5.62762
4.17241 ; 2.32654 ; 5.05318 ; -2.03949
8.78142 ; 7.56513 ; 1.3741 ; 2.4055
4.28934 ; 7.54399 ; -4.1456 ; 2.86415
8.01965 ; 4.51176 ; 3.14622 ; 4.99836
8.79093 ; 1.98172 ; 0.903613 ; -0.9113
3.13153 ; 8.48136 ; -2.04446 ; -0.905461
8.41472 ; 8.25974 ; 1.9406 ; 0.648323
8.43451 ; 3.1597 ; 2.39475 ; -3.55395
2.38673 ; 3.18518 ; -0.102009 ; -1.88016
8.06929 ; 2.94697 ; 3.0104 ; -3.20513
8.51317 ; 2.09808 ; 1.84578 ; -1.52685
8.09185 ; 7.53645 ; 2.92126 ; 2.59631
8.56952 ; 6.04063 ; 0.963217 ; -5.84163
2.64289 ; 7.9966 ; -1.07615 ; 1.26783
2.99827 ; 2.56856 ; -2.34922 ; -2.67035
7.19642 ; 2.53877 ; 3.88488 ; -2.82964
2.38787 ; 2.0365 ; 0.154205 ; -0.828297
8.97831 ; 2.99271 ; 0.689528 ; -3.21934
8.87755 ; 7.50319 ; -3.18554 ; 2.33451
8.08628 ; 5.28428 ; 3.07847 ; -3.72563
2.62462 ; 3.50618 ; 2.11159 ; -4.1437
8.39095 ; 2.93457 ; 2.44647 ; -3.16251
8.74945 ; 2.3085 ; 0.328633 ; 3.50358
7.29915 ; 3.80454 ; 4.1669 ; 5.34247
7.8177 ; 2.24089 ; 3.2382 ; -2.15365
7.08648 ; 2.82589 ; 4.31385 ; 1.81412
3.08382 ; 7.58929 ; 3.16368 ; 2.23882
2.50893 ; 8.24853 ; -0.130263 ; 0.0274805
8.08967 ; 3.20723 ; 2.89735 ; -3.71897
2.38885 ; 7.58818 ; -0.210397 ; 1.8942
2.91168 ; 2.07329 ; -1.91854 ; -1.5067
8.65337 ; 6.7257 ; 1.93911 ; 3.85212
2.77929 ; 7.76095 ; -1.66211 ; 1.98961
8.09193 ; 7.89492 ; 2.49551 ; -0.689596
6.19747 ; 7.31814 ; 4.87652 ; 3.26303
2.96356 ; 1.97887 ; -1.99027 ; -1.20707
2.90819 ; 3.44622 ; -2.31922 ; -3.95549
2.50758 ; 2.31599 ; -0.812052 ; -1.87284
8.54382 ; 1.96798 ; -4.22802 ; 2.55991
3.9391 ; 5.1541 ; -4.01487 ; 5.05142
2.80381 ; 2.10643 ; -1.65364 ; -1.52768
8.88585 ; 1.92336 ; 0.408871 ; -0.533692
6.60217 ; 6.1571 ; 0.108082 ; 4.59161
8.25213 ; 7.38337 ; 2.69014 ; 2.97016
2.84713 ; 8.02236 ; -1.66466 ; 1.36496
8.87053 ; 8.24077 ; 0.357078 ; 0.185405
4.57476 ; 5.64787 ; -4.65896 ; 5.01635
3.57485 ; 2.198 ; -3.16696 ; -2.08397
8.39092 ; 5.42926 ; 2.38735 ; -5.38555
8.86895 ; 2.88397 ; 0.901903 ; -3.0742
3.72672 ; 6.91045 ; -0.783132 ; 3.68482
3.29727 ; 7.84144 ; -2.75297 ; 2.04851
8.40704 ; 3.14222 ; 2.46009 ; -3.50444
6.19294 ; 7.78945 ; -5.45467 ; 2.1205
5.24464 ; 2.22478 ; -5.04802 ; -2.15094
8.22293 ; 2.31223 ; 2.56902 ; -2.20071
7.77697 ; 4.37164 ; -2.13266 ; -4.38737
3.92972 ; 5.72494 ; 5.6244 ; -5.86971
3.15665 ; 1.61032 ; -2.18456 ; 1.0123
3.43494 ; 7.23051 ; -3.16055 ; 3.23854
3.2916 ; 7.2531 ; -2.90127 ; 3.16401
7.60528 ; 2.43689 ; 3.60546 ; -2.13489
8.62561 ; 7.86232 ; -4.59127 ; 1.0158
7.18634 ; 3.52769 ; 3.3785 ; -4.16457
2.74782 ; 7.9903 ; -1.41475 ; 1.38058
4.04286 ; 3.98325 ; -4.12682 ; 5.46334
8.68762 ; 3.96359 ; 1.0559 ; -4.57665
8.66251 ; 2.3252 ; 1.59411 ; -2.00069
8.52134 ; 3.6747 ; 2.21932 ; -4.20448
7.64276 ; 2.46551 ; 3.53855 ; -2.66279
3.23599 ; 2.92611 ; -2.88497 ; -3.20453
7.67069 ; 2.65717 ; 3.53972 ; -3.0014
4.71345 ; 7.37756 ; -4.59482 ; 3.16691
2.71727 ; 6.9943 ; -1.12765 ; 3.44385
3.01282 ; 7.89516 ; -2.15104 ; 1.81797
7.09552 ; 7.84824 ; 4.16926 ; 2.24551
9.04722 ; 1.94679 ; -2.08536 ; 0.377069
4.06559 ; 1.791 ; -3.72155 ; -0.137307
7.99857 ; 6.32619 ; 3.26337 ; 4.36954
2.73218 ; 7.59244 ; -1.61794 ; 2.30631
8.16976 ; 7.86535 ; 2.68249 ; 2.04009
3.24933 ; 3.11571 ; -2.88041 ; -2.94807
4.05793 ; 3.17934 ; -2.75544 ; -3.74325
8.53603 ; 2.90607 ; 2.13443 ; -3.1593
2.90233 ; 7.88037 ; -1.86595 ; 1.78773
2.87995 ; 2.19075 ; -1.91503 ; -1.80442
8.66577 ; 3.03803 ; 1.81698 ; -3.32429
7.0021 ; 5.46742 ; -5.60805 ; -5.37653
3.90157 ; 7.48328 ; -3.73851 ; 2.92555
8.40555 ; 3.6761 ; 2.45592 ; -4.09717
8.3504 ; 7.83913 ; 2.3297 ; 2.02766
4.35152 ; 6.38746 ; 3.63389 ; 4.39769
3.03583 ; 3.08955 ; -2.54815 ; -3.49262
2.5209 ; 2.01275 ; -0.543838 ; -0.94103
2.99991 ; 7.92241 ; -2.08196 ; 1.73962
2.91614 ; 1.80422 ; -1.66009 ; -0.336808
5.80553 ; 6.80985 ; 4.60762 ; 3.94478
8.3597 ; 8.17177 ; 2.1349 ; 1.05581
4.05439 ; 3.65708 ; -4.11488 ; -4.29481
2.59106 ; 8.13832 ; -0.718535 ; 0.705845
8.09407 ; 7.72233 ; 2.87195 ; 2.38611
8.31516 ; 7.93042 ; 2.35772 ; 1.81909
7.14331 ; 1.88828 ; 3.897 ; 2.90094
8.29725 ; 2.99569 ; 2.64873 ; -3.35667
2.5039 ; 5.6203 ; 0.854417 ; 5.1689
8.52264 ; 2.02725 ; 1.77427 ; -1.31224
8.42201 ; 2.07399 ; 2.03946 ; -1.51561
3.91164 ; 2.82593 ; -3.82612 ; -2.49942
7.81619 ; 7.61079 ; 3.33545 ; 2.66811
2.78045 ; 8.23142 ; -1.28073 ; 0.544451
2.77629 ; 7.97638 ; -1.50613 ; 1.44611
8.35423 ; 2.29892 ; 2.31697 ; -2.11553
3.08829 ; 6.35154 ; -2.69726 ; 4.13177
2.78355 ; 8.00492 ; -1.50582 ; 1.36805
2.95031 ; 7.87431 ; -2.02453 ; 1.81874
6.51252 ; 2.75214 ; -5.52872 ; -3.11165
2.68596 ; 7.87724 ; -1.31879 ; 1.64481
8.91549 ; 4.34172 ; 0.075914 ; -4.9565
3.03618 ; 1.73944 ; -1.66958 ; 1.71251
2.82125 ; 3.42414 ; -2.05152 ; -3.68128
3.08032 ; 2.29638 ; -2.41555 ; -2.1546
8.4517 ; 2.24192 ; 2.07875 ; -1.93804
2.8567 ; 2.41556 ; -1.96582 ; -2.29851
8.58753 ; 2.28389 ; 1.76431 ; -1.962
8.16428 ; 6.91235 ; 2.93299 ; 3.54516
2.91435 ; 2.06987 ; -1.91741 ; -1.49881
2.46865 ; 5.05662 ; -0.370607 ; -5.01454
2.65851 ; 1.87473 ; 0.728746 ; -0.00152075
3.61339 ; 6.16423 ; -3.43226 ; 0.0872864
4.23401 ; 3.36966 ; -4.23357 ; -4.03246
3.8809 ; 3.68676 ; 4.58562 ; 6.10474
2.68523 ; 7.9934 ; -1.21748 ; 1.31623
3.31574 ; 5.32038 ; -2.90757 ; -5.22633
3.10062 ; 2.34649 ; -2.47208 ; -2.27029
2.33648 ; 3.02838 ; 0.119596 ; -3.32012
5.18461 ; 4.90158 ; -4.59326 ; -5.3166
3.01785 ; 7.86989 ; -2.17778 ; 1.87484
3.22141 ; 2.86455 ; -2.51146 ; 4.30008
2.8178 ; 8.37457 ; -1.22984 ; -0.208196
2.45369 ; 8.29803 ; 0.402816 ; -0.501709
8.1227 ; 2.58705 ; 2.85985 ; -2.76712
5.46471 ; 4.78698 ; -5.14969 ; -2.77683
3.0694 ; 2.02767 ; -2.23849 ; -1.46033
7.36486 ; 2.62515 ; 3.89823 ; -2.9994
4.25352 ; 2.66855 ; -4.17661 ; -3.10427
7.68019 ; 3.21173 ; 3.56715 ; -3.78344
3.75667 ; 7.95111 ; -3.45888 ; 1.93018
5.38112 ; 7.27408 ; -4.61196 ; 3.3195
2.89917 ; 2.47855 ; -2.08895 ; -2.4406
8.06053 ; 6.23164 ; 3.16391 ; 4.27447
8.39149 ; 7.39389 ; 2.4211 ; 2.90678
8.39057 ; 2.29513 ; 1.90323 ; -2.06
3.31426 ; 4.3953 ; -3.11554 ; -4.69584
4.75663 ; 7.28706 ; -4.43327 ; 3.30903
8.47583 ; 8.46698 ; 1.24149 ; -2.38719
7.82851 ; 7.04505 ; 3.4234 ; 3.56781
2.66796 ; 2.80107 ; -1.50149 ; -2.99545
8.08245 ; 1.67183 ; 2.58599 ; 0.358617
2.75063 ; 7.83589 ; -1.53746 ; 1.80182
8.43788 ; 6.53976 ; 2.46748 ; 4.01829
5.55424 ; 4.72343 ; 2.68357 ; 5.5263
2.354 ; 2.3998 ; 2.56583 ; -1.79261
8.43787 ; 3.30564 ; 2.42105 ; -3.74958
2.71784 ; 1.97349 ; -1.28628 ; -1.02764
2.86872 ; 1.90102 ; -1.67333 ; -0.898872
8.75452 ; 8.1809 ; 0.961254 ; 0.66283
8.4324 ; 2.59968 ; 1.76558 ; 4.32523
8.66173 ; 8.09021 ; 1.37253 ; 1.11547
8.95721 ; 1.81233 ; -0.308048 ; 0.286548
4.52674 ; 2.34399 ; -4.40948 ; -2.51152
7.58874 ; 2.24152 ; 3.55763 ; -2.21817
3.23243 ; 7.353 ; -2.80176 ; 2.99124
4.59643 ; 3.41991 ; -4.60431 ; -4.14116
8.49469 ; 7.3647 ; 2.21241 ; 2.91992
8.9053 ; 7.39375 ; 0.993284 ; 2.70478
5.06637 ; 7.15756 ; -4.88697 ; 3.43399
8.63163 ; 2.22781 ; -3.49933 ; 4.93299
2.70979 ; 6.66328 ; -1.57382 ; 3.21025
8.9893 ; 8.26988 ; -0.574019 ; -0.394054
2.26779 ; 7.09527 ; 1.70133 ; 3.1077
3.23052 ; 1.78718 ; -2.4865 ; -0.593592
4.35515 ; 7.60996 ; -4.20089 ; 2.74876
3.96027 ; 2.53506 ; -3.81773 ; -2.82274
8.23858 ; 8.03224 ; 2.48253 ; 1.54445
2.66658 ; 7.86022 ; -1.13245 ; 1.67528
8.4577 ; 8.03951 ; 1.98213 ; 1.43744
2.73725 ; 8.12436 ; -1.25764 ; 0.931167
8.26572 ; 8.0143 ; 2.11069 ; -4.04984
6.75601 ; 7.75734 ; 4.39768 ; 2.46111
6.95526 ; 4.0317 ; -5.16631 ; -4.71815
6.94181 ; 7.97919 ; 4.38419 ; 1.55757
6.11648 ; 8.16791 ; -5.69222 ; 0.457328
8.12296 ; 7.14059 ; 2.97236 ; 3.34576
7.73263 ; 2.22269 ; 3.3559 ; -2.14194
8.00336 ; 3.69089 ; 3.22381 ; -4.24147
3.11003 ; 4.78441 ; -2.67612 ; -5.13287
8.14721 ; 2.33019 ; 2.72666 ; -2.26817
7.9356 ; 7.23375 ; 3.2255 ; 3.26347
8.8459 ; 8.0685 ; 0.743924 ; 0.980098
4.00963 ; 2.77745 ; -3.89 ; -3.24752
8.87995 ; 8.12983 ; 0.509468 ; 0.698719
6.84254 ; 2.64917 ; -4.16014 ; -2.72647
7.70513 ; 7.63257 ; 3.47901 ; 2.64524
8.01695 ; 7.07313 ; 3.13136 ; 3.32953
8.93159 ; 7.08767 ; 0.980628 ; 3.24967
6.84097 ; 7.48547 ; -4.50757 ; 2.82246
8.80273 ; 8.10095 ; 0.877745 ; 0.919382
8.23318 ; 1.73271 ; 2.2816 ; 0.177682
8.46153 ; 2.10922 ; 1.98093 ; -1.57852
8.48389 ; 2.54475 ; 2.14124 ; -2.55731
7.81712 ; 8.07029 ; 2.60914 ; 0.694683
5.15155 ; 1.9552 ; 5.60707 ; -0.61875
8.14082 ; 7.59101 ; 2.82409 ; 2.63585
2.5874 ; 5.03871 ; 2.48429 ; -3.57321
2.99653 ; 6.09077 ; -2.50388 ; 4.43503
6.35935 ; 8.01475 ; 4.92996 ; 1.71338
2.53385 ; 8.18776 ; -0.383894 ; 0.398592
4.11271 ; 2.96686 ; -4.06512 ; -3.53296
2.93846 ; 3.08833 ; -2.34536 ; -3.46891
8.2673 ; 3.6789 ; 2.77853 ; -4.22646
2.54108 ; 8.09423 ; 3.02857 ; -3.39652
6.10859 ; 2.52804 ; 4.76691 ; -2.84967
4.65116 ; 5.9954 ; -4.77404 ; -5.00602
8.72766 ; 7.99647 ; 1.26077 ; 1.36288
8.08159 ; 3.81089 ; 3.12397 ; -4.34057
8.32682 ; 7.49129 ; 2.50685 ; 2.76044
8.67951 ; 7.92916 ; 1.46466 ; 1.60303
3.75129 ; 1.82282 ; -2.72123 ; -0.819006
2.68458 ; 7.71793 ; -1.41989 ; 2.04432
3.28767 ; 2.20187 ; -2.77057 ; -2.00873
8.2655 ; 5.84927 ; -0.081991 ; 4.93059
8.84479 ; 8.19796 ; 0.56313 ; 0.453368
8.65958 ; 7.92115 ; 1.4879 ; 1.5185
9.04522 ; 3.86296 ; -0.447382 ; -4.40951
8.38235 ; 1.98186 ; 2.0837 ; -1.26059
4.24268 ; 7.63625 ; -4.11373 ; 2.68824
2.74105 ; 8.11178 ; -1.28049 ; 0.98063
3.03735 ; 2.33881 ; 4.5678 ; -1.59114
2.70472 ; 5.69884 ; -1.73497 ; 4.41983
7.01087 ; 5.60255 ; 4.45354 ; 5.0427
7.67166 ; 7.76801 ; 3.48689 ; 2.39019
2.5076 ; 8.30321 ; 0.0249404 ; -0.34071
2.48963 ; 1.78198 ; 0.0821954 ; 0.334336
8.78865 ; 2.27575 ; 1.17571 ; -1.81198
8.80072 ; 2.30934 ; 1.1418 ; -1.89247
4.03092 ; 2.85944 ; -3.99188 ; -3.25126
2.84369 ; 2.36105 ; -1.91447 ; -2.18839
2.60742 ; 8.07969 ; -0.857025 ; 0.9482
8.79406 ; 6.08698 ; -0.63755 ; -5.90782
8.53574 ; 7.68853 ; 1.99433 ; 2.27604
3.4288 ; 2.65959 ; -2.57667 ; -2.92272
8.89229 ; 8.20745 ; 0.313811 ; 0.317901
7.2931 ; 7.35823 ; 4.01145 ; 3.18425
8.05607 ; 7.14853 ; 2.60771 ; 3.36889
8.5 ; 2.21091 ; 1.94968 ; -1.82679
4.71563 ; 4.26809 ; -4.76801 ; -4.52584
3.18854 ; 2.05893 ; -2.50726 ; -1.60935
2.76504 ; 8.12087 ; -1.34247 ; 0.971671
2.91334 ; 2.58515 ; -2.16859 ; -2.66907
8.42115 ; 1.81728 ; 1.88605 ; -0.5744
7.60261 ; 2.35013 ; 3.53439 ; -2.40028
3.41813 ; 3.98958 ; -3.27819 ; -4.23827
7.02405 ; 7.24277 ; 4.32684 ; 3.37932
8.72655 ; 7.32215 ; 1.62713 ; 2.92144
7.97126 ; 6.27504 ; 3.3083 ; 4.38464
5.14035 ; 6.91748 ; -3.92447 ; 3.80461
4.11029 ; 3.6058 ; -4.15216 ; -3.9858
8.25725 ; 5.25291 ; 2.72575 ; -5.27178
5.77607 ; 2.93938 ; 3.82809 ; -3.49889
7.92952 ; 5.0921 ; 3.19148 ; 4.25999
5.90901 ; 5.18495 ; 3.64705 ; -5.37099
2.43242 ; 7.61804 ; -0.411493 ; 2.13731
7.22999 ; 6.11247 ; 4.17644 ; 1.78493
2.33452 ; 7.46113 ; 0.259606 ; 2.44429
5.28315 ; 8.19156 ; -5.33293 ; -1.74487
