5.78173 ; 5.2882 ; -0.00093452 ; -1.19905
6.40523 ; 5.41906 ; 1.2868 ; 0.305429
6.22326 ; 5.33806 ; 0.591701 ; -0.158943
4.72653 ; 4.41124 ; -0.550258 ; -1.27274
5.47149 ; 5.63838 ; -0.261532 ; -0.649793
4.40292 ; 4.70757 ; -1.25054 ; -0.609912
5.75405 ; 5.55153 ; -0.224912 ; -0.259519
5.71842 ; 5.49991 ; -0.160649 ; 0.741555
6.04876 ; 5.21654 ; 1.40231 ; 0.156786
6.13856 ; 6.16073 ; 1.40661 ; 1.10436
6.29286 ; 5.42516 ; 1.00762 ; -0.842542
5.71305 ; 5.65977 ; 0.767898 ; -0.416554
4.96617 ; 5.31014 ; -1.36301 ; -0.949248
5.1729 ; 4.98783 ; -1.14141 ; -0.229326
5.87926 ; 5.1366 ; 0.97336 ; -0.585363
5.69863 ; 6.15826 ; 1.02005 ; 0.712524
4.94548 ; 5.06546 ; -0.673812 ; -1.05961
6.69489 ; 5.7381 ; 1.65502 ; 0.813309
5.5044 ; 5.36336 ; -0.21872 ; -0.38127
5.15742 ; 5.74655 ; -0.907367 ; -0.0191079
6.33151 ; 6.49197 ; 0.853568 ; 1.00809
4.3521 ; 6.05757 ; -1.6943 ; 1.41387
5.78657 ; 6.57317 ; 0.456497 ; 1.79873
5.65628 ; 5.69147 ; 1.02876 ; -0.208831
5.27726 ; 6.3336 ; -0.738404 ; 1.62722
6.04381 ; 5.38922 ; 1.14105 ; 0.387026
5.35339 ; 5.10677 ; -0.39316 ; 0.00759911
5.43289 ; 5.33968 ; -0.819936 ; -0.000343392
4.33689 ; 4.49323 ; -1.78237 ; -1.53363
5.58467 ; 5.2599 ; 0.48457 ; -1.19154
6.35004 ; 5.65501 ; 1.33273 ; -0.108941
5.54462 ; 4.68202 ; -0.283531 ; -1.23559
6.14667 ; 5.99067 ; 1.43683 ; 0.871725
6.90707 ; 5.55548 ; 1.76026 ; 0.614061
5.03215 ; 5.21416 ; -1.5791 ; -1.02236
6.14757 ; 4.8457 ; 1.44049 ; -1.51158
5.26969 ; 4.99719 ; -0.686291 ; -1.36144
5.10666 ; 4.70704 ; -0.807903 ; -1.32524
5.10584 ; 6.54247 ; -1.24741 ; 1.68164
5.10425 ; 5.51284 ; -1.38102 ; 0.620504
5.43429 ; 5.55902 ; 0.15264 ; 0.693668
5.3745 ; 6.91219 ; -0.18763 ; 1.73075
5.60519 ; 5.36061 ; 0.772942 ; 0.330333
5.40176 ; 4.80614 ; 0.31729 ; -0.846684
4.43471 ; 5.47735 ; -1.18127 ; -0.492092
5.24476 ; 4.84012 ; -0.161035 ; -0.593041
6.76946 ; 4.98299 ; 1.68438 ; -1.34609
4.80689 ; 5.33748 ; -0.537339 ; -0.108261
4.87771 ; 5.24296 ; -1.12012 ; -0.607158
6.53847 ; 4.66411 ; 1.57999 ; -0.969566
5.09207 ; 4.94336 ; -0.953363 ; -1.5476
6.40693 ; 4.54542 ; 1.4572 ; -1.63089
4.95264 ; 4.68955 ; -0.625803 ; -1.24171
4.37196 ; 6.08234 ; -1.23688 ; 0.72306
5.3946 ; 5.16751 ; -0.454571 ; -0.745994
4.75195 ; 5.60309 ; -0.982331 ; -0.566656
6.64987 ; 5.25651 ; 1.86319 ; -0.114384
4.86745 ; 6.12728 ; -1.50031 ; 0.590782
6.51732 ; 4.9447 ; 1.81981 ; -0.752211
5.94786 ; 6.04563 ; 1.42757 ; 1.64088
5.30761 ; 5.26075 ; -0.994429 ; 0.136233
4.87233 ; 4.64508 ; -0.447575 ; -0.913068
5.04118 ; 6.43626 ; -1.36725 ; 1.42426
5.9941 ; 5.19054 ; 1.3772 ; -0.252666
6.45265 ; 6.81256 ; 1.53371 ; 1.51653
5.3879 ; 6.9204 ; -0.94856 ; 1.76025
6.22544 ; 5.13994 ; 1.5852 ; -1.26807
5.79861 ; 4.36986 ; 0.547277 ; -1.38476
5.17938 ; 4.76222 ; -1.37701 ; -1.67286
4.45988 ; 5.42734 ; -1.42232 ; -0.658907
5.93876 ; 5.16253 ; 1.42579 ; -0.292365
5.41926 ; 4.85743 ; -0.850192 ; -1.55789
6.06231 ; 4.71082 ; 1.27141 ; -1.63972
5.1664 ; 5.33164 ; -0.972386 ; -0.908249
4.59328 ; 5.66811 ; -1.27632 ; 0.328098
6.01294 ; 6.77507 ; 0.767024 ; 1.81024
6.36702 ; 5.06029 ; 1.05578 ; -1.33627
6.27689 ; 5.23255 ; 1.35539 ; -0.514513
5.63932 ; 4.48998 ; 0.0228242 ; -1.58022
5.68188 ; 6.20766 ; -0.183236 ; 1.58218
6.70407 ; 5.39005 ; 1.43149 ; -0.819911
6.20622 ; 5.93138 ; 0.575351 ; -0.0417471
4.73207 ; 5.78381 ; -1.21402 ; 0.155664
4.88046 ; 4.75883 ; -1.52228 ; -1.43918
6.515 ; 5.91669 ; 1.22368 ; 0.569107
5.70311 ; 4.82756 ; 0.780204 ; -1.318
6.22053 ; 5.83577 ; 1.63079 ; -0.00392063
5.82779 ; 5.5528 ; 0.223582 ; -0.124741
6.07668 ; 5.43379 ; 0.930099 ; -0.825776
4.64595 ; 6.21487 ; -0.693507 ; 0.503023
4.931 ; 6.37959 ; -1.58597 ; 0.871809
5.49254 ; 4.91134 ; 0.0688117 ; -1.23939
5.70149 ; 5.08841 ; -0.0774798 ; -0.30793
5.65412 ; 4.30903 ; -0.245874 ; -1.63651
5.6733 ; 5.17712 ; 0.609012 ; 0.262059
6.6367 ; 6.13351 ; 1.1945 ; 0.627652
5.19151 ; 5.58117 ; -1.43255 ; 0.937217
4.96078 ; 5.51832 ; -0.417909 ; 0.331657
5.7172 ; 4.68385 ; 1.03029 ; -0.758475
6.04583 ; 6.14143 ; 0.143177 ; 0.560658
4.6279 ; 6.20288 ; -1.49132 ; 0.63164
6.17619 ; 4.83913 ; 1.623 ; -0.839754
5.71999 ; 5.32814 ; 0.301643 ; -0.00330346
6.33144 ; 5.56165 ; 1.65608 ; 0.432914
4.86045 ; 5.67861 ; -1.15475 ; 1.26015
5.01988 ; 4.40551 ; -1.404 ; -1.8479
5.73911 ; 5.38424 ; 0.254405 ; -0.621394
5.14488 ; 6.11055 ; 0.0633414 ; 1.36913
5.55909 ; 6.061 ; -0.109207 ; 1.01516
6.22424 ; 5.75916 ; 0.821334 ; 1.31676
6.28821 ; 5.5037 ; 1.4416 ; -0.136242
5.254 ; 6.03806 ; -0.906406 ; 1.01485
6.42199 ; 5.90173 ; 1.11079 ; 1.49305
5.70492 ; 4.76439 ; 0.135914 ; -1.78138
5.28394 ; 6.25384 ; -1.00042 ; 0.596294
6.05936 ; 5.91458 ; 1.3741 ; 1.46577
6.07497 ; 4.58975 ; 1.50885 ; -1.63663
5.23708 ; 4.92221 ; 0.127151 ; -1.64446
5.84362 ; 5.60893 ; 0.0286128 ; 1.01443
4.83024 ; 5.95491 ; -0.485221 ; 1.23801
5.82234 ; 6.6626 ; 0.974799 ; 1.75315
5.08774 ; 5.80721 ; -1.42771 ; 0.603861
5.6748 ; 5.81716 ; 0.954063 ; 0.722105
5.34832 ; 5.42674 ; -0.377547 ; -0.940059
5.21336 ; 5.698 ; -1.07769 ; 1.2936
5.12985 ; 5.70736 ; 0.0172493 ; 0.479811
5.64782 ; 5.89315 ; -0.17915 ; 0.0799837
4.64662 ; 4.4605 ; -1.35505 ; -1.82153
4.64382 ; 5.36434 ; -1.6708 ; 0.551858
4.80272 ; 5.60559 ; -0.898592 ; -0.398665
6.5037 ; 5.06821 ; 1.7566 ; -0.532688
5.75549 ; 5.78899 ; -0.239275 ; 1.0484
4.58275 ; 6.13837 ; -1.56601 ; 0.481013
5.3174 ; 6.40067 ; 0.40292 ; 1.55551
5.9664 ; 5.31153 ; 0.655544 ; 0.0182097
5.5931 ; 4.98307 ; 0.870809 ; -1.66271
4.7099 ; 6.06232 ; -1.53961 ; 1.38821
5.85777 ; 6.61031 ; 0.820979 ; 1.49011
5.96852 ; 6.45804 ; 0.75893 ; 1.63183
5.85967 ; 6.42785 ; -0.276231 ; 0.968471
6.09401 ; 5.0243 ; 0.760548 ; -1.48331
5.75951 ; 6.78255 ; -0.236277 ; 1.59006
5.77058 ; 6.00736 ; 1.2665 ; 1.35333
5.67675 ; 5.85573 ; -0.0867032 ; 0.978521
5.79008 ; 4.56043 ; 0.0146339 ; -1.61395
6.80942 ; 5.41264 ; 1.60815 ; -0.622723
5.30168 ; 6.51616 ; -0.767982 ; 1.0746
4.8819 ; 6.00417 ; -1.03102 ; 1.70059
4.28124 ; 5.25837 ; -1.49123 ; 0.231795
4.15914 ; 4.77723 ; -1.68285 ; -1.68774
5.27165 ; 5.11637 ; -0.885123 ; -1.55208
5.73863 ; 5.10682 ; 0.25003 ; -1.49454
4.48621 ; 4.51661 ; -1.53979 ; -1.00848
5.75019 ; 5.38336 ; 0.633906 ; -0.272846
6.37093 ; 6.07725 ; 0.983684 ; 0.812699
5.85153 ; 6.0568 ; -0.126473 ; 0.4919
5.51483 ; 5.47362 ; 0.409622 ; 0.114857
5.92035 ; 4.9414 ; 0.721895 ; -1.0666
6.89634 ; 5.01504 ; 1.67508 ; -1.10836
4.82922 ; 5.03041 ; -0.608932 ; -1.5869
6.07652 ; 6.72715 ; 1.37971 ; 1.78485
4.57799 ; 5.51287 ; -1.61853 ; 0.285683
5.72949 ; 5.15038 ; -0.138306 ; -1.01248
5.8331 ; 6.09816 ; 1.37786 ; 1.69568
5.88847 ; 6.33877 ; 0.781951 ; 0.88968
5.25356 ; 5.53156 ; -0.681102 ; -0.14311
5.37958 ; 5.5718 ; 0.525771 ; 1.01367
5.2326 ; 6.76401 ; -1.13787 ; 1.83994
5.76922 ; 5.5413 ; -0.275982 ; -0.797753
5.57089 ; 5.37023 ; 0.905251 ; 0.396628
5.51417 ; 6.56415 ; 0.792916 ; 1.30424
6.56241 ; 6.25159 ; 1.52144 ; 0.980826
5.95126 ; 4.78559 ; 0.810828 ; -0.810788
5.94139 ; 5.20293 ; 0.630091 ; -0.51168
6.04868 ; 6.09158 ; 0.312136 ; 0.284984
5.34352 ; 4.90958 ; -0.199607 ; -0.765254
5.32269 ; 4.82367 ; -0.974872 ; -1.72855
4.59881 ; 6.26453 ; -0.939817 ; 1.11188
4.93165 ; 5.35752 ; -1.02482 ; -0.0576378
5.35354 ; 5.82582 ; -0.336879 ; 0.889913
5.44781 ; 5.97335 ; 0.254576 ; 0.28528
4.42087 ; 5.2246 ; -1.86366 ; 0.247608
5.98819 ; 5.03707 ; 1.16929 ; -1.54477
6.39008 ; 4.90897 ; 1.70728 ; -1.70391
5.9405 ; 4.84243 ; 0.37478 ; -0.982258
4.97027 ; 5.56392 ; -0.538578 ; 0.0777566
5.00682 ; 4.94889 ; -0.588399 ; -1.51143
5.24951 ; 6.36594 ; 0.00265165 ; 1.16257
4.83805 ; 4.8199 ; -1.08205 ; -1.32762
5.77605 ; 4.47492 ; 1.25555 ; -1.80781
5.50967 ; 6.65952 ; 0.799691 ; 1.43371
5.86415 ; 5.82567 ; 0.377663 ; 0.098873
4.57725 ; 5.13076 ; -1.72963 ; -1.02616
6.08184 ; 5.04537 ; 1.05123 ; -1.61065
4.75938 ; 5.35353 ; -0.92353 ; -1.18216
5.3553 ; 4.82759 ; -0.931819 ; -1.7304
6.72598 ; 4.87726 ; 1.85308 ; -0.980135
6.77551 ; 5.41482 ; 1.7603 ; 0.292307
4.74496 ; 6.44064 ; -0.64948 ; 1.69414
4.20687 ; 4.99878 ; -1.73015 ; -1.62513
6.84369 ; 4.29254 ; 1.53087 ; -1.23289
4.60483 ; 6.48248 ; -1.69609 ; 1.22125
5.0945 ; 5.29423 ; -0.141394 ; -1.17623
5.74892 ; 6.29817 ; 1.40941 ; 1.01011
4.65229 ; 4.49324 ; -1.73218 ; -1.82153
5.04407 ; 4.63019 ; -0.318232 ; -1.69517
4.3016 ; 6.43405 ; -1.67058 ; 1.16844
5.12843 ; 6.44255 ; -0.445055 ; 0.926484
5.4588 ; 5.708 ; -0.558299 ; -0.420116
5.12404 ; 5.45698 ; -0.752617 ; -0.797623
6.25407 ; 4.57504 ; 1.65511 ; -0.950094
5.77155 ; 5.09561 ; 0.330764 ; -0.822437
6.0821 ; 5.06685 ; 1.11763 ; 0.0777899
6.05725 ; 5.06974 ; 0.680672 ; -1.17435
5.2036 ; 5.40102 ; -0.193962 ; 0.389049
5.07807 ; 5.20733 ; -1.56683 ; -0.212178
4.86394 ; 4.70038 ; -1.70615 ; -0.678137
4.95043 ; 6.64293 ; -1.45013 ; 1.52129
4.6757 ; 4.6172 ; -1.55912 ; -1.7175
5.10445 ; 4.64459 ; -0.441116 ; -1.27831
4.70524 ; 4.70174 ; -1.47926 ; -1.68863
5.7191 ; 6.31797 ; 1.33106 ; 1.0652
6.4896 ; 4.63219 ; 1.00531 ; -1.41953
5.7025 ; 4.8646 ; 1.27486 ; -1.49703
6.43827 ; 5.81816 ; 1.31412 ; 0.601853
5.87858 ; 4.68728 ; 1.48762 ; -1.56901
5.60765 ; 4.32402 ; 1.07587 ; -1.80564
4.86051 ; 5.91688 ; -1.50421 ; 1.137
6.42716 ; 5.2468 ; 1.34142 ; -0.299546
5.69981 ; 6.6224 ; 0.94187 ; 1.5879
5.50936 ; 5.80753 ; -0.929877 ; 1.24693
4.64786 ; 5.56792 ; -1.52756 ; 0.609915
4.99125 ; 5.76465 ; -1.14644 ; 1.02722
5.82571 ; 4.89299 ; 0.564586 ; -0.365067
4.8403 ; 5.64423 ; -1.51071 ; 0.715462
4.93486 ; 5.68201 ; -1.19855 ; 0.429505
4.60117 ; 6.40422 ; -1.0621 ; 1.40004
5.41082 ; 6.60081 ; -1.01402 ; 1.83965
5.34077 ; 6.45639 ; -0.523838 ; 1.02258
5.16598 ; 4.17154 ; -0.894322 ; -1.73065
6.44493 ; 4.34151 ; 1.03921 ; -1.39883
5.32496 ; 5.5584 ; 0.379868 ; -0.296097
6.59519 ; 5.96035 ; 1.25399 ; 0.361627
5.47251 ; 5.94943 ; -0.601307 ; 0.906902
5.45653 ; 4.354 ; -0.318429 ; -1.87794
4.78242 ; 5.91927 ; -0.83005 ; 0.206006
5.7357 ; 5.82873 ; -0.470018 ; 1.46396
4.72141 ; 6.18991 ; -1.22683 ; 1.66364
6.76351 ; 4.71879 ; 1.4335 ; -0.690471
5.12415 ; 5.37041 ; -0.338893 ; -0.436412
5.76101 ; 6.01844 ; 0.832781 ; 1.53754
5.40576 ; 6.37461 ; -0.503904 ; 1.7646
4.77111 ; 6.16285 ; -0.900165 ; 1.75399
5.71925 ; 5.88865 ; 0.591329 ; 0.241495
5.36115 ; 6.16143 ; -0.734475 ; 0.932367
5.59423 ; 6.00182 ; -0.588384 ; 0.281575
4.12588 ; 6.01739 ; -1.69737 ; 0.493591
4.92215 ; 5.39053 ; -1.3485 ; -0.586643
4.87133 ; 5.79816 ; -1.02425 ; 1.06189
4.40169 ; 5.47798 ; -1.6912 ; 0.712942
5.854 ; 6.521 ; 0.997137 ; 1.17943
6.21758 ; 5.47279 ; 1.2269 ; -0.184454
6.32728 ; 4.86639 ; 1.51643 ; -0.814365
4.69687 ; 6.1212 ; -0.85795 ; 1.66097
6.69538 ; 6.02735 ; 1.64641 ; 1.12016
5.86482 ; 6.20635 ; 1.36405 ; 1.54349
5.79484 ; 6.59102 ; 0.648629 ; 1.27308
6.4115 ; 4.53569 ; 1.0372 ; -1.2285
4.17857 ; 4.66859 ; -1.66192 ; -0.653068
5.31526 ; 4.68618 ; 0.203981 ; -1.45386
5.66856 ; 4.87882 ; 0.439036 ; -1.72765
5.25046 ; 5.06554 ; -1.10456 ; -0.754067
5.10997 ; 6.86103 ; -0.513249 ; 1.79863
6.39184 ; 4.61481 ; 1.69052 ; -0.902693
5.77826 ; 6.05833 ; 1.05957 ; 0.448014
5.19721 ; 6.13179 ; -1.51036 ; 1.55382
5.47935 ; 4.54953 ; -0.990082 ; -1.79305
5.40907 ; 5.06365 ; -0.345637 ; -0.685905
5.09769 ; 5.68877 ; -0.095481 ; 0.718079
5.52243 ; 4.87098 ; -0.275287 ; -0.965014
5.96043 ; 5.6144 ; 0.286463 ; -0.163285
4.487 ; 4.23914 ; -1.56507 ; -1.75863
5.06518 ; 4.49603 ; -1.52721 ; -1.51862
5.53668 ; 5.54972 ; -0.556308 ; -0.640874
6.594 ; 5.19428 ; 1.47651 ; -0.636408
4.96723 ; 5.19804 ; -0.772893 ; -0.346655
6.30747 ; 5.20236 ; 1.06711 ; -0.369458
5.65864 ; 6.08963 ; 0.955738 ; 0.464754
5.24064 ; 5.40387 ; 0.183768 ; 0.562152
5.12192 ; 5.87835 ; -0.153222 ; 0.619177
6.56358 ; 5.5295 ; 1.50846 ; 0.0116801
5.51096 ; 4.60479 ; 0.752043 ; -1.5927
6.81368 ; 4.95647 ; 1.47677 ; -0.287827
6.52677 ; 4.41965 ; 1.3406 ; -1.38514
4.52811 ; 4.6663 ; -1.21071 ; -1.32397
5.72758 ; 6.58043 ; 0.163385 ; 1.88303
5.13438 ; 5.35528 ; -0.518833 ; 0.0387579
4.5542 ; 4.46656 ; -1.57913 ; -1.46187
5.74608 ; 6.64729 ; -0.0096443 ; 1.25747
5.61945 ; 5.47997 ; 0.680072 ; -0.931825
6.47244 ; 6.66974 ; 0.818358 ; 1.36127
5.06453 ; 6.03949 ; -0.192859 ; 0.287061
4.08299 ; 5.44408 ; -1.70571 ; -0.13243
5.47306 ; 5.08972 ; 0.139795 ; -0.97812
6.27155 ; 4.64029 ; 1.65527 ; -1.07882
5.56716 ; 6.01263 ; -0.325534 ; 1.0527
5.91623 ; 4.58869 ; 0.61388 ; -1.56839
4.67989 ; 6.5469 ; -1.50566 ; 1.05107
5.9179 ; 4.76593 ; 1.62279 ; -0.528482
6.94684 ; 5.72948 ; 1.74338 ; 1.00454
4.43221 ; 5.56847 ; -1.58443 ; -0.361613
5.45201 ; 4.12827 ; 0.14132 ; -1.80512
5.62556 ; 6.48823 ; -0.474482 ; 1.6084
5.96618 ; 5.49345 ; 1.27806 ; 0.109452
4.6196 ; 5.5416 ; -0.931734 ; -0.219102
5.25519 ; 4.95617 ; -0.265024 ; -0.657745
5.49894 ; 5.30621 ; -0.276537 ; -0.759607
6.46193 ; 5.37317 ; 0.925819 ; 0.701009
5.36966 ; 5.78197 ; 0.461073 ; 1.18329
5.81237 ; 6.00255 ; 1.33239 ; 1.29025
5.61094 ; 5.44317 ; 0.987938 ; -0.635953
6.61456 ; 6.3948 ; 1.51448 ; 1.18155
4.3496 ; 6.18783 ; -1.66431 ; 1.24173
4.88786 ; 6.11281 ; -0.859763 ; 1.67469
6.75959 ; 4.9699 ; 1.49208 ; -0.385319
4.97031 ; 5.31881 ; -1.20668 ; 0.281774
5.47887 ; 5.86384 ; 0.704095 ; 0.803061
4.89507 ; 5.59346 ; -0.691684 ; -0.364729
4.32297 ; 5.44836 ; -1.57771 ; 0.0142292
4.99582 ; 5.41965 ; -0.652821 ; -0.866011
4.39017 ; 5.91339 ; -1.71048 ; 0.519369
5.89696 ; 4.56081 ; 0.374963 ; -1.72115
4.75085 ; 4.64054 ; -1.1811 ; -0.810198
5.47106 ; 6.1187 ; 0.831709 ; 0.864526
4.79453 ; 5.55476 ; -1.63776 ; 0.451169
5.69868 ; 5.93814 ; 0.388025 ; -0.00468886
5.89167 ; 5.49631 ; 0.826904 ; 0.46848
4.7085 ; 5.48718 ; -1.42537 ; -0.975497
6.38222 ; 4.71247 ; 1.7016 ; -1.48336
4.42694 ; 4.91608 ; -1.88962 ; -1.24597
5.88372 ; 5.91286 ; 0.870546 ; 0.717323
6.18994 ; 5.06971 ; 1.03218 ; -0.0880337
6.21453 ; 4.75372 ; 1.17263 ; -1.0461
5.33801 ; 6.24277 ; -0.641714 ; 1.5709
5.80562 ; 5.02532 ; -0.190711 ; -0.820105
6.23517 ; 5.35253 ; 1.4361 ; -0.940706
5.37811 ; 6.31902 ; -0.845233 ; 0.784653
4.96691 ; 4.43563 ; -1.6506 ; -1.84395
4.44273 ; 4.86024 ; -1.69321 ; -0.463584
5.93924 ; 6.52382 ; 1.31117 ; 1.17235
4.53683 ; 6.50536 ; -0.84047 ; 0.922092
6.2577 ; 6.76755 ; 0.833028 ; 1.4872
5.63522 ; 5.19522 ; -0.319753 ; -1.48154
5.24534 ; 5.36387 ; -1.4022 ; -1.08165
4.98751 ; 5.82449 ; -0.100003 ; 1.15122
5.92105 ; 6.15777 ; 1.23574 ; 0.435655
6.20965 ; 4.8017 ; 1.13194 ; -1.10256
5.68849 ; 6.35683 ; -0.127295 ; 1.05557
6.02624 ; 4.49244 ; 0.974374 ; -1.44225
5.81703 ; 5.19583 ; 0.108784 ; -0.985021
5.93452 ; 5.46469 ; 0.433842 ; 0.112074
5.21962 ; 5.42161 ; -1.44084 ; -0.935824
4.81428 ; 5.67635 ; -1.59257 ; 1.28971
6.25555 ; 5.03291 ; 1.5491 ; -0.936133
4.91079 ; 6.18835 ; -0.70422 ; 0.832338
6.40999 ; 5.34025 ; 1.35222 ; 0.360859
4.30165 ; 5.146 ; -1.54152 ; -1.22901
4.71174 ; 4.7133 ; -1.00977 ; -1.22362
4.77552 ; 5.80712 ; -1.27278 ; 0.615593
5.30652 ; 4.35749 ; -0.026958 ; -1.4646
4.39347 ; 5.7673 ; -1.84842 ; 0.139643
4.3732 ; 4.69762 ; -1.20087 ; -1.28965
5.49845 ; 6.54287 ; 0.870293 ; 1.42803
5.45921 ; 5.20673 ; -0.450081 ; -1.12398
5.62498 ; 5.91033 ; 0.284287 ; 1.31926
5.13407 ; 4.77085 ; -1.46574 ; -0.507128
4.93085 ; 5.98569 ; -0.566788 ; 1.10771
6.46865 ; 4.4972 ; 1.28303 ; -1.6713
4.96538 ; 5.286 ; -0.523652 ; 0.162011
5.11738 ; 5.71891 ; -0.787865 ; 0.8688
4.81536 ; 6.09214 ; -1.45305 ; 0.421264
4.98235 ; 5.50857 ; -0.242129 ; -0.788646
4.59778 ; 5.24979 ; -1.34843 ; -1.16472
4.9962 ; 5.56958 ; -0.0806595 ; 0.615729
4.99613 ; 4.97844 ; -0.701628 ; -0.433017
6.3654 ; 5.99405 ; 1.57597 ; 1.29437
6.49996 ; 4.95239 ; 1.75103 ; -1.31276
6.25367 ; 6.27815 ; 0.905065 ; 1.32846
5.48919 ; 6.65505 ; 0.832792 ; 1.60657
5.50842 ; 4.91119 ; -0.510972 ; -0.679711
6.35839 ; 5.92728 ; 1.16333 ; 1.703
4.84521 ; 6.34646 ; -1.57987 ; 0.822258
5.75966 ; 4.70736 ; 1.31498 ; -1.56784
5.21246 ; 6.19049 ; -1.38768 ; 0.487176
5.01306 ; 5.01092 ; -0.80851 ; -0.620119
6.25 ; 5.97011 ; 1.74155 ; 0.908067
5.73882 ; 5.21832 ; 0.668191 ; -1.04133
6.01443 ; 5.36513 ; 1.43294 ; 0.336106
5.6446 ; 5.676 ; -0.446721 ; -0.344808
5.66875 ; 6.73274 ; -0.324269 ; 1.4056
4.54345 ; 4.82039 ; -1.32007 ; -1.63717
4.52064 ; 5.71594 ; -1.08783 ; -0.14364
5.85194 ; 5.88261 ; 0.934167 ; 1.46947
4.4397 ; 5.47133 ; -1.83738 ; -0.289805
4.98183 ; 5.74959 ; -1.26191 ; -0.404649
4.67247 ; 5.20973 ; -1.18407 ; -1.40459
6.15091 ; 5.01654 ; 1.42342 ; -1.69372
4.73215 ; 6.42439 ; -0.644363 ; 1.09743
4.93333 ; 5.10844 ; -1.09575 ; -0.916795
4.43145 ; 5.70039 ; -1.2826 ; 0.0811289
5.35067 ; 5.22658 ; -0.272017 ; 0.173605
5.62255 ; 5.8291 ; -0.430248 ; 1.13414
5.33707 ; 4.30701 ; -0.27086 ; -1.53676
5.89135 ; 4.45926 ; 0.0709556 ; -1.29469
5.85286 ; 5.16462 ; 1.35527 ; -1.59141
5.64468 ; 5.53157 ; -0.339894 ; -0.237902
6.16583 ; 6.00295 ; 1.70636 ; 0.821769
6.40172 ; 5.52993 ; 1.37445 ; 1.03447
6.39832 ; 4.48298 ; 1.29677 ; -1.33743
4.92345 ; 4.50578 ; -0.847797 ; -1.37364
6.2458 ; 5.33696 ; 1.19514 ; -0.0901682
4.32489 ; 5.4515 ; -1.75973 ; -0.076671
5.45404 ; 5.19457 ; 0.395422 ; -0.86593
5.98959 ; 5.08133 ; 0.0947467 ; -0.882046
5.73454 ; 6.08415 ; 0.283071 ; 1.12861
6.73864 ; 5.15245 ; 1.65448 ; -0.825016
5.0151 ; 4.94935 ; -0.847236 ; -1.43876
5.33475 ; 6.78254 ; -0.778257 ; 1.61204
4.75321 ; 5.12396 ; -1.05319 ; -0.877574
6.17404 ; 5.88921 ; 1.41788 ; -0.126934
6.72658 ; 5.81008 ; 1.85567 ; -0.0782403
5.06268 ; 5.48432 ; -0.259699 ; -0.820425
4.83119 ; 5.50943 ; -0.692444 ; -0.86292
5.84463 ; 5.57381 ; 0.446597 ; -0.506252
6.54945 ; 4.96667 ; 1.31634 ; -1.14911
4.93039 ; 5.60724 ; -1.02544 ; 1.13134
5.71174 ; 6.24492 ; 0.727154 ; 1.70208
4.81957 ; 5.97671 ; -1.4221 ; 0.203253
6.28189 ; 4.60779 ; 0.759659 ; -1.2864
6.64433 ; 5.63142 ; 1.85832 ; -0.374276
5.07716 ; 5.37483 ; -1.12376 ; 0.592583
4.63393 ; 5.41198 ; -1.49373 ; -0.766514
5.20512 ; 5.55812 ; -0.15913 ; 0.45196
6.31348 ; 6.00849 ; 1.53114 ; 1.05887
5.15774 ; 5.61862 ; -0.951374 ; 1.11132
5.30595 ; 6.0242 ; -0.027378 ; 0.1104
6.09688 ; 4.80185 ; 0.186436 ; -0.485751
4.77183 ; 4.8295 ; -0.858401 ; -1.06713
6.13462 ; 6.02029 ; 1.00295 ; 0.384354
6.34954 ; 6.23188 ; 1.14966 ; 1.43524
5.82469 ; 5.23774 ; 1.39055 ; -0.912097
5.62362 ; 4.94839 ; 0.467603 ; -0.254118
5.32649 ; 5.61254 ; 0.293758 ; 0.126536
4.86454 ; 4.88243 ; -0.690198 ; -1.13565
5.84288 ; 6.78952 ; 1.2753 ; 1.68676
5.53901 ; 4.67908 ; 0.0477508 ; -1.71389
5.9016 ; 6.47953 ; 1.46965 ; 1.86967
5.03899 ; 6.49957 ; -0.016118 ; 1.03555
5.43288 ; 5.74745 ; -0.964185 ; 0.413195
5.32713 ; 4.5264 ; -1.29861 ; -1.03979
6.49757 ; 4.73894 ; 1.52406 ; -1.23361
6.10705 ; 4.71411 ; 1.38935 ; -1.55017
4.61702 ; 5.03552 ; -1.41437 ; -0.25493
6.22706 ; 5.26984 ; 1.72823 ; -0.176339
6.06817 ; 5.55929 ; 1.57865 ; 0.0895502
5.49995 ; 6.71919 ; -0.265117 ; 1.60491
5.24291 ; 5.5805 ; -0.221116 ; 0.245203
5.55685 ; 6.41443 ; 0.162488 ; 0.893353
6.06373 ; 4.55687 ; 0.111734 ; -1.30141
5.90015 ; 6.501 ; 1.55645 ; 1.02747
6.26069 ; 4.20713 ; 1.57312 ; -1.53601
6.04535 ; 6.78279 ; 1.56754 ; 1.68788
6.09183 ; 5.24662 ; 0.90024 ; 0.09792
5.89762 ; 5.48603 ; 1.45016 ; 0.328656
6.79984 ; 5.39934 ; 1.67039 ; -0.466605
5.44702 ; 6.13268 ; 0.475953 ; 1.48681
6.20709 ; 4.07713 ; 0.767191 ; -1.61431
5.10527 ; 4.97556 ; 0.0384136 ; -1.61727
6.05561 ; 6.39144 ; 0.608026 ; 0.99732
6.13593 ; 6.51767 ; 1.47835 ; 1.66426
4.71047 ; 6.37399 ; -1.58927 ; 1.20633
4.94318 ; 5.22252 ; -0.414405 ; -0.994262
5.50528 ; 6.82156 ; -0.769164 ; 1.5575
6.49458 ; 5.77862 ; 1.38688 ; 0.44192
4.78052 ; 5.18024 ; -1.27252 ; -1.15743
6.50589 ; 5.62431 ; 1.1786 ; 0.591479
6.04233 ; 6.22257 ; 0.176705 ; 1.46677
5.51178 ; 6.85564 ; 0.829343 ; 1.70721
5.49911 ; 5.21248 ; 0.0491408 ; -1.13558
6.58115 ; 5.71864 ; 1.69075 ; -0.213821
6.39212 ; 5.37398 ; 1.74562 ; -0.944164
5.84008 ; 5.64175 ; 0.4715 ; 0.351272
6.60823 ; 5.41524 ; 1.62117 ; -0.157328
6.43903 ; 6.25258 ; 0.924814 ; 1.58557
4.64308 ; 6.37067 ; -1.33814 ; 0.832124
4.58558 ; 5.58104 ; -1.30843 ; 0.302571
5.44672 ; 4.7158 ; -0.947029 ; -1.80453
5.66361 ; 4.70692 ; -0.625222 ; -1.82317
4.27063 ; 5.94343 ; -1.48843 ; 0.884144
5.10144 ; 6.1483 ; -0.680446 ; 1.01314
4.72117 ; 5.6693 ; -0.947856 ; 0.186913
4.96724 ; 4.40928 ; -1.00848 ; -1.62409
5.59983 ; 5.08543 ; -0.0118883 ; 0.0239191
6.85806 ; 6.32307 ; 1.76868 ; 1.3545
5.0532 ; 4.96816 ; -1.66958 ; -1.04675
5.65363 ; 5.3683 ; -0.127313 ; -0.284266
6.64718 ; 6.12401 ; 1.30352 ; 0.750079
4.10889 ; 5.86665 ; -1.7456 ; 1.17717
5.05271 ; 5.05146 ; -1.6364 ; -0.684018
4.63044 ; 5.64043 ; -0.782052 ; -0.380587
5.24651 ; 5.47554 ; -0.251718 ; 0.288142
5.11096 ; 6.709 ; -0.739117 ; 1.61976
5.97979 ; 4.59785 ; 0.691701 ; -1.13012
4.83253 ; 5.4382 ; -0.436496 ; 0.0799629
4.64009 ; 4.42322 ; -1.38689 ; -1.76231
4.84362 ; 5.89931 ; -1.6597 ; -0.074906
4.70576 ; 5.11042 ; -1.53172 ; -0.119839
6.41664 ; 4.64315 ; 1.48884 ; -0.707716
5.75513 ; 5.17007 ; 1.08327 ; -0.618389
6.35863 ; 5.55211 ; 1.24345 ; -0.68112
5.21547 ; 5.71579 ; -0.740083 ; 0.316507
4.80359 ; 5.21422 ; -1.37926 ; -1.15054
5.56277 ; 5.41248 ; 1.0498 ; 0.270304
5.21959 ; 4.94342 ; -1.10026 ; -0.347378
5.46794 ; 5.17066 ; -0.966854 ; -0.272027
5.25262 ; 5.48443 ; 0.106681 ; 0.430818
6.6353 ; 5.53233 ; 1.56688 ; 0.305863
5.1962 ; 6.27971 ; -0.222193 ; 1.40256
4.35889 ; 5.54283 ; -1.69755 ; 0.466646
5.39067 ; 4.93541 ; -0.0157938 ; -0.639815
5.78773 ; 6.1794 ; 0.814643 ; 1.26035
5.36914 ; 4.69129 ; -0.146924 ; -1.36353
6.35819 ; 6.2947 ; 1.66429 ; 1.78793
5.29196 ; 4.83009 ; -0.470416 ; -1.33392
5.46076 ; 5.95365 ; 0.233112 ; 0.304119
5.76279 ; 5.75646 ; 0.0977892 ; -0.0645713
6.03352 ; 5.97333 ; 1.51827 ; 0.44994
4.19477 ; 5.87978 ; -1.75534 ; 1.18052
5.13323 ; 4.99586 ; -0.830338 ; -0.317032
5.03011 ; 5.80209 ; -1.48311 ; 0.199844
5.19384 ; 5.04307 ; -1.11803 ; -1.63051
5.69733 ; 6.64332 ; 0.330336 ; 1.78467
4.82426 ; 5.42815 ; -1.53549 ; 0.185069
5.64773 ; 5.94628 ; 0.601006 ; 0.0435662
5.92106 ; 5.06415 ; 0.796918 ; -0.349773
5.7932 ; 5.04796 ; 0.203383 ; -0.430272
6.39743 ; 4.44994 ; 0.790787 ; -1.50974
4.86813 ; 5.71409 ; -1.00502 ; 0.164874
5.04811 ; 5.93975 ; -1.6219 ; 1.0739
6.51043 ; 5.10836 ; 1.82617 ; -1.39584
5.81222 ; 5.71785 ; 1.35481 ; 0.208182
5.51688 ; 5.05264 ; 0.238131 ; -0.11757
5.9779 ; 5.28916 ; 0.67056 ; -0.674948
4.87365 ; 5.36407 ; -1.12902 ; 0.0411284
4.72504 ; 5.41766 ; -1.36424 ; -0.232348
6.18829 ; 5.91088 ; 0.614236 ; 0.140572
5.8887 ; 4.86955 ; 1.12694 ; -1.42168
6.32258 ; 5.30495 ; 0.868998 ; 0.522861
5.07795 ; 5.34914 ; -0.140158 ; 0.535454
6.09372 ; 4.26314 ; 0.804509 ; -1.83066
6.28309 ; 4.42366 ; 0.698364 ; -1.37666
4.74161 ; 6.37756 ; -0.502929 ; 1.19854
4.45632 ; 6.0429 ; -1.69579 ; 0.515339
6.59509 ; 5.77554 ; 1.56464 ; -0.138804
5.75442 ; 5.95238 ; -0.232508 ; 0.370049
5.41463 ; 4.41278 ; 0.581572 ; -1.48967
5.40636 ; 5.87446 ; 0.482939 ; 1.55246
5.86746 ; 6.10649 ; 1.1778 ; 0.384977
5.69152 ; 4.62412 ; 0.157138 ; -1.55896
4.31532 ; 6.50489 ; -1.75919 ; 1.50161
5.34698 ; 4.61304 ; -0.958519 ; -1.74122
5.81019 ; 5.54349 ; 1.07659 ; 0.710064
6.03012 ; 5.44797 ; 1.2534 ; -0.898284
6.15442 ; 5.96577 ; 1.14549 ; 0.979054
6.44571 ; 5.20681 ; 1.84859 ; 0.0342868
5.41978 ; 4.55872 ; 0.265692 ; -1.0797
5.98372 ; 6.40395 ; 0.510737 ; 1.06302
4.28404 ; 5.64204 ; -1.75049 ; -0.60041
4.29832 ; 5.55564 ; -1.71482 ; -0.430937
6.31587 ; 4.51111 ; 0.734854 ; -1.77008
4.80916 ; 6.38865 ; -0.70449 ; 1.30251
5.68851 ; 5.95032 ; 0.781156 ; 1.26951
5.32404 ; 4.43382 ; 0.445386 ; -1.77991
5.60715 ; 4.10187 ; 0.940257 ; -1.63157
6.16459 ; 6.18322 ; 0.52084 ; 1.64164
6.09713 ; 5.60793 ; 0.307653 ; 0.401957
6.14941 ; 5.78305 ; 1.52954 ; 1.17497
5.48759 ; 6.28564 ; -0.0524916 ; 1.2811
5.0621 ; 5.14173 ; -0.960892 ; -1.47597
5.34901 ; 5.65361 ; -1.21934 ; -0.398956
5.83793 ; 6.08907 ; 1.42937 ; 1.09709
5.89233 ; 5.6746 ; 0.0345965 ; -0.563724
4.56598 ; 4.44715 ; -0.901201 ; -1.1643
4.73153 ; 5.54186 ; -0.996743 ; -0.284454
5.1357 ; 6.87125 ; -0.432135 ; 1.62618
6.6459 ; 4.97119 ; 1.31863 ; -1.15438
5.88556 ; 6.26353 ; 1.30059 ; 0.87448
4.4487 ; 6.13559 ; -1.61665 ; 1.03587
5.88686 ; 5.63649 ; 0.552872 ; -0.477762
5.93611 ; 4.7304 ; 0.963829 ; -0.821208
5.88686 ; 4.83958 ; 0.728178 ; -1.44344
4.7352 ; 5.57482 ; -1.15442 ; -0.720364
5.33977 ; 6.11049 ; -1.12447 ; 0.801861
5.12626 ; 4.75609 ; -0.866285 ; -1.7594
5.70798 ; 5.42512 ; 0.219858 ; -0.744971
4.78719 ; 6.83155 ; -0.575821 ; 1.4712
5.63229 ; 5.00858 ; 0.464294 ; -0.959424
6.32545 ; 6.70962 ; 0.719553 ; 1.37584
6.93708 ; 6.39755 ; 1.6653 ; 1.3236
4.62103 ; 4.87547 ; -1.72173 ; -0.486526
6.01931 ; 6.43251 ; 0.755631 ; 1.18371
5.265 ; 6.56911 ; 0.0464201 ; 1.16216
5.93979 ; 5.33491 ; 0.702106 ; -0.92676
5.3791 ; 4.60682 ; 0.485034 ; -1.53734
5.98108 ; 5.08792 ; 1.4077 ; -1.44615
4.68654 ; 5.13983 ; -1.66962 ; -0.916329
5.19697 ; 6.05051 ; -0.238436 ; 0.670292
5.94394 ; 4.98708 ; 0.0753772 ; -0.614221
5.98396 ; 5.46155 ; 1.60721 ; 0.30962
5.89815 ; 6.53808 ; 0.540778 ; 1.86407
4.61653 ; 4.71328 ; -1.02775 ; -1.40635
4.99654 ; 5.68317 ; -1.10343 ; 0.753968
6.69753 ; 6.20302 ; 1.60487 ; 1.61767
6.61529 ; 5.35476 ; 1.32145 ; 0.443469
5.59545 ; 4.6939 ; -0.0170895 ; -1.5627
5.22723 ; 5.64055 ; -0.455947 ; -0.044016
5.96001 ; 5.93122 ; 0.395731 ; 1.58976
6.01 ; 4.51513 ; 0.775982 ; -1.61081
5.26807 ; 5.2477 ; 0.196159 ; -1.18393
6.59322 ; 6.01951 ; 1.25639 ; 0.901124
5.71629 ; 4.49567 ; 0.206159 ; -1.59084
6.24342 ; 5.58214 ; 1.38522 ; 0.201627
5.01533 ; 5.19764 ; -0.614232 ; -1.46546
4.57772 ; 6.53168 ; -1.03177 ; 1.62318
4.44592 ; 6.12157 ; -1.30916 ; 0.892296
4.52892 ; 4.33067 ; -1.54608 ; -1.5623
4.80069 ; 4.78081 ; -0.808378 ; -0.955938
6.06183 ; 5.47045 ; 1.50122 ; -0.614282
5.95408 ; 5.78784 ; 0.112889 ; 0.469204
5.78883 ; 5.48671 ; 0.203755 ; -0.36752
4.78682 ; 5.80091 ; -0.547615 ; 0.847456
4.65695 ; 5.11334 ; -1.32986 ; -0.897246
4.277 ; 5.94648 ; -1.6427 ; 0.301899
6.31966 ; 4.36733 ; 0.697211 ; -1.12059
5.50755 ; 4.75066 ; -0.0874405 ; -1.39456
4.90728 ; 4.8825 ; -0.390476 ; -0.642081
5.36072 ; 4.59481 ; 0.0743818 ; -0.855424
5.2197 ; 5.57854 ; -1.01418 ; -0.598782
5.38207 ; 4.77015 ; -0.789827 ; -1.50974
5.67867 ; 5.52488 ; 0.311988 ; 0.710673
5.95082 ; 5.25127 ; 0.263494 ; -0.943593
5.37904 ; 4.35736 ; -0.6409 ; -1.58015
5.30517 ; 6.55968 ; 0.138667 ; 1.4076
5.59538 ; 6.40696 ; 1.16391 ; 1.10472
5.19131 ; 5.80114 ; -1.48888 ; 0.634341
6.62429 ; 4.53238 ; 1.20933 ; -0.923205
5.24505 ; 5.35403 ; 0.223478 ; -0.442754
5.37661 ; 5.05457 ; 0.451102 ; -1.30053
5.04569 ; 5.00277 ; -1.57234 ; -1.32654
6.30193 ; 6.59811 ; 0.865709 ; 1.39193
5.01698 ; 5.96063 ; -0.142363 ; 0.141668
5.43195 ; 6.01021 ; -0.877501 ; 0.578631
5.16525 ; 6.0554 ; -1.59621 ; 1.5694
5.84314 ; 6.12059 ; 0.221621 ; 0.737979
5.51706 ; 4.21639 ; -0.412668 ; -1.72556
6.01118 ; 5.36842 ; 1.49999 ; -0.653092
5.80874 ; 5.6333 ; 0.671621 ; 1.1061
6.78081 ; 4.92573 ; 1.64555 ; -0.143064
5.79059 ; 5.0218 ; 0.645672 ; -0.788236
6.80564 ; 5.22393 ; 1.51964 ; -0.977789
6.54947 ; 6.16977 ; 1.57343 ; 0.381884
5.79394 ; 5.77298 ; 0.879368 ; 1.21286
6.09101 ; 5.37646 ; 0.780382 ; -0.865073
5.25836 ; 6.56272 ; -0.17152 ; 1.67882
6.21204 ; 5.51154 ; 1.50243 ; 0.694367
6.32595 ; 5.43374 ; 1.20566 ; -0.328478
4.75986 ; 4.49476 ; -0.911813 ; -1.49677
4.62089 ; 5.3594 ; -1.08834 ; -0.5054
5.23868 ; 4.90497 ; 0.237256 ; -0.951666
6.14061 ; 6.02333 ; 1.34503 ; 0.353108
4.49614 ; 5.83602 ; -1.72263 ; -0.314975
5.64114 ; 5.84991 ; -0.311269 ; 0.605991
5.88355 ; 4.77069 ; 0.290058 ; -1.27389
5.57706 ; 5.84937 ; 0.0666748 ; 0.299619
6.00284 ; 5.67566 ; 1.45564 ; 0.275563
5.0086 ; 6.30483 ; -1.48661 ; 1.1867
4.82189 ; 4.9966 ; -0.723513 ; -0.347225
5.44405 ; 6.48528 ; -0.1836 ; 1.81322
5.79447 ; 6.95629 ; 1.00307 ; 1.75916
5.28399 ; 5.25253 ; -0.455304 ; 0.392744
5.57984 ; 6.51051 ; -0.708822 ; 1.45206
5.99143 ; 5.18708 ; 1.39016 ; -1.08799
4.78942 ; 6.3196 ; -0.511547 ; 1.44955
6.01381 ; 4.9798 ; 1.51253 ; -0.948475
5.75688 ; 5.09711 ; -0.447655 ; -0.165274
6.20849 ; 4.76309 ; 0.587302 ; -1.74823
5.12868 ; 5.28282 ; -0.00765211 ; 0.441003
5.67743 ; 5.83425 ; 1.03651 ; -0.114766
4.98614 ; 6.7869 ; -1.39313 ; 1.68572
6.55403 ; 4.49667 ; 1.68076 ; -1.45268
4.48918 ; 6.30022 ; -1.30836 ; 0.649651
5.64422 ; 5.8634 ; 0.0361324 ; 0.880971
5.7786 ; 5.49644 ; 1.08191 ; -0.544345
4.38297 ; 5.57147 ; -1.26467 ; 1.11735
4.471 ; 5.0912 ; -1.17289 ; -0.450321
6.33743 ; 4.74424 ; 1.05811 ; -1.60206
5.60056 ; 6.1221 ; 0.663875 ; 0.910158
5.57334 ; 5.0854 ; 0.834328 ; -0.416249
6.30019 ; 4.56581 ; 1.18621 ; -1.67674
6.44697 ; 4.38291 ; 1.33662 ; -1.21577
5.82992 ; 4.23351 ; 1.41507 ; -1.78616
5.95371 ; 6.6005 ; 0.805968 ; 1.42991
5.38876 ; 6.328 ; 0.0357595 ; 1.45066
4.79839 ; 5.32216 ; -1.58422 ; -0.322425
6.41748 ; 5.76272 ; 1.07199 ; 1.48311
5.30026 ; 5.5248 ; -0.982963 ; 0.0483664
5.63688 ; 6.81653 ; -0.380114 ; 1.64295
6.64067 ; 5.53203 ; 1.55878 ; 0.974139
6.48753 ; 6.19849 ; 1.7828 ; 1.71182
4.5205 ; 5.97287 ; -1.26772 ; 1.12799
5.17163 ; 5.94097 ; -1.48339 ; 1.17791
4.79874 ; 5.95445 ; -0.820845 ; 0.471748
4.5217 ; 5.1752 ; -1.69255 ; -1.53014
6.58921 ; 5.66412 ; 1.87497 ; -0.298076
5.70342 ; 5.38284 ; 1.29687 ; -0.844112
5.47518 ; 6.73226 ; -1.00717 ; 1.61646
4.10678 ; 5.1376 ; -1.66641 ; -1.29865
5.77721 ; 4.71565 ; 1.23092 ; -1.29303
4.73586 ; 5.27775 ; -0.960471 ; -0.8349
4.82822 ; 6.52753 ; -0.556211 ; 1.04521
6.4925 ; 5.2919 ; 1.40646 ; 0.495642
4.53418 ; 5.18375 ; -1.13781 ; 0.140359
5.08881 ; 6.07257 ; -0.140866 ; 0.920793
5.47447 ; 5.52709 ; -0.517167 ; -0.163133
4.92151 ; 5.77636 ; -0.430231 ; 0.198171
4.83935 ; 6.36382 ; -0.979345 ; 0.929775
4.72216 ; 5.27529 ; -0.770603 ; -0.181438
5.39127 ; 5.76695 ; 0.28112 ; 1.33889
6.5289 ; 4.83423 ; 1.6755 ; -1.66321
6.2573 ; 5.92766 ; 1.47584 ; 1.54089
5.17112 ; 5.94319 ; -0.395311 ; 0.124774
5.87639 ; 6.75519 ; -0.196926 ; 1.41036
5.25433 ; 6.19216 ; 0.415959 ; 1.69022
5.48829 ; 4.54436 ; 0.929141 ; -1.18918
4.48644 ; 5.57428 ; -1.70529 ; 0.360962
5.53405 ; 6.08507 ; -0.648878 ; 1.36527
4.48563 ; 5.78174 ; -1.18194 ; 0.556659
5.30101 ; 5.33588 ; 0.508226 ; -0.53134
5.04216 ; 5.37216 ; -1.04911 ; -1.0829
4.82759 ; 5.87032 ; -1.18519 ; 0.0870536
4.91854 ; 5.39266 ; -0.95061 ; -0.471964
5.45047 ; 4.37811 ; -0.596308 ; -1.33791
6.21678 ; 4.07095 ; 1.03184 ; -1.63523
5.32637 ; 6.18844 ; -0.112289 ; 1.54194
5.64224 ; 5.25833 ; -0.527724 ; -0.0790124
6.06071 ; 6.46198 ; 1.39932 ; 1.74548
5.14575 ; 4.93648 ; 0.0610831 ; -1.7028
6.68008 ; 5.10057 ; 1.68879 ; -0.997361
5.35826 ; 5.5916 ; 0.13726 ; 0.264199
5.38982 ; 4.76121 ; -1.04617 ; -1.61355
6.64395 ; 5.73516 ; 1.53479 ; -0.07062
6.15448 ; 5.86993 ; 0.487945 ; 1.69253
5.90506 ; 6.34896 ; -0.177809 ; 0.878217
5.6298 ; 5.47419 ; 0.67298 ; -0.687031
6.04717 ; 5.23659 ; 0.972212 ; -0.940518
6.04686 ; 6.48722 ; 0.531738 ; 1.02596
4.87477 ; 6.7104 ; -0.431146 ; 1.36575
5.53122 ; 4.8781 ; 0.133462 ; -1.43324
5.03234 ; 4.83878 ; -0.827936 ; -1.56125
6.21751 ; 4.59915 ; 1.28848 ; -1.10234
4.53348 ; 4.37742 ; -1.70897 ; -1.47532
5.81448 ; 5.24604 ; 1.06241 ; -1.26649
5.76814 ; 6.71078 ; 0.678872 ; 1.52573
5.04651 ; 5.79849 ; -0.0904776 ; 1.26571
5.42737 ; 6.29719 ; 0.325215 ; 1.10465
5.50847 ; 4.71164 ; -0.124829 ; -1.15085
6.29577 ; 5.13387 ; 1.10039 ; -0.281121
4.50671 ; 5.76383 ; -1.51379 ; 1.00462
5.86255 ; 5.1556 ; 1.22168 ; -0.0194344
5.91558 ; 5.86709 ; 1.38219 ; -0.0918842
5.13673 ; 6.4312 ; -0.912692 ; 1.72102
5.69438 ; 5.70716 ; 0.382032 ; 0.142627
5.41514 ; 5.65864 ; -1.06938 ; 0.703464
6.51514 ; 5.57224 ; 1.17691 ; -0.677297
5.92619 ; 4.88942 ; 0.884451 ; -1.46742
5.88314 ; 4.79672 ; 0.471266 ; -1.14509
4.73567 ; 5.58486 ; -1.59812 ; -0.151031
5.59354 ; 5.06832 ; 1.0859 ; 0.0366965
5.3984 ; 6.15202 ; -0.104299 ; 1.0933
6.44104 ; 4.80386 ; 1.29511 ; -1.02606
5.93836 ; 5.33923 ; 0.820866 ; -1.26062
5.43226 ; 6.04165 ; 0.300049 ; 1.47084
4.31946 ; 5.91098 ; -1.60559 ; 0.994831
5.24948 ; 6.03873 ; 0.074549 ; 1.4898
4.94655 ; 5.9868 ; -1.28786 ; 0.480773
6.45058 ; 5.72951 ; 1.30847 ; 0.351941
5.05625 ; 6.08077 ; -1.17684 ; 0.974675
5.85705 ; 5.00243 ; 1.4356 ; -0.718824
5.57879 ; 4.69525 ; -0.199311 ; -1.41128
6.13001 ; 4.71078 ; 1.52766 ; -1.27166
4.99477 ; 5.09704 ; -0.902909 ; -0.0735879
5.51001 ; 5.64105 ; 0.676769 ; -0.444987
5.8172 ; 5.42464 ; 0.199701 ; -0.541063
5.02767 ; 5.1825 ; -0.877706 ; -1.57155
6.8613 ; 5.19246 ; 1.67034 ; -0.900924
4.78343 ; 4.96902 ; -1.65659 ; -0.561469
5.93642 ; 5.61772 ; 0.0776655 ; -0.0460503
5.5868 ; 6.15493 ; 0.0241371 ; 0.68793
4.47962 ; 5.74918 ; -1.6332 ; 1.43265
5.78808 ; 4.27098 ; 0.492612 ; -1.8447
6.3744 ; 6.13518 ; 1.2173 ; 0.921496
5.21134 ; 6.07498 ; 0.16205 ; 0.703995
5.76156 ; 5.67586 ; 1.02012 ; 0.490059
5.83812 ; 4.79144 ; 1.21213 ; -1.33318
5.27582 ; 5.9328 ; 0.0986946 ; 0.50677
4.86951 ; 4.78496 ; -0.815071 ; -0.677429
5.37059 ; 4.92768 ; -0.442615 ; -0.975443
6.36567 ; 5.86724 ; 1.11171 ; 1.10539
5.81176 ; 6.89347 ; 0.0572314 ; 1.60759
5.84429 ; 4.28956 ; 0.760822 ; -1.75406
5.8325 ; 5.55827 ; -0.097021 ; -0.455553
5.29602 ; 4.88763 ; -0.492151 ; -0.90436
4.60745 ; 5.01718 ; -1.52045 ; -0.0815232
5.96734 ; 5.73763 ; 1.47077 ; 0.885977
6.56628 ; 4.67423 ; 1.59529 ; -1.31985
4.85538 ; 4.98679 ; -1.71181 ; -0.751108
5.09118 ; 4.41741 ; -1.18183 ; -1.64225
5.28441 ; 5.33528 ; -0.17671 ; -0.9217
4.76993 ; 5.93226 ; -0.984822 ; 1.06374
5.64712 ; 5.13288 ; -0.499277 ; -1.62428
4.78868 ; 6.34279 ; -1.61466 ; 1.09111
5.11089 ; 6.68355 ; -1.01492 ; 1.79528
6.17901 ; 5.54928 ; 0.778324 ; -0.148789
4.88392 ; 5.0208 ; -1.13174 ; -0.504883
6.50795 ; 4.84247 ; 1.78955 ; -0.370014
6.09902 ; 4.51634 ; 1.20757 ; -1.81678
4.85659 ; 6.18284 ; -1.30706 ; 1.16177
6.52694 ; 5.30247 ; 1.63129 ; -1.00445
6.37661 ; 4.77631 ; 1.66114 ; -1.20076
6.47688 ; 5.07713 ; 1.2336 ; -0.523506
5.72688 ; 5.89862 ; 1.40112 ; 0.314997
6.6914 ; 5.00137 ; 1.59952 ; -1.20351
5.43294 ; 5.96679 ; 0.491057 ; 1.14574
5.70647 ; 5.3681 ; -0.158682 ; -0.622302
5.73305 ; 5.7948 ; -0.209067 ; 0.188786
6.21886 ; 6.09836 ; 1.52143 ; 1.10597
4.88472 ; 6.14412 ; -1.68262 ; 1.57634
6.15372 ; 6.09446 ; 0.35884 ; 0.599619
5.04284 ; 6.40479 ; -0.358922 ; 1.12824
4.64044 ; 5.21747 ; -1.07247 ; -0.548798
5.98339 ; 6.62947 ; 0.940797 ; 1.66186
5.59404 ; 5.77576 ; -0.547044 ; 0.37605
5.50493 ; 5.60964 ; -0.282427 ; -0.609751
5.93859 ; 5.51201 ; 0.180501 ; 0.00340148
5.88323 ; 5.96661 ; 0.835202 ; 1.00228
5.45012 ; 5.29012 ; -0.497693 ; -1.26102
6.38755 ; 4.70672 ; 1.04191 ; -1.17438
5.7356 ; 5.88884 ; 0.00521206 ; 0.782827
6.05749 ; 6.28237 ; 0.93631 ; 1.30069
5.63998 ; 6.24665 ; -0.500717 ; 1.53493
5.65088 ; 5.85513 ; 0.356267 ; 1.40462
6.3773 ; 4.99626 ; 1.37195 ; -0.641681
5.84795 ; 5.22282 ; 0.0119171 ; -0.758238
6.60025 ; 5.07109 ; 1.44163 ; 0.17335
6.45664 ; 4.11938 ; 1.26551 ; -1.50791
4.82472 ; 5.88223 ; -1.74931 ; 0.855221
5.99792 ; 5.55139 ; 0.913974 ; 0.0181092
5.87403 ; 6.81237 ; 0.879805 ; 1.6604
5.27377 ; 6.17625 ; -1.22975 ; 1.52941
5.77819 ; 6.16654 ; 1.16206 ; 1.358
5.21775 ; 6.11291 ; -0.470501 ; 1.2877
6.01095 ; 4.8837 ; 1.72843 ; -0.405388
5.78539 ; 4.83383 ; 0.642314 ; -0.731865
6.1163 ; 6.04256 ; 0.304621 ; 0.498442
4.65552 ; 5.31428 ; -1.6767 ; -0.762015
4.89857 ; 4.88206 ; -0.844975 ; -1.42585
5.39536 ; 6.7967 ; -0.0506019 ; 1.69828
6.36881 ; 5.67397 ; 1.42336 ; 0.819492
5.66308 ; 4.71019 ; 0.786817 ; -1.76654
5.20355 ; 5.44871 ; 0.10612 ; 0.801563
5.11336 ; 4.94251 ; -0.866151 ; -1.40498
5.67174 ; 6.31612 ; -0.182252 ; 1.16138
4.59348 ; 5.57539 ; -1.28731 ; -0.561372
6.3501 ; 4.79411 ; 0.987248 ; -1.27811
4.43567 ; 5.27503 ; -1.58663 ; -1.09593
5.45769 ; 5.07654 ; -0.118928 ; -1.30944
5.54199 ; 6.55695 ; -0.754876 ; 1.07767
4.89436 ; 5.97349 ; -0.48589 ; 1.38164
6.26142 ; 6.49265 ; 1.31394 ; 1.52728
6.20788 ; 6.5445 ; 1.62887 ; 1.06176
4.52217 ; 4.62389 ; -1.70814 ; -0.96318
4.17158 ; 5.46292 ; -1.62887 ; -0.864604
5.05665 ; 4.16101 ; -0.730578 ; -1.58682
4.61419 ; 6.76812 ; -0.70061 ; 1.34474
5.75206 ; 6.3592 ; 1.38386 ; 1.14244
5.06297 ; 6.18407 ; -1.5674 ; 0.620167
6.03956 ; 4.88633 ; 0.895273 ; -1.30242
5.69129 ; 5.81368 ; 1.22912 ; 1.4658
4.74867 ; 4.96909 ; -0.985055 ; -1.46254
5.26641 ; 4.84643 ; 0.372407 ; -0.669029
5.96142 ; 5.20712 ; 1.26061 ; -0.354209
5.49969 ; 5.43698 ; 0.62138 ; -0.952201
5.57723 ; 5.30242 ; -0.295194 ; -0.153312
4.08314 ; 4.50408 ; -1.59873 ; -1.51435
5.56307 ; 4.99288 ; -0.82562 ; -0.547265
6.25395 ; 5.61631 ; 0.621448 ; -0.448391
5.73682 ; 4.65489 ; 1.29836 ; -1.37326
6.02067 ; 5.93612 ; 0.738981 ; 0.24978
4.55101 ; 5.2281 ; -1.78229 ; -0.0799398
5.68087 ; 4.17522 ; 0.0881849 ; -1.71361
4.79792 ; 4.6508 ; -1.57851 ; -0.917439
6.49836 ; 4.81118 ; 1.45226 ; -0.693208
4.64579 ; 5.50891 ; -0.722981 ; 0.967891
5.31589 ; 4.37229 ; -0.928974 ; -1.51304
5.76886 ; 5.82582 ; 0.870873 ; 0.545818
4.95721 ; 5.41301 ; -0.824138 ; 0.172455
5.81963 ; 5.22226 ; 1.31612 ; 0.324296
4.73292 ; 5.13706 ; -1.27914 ; -0.79184
4.89757 ; 5.98955 ; -1.35854 ; 0.23035
5.04747 ; 5.95236 ; -0.545744 ; 1.12115
5.8974 ; 5.87808 ; 0.129523 ; 1.24708
4.98545 ; 6.16306 ; -1.55562 ; 1.18707
5.02285 ; 4.95931 ; -0.58284 ; -0.704042
4.06503 ; 4.98899 ; -1.73427 ; -0.918838
5.72329 ; 6.21522 ; 0.740291 ; 1.78774
4.7812 ; 4.32992 ; -0.654885 ; -1.46054
5.77726 ; 5.66094 ; 0.437915 ; -0.169563
4.92285 ; 5.0242 ; -0.960784 ; -0.405473
4.90081 ; 5.20513 ; -0.497538 ; -0.330995
5.25369 ; 4.85595 ; 0.425499 ; -0.874285
5.57317 ; 4.47645 ; 0.816914 ; -1.79707
4.27094 ; 4.869 ; -1.65356 ; -0.953063
4.42529 ; 5.57045 ; -1.57478 ; -0.45532
4.55633 ; 5.92602 ; -1.19967 ; 0.273575
4.65591 ; 6.00926 ; -1.07929 ; 1.06195
5.4134 ; 5.51797 ; 0.100553 ; 0.246958
5.15425 ; 5.63434 ; -0.925209 ; -0.501706
5.08549 ; 4.71681 ; -0.989002 ; -1.53914
5.32512 ; 5.59959 ; -0.688882 ; 0.0599964
5.96124 ; 5.02893 ; 0.129968 ; -0.943322
5.09422 ; 5.15663 ; -1.44163 ; 0.102686
6.11007 ; 4.12365 ; 0.775684 ; -1.64911
5.82678 ; 6.07689 ; 0.914956 ; 1.29907
6.54603 ; 5.67988 ; 1.89289 ; 1.26478
5.13669 ; 5.92918 ; -0.277556 ; 1.68109
5.56333 ; 5.48309 ; -0.741491 ; 0.463001
5.35545 ; 6.43467 ; -0.911588 ; 1.50562
5.96545 ; 5.61333 ; 1.24813 ; 0.64716
4.4416 ; 4.86179 ; -1.7188 ; -1.22076
4.85752 ; 5.7391 ; -1.19458 ; 1.28345
5.13168 ; 4.67507 ; -0.498268 ; -1.51937
4.88496 ; 4.54796 ; -0.969481 ; -1.82677
5.65864 ; 5.53276 ; 0.0173623 ; -0.558034
6.26469 ; 4.76569 ; 0.623242 ; -1.49334
6.20444 ; 5.97545 ; 0.872085 ; 0.198501
5.52849 ; 4.95851 ; 0.344096 ; -1.3554
4.43747 ; 4.57831 ; -1.4572 ; -1.08528
5.16917 ; 5.25295 ; 0.211915 ; 0.0121448
5.48701 ; 5.93866 ; 0.649135 ; 0.637025
4.81369 ; 6.33 ; -1.60519 ; 0.672651
5.93116 ; 4.9176 ; 1.42693 ; -0.652132
6.19333 ; 4.44101 ; 1.57727 ; -1.49537
5.30141 ; 5.76836 ; -0.879429 ; -0.219609
5.8279 ; 5.16465 ; -0.280933 ; -0.509397
5.20894 ; 5.18262 ; -0.796363 ; -1.29034
5.13835 ; 4.59633 ; -1.2048 ; -1.16557
6.64621 ; 4.44775 ; 1.69466 ; -0.972145
6.62744 ; 6.63212 ; 1.60247 ; 1.43981
4.99568 ; 6.42312 ; -0.210044 ; 1.76354
5.20359 ; 6.50865 ; 0.0549183 ; 1.34398
6.15957 ; 5.71307 ; 1.21021 ; 0.14541
6.15578 ; 6.24102 ; 0.79642 ; 1.60414
6.50573 ; 4.68682 ; 1.50152 ; -1.53375
5.4517 ; 5.79301 ; 0.514449 ; 0.931045
4.50332 ; 5.04912 ; -1.59167 ; -0.994493
5.62419 ; 6.30312 ; 0.0267226 ; 0.668768
4.50247 ; 4.42691 ; -1.36435 ; -1.47865
5.29089 ; 4.79656 ; -1.0471 ; -1.67183
5.41559 ; 4.6205 ; 0.0215403 ; -1.5876
4.52766 ; 5.96277 ; -1.46977 ; 0.621697
5.94219 ; 5.61883 ; 1.67346 ; 0.340263
5.91134 ; 6.70193 ; 0.986045 ; 1.42337
6.12399 ; 4.32782 ; 1.31529 ; -1.41552
6.34541 ; 5.88757 ; 1.48663 ; 1.61918
4.53074 ; 5.73195 ; -1.05186 ; -0.302659
4.99111 ; 5.78096 ; -0.582815 ; -0.056751
6.30989 ; 5.72008 ; 0.980397 ; 0.438412
5.24901 ; 4.95512 ; -1.36843 ; -1.20172
5.1672 ; 4.72118 ; 0.0856392 ; -1.31001
4.86398 ; 5.27473 ; -1.44926 ; -1.18303
5.65264 ; 4.7508 ; 0.361395 ; -1.26801
6.14779 ; 5.65694 ; 1.44392 ; 0.258993
5.03123 ; 5.81443 ; -0.236484 ; 1.21402
5.35245 ; 6.23887 ; -0.331754 ; 0.850702
5.2924 ; 5.23407 ; 0.0215959 ; -0.377347
5.40737 ; 5.92582 ; -0.177651 ; 1.09063
5.65603 ; 4.5191 ; -0.263613 ; -1.15601
4.80991 ; 5.45746 ; -1.53191 ; -0.0673471
5.64911 ; 4.52905 ; -0.398224 ; -1.87395
5.86911 ; 5.36763 ; 1.40889 ; 0.549787
