2.98525 ; 3.19919 ; -1.07607 ; 6.33457
3.1532 ; 8.33338 ; -1.62758 ; -2.11234
3.11019 ; 7.57062 ; -1.96953 ; 1.52075
8.94177 ; 8.19088 ; -1.50453 ; -1.14733
2.99963 ; 1.86943 ; 3.04154 ; 1.87577
8.87971 ; 8.26158 ; -1.2295 ; -1.57822
2.67324 ; 2.08068 ; -0.176929 ; 0.22311
2.77809 ; 8.17581 ; 0.96889 ; -4.83605
4.01203 ; 8.25909 ; -3.62134 ; -0.172214
2.91465 ; 2.07932 ; -1.29982 ; -0.761573
3.21137 ; 2.33042 ; -1.9656 ; 4.83998
8.0172 ; 2.06688 ; -6.1316 ; 1.16616
7.90446 ; 5.93652 ; 3.1034 ; 4.6505
5.98527 ; 7.94654 ; 5.25315 ; 1.14112
5.05787 ; 7.0456 ; -4.89317 ; 3.37322
6.71838 ; 2.425 ; -5.81634 ; -1.87361
8.38844 ; 6.84299 ; 2.00782 ; 3.50538
2.67708 ; 2.71208 ; -0.843576 ; -2.34955
2.98838 ; 2.54191 ; 0.211977 ; 2.30786
5.22076 ; 2.43248 ; 5.60301 ; -1.90067
2.53755 ; 1.85146 ; 0.88486 ; 1.10875
8.87947 ; 1.97703 ; -0.646975 ; 0.302604
2.85505 ; 2.09577 ; -1.06473 ; -0.767778
8.24133 ; 2.24735 ; -6.08318 ; -0.0335128
7.8155 ; 2.32544 ; 2.87274 ; -1.81003
4.18875 ; 8.30723 ; -3.95901 ; -1.74822
3.31331 ; 7.86935 ; 4.08225 ; 0.649294
2.54557 ; 7.64266 ; 4.5912 ; 0.295091
8.92826 ; 8.24741 ; -1.96789 ; -1.97378
7.38522 ; 4.07563 ; -5.08732 ; 6.42482
3.20698 ; 2.06031 ; -2.12033 ; -0.702984
2.55476 ; 7.40314 ; 1.28366 ; 2.21406
3.07775 ; 2.24889 ; -1.88567 ; -1.42866
2.74441 ; 6.11661 ; -0.614236 ; -5.29453
7.98411 ; 7.12601 ; 2.84875 ; 3.1378
2.77772 ; 7.9543 ; -0.768436 ; 0.726839
7.31868 ; 6.92124 ; 3.83972 ; 3.58522
8.33282 ; 7.80834 ; 1.83993 ; 1.51664
8.52617 ; 1.95948 ; 0.97855 ; -0.174752
7.05161 ; 6.90226 ; 4.41033 ; -5.16468
8.27013 ; 8.2616 ; 0.0733018 ; -4.09168
8.44578 ; 1.9954 ; 0.893693 ; -0.333107
8.50246 ; 8.02473 ; -5.67089 ; -2.73398
8.94398 ; 7.42466 ; -0.380055 ; 2.21381
8.45539 ; 1.95604 ; 0.935627 ; 2.928
8.35868 ; 7.69648 ; 1.71556 ; 1.79318
2.51436 ; 8.07746 ; 0.731309 ; -0.242368
8.34256 ; 7.65862 ; 1.85683 ; 1.45466
7.92799 ; 6.60762 ; 3.00439 ; 3.76794
2.54637 ; 8.2386 ; 1.04095 ; -1.33475
8.2964 ; 7.50279 ; 2.07577 ; 2.32315
2.52036 ; 8.20016 ; 1.09488 ; -1.08534
8.70866 ; 7.91357 ; 0.577044 ; 0.907628
8.85491 ; 1.91685 ; -0.635063 ; 0.624707
3.51653 ; 4.78713 ; 4.07958 ; 5.77113
8.22422 ; 1.68612 ; 1.68211 ; 1.89564
2.77719 ; 8.24035 ; -0.387702 ; -0.760382
8.37765 ; 1.99214 ; 1.49231 ; -0.448783
2.65467 ; 8.17092 ; 0.0842216 ; -0.46472
3.0333 ; 2.2635 ; -1.77534 ; -1.4562
3.7472 ; 7.96349 ; 6.47862 ; -0.571125
8.83881 ; 8.07077 ; -0.255897 ; 0.0453987
8.50984 ; 1.9747 ; 1.05382 ; -0.261231
4.27745 ; 7.8072 ; -4.06242 ; 1.70818
2.51118 ; 1.80367 ; 1.93331 ; 2.43398
6.66498 ; 1.94695 ; 4.34372 ; -0.563955
2.91145 ; 7.57438 ; -1.4921 ; 1.9818
2.93765 ; 8.01919 ; -1.16986 ; 0.613579
8.26819 ; 7.88793 ; 1.97946 ; 1.31006
8.41078 ; 2.8801 ; 1.34503 ; 4.61113
4.4954 ; 7.78289 ; -4.33741 ; 1.79883
5.71233 ; 7.35852 ; 5.19811 ; 2.81207
2.76968 ; 7.99555 ; -0.691372 ; 0.559794
6.82778 ; 4.31249 ; 4.65359 ; 5.74069
8.37483 ; 3.22841 ; 1.98836 ; -3.06897
2.5786 ; 1.87095 ; 0.495644 ; 0.787209
2.70268 ; 7.52783 ; -0.819147 ; 1.97141
3.2075 ; 7.47898 ; -2.28776 ; 2.23073
2.7184 ; 7.7221 ; -0.358326 ; 1.43837
2.53712 ; 2.7961 ; -0.0882159 ; -2.59893
2.82623 ; 4.0596 ; -1.11055 ; 5.17267
2.82093 ; 1.87786 ; -0.752178 ; 0.271225
8.27355 ; 2.17282 ; 1.90456 ; -1.12558
8.64974 ; 8.03233 ; 0.694081 ; 0.503832
2.71445 ; 2.12223 ; -0.62173 ; -0.717899
4.96243 ; 7.38098 ; -4.59508 ; 2.809
3.26918 ; 1.93783 ; -2.20823 ; -0.400796
3.87182 ; 2.93966 ; -3.37226 ; -2.05372
3.72804 ; 2.23187 ; -3.27612 ; 4.44185
8.83747 ; 1.88381 ; -0.614001 ; 0.802692
8.49172 ; 1.89471 ; 1.03225 ; 0.113554
7.15768 ; 6.38615 ; 1.40102 ; 4.26889
2.7393 ; 7.50841 ; -0.784407 ; 1.96427
2.38734 ; 7.92834 ; 1.98001 ; 0.201442
8.27476 ; 8.04354 ; -5.4823 ; -1.03929
2.54825 ; 1.86563 ; 0.731711 ; 0.940724
7.31497 ; 4.71563 ; 4.0633 ; -5.19727
8.08191 ; 8.26252 ; 2.20501 ; -1.85062
6.34773 ; 7.83452 ; -5.59979 ; 1.39621
2.59101 ; 2.15783 ; -0.103567 ; -0.730802
8.72435 ; 1.87212 ; 0.0331247 ; 0.5986
2.91279 ; 8.08453 ; -1.11819 ; 0.337944
6.16063 ; 7.62153 ; -4.02941 ; 1.80726
3.28403 ; 5.76975 ; -2.55733 ; -4.61514
8.34492 ; 3.94005 ; 2.16028 ; -4.40312
8.7104 ; 8.16376 ; 0.250354 ; -0.221999
4.81852 ; 1.86084 ; -4.2201 ; 2.44027
8.83594 ; 2.85894 ; 0.391124 ; -2.67018
3.18722 ; 3.6466 ; -1.09065 ; -4.16039
2.86812 ; 3.76656 ; -1.64059 ; -4.23132
3.5783 ; 3.71548 ; -3.16526 ; -1.1929
6.63926 ; 2.79553 ; 4.54794 ; -3.00635
2.64483 ; 2.50556 ; -0.630495 ; -1.89438
2.84946 ; 7.39103 ; -1.23671 ; 2.40624
5.14012 ; 2.23451 ; 5.60177 ; -1.36825
3.00516 ; 2.47161 ; -1.80067 ; -2.00805
2.71884 ; 8.11262 ; -0.332475 ; -0.0208186
8.82929 ; 7.00735 ; 0.498509 ; 3.18364
2.97131 ; 7.48089 ; -0.736337 ; -6.14826
8.70309 ; 3.01033 ; 0.993302 ; -2.99003
3.06156 ; 1.96194 ; -1.62452 ; -0.395389
7.40705 ; 2.83937 ; 3.74257 ; -2.99493
6.96372 ; 3.81787 ; -5.82563 ; -4.52343
5.22221 ; 2.20498 ; 5.49142 ; 4.7455
7.50098 ; 3.90009 ; 3.74552 ; -4.50942
8.46838 ; 6.90929 ; 1.20101 ; -4.92114
2.60606 ; 2.36271 ; -0.144825 ; -1.40079
8.9095 ; 8.20691 ; -1.21161 ; -1.11485
8.23852 ; 8.34535 ; 1.66805 ; -3.2386
8.11008 ; 1.7769 ; 2.09406 ; 0.75561
2.74303 ; 8.13562 ; -0.406973 ; -0.113901
2.67461 ; 5.74494 ; 0.146142 ; -6.11805
8.7195 ; 1.85608 ; 0.0249707 ; 0.696761
9.04375 ; 2.36307 ; -1.51213 ; -1.16425
4.37886 ; 7.95088 ; -4.08403 ; 1.10524
5.58899 ; 7.12346 ; -5.13869 ; 3.31412
8.71238 ; 2.10294 ; 0.438322 ; -0.581021
3.02385 ; 1.98906 ; -1.52951 ; -0.482468
2.75564 ; 2.04514 ; -0.698023 ; -0.481503
2.38983 ; 2.09936 ; 1.53287 ; -0.105441
2.84899 ; 7.2753 ; -1.42766 ; 2.6394
2.39569 ; 2.0026 ; 2.0066 ; 0.543705
3.84633 ; 2.54589 ; -3.51128 ; -2.43169
2.94162 ; 5.45408 ; -1.20872 ; -5.77942
2.50978 ; 7.81068 ; 0.353592 ; 0.967978
2.7925 ; 4.10543 ; -1.09015 ; 4.26989
6.29344 ; 2.14312 ; 4.60044 ; -1.32537
8.64298 ; 2.3909 ; 0.948563 ; -1.61515
8.70046 ; 8.35766 ; -0.238086 ; -2.1847
8.95717 ; 8.18325 ; -1.68061 ; -1.1802
7.50529 ; 6.86446 ; 3.65002 ; 3.66254
3.3562 ; 5.86329 ; -2.70876 ; 4.81901
8.88648 ; 8.26166 ; -1.30925 ; -1.6277
8.06873 ; 4.17652 ; -4.90148 ; 3.01346
2.69178 ; 2.09483 ; -0.504341 ; -0.604155
2.54637 ; 2.44192 ; -0.112789 ; -1.62851
8.85636 ; 7.7395 ; -0.98571 ; -0.634345
3.37418 ; 7.32036 ; -2.67039 ; 2.72547
2.49897 ; 8.11013 ; 0.941135 ; -0.489926
8.73605 ; 7.26397 ; 0.867204 ; 2.67074
2.63678 ; 1.83254 ; 0.222647 ; 0.920128
8.20331 ; 7.19418 ; 2.17218 ; -2.34978
2.79099 ; 4.30649 ; -0.657705 ; 5.96492
3.21802 ; 2.26888 ; -2.24129 ; -1.56137
3.48105 ; 2.1306 ; -2.69354 ; -1.22463
3.41433 ; 3.22273 ; 5.24314 ; -1.4772
8.5731 ; 6.94251 ; -3.73307 ; -6.82811
8.32314 ; 1.91475 ; 1.55783 ; -0.137385
2.64577 ; 1.88214 ; 1.93825 ; 4.49683
8.25785 ; 7.93612 ; -6.27719 ; -3.84925
8.46704 ; 2.26756 ; -5.18254 ; -0.642645
2.55666 ; 1.8558 ; 0.7013 ; 0.986293
3.31743 ; 7.86193 ; -2.34077 ; 1.39338
4.11451 ; 6.33651 ; -3.94569 ; 4.05495
2.72832 ; 2.02417 ; -0.555319 ; -0.346699
7.2298 ; 7.09324 ; 3.39014 ; 3.25405
7.52626 ; 7.60234 ; 3.48014 ; 2.2791
8.85554 ; 1.95956 ; -0.529149 ; 0.34694
7.30771 ; 7.66419 ; 3.84537 ; 1.69459
5.66159 ; 5.48089 ; 4.75774 ; -5.74972
8.83432 ; 2.61761 ; -0.077219 ; -2.06785
8.59643 ; 8.36982 ; 0.364353 ; -1.8393
3.08016 ; 7.48329 ; -1.99125 ; 2.28963
2.60026 ; 8.0486 ; 0.14005 ; 0.0976123
2.84621 ; 7.57785 ; -1.26275 ; 1.93676
7.72335 ; 5.48035 ; 3.30403 ; -2.06725
8.57858 ; 7.339 ; 1.37463 ; 2.57573
8.79419 ; 2.30694 ; 0.227861 ; -1.24098
8.65831 ; 7.89464 ; 0.7942 ; 1.02305
3.19063 ; 8.03167 ; -1.95898 ; 0.759793
8.34976 ; 2.21903 ; -5.37082 ; -0.422086
3.89189 ; 2.4783 ; -3.38316 ; -2.18306
8.6533 ; 7.75439 ; 0.925084 ; 1.46903
2.89972 ; 7.4714 ; -1.50533 ; 2.23372
8.39052 ; 4.31201 ; 1.74005 ; 5.86064
7.22722 ; 7.55423 ; 3.8905 ; 2.41794
2.53383 ; 8.21017 ; 1.02071 ; -1.1186
2.8434 ; 8.2899 ; -0.312412 ; -3.02231
8.91346 ; 1.95589 ; -0.965497 ; 0.527161
8.93256 ; 8.04023 ; -0.819457 ; 0.00463903
2.52218 ; 8.21548 ; 3.23399 ; -3.35194
8.85236 ; 1.82164 ; -0.981085 ; 1.44414
8.41973 ; 3.35456 ; 1.23887 ; 6.27801
4.29883 ; 2.12402 ; -4.0757 ; -1.32372
8.89116 ; 8.22109 ; -1.09753 ; -1.15837
8.83048 ; 7.87218 ; 0.0763757 ; 0.932662
8.90844 ; 1.82141 ; -1.93383 ; 2.17856
8.55192 ; 2.06493 ; 0.956726 ; -0.592314
2.60227 ; 2.01384 ; 4.44955 ; 1.47005
6.85361 ; 2.09431 ; 4.51924 ; 3.96698
2.68579 ; 8.2266 ; 0.0461134 ; -0.76612
3.98603 ; 5.60247 ; -3.66601 ; 4.93483
3.65951 ; 8.25514 ; -2.93373 ; -0.0953137
3.02544 ; 6.80512 ; -2.02969 ; 3.52343
7.81246 ; 8.36017 ; 2.60682 ; -1.00647
7.09196 ; 7.82089 ; 4.13863 ; 1.67632
8.50526 ; 8.19904 ; 1.04201 ; -0.137536
8.71705 ; 1.85347 ; 0.0265441 ; 0.705083
8.8626 ; 8.16835 ; -0.639742 ; -0.593206
8.62749 ; 7.83916 ; 0.934568 ; 1.23739
8.8325 ; 8.1144 ; -0.30015 ; -0.171221
4.58485 ; 2.15686 ; -4.42361 ; -1.42115
2.49054 ; 8.16133 ; 1.203 ; -0.885387
4.02489 ; 7.63793 ; -3.7031 ; 2.19126
2.85993 ; 2.48095 ; -1.37644 ; -1.90381
3.06987 ; 7.98092 ; -1.68604 ; 0.876262
4.8804 ; 7.98667 ; -4.54235 ; 1.16401
8.44352 ; 2.41291 ; 1.58646 ; -1.79249
2.98399 ; 7.93329 ; -1.47559 ; 0.876147
4.15839 ; 2.05751 ; -3.76268 ; -1.08521
4.34565 ; 3.76108 ; 5.83874 ; -4.54479
8.24203 ; 6.17603 ; 2.19501 ; -4.94597
8.01958 ; 3.59401 ; 2.84992 ; -4.03184
4.59676 ; 7.85984 ; -4.0651 ; 1.60202
8.08196 ; 4.19734 ; 2.75371 ; -4.51507
7.60932 ; 3.96394 ; 3.55941 ; -4.20067
8.89013 ; 1.89615 ; -0.972207 ; 0.887612
6.70805 ; 2.10967 ; 4.35849 ; -1.24727
5.783 ; 2.26302 ; 4.45493 ; -1.67291
8.5625 ; 8.17412 ; 0.832719 ; -0.0773162
2.47943 ; 8.23553 ; 1.97414 ; -1.91686
8.85043 ; 1.97255 ; -0.801647 ; 1.02353
2.64281 ; 1.90876 ; -0.000512719 ; 0.378908
2.82641 ; 3.7653 ; 3.64355 ; -4.43167
5.25073 ; 7.80184 ; 3.61912 ; 1.64232
8.46911 ; 2.05705 ; 1.26342 ; -0.616442
2.45662 ; 4.21614 ; 1.67489 ; -4.97551
8.79769 ; 2.04842 ; -0.0263954 ; -0.237286
2.50815 ; 8.26424 ; 1.8288 ; -2.14153
7.56286 ; 2.37236 ; 3.31774 ; 2.12927
3.79012 ; 2.79481 ; -3.44129 ; -2.92977
6.35396 ; 2.45807 ; 4.21784 ; -2.25892
8.80644 ; 2.1541 ; 0.0700805 ; -0.671091
7.94345 ; 2.79105 ; -4.53936 ; -2.59265
4.22324 ; 2.68679 ; 5.23274 ; -2.57646
2.31783 ; 2.43052 ; 2.31331 ; -1.31823
8.88509 ; 1.82998 ; -1.29342 ; 1.57976
7.57982 ; 4.10432 ; 3.58084 ; 4.78241
8.32373 ; 3.47805 ; 2.18016 ; -3.81477
8.45126 ; 7.518 ; 1.03539 ; -5.16537
3.45428 ; 2.00743 ; -2.60278 ; -0.780089
3.78413 ; 4.0669 ; -3.51392 ; -0.118241
2.75792 ; 8.11388 ; -0.499724 ; 0.0263586
8.83038 ; 2.19513 ; -0.00122201 ; -0.796555
2.547 ; 1.97754 ; 0.419732 ; 0.170669
3.21199 ; 2.17521 ; -2.18013 ; -1.27362
3.32491 ; 2.04165 ; -2.27554 ; -0.848317
2.51004 ; 8.20319 ; 1.20448 ; -1.16185
8.90226 ; 8.27249 ; -2.01696 ; -2.42009
8.90077 ; 7.52473 ; -0.0751364 ; 1.98336
3.97465 ; 7.1438 ; -3.45273 ; 3.17307
5.92789 ; 7.20159 ; 5.24465 ; 3.12735
8.8399 ; 1.88448 ; -0.643128 ; 0.803221
2.60927 ; 8.24492 ; 0.562724 ; -1.13168
6.14752 ; 2.36319 ; -5.65838 ; -1.80932
8.19036 ; 2.22264 ; 2.13333 ; -1.39001
5.41412 ; 7.77856 ; 5.44023 ; 1.64088
3.469 ; 6.13815 ; 2.69379 ; 4.52243
8.37324 ; 7.44206 ; 1.29583 ; -5.47947
2.66982 ; 6.92316 ; 0.848006 ; 3.31186
3.31581 ; 2.22923 ; -2.378 ; -1.1431
8.92452 ; 8.25158 ; -2.23363 ; -2.29316
8.5306 ; 8.13044 ; 1.02359 ; 0.187517
2.69707 ; 2.0119 ; 4.45649 ; 3.98399
2.74634 ; 7.82396 ; -0.763862 ; 1.08833
7.74025 ; 7.39602 ; 3.19204 ; 2.56463
3.07109 ; 7.79596 ; -1.8087 ; 1.384
7.94671 ; 2.4453 ; -5.77705 ; -1.56025
8.70809 ; 8.33189 ; -0.816162 ; -3.3665
8.42762 ; 3.95731 ; 1.89712 ; -4.27457
3.04263 ; 4.49782 ; -2.09066 ; -2.16397
8.35154 ; 7.56668 ; -4.59307 ; 1.82824
2.5478 ; 8.28833 ; 1.44033 ; -2.137
2.48947 ; 8.24228 ; 1.84192 ; -1.89032
8.89259 ; 8.16095 ; -0.848591 ; -0.642967
2.69992 ; 2.15514 ; -0.506723 ; -0.846034
6.52315 ; 7.82038 ; 4.57979 ; 1.33643
8.90015 ; 8.23931 ; -1.30814 ; -1.42384
2.51975 ; 2.04604 ; 0.551003 ; -0.138947
7.46472 ; 2.58797 ; -6.4918 ; 5.91698
2.4749 ; 1.83654 ; 2.11843 ; 2.08002
8.64879 ; 2.14925 ; 0.705215 ; -0.802373
8.69834 ; 6.44445 ; 1.0292 ; 1.49671
8.00964 ; 4.70554 ; 1.13001 ; 5.74079
2.6737 ; 8.19102 ; 0.0294468 ; -0.547486
2.5626 ; 3.77433 ; 0.679956 ; -4.34576
2.76114 ; 7.9097 ; -0.732165 ; 0.875187
8.82272 ; 1.81292 ; -0.77026 ; 1.39487
3.65631 ; 8.12542 ; -2.97497 ; 0.574035
2.52962 ; 2.68292 ; -0.187781 ; -2.22095
8.44227 ; 1.80368 ; 1.0582 ; 1.50965
8.58422 ; 7.95808 ; -0.218666 ; 0.674207
2.35708 ; 2.34538 ; 2.39899 ; -1.09126
5.12375 ; 6.82632 ; -5.13669 ; -1.31946
8.32596 ; 2.10092 ; 1.66647 ; 0.0365255
7.75526 ; 7.23179 ; 3.00442 ; 2.95811
3.06655 ; 2.34718 ; 2.20558 ; 5.37241
2.87997 ; 8.2552 ; -0.217354 ; -4.52525
8.80501 ; 5.26267 ; -1.7586 ; -5.93074
3.69617 ; 2.49661 ; -3.26516 ; -2.29225
7.72235 ; 2.85171 ; -6.57292 ; 5.79363
2.50989 ; 1.82653 ; 1.36497 ; 1.60593
8.891 ; 1.88594 ; -1.02095 ; 0.976706
8.69837 ; 2.29664 ; 0.675842 ; -1.28584
2.56025 ; 8.27048 ; 1.09719 ; -1.66106
7.27456 ; 8.29837 ; 3.86657 ; -0.602338
8.8032 ; 4.21265 ; -3.22557 ; -4.91847
8.01333 ; 1.82573 ; 2.35101 ; 0.394071
8.49865 ; 7.47037 ; 1.38647 ; 0.393203
7.85838 ; 2.09594 ; 2.73168 ; 4.54295
8.75301 ; 1.95839 ; 0.0534383 ; 0.153349
2.6192 ; 7.9074 ; -0.136566 ; 0.73068
8.72338 ; 8.18422 ; 0.152526 ; -0.3657
8.87805 ; 2.72924 ; -4.06569 ; -2.26801
7.95413 ; 5.98702 ; 2.91464 ; -4.47409
7.34274 ; 2.28358 ; -3.91285 ; -1.33478
5.25871 ; 8.00906 ; -5.31431 ; -3.06466
8.22965 ; 3.00603 ; 1.92088 ; 5.72894
2.58051 ; 8.16041 ; 0.495106 ; -0.568717
8.84855 ; 8.11953 ; -0.409636 ; -0.240191
4.354 ; 3.04095 ; -4.22088 ; -3.39194
3.17961 ; 8.18854 ; -1.84274 ; 0.0518456
2.7489 ; 8.05559 ; -0.538299 ; 0.281888
7.07126 ; 2.55094 ; 3.91298 ; -2.47316
2.56014 ; 6.4872 ; -0.392418 ; 3.88205
3.23085 ; 5.36282 ; -2.57175 ; 4.97211
3.68531 ; 2.34326 ; 5.57472 ; -1.33964
8.75372 ; 8.18879 ; -0.0119653 ; -0.452501
8.79581 ; 8.25973 ; -0.463045 ; -1.12737
3.13932 ; 1.92174 ; -1.83247 ; -0.271773
8.91339 ; 1.83389 ; -1.73205 ; 1.84228
2.49904 ; 1.82939 ; 1.51319 ; 1.6778
2.65948 ; 5.13781 ; 1.30562 ; 5.69762
7.17835 ; 5.80971 ; 4.22103 ; 4.9175
8.66803 ; 4.74351 ; 1.00988 ; -5.20486
4.16183 ; 2.062 ; -3.87356 ; -1.10094
2.76427 ; 7.99218 ; -0.675975 ; 0.563488
2.54996 ; 2.37162 ; 0.0234332 ; -1.45899
2.72158 ; 8.08729 ; -0.374303 ; 0.103655
3.12291 ; 3.67991 ; -1.87536 ; 5.94935
4.07449 ; 7.87043 ; -3.68094 ; 0.213098
7.04028 ; 4.89834 ; 4.42528 ; 5.5326
8.44036 ; 3.10554 ; 1.8327 ; -3.24307
2.91636 ; 7.86142 ; -1.32768 ; 1.16719
8.59035 ; 2.15994 ; 0.949504 ; -0.913222
3.06585 ; 8.39413 ; -1.27545 ; -2.19987
8.83834 ; 7.66592 ; 0.228592 ; 1.58163
8.80447 ; 8.06394 ; -0.0499289 ; 0.143689
8.28852 ; 2.7339 ; 2.10741 ; -2.55212
8.80052 ; 7.95495 ; 0.0177795 ; 0.634304
8.65369 ; 1.93687 ; 0.472529 ; 0.142044
8.92944 ; 8.17679 ; -1.26853 ; -0.9352
8.27291 ; 2.28826 ; -5.50097 ; -0.799643
3.70001 ; 4.43274 ; 4.60509 ; 6.22409
5.05927 ; 4.32507 ; -4.15785 ; -4.9814
7.43433 ; 8.08511 ; 3.57644 ; 0.830035
8.54525 ; 2.91392 ; 1.48146 ; -2.8644
2.48779 ; 8.20945 ; 1.50451 ; -1.3699
8.07881 ; 8.22597 ; 2.24845 ; -0.0495001
7.36794 ; 5.33597 ; 3.95209 ; -5.48155
8.40593 ; 1.95218 ; 1.37437 ; -0.250532
8.45208 ; 1.73384 ; 0.666027 ; 3.68006
8.59449 ; 6.7555 ; 1.44632 ; 3.58165
8.50263 ; 8.15245 ; 0.484898 ; -4.56982
8.08978 ; 7.8551 ; 2.3879 ; 1.46447
2.71134 ; 2.14785 ; -0.637679 ; -0.83107
2.61278 ; 8.05528 ; 0.0873867 ; 0.0843302
2.62579 ; 2.03356 ; -0.128449 ; -0.265864
8.26244 ; 2.23449 ; -5.47779 ; -0.537696
2.39458 ; 7.30095 ; 2.43416 ; 2.36416
2.64526 ; 2.37178 ; -0.549772 ; -1.52024
8.58845 ; 1.8817 ; 0.657 ; 0.306318
3.52887 ; 7.86186 ; -2.80814 ; 1.47961
6.76513 ; 2.08555 ; 4.4391 ; -1.15519
7.91632 ; 7.58187 ; 2.83862 ; 2.23065
2.89635 ; 2.13321 ; -1.28574 ; -0.937297
5.42337 ; 4.7934 ; -5.29877 ; 5.74186
4.27908 ; 8.27655 ; -4.11951 ; -1.60491
2.44647 ; 1.93032 ; 2.1721 ; 1.37647
2.38147 ; 2.06876 ; 2.15504 ; 0.175767
8.87586 ; 8.05233 ; -0.439272 ; 0.0697649
8.58293 ; 1.8541 ; 0.646333 ; 0.551341
3.50951 ; 3.03246 ; -3.04977 ; -3.30197
8.35881 ; 3.47696 ; 1.87403 ; 1.53019
7.35346 ; 1.78911 ; 3.65932 ; 0.399506
8.63247 ; 6.96926 ; 1.29946 ; 3.25563
2.79633 ; 7.77877 ; -0.994661 ; 1.3465
8.88367 ; 1.91819 ; -0.843215 ; 0.695847
8.12983 ; 7.17269 ; 2.54108 ; 3.01033
8.59762 ; 2.07869 ; 0.842087 ; -0.461693
4.36269 ; 8.03066 ; 3.89676 ; 0.412676
2.58759 ; 4.98366 ; 1.80212 ; -5.74179
8.25816 ; 7.96664 ; 1.70741 ; 1.01194
2.46833 ; 8.02089 ; 0.97165 ; -0.0312655
3.37267 ; 7.28702 ; -2.7152 ; 2.80803
2.56123 ; 2.28506 ; 0.319683 ; 0.00949824
3.0131 ; 2.11815 ; -1.63054 ; -0.969656
2.99791 ; 5.95552 ; -1.64212 ; -5.83669
2.5227 ; 8.22165 ; 1.17739 ; -1.27758
8.76626 ; 8.09922 ; 0.0837388 ; 0.033144
3.46985 ; 7.88859 ; -2.71193 ; 1.05337
8.48897 ; 6.65373 ; 1.64555 ; 1.25582
8.69614 ; 3.79762 ; -1.29316 ; 6.33106
2.73637 ; 6.07936 ; -1.16304 ; 4.37265
3.5224 ; 3.15863 ; -2.90691 ; -3.48757
2.61944 ; 7.93953 ; -0.107002 ; 0.562867
8.42997 ; 7.45698 ; 1.75755 ; 2.3732
7.25473 ; 1.99611 ; 3.56555 ; -0.823954
8.45619 ; 7.23113 ; 1.75681 ; 2.79024
3.38717 ; 1.85263 ; -2.44185 ; -0.0507346
2.67841 ; 1.78598 ; 0.101994 ; 1.25178
8.27243 ; 1.7356 ; 1.3659 ; 3.62056
8.26847 ; 1.82068 ; 1.44131 ; 4.15222
4.8249 ; 1.8199 ; -4.49087 ; 0.470885
2.59889 ; 7.98303 ; 0.0463687 ; 0.382941
8.11809 ; 5.42927 ; 2.60889 ; -5.5768
3.8031 ; 2.44949 ; -3.33485 ; -2.19282
8.2633 ; 1.96306 ; 1.79607 ; -0.398574
2.53195 ; 8.11377 ; 0.698195 ; -0.404719
2.87802 ; 1.74487 ; -0.775586 ; 1.4851
6.9284 ; 8.22392 ; 4.48057 ; -3.0435
8.27123 ; 3.7628 ; 2.02426 ; 5.25261
7.85146 ; 8.30738 ; 2.58223 ; -2.51439
2.7956 ; 2.14386 ; -0.953368 ; -0.893224
7.4108 ; 5.36929 ; 3.92274 ; -5.62627
8.48707 ; 2.17528 ; 1.06461 ; -1.00237
2.53527 ; 8.10921 ; 0.678272 ; -0.381669
8.71585 ; 7.91205 ; 0.555093 ; 0.902608
3.20057 ; 2.10116 ; -2.10905 ; -1.00997
2.59944 ; 2.00579 ; 0.0498948 ; -0.0913147
4.38102 ; 6.5941 ; -4.35605 ; 4.03609
8.70783 ; 7.71443 ; -3.01325 ; 1.24704
8.7214 ; 5.75062 ; 0.712159 ; -3.16651
8.65619 ; 7.68322 ; 0.959584 ; 1.68166
3.03959 ; 1.86233 ; -1.48669 ; 0.105579
4.72062 ; 7.28951 ; -1.06368 ; 2.88933
2.87776 ; 1.94702 ; -1.05266 ; -0.176257
8.94378 ; 1.98582 ; -1.15791 ; 0.428136
3.14262 ; 4.11177 ; 5.27299 ; -4.77555
6.53763 ; 8.00094 ; 4.71354 ; 1.08446
2.55765 ; 8.17342 ; 0.687422 ; -0.724945
2.75204 ; 8.03179 ; -0.581892 ; 0.390031
8.57083 ; 8.18768 ; 0.818473 ; -0.160715
3.36274 ; 7.98474 ; -2.44852 ; 0.915077
4.16464 ; 4.14879 ; -4.09365 ; -3.40868
3.35492 ; 2.22707 ; 1.56029 ; -1.13958
7.06466 ; 7.71077 ; 3.88038 ; -1.64108
6.87092 ; 2.38971 ; -1.04944 ; -1.94338
2.44709 ; 8.0236 ; 1.1506 ; -0.104509
3.30669 ; 1.89522 ; -2.25324 ; -0.244062
2.5397 ; 8.26526 ; 1.29186 ; -1.72874
2.68137 ; 1.80758 ; 0.029438 ; 1.00856
3.71286 ; 8.19672 ; -3.06378 ; 0.176234
4.95675 ; 7.34669 ; -5.08559 ; -3.43015
2.77129 ; 5.8045 ; -1.31023 ; 3.35967
8.90965 ; 3.05383 ; -2.14391 ; -3.11086
2.47662 ; 8.23679 ; 2.15882 ; -2.07478
8.83736 ; 6.95507 ; 0.502481 ; 3.26577
2.71625 ; 2.0118 ; -0.500459 ; -0.291215
2.65758 ; 1.87473 ; -0.0071274 ; 0.550038
8.78153 ; 1.87601 ; -0.271538 ; 0.699227
8.38582 ; 4.23736 ; 1.73318 ; 5.78793
3.24167 ; 2.14806 ; 5.4776 ; -0.142632
2.85388 ; 2.39241 ; -1.3089 ; -1.64427
8.4524 ; 7.05258 ; 1.81461 ; 3.14696
2.95407 ; 5.9206 ; -1.56608 ; -5.14383
2.54253 ; 2.3677 ; -0.067147 ; -1.43101
7.90576 ; 2.1324 ; -5.74929 ; -0.096565
6.57082 ; 3.27244 ; 0.85339 ; 6.14574
2.84108 ; 1.79601 ; -0.730369 ; 0.83616
3.00432 ; 5.9467 ; -2.028 ; 4.43766
4.98415 ; 6.96987 ; -4.81155 ; -3.88481
2.98279 ; 7.35156 ; -1.66751 ; 1.24769
2.5109 ; 2.00384 ; 0.60693 ; 0.0997207
8.79662 ; 1.84562 ; -0.452038 ; 0.972975
8.27226 ; 5.59858 ; 2.2348 ; -3.61645
6.13533 ; 7.64357 ; 4.95215 ; 2.17338
2.43238 ; 7.50211 ; 3.53821 ; 1.77697
8.84923 ; 2.05 ; -0.311926 ; -0.138915
8.15454 ; 2.47662 ; 2.2949 ; -2.08453
8.23777 ; 3.02404 ; 2.26511 ; -2.72325
8.75998 ; 8.13943 ; 0.0464859 ; -0.170368
3.22502 ; 7.97598 ; -0.915201 ; 0.792457
2.4797 ; 1.83336 ; 1.95709 ; 1.98174
8.16457 ; 7.81108 ; 2.27242 ; 1.58407
3.00246 ; 3.54555 ; -1.49229 ; 1.99071
2.55033 ; 1.88673 ; 0.640553 ; 0.762005
8.90165 ; 2.14357 ; -0.480367 ; -0.468817
7.83197 ; 7.76982 ; 2.9775 ; 1.79678
8.54266 ; 1.74662 ; 0.628281 ; 1.42564
6.82468 ; 8.21716 ; 4.03287 ; -0.563699
8.67765 ; 1.93091 ; 0.34006 ; 0.163954
2.80418 ; 7.99017 ; -0.807058 ; 0.613139
8.32836 ; 7.95669 ; 1.71863 ; 0.053777
8.90954 ; 8.22024 ; -1.28951 ; -1.25556
8.14047 ; 1.86254 ; 2.06143 ; 0.0169032
8.36941 ; 8.18934 ; 1.50868 ; 0.0296525
2.61004 ; 8.25568 ; 0.597005 ; -1.22931
6.43544 ; 6.71569 ; -5.75501 ; 3.8944
3.18644 ; 1.7237 ; -1.76689 ; 2.94654
4.84238 ; 4.37429 ; 5.60721 ; -4.73553
8.39984 ; 6.98994 ; 1.96339 ; 3.2678
8.2634 ; 7.80939 ; -6.27036 ; -3.51517
5.52283 ; 7.85918 ; 5.56086 ; 1.3482
2.70067 ; 7.38454 ; 4.98557 ; 1.96905
8.53251 ; 8.35519 ; 0.392746 ; -2.58614
2.97406 ; 7.00211 ; -1.43836 ; -3.37979
8.61805 ; 2.44666 ; 1.02794 ; -1.79147
8.47928 ; 6.58134 ; 1.40089 ; -4.15202
7.96623 ; 7.13051 ; 2.26616 ; 3.08662
3.92075 ; 2.50368 ; -3.54792 ; -2.33865
7.96465 ; 7.42232 ; 2.41562 ; 2.56475
2.56507 ; 1.90025 ; 0.493056 ; 0.611103
7.55015 ; 7.26896 ; 3.37696 ; 2.95808
8.76238 ; 2.76706 ; 0.174331 ; -2.45134
3.25626 ; 2.31791 ; -2.10884 ; -1.56948
3.5629 ; 2.14999 ; -2.93154 ; -1.31587
8.87558 ; 2.1344 ; -0.33342 ; -0.475317
6.53308 ; 7.83612 ; 4.63077 ; 1.64432
7.34516 ; 2.33103 ; 3.74398 ; -1.87473
8.01395 ; 7.37563 ; 2.72717 ; 2.68375
3.04496 ; 2.12397 ; -1.54306 ; -0.984485
7.71075 ; 8.07054 ; 3.16267 ; -0.519031
8.72591 ; 2.32771 ; -4.20419 ; -0.876491
4.55955 ; 7.71127 ; -4.28152 ; 2.0049
3.28199 ; 7.38619 ; -2.30556 ; 2.4914
2.46639 ; 8.19281 ; 1.68447 ; -1.33961
7.85425 ; 2.66758 ; 2.97138 ; -2.40802
8.16064 ; 2.39479 ; 2.28663 ; -1.88338
2.6468 ; 7.8796 ; -0.312517 ; 0.855992
5.7211 ; 2.9196 ; -5.52556 ; -3.08071
8.6542 ; 7.77345 ; -0.427105 ; 1.26191
3.96105 ; 3.66529 ; -3.79289 ; 4.95551
7.58649 ; 7.98055 ; 3.38283 ; 0.832526
7.93325 ; 5.66689 ; 2.98607 ; 2.79938
2.91068 ; 2.04321 ; -1.24812 ; -0.593146
3.30094 ; 7.67079 ; -2.41962 ; 1.92839
2.96663 ; 8.40307 ; -0.785853 ; -2.89126
8.47249 ; 8.4076 ; 0.712389 ; -2.43978
2.5125 ; 8.18844 ; 1.11868 ; -1.01841
2.48141 ; 8.18721 ; 1.43585 ; -1.16723
8.90205 ; 1.97369 ; -0.822627 ; 0.380165
8.76736 ; 1.87416 ; -0.193695 ; 0.68355
2.77832 ; 1.80359 ; -0.467488 ; 0.856573
2.5246 ; 2.70447 ; -0.118992 ; -2.27462
9.04046 ; 7.8161 ; -2.99173 ; 0.671336
8.81368 ; 3.97936 ; -2.28745 ; -4.66766
4.82503 ; 2.14498 ; -4.68581 ; -1.34648
2.88507 ; 7.59732 ; -1.19143 ; 1.91394
8.91521 ; 1.82691 ; -2.12858 ; 2.29426
7.31956 ; 7.80938 ; 3.71225 ; 1.76278
5.21874 ; 6.74305 ; -5.39642 ; -5.70342
3.85776 ; 3.0886 ; -3.64617 ; 5.41707
3.03373 ; 2.47062 ; -1.87146 ; -2.00742
2.92603 ; 8.30037 ; -0.923035 ; -0.933249
8.92585 ; 7.73575 ; -0.673694 ; 1.30363
2.74007 ; 2.06109 ; -0.647755 ; -0.526881
8.61038 ; 1.73025 ; -0.0306273 ; 3.35314
8.53169 ; 1.79579 ; 0.593144 ; 2.39612
2.47107 ; 8.14242 ; 1.31852 ; -0.815566
8.83558 ; 1.98751 ; -0.345559 ; 0.138186
5.13643 ; 3.26516 ; -4.91951 ; -3.80628
9.06164 ; 7.84571 ; -1.98693 ; 0.655547
5.84228 ; 8.05566 ; -5.18139 ; 0.625074
2.58521 ; 2.26973 ; -0.199504 ; -1.14691
3.08774 ; 7.83607 ; -1.47042 ; -3.82699
3.05352 ; 2.76414 ; -2.03062 ; -2.67613
5.80006 ; 2.8341 ; 1.03706 ; -3.00741
8.19988 ; 6.91677 ; 2.44279 ; 3.46329
4.2173 ; 2.08046 ; 6.61574 ; 1.55508
3.71395 ; 2.30278 ; -3.24463 ; -1.81128
2.77551 ; 1.72296 ; -0.121053 ; 1.8437
8.92763 ; 8.22817 ; -1.6013 ; -1.50596
8.08811 ; 1.9898 ; 2.25674 ; 0.206651
8.83424 ; 1.88646 ; -0.611708 ; 0.778029
2.55385 ; 8.01369 ; 0.342135 ; 0.168664
3.75624 ; 2.09162 ; -3.24458 ; -1.1716
8.83429 ; 1.91839 ; -0.492669 ; 0.551153
4.78031 ; 1.8347 ; -4.53223 ; 0.270174
3.47052 ; 7.9388 ; -2.63465 ; 1.21156
3.12767 ; 7.54275 ; -2.059 ; 2.17168
8.1804 ; 1.7217 ; 1.77586 ; 3.15176
5.18048 ; 2.49835 ; 5.63229 ; -2.23066
8.45407 ; 7.77802 ; 1.53666 ; 1.54449
4.79806 ; 1.75227 ; -4.00425 ; 2.63831
8.92905 ; 1.84221 ; -2.07249 ; 2.01688
7.45605 ; 6.22803 ; -3.7789 ; 4.54303
2.48138 ; 1.83773 ; 1.77057 ; 1.77714
2.48144 ; 1.83531 ; 2.43322 ; 2.44998
8.67106 ; 8.21757 ; 0.348309 ; -0.482112
2.79256 ; 2.01581 ; -0.805239 ; -0.396199
8.89188 ; 2.07728 ; -0.588056 ; -0.215966
3.96899 ; 3.03917 ; -3.79485 ; 5.49517
9.06571 ; 7.61204 ; -1.78653 ; 1.56893
3.15564 ; 7.50093 ; -2.17039 ; 2.28015
8.52555 ; 7.67962 ; 1.3907 ; 1.76088
8.2616 ; 2.78927 ; 2.09847 ; -2.70799
2.67251 ; 7.4973 ; -0.691823 ; 1.99197
4.35284 ; 7.66657 ; -4.31798 ; -2.73262
2.6852 ; 2.04074 ; -0.401023 ; -0.380619
8.87187 ; 8.08052 ; -0.471811 ; -0.0710962
7.68055 ; 4.85646 ; 3.4928 ; -5.0958
2.48653 ; 1.89775 ; 1.16935 ; 0.9229
2.83931 ; 8.36105 ; -0.159608 ; -3.35496
3.02945 ; 7.31375 ; -1.01401 ; 2.61364
5.16566 ; 2.94725 ; 4.93115 ; -2.69421
2.84537 ; 3.16605 ; -1.53033 ; -3.38279
2.65849 ; 8.04267 ; -0.152751 ; 0.218426
8.6275 ; 3.69135 ; 0.126403 ; 6.43344
2.59218 ; 2.05146 ; 0.0181144 ; -0.285962
2.78139 ; 7.80445 ; -0.772453 ; 1.2432
3.55918 ; 4.59308 ; -3.19536 ; -3.80515
8.38039 ; 6.09826 ; 2.06534 ; 4.54493
8.92268 ; 1.86206 ; -1.54295 ; 1.43355
8.83577 ; 1.9403 ; -0.449511 ; 0.419159
8.9179 ; 8.25455 ; -1.79206 ; -1.91163
8.71409 ; 7.98455 ; 0.483831 ; 0.625712
3.99763 ; 2.67732 ; -3.83724 ; 3.82388
2.92181 ; 4.75235 ; -1.68295 ; -4.79335
4.00334 ; 1.98281 ; -3.34342 ; -0.0233109
8.54387 ; 4.37065 ; 1.56942 ; -4.69029
8.55784 ; 7.58295 ; 1.33943 ; 1.98644
8.8169 ; 1.83897 ; -0.612792 ; 1.11381
2.47971 ; 8.2253 ; 1.79633 ; -1.68703
4.3585 ; 7.09128 ; 0.34916 ; 3.21266
8.70629 ; 7.88967 ; 0.605315 ; 0.980425
8.73457 ; 7.8185 ; 0.337083 ; 1.19765
5.29618 ; 2.01561 ; 6.06967 ; 2.6452
6.08128 ; 7.48906 ; 4.9048 ; 2.54778
6.02154 ; 8.15513 ; -4.86158 ; -3.68348
3.14986 ; 3.19493 ; -1.91902 ; 5.80035
6.23143 ; 7.90936 ; 4.55014 ; 1.39698
8.92632 ; 2.1555 ; -0.713326 ; -0.514071
6.56672 ; 2.23668 ; -5.90657 ; -1.227
7.02095 ; 2.90635 ; 4.25886 ; -3.16795
2.49508 ; 8.25403 ; 1.95172 ; -2.1154
8.59933 ; 2.32521 ; 0.33639 ; 3.42379
8.9361 ; 5.97709 ; -1.07019 ; 4.8079
8.28827 ; 7.71483 ; 2.01929 ; 1.80202
2.51128 ; 1.85364 ; 1.13705 ; 1.2259
8.71609 ; 2.06448 ; 0.351991 ; -0.38735
2.93548 ; 2.80089 ; 5.01533 ; -2.6003
8.27541 ; 2.25129 ; 1.94415 ; -1.43479
2.96551 ; 2.58465 ; -1.67101 ; -2.24699
2.82122 ; 7.86522 ; 3.61069 ; 0.523628
4.00794 ; 5.20671 ; -3.95024 ; 4.88301
4.28589 ; 6.0291 ; -4.28718 ; -5.93066
2.56998 ; 8.30804 ; 1.42574 ; -2.46636
5.11363 ; 6.87678 ; -4.72974 ; 3.66254
2.5937 ; 7.47135 ; -0.388483 ; 1.97488
2.62491 ; 1.79919 ; 0.406576 ; 1.27145
4.21089 ; 3.94909 ; -4.17239 ; -4.5967
3.51137 ; 2.51971 ; -2.83173 ; 4.98882
8.73237 ; 2.14405 ; 0.33179 ; -0.719252
3.41016 ; 6.93463 ; -2.65375 ; -5.31145
3.40331 ; 3.71345 ; -2.81125 ; 1.55858
8.87987 ; 8.15384 ; -0.72473 ; -0.547289
8.30385 ; 4.34611 ; 2.09173 ; 4.2394
8.88983 ; 7.09496 ; 0.202147 ; 2.9606
3.27106 ; 2.02285 ; -2.2458 ; -0.765013
8.60311 ; 1.73043 ; 0.316436 ; 1.62215
2.59455 ; 4.83537 ; 0.0312517 ; -5.25659
2.75805 ; 7.57503 ; -0.968086 ; 1.90227
5.10879 ; 3.62928 ; -2.02818 ; -3.99722
4.22019 ; 3.16228 ; -4.13195 ; -3.39634
8.4315 ; 2.01503 ; 1.34683 ; -0.504642
8.51791 ; 8.03574 ; 1.15681 ; 0.59983
6.82646 ; 2.42334 ; 2.79858 ; -2.13616
3.098 ; 1.84119 ; -1.61365 ; 0.181719
4.63667 ; 8.17361 ; 5.57849 ; -1.01828
2.53999 ; 2.32599 ; 4.25583 ; -0.898329
3.47381 ; 7.0476 ; -2.96766 ; 3.24337
8.88058 ; 2.06891 ; -0.465886 ; -0.192097
3.30149 ; 7.78988 ; -2.38382 ; 1.60432
2.38735 ; 7.95008 ; 1.74866 ; -0.000639081
2.53632 ; 7.89731 ; 0.263463 ; 0.658687
8.64383 ; 8.36576 ; -0.0143588 ; -2.09535
7.97551 ; 2.21764 ; -6.2283 ; -0.308497
8.74656 ; 1.82749 ; -0.200123 ; 0.97855
2.49974 ; 8.24365 ; 1.6527 ; -1.76584
8.84801 ; 1.82318 ; -0.936334 ; 1.40762
3.54017 ; 5.54001 ; -2.44074 ; -5.68378
6.56588 ; 2.32066 ; -6.42439 ; 3.48133
8.63485 ; 5.49791 ; 0.931065 ; -5.63007
8.7163 ; 8.06169 ; 0.377676 ; 0.263767
2.56238 ; 8.0429 ; 0.343522 ; 0.0559561
8.30307 ; 2.86828 ; -4.36045 ; -2.78586
8.89514 ; 7.24226 ; -3.96276 ; 2.53394
2.54029 ; 8.15094 ; 0.743055 ; -0.619089
2.50903 ; 8.25347 ; 1.61698 ; -1.83801
2.95419 ; 8.18459 ; -1.13602 ; -0.105351
2.79022 ; 1.94937 ; -0.716193 ; -0.0869793
8.54654 ; 2.61371 ; 0.987084 ; -2.24785
7.95455 ; 7.28582 ; 2.85317 ; 2.59702
2.69189 ; 3.06609 ; -1.00368 ; -3.14254
3.32746 ; 5.87195 ; 5.84226 ; -2.3264
2.3857 ; 2.08129 ; 2.63237 ; 0.207322
2.8372 ; 5.88508 ; -1.03612 ; -5.80372
2.54149 ; 1.90846 ; 0.635585 ; 0.623419
8.76756 ; 2.23527 ; 0.335783 ; -1.00171
7.87169 ; 2.53373 ; 2.92287 ; -2.31893
8.48507 ; 2.25383 ; 1.36212 ; -1.28528
8.76782 ; 7.66683 ; 0.547167 ; 1.65019
2.89133 ; 1.77505 ; -0.898296 ; 1.02064
5.52634 ; 4.71747 ; -5.61283 ; 5.74299
4.67773 ; 2.12259 ; 5.77245 ; -0.699937
8.91883 ; 7.80568 ; -0.337078 ; 1.04713
3.87478 ; 7.8304 ; -3.41492 ; 1.65404
8.33427 ; 5.0116 ; 2.08109 ; 5.16602
8.88129 ; 1.89059 ; -0.925289 ; 0.898218
2.92708 ; 8.39081 ; -0.602766 ; -3.11729
8.60878 ; 8.32458 ; 0.428708 ; -1.25393
8.67399 ; 2.80431 ; 1.01926 ; -2.59493
2.37653 ; 2.99717 ; 1.81203 ; -0.923905
8.37033 ; 2.62646 ; 1.83901 ; -2.1722
8.69775 ; 1.94539 ; 0.290826 ; 0.116656
8.38398 ; 7.79608 ; 1.71164 ; 1.3308
8.66584 ; 5.45646 ; -0.520512 ; -5.99984
2.53528 ; 8.12338 ; 0.698492 ; -0.453177
2.76335 ; 2.30152 ; -0.95896 ; -1.39443
7.58491 ; 2.25581 ; 3.13111 ; -1.62791
2.40329 ; 1.95367 ; 2.22278 ; 0.974517
9.04726 ; 2.67078 ; -1.17384 ; -2.13295
8.55899 ; 7.73664 ; -5.23934 ; 1.00541
8.39412 ; 4.91171 ; 1.98281 ; -3.97191
2.83578 ; 3.09181 ; 4.00749 ; -3.30831
8.6356 ; 2.61832 ; 1.08047 ; -2.0966
8.78232 ; 2.65886 ; -1.48093 ; 5.30519
7.71584 ; 4.33879 ; 3.38032 ; 5.7683
8.14152 ; 2.02552 ; 2.14767 ; -0.711492
7.51787 ; 3.0073 ; 3.57415 ; 3.15881
3.40018 ; 7.81317 ; 4.85098 ; 0.89667
2.4959 ; 8.25128 ; 1.86635 ; -2.007
8.37941 ; 2.83533 ; 1.73739 ; -2.79883
2.36781 ; 7.7776 ; 1.77488 ; 0.45984
2.71983 ; 1.92262 ; -0.401134 ; 0.144879
8.84728 ; 7.11091 ; 0.426821 ; 2.96882
2.61308 ; 7.95991 ; -0.0544293 ; 0.490229
8.34148 ; 7.82596 ; 1.25431 ; -2.42883
6.68512 ; 7.64444 ; 4.51432 ; 2.21221
2.76453 ; 1.85816 ; -0.499113 ; 0.525241
2.67627 ; 3.05067 ; -0.942643 ; -3.1298
2.42637 ; 2.12871 ; 1.03562 ; -0.356947
8.12102 ; 2.22398 ; -6.01916 ; 4.60398
3.53762 ; 5.65925 ; -3.19983 ; 4.84625
2.63845 ; 1.95366 ; -0.0531994 ; 0.113467
8.92673 ; 1.86999 ; -1.54358 ; 1.367
6.61298 ; 6.61626 ; -0.345358 ; 3.99418
8.52115 ; 7.68039 ; 1.39801 ; 1.77997
2.68066 ; 8.15885 ; -0.0686975 ; -0.338176
8.90624 ; 8.25931 ; -1.59809 ; -1.81113
4.10887 ; 6.14951 ; -4.05708 ; 4.57038
3.25815 ; 1.98961 ; -2.09433 ; -0.617006
8.62965 ; 4.89071 ; 1.11324 ; -5.35931
8.95914 ; 2.57655 ; -0.874416 ; -1.93567
3.64841 ; 7.27894 ; 0.215835 ; 2.76518
3.02197 ; 8.04629 ; -1.50464 ; 0.559556
8.65304 ; 2.79177 ; 1.10138 ; -2.54143
5.64747 ; 8.0015 ; -5.46421 ; 0.794015
4.73984 ; 2.00969 ; -4.66219 ; -0.792062
8.47983 ; 2.09216 ; 1.24801 ; -0.765535
7.56371 ; 3.9329 ; -3.38508 ; -4.04096
4.49216 ; 5.13797 ; 6.20403 ; -5.81502
2.9382 ; 1.71155 ; -0.785605 ; 3.19859
3.11889 ; 7.55437 ; -2.04532 ; 2.14234
3.00147 ; 7.5695 ; -1.70562 ; 2.04538
7.96583 ; 2.2234 ; 2.63371 ; -0.83612
8.16648 ; 7.9639 ; -6.3299 ; -0.600089
7.52419 ; 3.11123 ; 2.73237 ; -3.41963
2.60634 ; 8.12836 ; 0.260612 ; -0.313015
3.63018 ; 4.52959 ; -3.33746 ; 5.74916
8.79321 ; 3.50593 ; -0.504759 ; -3.9281
8.82192 ; 2.12514 ; -0.047313 ; -0.516373
8.74327 ; 3.25425 ; 0.820466 ; -3.46508
7.99662 ; 2.19923 ; 2.55283 ; -1.38593
2.94749 ; 2.60566 ; -1.6772 ; -2.15811
8.02466 ; 2.35703 ; 2.55244 ; -1.83381
4.25397 ; 7.69425 ; -4.02978 ; 2.06796
2.6045 ; 7.33868 ; 0.47844 ; 2.41606
2.79771 ; 8.07696 ; -0.704574 ; 0.250618
7.51244 ; 8.07279 ; 3.42829 ; 0.851365
8.83869 ; 1.9845 ; -4.35945 ; 2.376
3.69343 ; 1.77727 ; -2.87638 ; 1.71772
8.3249 ; 6.76314 ; 2.18173 ; 3.67999
2.57038 ; 7.82307 ; 0.00402153 ; 0.923133
8.43801 ; 8.06936 ; 1.3941 ; 0.541314
2.96129 ; 2.82091 ; -1.6956 ; -2.02832
3.78239 ; 2.80501 ; -2.0516 ; -2.85713
8.74947 ; 2.59014 ; 0.665358 ; -2.06264
2.71574 ; 8.05914 ; -0.336995 ; 0.21468
2.68845 ; 2.01031 ; -0.390712 ; -0.246745
8.84747 ; 2.70561 ; 0.260564 ; -2.28886
6.4413 ; 4.92977 ; -5.94868 ; -5.35772
3.52772 ; 7.77583 ; -2.83828 ; 1.72529
8.65114 ; 3.26638 ; 1.13545 ; -3.38236
8.58337 ; 8.04189 ; 0.924189 ; 0.525918
4.71491 ; 6.82723 ; 4.45548 ; 3.69959
2.78102 ; 2.74029 ; -1.23079 ; -2.51052
2.46652 ; 1.91864 ; 1.35962 ; 0.849847
2.79171 ; 8.09637 ; -0.621343 ; 0.148394
2.75013 ; 1.77054 ; -0.0975764 ; 1.60511
6.26629 ; 7.20433 ; 4.52236 ; 3.11932
8.57319 ; 8.27735 ; 0.678769 ; -0.739149
3.6429 ; 3.2276 ; -3.32251 ; -3.59658
2.51921 ; 8.20891 ; 1.145 ; -1.17008
8.38126 ; 7.96094 ; 1.64408 ; 0.998996
8.55093 ; 8.11233 ; 0.965587 ; 0.250266
7.53301 ; 2.17838 ; 3.13176 ; 4.86075
8.56212 ; 2.66003 ; 1.34773 ; -2.32486
2.58934 ; 6.13719 ; 2.71413 ; 4.64533
8.70006 ; 1.89603 ; 0.199934 ; 0.395899
8.62595 ; 1.92243 ; 0.550333 ; 0.133429
3.52903 ; 2.57599 ; -2.95015 ; -1.45913
8.14974 ; 7.8776 ; 2.27076 ; 1.37982
2.65238 ; 8.28586 ; 0.415646 ; -1.38587
2.62567 ; 8.12099 ; 0.141693 ; -0.229486
8.58592 ; 2.08736 ; 0.907282 ; -0.654445
2.81856 ; 6.76471 ; -1.4452 ; 3.43972
2.63297 ; 8.14172 ; 0.140981 ; -0.331517
2.74786 ; 8.05618 ; -0.535091 ; 0.25757
5.95965 ; 2.44098 ; -5.68974 ; -2.06051
2.55409 ; 8.04172 ; 0.390351 ; 0.0375344
8.92308 ; 3.84608 ; -1.7177 ; -4.43018
2.86922 ; 1.91069 ; -0.181813 ; 3.86645
2.6161 ; 3.05601 ; -0.609023 ; -2.86916
2.83876 ; 2.08092 ; -1.05067 ; -0.704818
8.65957 ; 2.04812 ; 0.592098 ; -0.42132
2.66012 ; 2.18571 ; -0.454501 ; -0.90525
8.76396 ; 2.08769 ; 0.178333 ; -0.457744
8.45758 ; 7.26687 ; 1.73091 ; 2.61696
2.72261 ; 1.91998 ; -0.401217 ; 0.155179
2.43159 ; 4.55517 ; 1.38547 ; -4.90536
2.73138 ; 1.87458 ; 2.67709 ; 1.95792
3.27017 ; 6.17296 ; -2.47395 ; -0.52371
3.81065 ; 2.96642 ; -3.50886 ; -3.22488
4.33946 ; 4.29723 ; 5.51224 ; 6.29986
2.56348 ; 8.12503 ; 0.516147 ; -0.393008
3.02498 ; 4.79775 ; -1.8262 ; -5.19719
2.85341 ; 2.11947 ; -1.12641 ; -0.858226
2.34844 ; 2.69637 ; 2.10651 ; -2.25348
4.72528 ; 4.36992 ; -4.31903 ; -5.03052
2.80007 ; 8.05738 ; -0.738515 ; 0.327613
2.97027 ; 3.29455 ; -1.29305 ; 5.57359
2.69481 ; 8.35375 ; 0.463915 ; -2.31438
2.49398 ; 8.24786 ; 2.50115 ; -2.63435
8.40869 ; 2.31034 ; 1.62754 ; -1.52214
4.94974 ; 4.5093 ; -4.87191 ; -2.8239
2.84555 ; 1.88164 ; -0.832177 ; 0.206605
7.75468 ; 2.32521 ; 3.05029 ; -1.83481
3.83586 ; 2.35812 ; -3.43793 ; -1.97989
8.0369 ; 2.83338 ; 2.61127 ; -2.88682
3.41078 ; 8.14413 ; -2.45922 ; 0.408094
4.91992 ; 7.60603 ; -4.41131 ; 2.29148
2.69028 ; 2.23449 ; -0.617383 ; -1.09552
8.37692 ; 6.65909 ; 2.05534 ; 3.65257
8.6336 ; 7.68457 ; 1.03798 ; 1.69814
8.58089 ; 2.08913 ; 0.455947 ; -0.590383
3.0027 ; 3.92572 ; -2.02232 ; -4.29882
4.3133 ; 7.61796 ; -3.92893 ; 2.257
8.59998 ; 8.22826 ; -0.383149 ; -4.68815
8.17085 ; 7.40183 ; 2.38915 ; 2.58269
2.51781 ; 2.50153 ; 0.123893 ; -1.82962
8.34105 ; 1.70769 ; 1.28598 ; 2.42486
2.59689 ; 8.01608 ; 0.10694 ; 0.239726
8.68462 ; 6.94159 ; 1.12329 ; 3.23903
5.8226 ; 5.27606 ; 2.92099 ; 5.39032
2.61058 ; 2.22054 ; 4.7677 ; -0.311128
8.67998 ; 2.93068 ; 1.05504 ; -2.85871
2.58921 ; 1.87073 ; 0.416989 ; 0.75562
2.70139 ; 1.81113 ; -0.0915247 ; 0.926584
8.85065 ; 8.24718 ; -0.844824 ; -1.22604
8.60896 ; 3.0322 ; 0.317899 ; 5.79241
8.79898 ; 8.20176 ; -0.32203 ; -0.65516
8.9264 ; 1.84098 ; -2.4026 ; 2.36125
4.08579 ; 2.09283 ; -3.76949 ; -1.2125
7.9445 ; 2.01971 ; 2.58443 ; -0.798311
2.95225 ; 7.65213 ; -1.56203 ; 1.8126
4.136 ; 3.00579 ; -4.00556 ; -3.35832
8.71593 ; 7.65669 ; 0.760631 ; 1.71918
9.00463 ; 7.66423 ; -0.817161 ; 1.44679
4.57767 ; 7.50096 ; -4.45327 ; 2.4584
8.28169 ; 2.72111 ; -5.40681 ; 6.53168
2.55241 ; 6.9843 ; -0.0217929 ; 2.40261
8.9319 ; 8.23047 ; -2.71439 ; -2.48935
2.43792 ; 7.40604 ; 3.88902 ; 1.9937
2.98187 ; 1.72782 ; -1.16369 ; 1.29751
3.93506 ; 7.88484 ; -3.49545 ; 1.50395
3.5785 ; 2.25279 ; -2.95132 ; -1.60777
8.48683 ; 8.18668 ; 1.13055 ; -0.101202
2.55333 ; 8.02774 ; 0.602141 ; 0.078679
8.65591 ; 8.18325 ; 0.470155 ; -0.246578
2.61149 ; 8.21748 ; 0.455438 ; -0.892997
8.47679 ; 7.60931 ; 0.735268 ; -5.89515
7.19577 ; 8.00345 ; 3.81825 ; 1.14582
6.43863 ; 3.55989 ; -5.64372 ; -4.14298
7.38023 ; 8.13494 ; 3.68909 ; 0.0543406
5.54725 ; 8.21364 ; -5.57781 ; -1.23738
8.42019 ; 7.47517 ; 1.777 ; 2.2985
8.06822 ; 2.0085 ; 2.3089 ; -0.695255
8.32574 ; 3.26674 ; 2.13268 ; -3.53456
2.84242 ; 4.27112 ; -1.47606 ; -4.83514
8.41988 ; 2.10337 ; 1.45496 ; -0.854448
8.25815 ; 7.56009 ; 2.12575 ; 2.18
8.92029 ; 8.16651 ; -1.13021 ; -0.813337
3.62063 ; 2.45269 ; -3.05962 ; -2.16641
8.9309 ; 8.19971 ; -1.42043 ; -1.16874
6.42652 ; 2.37652 ; -4.8572 ; -1.6123
8.05304 ; 7.89709 ; 2.46976 ; 1.35235
8.33009 ; 7.40608 ; 1.99973 ; 2.33237
9.02966 ; 7.41264 ; -0.819206 ; 2.17038
6.39021 ; 7.76772 ; -5.13149 ; 1.67079
8.8905 ; 8.19289 ; -0.958317 ; -0.89588
8.46134 ; 1.75047 ; 0.884781 ; 2.19825
8.65962 ; 1.95137 ; 0.467741 ; 0.0475849
8.69801 ; 2.28902 ; 0.670165 ; -1.24942
8.07804 ; 8.13976 ; 1.52738 ; -1.00265
5.71225 ; 1.89332 ; 5.59217 ; 1.02436
8.42323 ; 7.85459 ; 1.5807 ; 1.3307
2.83583 ; 4.68139 ; 4.36677 ; -3.71143
2.74614 ; 6.53427 ; -1.20764 ; 3.83656
6.85234 ; 8.18609 ; 4.44875 ; 0.218166
2.49546 ; 8.22761 ; 1.55991 ; -1.55107
3.70619 ; 2.61356 ; -3.28039 ; -2.54822
2.70393 ; 2.74144 ; -0.963104 ; -2.48034
8.54515 ; 3.25625 ; 1.54366 ; -3.50057
2.84394 ; 7.75458 ; 5.15457 ; -5.46162
6.58528 ; 2.24307 ; 4.46642 ; -1.68371
4.17376 ; 5.49479 ; -4.17858 ; -5.37496
8.85374 ; 8.13276 ; -0.475006 ; -0.331757
8.39399 ; 3.37683 ; 1.99796 ; -3.68
8.5775 ; 7.76733 ; 1.15654 ; 1.49939
8.82598 ; 8.08946 ; -0.213785 ; -0.0223776
3.47917 ; 1.74091 ; -1.73934 ; 0.973029
2.54259 ; 7.92236 ; 0.262573 ; 0.564232
3.01061 ; 2.001 ; -1.52947 ; -0.513625
8.2573 ; 6.34233 ; -1.46658 ; 4.37388
8.9011 ; 8.2433 ; -1.34669 ; -1.48135
8.80837 ; 8.073 ; -0.174278 ; -0.104114
9.00048 ; 3.42201 ; -2.40586 ; -3.71661
8.59072 ; 1.8558 ; 0.611497 ; 0.465151
3.83131 ; 7.90508 ; -3.35518 ; 1.42089
2.613 ; 8.20985 ; 0.426473 ; -0.830011
3.49413 ; 2.1797 ; 6.10732 ; -0.137685
2.53123 ; 6.14082 ; -0.239603 ; 4.04027
7.45623 ; 6.10682 ; 3.78961 ; 4.61529
8.02035 ; 8.00703 ; 2.4867 ; 1.01163
2.51009 ; 8.26914 ; 2.04698 ; -2.45241
2.49784 ; 1.81541 ; 2.10584 ; 2.42165
8.90622 ; 2.09456 ; -0.588314 ; -0.270189
8.9149 ; 2.12009 ; -0.629117 ; -0.375642
3.63173 ; 2.53432 ; -3.16519 ; -2.21958
2.65224 ; 2.14222 ; -0.386156 ; -0.755128
2.52171 ; 8.17451 ; 0.973555 ; -0.862333
8.7303 ; 5.4962 ; -2.42782 ; -6.0751
8.73518 ; 7.91613 ; 0.473225 ; 0.861234
3.17113 ; 2.36732 ; -1.469 ; -1.74045
8.92367 ; 8.23924 ; -1.65612 ; -1.64448
7.69425 ; 7.67665 ; 3.20701 ; 2.07442
8.31684 ; 7.48542 ; 1.45887 ; 2.32062
8.69497 ; 2.02824 ; 0.422283 ; -0.278408
4.23883 ; 3.8155 ; -4.21319 ; -4.12469
2.93781 ; 1.89799 ; -1.18754 ; 0.0127246
2.63079 ; 8.21804 ; 0.344704 ; -0.842629
2.69649 ; 2.31824 ; -0.72008 ; -1.39517
8.60976 ; 1.75984 ; 0.359311 ; 1.33312
7.95605 ; 2.1101 ; 2.56374 ; -1.05286
3.09031 ; 3.56575 ; -2.22611 ; -3.70954
7.45674 ; 7.5807 ; 3.63086 ; 2.33983
8.88927 ; 7.6143 ; -0.00291944 ; 1.72483
8.3021 ; 6.7135 ; 2.24227 ; 3.72228
4.74791 ; 7.29795 ; -3.72122 ; 2.93035
3.69507 ; 3.20722 ; -3.38254 ; -3.31027
8.52982 ; 4.72573 ; 1.53679 ; -5.18254
6.15888 ; 2.58949 ; 3.88042 ; -2.54429
8.24867 ; 5.5181 ; 2.1829 ; 4.27288
6.27371 ; 4.64785 ; 3.65987 ; -5.2077
2.39127 ; 7.83177 ; 1.52553 ; 0.697417
7.64764 ; 6.29097 ; 3.43642 ; 1.37209
2.36048 ; 7.70556 ; 2.31728 ; 1.10539
4.74986 ; 8.01707 ; -4.86492 ; -3.65133
