2.87765 ; 3.83264 ; 0.417297 ; 6.80637
2.99044 ; 8.12214 ; -0.129073 ; -4.36974
2.91324 ; 7.72269 ; -0.543131 ; 0.0886918
8.79132 ; 8.07615 ; -3.75502 ; -3.32217
3.30378 ; 2.05701 ; 4.9204 ; 4.02559
8.75676 ; 8.10375 ; -3.42623 ; -3.82603
2.65555 ; 2.10299 ; 1.72271 ; 2.13167
2.87498 ; 7.6922 ; 2.94637 ; -6.77667
3.6499 ; 8.24187 ; -2.69074 ; -2.14766
2.78466 ; 2.00316 ; 0.330896 ; 1.02201
3.01481 ; 2.81442 ; -0.602921 ; 6.41121
7.40404 ; 2.1835 ; -7.04707 ; 3.0951
8.2148 ; 6.40157 ; 2.02541 ; 4.09543
6.51059 ; 8.06065 ; 4.8821 ; -0.429707
4.56855 ; 7.38292 ; -4.43388 ; 2.40111
6.13675 ; 2.23764 ; -6.02647 ; -0.534392
8.58922 ; 7.19353 ; 0.577909 ; 2.54833
2.59272 ; 2.47712 ; 0.92017 ; -1.06759
3.00958 ; 2.77269 ; 1.88182 ; 4.0125
5.78107 ; 2.24241 ; 5.55763 ; -0.58482
2.62604 ; 1.96233 ; 3.01587 ; 3.28068
8.81478 ; 2.00729 ; -2.77012 ; 2.31931
2.74857 ; 2.01899 ; 0.623775 ; 1.01099
7.63302 ; 2.244 ; -7.15142 ; 1.68373
8.10277 ; 2.14444 ; 1.74212 ; -0.334064
3.79285 ; 8.1324 ; -3.10008 ; -3.87691
3.72153 ; 7.93428 ; 5.63073 ; -1.03358
3.00469 ; 7.67217 ; 6.54755 ; -1.35351
8.73147 ; 8.05003 ; -4.24203 ; -4.23921
6.87649 ; 4.71812 ; -5.87451 ; 6.28228
2.99494 ; 1.99001 ; -0.732679 ; 1.06611
2.68313 ; 7.62455 ; 3.34999 ; 0.868908
2.88918 ; 2.10603 ; -0.421827 ; 0.165752
2.68299 ; 5.58715 ; 1.04542 ; -5.74508
8.26899 ; 7.43979 ; 1.66716 ; 2.05591
2.70088 ; 8.02699 ; 1.01317 ; -1.06977
7.70265 ; 7.27976 ; 3.0101 ; 2.63925
8.51681 ; 7.96 ; 0.352465 ; -0.0681801
8.62402 ; 1.94201 ; -0.740654 ; 1.75956
7.49264 ; 6.38579 ; 3.65003 ; -6.0431
8.27746 ; 7.85243 ; -1.56632 ; -6.19098
8.53515 ; 1.96209 ; -0.773 ; 1.55054
7.93537 ; 7.75133 ; -7.10723 ; -4.79392
8.90598 ; 7.64604 ; -2.44351 ; 0.858037
8.54896 ; 2.24884 ; -0.738763 ; 5.04074
8.53023 ; 7.8758 ; 0.216052 ; 0.297758
2.58749 ; 8.05322 ; 2.85983 ; -2.25625
8.52824 ; 7.80408 ; 0.379305 ; -0.0340958
8.22843 ; 6.98442 ; 1.88701 ; 2.95983
2.65047 ; 8.10512 ; 3.19813 ; -3.55577
8.50398 ; 7.7351 ; 0.653431 ; 0.982298
2.62985 ; 8.09163 ; 3.26894 ; -3.26391
8.76636 ; 8.00434 ; -1.27778 ; -0.840957
8.79141 ; 1.97932 ; -2.74803 ; 2.71191
3.92449 ; 5.36425 ; 5.34959 ; 5.52738
8.39243 ; 1.87568 ; 0.191499 ; 4.16651
2.73842 ; 8.16431 ; 1.46776 ; -2.90354
8.52688 ; 1.94726 ; -0.0813363 ; 1.41783
2.66309 ; 8.12445 ; 2.06447 ; -2.54651
2.85577 ; 2.11788 ; -0.277697 ; 0.131264
4.39506 ; 7.90637 ; 6.97058 ; -2.39824
8.81322 ; 8.07531 ; -2.30661 ; -1.91575
8.61522 ; 1.94857 ; -0.645854 ; 1.65185
3.87121 ; 7.97802 ; -3.27689 ; 0.226736
2.70451 ; 2.04706 ; 4.163 ; 4.71176
7.09935 ; 1.89055 ; 3.76894 ; 1.19031
2.76224 ; 7.77256 ; 0.0941702 ; 0.550752
2.82067 ; 8.08055 ; 0.474479 ; -1.21822
8.46614 ; 8.01893 ; 0.533404 ; -0.336767
8.54528 ; 3.34122 ; -0.168434 ; 5.90148
4.06166 ; 7.96277 ; -3.6417 ; 0.350446
6.23214 ; 7.63973 ; 5.00723 ; 1.68387
2.70054 ; 8.05153 ; 1.10838 ; -1.28223
7.29314 ; 4.88655 ; 3.99775 ; 5.76528
8.57367 ; 2.92151 ; 0.563273 ; -2.13647
2.62816 ; 1.94967 ; 2.55803 ; 2.91147
2.62076 ; 7.72497 ; 0.958705 ; 0.548836
2.97873 ; 7.70205 ; -0.944654 ; 0.901478
2.68256 ; 7.86594 ; 1.47414 ; -0.145783
2.5283 ; 2.53621 ; 1.83953 ; -1.36191
2.71517 ; 4.57686 ; 0.439336 ; 5.58232
2.74571 ; 1.90498 ; 1.01424 ; 2.30902
8.464 ; 2.06026 ; 0.445558 ; 0.543314
8.71914 ; 8.08271 ; -1.12329 ; -1.35879
2.65227 ; 2.05044 ; 1.20086 ; 1.06433
4.50292 ; 7.66188 ; -4.14262 ; 1.6556
3.04836 ; 1.89775 ; -0.852232 ; 1.47612
3.5346 ; 2.73429 ; -2.46252 ; -1.00507
3.40043 ; 2.67606 ; -2.23327 ; 6.12034
8.77607 ; 1.96408 ; -2.71734 ; 2.92718
8.59494 ; 1.90606 ; -0.666563 ; 2.11834
7.29779 ; 6.81303 ; 0.71251 ; 3.55384
2.66086 ; 7.70484 ; 0.969165 ; 0.558348
2.58534 ; 7.94849 ; 4.27083 ; -1.67771
7.72653 ; 7.93961 ; -6.83297 ; -3.01304
2.62142 ; 1.9597 ; 2.83903 ; 3.08685
7.7213 ; 4.1959 ; 3.2504 ; -4.83423
8.30241 ; 8.07746 ; 0.854555 ; -4.01733
5.78775 ; 7.97414 ; -5.66924 ; -0.0864406
2.58065 ; 2.08475 ; 1.85209 ; 1.04036
8.72766 ; 1.93198 ; -1.92713 ; 2.697
2.80097 ; 8.11833 ; 0.555755 ; -1.56931
5.75769 ; 7.80226 ; -4.37698 ; 0.491996
3.0283 ; 5.30823 ; -1.37437 ; -5.01839
8.56095 ; 3.49973 ; 0.802153 ; -3.76093
8.73543 ; 8.14156 ; -1.67048 ; -2.25896
4.39651 ; 2.10487 ; -3.73425 ; 4.47712
8.87505 ; 2.59193 ; -1.49878 ; -1.47035
3.07816 ; 3.23056 ; 0.243558 ; -3.39645
2.70406 ; 3.34343 ; -0.144102 ; -3.51337
3.26178 ; 3.59619 ; -2.13215 ; -0.543302
7.09406 ; 2.4949 ; 3.98076 ; -1.91173
2.58178 ; 2.31612 ; 1.19642 ; -0.454623
2.72579 ; 7.63165 ; 0.390821 ; 1.10285
5.7003 ; 2.09768 ; 5.60856 ; 0.109198
2.82509 ; 2.2708 ; -0.307171 ; -0.587945
2.6856 ; 8.11054 ; 1.55274 ; -2.00851
8.87914 ; 7.32572 ; -1.3561 ; 2.1086
2.89768 ; 6.86607 ; 0.860654 ; -7.12272
8.80242 ; 2.71133 ; -0.734288 ; -1.89508
2.89911 ; 1.9224 ; -0.10354 ; 1.48769
7.7813 ; 2.53987 ; 2.84846 ; -1.89101
6.38115 ; 3.36552 ; -6.12373 ; -3.83883
5.77135 ; 2.67953 ; 5.48962 ; 6.30501
7.87554 ; 3.44915 ; 2.84775 ; -3.85725
8.58848 ; 6.41718 ; -0.335388 ; -5.95751
2.59158 ; 2.22263 ; 1.77245 ; 0.170508
8.78834 ; 8.09542 ; -3.42011 ; -3.29403
8.40532 ; 8.02149 ; 0.177463 ; -5.48426
8.31948 ; 1.85246 ; 0.710577 ; 2.86472
2.70233 ; 8.12423 ; 1.4572 ; -2.12374
2.68922 ; 5.13314 ; 1.91342 ; -6.02233
8.722 ; 1.92575 ; -1.93483 ; 2.81507
8.89254 ; 2.24664 ; -3.77967 ; 0.459836
3.97046 ; 8.06141 ; -3.34962 ; -0.508876
5.07512 ; 7.45487 ; -4.91258 ; 2.30732
8.75621 ; 2.04484 ; -1.44262 ; 1.23714
2.8709 ; 1.94081 ; 0.0202485 ; 1.37741
2.68584 ; 1.99699 ; 1.09838 ; 1.3716
2.54312 ; 2.08882 ; 3.79015 ; 1.79343
2.70622 ; 7.53924 ; 0.174922 ; 1.41382
2.59635 ; 2.05697 ; 4.29725 ; 2.57562
3.4952 ; 2.30272 ; -2.54922 ; -1.14399
2.82074 ; 4.87613 ; 0.245172 ; -5.64642
2.54514 ; 7.90747 ; 2.41548 ; -0.740116
2.68349 ; 4.53242 ; 0.482354 ; 4.86535
6.75348 ; 2.01058 ; 4.20746 ; 0.217507
8.73784 ; 2.22939 ; -0.802168 ; -0.0880791
8.67665 ; 8.13919 ; -2.22627 ; -4.50857
8.78911 ; 8.06523 ; -3.95229 ; -3.35435
7.8703 ; 7.23071 ; 2.73283 ; 2.73371
3.08532 ; 6.34519 ; -1.56684 ; 4.25547
8.75556 ; 8.09889 ; -3.51684 ; -3.87956
7.57858 ; 4.47786 ; -6.1432 ; 3.68228
2.64135 ; 2.03442 ; 1.34852 ; 1.21063
2.5351 ; 2.27906 ; 1.84159 ; -0.120252
8.75778 ; 7.67607 ; -3.07545 ; -2.42776
3.10714 ; 7.59291 ; -1.45312 ; 1.51831
2.59309 ; 8.06113 ; 3.10386 ; -2.55354
8.82277 ; 7.53105 ; -0.909751 ; 1.4488
2.65904 ; 1.92455 ; 2.22142 ; 3.07584
8.42052 ; 6.9592 ; 0.84175 ; -3.82139
2.72522 ; 4.90298 ; 0.947843 ; 5.93572
2.99389 ; 2.11274 ; -0.886093 ; -0.00391138
3.2117 ; 2.00814 ; -1.5021 ; 0.424311
3.93864 ; 3.07501 ; 6.36444 ; -0.543045
8.19979 ; 6.2597 ; -5.56693 ; -7.08856
8.47892 ; 1.90101 ; 0.0170952 ; 1.8082
2.83959 ; 2.33182 ; 4.05896 ; 6.52245
7.63013 ; 7.5512 ; -7.27156 ; -5.74768
7.94879 ; 2.2033 ; -6.73965 ; 1.02631
2.62679 ; 1.95443 ; 2.80126 ; 3.14201
3.08335 ; 8.00127 ; -1.03371 ; -0.221942
3.71994 ; 6.74201 ; -3.15449 ; 3.39285
2.67279 ; 1.9895 ; 1.27621 ; 1.5376
7.56881 ; 7.41864 ; 2.64819 ; 2.23347
7.87428 ; 7.83025 ; 2.51999 ; 0.936425
8.80263 ; 1.99426 ; -2.62648 ; 2.37701
7.69225 ; 7.83365 ; 2.98047 ; 0.302106
6.13736 ; 4.90592 ; 4.71052 ; -5.61093
8.8266 ; 2.41082 ; -2.03622 ; -0.697324
8.63287 ; 8.18589 ; -1.49028 ; -4.14508
2.88103 ; 7.71225 ; -0.55468 ; 0.946287
2.61427 ; 8.05836 ; 2.14694 ; -1.84979
2.71994 ; 7.77153 ; 0.384497 ; 0.494379
8.05376 ; 5.27363 ; 2.33369 ; -2.47953
8.71605 ; 7.59658 ; -0.259038 ; 1.31873
8.81698 ; 2.18285 ; -1.70617 ; 0.387448
8.73773 ; 7.99695 ; -1.00278 ; -0.696077
2.99473 ; 8.10765 ; -0.536961 ; -1.03772
7.81267 ; 2.17682 ; -6.79418 ; 1.2876
3.55358 ; 2.26 ; -2.45451 ; -0.850446
8.74581 ; 7.9013 ; -0.83973 ; -0.117913
2.74918 ; 7.69477 ; 0.0770166 ; 0.878605
8.56452 ; 4.89808 ; 0.348292 ; 5.87453
7.61628 ; 7.79602 ; 3.076 ; 1.12725
2.6359 ; 8.09831 ; 3.18093 ; -3.30473
2.81216 ; 7.98767 ; 1.50942 ; -5.28403
8.81691 ; 2.0086 ; -3.14481 ; 2.58541
8.85062 ; 8.04069 ; -2.98815 ; -1.95107
2.84558 ; 7.88028 ; 5.46048 ; -5.58552
8.75425 ; 1.96606 ; -3.13715 ; 3.66725
8.54362 ; 3.98237 ; -0.251753 ; 6.68774
3.89126 ; 1.99165 ; -3.30225 ; 0.262672
8.78141 ; 8.10525 ; -3.28604 ; -3.34852
8.83811 ; 7.96545 ; -1.90904 ; -0.799836
8.71506 ; 2.03927 ; -4.19478 ; 4.44698
8.64759 ; 2.0057 ; -0.769275 ; 1.23077
3.04723 ; 2.16084 ; 6.43042 ; 3.54377
7.30554 ; 2.49101 ; 3.8007 ; 5.76862
2.6904 ; 8.14999 ; 2.00822 ; -2.91168
3.61943 ; 6.09595 ; -2.8542 ; 4.50781
3.36614 ; 8.24561 ; -1.81432 ; -2.08912
2.82247 ; 7.15746 ; -0.617338 ; 2.57935
8.07314 ; 8.25953 ; 1.43506 ; -3.16219
7.50582 ; 7.98852 ; 3.35765 ; 0.191821
8.60946 ; 8.18528 ; -0.663882 ; -2.1651
8.71971 ; 1.92398 ; -1.93183 ; 2.82557
8.79863 ; 8.10903 ; -2.75909 ; -2.69091
8.72095 ; 7.9629 ; -0.821617 ; -0.421885
8.80249 ; 8.09728 ; -2.35704 ; -2.18434
4.14249 ; 2.01474 ; -3.76911 ; 0.122175
2.61084 ; 8.07279 ; 3.40068 ; -3.02364
3.65458 ; 7.85706 ; -2.81714 ; 0.825163
2.72229 ; 2.29057 ; 0.240686 ; -0.470515
2.90126 ; 8.06855 ; -0.173311 ; -0.889047
4.42617 ; 8.10307 ; -4.03227 ; -0.446441
8.60216 ; 2.23366 ; 0.0222521 ; -0.312206
2.83643 ; 8.0209 ; 0.10371 ; -0.866282
3.78212 ; 1.94899 ; -2.93857 ; 0.572992
4.92953 ; 3.3066 ; 6.16915 ; -3.82414
8.46153 ; 5.68143 ; 0.904206 ; -5.50769
8.30457 ; 3.19083 ; 1.6838 ; -3.25946
4.19025 ; 8.02004 ; -3.47226 ; 0.0964595
8.35734 ; 3.74583 ; 1.57691 ; -4.0137
7.96527 ; 3.54387 ; 2.6193 ; -3.63819
8.79291 ; 1.98491 ; -3.14369 ; 3.01874
7.1439 ; 1.98494 ; 3.76129 ; 0.337827
6.22849 ; 2.09573 ; 4.39989 ; -0.239599
8.64577 ; 8.16639 ; -0.928438 ; -2.0881
2.67685 ; 8.04384 ; 4.23779 ; -4.18072
8.77026 ; 2.0749 ; -2.91898 ; 3.10626
2.64276 ; 1.94665 ; 1.96122 ; 2.42852
3.19077 ; 3.32213 ; 5.43238 ; -3.67458
5.61264 ; 7.96607 ; 4.01103 ; 0.199471
8.59546 ; 1.9954 ; -0.381434 ; 1.1998
2.62411 ; 3.71859 ; 3.72417 ; -4.35651
8.79505 ; 2.02469 ; -2.0209 ; 1.66369
2.69103 ; 8.05008 ; 4.07037 ; -4.42972
7.89463 ; 2.58528 ; 2.33238 ; 3.87001
3.44599 ; 2.50183 ; -2.46758 ; -1.79149
6.77575 ; 2.23218 ; 3.87018 ; -0.966729
8.81345 ; 2.08699 ; -1.90727 ; 1.11483
7.48952 ; 2.53179 ; -5.8674 ; -1.42755
4.74651 ; 2.42914 ; 5.89783 ; -1.40194
2.54916 ; 2.2987 ; 4.6195 ; 0.244
8.75575 ; 1.98796 ; -3.49732 ; 3.81064
7.9379 ; 4.58256 ; 2.66064 ; 5.24435
8.54175 ; 3.09658 ; 0.811607 ; -2.98232
8.5548 ; 7.00147 ; -0.555973 ; -6.52863
3.194 ; 1.92942 ; -1.38253 ; 0.993856
3.43274 ; 4.05508 ; -2.59277 ; 0.418249
2.70795 ; 8.11651 ; 1.34215 ; -1.9522
8.83025 ; 2.11547 ; -1.99754 ; 0.952078
2.58897 ; 1.99461 ; 2.48252 ; 2.16364
2.99397 ; 2.04785 ; -0.809719 ; 0.367876
3.09736 ; 1.95681 ; -0.969031 ; 0.908395
2.63048 ; 8.087 ; 3.39469 ; -3.35024
8.70056 ; 8.03048 ; -4.2784 ; -4.71202
8.89326 ; 7.72307 ; -2.08711 ; 0.555446
3.62938 ; 7.4611 ; -2.59112 ; 2.10774
6.45236 ; 7.51432 ; 4.91582 ; 2.08394
8.77558 ; 1.9648 ; -2.75066 ; 2.92769
2.66555 ; 8.13175 ; 2.63269 ; -3.33256
5.58168 ; 2.18225 ; -5.59245 ; -0.444345
8.4037 ; 2.08363 ; 0.743971 ; 0.216194
5.95814 ; 7.94264 ; 5.34856 ; 0.215884
3.73838 ; 6.5904 ; 4.11962 ; 3.86841
8.50282 ; 6.89412 ; -0.215447 ; -6.68283
2.75462 ; 7.25434 ; 2.75304 ; 2.28024
3.07801 ; 2.11492 ; -1.08618 ; 0.461539
8.70116 ; 8.02227 ; -4.51478 ; -4.57103
8.63296 ; 8.14919 ; -0.693107 ; -1.76131
3.14272 ; 2.4103 ; 6.36912 ; 5.99751
2.66995 ; 7.93279 ; 1.02304 ; -0.589668
8.05945 ; 7.65248 ; 2.13133 ; 1.34297
2.89022 ; 7.93436 ; -0.324545 ; -0.213274
7.36901 ; 2.28927 ; -6.76385 ; -0.137125
8.62647 ; 7.99524 ; -2.86154 ; -5.6514
8.61733 ; 3.52985 ; 0.476177 ; -3.6626
2.83356 ; 4.28143 ; -0.75404 ; -2.01487
7.89223 ; 7.74951 ; -6.19571 ; 0.42234
2.69184 ; 8.07463 ; 3.63408 ; -4.437
2.67366 ; 8.05325 ; 4.09359 ; -4.15616
8.80773 ; 8.09666 ; -3.00747 ; -2.74463
2.64924 ; 2.07054 ; 1.33283 ; 0.903545
6.98113 ; 7.95402 ; 4.06491 ; -0.146151
8.76933 ; 8.09693 ; -3.52226 ; -3.64839
2.57485 ; 2.03215 ; 2.63715 ; 1.77785
6.81554 ; 3.17967 ; -6.83083 ; 6.90305
2.68675 ; 2.04454 ; 4.37644 ; 4.33122
8.71931 ; 2.06901 ; -1.09995 ; 0.955014
8.80126 ; 6.59412 ; -0.646156 ; 0.768885
8.12264 ; 5.27962 ; -0.0559682 ; 5.5638
2.67664 ; 8.13627 ; 1.99363 ; -2.64878
2.6306 ; 3.33976 ; 2.59432 ; -3.59743
2.68793 ; 7.99722 ; 1.05838 ; -0.878979
8.7457 ; 1.95241 ; -2.88765 ; 3.61658
3.35882 ; 8.18282 ; -1.8637 ; -1.26111
2.51084 ; 2.46082 ; 1.74631 ; -0.902262
8.54809 ; 1.95465 ; -0.615027 ; 3.69684
8.56236 ; 8.02551 ; -2.07032 ; -1.11149
2.59698 ; 2.23626 ; 4.68646 ; 0.544012
4.61008 ; 6.69437 ; -4.65193 ; -2.42738
8.49261 ; 2.10457 ; 0.151623 ; 1.8697
8.0557 ; 7.5276 ; 1.95436 ; 1.83348
3.28711 ; 2.88442 ; 3.98845 ; 6.79194
2.85824 ; 7.80267 ; 1.58373 ; -6.58199
8.62915 ; 4.66959 ; -3.7149 ; -5.61476
3.36965 ; 2.26739 ; -2.22381 ; -0.959649
7.06506 ; 3.43107 ; -7.00909 ; 6.68307
2.64639 ; 1.98712 ; 3.55883 ; 3.83587
8.78891 ; 1.98361 ; -3.19875 ; 3.12284
8.76595 ; 2.16805 ; -1.14878 ; 0.335012
2.66996 ; 8.10437 ; 3.25367 ; -3.92461
7.66121 ; 8.23814 ; 2.97985 ; -2.63381
8.48064 ; 3.7208 ; -5.20022 ; -4.30757
8.24843 ; 1.86514 ; 1.04469 ; 2.42337
8.63729 ; 7.50969 ; -0.204581 ; -1.07674
8.13155 ; 2.55024 ; 1.55506 ; 6.31364
8.75835 ; 1.97373 ; -1.91344 ; 2.15095
2.60554 ; 7.98047 ; 1.8105 ; -1.05337
8.73863 ; 8.14765 ; -1.79008 ; -2.43327
8.47148 ; 2.50243 ; -6.1075 ; -0.974113
8.2456 ; 5.53962 ; 1.81167 ; -5.02206
6.95145 ; 2.1501 ; -5.00704 ; 0.16223
4.72728 ; 7.70259 ; -4.82894 ; -4.95081
8.42174 ; 3.57893 ; 0.570111 ; 6.58573
2.63002 ; 8.10354 ; 2.56688 ; -2.66373
8.80759 ; 8.09551 ; -2.48942 ; -2.26623
3.93191 ; 2.70176 ; -3.50348 ; -2.41182
2.99534 ; 8.19372 ; -0.390551 ; -1.927
2.69507 ; 8.08378 ; 1.29835 ; -1.63181
7.46256 ; 2.30363 ; 3.18561 ; -1.21495
2.5209 ; 6.87541 ; 1.43734 ; 3.07079
2.97368 ; 5.86003 ; -1.36476 ; 4.65949
4.24278 ; 2.20929 ; 6.4787 ; 0.140668
8.75253 ; 8.14354 ; -1.99353 ; -2.53597
8.74951 ; 8.147 ; -2.52983 ; -3.3295
2.95607 ; 1.89457 ; -0.37187 ; 1.64317
8.74019 ; 2.01812 ; -3.98465 ; 4.08941
2.65036 ; 1.99717 ; 3.72464 ; 3.91161
2.79004 ; 5.70757 ; 3.17644 ; 5.27557
7.60046 ; 6.30146 ; 3.45527 ; 4.38799
8.76902 ; 4.22303 ; -0.608502 ; -4.83945
3.77448 ; 1.95191 ; -3.03861 ; 0.552847
2.69667 ; 8.04852 ; 1.12834 ; -1.27664
2.55231 ; 2.22572 ; 1.99657 ; 0.108408
2.68414 ; 8.09765 ; 1.50141 ; -1.85351
2.93538 ; 4.27484 ; -0.553856 ; 6.29439
3.7064 ; 7.89174 ; -2.81226 ; -1.4484
7.4828 ; 5.4516 ; 3.70604 ; 5.31703
8.62363 ; 2.78123 ; 0.348335 ; -2.21935
2.78359 ; 7.97814 ; 0.299934 ; -0.509277
8.6853 ; 2.06861 ; -0.791913 ; 0.819726
2.93831 ; 8.17415 ; 0.31532 ; -4.51561
8.8612 ; 7.82408 ; -1.72306 ; 0.0419762
8.79948 ; 8.07831 ; -2.0547 ; -1.79799
8.49926 ; 2.47868 ; 0.702902 ; -1.32122
8.80229 ; 8.01838 ; -1.96243 ; -1.18046
8.70094 ; 1.95108 ; -1.3856 ; 2.14034
8.80259 ; 8.08327 ; -3.49128 ; -3.08035
7.72282 ; 2.2083 ; -6.82069 ; 0.81956
4.16052 ; 5.05515 ; 5.67394 ; 5.98165
4.64349 ; 3.82692 ; -3.87615 ; -4.47977
7.79197 ; 8.16812 ; 2.63261 ; -0.920361
8.6934 ; 2.62748 ; -0.109375 ; -1.72409
2.63824 ; 8.07246 ; 3.73289 ; -3.58188
8.30366 ; 8.22102 ; 0.904875 ; -2.04079
7.76315 ; 4.78782 ; 3.12567 ; -5.37066
8.54337 ; 1.92713 ; -0.231482 ; 1.66677
8.51868 ; 2.10185 ; -1.05725 ; 5.9049
8.73912 ; 7.11366 ; -0.145501 ; 2.65875
8.55112 ; 7.69547 ; -1.2641 ; -6.52954
8.32857 ; 8.00155 ; 1.07588 ; -0.131052
2.64758 ; 2.06474 ; 1.18247 ; 0.92349
2.62152 ; 8.06372 ; 2.08125 ; -1.86734
2.61294 ; 2.00697 ; 1.81574 ; 1.6332
7.71466 ; 2.18072 ; -6.80449 ; 1.14069
2.638 ; 7.53737 ; 4.66063 ; 1.07575
2.59028 ; 2.21975 ; 1.2991 ; 0.0323504
8.65415 ; 1.91233 ; -1.14462 ; 2.35179
3.24806 ; 8.00982 ; -1.64072 ; -0.109433
7.20904 ; 1.97003 ; 3.79064 ; 0.455873
8.20018 ; 7.80494 ; 1.66403 ; 0.870427
2.76778 ; 2.03948 ; 0.352248 ; 0.795742
4.89349 ; 5.36758 ; -4.9435 ; 5.4991
3.86713 ; 8.11606 ; -3.29715 ; -3.69711
2.66368 ; 2.06796 ; 4.43988 ; 3.52503
2.59697 ; 2.08634 ; 4.45281 ; 2.1256
8.83193 ; 8.0593 ; -2.53219 ; -1.88072
8.64756 ; 1.90923 ; -1.15597 ; 2.6396
3.20454 ; 2.70226 ; -1.94212 ; -2.2754
8.54621 ; 3.62998 ; 0.471176 ; 2.60453
7.7194 ; 1.82906 ; 2.73701 ; 2.39987
8.76241 ; 7.29483 ; -0.344753 ; 2.21746
2.69687 ; 7.91341 ; 0.731857 ; -0.274027
8.79935 ; 1.98777 ; -2.99558 ; 2.79292
8.38394 ; 7.47372 ; 1.2658 ; 1.8931
8.68183 ; 2.03252 ; -0.923744 ; 1.37005
4.75236 ; 8.07193 ; 4.80746 ; -1.31977
2.76781 ; 4.40948 ; 3.75368 ; -5.34291
8.4289 ; 8.06784 ; 0.246471 ; -0.711795
2.5655 ; 8.01776 ; 3.14744 ; -1.98967
3.10115 ; 7.56783 ; -1.49948 ; 1.62076
2.5932 ; 2.28601 ; 2.32387 ; 1.76697
2.85005 ; 2.02119 ; -0.0946115 ; 0.757186
2.8337 ; 5.37185 ; -0.240223 ; -5.97984
2.64044 ; 8.09389 ; 3.35976 ; -3.48574
8.77464 ; 8.10254 ; -1.88512 ; -1.93941
3.19866 ; 7.99393 ; -1.50471 ; -0.591505
8.65353 ; 6.77931 ; 0.144149 ; 0.391614
8.56683 ; 4.43073 ; -3.17549 ; 6.45508
2.62006 ; 6.51662 ; 0.452123 ; 3.75119
3.23171 ; 2.80987 ; -1.82018 ; -2.52597
2.60874 ; 7.99582 ; 1.84706 ; -1.25949
8.60573 ; 7.6943 ; 0.237128 ; 1.0503
7.61129 ; 1.91371 ; 2.72963 ; 0.903693
8.63187 ; 7.51016 ; 0.239594 ; 1.61363
3.14299 ; 1.84756 ; -1.16118 ; 1.90992
2.68861 ; 1.91115 ; 2.06504 ; 3.46317
8.40902 ; 2.09766 ; -0.173034 ; 5.82919
8.41261 ; 2.2359 ; -0.0800834 ; 6.23044
4.37582 ; 1.86699 ; -3.95747 ; 2.41155
2.60353 ; 8.02133 ; 2.03591 ; -1.4902
8.37898 ; 4.87159 ; 1.42238 ; -5.49293
3.46962 ; 2.2302 ; -2.35237 ; -0.835508
8.44291 ; 1.92321 ; 0.315445 ; 1.48035
2.60177 ; 8.0733 ; 2.81631 ; -2.45801
2.80046 ; 1.89338 ; 0.964879 ; 3.71821
7.37646 ; 7.91957 ; 3.71989 ; -5.10521
8.47365 ; 4.28806 ; 0.700375 ; 5.81256
8.10968 ; 8.05594 ; 1.3891 ; -4.71087
2.70027 ; 2.05454 ; 0.779977 ; 0.848373
7.80308 ; 4.80666 ; 3.07562 ; -5.48177
8.59353 ; 2.07504 ; -0.594189 ; 0.699758
2.6031 ; 8.07105 ; 2.79167 ; -2.42912
8.77136 ; 8.00231 ; -1.3065 ; -0.846306
2.98967 ; 2.00016 ; -0.721047 ; 0.704444
2.60443 ; 1.99665 ; 2.03434 ; 1.8481
3.94541 ; 6.99771 ; -3.64358 ; 3.23718
8.40651 ; 7.83914 ; -5.06458 ; -0.334698
8.79261 ; 5.43396 ; -0.977448 ; -3.75482
8.75215 ; 7.85139 ; -0.796079 ; 0.156447
2.89092 ; 1.87289 ; 0.0695835 ; 2.11184
4.61425 ; 7.57844 ; -0.599306 ; 1.78223
2.7725 ; 1.92939 ; 0.639109 ; 1.7607
8.82799 ; 2.02863 ; -3.37147 ; 2.45958
3.66992 ; 3.63422 ; 6.51305 ; -4.16645
7.00899 ; 8.10939 ; 4.15411 ; -0.539415
2.6264 ; 8.10093 ; 2.79547 ; -2.8472
2.69385 ; 8.07079 ; 1.24512 ; -1.4961
8.65267 ; 8.17161 ; -0.951517 ; -2.19061
3.11789 ; 8.07625 ; -1.16087 ; -0.817813
3.75527 ; 3.80792 ; -3.32602 ; -3.05944
3.51095 ; 2.11311 ; 3.13424 ; 0.462972
7.4527 ; 7.54666 ; 3.15847 ; -3.33758
6.76597 ; 2.19537 ; -1.8542 ; -0.578186
2.56215 ; 8.01315 ; 3.35713 ; -2.0749
3.08137 ; 1.87082 ; -0.919301 ; 1.67472
2.66889 ; 8.09239 ; 3.47745 ; -3.99523
2.68432 ; 1.90843 ; 1.9802 ; 3.18412
3.40648 ; 8.21435 ; -1.98024 ; -1.7436
4.44819 ; 7.00367 ; -4.50739 ; -4.87399
2.64027 ; 6.14046 ; 0.258713 ; 3.03534
8.69525 ; 2.74274 ; -4.27342 ; -2.02217
2.6925 ; 8.02931 ; 4.43114 ; -4.34623
8.8876 ; 7.28164 ; -1.35318 ; 2.21966
2.66621 ; 1.98268 ; 1.34631 ; 1.60865
2.65687 ; 1.92974 ; 1.94811 ; 2.63846
8.75438 ; 1.94593 ; -2.3026 ; 2.81213
8.55913 ; 4.81615 ; 0.341774 ; 5.87587
3.78943 ; 2.1338 ; 6.72337 ; 1.617
2.72299 ; 2.22798 ; 0.326818 ; -0.136782
8.63386 ; 7.36727 ; 0.31789 ; 2.07523
2.79746 ; 5.40622 ; -0.132283 ; -5.51221
2.53581 ; 2.2246 ; 1.90256 ; 0.141773
7.33083 ; 2.12274 ; -6.74951 ; 1.65855
6.65616 ; 3.88702 ; 0.43818 ; 6.57372
2.76805 ; 1.87962 ; 1.03407 ; 2.9846
2.80152 ; 6.39047 ; -0.649527 ; 3.8962
4.503 ; 6.58139 ; -4.33297 ; -5.05472
2.81604 ; 7.47633 ; -0.163054 ; -0.0723413
2.57159 ; 2.01382 ; 2.71045 ; 2.07167
8.75142 ; 1.94292 ; -2.51595 ; 3.13409
8.49574 ; 5.23693 ; 0.94419 ; -4.06932
6.63054 ; 7.86091 ; 4.58283 ; 0.859306
2.7862 ; 7.67981 ; 5.71856 ; 0.333661
8.81803 ; 2.0361 ; -2.37139 ; 1.77761
8.38403 ; 2.26817 ; 0.959096 ; -0.688752
8.46428 ; 2.75171 ; 0.92234 ; -1.68115
8.76462 ; 8.1224 ; -1.92704 ; -2.19128
3.1335 ; 8.05523 ; 0.54803 ; -0.959666
2.67541 ; 2.03153 ; 4.20613 ; 4.23054
8.39181 ; 7.96949 ; 0.912882 ; 0.0188783
2.85323 ; 3.74462 ; -0.0637975 ; 3.04192
2.61439 ; 1.96293 ; 2.73481 ; 2.87684
8.85361 ; 2.09669 ; -2.58191 ; 1.35589
8.12972 ; 7.9495 ; 1.83792 ; 0.30226
8.60548 ; 1.88918 ; -1.16078 ; 3.66147
7.22797 ; 8.16079 ; 3.41457 ; -2.50762
8.71165 ; 1.94731 ; -1.54856 ; 2.17179
2.72348 ; 8.05149 ; 0.9576 ; -1.21553
8.50022 ; 7.96207 ; 0.211875 ; -1.76134
8.78059 ; 8.09468 ; -3.506 ; -3.45545
8.34661 ; 1.86423 ; 0.665212 ; 1.99533
8.52028 ; 8.1923 ; -0.0656475 ; -1.95812
2.66974 ; 8.13274 ; 2.67121 ; -3.44546
5.85994 ; 7.10513 ; -5.79122 ; 3.06516
3.00975 ; 2.01835 ; -0.313725 ; 5.19436
5.4031 ; 3.90074 ; 5.74146 ; -4.32114
8.59618 ; 7.31672 ; 0.513227 ; 2.23375
7.63636 ; 7.45787 ; -7.25865 ; -5.36201
6.07892 ; 7.994 ; 5.36265 ; -0.14817
3.19923 ; 7.58145 ; 6.70812 ; 0.642807
8.57178 ; 8.09658 ; -1.41144 ; -4.89197
2.83022 ; 6.66413 ; 0.0553622 ; -4.73243
8.72084 ; 2.26751 ; -0.692696 ; -0.315169
8.61937 ; 6.16613 ; -0.105488 ; -5.14331
8.19285 ; 7.43917 ; 1.09452 ; 2.00558
3.56595 ; 2.26982 ; -2.62554 ; -1.02783
8.20621 ; 7.67879 ; 1.22484 ; 1.3088
2.61438 ; 1.96136 ; 2.56079 ; 2.70018
7.88784 ; 7.56476 ; 2.43185 ; 1.82397
8.77981 ; 2.52193 ; -1.69372 ; -1.1971
3.04538 ; 2.16096 ; -0.779843 ; -0.0490689
3.26975 ; 2.01841 ; -1.79077 ; 0.305547
8.84224 ; 2.08687 ; -2.40301 ; 1.35188
6.99616 ; 8.00055 ; 4.09836 ; 0.171648
7.71956 ; 2.14355 ; 2.85518 ; -0.441534
8.28667 ; 7.64401 ; 1.50895 ; 1.45332
2.89065 ; 2.02552 ; -0.0240088 ; 0.733464
8.02701 ; 8.01864 ; 2.06964 ; -2.41164
8.30549 ; 2.24006 ; -6.15923 ; 0.759822
4.1314 ; 7.91176 ; -3.63823 ; 0.615972
3.05143 ; 7.63533 ; -1.02035 ; 1.23394
2.63483 ; 8.05885 ; 3.93677 ; -3.54065
8.15139 ; 2.42678 ; 1.84205 ; -1.17046
8.38931 ; 2.20645 ; 0.938683 ; -0.424659
2.61555 ; 7.96519 ; 1.59415 ; -0.893592
5.16855 ; 2.61153 ; -5.25487 ; -2.07462
8.61149 ; 7.89964 ; -2.32564 ; -0.353072
3.58176 ; 4.16084 ; -2.93351 ; 5.61651
7.92477 ; 8.0638 ; 2.36446 ; -0.856057
8.23186 ; 5.94683 ; 1.90225 ; 2.60883
2.78587 ; 1.98389 ; 0.393493 ; 1.23152
3.05898 ; 7.86363 ; -1.1217 ; 0.471037
2.88804 ; 8.11394 ; 0.917233 ; -5.22706
8.54373 ; 8.16362 ; -1.02494 ; -4.77754
2.62437 ; 8.0866 ; 3.29821 ; -3.18434
2.62499 ; 8.07049 ; 3.66088 ; -3.349
8.81979 ; 2.01171 ; -2.97864 ; 2.40996
8.74799 ; 1.94252 ; -2.20718 ; 2.79433
2.73157 ; 1.88925 ; 1.36539 ; 3.00915
2.5127 ; 2.47701 ; 1.82344 ; -0.971193
8.74128 ; 7.88323 ; -5.29926 ; -1.07077
8.58494 ; 3.51259 ; -4.29289 ; -3.97341
4.35644 ; 2.01033 ; -4.12177 ; 0.200894
2.76593 ; 7.78871 ; 0.437074 ; 0.461775
8.70235 ; 2.05634 ; -4.40091 ; 4.56266
7.69079 ; 7.98566 ; 2.84623 ; 0.277528
4.6791 ; 6.17271 ; -4.8842 ; -6.28369
3.49314 ; 3.63031 ; -2.7136 ; 6.28485
2.84658 ; 2.26988 ; -0.400337 ; -0.589471
2.83373 ; 8.20705 ; 0.784258 ; -3.11775
8.85849 ; 7.86612 ; -2.78592 ; -0.313886
2.6753 ; 2.0084 ; 1.1621 ; 1.3128
8.60732 ; 2.06557 ; -1.93435 ; 5.62861
8.591 ; 2.0354 ; -1.18533 ; 4.63705
2.60292 ; 8.06086 ; 3.53626 ; -2.93674
8.80103 ; 2.00132 ; -2.4072 ; 2.12517
4.64448 ; 2.88454 ; -4.50784 ; -2.94145
8.86294 ; 7.91127 ; -4.30855 ; -1.11187
5.32414 ; 8.11817 ; -5.09004 ; -1.06449
2.56526 ; 2.15504 ; 1.73765 ; 0.510405
2.9407 ; 7.45337 ; 0.0271175 ; -5.67725
2.85046 ; 2.49653 ; -0.607221 ; -1.46492
5.90377 ; 2.53336 ; 1.06947 ; -1.95276
8.44416 ; 7.2631 ; 1.14101 ; 2.47663
4.87887 ; 2.23596 ; 6.72541 ; 3.43307
3.38949 ; 2.12165 ; -2.20037 ; -0.336142
2.76341 ; 1.90733 ; 1.75835 ; 4.12717
8.7675 ; 8.07757 ; -3.85316 ; -3.73219
8.31378 ; 2.01047 ; 0.915027 ; 2.1081
8.77307 ; 1.96426 ; -2.71227 ; 2.8981
2.58807 ; 8.03055 ; 2.39679 ; -1.75354
3.43179 ; 1.97446 ; -2.21056 ; 0.484426
8.78502 ; 1.97351 ; -2.57732 ; 2.62736
4.32709 ; 1.86172 ; -3.96351 ; 2.18235
3.20706 ; 8.05996 ; -1.42369 ; -0.454597
2.92177 ; 7.75992 ; -0.65037 ; 0.791038
8.35799 ; 2.03687 ; 0.324461 ; 5.3944
5.74371 ; 2.27529 ; 5.59844 ; -0.967639
8.60773 ; 7.93247 ; -0.0467371 ; -0.0309101
4.39764 ; 2.0161 ; -3.53505 ; 4.75379
8.7218 ; 2.0439 ; -4.35051 ; 4.26813
7.07816 ; 6.68233 ; -4.86909 ; 3.85673
2.65844 ; 2.01544 ; 4.00892 ; 4.0133
2.72476 ; 2.08031 ; 4.69391 ; 4.70947
8.70589 ; 8.16936 ; -1.54159 ; -2.57837
2.71204 ; 1.97619 ; 0.959185 ; 1.48099
8.83308 ; 2.05569 ; -2.70125 ; 1.67906
3.58951 ; 3.58869 ; -2.90998 ; 6.35948
8.88706 ; 7.76893 ; -4.07376 ; 0.0404109
2.9386 ; 7.72895 ; -0.78809 ; 0.932553
8.66462 ; 7.85571 ; -0.240449 ; 0.257196
8.47144 ; 2.51847 ; 0.716 ; -1.51458
2.60332 ; 7.6965 ; 1.11547 ; 0.587657
3.92105 ; 7.39331 ; -3.54505 ; -4.43466
2.6451 ; 2.00268 ; 1.47324 ; 1.49436
8.82469 ; 8.07341 ; -2.56881 ; -2.05544
8.02983 ; 4.34688 ; 2.53582 ; -4.83867
2.60346 ; 1.99004 ; 3.35486 ; 3.05326
2.82335 ; 8.02555 ; 1.68913 ; -5.6529
2.92805 ; 7.57511 ; 0.503226 ; 1.37991
5.65878 ; 2.67783 ; 5.12163 ; -1.71034
2.69234 ; 2.82777 ; 0.0251355 ; -2.38681
2.64321 ; 8.06451 ; 1.78315 ; -1.70481
8.64014 ; 4.33469 ; -1.58373 ; 6.56746
2.59399 ; 2.02287 ; 1.99851 ; 1.60295
2.70414 ; 7.92877 ; 0.987087 ; -0.404563
3.23964 ; 4.21257 ; -2.17402 ; -3.65898
8.58693 ; 6.55276 ; 0.684744 ; 3.89921
8.76839 ; 2.00541 ; -3.78663 ; 3.63745
8.79082 ; 1.98222 ; -2.52795 ; 2.46729
8.73869 ; 8.06339 ; -4.05179 ; -4.17786
8.76248 ; 8.04712 ; -1.39277 ; -1.19957
3.61391 ; 3.05971 ; -2.94317 ; 5.29234
2.75352 ; 4.27302 ; -0.252225 ; -4.55711
3.669 ; 1.98048 ; -2.45376 ; 1.79641
8.70081 ; 3.90162 ; 0.068769 ; -4.23994
8.69178 ; 7.7816 ; -0.306941 ; 0.555262
8.75562 ; 1.95035 ; -2.70759 ; 3.29438
2.65935 ; 8.0566 ; 4.04992 ; -3.93199
4.39342 ; 7.41255 ; 1.15264 ; 2.19823
8.76682 ; 7.98771 ; -1.24207 ; -0.744963
8.76828 ; 7.93827 ; -1.5473 ; -0.463349
5.90315 ; 2.28013 ; 5.79417 ; 4.56267
6.57176 ; 7.74384 ; 4.58191 ; 1.33841
5.53538 ; 7.78678 ; -4.96888 ; -5.62324
2.95796 ; 3.77497 ; -0.588036 ; 6.50501
6.68645 ; 8.04906 ; 4.21497 ; -0.132914
8.85499 ; 2.1041 ; -2.85333 ; 1.30093
5.97607 ; 2.11398 ; -5.99526 ; 0.269451
7.44684 ; 2.58956 ; 3.5271 ; -2.11831
2.69026 ; 8.04249 ; 4.20639 ; -4.39728
8.63297 ; 2.66759 ; -1.4489 ; 5.27303
8.82908 ; 6.45788 ; -3.08894 ; 4.15475
8.4902 ; 7.89503 ; 0.579199 ; 0.301904
2.62498 ; 1.97623 ; 3.30823 ; 3.40969
8.75129 ; 2.02575 ; -1.54492 ; 1.47677
3.43702 ; 2.54086 ; 6.54586 ; -1.40294
8.46983 ; 2.10781 ; 0.494336 ; 0.158109
2.79841 ; 2.35995 ; -0.154961 ; -0.905761
3.18229 ; 7.91758 ; 5.55108 ; -1.22434
3.61292 ; 5.69501 ; -3.12263 ; 4.69183
3.85717 ; 5.43603 ; -3.55072 ; -6.03412
2.71256 ; 8.0614 ; 3.60545 ; -4.78466
4.64065 ; 7.24303 ; -4.34621 ; 2.76623
2.55486 ; 7.66884 ; 1.50073 ; 0.579239
2.66557 ; 1.92634 ; 2.43661 ; 3.48193
3.79365 ; 3.48942 ; -3.41372 ; -3.9674
3.2282 ; 3.01859 ; -1.69284 ; 6.3685
8.76555 ; 2.07212 ; -1.56838 ; 1.05985
3.14478 ; 6.40349 ; -1.49018 ; -6.2247
3.12218 ; 3.8693 ; -1.68319 ; 2.46489
8.8074 ; 8.09911 ; -2.86217 ; -2.63283
8.51302 ; 4.77005 ; 0.772278 ; 4.69396
8.91004 ; 7.39102 ; -1.73234 ; 1.83183
3.04648 ; 1.94635 ; -0.900746 ; 1.01773
8.63475 ; 1.89265 ; -1.54772 ; 3.89061
2.59767 ; 4.30971 ; 1.83046 ; -4.93902
2.66125 ; 7.76526 ; 0.7634 ; 0.450642
4.90597 ; 3.22956 ; -1.87088 ; -3.31425
3.807 ; 2.82265 ; -3.35609 ; -2.48213
8.56619 ; 1.96456 ; -0.271128 ; 1.347
8.63359 ; 8.09573 ; -0.528334 ; -1.23959
7.10632 ; 2.20972 ; 2.29153 ; -0.80173
2.93664 ; 1.85936 ; -0.103513 ; 2.2042
5.19452 ; 8.07178 ; 5.92194 ; -2.97361
2.96557 ; 2.23616 ; 6.27898 ; 0.74588
3.17704 ; 7.37194 ; -1.83 ; 2.19981
8.834 ; 2.0497 ; -2.56041 ; 1.70974
3.06311 ; 7.95031 ; -1.07415 ; 0.0500411
2.56222 ; 7.95002 ; 4.03117 ; -1.91543
2.56266 ; 7.96318 ; 2.3079 ; -1.1354
8.6424 ; 8.15623 ; -1.94022 ; -4.41501
7.35268 ; 2.18679 ; -7.05601 ; 1.37461
8.72655 ; 1.92534 ; -2.20567 ; 3.14625
2.66501 ; 8.06707 ; 3.8875 ; -4.02493
8.75438 ; 1.96394 ; -3.08531 ; 3.62649
3.2961 ; 4.97163 ; -1.41951 ; -5.62695
5.92344 ; 2.66879 ; -6.26585 ; 5.17371
8.72796 ; 4.9349 ; -0.674027 ; -5.57525
8.75407 ; 8.08806 ; -1.5211 ; -1.65207
2.59674 ; 8.04849 ; 2.39641 ; -1.89676
7.86702 ; 2.58969 ; -5.94821 ; -1.63853
8.49886 ; 7.49566 ; -6.01987 ; 1.31194
2.6146 ; 8.08904 ; 2.86498 ; -2.71817
2.67072 ; 8.06966 ; 3.84473 ; -4.1062
2.84059 ; 8.17405 ; 0.519591 ; -2.12307
2.7186 ; 1.94068 ; 1.06624 ; 1.86796
8.64525 ; 2.38893 ; -0.670816 ; -0.909342
8.23986 ; 7.54552 ; 1.67794 ; 1.4292
2.59152 ; 2.75183 ; 0.704665 ; -2.08448
3.91169 ; 5.63931 ; 6.76078 ; -2.98797
2.64893 ; 2.10202 ; 4.93189 ; 2.15084
2.73359 ; 5.30471 ; 0.513098 ; -5.92401
2.60505 ; 1.9708 ; 2.73264 ; 2.71113
8.80114 ; 2.13509 ; -1.57741 ; 0.692892
8.16397 ; 2.30183 ; 1.7729 ; -0.992461
8.62128 ; 2.12531 ; -0.262883 ; 0.340058
8.82254 ; 7.83185 ; -1.32285 ; 0.121939
2.8015 ; 1.87711 ; 0.81815 ; 3.19444
4.96506 ; 5.29177 ; -5.20338 ; 5.54011
5.25498 ; 2.05259 ; 5.99665 ; 0.922037
8.88512 ; 7.9104 ; -2.42017 ; -0.639161
3.53329 ; 7.99581 ; -2.44632 ; 0.126169
8.54238 ; 5.5282 ; 0.751634 ; 5.0118
8.78876 ; 1.98042 ; -3.08736 ; 3.03283
2.8668 ; 8.07908 ; 1.14382 ; -5.44056
8.65165 ; 8.19918 ; -1.42259 ; -3.48973
8.77591 ; 2.54482 ; -0.704492 ; -1.3744
2.55773 ; 2.90478 ; 3.99956 ; 0.276464
8.55423 ; 2.40924 ; 0.35951 ; -0.857433
8.72683 ; 1.95706 ; -1.61485 ; 2.11235
8.55514 ; 7.92916 ; 0.184388 ; -0.264031
8.61379 ; 4.85648 ; -2.28622 ; -5.76998
2.60513 ; 8.07806 ; 2.81576 ; -2.51744
2.66745 ; 2.16208 ; 0.777795 ; 0.201766
7.89802 ; 2.09302 ; 2.13335 ; -0.114683
2.62557 ; 2.05112 ; 4.52143 ; 3.08023
8.92987 ; 2.45748 ; -3.38505 ; -0.778546
8.03506 ; 7.83718 ; -6.83033 ; -0.594058
8.59241 ; 4.51452 ; 0.610733 ; -3.97802
3.23653 ; 2.76098 ; 5.78923 ; -2.26914
8.74365 ; 2.40866 ; -0.629857 ; -0.74778
8.63422 ; 3.18938 ; -3.52302 ; 6.58915
8.05387 ; 4.91562 ; 2.40297 ; 5.78579
8.35629 ; 1.95437 ; 0.770938 ; 1.08075
7.87528 ; 3.32318 ; 2.64016 ; 4.49002
3.88528 ; 7.90284 ; 6.18276 ; -0.717349
2.68254 ; 8.05058 ; 4.11625 ; -4.28303
8.55315 ; 2.55545 ; 0.265882 ; -1.6236
2.5453 ; 7.82359 ; 4.05216 ; -1.28858
2.67971 ; 1.93711 ; 1.4642 ; 2.1511
8.88996 ; 7.40779 ; -1.45647 ; 1.83298
2.60764 ; 8.00894 ; 1.91203 ; -1.35426
8.46691 ; 7.58308 ; -0.278063 ; -4.33189
7.13655 ; 7.86566 ; 3.92158 ; 0.884483
2.71462 ; 1.91069 ; 1.33352 ; 2.60915
2.582 ; 2.73769 ; 0.78296 ; -2.06116
2.52994 ; 2.09301 ; 3.22433 ; 1.49122
7.5191 ; 2.68437 ; -7.03867 ; 6.30021
3.21763 ; 6.14387 ; -2.15918 ; 4.40008
2.63313 ; 1.96501 ; 1.90021 ; 2.10524
8.77238 ; 2.00669 ; -3.78898 ; 3.56118
6.57844 ; 7.01568 ; -0.891347 ; 3.20511
8.66095 ; 7.85839 ; -0.229888 ; 0.277301
2.67379 ; 8.12504 ; 1.87624 ; -2.39544
8.74643 ; 8.0782 ; -3.8392 ; -4.07429
3.70316 ; 6.60654 ; -3.25344 ; 3.92315
3.04872 ; 1.9279 ; -0.732802 ; 1.20389
8.74098 ; 4.35477 ; -0.469244 ; -5.03376
8.8717 ; 2.38299 ; -3.00478 ; -0.51863
3.66999 ; 7.55545 ; 1.449 ; 1.60622
2.87151 ; 8.10225 ; 0.0599838 ; -1.2861
8.76318 ; 2.53763 ; -0.602443 ; -1.31463
5.10105 ; 8.0809 ; -5.16327 ; -0.842903
4.27362 ; 1.93048 ; -4.04673 ; 0.895795
8.60463 ; 2.0156 ; -0.401142 ; 1.01393
7.2252 ; 3.5288 ; -4.57465 ; -3.48705
5.11256 ; 4.55647 ; 6.27375 ; -5.47002
2.85964 ; 2.03141 ; 0.915496 ; 5.47348
2.91435 ; 7.7686 ; -0.629289 ; 0.752378
2.83091 ; 7.77404 ; -0.193722 ; 0.62982
8.2292 ; 2.13979 ; 1.39955 ; 0.792291
7.53349 ; 7.90389 ; -7.23948 ; -2.46741
7.79742 ; 2.76927 ; 1.84291 ; -2.45138
2.6324 ; 8.09705 ; 2.28646 ; -2.35686
3.29643 ; 5.1045 ; -2.34896 ; 5.66052
8.74273 ; 3.11312 ; -2.40259 ; -3.06937
8.81719 ; 2.0735 ; -2.05112 ; 1.30645
8.82532 ; 2.90775 ; -0.930708 ; -2.49787
8.2519 ; 2.06064 ; 1.29655 ; 0.216914
2.77977 ; 2.38985 ; -0.151533 ; -0.826568
8.2799 ; 2.17365 ; 1.29285 ; -0.360842
3.85099 ; 7.90104 ; -3.24139 ; 0.676003
2.65235 ; 7.58029 ; 2.43236 ; 1.12346
2.72725 ; 8.10202 ; 1.08536 ; -1.6745
7.85527 ; 8.15793 ; 2.44752 ; -0.89409
8.40274 ; 2.2221 ; -6.41094 ; 4.52217
3.4058 ; 1.94904 ; -1.79056 ; 3.85675
8.54308 ; 7.13114 ; 0.804701 ; 2.76118
2.57079 ; 7.91538 ; 1.98915 ; -0.790259
8.57742 ; 8.12349 ; -0.221774 ; -1.31785
2.79173 ; 2.61808 ; -0.19994 ; -0.835199
3.57723 ; 2.5193 ; -1.09559 ; -1.72641
8.816 ; 2.38387 ; -1.16368 ; -0.682088
2.68204 ; 8.08061 ; 1.54254 ; -1.71265
2.64938 ; 1.98564 ; 1.48615 ; 1.66217
8.87353 ; 2.47672 ; -1.66523 ; -0.982654
5.84643 ; 4.39399 ; -5.89235 ; -5.06585
3.2439 ; 7.94836 ; -1.67738 ; 0.208966
8.76469 ; 2.92814 ; -0.524417 ; -2.43597
8.67579 ; 8.09449 ; -0.826889 ; -1.33301
5.16046 ; 7.19719 ; 5.01073 ; 2.81794
2.65794 ; 2.48924 ; 0.425784 ; -1.25897
2.60248 ; 2.00363 ; 3.5715 ; 2.9614
2.72958 ; 8.11121 ; 1.18306 ; -1.80118
2.74038 ; 1.93105 ; 1.79611 ; 3.84302
6.71852 ; 7.51626 ; 4.18585 ; 2.07068
8.64107 ; 8.20343 ; -1.11722 ; -2.89122
3.31065 ; 2.86794 ; -2.29481 ; -2.67457
2.63371 ; 8.0919 ; 3.32519 ; -3.3617
8.54567 ; 8.06084 ; 0.096496 ; -0.735501
8.64749 ; 8.13736 ; -0.76793 ; -1.6819
7.84619 ; 2.66445 ; 2.16112 ; 6.47477
8.69689 ; 2.42754 ; -0.287486 ; -1.01716
2.86075 ; 6.60172 ; 4.7137 ; 3.92497
8.72006 ; 1.93562 ; -1.72317 ; 2.4544
8.68099 ; 1.93577 ; -1.28266 ; 2.13746
3.23402 ; 2.43008 ; -1.82412 ; -0.125558
8.37681 ; 8.01558 ; 0.914491 ; -0.242726
2.69395 ; 8.14728 ; 2.4462 ; -3.6301
2.63984 ; 8.09804 ; 2.14112 ; -2.25716
8.67665 ; 2.02192 ; -0.843658 ; 1.15157
2.67404 ; 7.10869 ; 0.134061 ; 2.51316
2.64706 ; 8.10857 ; 2.13814 ; -2.38275
2.69435 ; 8.08194 ; 1.3025 ; -1.65899
5.39067 ; 2.23493 ; -5.49955 ; -0.759041
2.59312 ; 8.04548 ; 2.45332 ; -1.91734
8.75131 ; 3.40306 ; -3.78457 ; -3.69741
2.85104 ; 2.29734 ; 1.60165 ; 5.94542
2.5552 ; 2.76909 ; 1.18858 ; -1.80818
2.7337 ; 2.01044 ; 0.652015 ; 1.09191
8.71878 ; 2.00598 ; -1.24409 ; 1.4436
2.61467 ; 2.09518 ; 1.41427 ; 0.822481
8.78179 ; 2.04191 ; -1.76655 ; 1.38953
8.63067 ; 7.52857 ; 0.208216 ; 1.41862
2.68249 ; 1.9355 ; 1.46261 ; 2.16382
2.57014 ; 4.06463 ; 3.42562 ; -4.51473
2.99909 ; 2.07037 ; 4.75214 ; 4.14074
3.02277 ; 6.12059 ; -1.26671 ; -1.24845
3.45976 ; 2.64393 ; -2.55335 ; -2.18157
4.89069 ; 4.92722 ; 5.95879 ; 6.08559
2.61509 ; 8.08572 ; 2.59675 ; -2.44858
2.84236 ; 4.27803 ; -0.470649 ; -4.87785
2.74077 ; 2.03364 ; 0.55527 ; 0.896388
2.55909 ; 2.47102 ; 4.35555 ; -0.926696
4.29338 ; 3.86687 ; -3.82938 ; -4.5365
2.72622 ; 8.09014 ; 1.04409 ; -1.57603
2.84096 ; 3.85191 ; 0.186407 ; 6.31549
2.7412 ; 8.12232 ; 2.47755 ; -4.64822
2.74409 ; 7.98442 ; 4.76951 ; -4.92013
8.57144 ; 2.15813 ; 0.0781845 ; 0.0395766
4.46255 ; 4.22691 ; -4.38506 ; -2.71048
2.76233 ; 1.9023 ; 0.909299 ; 2.2322
8.05971 ; 2.14173 ; 1.95301 ; -0.365142
3.49206 ; 2.16013 ; -2.46169 ; -0.558279
8.29803 ; 2.5447 ; 1.3857 ; -1.73729
3.16486 ; 8.18494 ; -1.18805 ; -1.47925
4.47879 ; 7.83518 ; -3.96441 ; 0.993983
2.62854 ; 2.12494 ; 1.20901 ; 0.578499
8.58245 ; 7.02435 ; 0.647168 ; 2.79803
8.7374 ; 7.85438 ; -0.69559 ; 0.175507
8.62649 ; 2.03009 ; -1.33333 ; 1.21987
2.80047 ; 3.49584 ; -0.640496 ; -3.6724
3.9204 ; 7.84366 ; -3.19512 ; 0.923513
8.56167 ; 7.75944 ; -2.2962 ; -6.68901
8.40976 ; 7.6601 ; 1.06657 ; 1.32212
2.5302 ; 2.31857 ; 2.11616 ; -0.370521
8.46965 ; 1.95018 ; -0.309703 ; 4.70856
2.60758 ; 8.04005 ; 2.10847 ; -1.67114
8.79695 ; 7.26549 ; -0.568334 ; 2.21551
6.1147 ; 5.8151 ; 3.01811 ; 5.0192
3.08735 ; 2.18943 ; 6.64723 ; 1.45387
8.78548 ; 2.64481 ; -0.658335 ; -1.71758
2.63091 ; 1.94629 ; 2.4642 ; 2.87566
2.69223 ; 1.90379 ; 1.83243 ; 3.08984
8.76616 ; 8.12458 ; -2.98593 ; -3.43446
8.64075 ; 3.61144 ; -1.40621 ; 6.63809
8.76678 ; 8.13624 ; -2.36921 ; -2.77372
8.68614 ; 2.07711 ; -4.6872 ; 4.62254
3.70885 ; 1.97158 ; -2.90117 ; 0.416129
8.20295 ; 1.93988 ; 1.34501 ; 0.970096
2.79605 ; 7.83339 ; 0.000630856 ; 0.326077
3.73544 ; 2.66996 ; -3.19126 ; -2.34912
8.792 ; 7.82861 ; -1.05158 ; 0.207564
8.92291 ; 7.80891 ; -2.99297 ; -0.119399
4.13234 ; 7.7468 ; -3.79889 ; 1.21671
7.74101 ; 3.37428 ; -6.72242 ; 7.20207
2.55023 ; 7.22456 ; 1.88723 ; 1.34238
8.66046 ; 7.98154 ; -5.00135 ; -4.75608
2.82683 ; 7.60541 ; 6.01757 ; 0.627189
2.8655 ; 1.85757 ; 0.472399 ; 3.51759
3.58551 ; 8.03523 ; -2.55466 ; -0.0651823
3.28337 ; 2.09201 ; -1.82924 ; -0.0765727
8.59989 ; 8.17656 ; -0.553714 ; -2.11398
2.61355 ; 8.03561 ; 2.68415 ; -1.86243
8.70293 ; 8.15859 ; -1.39254 ; -2.29288
2.65703 ; 8.12818 ; 2.50957 ; -3.05374
8.55032 ; 7.0198 ; -0.909297 ; -7.05999
7.5776 ; 8.11804 ; 3.00616 ; -0.505307
5.87426 ; 3.14559 ; -5.72557 ; -3.39513
7.74914 ; 8.14038 ; 2.7655 ; -1.80205
4.98947 ; 8.0899 ; -5.17414 ; -3.21352
8.59789 ; 7.70502 ; 0.262276 ; 0.963324
8.29911 ; 1.93897 ; 0.983448 ; 1.10273
8.53901 ; 2.91329 ; 0.747351 ; -2.5998
2.69481 ; 3.78761 ; 0.0289283 ; -4.29802
8.56538 ; 2.01793 ; -0.136909 ; 0.902081
8.47073 ; 7.77809 ; 0.724789 ; 0.801607
8.80727 ; 8.08518 ; -3.33401 ; -2.93893
3.31466 ; 2.23605 ; -1.97761 ; -0.796252
8.78885 ; 8.08283 ; -3.65863 ; -3.3501
5.9408 ; 2.21529 ; -5.20961 ; -0.238056
8.30001 ; 8.03233 ; 1.17907 ; -0.276095
8.53006 ; 7.63932 ; 0.561619 ; 1.05186
8.94773 ; 7.62967 ; -2.9865 ; 0.812821
5.87706 ; 7.93479 ; -5.38023 ; 0.248673
8.79467 ; 8.1033 ; -3.13029 ; -3.04341
8.54982 ; 1.9703 ; -0.823034 ; 4.45986
8.7064 ; 1.95613 ; -1.39307 ; 2.02716
8.76503 ; 2.16407 ; -1.15565 ; 0.379254
8.23077 ; 8.0395 ; 0.159822 ; -3.02171
6.27147 ; 1.99576 ; 5.26023 ; 2.94875
8.5813 ; 7.98766 ; 0.0126321 ; -0.308418
3.27251 ; 4.31024 ; 6.01986 ; -3.61876
2.62538 ; 6.91793 ; 0.422618 ; 3.01287
7.29722 ; 8.20791 ; 3.74396 ; -1.62781
2.65145 ; 8.07251 ; 3.7894 ; -3.78698
3.37816 ; 2.35874 ; -2.2533 ; -1.29429
2.60762 ; 2.49341 ; 0.768649 ; -1.22206
8.69952 ; 2.9062 ; -0.0154835 ; -2.54635
3.35939 ; 7.20842 ; 6.77074 ; -6.91371
7.03192 ; 2.0747 ; 3.92841 ; -0.22177
3.7559 ; 4.9573 ; -3.40804 ; -5.39228
8.80624 ; 8.09958 ; -2.56682 ; -2.37708
8.59378 ; 3.00883 ; 0.57109 ; -2.79525
8.69316 ; 7.91727 ; -0.537974 ; -0.0855012
8.8046 ; 8.08722 ; -2.25382 ; -2.00181
3.30524 ; 1.83822 ; -0.486181 ; 3.10424
2.56884 ; 7.97879 ; 2.30558 ; -1.25567
2.85766 ; 1.94964 ; 0.0279455 ; 1.3365
8.11064 ; 6.77972 ; -3.07238 ; 3.61919
8.76643 ; 8.09516 ; -3.56488 ; -3.7127
8.79094 ; 8.06258 ; -2.19548 ; -2.07746
8.7599 ; 3.05035 ; -4.57897 ; -2.81548
8.65187 ; 1.90232 ; -1.19917 ; 2.54491
3.49579 ; 8.04716 ; -2.35722 ; -0.175612
2.65565 ; 8.12685 ; 2.47566 ; -2.97966
4.10486 ; 2.16593 ; 6.92905 ; 1.57642
2.50727 ; 6.54485 ; 1.60572 ; 3.42566
7.83519 ; 6.56835 ; 2.91818 ; 3.98319
8.26902 ; 8.10819 ; 1.20758 ; -0.716594
2.71479 ; 8.0239 ; 4.29745 ; -4.7502
2.70843 ; 2.05757 ; 4.35011 ; 4.69263
8.84739 ; 2.06754 ; -2.70965 ; 1.60907
8.85199 ; 2.08252 ; -2.75736 ; 1.4763
3.31521 ; 2.31236 ; -2.09194 ; -0.904415
2.61363 ; 2.0667 ; 1.49995 ; 1.01734
2.61907 ; 8.08828 ; 3.13252 ; -3.00341
8.48752 ; 4.88869 ; -4.35805 ; -5.83675
8.7825 ; 8.00226 ; -1.41028 ; -0.896656
3.02423 ; 2.19327 ; -0.055843 ; -0.254586
8.75806 ; 8.07479 ; -3.91012 ; -3.88669
8.01495 ; 7.88409 ; 2.15362 ; 0.665014
8.46273 ; 7.71748 ; -0.00767183 ; 0.989116
8.7372 ; 2.00039 ; -1.45763 ; 1.61904
3.81751 ; 3.40304 ; -3.4599 ; -3.50821
2.81906 ; 1.89926 ; 0.457242 ; 1.99608
2.66526 ; 8.13377 ; 2.37456 ; -2.99658
2.62448 ; 2.17873 ; 1.08273 ; 0.197082
8.64569 ; 1.89316 ; -1.50141 ; 3.56121
8.21243 ; 2.00481 ; 1.32541 ; 0.63233
2.8677 ; 3.1948 ; -0.890563 ; -2.95101
7.81982 ; 7.81468 ; 2.70204 ; 1.017
8.88898 ; 7.78678 ; -2.00892 ; 0.22372
8.52632 ; 7.08573 ; 0.884846 ; 2.83141
4.37578 ; 7.59098 ; -3.28645 ; 1.81804
3.35682 ; 2.87619 ; -2.38111 ; -2.4016
8.6835 ; 4.20748 ; 0.0504067 ; -4.815
6.54692 ; 2.33506 ; 3.69981 ; -1.34294
8.46696 ; 5.94538 ; 0.907373 ; 4.03029
6.6397 ; 4.12708 ; 3.46825 ; -4.81332
2.54382 ; 7.90151 ; 3.77704 ; -1.06415
7.99128 ; 6.42818 ; 2.47997 ; 0.780929
2.59221 ; 7.8161 ; 4.61151 ; -0.534533
4.26336 ; 7.65194 ; -4.19902 ; -5.51784
