2.91938 ; 4.51328 ; 2.11478 ; 6.64241
2.97754 ; 7.68517 ; 1.60845 ; -6.36379
2.85893 ; 7.73156 ; 1.16037 ; -1.61259
8.41581 ; 7.74393 ; -5.88027 ; -5.45478
3.79582 ; 2.45957 ; 6.3295 ; 5.94997
8.41414 ; 7.72115 ; -5.56326 ; -5.92533
2.82782 ; 2.31616 ; 3.82015 ; 4.18746
3.16962 ; 7.01454 ; 4.89232 ; -7.59235
3.38082 ; 8.02711 ; -1.55221 ; -4.30872
2.81775 ; 2.10536 ; 2.23877 ; 3.06127
2.95452 ; 3.45554 ; 0.969093 ; 7.10574
6.69933 ; 2.49301 ; -7.06273 ; 4.96347
8.41734 ; 6.81112 ; 0.709297 ; 3.33834
6.9988 ; 8.01768 ; 4.28452 ; -2.26468
4.12517 ; 7.62303 ; -3.76933 ; 1.21244
5.5341 ; 2.1842 ; -5.80546 ; 1.03039
8.64701 ; 7.44836 ; -1.14556 ; 1.36391
2.68474 ; 2.37036 ; 2.96149 ; 0.469921
3.19776 ; 3.17394 ; 3.67503 ; 5.48941
6.33683 ; 2.18393 ; 5.19988 ; 0.968029
2.92762 ; 2.2904 ; 5.16764 ; 5.42109
8.53776 ; 2.23922 ; -4.96657 ; 4.45608
2.81095 ; 2.12009 ; 2.58294 ; 3.04297
6.91788 ; 2.41238 ; -7.24183 ; 3.51145
8.27699 ; 2.11103 ; 0.366462 ; 1.42427
3.48284 ; 7.74471 ; -2.05506 ; -5.87872
4.28461 ; 7.83092 ; 6.53809 ; -2.90507
3.65945 ; 7.53682 ; 7.48858 ; -3.14219
8.30726 ; 7.62611 ; -6.2558 ; -6.24019
6.28904 ; 5.34634 ; -6.09952 ; 5.84814
2.92168 ; 2.09662 ; 0.926477 ; 3.09327
3.01813 ; 7.71144 ; 5.39937 ; -0.716486
2.847 ; 2.1226 ; 1.32631 ; 2.04216
2.78753 ; 5.01264 ; 2.91361 ; -5.71481
8.43571 ; 7.64539 ; 0.222938 ; 0.727183
2.8022 ; 7.92001 ; 3.04915 ; -3.11619
8.00366 ; 7.54368 ; 1.96618 ; 1.47055
8.55206 ; 7.95319 ; -1.42357 ; -1.94339
8.54996 ; 2.11796 ; -2.71705 ; 3.89599
7.85765 ; 5.78148 ; 2.74188 ; -6.32388
8.12083 ; 7.23334 ; -3.33849 ; -7.39157
8.45785 ; 2.11714 ; -2.68863 ; 3.65063
7.22464 ; 7.27194 ; -7.41875 ; -6.38932
8.66163 ; 7.73185 ; -4.66206 ; -0.754923
8.47508 ; 2.75291 ; -2.62576 ; 6.67417
8.55184 ; 7.90558 ; -1.57261 ; -1.48489
2.87347 ; 7.82759 ; 5.04451 ; -4.40063
8.56617 ; 7.80067 ; -1.38342 ; -1.80027
8.41713 ; 7.2804 ; 0.519036 ; 1.9352
2.97028 ; 7.74954 ; 5.33654 ; -5.68751
8.56932 ; 7.83333 ; -1.05866 ; -0.637178
2.95674 ; 7.76523 ; 5.41423 ; -5.41156
8.63859 ; 7.92024 ; -3.38373 ; -2.85305
8.51661 ; 2.25051 ; -4.93219 ; 4.86584
4.45945 ; 5.91698 ; 6.10343 ; 5.04689
8.41158 ; 2.29233 ; -1.53973 ; 6.22977
2.8852 ; 7.87396 ; 3.52995 ; -5.10244
8.51875 ; 2.08904 ; -1.92606 ; 3.51806
2.86954 ; 7.8698 ; 4.20324 ; -4.73064
2.828 ; 2.131 ; 1.50611 ; 2.00021
5.09212 ; 7.66655 ; 6.77824 ; -4.27816
8.58256 ; 7.88373 ; -4.50435 ; -4.05804
8.55063 ; 2.11376 ; -2.60667 ; 3.77674
3.54352 ; 8.0007 ; -2.28575 ; -1.54243
3.12081 ; 2.51824 ; 6.14319 ; 6.58261
7.47625 ; 2.00958 ; 2.99411 ; 3.19097
2.77165 ; 7.82764 ; 1.96857 ; -1.15693
2.86812 ; 7.95873 ; 2.38593 ; -3.29584
8.51948 ; 7.98526 ; -1.1969 ; -2.27323
8.52844 ; 3.93137 ; -1.89861 ; 6.5097
3.69749 ; 7.99782 ; -2.74535 ; -1.38244
6.73287 ; 7.80812 ; 4.55831 ; 0.325235
2.81138 ; 7.92331 ; 3.15614 ; -3.36113
7.69291 ; 5.46308 ; 3.19095 ; 5.46932
8.62999 ; 2.70787 ; -1.14596 ; -0.981626
2.88397 ; 2.24082 ; 4.71759 ; 5.07594
2.71663 ; 7.77985 ; 3.00668 ; -1.14231
2.88426 ; 7.7922 ; 0.675717 ; -0.70072
2.82998 ; 7.85136 ; 3.53609 ; -1.99685
2.71226 ; 2.40001 ; 3.98542 ; 0.118742
2.7591 ; 5.1351 ; 2.22594 ; 5.54937
2.84713 ; 2.13589 ; 3.02355 ; 4.49215
8.50856 ; 2.11459 ; -1.28981 ; 2.48495
8.60682 ; 7.94684 ; -3.19577 ; -3.46036
2.77236 ; 2.15687 ; 3.27131 ; 3.09165
4.08866 ; 7.82744 ; -3.47672 ; 0.257308
2.96314 ; 2.04536 ; 0.769264 ; 3.59276
3.28834 ; 2.63378 ; -1.33215 ; 0.27929
3.1771 ; 3.28809 ; -1.009 ; 7.0139
8.50434 ; 2.2568 ; -4.89359 ; 5.08506
8.52829 ; 2.1179 ; -2.62029 ; 4.29163
7.36904 ; 7.16842 ; -0.150162 ; 2.65777
2.75777 ; 7.76067 ; 2.98807 ; -1.11355
3.01243 ; 7.78071 ; 6.31489 ; -3.72778
7.04323 ; 7.63831 ; -7.19543 ; -4.95425
2.90532 ; 2.26838 ; 4.99906 ; 5.23953
8.04634 ; 3.71248 ; 2.25432 ; -4.26569
8.38786 ; 7.67572 ; -0.738784 ; -6.02054
5.22083 ; 7.9655 ; -5.38 ; -1.81546
2.76586 ; 2.18879 ; 4.009 ; 3.05071
8.53495 ; 2.20168 ; -4.06069 ; 4.87498
2.85655 ; 7.9614 ; 2.49323 ; -3.69956
5.31999 ; 7.85146 ; -4.43156 ; -1.06433
2.89086 ; 4.80639 ; 0.0345809 ; -5.05492
8.64116 ; 3.12364 ; -0.834005 ; -2.92504
8.56838 ; 7.91567 ; -3.79962 ; -4.44738
4.02308 ; 2.55258 ; -3.0478 ; 6.21143
8.72517 ; 2.44489 ; -3.63712 ; -0.0325091
3.10252 ; 2.89091 ; 1.8254 ; -2.44222
2.68965 ; 2.99209 ; 1.64289 ; -2.59702
3.04856 ; 3.54186 ; -0.879204 ; 0.262309
7.49214 ; 2.30372 ; 3.21594 ; -0.583658
2.70142 ; 2.27066 ; 3.28536 ; 1.25146
2.76487 ; 7.74194 ; 2.30347 ; -0.462893
6.26115 ; 2.1086 ; 5.28084 ; 1.82678
2.79437 ; 2.21201 ; 1.4766 ; 1.10895
2.84087 ; 7.90969 ; 3.64994 ; -4.16914
8.74353 ; 7.53658 ; -3.47484 ; 0.800854
2.98374 ; 6.1538 ; 2.63049 ; -7.1685
8.72899 ; 2.52182 ; -2.74761 ; -0.569918
2.88876 ; 2.07117 ; 1.6908 ; 3.60437
8.06615 ; 2.35077 ; 1.74128 ; -0.545941
5.76878 ; 2.98164 ; -5.98085 ; -3.0106
6.32031 ; 3.31003 ; 5.16363 ; 7.01372
8.16031 ; 3.06342 ; 1.74292 ; -3.01848
8.55494 ; 5.82143 ; -2.09345 ; -6.34922
2.76882 ; 2.23969 ; 3.90294 ; 2.00239
8.44633 ; 7.76602 ; -5.57707 ; -5.44011
8.42307 ; 7.47306 ; -1.54573 ; -7.10576
8.39054 ; 2.13894 ; -0.922321 ; 5.05081
2.84805 ; 7.91185 ; 3.53879 ; -4.29546
2.88056 ; 4.5309 ; 3.82783 ; -5.59572
8.52851 ; 2.20726 ; -4.06585 ; 4.99478
8.51458 ; 2.29263 ; -5.94211 ; 2.31597
3.6355 ; 8.01052 ; -2.41191 ; -2.40124
4.58386 ; 7.6856 ; -4.4403 ; 1.0888
8.61195 ; 2.16855 ; -3.55389 ; 3.28686
2.87293 ; 2.07855 ; 1.84451 ; 3.47691
2.79567 ; 2.13415 ; 3.1451 ; 3.45425
2.92214 ; 2.26816 ; 5.92664 ; 3.85719
2.72371 ; 7.68062 ; 2.06993 ; -0.0669477
3.02608 ; 2.31454 ; 6.32594 ; 4.6768
3.24028 ; 2.18832 ; -1.3583 ; 0.413322
2.84526 ; 4.31149 ; 1.93825 ; -5.21675
2.78669 ; 7.83346 ; 4.61633 ; -2.69371
2.73172 ; 5.01895 ; 2.29548 ; 5.08241
7.17423 ; 2.03233 ; 3.59709 ; 2.02829
8.65762 ; 2.22058 ; -2.82695 ; 1.70859
8.45402 ; 7.68833 ; -4.33785 ; -6.51308
8.39388 ; 7.72979 ; -6.05046 ; -5.47731
8.14358 ; 7.50408 ; 1.59294 ; 1.58337
2.92864 ; 6.77074 ; -0.174648 ; 3.49797
8.40387 ; 7.71093 ; -5.6452 ; -5.9691
6.96426 ; 4.84609 ; -6.65637 ; 4.12173
2.7762 ; 2.15548 ; 3.43925 ; 3.26182
2.71925 ; 2.26704 ; 4.00916 ; 1.64939
8.45024 ; 7.43329 ; -5.18177 ; -4.29963
2.96182 ; 7.74474 ; 0.0294141 ; 0.0511112
2.90347 ; 7.80578 ; 5.27756 ; -4.70618
8.73179 ; 7.67593 ; -2.97207 ; -0.0285422
2.88118 ; 2.23214 ; 4.35855 ; 5.24806
8.5047 ; 6.57706 ; -0.724759 ; -5.11388
2.82001 ; 5.49655 ; 2.77143 ; 5.5618
2.90528 ; 2.11235 ; 0.745967 ; 1.83873
3.06149 ; 2.05057 ; -0.0554818 ; 2.35739
4.57509 ; 3.0207 ; 6.74058 ; 0.543552
7.6431 ; 5.55085 ; -6.72156 ; -6.75154
8.48063 ; 2.08183 ; -1.78927 ; 3.959
3.24549 ; 2.98407 ; 5.92818 ; 7.49889
6.90297 ; 6.97643 ; -7.25846 ; -6.88313
7.27482 ; 2.30593 ; -7.29746 ; 2.86058
2.90691 ; 2.26863 ; 4.95926 ; 5.29494
2.97998 ; 7.97908 ; 0.540938 ; -2.12441
3.40449 ; 7.08129 ; -2.16074 ; 2.52966
2.80041 ; 2.14326 ; 3.34656 ; 3.63812
7.83363 ; 7.64199 ; 1.68609 ; 0.980942
8.12628 ; 7.92389 ; 1.3295 ; -0.688484
8.53998 ; 2.23196 ; -4.81738 ; 4.52201
7.9903 ; 7.86386 ; 1.90254 ; -1.36983
6.60841 ; 4.34482 ; 4.417 ; -5.21721
8.62298 ; 2.34109 ; -4.187 ; 0.923277
8.48384 ; 7.77138 ; -3.54205 ; -6.24291
2.82556 ; 7.80688 ; 1.16813 ; -0.670108
2.82896 ; 7.87338 ; 4.31132 ; -3.97988
2.75839 ; 7.82097 ; 2.31623 ; -1.22296
8.28713 ; 5.02567 ; 1.16169 ; -2.78973
8.69014 ; 7.72845 ; -2.1913 ; -0.20206
8.64636 ; 2.22159 ; -3.85938 ; 2.27323
8.63746 ; 7.92734 ; -3.06628 ; -2.68617
2.94103 ; 8.00388 ; 1.15599 ; -3.09971
7.13326 ; 2.30558 ; -7.23208 ; 3.14853
3.30813 ; 2.17495 ; -1.29724 ; 0.755074
8.66184 ; 7.8895 ; -2.88232 ; -1.98588
2.75688 ; 7.78263 ; 1.94952 ; -0.746919
8.59935 ; 5.48553 ; -1.28721 ; 5.53361
7.92388 ; 7.90875 ; 2.04656 ; -0.438138
2.95399 ; 7.76783 ; 5.32844 ; -5.45296
2.9631 ; 7.45926 ; 3.50194 ; -6.97814
8.50243 ; 2.26714 ; -5.33069 ; 4.72419
8.5518 ; 7.84559 ; -5.20442 ; -4.07559
3.39162 ; 7.32173 ; 7.01434 ; -7.09824
8.44054 ; 2.33278 ; -5.28705 ; 5.77452
8.51845 ; 4.65114 ; -1.9543 ; 6.50464
3.56103 ; 2.01792 ; -2.32277 ; 2.13272
8.45281 ; 7.7704 ; -5.44888 ; -5.49625
8.64721 ; 7.88547 ; -4.09855 ; -2.78953
8.29558 ; 2.48396 ; -6.20026 ; 6.38575
8.57066 ; 2.12877 ; -2.75693 ; 3.29205
3.69027 ; 2.51522 ; 7.41961 ; 5.47992
7.68561 ; 3.06787 ; 2.92724 ; 6.8845
2.89122 ; 7.85882 ; 4.13043 ; -5.10522
3.33401 ; 6.54673 ; -1.84019 ; 3.87828
3.18471 ; 8.0367 ; -0.46305 ; -4.27675
2.76074 ; 7.41539 ; 1.08359 ; 1.41335
8.21665 ; 7.94331 ; 0.028237 ; -5.35418
7.84159 ; 8.0077 ; 2.37025 ; -1.58267
8.54308 ; 7.96877 ; -2.63181 ; -4.36715
8.52652 ; 2.20654 ; -4.06152 ; 5.00592
8.52272 ; 7.83994 ; -4.9533 ; -4.8677
8.63879 ; 7.92071 ; -2.85331 ; -2.35995
8.56678 ; 7.87884 ; -4.55169 ; -4.34895
3.76558 ; 2.02696 ; -2.91272 ; 1.94554
2.9509 ; 7.77043 ; 5.54696 ; -5.17369
3.37287 ; 7.93958 ; -1.71283 ; -0.822071
2.74635 ; 2.24351 ; 2.1474 ; 1.23602
2.88393 ; 7.97965 ; 1.61631 ; -2.92175
4.02294 ; 8.05842 ; -3.31283 ; -2.33367
8.60439 ; 2.20244 ; -1.82877 ; 1.44319
2.8468 ; 7.93427 ; 1.96043 ; -2.87236
3.48827 ; 2.00629 ; -1.90134 ; 2.51096
5.54644 ; 2.92418 ; 6.04722 ; -2.96261
8.55195 ; 5.13066 ; -0.618885 ; -5.61328
8.47295 ; 2.86488 ; 0.264253 ; -2.28751
3.84302 ; 8.02969 ; -2.66968 ; -1.69259
8.51503 ; 3.34446 ; 0.149837 ; -3.31039
8.2272 ; 3.18005 ; 1.46642 ; -2.87639
8.47854 ; 2.28679 ; -5.31619 ; 5.16254
7.52003 ; 2.01872 ; 2.96429 ; 2.19794
6.66848 ; 2.07177 ; 4.08432 ; 1.45061
8.55293 ; 7.95758 ; -2.94315 ; -4.2786
3.10063 ; 7.62577 ; 6.23833 ; -6.19331
8.47836 ; 2.38553 ; -5.07434 ; 5.18396
2.83888 ; 2.1895 ; 4.09794 ; 4.59686
3.734 ; 2.95467 ; 6.65273 ; -2.761
6.01374 ; 7.98601 ; 4.14208 ; -1.49568
8.55731 ; 2.11538 ; -2.29754 ; 3.25921
2.99652 ; 3.28294 ; 5.67303 ; -3.56309
8.59296 ; 2.19106 ; -4.19224 ; 3.76066
3.09807 ; 7.60711 ; 6.08956 ; -6.39972
8.12787 ; 2.97228 ; 1.1567 ; 5.44735
3.19924 ; 2.32268 ; -1.26177 ; -0.404859
7.16276 ; 2.1355 ; 3.30422 ; 0.581539
8.62272 ; 2.19848 ; -4.07937 ; 3.13303
6.90278 ; 2.38903 ; -6.53572 ; -0.0714315
5.33629 ; 2.28895 ; 6.03033 ; -0.0230838
3.01111 ; 2.3231 ; 6.59121 ; 2.03492
8.40602 ; 2.36902 ; -5.62212 ; 5.88807
8.20397 ; 5.107 ; 1.55988 ; 5.31371
8.62291 ; 2.79834 ; -0.838743 ; -1.94495
8.4992 ; 6.3486 ; -2.35164 ; -7.0176
3.05575 ; 2.02881 ; 0.0925527 ; 3.03605
3.17346 ; 4.0969 ; -1.47328 ; 1.03506
2.84217 ; 7.92129 ; 3.41108 ; -4.11186
8.6305 ; 2.21068 ; -4.18181 ; 2.93898
2.83722 ; 2.21097 ; 4.6623 ; 4.30133
2.913 ; 2.08464 ; 0.836538 ; 2.29164
3.00046 ; 2.04765 ; 0.602345 ; 2.93416
2.96995 ; 7.75198 ; 5.53086 ; -5.48972
8.27272 ; 7.55928 ; -6.26205 ; -6.60033
8.68455 ; 7.77861 ; -4.29644 ; -1.13809
3.37027 ; 7.67188 ; -1.50509 ; 0.804825
6.94394 ; 7.72272 ; 4.36145 ; 0.819426
8.50052 ; 2.25757 ; -4.9262 ; 5.08522
2.92881 ; 7.79849 ; 4.78033 ; -5.49709
5.02244 ; 2.13782 ; -5.21156 ; 1.1619
8.47809 ; 2.10525 ; -0.918942 ; 2.10292
6.493 ; 7.96423 ; 4.95923 ; -1.46263
4.15034 ; 6.97724 ; 5.31492 ; 3.05182
8.48128 ; 6.22583 ; -1.93463 ; -7.0124
3.02992 ; 7.48237 ; 4.74052 ; 1.03995
2.96939 ; 2.16107 ; 0.471454 ; 2.33916
8.24968 ; 7.56516 ; -6.4528 ; -6.4854
8.56365 ; 7.97306 ; -2.67593 ; -3.92396
3.77964 ; 3.01005 ; 7.29865 ; 7.14462
2.77225 ; 7.87383 ; 3.06744 ; -2.53243
8.27259 ; 7.78678 ; 0.827152 ; -0.146914
2.85776 ; 7.91304 ; 1.44137 ; -2.09146
6.69262 ; 2.27556 ; -6.92465 ; 1.48362
8.34031 ; 7.4301 ; -4.92188 ; -7.22029
8.66495 ; 3.16359 ; -1.22658 ; -2.8527
2.75816 ; 4.07994 ; 0.841992 ; -1.71841
7.27266 ; 7.79174 ; -6.99356 ; -1.19775
3.05525 ; 7.63093 ; 5.70971 ; -6.42083
3.08302 ; 7.63764 ; 6.12058 ; -6.17891
8.50698 ; 7.82219 ; -5.19954 ; -4.91432
2.78253 ; 2.16089 ; 3.41291 ; 2.90415
7.38762 ; 7.9394 ; 3.3402 ; -1.89912
8.4171 ; 7.73209 ; -5.6588 ; -5.76439
2.83857 ; 2.20993 ; 4.82264 ; 3.87603
6.13246 ; 3.86998 ; -6.56993 ; 6.99852
3.12439 ; 2.47766 ; 6.33175 ; 6.28476
8.60931 ; 2.16451 ; -3.15727 ; 2.9608
8.73664 ; 6.67101 ; -2.59202 ; -0.135745
8.11705 ; 5.836 ; -1.44633 ; 5.1164
2.87601 ; 7.8714 ; 4.12275 ; -4.83871
2.89003 ; 2.98001 ; 4.61919 ; -2.66624
2.79376 ; 7.90932 ; 3.10229 ; -2.89071
8.45693 ; 2.31406 ; -5.04255 ; 5.7367
3.17245 ; 8.05671 ; -0.515885 ; -3.35702
2.68548 ; 2.3706 ; 3.90747 ; 0.668893
8.48659 ; 2.32433 ; -2.52565 ; 5.78398
8.35533 ; 7.91436 ; -4.08363 ; -3.13483
3.06562 ; 2.29066 ; 6.61636 ; 2.40251
4.14488 ; 6.45163 ; -3.99231 ; -3.53754
8.50777 ; 2.29154 ; -1.62706 ; 3.88553
8.25114 ; 7.71095 ; 0.657248 ; 0.456749
3.68596 ; 3.56361 ; 5.51772 ; 7.20791
3.01661 ; 7.14447 ; 3.52591 ; -7.58515
8.25766 ; 4.10812 ; -5.54582 ; -5.06664
3.14727 ; 2.17142 ; -0.942864 ; 0.647887
6.36415 ; 4.09938 ; -6.7752 ; 6.76961
3.00227 ; 2.37071 ; 5.66001 ; 5.9071
8.46903 ; 2.2959 ; -5.36631 ; 5.26272
8.65107 ; 2.20155 ; -3.2299 ; 2.22017
2.99533 ; 7.71191 ; 5.37654 ; -6.01308
7.9592 ; 7.97476 ; 1.89066 ; -4.78776
7.96062 ; 3.29004 ; -6.66464 ; -3.53552
8.3529 ; 2.10748 ; -0.508159 ; 4.59531
8.61684 ; 7.40202 ; -2.06783 ; -2.75191
8.28706 ; 3.1816 ; 0.188557 ; 7.21042
8.56701 ; 2.18882 ; -4.06208 ; 4.29895
2.78659 ; 7.87513 ; 3.9582 ; -3.07864
8.55962 ; 7.90432 ; -3.92862 ; -4.62913
7.86073 ; 2.40502 ; -7.31403 ; 0.521805
8.42676 ; 5.03741 ; 0.49674 ; -5.19038
6.45075 ; 2.16632 ; -5.65656 ; 1.88172
4.24438 ; 7.20751 ; -4.15987 ; -6.39723
8.47875 ; 4.2375 ; -0.990156 ; 6.70431
2.88671 ; 7.83716 ; 4.73338 ; -4.83758
8.55865 ; 7.86889 ; -4.68837 ; -4.4327
3.58157 ; 2.46057 ; -2.58356 ; -1.21064
2.95629 ; 8.00103 ; 1.32543 ; -4.10832
2.82491 ; 7.9206 ; 3.36867 ; -3.75527
7.78112 ; 2.18213 ; 2.25252 ; 0.303704
2.66463 ; 7.18249 ; 3.51535 ; 2.058
2.8372 ; 6.32598 ; 0.0932498 ; 4.11649
4.89065 ; 2.22336 ; 6.65744 ; 1.82785
8.55317 ; 7.88995 ; -4.15026 ; -4.73141
8.49652 ; 7.81405 ; -4.69728 ; -5.50323
2.91889 ; 2.05888 ; 1.35928 ; 3.7828
8.34172 ; 2.42706 ; -6.04153 ; 6.10756
3.02282 ; 2.38833 ; 5.80563 ; 5.96631
3.10769 ; 6.23513 ; 5.03335 ; 4.65402
7.94598 ; 6.74025 ; 2.50333 ; 3.67011
8.70817 ; 3.73908 ; -2.49046 ; -4.254
3.47062 ; 2.00719 ; -1.99335 ; 2.4875
2.8095 ; 7.92086 ; 3.17969 ; -3.35386
2.75196 ; 2.23656 ; 4.16462 ; 1.93614
2.83429 ; 7.9123 ; 3.59463 ; -3.99927
2.87999 ; 4.90428 ; 0.993611 ; 6.13522
3.42517 ; 7.7469 ; -1.73899 ; -3.32413
7.85341 ; 5.98331 ; 2.82273 ; 4.86133
8.65846 ; 2.55929 ; -1.42823 ; -0.969674
2.81358 ; 7.92721 ; 2.20686 ; -2.4603
8.6061 ; 2.15059 ; -2.79966 ; 2.80933
2.96984 ; 7.72259 ; 2.13925 ; -6.52335
8.68889 ; 7.82828 ; -3.90373 ; -1.76926
8.59401 ; 7.89851 ; -4.23673 ; -3.93494
8.56955 ; 2.34656 ; -0.984519 ; 0.165701
8.60605 ; 7.90034 ; -4.13534 ; -3.23564
8.56238 ; 2.16511 ; -3.46761 ; 4.29602
8.45346 ; 7.77524 ; -5.65019 ; -5.23195
7.04075 ; 2.29025 ; -7.18131 ; 2.61306
4.72791 ; 5.65332 ; 6.17412 ; 5.49773
4.25587 ; 3.37895 ; -3.38567 ; -3.80617
8.05523 ; 8.07608 ; 1.46824 ; -2.95053
8.68246 ; 2.45507 ; -1.99413 ; -0.344146
3.01153 ; 7.71427 ; 5.83188 ; -5.6929
8.39415 ; 8.01694 ; -0.699927 ; -4.2311
8.07572 ; 4.25075 ; 2.12133 ; -4.98835
8.52022 ; 2.09381 ; -2.10475 ; 3.7986
8.41296 ; 2.69234 ; -2.96912 ; 7.33251
8.72457 ; 7.37953 ; -2.03702 ; 1.51421
8.42471 ; 7.04251 ; -3.18404 ; -7.48184
8.43616 ; 7.98845 ; -0.508515 ; -2.01992
2.76582 ; 2.15709 ; 3.25284 ; 2.9298
2.82964 ; 7.87698 ; 4.2395 ; -4.0008
2.79452 ; 2.17029 ; 3.95792 ; 3.73572
7.03422 ; 2.29479 ; -7.17175 ; 2.97936
3.10406 ; 7.64494 ; 6.54512 ; -0.436618
2.72019 ; 2.22299 ; 3.40028 ; 1.85242
8.53969 ; 2.14751 ; -3.18014 ; 4.53355
3.08398 ; 7.99888 ; -0.221933 ; -1.98932
7.5881 ; 2.01562 ; 2.94784 ; 2.34172
8.36659 ; 7.89198 ; 0.229885 ; -0.773571
2.803 ; 2.11905 ; 2.26953 ; 2.79287
4.39914 ; 5.91749 ; -4.39662 ; 5.03551
3.53742 ; 7.74635 ; -2.29156 ; -5.70226
3.10767 ; 2.42047 ; 6.39572 ; 5.57242
3.04225 ; 2.2989 ; 6.44871 ; 4.19922
8.57871 ; 7.87123 ; -4.74385 ; -4.01275
8.53197 ; 2.17319 ; -3.1884 ; 4.82456
3.01032 ; 2.47472 ; -0.583565 ; -1.01666
8.59333 ; 3.89043 ; -1.1784 ; 3.64005
7.9931 ; 2.06905 ; 1.61422 ; 4.54847
8.72794 ; 7.51657 ; -2.28856 ; 0.944759
2.77005 ; 7.88601 ; 2.73005 ; -2.16924
8.49979 ; 2.26706 ; -5.17807 ; 4.94153
8.51052 ; 7.66303 ; -0.285384 ; 0.524219
8.58946 ; 2.16953 ; -2.94547 ; 3.42822
5.23311 ; 7.93995 ; 5.3202 ; -3.2467
3.14317 ; 3.87519 ; 5.57505 ; -4.73427
8.45355 ; 7.99666 ; -1.49149 ; -2.71377
2.88024 ; 7.8188 ; 5.33349 ; -4.10447
2.9512 ; 7.7299 ; -0.0187424 ; 0.175956
2.82559 ; 2.46271 ; 4.46662 ; 3.68676
2.84058 ; 2.09691 ; 1.72313 ; 2.75297
2.80968 ; 4.77386 ; 1.39859 ; -5.7166
2.97641 ; 7.74532 ; 5.49335 ; -5.61788
8.58612 ; 7.90859 ; -4.04709 ; -4.09497
3.04819 ; 7.93478 ; -0.0454457 ; -2.51271
8.66794 ; 6.81847 ; -1.63327 ; -0.65929
8.24928 ; 5.07624 ; -5.01146 ; 6.1249
2.66527 ; 6.89174 ; 2.35051 ; 2.92924
3.04969 ; 2.55727 ; -0.482719 ; -1.34244
2.79345 ; 7.86987 ; 3.99621 ; -3.3114
8.62944 ; 7.79934 ; -1.57984 ; -0.547041
7.88425 ; 2.00408 ; 1.68557 ; 2.89875
8.65583 ; 7.67152 ; -1.57588 ; 0.180481
3.02687 ; 2.03855 ; 0.374117 ; 4.0772
2.89512 ; 2.25747 ; 4.17908 ; 5.61786
8.39171 ; 2.68058 ; -1.92756 ; 7.27811
8.4046 ; 2.85894 ; -1.81166 ; 7.40708
3.98007 ; 2.10814 ; -3.2183 ; 4.48382
2.80712 ; 7.87231 ; 4.19939 ; -3.57647
8.52122 ; 4.3223 ; 0.00211489 ; -5.11352
3.23438 ; 2.14665 ; -1.13641 ; 0.798628
8.47446 ; 2.07124 ; -1.43372 ; 3.59229
2.8834 ; 7.8275 ; 4.99469 ; -4.61665
2.89695 ; 2.2652 ; 2.9336 ; 5.84873
7.74845 ; 7.40905 ; 2.78899 ; -6.68805
8.54369 ; 4.86932 ; -0.851603 ; 5.86551
8.24859 ; 7.58486 ; -0.0263884 ; -6.55037
2.77827 ; 2.13938 ; 2.78204 ; 2.84859
8.11064 ; 4.25848 ; 2.04973 ; -5.07201
8.53411 ; 2.14502 ; -2.51967 ; 2.66231
2.88226 ; 7.82813 ; 4.96951 ; -4.58606
8.64071 ; 7.91768 ; -3.41755 ; -2.85818
2.91756 ; 2.07061 ; 0.941585 ; 2.69349
2.80787 ; 2.18146 ; 4.19307 ; 3.97012
3.58105 ; 7.32143 ; -2.73685 ; 2.23967
7.90005 ; 7.80567 ; -6.64292 ; -2.14085
8.69487 ; 5.05848 ; -2.90011 ; -4.11056
8.67254 ; 7.86703 ; -2.83317 ; -1.65021
2.89788 ; 2.08407 ; 1.89244 ; 4.29594
4.55432 ; 7.75666 ; -0.00528693 ; 0.450075
2.83641 ; 2.10546 ; 2.59377 ; 3.90361
8.49084 ; 2.27459 ; -5.54929 ; 4.58573
4.32122 ; 3.21757 ; 6.946 ; -3.40488
7.4244 ; 8.05544 ; 3.39011 ; -2.43989
2.90594 ; 7.81621 ; 4.96193 ; -5.01743
2.81837 ; 7.92118 ; 3.31047 ; -3.60327
8.55752 ; 7.95255 ; -2.97347 ; -4.38872
3.0018 ; 7.99447 ; 0.387592 ; -2.82522
3.42267 ; 3.50198 ; -2.37024 ; -2.51204
3.82438 ; 2.15941 ; 4.66313 ; 2.2989
7.76855 ; 7.2129 ; 2.24723 ; -4.98029
6.58055 ; 2.13755 ; -2.66643 ; 1.0293
2.89786 ; 7.80566 ; 5.53264 ; -4.19031
2.98944 ; 2.03829 ; 0.676377 ; 3.81948
3.01663 ; 7.69286 ; 5.58385 ; -6.06678
2.88234 ; 2.22685 ; 4.09402 ; 5.35943
3.20845 ; 8.03999 ; -0.666998 ; -3.88936
3.99745 ; 6.51628 ; -3.77258 ; -5.91267
2.66614 ; 6.444 ; 2.10337 ; 2.50755
8.26791 ; 2.54053 ; -6.17453 ; -0.733709
3.13561 ; 7.59469 ; 6.38466 ; -6.31867
8.75229 ; 7.50361 ; -3.47369 ; 0.944274
2.80084 ; 2.14354 ; 3.42703 ; 3.71888
2.85168 ; 2.19358 ; 4.07658 ; 4.81749
8.52412 ; 2.22714 ; -4.46449 ; 4.98217
8.59331 ; 5.40374 ; -1.29131 ; 5.58377
4.46176 ; 2.2955 ; 7.06149 ; 3.51131
2.75567 ; 2.2143 ; 2.24888 ; 1.6457
8.66564 ; 7.57479 ; -1.47719 ; 0.761255
2.78423 ; 4.855 ; 1.54207 ; -5.45543
2.72607 ; 2.23878 ; 4.0783 ; 1.97539
6.65588 ; 2.2886 ; -6.90515 ; 3.54484
6.69998 ; 4.54439 ; -0.0572084 ; 6.44804
2.87145 ; 2.17808 ; 3.03261 ; 5.17893
2.73657 ; 6.78009 ; 1.00763 ; 3.14845
4.0697 ; 6.07591 ; -3.67988 ; -5.79047
2.79973 ; 7.46909 ; 1.61649 ; -1.63326
2.84264 ; 2.22098 ; 4.89985 ; 4.19558
8.49982 ; 2.25633 ; -4.67909 ; 5.29515
8.59016 ; 4.83 ; -0.590493 ; -4.25957
7.08883 ; 7.94684 ; 3.98803 ; -0.717951
3.35806 ; 7.71317 ; 7.19336 ; -1.32877
8.58089 ; 2.21386 ; -4.56663 ; 3.87583
8.47993 ; 2.19929 ; -0.650148 ; 0.981867
8.55651 ; 2.5836 ; -0.695208 ; -0.403564
8.57192 ; 7.90327 ; -4.08671 ; -4.36804
3.1883 ; 7.95926 ; 2.24581 ; -2.96341
3.09602 ; 2.45458 ; 6.20068 ; 6.21177
8.4831 ; 7.97137 ; -0.725459 ; -1.83986
2.84685 ; 4.04882 ; 1.60633 ; 3.99305
2.88787 ; 2.25061 ; 4.9007 ; 5.03545
8.59542 ; 2.23228 ; -4.79667 ; 3.39048
8.31351 ; 7.97972 ; 0.446472 ; -1.48692
8.48941 ; 2.25533 ; -3.16683 ; 5.80408
7.56943 ; 7.91003 ; 2.59216 ; -4.57569
8.5568 ; 2.16449 ; -3.64918 ; 4.33215
2.81924 ; 7.92993 ; 2.97762 ; -3.28616
8.52141 ; 7.78593 ; -1.56696 ; -3.77798
8.42999 ; 7.74914 ; -5.65099 ; -5.58871
8.41314 ; 2.06376 ; -0.989426 ; 4.16674
8.51372 ; 7.99649 ; -1.91322 ; -4.1477
2.93686 ; 7.7882 ; 4.81633 ; -5.60193
5.28082 ; 7.41165 ; -5.49405 ; 2.06332
2.97838 ; 2.53779 ; 1.37228 ; 6.91867
5.97725 ; 3.46862 ; 5.52941 ; -3.7293
8.64751 ; 7.5401 ; -1.23233 ; 0.962041
6.9105 ; 6.92167 ; -7.25163 ; -6.5775
6.61518 ; 7.97919 ; 4.89374 ; -1.89943
3.87004 ; 7.64573 ; 7.41966 ; -0.87873
8.43064 ; 7.60738 ; -3.40453 ; -6.76544
2.83576 ; 6.19088 ; 1.77905 ; -5.69025
8.65157 ; 2.23599 ; -2.6913 ; 1.43036
8.60882 ; 5.6518 ; -1.84903 ; -5.67354
8.3023 ; 7.63973 ; -0.340063 ; 0.682334
3.3034 ; 2.16703 ; -1.47757 ; 0.554808
8.32869 ; 7.80967 ; -0.230861 ; -0.215013
2.87046 ; 2.23138 ; 4.72777 ; 4.86257
8.13103 ; 7.74716 ; 1.2542 ; 0.43679
8.61044 ; 2.40222 ; -3.78345 ; 0.298897
2.96739 ; 2.15605 ; 0.821237 ; 1.75046
3.09067 ; 2.04896 ; -0.401675 ; 2.21392
8.60194 ; 2.22206 ; -4.60983 ; 3.39159
7.406 ; 8.01771 ; 3.35681 ; -1.58215
8.00508 ; 2.0994 ; 1.75603 ; 1.27216
8.43756 ; 7.78934 ; 0.0232817 ; -0.0449473
2.88825 ; 2.09887 ; 1.77222 ; 2.7193
8.23398 ; 7.77748 ; 0.750968 ; -4.43991
7.68957 ; 2.31605 ; -7.2576 ; 2.58171
3.76758 ; 7.97336 ; -2.79012 ; -1.052
2.9494 ; 7.75873 ; 0.537198 ; -0.287913
3.02851 ; 7.70478 ; 6.01162 ; -5.64757
8.33559 ; 2.30974 ; 0.466968 ; 0.327558
8.48317 ; 2.16399 ; -0.682878 ; 1.31324
2.77496 ; 7.87583 ; 3.72132 ; -2.89352
4.64306 ; 2.40407 ; -4.74542 ; -0.859401
8.37892 ; 7.86434 ; -4.36424 ; -2.22673
3.28841 ; 4.72249 ; -1.90334 ; 5.80071
8.16122 ; 7.9782 ; 1.11834 ; -2.81807
8.42208 ; 6.20771 ; 0.589533 ; 2.23584
2.82522 ; 2.10705 ; 2.30894 ; 3.30053
2.94681 ; 7.91073 ; 0.447349 ; -1.27138
2.97976 ; 7.59124 ; 2.82641 ; -7.01551
8.44124 ; 7.68587 ; -2.97634 ; -6.72351
2.95419 ; 7.76816 ; 5.44451 ; -5.33414
2.99108 ; 7.73559 ; 5.77543 ; -5.47908
8.52192 ; 2.25271 ; -5.17282 ; 4.54599
8.52727 ; 2.22195 ; -4.36326 ; 4.96614
2.86811 ; 2.19017 ; 3.41381 ; 5.20004
2.69504 ; 2.37989 ; 3.98564 ; 0.582773
8.21136 ; 7.77615 ; -7.04143 ; -3.01481
8.15565 ; 3.11525 ; -6.05567 ; -3.11769
3.94427 ; 2.03042 ; -3.35421 ; 2.02298
2.80964 ; 7.83489 ; 2.3448 ; -1.26497
8.26226 ; 2.5126 ; -6.35902 ; 6.46484
7.97541 ; 8.01341 ; 1.76103 ; -1.5003
4.19068 ; 5.54434 ; -4.22232 ; -6.30636
3.22178 ; 4.25879 ; -1.61383 ; 6.49914
2.80655 ; 2.21093 ; 1.35989 ; 1.10542
2.91215 ; 7.89527 ; 2.72972 ; -5.32937
8.57989 ; 7.83473 ; -4.99308 ; -2.18968
2.79151 ; 2.13968 ; 3.21952 ; 3.38497
8.41388 ; 2.62843 ; -3.96927 ; 7.20228
8.47247 ; 2.49911 ; -3.16589 ; 6.52293
2.95654 ; 7.76719 ; 5.67533 ; -5.08321
8.56031 ; 2.21384 ; -4.59531 ; 4.25947
4.19369 ; 2.59039 ; -3.88702 ; -1.88467
8.43209 ; 7.80008 ; -6.38454 ; -3.093
4.81513 ; 8.01172 ; -4.70724 ; -2.98802
2.73902 ; 2.20608 ; 3.89188 ; 2.42561
2.94341 ; 6.88565 ; 1.73911 ; -6.85552
2.78974 ; 2.35004 ; 1.10566 ; 0.00267148
6.01071 ; 2.33808 ; 1.04342 ; -0.68729
8.55826 ; 7.51076 ; -0.440818 ; 1.25847
5.55141 ; 2.57927 ; 6.37099 ; 5.20112
3.16945 ; 2.08804 ; -0.918131 ; 1.4259
2.93924 ; 2.32005 ; 3.80781 ; 6.19866
8.38219 ; 7.70435 ; -5.9515 ; -5.82691
8.40529 ; 2.22128 ; -0.678759 ; 4.1775
8.50185 ; 2.25407 ; -4.88686 ; 5.05641
2.82774 ; 7.8552 ; 4.58069 ; -3.86346
3.21073 ; 2.0229 ; -0.943051 ; 2.42536
8.52729 ; 2.23624 ; -4.75926 ; 4.78495
3.93074 ; 2.07996 ; -3.19225 ; 4.25618
3.06469 ; 8.0145 ; 0.0421705 ; -2.40735
2.85673 ; 7.83903 ; 1.04166 ; -0.866454
8.39043 ; 2.57631 ; -1.35225 ; 7.04103
6.30355 ; 2.17852 ; 5.24829 ; 0.528846
8.60306 ; 7.92937 ; -1.92181 ; -1.89463
4.04413 ; 2.49148 ; -2.86424 ; 6.48793
8.28675 ; 2.47071 ; -6.33275 ; 6.23785
6.59125 ; 7.06801 ; -5.57476 ; 3.01619
3.05933 ; 2.41677 ; 6.0469 ; 6.0411
3.19415 ; 2.55126 ; 6.55287 ; 6.55617
8.55173 ; 7.91152 ; -3.6454 ; -4.78664
2.80796 ; 2.12429 ; 2.97883 ; 3.58202
8.56295 ; 2.22359 ; -4.90574 ; 3.76029
3.29851 ; 4.22464 ; -1.86373 ; 6.5569
8.47968 ; 7.77297 ; -6.18968 ; -1.73527
2.8598 ; 7.8222 ; 0.876334 ; -0.689626
8.64057 ; 7.88143 ; -2.16449 ; -1.53197
8.54304 ; 2.36701 ; -0.947433 ; -0.0705501
2.71487 ; 7.75526 ; 3.18564 ; -1.082
3.56654 ; 6.94985 ; -2.60778 ; -5.84382
2.79242 ; 2.15212 ; 3.5741 ; 3.587
8.56781 ; 7.86786 ; -4.77701 ; -4.20339
8.28341 ; 3.86301 ; 1.37371 ; -4.34963
2.93895 ; 2.29537 ; 5.50035 ; 5.18945
2.99226 ; 7.46026 ; 3.68982 ; -7.24243
2.97838 ; 7.7131 ; 2.28342 ; -0.104108
6.17094 ; 2.5068 ; 4.98046 ; -0.524093
2.69485 ; 2.58909 ; 1.87726 ; -1.16691
2.82153 ; 7.89403 ; 3.91478 ; -3.82772
8.48177 ; 4.99144 ; -3.45264 ; 6.23772
2.79385 ; 2.18316 ; 4.15981 ; 3.69518
2.80285 ; 7.88831 ; 3.00513 ; -2.32223
3.02224 ; 3.84667 ; -0.932754 ; -3.29256
8.6554 ; 6.94268 ; -0.979932 ; 3.05339
8.38972 ; 2.36916 ; -5.88898 ; 5.7237
8.53803 ; 2.22894 ; -4.71246 ; 4.61972
8.33351 ; 7.6456 ; -6.10238 ; -6.19901
8.6232 ; 7.92716 ; -3.51011 ; -3.27119
3.31959 ; 3.58894 ; -1.88109 ; 6.24963
2.7283 ; 3.81731 ; 1.44609 ; -4.07528
3.42362 ; 2.16012 ; -1.34935 ; 3.81558
8.70769 ; 3.47762 ; -1.71193 ; -3.58209
8.66109 ; 7.83712 ; -2.24751 ; -1.1567
8.48486 ; 2.27979 ; -4.8721 ; 5.44244
3.06434 ; 7.6634 ; 6.093 ; -5.99144
4.50868 ; 7.63237 ; 2.03955 ; 0.978501
8.64261 ; 7.91322 ; -3.34339 ; -2.73705
8.61355 ; 7.89193 ; -3.66501 ; -2.39412
6.48257 ; 2.7364 ; 5.27229 ; 6.13044
7.02995 ; 7.87768 ; 4.02758 ; -0.119829
5.03849 ; 7.22446 ; -4.75364 ; -6.89177
2.89915 ; 4.42547 ; 0.959708 ; 6.54311
7.10794 ; 8.03577 ; 3.64827 ; -1.93675
8.56966 ; 2.23419 ; -5.0653 ; 3.32667
5.37654 ; 2.14093 ; -5.69201 ; 1.99365
7.79955 ; 2.37773 ; 2.59935 ; -0.838009
3.11089 ; 7.60276 ; 6.20365 ; -6.36904
8.48808 ; 3.19489 ; -3.40688 ; 6.56108
8.52018 ; 6.87336 ; -5.14449 ; 3.31874
8.54812 ; 7.92522 ; -1.14899 ; -1.48875
2.9558 ; 2.3172 ; 5.44424 ; 5.53239
8.5968 ; 2.17342 ; -3.66209 ; 3.5559
4.0916 ; 2.40056 ; 7.17788 ; -0.0170048
8.51926 ; 2.12362 ; -1.23469 ; 2.03052
2.78292 ; 2.26938 ; 1.65217 ; 0.704299
3.7374 ; 7.79515 ; 6.84686 ; -3.15019
3.30065 ; 6.16419 ; -2.10786 ; 4.25893
3.5021 ; 4.83262 ; -2.65741 ; -5.76978
3.0731 ; 7.58294 ; 5.66889 ; -6.68125
4.20603 ; 7.51965 ; -3.74713 ; 1.66774
2.70493 ; 7.72676 ; 3.63081 ; -1.07715
2.90923 ; 2.27453 ; 4.57327 ; 5.6273
3.45227 ; 3.09268 ; -2.46125 ; -3.15461
3.05892 ; 3.65544 ; -0.362563 ; 6.9361
8.60871 ; 2.17811 ; -3.691 ; 3.07807
2.99576 ; 5.78102 ; -0.128355 ; -6.47193
2.95386 ; 4.11579 ; -0.3334 ; 3.33526
8.52118 ; 7.83582 ; -5.0586 ; -4.80478
8.59025 ; 5.23945 ; -0.789709 ; 4.80829
8.73681 ; 7.5742 ; -3.90372 ; 0.465016
2.9564 ; 2.04812 ; 0.71259 ; 3.06564
8.47998 ; 2.28171 ; -3.60164 ; 6.008
2.78072 ; 3.8158 ; 3.81275 ; -4.38451
2.73759 ; 7.81032 ; 2.77058 ; -1.2734
4.71889 ; 2.89813 ; -1.57487 ; -2.45391
3.47139 ; 2.57444 ; -2.37785 ; -1.34954
8.53907 ; 2.09926 ; -2.1597 ; 3.435
8.58076 ; 7.97177 ; -2.4895 ; -3.33072
7.33547 ; 2.12955 ; 1.59 ; 0.792161
2.92629 ; 2.07978 ; 1.67165 ; 4.39563
5.78672 ; 7.77442 ; 5.78774 ; -4.93271
3.59347 ; 2.31075 ; 7.39163 ; 2.58085
2.99404 ; 7.59192 ; -0.438219 ; 0.918488
8.57796 ; 2.22067 ; -4.76668 ; 3.79674
2.9557 ; 7.95531 ; 0.505469 ; -1.79261
2.96533 ; 7.75847 ; 6.12909 ; -3.98128
2.79345 ; 7.84964 ; 4.50064 ; -3.16001
8.44838 ; 7.71473 ; -4.0201 ; -6.44602
6.64708 ; 2.32425 ; -7.03304 ; 3.20063
8.50598 ; 2.23997 ; -4.34922 ; 5.31565
3.05376 ; 7.66457 ; 5.95054 ; -6.07719
8.44585 ; 2.32659 ; -5.23784 ; 5.73905
3.15415 ; 4.40894 ; -0.186414 ; -5.26314
5.29685 ; 3.18616 ; -5.79975 ; 6.33767
8.66056 ; 4.37738 ; -2.5208 ; -5.20291
8.60196 ; 7.92286 ; -3.64737 ; -3.7811
2.83638 ; 7.85882 ; 4.57653 ; -4.02456
7.2722 ; 2.42584 ; -6.81825 ; -0.305331
7.89687 ; 7.62685 ; -7.27827 ; -0.118471
2.9011 ; 7.81722 ; 5.03594 ; -4.88471
3.0552 ; 7.65905 ; 5.90988 ; -6.14721
2.89255 ; 7.96175 ; 2.43193 ; -4.31462
2.82522 ; 2.12747 ; 3.09454 ; 4.0147
8.57817 ; 2.29799 ; -2.60165 ; 0.687688
8.40766 ; 7.68844 ; 0.243654 ; -0.000494719
2.66198 ; 2.54338 ; 2.70079 ; -0.796916
4.58776 ; 5.34051 ; 6.88781 ; -3.50012
3.14212 ; 2.31711 ; 6.7804 ; 4.20864
2.7849 ; 4.71231 ; 2.29306 ; -5.6452
2.87831 ; 2.24192 ; 4.90384 ; 4.86849
8.6434 ; 2.20438 ; -3.71748 ; 2.63945
8.34126 ; 2.20259 ; 0.373488 ; 0.604787
8.59499 ; 2.15931 ; -2.16876 ; 2.23738
8.69026 ; 7.84404 ; -3.45082 ; -1.68246
2.88332 ; 2.19655 ; 2.77505 ; 5.37774
4.44472 ; 5.84578 ; -4.62178 ; 5.10377
5.85464 ; 2.1448 ; 5.78515 ; 2.75156
8.64311 ; 7.84648 ; -4.65216 ; -2.58052
3.28866 ; 8.00843 ; -1.25121 ; -1.69343
8.61755 ; 6.02938 ; -0.835403 ; 4.58518
8.48003 ; 2.2837 ; -5.26053 ; 5.17821
2.98119 ; 7.53503 ; 3.08284 ; -7.13792
8.50939 ; 7.85021 ; -3.48411 ; -5.67728
8.70546 ; 2.40737 ; -2.71277 ; 0.0924304
2.95769 ; 2.93242 ; 6.01745 ; 1.65479
8.59018 ; 2.3235 ; -1.40548 ; 0.720406
8.56535 ; 2.16829 ; -3.72867 ; 4.26631
8.57358 ; 7.90276 ; -1.63098 ; -2.14224
8.38517 ; 4.27948 ; -4.15841 ; -5.27581
2.8867 ; 7.82632 ; 4.99262 ; -4.67898
2.74523 ; 2.18226 ; 2.78881 ; 2.07047
8.11136 ; 2.08155 ; 0.907488 ; 1.68109
3.07771 ; 2.35915 ; 6.48806 ; 5.17176
8.59137 ; 2.37963 ; -5.58848 ; 0.813152
7.35203 ; 7.77778 ; -7.38977 ; -2.38602
8.65348 ; 4.11672 ; -1.0231 ; -3.74242
3.81545 ; 2.53407 ; 6.88837 ; -1.05106
8.68066 ; 2.33388 ; -2.62284 ; 0.860758
8.28192 ; 3.84829 ; -5.44117 ; 6.96754
8.29417 ; 5.4942 ; 1.23289 ; 5.46816
8.43338 ; 2.06245 ; -0.871063 ; 3.13147
8.1393 ; 3.77218 ; 1.53109 ; 5.50067
4.50356 ; 7.83111 ; 6.74751 ; -2.5268
3.09416 ; 7.62227 ; 6.13385 ; -6.28165
8.57974 ; 2.39309 ; -1.49232 ; -0.203109
2.95052 ; 7.69473 ; 6.14521 ; -3.22946
2.82613 ; 2.15222 ; 3.54946 ; 4.31591
8.74431 ; 7.59109 ; -3.59797 ; 0.456759
2.79884 ; 7.87351 ; 4.06639 ; -3.42225
8.43911 ; 7.14989 ; -2.04026 ; -5.96461
7.52871 ; 7.95411 ; 3.12323 ; -0.717076
2.84797 ; 2.1716 ; 3.38889 ; 4.79461
2.6603 ; 2.53157 ; 2.79422 ; -0.762482
2.85237 ; 2.24214 ; 5.41782 ; 3.53564
6.81524 ; 3.31439 ; -7.09891 ; 7.06897
3.00172 ; 6.58388 ; -0.889829 ; 3.74669
2.82315 ; 2.17553 ; 4.03841 ; 4.25535
8.39348 ; 2.36281 ; -5.8934 ; 5.65433
6.48931 ; 7.33619 ; -1.49012 ; 2.23897
8.63796 ; 7.88612 ; -2.15083 ; -1.51118
2.86141 ; 7.88549 ; 4.00074 ; -4.5774
8.36251 ; 7.67077 ; -5.92551 ; -6.12246
3.37781 ; 6.99886 ; -2.25155 ; 3.08801
2.97544 ; 2.04829 ; 0.896075 ; 3.27949
8.69405 ; 3.8514 ; -2.31447 ; -4.47908
8.57122 ; 2.33112 ; -5.19412 ; 1.14289
3.81489 ; 7.71608 ; 2.81838 ; 0.221092
2.8775 ; 7.97364 ; 1.89745 ; -3.37775
8.70294 ; 2.40617 ; -2.59316 ; 0.160073
4.58472 ; 7.99661 ; -4.62117 ; -2.72587
3.86895 ; 2.02006 ; -3.23346 ; 2.84387
8.56452 ; 2.117 ; -2.32304 ; 3.04574
6.76773 ; 3.1801 ; -5.43069 ; -2.76423
5.73993 ; 4.00947 ; 5.9832 ; -4.93733
2.95119 ; 2.57876 ; 2.82259 ; 7.11517
2.85142 ; 7.84384 ; 1.07064 ; -0.915266
2.81154 ; 7.83702 ; 1.60557 ; -1.06306
8.36915 ; 2.21902 ; -0.0839446 ; 2.67676
6.80955 ; 7.65715 ; -7.21214 ; -4.37675
7.98171 ; 2.52413 ; 0.726765 ; -1.26804
2.86105 ; 7.86137 ; 4.44751 ; -4.525
3.06154 ; 5.67055 ; -1.15828 ; 5.27696
8.50247 ; 2.80618 ; -4.43874 ; -2.02379
8.61207 ; 2.20414 ; -4.2332 ; 3.3491
8.73225 ; 2.65796 ; -2.96001 ; -1.31923
8.38155 ; 2.08233 ; -0.218304 ; 2.1028
2.76462 ; 2.30719 ; 1.6654 ; 0.77219
8.40919 ; 2.13756 ; -0.229216 ; 1.39348
3.52685 ; 7.96865 ; -2.2452 ; -0.998896
2.89558 ; 7.69264 ; 4.52264 ; -0.413048
2.83579 ; 7.93457 ; 3.1198 ; -3.80857
8.10002 ; 8.06852 ; 1.24104 ; -2.92008
7.76165 ; 2.67432 ; -7.45312 ; 6.28298
3.22674 ; 2.33471 ; -0.486638 ; 5.86879
8.62355 ; 7.40726 ; -0.861079 ; 1.62079
2.7697 ; 7.83636 ; 4.16156 ; -2.75126
8.55524 ; 7.9917 ; -2.11713 ; -3.42727
2.77173 ; 2.53456 ; 1.58045 ; 0.606321
3.46767 ; 2.34666 ; 0.0933348 ; -0.358597
8.69964 ; 2.31566 ; -3.25694 ; 0.957349
2.83629 ; 7.90934 ; 3.6375 ; -3.84063
2.79799 ; 2.15185 ; 3.5874 ; 3.77579
8.70701 ; 2.37845 ; -3.82464 ; 0.571853
5.2572 ; 3.88741 ; -5.54307 ; -4.57344
3.07616 ; 7.96926 ; -0.264168 ; -1.59744
8.71224 ; 2.68455 ; -2.47188 ; -1.27557
8.5931 ; 7.96118 ; -2.84511 ; -3.43543
5.66153 ; 7.47898 ; 5.19729 ; 1.76211
2.70052 ; 2.36334 ; 2.37416 ; 0.248368
2.95963 ; 2.29977 ; 5.69868 ; 5.09215
2.84788 ; 7.93109 ; 3.22484 ; -3.94782
2.91999 ; 2.31535 ; 3.86066 ; 5.94016
7.13711 ; 7.72333 ; 3.62455 ; 0.795882
8.52934 ; 7.91431 ; -3.14894 ; -5.11234
3.08117 ; 2.60048 ; -1.02986 ; -1.53445
2.96623 ; 7.75573 ; 5.46484 ; -5.50282
8.55532 ; 7.98729 ; -1.73727 ; -2.74856
8.57069 ; 7.96917 ; -2.76614 ; -3.83365
8.0623 ; 3.31193 ; 1.01862 ; 7.19047
8.66814 ; 2.32582 ; -2.21288 ; 0.549688
3.33212 ; 6.99422 ; 6.35485 ; 3.04257
8.54774 ; 2.18106 ; -3.84127 ; 4.62904
8.55272 ; 2.14952 ; -3.34503 ; 4.30092
3.05161 ; 2.41752 ; -0.454136 ; 1.46573
8.46826 ; 7.99131 ; -0.718476 ; -2.15754
2.93857 ; 7.78427 ; 4.57703 ; -5.77757
2.85395 ; 7.87233 ; 4.2942 ; -4.42305
8.59229 ; 2.13707 ; -2.85612 ; 3.19941
2.68745 ; 7.36 ; 2.00701 ; 1.36679
2.86088 ; 7.8703 ; 4.28762 ; -4.55673
2.8246 ; 7.91604 ; 3.3733 ; -3.78315
4.84072 ; 2.15902 ; -5.0365 ; 0.784063
2.83845 ; 7.85374 ; 4.63604 ; -4.04461
8.37285 ; 3.03332 ; -5.74225 ; -2.79447
3.01121 ; 2.89188 ; 3.53507 ; 7.22291
2.67406 ; 2.58827 ; 3.25055 ; -0.517029
2.7989 ; 2.11963 ; 2.62498 ; 3.1381
8.59437 ; 2.15034 ; -3.32084 ; 3.52928
2.75609 ; 2.17743 ; 3.52058 ; 2.80303
8.60514 ; 2.18087 ; -3.9152 ; 3.45561
8.65149 ; 7.67043 ; -1.61134 ; -0.0394795
2.82875 ; 2.15189 ; 3.54622 ; 4.3297
2.9127 ; 3.61316 ; 5.42445 ; -3.9062
3.47431 ; 2.48444 ; 6.40932 ; 6.07115
2.8961 ; 5.99574 ; 0.17642 ; -2.02521
3.20443 ; 2.42577 ; -1.36875 ; -0.904155
5.48657 ; 5.53578 ; 5.93429 ; 5.62653
2.87477 ; 7.84087 ; 4.77028 ; -4.61332
2.7953 ; 3.79024 ; 1.14647 ; -4.32651
2.79629 ; 2.12328 ; 2.51146 ; 2.90974
2.99465 ; 2.37835 ; 6.35559 ; 0.630432
3.91044 ; 3.41322 ; -3.14541 ; -3.86533
2.83063 ; 7.93254 ; 3.07445 ; -3.69664
2.8596 ; 4.48346 ; 1.88469 ; 6.4093
2.98896 ; 7.6575 ; 4.57432 ; -6.61271
3.22104 ; 7.49241 ; 6.60884 ; -6.72712
8.57926 ; 2.16209 ; -1.75541 ; 1.87826
4.02404 ; 3.95586 ; -3.72046 ; -2.4317
2.85326 ; 2.12552 ; 2.89855 ; 4.4135
8.25501 ; 2.10521 ; 0.616342 ; 1.38773
3.24589 ; 2.10431 ; -1.2556 ; 1.14669
8.4366 ; 2.37097 ; -0.10315 ; -0.341574
3.04605 ; 8.03702 ; 0.337114 ; -3.61136
4.08235 ; 7.93458 ; -3.30122 ; -0.568351
2.74944 ; 2.18279 ; 3.28733 ; 2.51438
8.64717 ; 7.30415 ; -1.05079 ; 1.72385
8.66784 ; 7.87193 ; -2.71374 ; -1.6296
8.49316 ; 2.15208 ; -3.35016 ; 3.26145
2.73642 ; 3.1286 ; 1.02241 ; -2.84477
3.60089 ; 7.93601 ; -2.25031 ; -0.685181
8.33205 ; 7.09054 ; -4.28324 ; -7.59755
8.51642 ; 7.79231 ; -0.536897 ; -0.209094
2.74182 ; 2.28151 ; 4.29437 ; 1.34752
8.43868 ; 2.42103 ; -2.13676 ; 6.62185
2.81843 ; 7.87293 ; 4.27394 ; -3.78064
8.74012 ; 7.48704 ; -2.55545 ; 0.959279
6.41651 ; 6.31702 ; 2.95123 ; 4.46388
3.75207 ; 2.33481 ; 7.48871 ; 3.36449
8.71965 ; 2.47306 ; -2.65908 ; -0.339927
2.87733 ; 2.23385 ; 4.62195 ; 5.04291
2.87548 ; 2.21277 ; 3.93489 ; 5.27187
8.46757 ; 7.78113 ; -5.15532 ; -5.58712
8.50012 ; 4.27525 ; -3.29394 ; 6.71979
8.52986 ; 7.85887 ; -4.54529 ; -4.96427
8.21742 ; 2.53936 ; -6.57151 ; 6.49584
3.41873 ; 2.0132 ; -1.81875 ; 2.32892
8.33745 ; 2.03689 ; -0.145289 ; 3.00556
2.79611 ; 7.86599 ; 1.85023 ; -1.44093
3.41631 ; 2.43505 ; -2.16783 ; -1.11352
8.68684 ; 7.84937 ; -3.13626 ; -1.58267
8.62361 ; 7.79697 ; -5.23522 ; -1.94291
3.75245 ; 7.86847 ; -2.94484 ; -0.288406
7.06877 ; 4.09449 ; -7.07084 ; 7.03003
2.73895 ; 7.3588 ; 3.99957 ; 0.0572075
8.16033 ; 7.50593 ; -6.78908 ; -6.59501
3.42858 ; 7.66813 ; 7.33195 ; -0.951746
2.91274 ; 2.20933 ; 2.35441 ; 5.68541
3.33005 ; 8.02871 ; -1.39144 ; -1.92643
3.10044 ; 2.08435 ; -0.458722 ; 1.74193
8.54452 ; 7.96516 ; -2.50361 ; -4.30724
2.88196 ; 7.84937 ; 4.85316 ; -3.9786
8.56367 ; 7.92931 ; -3.48299 ; -4.49024
2.90799 ; 7.82281 ; 4.66189 ; -5.23167
8.45939 ; 6.3138 ; -2.73589 ; -7.24541
7.87821 ; 8.06751 ; 1.98066 ; -2.44458
5.3017 ; 2.80607 ; -5.46495 ; -2.48803
8.02569 ; 7.96017 ; 1.6307 ; -3.87174
4.47206 ; 7.76855 ; -4.55911 ; -5.17988
8.62412 ; 7.80135 ; -1.54811 ; -0.647729
8.39746 ; 2.04924 ; -0.601939 ; 3.15993
8.61374 ; 2.65331 ; -0.922039 ; -1.44978
2.6977 ; 3.35781 ; 1.81396 ; -3.56223
8.55169 ; 2.10814 ; -2.00547 ; 2.91795
8.54321 ; 7.85825 ; -0.962989 ; -0.859239
8.47387 ; 7.79128 ; -5.5077 ; -5.09738
3.1169 ; 2.15643 ; -0.649113 ; 0.851969
8.42299 ; 7.74782 ; -5.79342 ; -5.4847
5.41984 ; 2.19148 ; -5.17568 ; 1.36758
8.41792 ; 8.00472 ; -0.380571 ; -2.19759
8.58622 ; 7.7445 ; -1.16629 ; -0.499555
8.64908 ; 7.71096 ; -5.22795 ; -0.797168
5.33904 ; 7.95966 ; -5.24899 ; -1.42064
8.48164 ; 7.79896 ; -5.31005 ; -5.20782
8.46752 ; 2.41629 ; -2.75225 ; 6.42215
8.56709 ; 2.15885 ; -3.47862 ; 4.17634
8.64946 ; 2.202 ; -3.23719 ; 2.27125
8.24676 ; 7.73733 ; -1.44665 ; -5.07771
6.79749 ; 2.29063 ; 4.70003 ; 4.89875
8.58257 ; 7.95682 ; -1.84518 ; -2.23442
3.8745 ; 3.94837 ; 6.91513 ; -3.31535
2.66764 ; 7.21922 ; 2.34267 ; 1.98223
7.67161 ; 8.04513 ; 2.84328 ; -3.70315
3.03039 ; 7.69381 ; 5.87375 ; -5.87502
3.15283 ; 2.22931 ; -0.987184 ; 0.224676
2.68448 ; 2.3712 ; 2.78432 ; 0.290465
8.69797 ; 2.65156 ; -1.86929 ; -1.37779
4.03647 ; 6.51705 ; 7.30682 ; -7.27817
7.42477 ; 2.05253 ; 3.18716 ; 1.51458
3.4151 ; 4.41807 ; -2.46964 ; -5.10398
8.54955 ; 7.86187 ; -4.76591 ; -4.54764
8.65089 ; 2.72931 ; -1.14379 ; -1.70132
8.63936 ; 7.90872 ; -2.51839 ; -1.95492
8.57922 ; 7.88704 ; -4.44626 ; -4.15422
3.25662 ; 2.14864 ; 0.998804 ; 5.26685
2.7994 ; 7.85322 ; 4.4957 ; -3.29976
2.86046 ; 2.08329 ; 1.86109 ; 3.42853
7.8034 ; 7.14164 ; -4.66721 ; 2.6912
8.40994 ; 7.72389 ; -5.69563 ; -5.82065
8.57139 ; 7.85484 ; -4.37449 ; -4.2152
8.302 ; 2.7688 ; -6.43903 ; -1.73496
8.53195 ; 2.15681 ; -3.2386 ; 4.73503
3.26007 ; 8.0296 ; -1.13118 ; -2.06425
2.90322 ; 7.82888 ; 4.62835 ; -5.15971
4.79776 ; 2.32357 ; 6.93889 ; 3.42483
2.66784 ; 6.88742 ; 3.68111 ; 2.60864
8.12701 ; 6.96666 ; 1.83894 ; 3.15984
8.38978 ; 8.03653 ; -0.33631 ; -2.73025
3.14454 ; 7.54888 ; 6.26077 ; -6.63072
3.14344 ; 2.52684 ; 6.29422 ; 6.56062
8.57642 ; 2.22844 ; -4.92262 ; 3.67961
8.57626 ; 2.23015 ; -4.97129 ; 3.52867
3.10602 ; 2.22192 ; -0.77554 ; 0.68314
2.76362 ; 2.16844 ; 3.61599 ; 3.03434
2.93232 ; 7.78794 ; 5.29137 ; -5.16255
8.05172 ; 4.30502 ; -5.99912 ; -5.33572
8.64147 ; 7.91259 ; -3.53624 ; -2.91437
3.01865 ; 2.16781 ; 1.626 ; 1.50508
8.36705 ; 7.68613 ; -5.99474 ; -5.96014
8.23031 ; 7.95059 ; 0.858361 ; -1.03343
8.46196 ; 7.8164 ; -1.75461 ; -0.613247
8.59144 ; 2.1623 ; -3.56295 ; 3.72215
3.47152 ; 3.05222 ; -2.51409 ; -2.69537
2.86478 ; 2.09887 ; 2.36568 ; 4.16547
2.90272 ; 7.83412 ; 4.52105 ; -5.17918
2.73275 ; 2.19843 ; 3.14774 ; 2.05859
8.49555 ; 2.24928 ; -3.55965 ; 5.71514
8.34497 ; 2.06805 ; -0.166167 ; 2.59292
2.77865 ; 2.8997 ; 0.723665 ; -1.98221
8.09003 ; 7.91639 ; 1.54813 ; -0.586008
8.68808 ; 7.80915 ; -4.21916 ; -1.54629
8.61481 ; 7.36887 ; -0.758742 ; 1.72099
4.04714 ; 7.77278 ; -2.63836 ; 0.468255
3.11871 ; 2.63603 ; -1.14773 ; -1.2694
8.68854 ; 3.72598 ; -1.70839 ; -4.22885
6.9169 ; 2.20077 ; 3.29817 ; 0.0988762
8.55769 ; 6.34841 ; -0.627144 ; 3.55351
6.98653 ; 3.64575 ; 3.08119 ; -4.23446
2.92152 ; 7.7951 ; 5.91536 ; -3.04228
8.23927 ; 6.50627 ; 1.31497 ; 0.0284746
3.05336 ; 7.76265 ; 6.56905 ; -2.39942
3.84346 ; 7.10015 ; -3.37666 ; -6.77699
