3.13086 ; 5.17752 ; 3.84075 ; 6.14623
3.13838 ; 7.04879 ; 3.40812 ; -7.33977
2.97496 ; 7.5703 ; 3.00696 ; -3.42417
7.82779 ; 7.19845 ; -7.12657 ; -6.85366
4.42877 ; 3.05457 ; 6.82591 ; 6.97836
7.85781 ; 7.12862 ; -6.92948 ; -7.12856
3.20983 ; 2.7349 ; 5.68222 ; 5.91185
3.65885 ; 6.2553 ; 6.27076 ; -7.3437
3.2256 ; 7.59623 ; -0.255148 ; -6.14773
3.04163 ; 2.41149 ; 4.19576 ; 5.02827
3.05143 ; 4.16612 ; 2.64221 ; 6.95777
5.99306 ; 2.98936 ; -6.59191 ; 6.26448
8.48827 ; 7.14495 ; -0.811117 ; 2.41795
7.42725 ; 7.79121 ; 3.52796 ; -4.16501
3.74823 ; 7.74428 ; -2.94546 ; -0.162899
4.95356 ; 2.28724 ; -5.31034 ; 2.72112
8.53245 ; 7.58475 ; -3.04634 ; -0.00961518
2.98089 ; 2.41736 ; 4.97504 ; 2.16778
3.56526 ; 3.72288 ; 5.23957 ; 6.30329
6.85682 ; 2.28073 ; 4.63767 ; 2.66104
3.44439 ; 2.83251 ; 6.6934 ; 6.84405
8.04111 ; 2.68483 ; -6.6047 ; 6.17432
3.06925 ; 2.42438 ; 4.54696 ; 5.00237
6.19369 ; 2.76352 ; -6.78465 ; 5.12174
8.31363 ; 2.25346 ; -1.19736 ; 3.32116
3.27734 ; 7.15684 ; -0.874454 ; -7.06401
4.93842 ; 7.54042 ; 6.64221 ; -4.68492
4.4083 ; 7.2226 ; 7.35136 ; -4.7675
7.68168 ; 7.00209 ; -7.24931 ; -7.22771
5.67909 ; 5.93116 ; -5.88741 ; 5.26833
3.01432 ; 2.40595 ; 2.74041 ; 5.05439
3.55806 ; 7.63979 ; 6.7908 ; -2.42524
2.97963 ; 2.32682 ; 3.21694 ; 3.99451
3.07889 ; 4.44116 ; 4.72438 ; -5.3412
8.458 ; 7.7181 ; -1.43037 ; -0.807431
3.10711 ; 7.60839 ; 5.0075 ; -5.06967
8.20028 ; 7.69074 ; 0.735833 ; 0.10679
8.4097 ; 7.75885 ; -3.33791 ; -3.91433
8.27825 ; 2.50756 ; -4.66424 ; 5.78026
8.13183 ; 5.1491 ; 1.72107 ; -6.11766
7.78698 ; 6.49418 ; -4.92084 ; -7.42124
8.18899 ; 2.4822 ; -4.5788 ; 5.55426
6.48277 ; 6.63301 ; -7.00698 ; -6.99207
8.19542 ; 7.65636 ; -6.45241 ; -2.51344
8.21251 ; 3.42033 ; -4.45932 ; 7.23269
8.39458 ; 7.75709 ; -3.49138 ; -3.40017
3.37793 ; 7.38753 ; 6.64815 ; -6.14375
8.42783 ; 7.62065 ; -3.28473 ; -3.67091
8.46903 ; 7.47392 ; -1.05715 ; 0.725984
3.50393 ; 7.18079 ; 6.78308 ; -7.00511
8.46346 ; 7.76962 ; -2.94072 ; -2.44053
3.49817 ; 7.22408 ; 6.84495 ; -6.84015
8.30021 ; 7.63494 ; -5.36457 ; -4.82485
8.02339 ; 2.73709 ; -6.56553 ; 6.48169
5.06979 ; 6.42167 ; 6.24443 ; 4.43054
8.25761 ; 2.91531 ; -3.34575 ; 7.31059
3.23819 ; 7.36371 ; 5.40407 ; -6.70301
8.32614 ; 2.44085 ; -3.84262 ; 5.45772
3.28987 ; 7.39674 ; 6.00191 ; -6.42855
2.97861 ; 2.33103 ; 3.42005 ; 3.94795
5.76994 ; 7.23874 ; 6.25538 ; -5.78929
8.13212 ; 7.47793 ; -6.29416 ; -5.90342
8.28997 ; 2.49143 ; -4.55538 ; 5.67797
3.31494 ; 7.84645 ; -1.12922 ; -3.45452
3.73513 ; 3.1765 ; 7.14885 ; 7.32528
7.77566 ; 2.32868 ; 2.07372 ; 5.11835
2.96851 ; 7.71195 ; 3.93107 ; -3.0061
3.10671 ; 7.62914 ; 4.31734 ; -5.25639
8.39979 ; 7.75793 ; -3.07725 ; -4.27238
8.33858 ; 4.58233 ; -3.67302 ; 6.4312
3.42295 ; 7.85957 ; -1.69012 ; -3.26938
7.1887 ; 7.84064 ; 3.92133 ; -1.22282
3.12699 ; 7.5872 ; 5.10474 ; -5.30127
8.01201 ; 6.01001 ; 2.25946 ; 4.95618
8.5154 ; 2.60971 ; -3.02034 ; 0.345761
3.35573 ; 2.74842 ; 6.39694 ; 6.64336
3.0173 ; 7.66562 ; 5.00721 ; -2.96547
2.95183 ; 7.72212 ; 2.47162 ; -2.47576
3.18359 ; 7.65167 ; 5.43893 ; -3.9058
3.1108 ; 2.41189 ; 5.89372 ; 1.76034
2.9817 ; 5.69003 ; 4.05561 ; 5.18904
3.14949 ; 2.5851 ; 4.95591 ; 6.27081
8.37958 ; 2.36309 ; -3.15901 ; 4.44493
8.28724 ; 7.6008 ; -5.17138 ; -5.41458
3.09949 ; 2.46603 ; 5.23435 ; 5.03139
3.74099 ; 7.85317 ; -2.64606 ; -1.3383
3.04006 ; 2.40464 ; 2.54729 ; 5.54894
3.15513 ; 2.66171 ; -0.0201648 ; 1.7279
3.0762 ; 3.98948 ; 0.345556 ; 7.01374
8.01498 ; 2.7653 ; -6.52893 ; 6.63608
8.26626 ; 2.54706 ; -4.55504 ; 6.11361
7.35402 ; 7.4342 ; -1.13331 ; 1.61599
3.05658 ; 7.64932 ; 4.96002 ; -2.91831
3.64392 ; 7.40794 ; 7.33793 ; -5.52354
6.32369 ; 7.14288 ; -6.85121 ; -6.32755
3.40523 ; 2.79234 ; 6.58998 ; 6.7383
8.27177 ; 3.28591 ; 1.09824 ; -3.54595
8.31399 ; 7.07367 ; -2.45967 ; -7.1508
4.68283 ; 7.78395 ; -4.85358 ; -3.63386
3.16676 ; 2.49386 ; 5.89958 ; 4.97367
8.12888 ; 2.68918 ; -5.88932 ; 6.51993
3.10587 ; 7.59144 ; 4.43304 ; -5.62918
4.87684 ; 7.74503 ; -4.21469 ; -2.75467
2.89432 ; 4.3009 ; 1.61446 ; -4.78152
8.55776 ; 2.83114 ; -2.65506 ; -1.93805
8.18842 ; 7.47093 ; -5.69716 ; -6.24345
3.7183 ; 3.17373 ; -2.22544 ; 7.04729
8.36146 ; 2.44164 ; -5.61549 ; 1.56587
3.28506 ; 2.64669 ; 3.50462 ; -1.33827
2.85394 ; 2.73239 ; 3.57379 ; -1.52444
2.96064 ; 3.56809 ; 0.551981 ; 1.16581
7.81373 ; 2.24536 ; 2.29613 ; 0.936575
3.02996 ; 2.39581 ; 5.28221 ; 3.08163
2.99522 ; 7.69565 ; 4.27282 ; -2.19634
6.78924 ; 2.29128 ; 4.73666 ; 3.62719
2.94203 ; 2.3229 ; 3.3995 ; 2.95549
3.20587 ; 7.49277 ; 5.54353 ; -6.00592
8.39604 ; 7.61666 ; -5.47981 ; -0.685932
3.24679 ; 5.43695 ; 4.34326 ; -6.70742
8.45423 ; 2.46483 ; -4.76944 ; 0.925595
3.05784 ; 2.4316 ; 3.58417 ; 5.54968
8.24028 ; 2.29618 ; 0.45103 ; 0.993763
5.17069 ; 2.68058 ; -5.54889 ; -2.0701
6.83667 ; 4.0114 ; 4.64713 ; 6.91406
8.3346 ; 2.76158 ; 0.456147 ; -2.02735
8.34559 ; 5.18651 ; -3.88475 ; -6.17492
3.15912 ; 2.43992 ; 5.80073 ; 3.89035
7.88862 ; 7.22201 ; -6.96406 ; -6.86187
8.26849 ; 6.76249 ; -3.33148 ; -7.5143
8.29831 ; 2.64402 ; -2.68328 ; 6.67307
3.20193 ; 7.48231 ; 5.43898 ; -6.11125
3.26335 ; 3.97133 ; 5.51649 ; -4.98386
8.12193 ; 2.70674 ; -5.88928 ; 6.60382
7.92036 ; 2.52422 ; -7.2208 ; 4.16516
3.39431 ; 7.77039 ; -1.31597 ; -4.34747
4.13983 ; 7.79448 ; -3.78706 ; -0.312467
8.25656 ; 2.49724 ; -5.49194 ; 5.20403
3.05738 ; 2.42624 ; 3.75532 ; 5.4303
3.11018 ; 2.47958 ; 5.10335 ; 5.38283
3.5148 ; 2.65388 ; 7.18401 ; 5.64779
2.93071 ; 7.67393 ; 4.05431 ; -1.72519
3.65867 ; 2.78222 ; 7.32617 ; 6.28307
3.10445 ; 2.22965 ; 0.0264188 ; 2.1625
3.03909 ; 3.78982 ; 3.70983 ; -4.6029
3.24832 ; 7.56409 ; 6.38088 ; -4.60865
2.96127 ; 5.52719 ; 4.14445 ; 4.94231
7.53394 ; 2.23516 ; 2.82989 ; 3.92515
8.37493 ; 2.39144 ; -4.82755 ; 3.5943
8.02024 ; 7.03702 ; -6.05518 ; -7.41787
7.78884 ; 7.18206 ; -7.20761 ; -6.85694
8.30287 ; 7.66242 ; 0.257488 ; 0.238483
2.91117 ; 7.12054 ; 1.41882 ; 2.58834
7.83935 ; 7.11402 ; -6.97356 ; -7.14589
6.29862 ; 5.25826 ; -6.5222 ; 4.28396
3.12013 ; 2.48166 ; 5.38858 ; 5.19318
3.12017 ; 2.43198 ; 5.92197 ; 3.50731
7.93206 ; 7.00333 ; -6.66747 ; -5.80093
2.96477 ; 7.74985 ; 1.70911 ; -1.61091
3.43123 ; 7.33516 ; 6.79094 ; -6.36776
8.43459 ; 7.67307 ; -5.01067 ; -1.68667
3.31704 ; 2.75694 ; 6.11579 ; 6.76936
8.43222 ; 6.06568 ; -2.42611 ; -5.88473
3.09715 ; 6.05273 ; 4.56853 ; 4.98226
2.97988 ; 2.29622 ; 2.55251 ; 3.78296
3.05594 ; 2.28631 ; 1.57759 ; 4.34341
5.24914 ; 3.07506 ; 6.51921 ; 1.7008
6.97094 ; 4.87569 ; -6.93612 ; -6.1782
8.30171 ; 2.47773 ; -3.67583 ; 5.8515
3.83831 ; 3.73396 ; 6.90901 ; 7.34581
6.17713 ; 6.28812 ; -6.75681 ; -7.01652
6.54507 ; 2.59199 ; -7.02413 ; 4.59171
3.40284 ; 2.79812 ; 6.56018 ; 6.77583
3.03407 ; 7.76664 ; 2.28588 ; -4.10153
3.18842 ; 7.33426 ; -0.992213 ; 1.49832
3.13506 ; 2.50707 ; 5.28937 ; 5.5445
8.00224 ; 7.74008 ; 0.5412 ; -0.467886
8.25923 ; 7.85504 ; -0.0533819 ; -2.50717
8.05824 ; 2.68416 ; -6.49638 ; 6.23137
8.18055 ; 7.72688 ; 0.648616 ; -3.19364
7.05011 ; 3.8231 ; 3.9422 ; -4.66351
8.20428 ; 2.43342 ; -6.03536 ; 2.67125
8.12963 ; 7.14709 ; -5.39441 ; -7.34166
2.94238 ; 7.73987 ; 3.04465 ; -2.45844
3.2601 ; 7.47539 ; 6.11561 ; -5.82448
2.99001 ; 7.69867 ; 4.29744 ; -3.07445
8.4033 ; 4.7467 ; -0.17259 ; -2.95826
8.47101 ; 7.70824 ; -4.20721 ; -1.90803
8.26042 ; 2.44891 ; -5.78139 ; 4.17986
8.33083 ; 7.65872 ; -5.06505 ; -4.66451
3.05663 ; 7.6939 ; 2.98288 ; -5.09367
6.41005 ; 2.62043 ; -6.91717 ; 4.86145
3.1784 ; 2.25046 ; 0.0493771 ; 2.53881
8.37361 ; 7.69092 ; -4.89813 ; -3.93179
2.95184 ; 7.70794 ; 3.91662 ; -2.53388
8.47063 ; 6.03889 ; -3.05348 ; 4.9688
8.12853 ; 7.86493 ; 0.837749 ; -2.20495
3.48684 ; 7.22254 ; 6.78942 ; -6.86914
3.31329 ; 6.76145 ; 5.28216 ; -7.46045
7.96936 ; 2.73956 ; -6.83587 ; 6.36324
8.03136 ; 7.43803 ; -6.79296 ; -5.89101
4.09306 ; 6.61191 ; 7.35229 ; -7.37399
7.91183 ; 2.91023 ; -6.76048 ; 7.03442
8.32302 ; 5.3016 ; -3.7048 ; 6.00107
3.32876 ; 2.23119 ; -1.1774 ; 4.09008
7.90792 ; 7.22077 ; -6.88599 ; -6.90199
8.23735 ; 7.60651 ; -6.00156 ; -4.74235
7.67555 ; 3.12254 ; -7.20179 ; 7.25443
8.29497 ; 2.45798 ; -4.71471 ; 5.22851
4.43223 ; 3.06321 ; 7.31172 ; 6.66506
7.97833 ; 3.75632 ; 1.95239 ; 7.0608
3.30427 ; 7.3483 ; 5.92664 ; -6.69516
3.14999 ; 6.93456 ; -0.651744 ; 3.0919
3.1384 ; 7.60902 ; 1.05406 ; -6.14571
2.8691 ; 7.55673 ; 2.95841 ; 0.0676184
8.21947 ; 7.40789 ; -1.53447 ; -6.89488
8.07861 ; 7.84944 ; 1.21521 ; -3.50386
8.27989 ; 7.53206 ; -4.58645 ; -6.2095
8.12037 ; 2.70713 ; -5.88469 ; 6.61202
8.02739 ; 7.35317 ; -6.59515 ; -6.51645
8.35346 ; 7.68472 ; -4.85877 ; -4.33298
8.11162 ; 7.44395 ; -6.32177 ; -6.14118
3.47431 ; 2.22151 ; -1.89776 ; 3.87347
3.5056 ; 7.25306 ; 6.93496 ; -6.68203
3.20158 ; 7.85737 ; -0.428071 ; -2.6517
2.96109 ; 2.36712 ; 4.13128 ; 3.07796
3.04556 ; 7.68747 ; 3.50993 ; -4.91134
3.69166 ; 7.82506 ; -2.43821 ; -4.28327
8.42151 ; 2.34676 ; -3.77992 ; 3.31746
3.04285 ; 7.64704 ; 3.88995 ; -4.83724
3.29813 ; 2.25739 ; -0.694005 ; 4.48945
6.15116 ; 2.62792 ; 5.63199 ; -1.99006
8.49006 ; 4.56933 ; -2.29201 ; -5.35046
8.49938 ; 2.63613 ; -1.35953 ; -1.15054
3.57605 ; 7.86043 ; -1.70551 ; -3.61018
8.53001 ; 3.01343 ; -1.47658 ; -2.45286
8.37384 ; 2.89241 ; 0.129377 ; -1.95608
7.94692 ; 2.80304 ; -6.80977 ; 6.66969
7.81646 ; 2.23851 ; 2.01779 ; 4.13236
7.07692 ; 2.21683 ; 3.57025 ; 3.26515
8.25861 ; 7.52972 ; -4.89733 ; -6.13086
3.72446 ; 7.00644 ; 7.22496 ; -7.20051
7.97093 ; 2.90392 ; -6.62919 ; 6.62191
3.24867 ; 2.64919 ; 5.9302 ; 6.32158
4.39928 ; 2.67857 ; 6.97902 ; -1.74474
6.42795 ; 7.83645 ; 4.01072 ; -3.3073
8.32756 ; 2.4413 ; -4.24692 ; 5.20467
3.56383 ; 2.92663 ; 6.89225 ; -2.65439
8.17373 ; 2.56712 ; -6.03632 ; 5.62129
3.70702 ; 6.96714 ; 7.14535 ; -7.29369
8.24354 ; 3.51702 ; -0.156782 ; 6.39295
3.07306 ; 2.2822 ; 0.14334 ; 1.18108
7.49319 ; 2.19366 ; 2.57323 ; 2.30496
8.21478 ; 2.51178 ; -5.95851 ; 5.04186
6.24921 ; 2.38189 ; -6.50312 ; 1.4109
5.93933 ; 2.28664 ; 5.74987 ; 1.5023
3.67023 ; 2.52659 ; 7.46043 ; 3.84277
7.8438 ; 2.95783 ; -6.9531 ; 7.07425
8.35995 ; 5.63837 ; 0.305737 ; 5.05027
8.53903 ; 2.60385 ; -2.67413 ; -0.740965
8.26404 ; 5.64684 ; -4.13575 ; -6.7785
3.06501 ; 2.33241 ; 1.74636 ; 5.03042
3.02613 ; 4.20041 ; -0.192203 ; 1.67502
3.18328 ; 7.51011 ; 5.32612 ; -5.96426
8.21232 ; 2.50458 ; -6.04871 ; 4.84891
3.30345 ; 2.6411 ; 6.38649 ; 6.07154
2.99666 ; 2.3138 ; 2.64912 ; 4.26879
3.06069 ; 2.34107 ; 2.34047 ; 4.92503
3.52304 ; 7.203 ; 6.91132 ; -6.88152
7.64651 ; 6.89924 ; -7.223 ; -7.35471
8.2549 ; 7.66481 ; -6.18023 ; -2.96271
3.21976 ; 7.75236 ; -0.23049 ; -0.694374
7.38008 ; 7.80466 ; 3.63961 ; -0.636053
8.0079 ; 2.7661 ; -6.55099 ; 6.63531
3.40685 ; 7.24878 ; 6.41652 ; -6.9198
4.50128 ; 2.25401 ; -4.62234 ; 2.90216
8.3862 ; 2.31555 ; -2.73948 ; 4.05809
6.98892 ; 7.81797 ; 4.36573 ; -3.26814
4.68184 ; 7.28242 ; 5.97658 ; 2.12326
8.28782 ; 5.52459 ; -3.6879 ; -6.70118
3.50398 ; 7.58636 ; 6.28695 ; -0.35359
3.01654 ; 2.39499 ; 2.20565 ; 4.26258
7.6044 ; 6.91662 ; -7.30327 ; -7.30334
8.29606 ; 7.58066 ; -4.64327 ; -5.84138
4.5095 ; 3.72451 ; 7.18678 ; 7.18656
3.079 ; 7.62058 ; 5.038 ; -4.4735
8.3553 ; 7.77209 ; -0.679924 ; -1.83783
3.0019 ; 7.70389 ; 3.3329 ; -4.03687
6.00016 ; 2.42392 ; -6.54552 ; 3.16825
7.84813 ; 6.70807 ; -6.4103 ; -7.51613
8.54229 ; 2.87832 ; -3.09359 ; -1.89098
2.84236 ; 3.9081 ; 2.60208 ; -1.29803
6.57331 ; 7.67197 ; -6.93083 ; -2.90665
3.62622 ; 6.98884 ; 6.95513 ; -7.3238
3.69508 ; 7.01975 ; 7.17506 ; -7.20238
7.98703 ; 7.33076 ; -6.75854 ; -6.53782
3.12382 ; 2.45131 ; 5.35981 ; 4.84705
7.72164 ; 7.74949 ; 2.45834 ; -3.75737
7.85122 ; 7.15565 ; -6.99269 ; -7.04099
3.32083 ; 2.59753 ; 6.50823 ; 5.71081
5.47547 ; 4.56983 ; -6.04311 ; 6.59873
3.75756 ; 3.10614 ; 7.24836 ; 7.20791
8.29359 ; 2.46059 ; -5.12166 ; 4.89514
8.47744 ; 6.65743 ; -4.55634 ; -1.15131
7.97241 ; 6.34764 ; -2.92605 ; 4.49331
3.28828 ; 7.38753 ; 5.93077 ; -6.51036
3.35195 ; 2.71339 ; 6.24443 ; -1.60159
3.10399 ; 7.62025 ; 5.06233 ; -4.84676
7.95268 ; 2.88773 ; -6.60194 ; 7.02537
3.12086 ; 7.72101 ; 1.006 ; -5.3506
3.07622 ; 2.43748 ; 5.8469 ; 2.38556
8.23402 ; 2.90273 ; -4.41066 ; 7.05128
7.94696 ; 7.60087 ; -5.80588 ; -5.06132
3.72726 ; 2.53091 ; 7.44058 ; 4.23396
3.74565 ; 6.09788 ; -3.21392 ; -4.45661
8.34506 ; 2.68009 ; -3.49793 ; 5.66038
8.31686 ; 7.75663 ; -0.843642 ; -1.12409
4.23773 ; 4.2844 ; 6.35561 ; 6.88699
3.3692 ; 6.38596 ; 5.24163 ; -7.43651
7.70308 ; 3.60145 ; -6.68636 ; -4.38827
3.05299 ; 2.23621 ; 0.537295 ; 2.43944
5.68663 ; 4.77634 ; -6.25439 ; 6.38907
3.56827 ; 2.96142 ; 6.96117 ; 7.08466
7.9324 ; 2.82217 ; -6.83646 ; 6.73211
8.32808 ; 2.42357 ; -5.21294 ; 4.13797
3.53298 ; 7.11061 ; 6.78948 ; -7.16971
8.14826 ; 7.49598 ; 0.64665 ; -6.48825
7.29415 ; 2.93649 ; -7.14618 ; -2.66388
8.30208 ; 2.56701 ; -2.20923 ; 6.34799
8.41005 ; 7.12682 ; -3.99985 ; -4.38706
8.30591 ; 3.90264 ; -1.29813 ; 7.1494
8.1608 ; 2.61872 ; -5.91112 ; 6.0803
3.18241 ; 7.56727 ; 5.84326 ; -5.00854
8.16676 ; 7.44141 ; -5.80366 ; -6.37936
7.12932 ; 2.4572 ; -7.38965 ; 2.11401
8.47644 ; 4.51837 ; -0.98527 ; -5.0153
5.88509 ; 2.35449 ; -5.76497 ; 3.65178
3.82839 ; 6.56779 ; -3.37802 ; -6.95214
8.37973 ; 4.90793 ; -2.65972 ; 6.33348
3.36005 ; 7.35341 ; 6.41151 ; -6.4878
8.08981 ; 7.42562 ; -6.42221 ; -6.20195
3.32321 ; 2.33951 ; -1.49098 ; 0.180147
3.08883 ; 7.59019 ; 3.15535 ; -6.00193
3.16177 ; 7.54507 ; 5.29655 ; -5.65656
8.00637 ; 2.2125 ; 1.1529 ; 2.01213
3.01617 ; 7.38829 ; 5.46784 ; 0.891538
2.84653 ; 6.73763 ; 1.74674 ; 3.40391
5.55639 ; 2.40614 ; 6.32688 ; 3.56001
8.13815 ; 7.4168 ; -5.98766 ; -6.44867
8.0268 ; 7.26372 ; -6.38303 ; -6.93916
3.05481 ; 2.43717 ; 3.21326 ; 5.71444
7.73757 ; 3.03782 ; -7.15247 ; 7.15266
3.60339 ; 2.98496 ; 7.03452 ; 7.10496
3.61102 ; 6.70053 ; 6.36478 ; 3.90825
8.19632 ; 7.10727 ; 1.38633 ; 2.79739
8.45913 ; 3.31368 ; -4.40961 ; -3.5197
3.27128 ; 2.25594 ; -0.778739 ; 4.46673
3.12747 ; 7.58547 ; 5.12783 ; -5.29342
3.16843 ; 2.43018 ; 6.03573 ; 3.82497
3.19375 ; 7.51237 ; 5.49749 ; -5.86387
2.97935 ; 5.5178 ; 2.67096 ; 5.66978
3.25128 ; 7.41449 ; -0.506826 ; -5.09259
8.13568 ; 6.46944 ; 1.79679 ; 4.23144
8.51564 ; 2.46233 ; -3.35634 ; 0.458275
3.03427 ; 7.68118 ; 4.16322 ; -4.42766
8.32614 ; 2.43152 ; -4.77569 ; 4.75547
3.18377 ; 7.07025 ; 3.9733 ; -7.44017
8.29852 ; 7.65135 ; -5.85537 ; -3.66933
8.17034 ; 7.50502 ; -6.08544 ; -5.80781
8.4711 ; 2.36313 ; -2.84031 ; 1.83326
8.19252 ; 7.57677 ; -6.00831 ; -5.17642
8.21562 ; 2.59471 ; -5.38396 ; 6.09156
7.88844 ; 7.25204 ; -7.01549 ; -6.72825
6.32262 ; 2.55156 ; -6.84537 ; 4.34403
5.34533 ; 6.20309 ; 6.1319 ; 4.88558
3.91731 ; 2.99833 ; -2.72585 ; -3.00054
8.20206 ; 7.78103 ; 0.128083 ; -4.96498
8.48305 ; 2.42066 ; -3.97953 ; 1.21272
3.59472 ; 7.14498 ; 7.06619 ; -6.9812
8.32415 ; 7.59383 ; -2.45861 ; -6.11479
8.28785 ; 3.75192 ; 0.963572 ; -4.42023
8.30975 ; 2.47367 ; -4.02869 ; 5.70713
8.11604 ; 3.42559 ; -4.76229 ; 7.50529
8.52087 ; 7.53096 ; -4.03821 ; 0.188982
8.10631 ; 6.29433 ; -4.95281 ; -7.35066
8.38531 ; 7.78645 ; -2.27394 ; -4.00511
3.09111 ; 2.45007 ; 5.22097 ; 4.8759
3.25359 ; 7.4769 ; 6.0564 ; -5.84439
3.19031 ; 2.54387 ; 5.83976 ; 5.61658
6.31704 ; 2.59273 ; -6.83818 ; 4.7008
3.75857 ; 7.60128 ; 7.3745 ; -2.06689
3.06022 ; 2.40823 ; 5.38147 ; 3.74906
8.22167 ; 2.60086 ; -5.10383 ; 6.29162
3.06179 ; 7.79995 ; 1.38169 ; -3.96498
7.88289 ; 2.24979 ; 1.9582 ; 4.28648
8.38958 ; 7.81462 ; -1.40664 ; -2.60227
3.02996 ; 2.39834 ; 4.23469 ; 4.76068
3.95948 ; 6.42104 ; -3.71095 ; 4.42074
3.30826 ; 7.17613 ; -1.15244 ; -6.95503
3.74724 ; 2.97771 ; 7.29668 ; 6.83835
3.68712 ; 2.71882 ; 7.37753 ; 5.90687
8.10433 ; 7.46996 ; -6.47688 ; -5.85656
8.21313 ; 2.65565 ; -5.10435 ; 6.49954
2.95197 ; 2.37305 ; 0.983968 ; 0.437024
8.47549 ; 4.25444 ; -2.95127 ; 4.44014
8.15452 ; 2.5239 ; 0.339163 ; 6.30405
8.49908 ; 7.61105 ; -4.31236 ; -0.51473
3.04306 ; 7.66909 ; 4.71247 ; -4.11157
7.98198 ; 2.76122 ; -6.7299 ; 6.52582
8.48198 ; 7.71545 ; -2.03882 ; -1.0488
8.29491 ; 2.51235 ; -4.90593 ; 5.33251
5.76513 ; 7.61528 ; 5.37735 ; -5.04993
3.70068 ; 3.40176 ; 6.70598 ; -4.00363
8.3044 ; 7.72528 ; -3.35146 ; -4.71671
3.41359 ; 7.40835 ; 6.84415 ; -5.89247
2.94933 ; 7.7475 ; 1.66037 ; -1.46593
3.27225 ; 2.83138 ; 6.21283 ; 5.3821
3.0129 ; 2.3722 ; 3.64605 ; 4.73123
2.94954 ; 4.2022 ; 3.1541 ; -5.20135
3.52575 ; 7.18353 ; 6.88246 ; -6.95846
8.18141 ; 7.4991 ; -5.92206 ; -5.95015
3.04364 ; 7.68351 ; 1.59311 ; -4.46167
8.50461 ; 6.75254 ; -3.5304 ; -1.81449
7.74813 ; 5.68873 ; -6.30239 ; 5.56141
2.90033 ; 7.18466 ; 4.31559 ; 1.95604
3.00142 ; 2.42303 ; 1.06092 ; 0.0284444
3.19307 ; 7.53873 ; 5.8712 ; -5.22508
8.47146 ; 7.74463 ; -3.53456 ; -2.32683
8.05281 ; 2.29396 ; 0.480713 ; 4.87296
8.49824 ; 7.68957 ; -3.53481 ; -1.44654
3.06428 ; 2.44627 ; 2.0738 ; 5.97314
3.31302 ; 2.81926 ; 5.95547 ; 6.99516
8.19896 ; 3.40839 ; -3.6993 ; 7.49445
8.22343 ; 3.59965 ; -3.5697 ; 7.41949
3.65824 ; 2.55652 ; -2.33179 ; 6.18198
3.22706 ; 7.51466 ; 6.03572 ; -5.46926
8.52143 ; 3.81095 ; -1.59822 ; -4.53963
3.12074 ; 2.22652 ; 0.273082 ; 2.61155
8.33108 ; 2.43047 ; -3.29571 ; 5.53298
3.38287 ; 7.36583 ; 6.6066 ; -6.31397
3.19031 ; 2.85008 ; 4.82187 ; 7.1304
8.02734 ; 6.74024 ; 1.74285 ; -7.2491
8.45853 ; 5.45587 ; -2.54059 ; 5.5367
8.24595 ; 6.92982 ; -1.57908 ; -7.34566
3.05647 ; 2.42424 ; 4.76179 ; 4.80593
8.31561 ; 3.75128 ; 0.868525 ; -4.48394
8.28214 ; 2.41125 ; -4.45519 ; 4.60573
3.37922 ; 7.36953 ; 6.58888 ; -6.29049
8.29895 ; 7.63186 ; -5.39672 ; -4.8286
3.01172 ; 2.33995 ; 2.7619 ; 4.68172
3.22717 ; 2.57848 ; 6.03038 ; 5.81386
3.30737 ; 7.54539 ; -1.66325 ; 1.06952
7.23576 ; 7.59158 ; -7.18771 ; -3.95948
8.40486 ; 4.64743 ; -4.77506 ; -4.19249
8.38922 ; 7.70201 ; -4.8547 ; -3.56641
3.08712 ; 2.51367 ; 3.78923 ; 6.13908
4.55379 ; 7.80167 ; 0.674507 ; -1.05578
3.09578 ; 2.49582 ; 4.54381 ; 5.79894
7.93591 ; 2.73316 ; -6.97175 ; 6.2498
5.01582 ; 2.87709 ; 6.73873 ; -2.54791
7.76341 ; 7.81146 ; 2.47368 ; -4.39463
3.40214 ; 7.31446 ; 6.56813 ; -6.60537
3.14941 ; 7.56085 ; 5.24603 ; -5.52148
8.26017 ; 7.51368 ; -4.9288 ; -6.21841
3.04056 ; 7.71194 ; 2.10501 ; -4.81576
3.18565 ; 3.25078 ; -1.25417 ; -1.80358
4.29069 ; 2.3893 ; 5.75805 ; 4.14551
7.99327 ; 6.71488 ; 1.20152 ; -6.12869
6.31391 ; 2.24048 ; -3.36477 ; 2.76486
3.45112 ; 7.38663 ; 6.96284 ; -5.95438
3.05708 ; 2.42023 ; 2.4295 ; 5.75369
3.57502 ; 7.08618 ; 6.90859 ; -7.18496
3.29174 ; 2.76279 ; 5.89572 ; 6.84779
3.14176 ; 7.65105 ; 0.815513 ; -5.81652
3.62019 ; 5.92501 ; -2.93503 ; -6.30045
2.87648 ; 6.69475 ; 4.03243 ; 1.82176
7.65046 ; 2.46716 ; -7.16462 ; 0.688242
3.77408 ; 6.96282 ; 7.27295 ; -7.24149
8.40492 ; 7.59804 ; -5.48159 ; -0.509061
3.14354 ; 2.51543 ; 5.36392 ; 5.61684
3.25934 ; 2.67533 ; 5.90378 ; 6.48679
8.07767 ; 2.72536 ; -6.21391 ; 6.58217
8.46418 ; 5.96211 ; -3.05241 ; 5.04941
5.16791 ; 2.64663 ; 6.74105 ; 5.19617
2.98056 ; 2.37887 ; 4.23258 ; 3.53305
8.51793 ; 7.65092 ; -3.42707 ; -0.746894
2.93844 ; 4.30945 ; 3.32338 ; -5.08401
3.1339 ; 2.43632 ; 5.97926 ; 3.86709
5.96536 ; 2.64308 ; -6.51578 ; 5.21953
6.69426 ; 5.18919 ; -0.596044 ; 6.01234
3.17471 ; 2.69598 ; 4.94462 ; 6.75577
2.83733 ; 7.09494 ; 2.84193 ; 2.24274
3.70171 ; 5.49687 ; -2.91044 ; -5.97554
2.96138 ; 7.30577 ; 3.50865 ; -3.27961
3.33262 ; 2.64054 ; 6.56183 ; 5.97711
8.03191 ; 2.78585 ; -6.36457 ; 6.78184
8.53111 ; 4.40404 ; -2.28604 ; -4.18206
7.48763 ; 7.87504 ; 3.22617 ; -2.47703
4.0774 ; 7.58029 ; 7.47133 ; -3.05423
8.12423 ; 2.60145 ; -6.33024 ; 5.70751
8.41492 ; 2.29748 ; -2.43814 ; 2.80729
8.48699 ; 2.54324 ; -2.49346 ; 1.05123
8.16325 ; 7.46646 ; -5.94669 ; -6.17223
3.41288 ; 7.66292 ; 3.96727 ; -4.90978
3.71609 ; 3.07576 ; 7.20172 ; 7.18811
8.41055 ; 7.78739 ; -2.54031 ; -3.81056
3.00749 ; 4.44812 ; 3.3679 ; 4.65621
3.37794 ; 2.75416 ; 6.53102 ; 6.60789
8.11575 ; 2.57132 ; -6.51431 ; 5.26084
8.35816 ; 7.83103 ; -1.14253 ; -3.4254
8.17272 ; 2.83574 ; -5.04873 ; 7.10559
7.82864 ; 7.45246 ; 1.62193 ; -6.25013
8.19188 ; 2.5977 ; -5.54607 ; 6.12097
3.117 ; 7.60132 ; 4.92995 ; -5.23402
8.36471 ; 7.40814 ; -3.45037 ; -5.59108
7.86489 ; 7.19026 ; -6.99791 ; -6.94481
8.31419 ; 2.48043 ; -2.77785 ; 6.03439
8.32239 ; 7.58172 ; -3.83619 ; -6.04305
3.41849 ; 7.228 ; 6.43731 ; -6.97936
4.73141 ; 7.61798 ; -4.97297 ; 0.913311
3.1156 ; 3.22965 ; 3.13522 ; 7.46742
6.53019 ; 3.09569 ; 5.08402 ; -3.01146
8.52427 ; 7.6363 ; -3.14908 ; -0.503787
6.18534 ; 6.26392 ; -6.75676 ; -6.85645
7.10456 ; 7.78924 ; 4.24279 ; -3.74418
4.61201 ; 7.55785 ; 7.21055 ; -2.48232
8.09018 ; 6.93084 ; -5.21594 ; -7.47394
3.01366 ; 5.62186 ; 3.56728 ; -6.0311
8.38244 ; 2.37903 ; -4.68837 ; 3.28849
8.42391 ; 5.08445 ; -3.66069 ; -5.69824
8.26829 ; 7.70797 ; -1.96436 ; -0.837408
3.15564 ; 2.22251 ; -0.140045 ; 2.32525
8.30561 ; 7.78817 ; -1.87997 ; -1.93316
3.34323 ; 2.71763 ; 6.41379 ; 6.49509
8.25645 ; 7.79084 ; -0.120984 ; -1.15686
8.2321 ; 2.43211 ; -5.67383 ; 1.94764
3.04952 ; 2.3311 ; 2.58994 ; 3.65544
3.0505 ; 2.27035 ; 1.17817 ; 4.19494
8.14095 ; 2.56122 ; -6.37598 ; 5.26868
7.74168 ; 7.8595 ; 2.45691 ; -3.47708
8.18068 ; 2.22662 ; 0.483911 ; 3.14114
8.43989 ; 7.78485 ; -1.66856 ; -1.7453
3.06547 ; 2.3708 ; 3.6677 ; 4.69229
8.30908 ; 7.33348 ; -0.736924 ; -6.11267
6.96381 ; 2.57422 ; -7.2707 ; 4.33778
3.48856 ; 7.86816 ; -1.78074 ; -2.89151
3.00312 ; 7.72993 ; 2.27595 ; -1.99375
3.62967 ; 7.14003 ; 7.15784 ; -6.9452
8.38229 ; 2.34249 ; -1.10579 ; 2.00726
8.41489 ; 2.29531 ; -2.47967 ; 3.18773
3.14709 ; 7.58648 ; 5.64254 ; -4.83154
4.16852 ; 2.31813 ; -4.06532 ; 0.531156
7.9425 ; 7.64166 ; -6.04967 ; -4.13127
3.09807 ; 5.30256 ; -0.731305 ; 5.58299
8.27305 ; 7.69639 ; -0.308939 ; -4.77871
8.48104 ; 6.4313 ; -0.90954 ; 1.70567
3.05611 ; 2.4371 ; 4.26286 ; 5.25333
2.99154 ; 7.7836 ; 2.1981 ; -3.15931
3.26241 ; 6.88968 ; 4.64361 ; -7.55825
8.14361 ; 7.01351 ; -4.82565 ; -7.5081
3.49864 ; 7.23475 ; 6.86663 ; -6.79026
3.56862 ; 7.18768 ; 7.04813 ; -6.86188
8.00464 ; 2.7073 ; -6.74078 ; 6.23568
8.09094 ; 2.71856 ; -6.13459 ; 6.57392
3.20949 ; 2.71017 ; 5.30497 ; 6.76352
3.0936 ; 2.43817 ; 5.90737 ; 2.2846
7.50722 ; 7.47467 ; -7.54603 ; -4.84258
7.55008 ; 2.80348 ; -6.97872 ; -2.1545
3.60885 ; 2.23271 ; -2.43155 ; 3.93875
3.04412 ; 7.70839 ; 4.29549 ; -3.12316
7.62636 ; 3.15909 ; -7.25824 ; 7.27069
8.15151 ; 7.86338 ; 0.496637 ; -3.43128
3.76845 ; 4.9137 ; -3.45966 ; -5.96238
3.0604 ; 4.90871 ; -0.376631 ; 6.22284
2.94254 ; 2.32147 ; 3.2672 ; 2.95095
3.18512 ; 7.36234 ; 4.62783 ; -6.8702
8.08059 ; 7.61576 ; -6.65872 ; -4.09919
3.11346 ; 2.47818 ; 5.1757 ; 5.31597
8.01695 ; 3.34866 ; -5.68744 ; 7.50627
8.15588 ; 3.1514 ; -5.00845 ; 7.32917
3.52408 ; 7.25887 ; 7.0122 ; -6.61557
8.10077 ; 2.63979 ; -6.34056 ; 6.03171
3.80499 ; 2.40192 ; -3.1017 ; -0.660451
7.79364 ; 7.49078 ; -7.4138 ; -4.95616
4.34441 ; 7.71292 ; -4.12414 ; -4.86197
3.12821 ; 2.44864 ; 5.81347 ; 4.34869
3.11732 ; 6.20009 ; 3.49611 ; -7.04649
2.9003 ; 2.35031 ; 2.98937 ; 1.65767
6.11505 ; 2.26935 ; 0.958606 ; 0.741293
8.51418 ; 7.63661 ; -2.22549 ; -0.155389
6.18851 ; 3.09938 ; 5.79989 ; 6.36194
3.07764 ; 2.23063 ; 0.557905 ; 3.33425
3.32002 ; 2.93991 ; 5.60041 ; 7.28517
7.78704 ; 7.12166 ; -7.14169 ; -7.05681
8.33741 ; 2.63903 ; -2.41909 ; 5.94115
8.01316 ; 2.75971 ; -6.52307 ; 6.61661
3.28581 ; 7.46885 ; 6.33025 ; -5.7129
3.11643 ; 2.26543 ; 0.509936 ; 4.41642
8.05136 ; 2.71474 ; -6.44459 ; 6.43093
3.61152 ; 2.50557 ; -2.27441 ; 6.01894
3.06891 ; 7.77376 ; 1.68614 ; -4.40667
2.9609 ; 7.75238 ; 2.89287 ; -2.68804
8.25521 ; 3.28042 ; -3.09932 ; 7.48277
6.82838 ; 2.23141 ; 4.69065 ; 2.18443
8.41088 ; 7.73991 ; -3.89331 ; -3.85395
3.75771 ; 3.14027 ; -2.05644 ; 7.2207
7.65347 ; 3.0945 ; -7.26539 ; 7.18745
6.03378 ; 7.36963 ; -5.7745 ; 2.06253
3.66402 ; 3.02088 ; 7.14652 ; 7.12452
3.84944 ; 3.20687 ; 7.30222 ; 7.28483
8.18719 ; 7.43286 ; -5.54928 ; -6.50363
3.10584 ; 2.48249 ; 4.93773 ; 5.50435
8.07238 ; 2.59962 ; -6.5773 ; 5.59784
3.11214 ; 4.88033 ; -0.685981 ; 6.26698
7.86071 ; 7.59944 ; -7.34104 ; -3.57408
2.94743 ; 7.75324 ; 2.70905 ; -2.48494
8.42412 ; 7.72823 ; -4.16305 ; -3.44649
8.4483 ; 2.35996 ; -2.78135 ; 1.55756
3.03343 ; 7.64706 ; 5.17719 ; -2.88475
3.30576 ; 6.36546 ; -1.55422 ; -6.54152
3.14983 ; 2.51082 ; 5.5025 ; 5.49402
8.09011 ; 7.44753 ; -6.49518 ; -6.01451
8.42078 ; 3.42805 ; 0.0337805 ; -3.69296
3.48898 ; 2.81431 ; 6.90968 ; 6.68246
3.36125 ; 6.73602 ; 5.43413 ; -7.54858
3.20672 ; 7.70269 ; 4.11498 ; -1.76
6.66899 ; 2.45439 ; 4.58621 ; 0.816864
2.88258 ; 2.4724 ; 3.85212 ; 0.231164
3.21301 ; 7.51126 ; 5.78701 ; -5.70513
8.1365 ; 5.61521 ; -5.15845 ; 5.6697
3.20983 ; 2.55268 ; 6.01083 ; 5.5727
3.10337 ; 7.65609 ; 4.96101 ; -4.26559
2.92896 ; 3.51741 ; 0.495064 ; -2.74762
8.55741 ; 7.24802 ; -2.82951 ; 2.04745
7.80083 ; 2.94153 ; -7.10386 ; 6.97454
8.06678 ; 2.69092 ; -6.41604 ; 6.30961
7.72328 ; 7.0257 ; -7.18738 ; -7.22161
8.27219 ; 7.60004 ; -5.47219 ; -5.22824
3.13148 ; 4.2139 ; -0.691405 ; 6.48862
2.8729 ; 3.40978 ; 3.28536 ; -3.4175
3.28869 ; 2.54168 ; -0.0802933 ; 5.62885
8.53649 ; 3.11941 ; -3.61975 ; -2.77407
8.43634 ; 7.72145 ; -4.2568 ; -3.01815
7.99765 ; 2.82403 ; -6.49878 ; 6.86435
3.67364 ; 7.06425 ; 7.17508 ; -7.11854
4.71264 ; 7.73022 ; 2.90311 ; -0.401612
8.30827 ; 7.63951 ; -5.32837 ; -4.7072
8.24705 ; 7.65252 ; -5.60211 ; -4.34743
7.0098 ; 3.34944 ; 4.61691 ; 6.85183
7.43271 ; 7.8657 ; 3.3001 ; -1.77183
4.56313 ; 6.53528 ; -4.31456 ; -7.14835
2.99512 ; 5.07978 ; 2.62773 ; 6.15367
7.47277 ; 7.84209 ; 2.90995 ; -3.84422
8.06313 ; 2.56686 ; -6.69603 ; 5.19739
4.80734 ; 2.34029 ; -5.14804 ; 3.77627
8.05948 ; 2.29393 ; 1.50764 ; 0.634194
3.73126 ; 6.96586 ; 7.19784 ; -7.27447
8.14739 ; 3.851 ; -5.18379 ; 6.90342
8.00573 ; 7.20523 ; -6.63924 ; 2.3531
8.43322 ; 7.77635 ; -3.03722 ; -3.41597
3.50023 ; 2.87044 ; 6.85976 ; 6.89612
8.23059 ; 2.52901 ; -5.58028 ; 5.44814
4.80939 ; 2.39886 ; 7.00014 ; 1.4848
8.39579 ; 2.32668 ; -3.1054 ; 3.97529
2.94813 ; 2.33981 ; 3.58743 ; 2.48056
4.42208 ; 7.48013 ; 7.11187 ; -4.93388
3.08987 ; 6.59009 ; -0.929069 ; 3.64217
3.23636 ; 4.25564 ; -1.63062 ; -5.27289
3.63999 ; 6.91481 ; 6.91348 ; -7.41034
3.83132 ; 7.68643 ; -2.98081 ; 0.393428
3.06801 ; 7.61905 ; 5.59327 ; -2.86205
3.36656 ; 2.83726 ; 6.26491 ; 6.98894
3.20615 ; 2.77722 ; -1.3387 ; -2.18952
3.02266 ; 4.34905 ; 1.10445 ; 6.76965
8.23961 ; 2.48592 ; -5.61272 ; 5.00006
2.98293 ; 5.13382 ; 1.37817 ; -6.20426
2.92052 ; 4.44932 ; 1.18349 ; 4.02176
8.01532 ; 7.35535 ; -6.66991 ; -6.4667
8.51128 ; 5.72027 ; -2.50468 ; 4.60855
8.34644 ; 7.6207 ; -5.86297 ; -1.07744
3.02766 ; 2.35469 ; 2.48941 ; 5.05582
8.11981 ; 2.88251 ; -5.44295 ; 7.20628
3.162 ; 3.37735 ; 5.59195 ; -3.67614
3.01464 ; 7.68298 ; 4.76583 ; -3.12406
4.5614 ; 2.65274 ; -1.15524 ; -1.45525
3.2336 ; 2.43948 ; -1.22452 ; -0.0309352
8.3231 ; 2.44276 ; -4.09641 ; 5.3768
8.33181 ; 7.63869 ; -4.46717 ; -5.30733
7.49447 ; 2.20877 ; 0.740158 ; 2.54971
3.09345 ; 2.51934 ; 3.53948 ; 6.2205
6.36549 ; 7.28115 ; 5.34436 ; -6.36319
4.33264 ; 2.56883 ; 7.38131 ; 4.34996
2.95022 ; 7.68377 ; 1.15717 ; -0.560059
8.10129 ; 2.60035 ; -6.48235 ; 5.63364
3.00624 ; 7.77605 ; 2.26038 ; -3.74227
3.57824 ; 7.36035 ; 7.26766 ; -5.73828
3.24352 ; 7.53364 ; 6.28707 ; -5.07054
8.04637 ; 7.07012 ; -5.78847 ; -7.40235
5.94378 ; 2.64431 ; -6.55676 ; 4.87683
8.07106 ; 2.77153 ; -6.10824 ; 6.80606
3.64881 ; 7.05686 ; 7.10236 ; -7.16807
7.92206 ; 2.90049 ; -6.73083 ; 7.01752
3.13551 ; 3.88262 ; 1.21056 ; -4.69942
4.71688 ; 3.81993 ; -5.18087 ; 6.6894
8.40848 ; 3.85709 ; -4.384 ; -4.63163
8.23722 ; 7.54475 ; -5.58282 ; -5.68872
3.29403 ; 7.45636 ; 6.32249 ; -5.8534
6.59038 ; 2.39531 ; -6.84642 ; 1.15009
7.16905 ; 7.615 ; -7.40671 ; -1.66836
3.40469 ; 7.32875 ; 6.6246 ; -6.50949
3.64618 ; 7.04432 ; 7.07752 ; -7.20242
3.13574 ; 7.53028 ; 4.34917 ; -6.15401
3.13468 ; 2.52894 ; 5.03823 ; 5.88269
8.318 ; 2.36676 ; -4.54603 ; 2.43768
8.43202 ; 7.68839 ; -1.39493 ; -1.63024
2.93206 ; 2.46369 ; 4.71907 ; 0.665764
5.27655 ; 4.9905 ; 6.53225 ; -3.80055
3.82016 ; 2.73797 ; 7.45841 ; 5.89236
3.01421 ; 4.14779 ; 4.10823 ; -5.12081
3.3687 ; 2.72877 ; 6.54016 ; 6.4923
8.27165 ; 2.46833 ; -5.65578 ; 4.55948
8.37861 ; 2.26307 ; -1.2235 ; 2.37986
8.37811 ; 2.38305 ; -4.13266 ; 4.17457
8.34517 ; 7.6758 ; -5.45168 ; -3.58791
3.16082 ; 2.73433 ; 4.68435 ; 6.87856
3.98254 ; 6.35615 ; -3.91634 ; 4.50954
6.43316 ; 2.41995 ; 5.30262 ; 4.5414
8.17789 ; 7.58843 ; -6.44457 ; -4.51016
3.16354 ; 7.83908 ; 0.125633 ; -3.64231
8.53401 ; 6.4879 ; -2.59297 ; 3.96327
7.95398 ; 2.80152 ; -6.77316 ; 6.6826
3.28947 ; 6.82123 ; 4.88545 ; -7.56433
8.16098 ; 7.28248 ; -5.36846 ; -7.07322
8.43419 ; 2.41662 ; -4.72954 ; 1.72598
3.55943 ; 3.0979 ; 7.14579 ; 3.0588
8.44963 ; 2.39554 ; -3.30941 ; 2.4583
8.19248 ; 2.59492 ; -5.6217 ; 6.06561
8.41048 ; 7.68853 ; -3.56572 ; -4.09134
7.96933 ; 3.7519 ; -5.7289 ; -4.63094
3.38597 ; 7.35842 ; 6.60315 ; -6.36121
3.02411 ; 2.38931 ; 4.78467 ; 3.999
8.20211 ; 2.24966 ; -0.498021 ; 3.59879
3.72652 ; 2.87632 ; 7.36662 ; 6.61329
8.03252 ; 2.46094 ; -7.04735 ; 2.52353
6.61305 ; 7.53917 ; -7.10746 ; -4.15045
8.55117 ; 3.74248 ; -2.81427 ; -3.31132
4.50429 ; 2.42896 ; 7.0567 ; 0.288352
8.41838 ; 2.41996 ; -4.63039 ; 2.61329
7.73781 ; 4.54505 ; -6.64388 ; 6.6617
8.41746 ; 6.04101 ; -0.104927 ; 4.92731
8.34628 ; 2.3756 ; -2.66243 ; 5.10647
8.29241 ; 4.32225 ; 0.287702 ; 5.94594
5.17831 ; 7.57843 ; 6.60047 ; -4.29968
3.70755 ; 6.99411 ; 7.17343 ; -7.24481
8.4305 ; 2.37277 ; -3.38899 ; 1.39864
3.56504 ; 7.37178 ; 7.27655 ; -5.0215
3.18108 ; 2.58381 ; 5.45982 ; 6.12065
8.38451 ; 7.63677 ; -5.59792 ; -1.09828
3.20548 ; 7.53129 ; 5.92857 ; -5.32956
8.23508 ; 6.55343 ; -3.83181 ; -6.7845
7.84103 ; 7.8824 ; 2.16349 ; -2.50917
3.18686 ; 2.65106 ; 5.29656 ; 6.48343
2.93972 ; 2.45533 ; 4.8135 ; 0.711106
3.39415 ; 2.5957 ; 6.91586 ; 5.38528
6.10535 ; 4.02129 ; -6.64184 ; 6.94397
2.91273 ; 6.95855 ; 0.576375 ; 2.93364
3.22699 ; 2.60107 ; 5.89094 ; 6.05689
7.80414 ; 2.92824 ; -7.1095 ; 6.9362
6.3403 ; 7.56009 ; -2.08043 ; 1.13162
8.42288 ; 7.735 ; -4.14789 ; -3.4268
3.26149 ; 7.42775 ; 5.83712 ; -6.32015
7.76996 ; 7.05852 ; -7.11031 ; -7.20036
3.15266 ; 7.30766 ; -1.07536 ; 2.09483
3.06505 ; 2.37624 ; 2.67725 ; 5.25684
8.46261 ; 3.40349 ; -4.21626 ; -3.77216
8.05181 ; 2.44541 ; -6.77757 ; 2.9107
4.09673 ; 7.73818 ; 4.11892 ; -1.32488
3.06725 ; 7.63587 ; 3.80945 ; -5.34166
8.44362 ; 2.42217 ; -4.60917 ; 1.80084
4.12261 ; 7.72403 ; -3.91765 ; -4.60432
3.5456 ; 2.30445 ; -2.27024 ; 4.78045
8.33222 ; 2.42157 ; -4.27703 ; 5.00145
6.22467 ; 2.90368 ; -5.77222 ; -1.9258
6.33826 ; 3.51574 ; 5.48796 ; -4.29136
3.23345 ; 3.29027 ; 4.64435 ; 7.51476
2.95849 ; 7.75231 ; 2.92807 ; -2.74466
2.97209 ; 7.73072 ; 3.52528 ; -2.90611
8.36076 ; 2.4867 ; -1.74302 ; 4.55666
6.08833 ; 7.21948 ; -6.71673 ; -5.88174
8.05439 ; 2.39733 ; -0.570096 ; 0.0912577
3.3058 ; 7.40887 ; 6.20576 ; -6.26478
2.94571 ; 6.19825 ; 0.208313 ; 4.69648
8.0586 ; 2.6038 ; -6.11978 ; -0.838769
8.18875 ; 2.53905 ; -6.08056 ; 5.24104
8.43625 ; 2.52604 ; -4.96682 ; 0.0227863
8.35972 ; 2.29261 ; -1.91209 ; 4.06407
2.93116 ; 2.38441 ; 3.60937 ; 2.53221
8.38627 ; 2.27691 ; -1.93694 ; 3.28338
3.30233 ; 7.86876 ; -1.07971 ; -2.85
3.34785 ; 7.65133 ; 6.22338 ; -2.09631
3.14777 ; 7.55371 ; 5.0575 ; -5.71076
8.22413 ; 7.77651 ; -0.144331 ; -4.93428
7.01634 ; 3.30261 ; -7.34486 ; 7.03513
3.17808 ; 2.92159 ; 0.967694 ; 7.06067
8.53744 ; 7.56934 ; -2.71824 ; 0.293466
3.18586 ; 7.56123 ; 6.02318 ; -4.66886
8.34353 ; 7.64898 ; -4.07388 ; -5.40709
2.92978 ; 2.59519 ; 3.49237 ; 2.2012
3.47701 ; 2.3108 ; 1.44925 ; 1.19069
8.37394 ; 2.4114 ; -5.25991 ; 2.73182
3.20004 ; 7.52528 ; 5.53478 ; -5.72406
3.15673 ; 2.52943 ; 5.51142 ; 5.66289
8.32454 ; 2.43564 ; -5.77646 ; 2.27124
4.70289 ; 3.43007 ; -5.00862 ; -3.94725
3.04974 ; 7.80951 ; 1.3376 ; -3.53395
8.46506 ; 2.55699 ; -4.4681 ; 0.0507073
8.30859 ; 7.61764 ; -4.82674 ; -5.39921
6.18126 ; 7.65519 ; 5.0362 ; 0.56033
2.93793 ; 2.38818 ; 4.38237 ; 1.92758
3.5295 ; 2.80898 ; 7.021 ; 6.60856
3.17037 ; 7.53631 ; 5.14988 ; -5.82914
3.30605 ; 2.90937 ; 5.65945 ; 7.14905
7.49957 ; 7.80292 ; 2.88826 ; -0.672398
8.21445 ; 7.40308 ; -5.07582 ; -6.74141
2.97818 ; 2.44704 ; 0.439727 ; -0.207569
3.51271 ; 7.20544 ; 6.87125 ; -6.89275
8.38159 ; 7.71244 ; -3.67681 ; -4.75516
8.29408 ; 7.5858 ; -4.73631 ; -5.76078
8.16416 ; 4.03098 ; -0.240983 ; 7.0483
8.44686 ; 2.38079 ; -4.20794 ; 2.27741
3.96761 ; 7.29848 ; 7.07908 ; 2.05067
8.16361 ; 2.64396 ; -5.70956 ; 6.34706
8.21822 ; 2.57961 ; -5.2664 ; 6.10392
3.00619 ; 2.56409 ; 1.10601 ; 3.17864
8.39641 ; 7.77556 ; -2.52494 ; -4.15252
3.39627 ; 7.20651 ; 6.25165 ; -7.08481
3.28337 ; 7.43002 ; 6.08664 ; -6.19048
8.30667 ; 2.45701 ; -4.82436 ; 5.13836
2.88815 ; 7.49668 ; 3.98475 ; 0.0477619
3.28964 ; 7.41462 ; 6.07697 ; -6.29498
3.16193 ; 7.53772 ; 5.30038 ; -5.6788
4.33707 ; 2.23743 ; -4.39043 ; 2.48341
3.30206 ; 7.44928 ; 6.36714 ; -5.86751
7.79863 ; 2.75387 ; -6.94127 ; -1.77397
3.36472 ; 3.61417 ; 5.25274 ; 7.34348
2.99911 ; 2.53657 ; 5.23814 ; 0.941245
3.0614 ; 2.43344 ; 4.59597 ; 5.09496
8.26229 ; 2.50327 ; -5.2686 ; 5.43714
3.10815 ; 2.45774 ; 5.47358 ; 4.74087
8.21362 ; 2.52643 ; -5.80833 ; 5.35287
8.49036 ; 7.66648 ; -3.56967 ; -1.68736
3.18337 ; 2.58485 ; 5.45549 ; 6.13182
3.45514 ; 3.22254 ; 6.76756 ; -3.15716
4.11524 ; 3.09156 ; 7.06384 ; 7.05668
2.91374 ; 5.79322 ; 1.78484 ; -2.75858
3.06755 ; 2.33536 ; 0.014533 ; 0.56939
6.08 ; 6.09843 ; 5.59464 ; 5.03538
3.3518 ; 7.37953 ; 6.44689 ; -6.32022
2.90994 ; 3.35759 ; 2.92026 ; -3.6142
3.04744 ; 2.41426 ; 4.48343 ; 4.87329
3.63021 ; 2.44139 ; 7.3531 ; 2.30585
3.5959 ; 3.02669 ; -2.30235 ; -3.05651
3.13807 ; 7.56287 ; 5.01684 ; -5.61065
3.04807 ; 5.12439 ; 3.6404 ; 6.05736
3.44639 ; 6.99622 ; 6.20248 ; -7.43744
3.88193 ; 6.8197 ; 7.31214 ; -7.35602
8.40372 ; 2.34991 ; -3.69232 ; 3.799
3.652 ; 3.71269 ; -2.92008 ; -2.00883
3.14312 ; 2.56687 ; 4.83225 ; 6.21333
8.31664 ; 2.24399 ; -0.90943 ; 3.28379
3.12033 ; 2.21898 ; 0.141159 ; 3.01594
8.42629 ; 2.33681 ; -1.78979 ; 1.245
3.07976 ; 7.67588 ; 2.02466 ; -5.58235
3.75223 ; 7.87774 ; -2.47256 ; -2.31657
3.07817 ; 2.43423 ; 5.26125 ; 4.45148
8.54209 ; 7.47654 ; -2.93073 ; 0.467678
8.39647 ; 7.70897 ; -4.73461 ; -3.54708
8.15814 ; 2.47822 ; -5.23471 ; 5.17709
2.83866 ; 2.84412 ; 2.86592 ; -1.86011
3.37586 ; 7.86749 ; -1.13519 ; -2.48044
7.90372 ; 6.33079 ; -5.87486 ; -7.40215
8.46273 ; 7.7714 ; -2.33351 ; -1.93812
3.17126 ; 2.41627 ; 6.14572 ; 3.17401
8.225 ; 3.08322 ; -3.97348 ; 7.42097
3.24582 ; 7.49487 ; 6.09092 ; -5.65138
8.48457 ; 7.58297 ; -4.58789 ; -0.480826
6.71163 ; 6.7634 ; 2.72609 ; 3.77835
4.50094 ; 2.67126 ; 7.30568 ; 5.07942
8.45374 ; 2.43906 ; -4.6799 ; 1.20904
3.33952 ; 2.73815 ; 6.32771 ; 6.62473
3.26896 ; 2.73996 ; 5.76502 ; 6.79815
7.95204 ; 7.22242 ; -6.69747 ; -6.96853
8.17073 ; 4.94723 ; -5.03275 ; 6.31845
8.07533 ; 7.36244 ; -6.29166 ; -6.60033
7.56027 ; 3.18894 ; -7.3273 ; 7.26375
3.23685 ; 2.24609 ; -0.562987 ; 4.30648
8.32292 ; 2.33744 ; -1.807 ; 4.99411
2.98114 ; 7.7219 ; 3.79606 ; -3.3317
3.19953 ; 2.3237 ; -0.962545 ; 0.31565
8.37321 ; 7.6911 ; -5.15524 ; -3.48504
8.10009 ; 7.60268 ; -6.85398 ; -3.8244
3.45797 ; 7.83963 ; -1.93024 ; -1.9888
6.36168 ; 4.79749 ; -6.75209 ; 6.50392
3.13891 ; 7.36452 ; 5.86218 ; -1.37483
7.48142 ; 6.84643 ; -7.38865 ; -7.30651
4.16178 ; 7.57295 ; 7.46495 ; -2.61194
3.14818 ; 2.77787 ; 4.24334 ; 7.06434
3.1909 ; 7.83607 ; -0.0502073 ; -3.89702
3.05457 ; 2.25854 ; 1.10556 ; 3.67929
8.29416 ; 7.53444 ; -4.45859 ; -6.15846
3.36728 ; 7.45151 ; 6.50646 ; -5.80193
8.21537 ; 7.48028 ; -5.41065 ; -6.28576
3.37418 ; 7.29964 ; 6.34218 ; -6.76004
8.1858 ; 5.58926 ; -4.49343 ; -6.83206
8.07628 ; 7.82305 ; 0.785592 ; -4.44252
4.75521 ; 2.55727 ; -4.96961 ; -1.4494
8.18876 ; 7.573 ; 0.33072 ; -5.73523
4.01615 ; 7.25056 ; -3.8109 ; -6.56481
8.46931 ; 7.73658 ; -3.49781 ; -2.43766
8.33726 ; 2.36524 ; -2.34652 ; 5.13903
8.52154 ; 2.50833 ; -2.77182 ; -0.124796
2.8791 ; 3.00158 ; 3.72219 ; -2.68022
8.35114 ; 2.39993 ; -3.94347 ; 4.88199
8.44691 ; 7.77233 ; -2.82432 ; -2.69487
7.9231 ; 7.28154 ; -6.94005 ; -6.64663
3.05199 ; 2.24162 ; 0.878852 ; 2.67493
7.84365 ; 7.19935 ; -7.08025 ; -6.87646
4.90227 ; 2.32824 ; -4.83513 ; 3.08099
8.37986 ; 7.78496 ; -2.12319 ; -4.19768
8.46959 ; 7.69455 ; -3.05776 ; -2.23466
8.12629 ; 7.63124 ; -6.85677 ; -2.54462
4.81414 ; 7.8176 ; -4.83575 ; -3.20944
7.95064 ; 7.27818 ; -6.81522 ; -6.72989
8.19229 ; 3.0585 ; -4.61366 ; 7.33507
8.21923 ; 2.57648 ; -5.39748 ; 5.99627
8.32574 ; 2.42912 ; -5.21887 ; 4.18988
8.10209 ; 7.22956 ; -3.14128 ; -6.57312
7.2675 ; 2.78051 ; 4.00006 ; 6.34803
8.39805 ; 7.73338 ; -3.80356 ; -4.22108
4.56601 ; 3.61683 ; 6.95375 ; -2.86148
2.90191 ; 7.41744 ; 4.33181 ; 0.789228
7.95594 ; 7.67481 ; 1.79452 ; -5.61413
3.61777 ; 7.10631 ; 7.07658 ; -7.07531
3.05411 ; 2.25178 ; 0.479709 ; 1.93751
2.96291 ; 2.40025 ; 4.80214 ; 1.97053
8.51104 ; 2.51378 ; -3.84147 ; -0.0389861
4.76715 ; 5.78923 ; 7.01108 ; -6.907
7.74348 ; 2.20398 ; 2.29398 ; 3.38686
3.16813 ; 3.90767 ; -1.3848 ; -4.59951
8.07296 ; 7.40711 ; -6.47505 ; -6.28809
8.53651 ; 2.55918 ; -3.02991 ; -0.437949
8.38752 ; 7.71323 ; -4.52558 ; -3.90907
8.13459 ; 7.47162 ; -6.24623 ; -5.98638
3.3565 ; 2.67533 ; 2.59499 ; 6.79523
3.24897 ; 7.52324 ; 6.28001 ; -5.20382
3.04657 ; 2.42614 ; 3.78003 ; 5.38394
7.33668 ; 7.41076 ; -5.85527 ; 1.63593
7.84038 ; 7.14183 ; -7.01009 ; -7.06863
8.13394 ; 7.43332 ; -6.17935 ; -6.01684
7.6581 ; 2.59531 ; -7.29722 ; -0.530813
8.20809 ; 2.63031 ; -5.15362 ; 6.44185
3.14695 ; 7.82318 ; 0.27577 ; -4.04732
3.36605 ; 7.31291 ; 6.31973 ; -6.71422
5.49165 ; 2.66605 ; 6.49343 ; 5.08504
3.03595 ; 7.14828 ; 5.5928 ; 1.64308
8.3109 ; 7.28265 ; 0.575102 ; 2.1744
8.35615 ; 7.76351 ; -2.0592 ; -4.75364
3.77061 ; 6.88581 ; 7.20003 ; -7.35862
3.77286 ; 3.1829 ; 7.21233 ; 7.30754
8.08416 ; 2.59641 ; -6.5971 ; 5.52465
8.07913 ; 2.58302 ; -6.63247 ; 5.38718
3.02847 ; 2.29023 ; 0.741103 ; 2.44981
3.12522 ; 2.47187 ; 5.55643 ; 4.97044
3.46146 ; 7.27168 ; 6.78021 ; -6.68772
7.4518 ; 3.77144 ; -6.82565 ; -4.69509
8.28785 ; 7.62115 ; -5.50568 ; -4.88058
3.18125 ; 2.31832 ; 3.42184 ; 3.38236
7.76758 ; 7.09011 ; -7.15432 ; -7.12075
8.31615 ; 7.84725 ; -0.634095 ; -2.91003
8.2865 ; 7.75507 ; -3.61592 ; -2.38911
8.23514 ; 2.53451 ; -5.48877 ; 5.60384
3.22011 ; 2.78268 ; -1.40071 ; -1.7204
3.10135 ; 2.51542 ; 4.29696 ; 6.02447
3.35483 ; 7.3162 ; 6.23645 ; -6.73085
3.04752 ; 2.40429 ; 5.13851 ; 3.97803
8.13958 ; 2.82079 ; -5.41838 ; 7.05618
8.32835 ; 2.32734 ; -1.83209 ; 4.56861
2.85101 ; 2.70148 ; 2.53038 ; -0.844684
8.24484 ; 7.85778 ; 0.204732 ; -2.38682
8.26617 ; 7.65452 ; -6.12173 ; -3.42088
8.53893 ; 7.54097 ; -2.59741 ; 0.425216
3.7833 ; 7.81961 ; -1.82006 ; -1.07388
3.00393 ; 2.50909 ; 0.285033 ; 0.0497918
8.5177 ; 3.30309 ; -3.58916 ; -3.49188
7.24672 ; 2.21065 ; 2.72159 ; 1.71916
8.49498 ; 6.70377 ; -2.34083 ; 2.89433
7.29464 ; 3.2223 ; 2.53529 ; -3.52476
3.51306 ; 7.49087 ; 7.17999 ; -4.90856
8.37077 ; 6.50912 ; -0.0212152 ; -0.837469
3.71026 ; 7.52271 ; 7.43114 ; -4.23653
3.5058 ; 6.42245 ; -2.45249 ; -7.08166
