3.51493 ; 5.79215 ; 5.25005 ; 5.52229
3.47919 ; 6.31482 ; 4.92935 ; -7.20693
3.27566 ; 7.22789 ; 4.69553 ; -4.99874
7.11513 ; 6.51309 ; -7.18675 ; -7.09758
5.11136 ; 3.7524 ; 6.58439 ; 6.96991
7.16487 ; 6.41576 ; -7.12627 ; -7.16235
3.77806 ; 3.32609 ; 6.69816 ; 6.72867
4.28592 ; 5.52093 ; 6.70253 ; -6.73584
3.20009 ; 6.98146 ; 1.09906 ; -7.01933
3.46121 ; 2.91431 ; 5.74253 ; 6.35842
3.31565 ; 4.8619 ; 4.18414 ; 6.43512
5.33387 ; 3.6158 ; -5.96738 ; 6.66171
8.40716 ; 7.38674 ; -2.42908 ; 1.39322
7.78004 ; 7.37471 ; 2.68939 ; -5.7069
3.45369 ; 7.72799 ; -2.02531 ; -1.64307
4.42252 ; 2.55936 ; -4.68087 ; 4.30032
8.22782 ; 7.58379 ; -4.81899 ; -1.47672
3.47839 ; 2.63414 ; 6.38776 ; 3.80094
4.08922 ; 4.35321 ; 6.13893 ; 6.36468
7.32058 ; 2.54683 ; 3.97182 ; 4.25887
4.11373 ; 3.51691 ; 7.08653 ; 7.1064
7.38064 ; 3.30226 ; -7.10838 ; 6.88121
3.52394 ; 2.92462 ; 6.0121 ; 6.32893
5.51523 ; 3.2757 ; -6.15778 ; 6.08762
8.1939 ; 2.58557 ; -2.79632 ; 5.01768
3.18989 ; 6.45044 ; 0.347302 ; -7.16973
5.60264 ; 7.07192 ; 6.25068 ; -5.92144
5.14344 ; 6.74585 ; 6.78523 ; -5.82259
6.95675 ; 6.27932 ; -7.12874 ; -7.10978
5.09035 ; 6.45799 ; -5.44544 ; 4.63424
3.28836 ; 2.91139 ; 4.42405 ; 6.38387
4.23714 ; 7.39727 ; 7.09368 ; -4.01103
3.30132 ; 2.72627 ; 4.91548 ; 5.59468
3.55133 ; 3.90704 ; 6.01552 ; -4.79635
8.31496 ; 7.63736 ; -3.13638 ; -2.42299
3.60786 ; 7.10142 ; 6.32938 ; -6.36504
8.27386 ; 7.70142 ; -0.614887 ; -1.37303
8.07591 ; 7.36741 ; -5.03952 ; -5.56118
7.81183 ; 3.08559 ; -6.06116 ; 6.78534
8.30394 ; 4.53733 ; 0.633763 ; -5.65414
7.2949 ; 5.75206 ; -5.90067 ; -6.89478
7.73111 ; 3.03763 ; -5.94637 ; 6.6492
5.78207 ; 5.9338 ; -6.38635 ; -6.77127
7.55018 ; 7.40501 ; -7.17018 ; -4.15503
7.76657 ; 4.1436 ; -5.78745 ; 6.92763
8.04544 ; 7.41707 ; -5.17272 ; -5.09608
4.04274 ; 6.77316 ; 7.11462 ; -6.88171
8.09936 ; 7.25356 ; -4.9839 ; -5.26718
8.36332 ; 7.54652 ; -2.71504 ; -0.59598
4.18224 ; 6.48028 ; 7.08187 ; -7.14309
8.16938 ; 7.52556 ; -4.69499 ; -4.18069
4.18266 ; 6.54006 ; 7.11404 ; -7.10449
7.76376 ; 7.15245 ; -6.60349 ; -6.2151
7.36683 ; 3.38526 ; -7.07538 ; 7.00384
5.69423 ; 6.86473 ; 5.9663 ; 3.763
7.92304 ; 3.64637 ; -4.88021 ; 7.24265
3.7786 ; 6.69341 ; 6.50204 ; -7.15197
7.94188 ; 2.98662 ; -5.41659 ; 6.62686
3.89006 ; 6.75388 ; 6.84204 ; -7.04109
3.32061 ; 2.72582 ; 5.10536 ; 5.55228
6.39548 ; 6.65981 ; 5.61803 ; -6.49854
7.50271 ; 6.88759 ; -7.03549 ; -6.82328
7.83443 ; 3.05923 ; -5.98481 ; 6.73369
3.20202 ; 7.501 ; 0.11627 ; -5.15823
4.45001 ; 3.90903 ; 7.07073 ; 7.06033
7.98303 ; 2.84052 ; 1.07844 ; 6.41248
3.36162 ; 7.41133 ; 5.56473 ; -4.6896
3.53844 ; 7.10351 ; 5.79871 ; -6.50762
8.09206 ; 7.3307 ; -4.78726 ; -5.86325
7.97128 ; 5.22546 ; -5.15 ; 5.97765
3.25394 ; 7.53264 ; -0.547185 ; -4.98426
7.58083 ; 7.71836 ; 3.17502 ; -2.8377
3.63746 ; 7.05707 ; 6.38498 ; -6.51167
8.23795 ; 6.50563 ; 1.24198 ; 4.31868
8.21336 ; 2.64428 ; -4.75647 ; 1.73719
3.99542 ; 3.41275 ; 7.0092 ; 7.07813
3.51802 ; 7.36908 ; 6.38897 ; -4.61672
3.19899 ; 7.47455 ; 4.19894 ; -4.17435
3.72748 ; 7.26109 ; 6.58842 ; -5.45453
3.70017 ; 2.58792 ; 6.91823 ; 3.36298
3.38726 ; 6.20894 ; 5.53243 ; 4.65333
3.64508 ; 3.21218 ; 6.25844 ; 7.01691
8.06368 ; 2.80758 ; -4.83158 ; 5.93777
7.7701 ; 7.05934 ; -6.4598 ; -6.61064
3.62293 ; 2.96917 ; 6.49864 ; 6.32346
3.47638 ; 7.71934 ; -1.71882 ; -2.99262
3.29479 ; 2.95953 ; 4.21776 ; 6.7163
3.15311 ; 2.8345 ; 1.38153 ; 3.18147
3.11076 ; 4.69086 ; 1.74143 ; 6.5508
7.36209 ; 3.42891 ; -7.05108 ; 7.0578
7.81076 ; 3.15842 ; -5.96425 ; 6.95126
7.24069 ; 7.59579 ; -2.14496 ; 0.489059
3.55258 ; 7.35749 ; 6.32965 ; -4.55618
4.37771 ; 6.85558 ; 7.21819 ; -6.50502
5.63857 ; 6.51013 ; -6.2579 ; -6.7496
4.06423 ; 3.46617 ; 7.06728 ; 7.08926
8.38159 ; 2.93131 ; -0.167437 ; -2.73494
8.06802 ; 6.35859 ; -4.0575 ; -7.17663
4.19747 ; 7.42056 ; -4.20955 ; -5.19394
3.75672 ; 2.99122 ; 6.88042 ; 6.25753
7.53995 ; 3.34118 ; -6.78936 ; 7.05922
3.54917 ; 7.02852 ; 5.88813 ; -6.73074
4.45537 ; 7.46956 ; -3.8127 ; -4.33197
3.05577 ; 3.82275 ; 3.21525 ; -4.3155
8.29226 ; 2.63733 ; -4.40614 ; -0.867046
7.61871 ; 6.84658 ; -6.73208 ; -7.0117
3.49576 ; 3.87845 ; -1.34995 ; 6.97254
7.79991 ; 2.59823 ; -6.78519 ; 3.14326
3.63552 ; 2.51286 ; 4.97166 ; -0.159288
3.21132 ; 2.57995 ; 5.28278 ; -0.365871
3.01584 ; 3.68467 ; 2.05809 ; 2.07446
8.04334 ; 2.33901 ; 1.27807 ; 2.53338
3.55818 ; 2.70397 ; 6.5787 ; 4.71636
3.4225 ; 7.47601 ; 5.8361 ; -3.8686
7.2629 ; 2.654 ; 4.08618 ; 5.16785
3.28198 ; 2.61845 ; 5.10944 ; 4.6488
3.76022 ; 6.89218 ; 6.6249 ; -6.8855
7.84806 ; 7.54807 ; -6.73331 ; -2.22349
3.68112 ; 4.7662 ; 5.61158 ; -6.08403
7.97729 ; 2.55739 ; -6.25162 ; 2.45108
3.41626 ; 2.98657 ; 5.19763 ; 6.70023
8.28538 ; 2.39556 ; -0.94333 ; 2.60113
4.61581 ; 2.47357 ; -4.96519 ; -1.05981
7.30139 ; 4.70281 ; 4.0518 ; 6.44776
8.38022 ; 2.55884 ; -0.944648 ; -0.937788
7.95712 ; 4.56902 ; -5.33975 ; -5.7064
3.73919 ; 2.82896 ; 6.8331 ; 5.41793
7.19221 ; 6.53582 ; -7.16503 ; -7.11958
7.93535 ; 6.01106 ; -4.85535 ; -7.09947
8.02998 ; 3.31132 ; -4.29002 ; 7.17074
3.74583 ; 6.87118 ; 6.5581 ; -6.93795
3.815 ; 3.47295 ; 6.48212 ; -4.30002
7.533 ; 3.36712 ; -6.78352 ; 7.08682
7.19828 ; 2.94074 ; -7.28865 ; 5.56758
3.26271 ; 7.33565 ; -0.139324 ; -5.88019
3.76113 ; 7.76324 ; -3.02968 ; -1.81257
7.70736 ; 3.01764 ; -6.63977 ; 6.4154
3.43291 ; 2.96927 ; 5.35235 ; 6.62567
3.62052 ; 3.01786 ; 6.39958 ; 6.55826
4.2332 ; 3.21866 ; 7.248 ; 6.58618
3.33614 ; 7.50141 ; 5.68952 ; -3.37262
4.39129 ; 3.41052 ; 7.19904 ; 6.86109
3.10709 ; 2.4459 ; 1.51091 ; 3.89275
3.41007 ; 3.32953 ; 5.21797 ; -3.90363
3.88641 ; 7.10323 ; 7.08315 ; -5.97752
3.37572 ; 6.02142 ; 5.61647 ; 4.56499
7.81693 ; 2.62768 ; 1.97741 ; 5.50825
7.89217 ; 2.75087 ; -6.25571 ; 5.19203
7.41472 ; 6.29524 ; -6.80239 ; -7.2126
7.06808 ; 6.49637 ; -7.19023 ; -7.08643
8.32862 ; 7.68626 ; -1.19612 ; -1.22302
3.05305 ; 7.37937 ; 3.06925 ; 1.59066
7.142 ; 6.39944 ; -7.13145 ; -7.1585
5.6464 ; 5.68666 ; -6.07319 ; 4.20866
3.65898 ; 3.00098 ; 6.59018 ; 6.42683
3.71237 ; 2.78271 ; 6.92685 ; 5.08391
7.26532 ; 6.42324 ; -7.05131 ; -6.47264
3.13568 ; 7.58876 ; 3.40689 ; -3.29276
4.11032 ; 6.69839 ; 7.14025 ; -6.96229
7.93352 ; 7.50441 ; -6.44077 ; -3.33974
3.92862 ; 3.43388 ; 6.88579 ; 7.1308
8.18961 ; 5.4772 ; -4.03265 ; -6.02633
3.554 ; 6.55096 ; 5.89544 ; 4.31099
3.23513 ; 2.67452 ; 4.27172 ; 5.42834
3.2137 ; 2.72065 ; 3.21956 ; 5.9029
5.90106 ; 3.24514 ; 6.02174 ; 2.80314
6.27733 ; 4.25787 ; -6.57583 ; -5.54482
7.93412 ; 3.06288 ; -5.25003 ; 6.84728
4.52921 ; 4.46854 ; 6.8974 ; 6.76303
5.50145 ; 5.58647 ; -6.12725 ; -6.59902
5.84266 ; 3.05116 ; -6.44124 ; 5.79719
4.05886 ; 3.47571 ; 7.05453 ; 7.10201
3.26266 ; 7.35648 ; 3.96668 ; -5.70994
3.08919 ; 7.48409 ; 0.285995 ; 0.35913
3.664 ; 3.06152 ; 6.51178 ; 6.64507
8.05636 ; 7.69329 ; -0.713694 ; -2.01505
8.25389 ; 7.60433 ; -1.53346 ; -4.27713
7.4086 ; 3.3073 ; -7.06854 ; 6.91315
8.24541 ; 7.40752 ; -0.702213 ; -4.86031
7.44433 ; 3.35675 ; 3.35814 ; -4.02793
7.60074 ; 2.70054 ; -6.94348 ; 4.26912
7.59019 ; 6.41293 ; -6.47276 ; -7.26336
3.24684 ; 7.49402 ; 4.7717 ; -4.16877
3.87166 ; 6.89294 ; 6.93003 ; -6.76473
3.41976 ; 7.39123 ; 5.85983 ; -4.74458
8.38604 ; 4.45087 ; -1.58419 ; -2.979
8.05029 ; 7.51744 ; -5.8399 ; -3.59735
7.68228 ; 2.8669 ; -6.82829 ; 5.65596
7.82432 ; 7.19227 ; -6.41679 ; -6.1103
3.35492 ; 7.18454 ; 4.63822 ; -6.43846
5.71833 ; 3.10658 ; -6.32811 ; 5.98349
3.18334 ; 2.50434 ; 1.49032 ; 4.25486
7.88379 ; 7.29774 ; -6.32449 ; -5.53227
3.3435 ; 7.45455 ; 5.56172 ; -4.22441
8.16528 ; 6.53577 ; -4.67411 ; 4.29331
8.21231 ; 7.64444 ; -0.4779 ; -3.96301
4.16578 ; 6.53562 ; 7.09753 ; -7.11617
3.84151 ; 6.01541 ; 6.33023 ; -7.06441
7.28578 ; 3.37589 ; -7.16018 ; 6.94022
7.35206 ; 6.84893 ; -7.20127 ; -6.78245
4.82829 ; 5.87451 ; 6.92396 ; -6.91279
7.23578 ; 3.61368 ; -7.08139 ; 7.12642
7.95254 ; 5.90171 ; -5.16849 ; 5.36779
3.21102 ; 2.64019 ; 0.0607766 ; 5.69864
7.21932 ; 6.53058 ; -7.14591 ; -7.13636
7.6372 ; 7.13228 ; -6.95553 ; -6.12872
6.95537 ; 3.84798 ; -7.09495 ; 7.06422
7.8235 ; 2.98083 ; -6.1159 ; 6.459
5.1634 ; 3.72972 ; 6.75234 ; 6.83941
8.17357 ; 4.4624 ; 0.937348 ; 6.67348
3.89693 ; 6.67878 ; 6.78619 ; -7.13327
3.08482 ; 7.24375 ; 0.647596 ; 2.20977
3.24381 ; 6.99445 ; 2.58496 ; -7.03579
3.16494 ; 7.56349 ; 4.71474 ; -1.36137
8.06602 ; 6.7184 ; -3.07065 ; -7.27302
8.20013 ; 7.49905 ; -0.036963 ; -5.2156
7.82125 ; 6.91111 ; -6.01269 ; -7.04064
7.5319 ; 3.36833 ; -6.78012 ; 7.09013
7.36787 ; 6.70152 ; -7.10525 ; -7.05988
7.86758 ; 7.25142 ; -6.28273 ; -5.86433
7.47944 ; 6.82983 ; -7.03382 ; -6.93394
3.28453 ; 2.60886 ; -0.792267 ; 5.505
4.1991 ; 6.58486 ; 7.14761 ; -7.05411
3.15878 ; 7.5922 ; 0.95026 ; -4.40621
3.37422 ; 2.67491 ; 5.74099 ; 4.73823
3.39655 ; 7.19634 ; 5.14 ; -6.30399
3.44783 ; 7.39673 ; -1.4837 ; -5.83715
8.04352 ; 2.6785 ; -5.42911 ; 4.9691
3.43184 ; 7.16331 ; 5.47602 ; -6.22593
3.22873 ; 2.70633 ; 0.601982 ; 6.01421
6.71436 ; 2.42891 ; 5.06597 ; -0.949091
8.26086 ; 4.03429 ; -3.91051 ; -4.87692
8.36342 ; 2.52108 ; -3.04211 ; 0.0818906
3.4055 ; 7.49941 ; -0.654347 ; -5.28601
8.38235 ; 2.76814 ; -3.15476 ; -1.50599
8.38678 ; 2.69681 ; -1.31648 ; -0.937121
7.26594 ; 3.47001 ; -7.13108 ; 7.04493
8.01824 ; 2.65175 ; 0.989251 ; 5.70434
7.43394 ; 2.54335 ; 2.94107 ; 4.89376
7.76888 ; 6.91664 ; -6.23725 ; -6.99507
4.44696 ; 6.28639 ; 7.10818 ; -7.09544
7.30801 ; 3.56611 ; -7.05879 ; 6.96992
3.84169 ; 3.28135 ; 6.83261 ; 6.99403
5.09718 ; 2.5041 ; 6.67702 ; -0.691825
6.82902 ; 7.50572 ; 3.68324 ; -4.92101
7.90287 ; 2.96177 ; -5.76254 ; 6.4564
4.25305 ; 2.66119 ; 7.09192 ; -1.70876
7.5701 ; 3.12925 ; -6.91166 ; 6.64195
4.42156 ; 6.23777 ; 7.08853 ; -7.10471
8.22786 ; 4.15631 ; -1.51067 ; 6.53718
3.08739 ; 2.40031 ; 1.65229 ; 2.82637
7.75051 ; 2.42415 ; 1.74413 ; 3.9902
7.61893 ; 3.01596 ; -6.89781 ; 6.28767
5.59889 ; 2.52298 ; -6.07141 ; 2.88289
6.51431 ; 2.43687 ; 5.24798 ; 3.03322
4.41627 ; 2.91087 ; 7.25069 ; 5.27776
7.14849 ; 3.66525 ; -7.1149 ; 7.10823
8.39053 ; 6.1434 ; -1.04007 ; 4.576
8.27162 ; 2.52975 ; -4.43337 ; 0.549779
7.85047 ; 4.96899 ; -5.51504 ; -6.23626
3.23964 ; 2.83546 ; 3.38794 ; 6.40249
3.00691 ; 4.36791 ; 1.17239 ; 2.26717
3.71589 ; 6.91368 ; 6.49659 ; -6.87457
7.60745 ; 2.98947 ; -6.94774 ; 6.14986
3.9421 ; 3.24826 ; 7.04474 ; 6.86156
3.26157 ; 2.74068 ; 4.35603 ; 5.83173
3.29474 ; 2.83357 ; 4.00536 ; 6.32128
4.21417 ; 6.51485 ; 7.12462 ; -7.10687
6.92421 ; 6.16377 ; -7.0932 ; -7.08887
7.63688 ; 7.36854 ; -7.06978 ; -4.61009
3.19671 ; 7.68292 ; 1.1456 ; -2.27613
7.74404 ; 7.74105 ; 2.81703 ; -2.19003
7.3528 ; 3.42963 ; -7.05739 ; 7.05634
4.0485 ; 6.5568 ; 6.97814 ; -7.15789
4.03905 ; 2.54423 ; -3.92698 ; 4.51575
8.11225 ; 2.72136 ; -4.43478 ; 5.64659
7.42549 ; 7.49116 ; 3.66497 ; -4.89664
5.2795 ; 7.49475 ; 6.04679 ; 1.1454
7.91903 ; 4.85447 ; -5.13636 ; -6.13887
4.13267 ; 7.551 ; 6.88977 ; -1.77578
3.2371 ; 2.82125 ; 3.88519 ; 5.77684
6.87407 ; 6.18629 ; -7.09611 ; -7.08022
7.83173 ; 6.99653 ; -6.07229 ; -6.86686
5.22818 ; 4.44317 ; 6.64697 ; 6.69219
3.5828 ; 7.17323 ; 6.36923 ; -5.9239
8.28731 ; 7.58831 ; -2.26991 ; -3.54719
3.33519 ; 7.3002 ; 5.00431 ; -5.62097
5.34561 ; 2.74075 ; -5.95587 ; 4.64235
7.2071 ; 5.95646 ; -6.86493 ; -7.04084
8.23293 ; 2.68922 ; -4.8202 ; -0.847098
3.10257 ; 3.7783 ; 4.2816 ; -0.801291
5.88022 ; 7.3813 ; -6.44026 ; -4.4423
4.32173 ; 6.25646 ; 7.06647 ; -7.13156
4.41258 ; 6.29951 ; 7.10886 ; -7.10555
7.31117 ; 6.67698 ; -7.15044 ; -7.05267
3.6598 ; 2.93601 ; 6.57268 ; 6.19305
7.96747 ; 7.37375 ; 1.4884 ; -5.35061
7.15196 ; 6.45155 ; -7.14863 ; -7.14631
3.97165 ; 3.16861 ; 7.09748 ; 6.67544
4.87115 ; 5.2297 ; -5.43455 ; 6.03833
4.4824 ; 3.82693 ; 7.09568 ; 7.06038
7.78142 ; 2.9501 ; -6.41476 ; 6.21899
8.02181 ; 6.5423 ; -6.03479 ; -2.1679
7.67981 ; 6.79697 ; -4.2723 ; 3.7836
3.88136 ; 6.73649 ; 6.80165 ; -7.0748
3.97639 ; 2.55323 ; 6.93853 ; -0.485159
3.61022 ; 7.13557 ; 6.37221 ; -6.20923
7.29248 ; 3.59027 ; -7.03796 ; 7.13923
3.22146 ; 7.18595 ; 2.55624 ; -6.62473
3.66091 ; 2.67604 ; 6.90695 ; 4.00082
7.79296 ; 3.60786 ; -5.79707 ; 7.16336
7.36637 ; 7.09474 ; -6.6703 ; -6.33103
4.47132 ; 2.95431 ; 7.21228 ; 5.60536
3.42426 ; 5.65222 ; -2.38472 ; -5.01087
7.99527 ; 3.24613 ; -5.0932 ; 6.61907
8.2325 ; 7.64422 ; -2.42374 ; -2.77229
4.87329 ; 4.9731 ; 6.42731 ; 6.31245
3.89336 ; 5.64231 ; 6.24946 ; -6.84605
7.03444 ; 3.16263 ; -6.88788 ; -3.66827
3.10671 ; 2.48015 ; 2.10149 ; 4.17674
5.06119 ; 5.41525 ; -5.6485 ; 5.84238
4.26439 ; 3.66988 ; 7.11264 ; 7.11315
7.24875 ; 3.49538 ; -7.13183 ; 7.05964
7.80679 ; 2.83737 ; -6.5027 ; 5.64303
4.21193 ; 6.39363 ; 7.06246 ; -7.15837
8.21293 ; 6.84716 ; -0.659938 ; -7.14177
6.57954 ; 2.6701 ; -6.87736 ; -1.7653
8.08116 ; 3.2018 ; -3.82109 ; 7.065
8.01007 ; 6.68812 ; -5.56914 ; -5.58197
8.1761 ; 4.61758 ; -2.77356 ; 6.6387
7.56968 ; 3.22675 ; -6.82782 ; 6.8808
3.76674 ; 7.06642 ; 6.83108 ; -6.28781
7.5864 ; 6.80347 ; -6.78078 ; -7.06066
6.39036 ; 2.6686 ; -6.88654 ; 3.6114
8.37791 ; 4.01684 ; -2.52103 ; -4.61598
5.3086 ; 2.71967 ; -5.48007 ; 5.12996
3.49059 ; 5.87258 ; -2.5613 ; -6.764
8.11376 ; 5.54128 ; -4.21085 ; 5.75509
4.0012 ; 6.70463 ; 7.01191 ; -7.03736
7.44759 ; 6.80542 ; -7.06865 ; -6.95322
3.17411 ; 2.35752 ; -0.282468 ; 1.67388
3.40436 ; 6.99 ; 4.77083 ; -6.95305
3.69143 ; 6.97942 ; 6.49307 ; -6.7141
8.12166 ; 2.41372 ; -0.0449446 ; 3.7165
3.56295 ; 7.47744 ; 6.67757 ; -0.34249
3.0212 ; 7.07802 ; 3.43058 ; 2.59676
6.18908 ; 2.76214 ; 5.77442 ; 5.01622
7.53938 ; 6.77194 ; -6.86822 ; -7.07695
7.38849 ; 6.56981 ; -6.99647 ; -7.18628
3.37614 ; 3.00861 ; 4.85459 ; 6.80074
7.02232 ; 3.75308 ; -7.11952 ; 7.08231
4.30684 ; 3.69546 ; 7.11807 ; 7.10423
4.2475 ; 7.09135 ; 6.79904 ; 3.11914
8.33495 ; 7.387 ; 0.152493 ; 1.81893
8.01817 ; 2.96171 ; -5.90263 ; -2.71465
3.19341 ; 2.70262 ; 0.525617 ; 5.99944
3.64026 ; 7.05613 ; 6.40086 ; -6.50546
3.772 ; 2.81267 ; 6.96385 ; 5.36502
3.7435 ; 6.92599 ; 6.60435 ; -6.81679
3.24645 ; 6.08478 ; 4.24533 ; 5.06287
3.20059 ; 6.90523 ; 0.787427 ; -6.25368
8.31536 ; 6.89258 ; 0.66845 ; 3.49423
8.18001 ; 2.50815 ; -5.08973 ; 1.94837
3.45059 ; 7.23842 ; 5.71958 ; -5.92823
7.84857 ; 2.90707 ; -6.18334 ; 6.13442
3.5811 ; 6.32623 ; 5.41034 ; -7.24405
7.71298 ; 7.28442 ; -6.91263 ; -5.2677
7.56179 ; 6.92423 ; -6.95072 ; -6.78724
8.18706 ; 2.54646 ; -4.57948 ; 3.48459
7.59168 ; 7.05913 ; -6.92939 ; -6.42323
7.67722 ; 3.20387 ; -6.53399 ; 6.90651
7.18689 ; 6.57922 ; -7.18664 ; -7.08191
5.63808 ; 2.98596 ; -6.25505 ; 5.61593
5.95852 ; 6.69165 ; 5.76715 ; 4.2276
3.64472 ; 2.69828 ; -1.95077 ; -2.11391
8.21487 ; 7.28453 ; -1.29189 ; -6.39504
8.08509 ; 2.54193 ; -5.63282 ; 2.79109
4.30133 ; 6.44686 ; 7.13686 ; -7.10616
8.07829 ; 6.98235 ; -4.11304 ; -7.03191
8.38421 ; 3.30989 ; -0.297037 ; -3.74701
7.90688 ; 3.04438 ; -5.5645 ; 6.76402
7.63982 ; 4.17612 ; -5.96788 ; 6.99671
8.11705 ; 7.54985 ; -5.70932 ; -1.22472
7.61102 ; 5.55926 ; -6.09308 ; -6.78311
8.15791 ; 7.38594 ; -3.98549 ; -5.65317
3.6132 ; 2.93766 ; 6.49626 ; 6.21957
3.85923 ; 6.89246 ; 6.90147 ; -6.77809
3.77428 ; 3.10552 ; 6.82578 ; 6.66275
5.63322 ; 3.06281 ; -6.24829 ; 5.87535
4.49602 ; 7.39459 ; 7.17735 ; -3.60578
3.59836 ; 2.78314 ; 6.62774 ; 5.32247
7.71129 ; 3.23002 ; -6.34406 ; 7.00882
3.19996 ; 7.40345 ; 3.00586 ; -5.61072
8.07871 ; 2.67844 ; 0.888516 ; 5.83127
8.24891 ; 7.5544 ; -3.08223 ; -4.36116
3.45343 ; 2.87441 ; 5.78328 ; 6.16895
3.58839 ; 6.86312 ; -2.94176 ; 3.71873
3.19302 ; 6.48062 ; 0.0298433 ; -7.13865
4.47691 ; 3.66154 ; 7.12553 ; 6.99803
4.42488 ; 3.30951 ; 7.20292 ; 6.6902
7.45664 ; 6.8843 ; -7.10796 ; -6.78841
7.70269 ; 3.3056 ; -6.33392 ; 7.07783
3.05036 ; 2.41676 ; 2.6314 ; 1.97638
8.18036 ; 4.69845 ; -4.56528 ; 4.86067
8.18843 ; 3.1543 ; -0.992334 ; 7.05066
8.06784 ; 7.55958 ; -5.93374 ; -2.04404
3.5143 ; 7.25793 ; 6.1547 ; -5.65889
7.30899 ; 3.4138 ; -7.12182 ; 7.0071
8.2781 ; 7.61057 ; -3.79217 ; -2.68665
7.80432 ; 3.0456 ; -6.25284 ; 6.49962
6.30286 ; 7.11029 ; 5.09941 ; -6.22795
4.37128 ; 3.0014 ; 6.90675 ; -3.23487
7.96925 ; 7.25361 ; -4.98607 ; -6.18636
4.098 ; 6.8191 ; 7.17855 ; -6.75012
3.11537 ; 7.60091 ; 3.36406 ; -3.13913
3.89353 ; 3.36959 ; 6.95531 ; 6.33864
3.3775 ; 2.84533 ; 5.28617 ; 6.16335
3.26494 ; 3.68207 ; 4.7423 ; -4.56837
4.214 ; 6.48768 ; 7.11013 ; -7.12539
7.58921 ; 6.90408 ; -6.86487 ; -6.86797
3.20296 ; 7.23734 ; 3.22803 ; -5.9557
8.15158 ; 6.57109 ; -5.18265 ; -2.9318
7.11789 ; 6.24487 ; -6.70941 ; 4.91181
3.33188 ; 7.38027 ; 5.88016 ; 0.905662
3.10751 ; 2.42587 ; 2.67909 ; 1.49309
3.78019 ; 7.01622 ; 6.83792 ; -6.42363
8.118 ; 7.51195 ; -5.25625 ; -4.05124
8.10088 ; 2.78125 ; -0.798139 ; 6.27834
8.14476 ; 7.54492 ; -5.2665 ; -3.10136
3.27166 ; 3.04359 ; 3.71648 ; 6.94661
3.90857 ; 3.51877 ; 6.79329 ; 7.18411
7.82903 ; 4.15783 ; -5.1346 ; 7.00839
7.86646 ; 4.3416 ; -5.0212 ; 6.88364
3.42506 ; 3.17472 ; -1.37674 ; 6.93711
3.83063 ; 6.96773 ; 6.90958 ; -6.57002
8.36161 ; 3.35699 ; -3.2297 ; -3.86433
3.14805 ; 2.48767 ; 1.77299 ; 4.3485
8.00151 ; 2.98377 ; -4.92353 ; 6.68168
4.04353 ; 6.73444 ; 7.09141 ; -6.95746
3.67249 ; 3.56312 ; 6.10884 ; 7.22534
8.20163 ; 6.01533 ; 0.656986 ; -6.99538
8.20447 ; 6.00954 ; -4.14457 ; 5.00322
8.08805 ; 6.19525 ; -3.09153 ; -7.14829
3.53265 ; 2.90483 ; 6.18508 ; 6.18555
8.40246 ; 3.30289 ; -0.416805 ; -3.79651
7.83662 ; 2.87182 ; -5.91049 ; 6.02516
4.0381 ; 6.74048 ; 7.08576 ; -6.94795
7.75928 ; 7.149 ; -6.62385 ; -6.21616
3.28791 ; 2.80813 ; 4.45553 ; 6.14434
3.83021 ; 3.15986 ; 6.9096 ; 6.75892
3.14104 ; 7.65235 ; -0.479347 ; -0.210255
6.51699 ; 7.19563 ; -6.89837 ; -5.39751
7.92735 ; 4.22818 ; -6.10455 ; -4.04406
7.90375 ; 7.34537 ; -6.30281 ; -5.21593
3.46605 ; 3.12758 ; 5.35488 ; 6.99676
4.62124 ; 7.69609 ; 1.37086 ; -2.60823
3.55017 ; 3.07572 ; 5.98528 ; 6.81354
7.23874 ; 3.35814 ; -7.19407 ; 6.88363
5.6897 ; 2.6223 ; 6.24432 ; -1.65213
8.01078 ; 7.37199 ; 1.47409 ; -5.93437
4.05895 ; 6.65393 ; 7.05826 ; -7.06518
3.67402 ; 7.0087 ; 6.46756 ; -6.63923
7.76729 ; 6.89184 ; -6.2594 ; -7.03224
3.25106 ; 7.23037 ; 3.77014 ; -6.24775
3.06023 ; 3.07042 ; -0.032624 ; -0.98977
4.8665 ; 2.80385 ; 6.15431 ; 5.5782
8.11342 ; 6.10201 ; 0.100309 ; -6.50017
5.97743 ; 2.51697 ; -3.84221 ; 4.36743
4.14741 ; 6.79119 ; 7.20106 ; -6.76995
3.30003 ; 2.9956 ; 4.08806 ; 6.83264
4.26588 ; 6.36769 ; 7.08458 ; -7.14625
3.88131 ; 3.44757 ; 6.77643 ; 7.16177
3.22331 ; 7.0694 ; 2.32878 ; -6.8746
3.32669 ; 5.29496 ; -2.05591 ; -6.14447
3.27972 ; 6.87693 ; 5.62198 ; 1.04998
6.934 ; 2.53598 ; -7.11638 ; 2.11544
4.50137 ; 6.23867 ; 7.09302 ; -7.08125
7.85676 ; 7.54713 ; -6.73769 ; -2.01999
3.67993 ; 3.07712 ; 6.55635 ; 6.68513
3.84972 ; 3.32401 ; 6.80855 ; 7.05816
7.45628 ; 3.38358 ; -6.93558 ; 7.06225
8.15894 ; 6.46705 ; -4.66603 ; 4.39433
5.84202 ; 3.16624 ; 6.17002 ; 6.20625
3.40382 ; 2.73218 ; 5.81267 ; 5.15491
8.17522 ; 7.57623 ; -5.17574 ; -2.32381
3.27078 ; 3.80105 ; 4.90548 ; -4.54367
3.73183 ; 2.82303 ; 6.95136 ; 5.40227
5.31378 ; 3.16504 ; -5.92142 ; 6.22017
6.63466 ; 5.79043 ; -1.13272 ; 5.44736
3.66917 ; 3.37155 ; 6.22357 ; 7.17431
3.12152 ; 7.31921 ; 4.5791 ; 1.25
3.41067 ; 4.89931 ; -2.08584 ; -5.74566
3.31225 ; 6.97781 ; 5.15037 ; -4.70665
3.98881 ; 3.23825 ; 7.11088 ; 6.80631
7.39545 ; 3.46403 ; -6.98024 ; 7.11
8.3025 ; 3.98584 ; -3.93307 ; -3.90096
7.81025 ; 7.62734 ; 2.36804 ; -4.192
4.82453 ; 7.27487 ; 7.02047 ; -4.56016
7.49121 ; 3.1722 ; -7.03419 ; 6.67071
8.17111 ; 2.57821 ; -4.15298 ; 4.50911
8.23765 ; 2.64836 ; -4.22557 ; 2.54429
7.56858 ; 6.84924 ; -6.86486 ; -6.96908
3.80961 ; 7.17194 ; 5.32818 ; -6.24983
4.43626 ; 3.79457 ; 7.10566 ; 7.07352
8.15652 ; 7.40633 ; -4.27028 ; -5.48739
3.34428 ; 4.91374 ; 4.90182 ; 4.93212
4.03104 ; 3.41495 ; 7.05972 ; 7.05699
7.46432 ; 3.09741 ; -7.12124 ; 6.39678
8.24391 ; 7.48849 ; -2.78131 ; -5.16053
7.66785 ; 3.5463 ; -6.25419 ; 7.21591
7.99084 ; 6.82745 ; 0.583178 ; -6.96819
7.63727 ; 3.2098 ; -6.62607 ; 6.91816
3.60999 ; 7.07791 ; 6.2663 ; -6.47504
8.01968 ; 6.84903 ; -5.07721 ; -6.6187
7.1651 ; 6.49578 ; -7.16122 ; -7.1316
8.03641 ; 3.08387 ; -4.40994 ; 6.95165
7.93878 ; 6.97742 ; -5.41797 ; -6.98562
4.06222 ; 6.53007 ; 6.97976 ; -7.16758
4.23411 ; 7.70931 ; -4.33038 ; -0.333646
3.42913 ; 3.9764 ; 4.67431 ; 7.11381
7.03859 ; 2.79455 ; 4.51024 ; -2.22286
8.20936 ; 7.58593 ; -4.91739 ; -2.04991
5.50966 ; 5.57828 ; -6.1309 ; -6.52674
7.52884 ; 7.41483 ; 3.49952 ; -5.32089
5.33306 ; 7.30962 ; 6.64541 ; -3.95734
7.56859 ; 6.18344 ; -6.31145 ; -7.17257
3.37039 ; 5.01875 ; 5.08101 ; -5.85555
7.9136 ; 2.70788 ; -6.15577 ; 4.91801
8.05785 ; 4.51462 ; -5.18768 ; -5.37972
8.07186 ; 7.62422 ; -3.58739 ; -2.42628
3.14164 ; 2.45504 ; 1.29838 ; 4.0586
8.11761 ; 7.59486 ; -3.53031 ; -3.65115
3.98461 ; 3.36714 ; 7.02735 ; 7.02921
8.24435 ; 7.67516 ; -1.59944 ; -2.822
7.66471 ; 2.62687 ; -6.74819 ; 3.5352
3.30851 ; 2.69664 ; 4.26434 ; 5.2849
3.16832 ; 2.68985 ; 2.7965 ; 5.79059
7.50336 ; 3.08809 ; -7.07084 ; 6.41058
7.98737 ; 7.51179 ; 1.46614 ; -5.16769
8.22907 ; 2.54073 ; -0.878108 ; 4.85128
8.27304 ; 7.61032 ; -3.38736 ; -3.4679
3.43224 ; 2.84003 ; 5.27671 ; 6.1277
8.23538 ; 6.72222 ; -2.25504 ; -6.87424
6.23674 ; 3.00799 ; -6.75328 ; 5.62016
3.31049 ; 7.57901 ; -0.681 ; -4.62216
3.23071 ; 7.53056 ; 3.97059 ; -3.67808
4.34546 ; 6.4455 ; 7.14864 ; -7.08698
8.27171 ; 2.54322 ; -2.72812 ; 3.6676
8.16692 ; 2.61408 ; -4.19516 ; 4.87742
3.71135 ; 7.10333 ; 6.73209 ; -6.17289
3.76199 ; 2.37124 ; -3.28775 ; 2.00778
7.33753 ; 7.22853 ; -6.81109 ; -5.62755
3.02494 ; 5.86086 ; 0.526083 ; 5.12648
8.24216 ; 7.21852 ; -1.8056 ; -6.21277
8.39008 ; 6.60186 ; -2.48067 ; 1.07131
3.4824 ; 2.96243 ; 5.78723 ; 6.50151
3.21135 ; 7.46767 ; 3.90452 ; -4.87656
3.72677 ; 6.13386 ; 5.90179 ; -7.16507
7.66104 ; 6.2627 ; -6.06705 ; -7.2329
4.1853 ; 6.55572 ; 7.12334 ; -7.09006
4.27344 ; 6.50149 ; 7.14869 ; -7.08657
7.33056 ; 3.33087 ; -7.14433 ; 6.89709
7.47748 ; 3.37596 ; -6.90176 ; 7.06362
3.73999 ; 3.38652 ; 6.45678 ; 7.16571
3.68434 ; 2.66663 ; 6.9325 ; 3.89508
6.75261 ; 6.99042 ; -7.14778 ; -6.06053
6.85221 ; 2.58803 ; -6.96986 ; -1.15995
3.36569 ; 2.62659 ; -1.42276 ; 5.54351
3.47367 ; 7.39608 ; 5.82759 ; -4.78951
6.90053 ; 3.88616 ; -7.08319 ; 7.04607
8.20118 ; 7.52025 ; -0.864502 ; -5.16486
3.42248 ; 4.31746 ; -2.64482 ; -5.43902
3.02273 ; 5.53099 ; 0.935924 ; 5.70628
3.26926 ; 2.61657 ; 4.98591 ; 4.645
3.64791 ; 6.67532 ; 5.97206 ; -7.22452
7.41471 ; 7.20584 ; -7.19165 ; -5.59813
3.63103 ; 3.00977 ; 6.44906 ; 6.5137
7.44821 ; 4.09928 ; -6.55359 ; 7.03351
7.65504 ; 3.88432 ; -6.19129 ; 7.10487
4.2253 ; 6.59731 ; 7.16672 ; -7.02665
7.46672 ; 3.24296 ; -7.02199 ; 6.83575
3.49482 ; 2.33588 ; -2.21075 ; 0.672632
7.05226 ; 6.99516 ; -7.28034 ; -6.1762
3.932 ; 7.22672 ; -3.44176 ; -6.18142
3.70956 ; 2.88351 ; 6.85721 ; 5.80393
3.46694 ; 5.49545 ; 4.97284 ; -6.63318
3.19924 ; 2.51607 ; 4.74374 ; 3.31676
6.21091 ; 2.34348 ; 0.827892 ; 2.22364
8.29163 ; 7.62107 ; -3.99629 ; -1.66638
6.7685 ; 3.73558 ; 5.15642 ; 6.65476
3.13343 ; 2.56405 ; 2.11038 ; 5.0491
3.88006 ; 3.66843 ; 6.5657 ; 7.2122
7.07287 ; 6.41598 ; -7.1624 ; -7.12747
8.0955 ; 3.23314 ; -4.04891 ; 6.80943
7.36085 ; 3.42137 ; -7.04799 ; 7.05192
3.91884 ; 6.89756 ; 7.02628 ; -6.69086
3.16742 ; 2.70708 ; 2.03141 ; 5.96848
7.40691 ; 3.35783 ; -7.0371 ; 6.99509
3.38407 ; 3.10747 ; -1.28711 ; 6.88204
3.23752 ; 7.33309 ; 3.32267 ; -5.96311
3.25019 ; 7.48358 ; 4.61553 ; -4.40331
7.94527 ; 4.02869 ; -4.61998 ; 7.08084
7.29745 ; 2.44985 ; 4.02647 ; 3.80559
8.02154 ; 7.35452 ; -5.53975 ; -5.49747
3.55207 ; 3.86234 ; -1.19451 ; 7.0461
6.92694 ; 3.81325 ; -7.1048 ; 7.05655
5.45633 ; 7.57588 ; -5.56951 ; 1.04828
4.37867 ; 3.73333 ; 7.12041 ; 7.08635
4.57966 ; 3.93536 ; 7.05539 ; 7.02412
7.63227 ; 6.7825 ; -6.63464 ; -7.11732
3.59961 ; 3.03292 ; 6.28188 ; 6.63693
7.41465 ; 3.15941 ; -7.1225 ; 6.59824
3.04354 ; 5.50703 ; 0.566715 ; 5.74386
7.12661 ; 7.24204 ; -7.3084 ; -5.10638
3.21833 ; 7.50475 ; 4.44297 ; -4.2026
8.00782 ; 7.38358 ; -5.77706 ; -5.12573
8.17017 ; 2.51572 ; -4.50781 ; 3.19224
3.55115 ; 7.35859 ; 6.49787 ; -4.52535
3.15034 ; 5.71131 ; -0.452216 ; -6.5101
3.70008 ; 3.06022 ; 6.64466 ; 6.60856
7.44059 ; 6.84607 ; -7.10594 ; -6.86437
8.42416 ; 3.05876 ; -1.4128 ; -2.9388
4.17995 ; 3.48256 ; 7.15086 ; 7.04534
3.90466 ; 5.98116 ; 6.4032 ; -7.06959
3.61822 ; 7.52669 ; 5.57987 ; -3.39333
7.12761 ; 2.53608 ; 4.04287 ; 2.21007
3.26779 ; 2.49552 ; 5.53773 ; 1.70014
3.79171 ; 6.94075 ; 6.77379 ; -6.71886
7.62066 ; 6.18218 ; -6.23232 ; 5.0084
3.81091 ; 3.10995 ; 6.91173 ; 6.62766
3.59947 ; 7.22953 ; 6.30402 ; -5.77206
2.97847 ; 3.24265 ; 2.01806 ; -2.0883
8.27446 ; 7.45276 ; -4.59191 ; 0.945428
7.09044 ; 3.63898 ; -7.14628 ; 7.07784
7.42518 ; 3.32188 ; -7.03438 ; 6.95026
7.00454 ; 6.30354 ; -7.13395 ; -7.1242
7.72497 ; 7.07722 ; -6.65426 ; -6.48252
3.06234 ; 4.86276 ; 0.562337 ; 6.20907
3.20144 ; 3.06803 ; 4.95213 ; -2.66464
3.28066 ; 3.10456 ; 1.25302 ; 6.66027
8.17452 ; 2.84201 ; -5.28735 ; -1.88797
8.01066 ; 7.41964 ; -5.86167 ; -4.71932
7.34777 ; 3.51047 ; -7.02188 ; 7.11852
4.39115 ; 6.3524 ; 7.1241 ; -7.10376
5.00295 ; 7.69006 ; 3.61034 ; -1.84415
7.77544 ; 7.16879 ; -6.58422 ; -6.12938
7.68683 ; 7.21778 ; -6.7291 ; -5.84458
7.47149 ; 4.03462 ; 3.91849 ; 6.76493
7.76272 ; 7.68852 ; 2.47012 ; -3.45464
4.13167 ; 5.82045 ; -3.76911 ; -6.78342
3.2579 ; 5.69515 ; 4.18836 ; 5.57808
7.76377 ; 7.45767 ; 2.0759 ; -5.46611
7.39352 ; 3.0866 ; -7.1726 ; 6.35015
4.29254 ; 2.71792 ; -4.49045 ; 5.2651
8.21025 ; 2.35735 ; 0.311069 ; 2.19359
4.45104 ; 6.23841 ; 7.09276 ; -7.09633
7.62901 ; 4.54134 ; -6.27131 ; 6.57177
7.34181 ; 7.44054 ; -7.09777 ; 1.33479
8.1295 ; 7.43475 ; -4.77094 ; -5.12702
4.1862 ; 3.56005 ; 7.1199 ; 7.1005
7.67256 ; 3.07383 ; -6.67755 ; 6.5591
5.5094 ; 2.54734 ; 6.47214 ; 2.96245
8.08525 ; 2.7242 ; -4.79459 ; 5.56998
3.30688 ; 2.58786 ; 5.27581 ; 4.16831
5.13327 ; 6.98674 ; 6.71405 ; -6.09263
2.99696 ; 6.9543 ; 0.35882 ; 2.9139
3.0733 ; 3.72835 ; -0.512925 ; -4.65515
4.33134 ; 6.17378 ; 7.03786 ; -7.11455
3.53324 ; 7.72577 ; -2.11164 ; -0.990034
3.62734 ; 7.33284 ; 6.75056 ; -4.48234
3.99305 ; 3.53615 ; 6.9285 ; 7.16662
3.07228 ; 2.55827 ; -0.0976815 ; -1.12104
3.13311 ; 5.02601 ; 2.58972 ; 6.26341
7.67834 ; 2.98592 ; -6.70844 ; 6.27492
3.12074 ; 4.5134 ; 2.8989 ; -5.68537
3.03887 ; 4.8515 ; 2.73417 ; 4.41502
7.34833 ; 6.70868 ; -7.13162 ; -7.03654
8.26081 ; 6.18113 ; -4.14778 ; 4.19562
7.76014 ; 7.51296 ; -6.94072 ; -2.64604
3.2766 ; 2.86027 ; 4.17304 ; 6.41206
7.57552 ; 3.60314 ; -6.49079 ; 7.21816
3.72119 ; 3.00974 ; 6.61943 ; -2.9002
3.49123 ; 7.37058 ; 6.21384 ; -4.77951
4.44588 ; 2.50722 ; -0.650374 ; -0.377419
3.11115 ; 2.43639 ; 0.0468941 ; 1.39115
7.91346 ; 2.98044 ; -5.63399 ; 6.57209
7.88509 ; 7.10796 ; -5.96104 ; -6.56616
7.56849 ; 2.46374 ; -0.188801 ; 4.22854
3.4474 ; 3.14139 ; 5.12642 ; 7.03583
6.89993 ; 6.64483 ; 4.76022 ; -6.84504
5.07077 ; 3.00383 ; 6.85059 ; 5.64013
3.06594 ; 7.62776 ; 2.8171 ; -2.11943
7.45305 ; 3.16371 ; -7.09494 ; 6.62325
3.23228 ; 7.40183 ; 3.95857 ; -5.40693
4.30501 ; 6.78652 ; 7.2306 ; -6.61723
3.87222 ; 7.02659 ; 7.03584 ; -6.30626
7.46752 ; 6.32989 ; -6.66689 ; -7.22925
5.2881 ; 3.132 ; -5.92896 ; 5.97338
7.46024 ; 3.45214 ; -6.8712 ; 7.13152
4.35905 ; 6.34005 ; 7.11244 ; -7.11831
7.24898 ; 3.60224 ; -7.07554 ; 7.12658
3.25656 ; 3.41268 ; 2.65377 ; -4.03393
4.19879 ; 4.48887 ; -4.51357 ; 6.45068
7.97008 ; 3.39392 ; -5.82135 ; -3.96712
7.67894 ; 6.97588 ; -6.69804 ; -6.74657
3.92628 ; 6.87102 ; 7.01641 ; -6.76697
5.90574 ; 2.51032 ; -6.40515 ; 2.60376
6.42838 ; 7.44817 ; -6.928 ; -3.17437
4.06715 ; 6.6778 ; 7.08357 ; -7.02914
4.35394 ; 6.32408 ; 7.10422 ; -7.12299
3.57066 ; 6.91488 ; 5.7954 ; -6.99588
3.6385 ; 3.11721 ; 6.33336 ; 6.83929
7.8634 ; 2.61053 ; -6.00887 ; 4.08685
8.29253 ; 7.52537 ; -3.07916 ; -3.2886
3.40397 ; 2.53027 ; 6.22123 ; 2.17683
5.92977 ; 4.61044 ; 5.99525 ; -3.8881
4.566 ; 3.32721 ; 7.14844 ; 6.6609
3.42503 ; 3.6357 ; 5.56493 ; -4.48466
4.02271 ; 3.378 ; 7.0717 ; 7.01916
7.70607 ; 2.92428 ; -6.7559 ; 5.95521
8.25626 ; 2.50105 ; -2.86265 ; 4.09917
7.96485 ; 2.80051 ; -5.70391 ; 5.70393
7.80001 ; 7.31701 ; -6.69228 ; -5.21434
3.62926 ; 3.42218 ; 6.0318 ; 7.20308
3.59091 ; 6.80711 ; -3.13791 ; 3.82485
6.96342 ; 2.87409 ; 4.69542 ; 5.85402
7.53343 ; 7.13741 ; -7.14847 ; -5.93019
3.1761 ; 7.47485 ; 1.5799 ; -5.33974
8.27471 ; 6.88423 ; -4.28547 ; 3.23292
7.27666 ; 3.46978 ; -7.12009 ; 7.052
3.77802 ; 6.0648 ; 6.06525 ; -7.12593
7.62414 ; 6.57516 ; -6.48613 ; -7.25907
7.96123 ; 2.58922 ; -6.21418 ; 3.33576
4.27401 ; 3.40378 ; 7.17189 ; 4.24505
8.11869 ; 2.64137 ; -5.01157 ; 4.10689
7.63031 ; 3.20148 ; -6.67451 ; 6.88954
8.05391 ; 7.2794 ; -5.24109 ; -5.67258
7.39644 ; 3.28881 ; -6.53003 ; -3.9289
4.04628 ; 6.7223 ; 7.08743 ; -6.97665
3.50258 ; 2.78921 ; 6.22471 ; 5.55638
8.15231 ; 2.60954 ; -1.96773 ; 5.26407
4.46318 ; 3.53765 ; 7.16526 ; 6.96058
7.32779 ; 2.7133 ; -7.30182 ; 4.08935
5.9023 ; 7.12413 ; -6.52092 ; -5.49821
8.26974 ; 3.41135 ; -4.49823 ; -2.75978
5.20996 ; 2.4578 ; 6.65926 ; 1.65699
7.95534 ; 2.68129 ; -6.1277 ; 4.24457
7.07342 ; 5.21122 ; -6.8578 ; 6.09382
8.40697 ; 6.53375 ; -1.54076 ; 4.26396
8.08003 ; 2.88624 ; -4.32758 ; 6.4273
8.32118 ; 4.91684 ; -1.01855 ; 5.86205
5.83836 ; 7.14846 ; 6.10272 ; -5.63123
4.42489 ; 6.26963 ; 7.0996 ; -7.10419
8.09161 ; 2.51264 ; -5.07684 ; 3.01296
4.29269 ; 6.86963 ; 7.24161 ; -6.14789
3.72706 ; 3.19587 ; 6.58998 ; 6.93505
7.82472 ; 7.52694 ; -6.80431 ; -2.68245
3.79834 ; 6.99833 ; 6.86333 ; -6.48921
7.8519 ; 5.87498 ; -5.27588 ; -6.73592
8.05738 ; 7.63148 ; 1.10551 ; -4.2572
3.71651 ; 3.29941 ; 6.47024 ; 7.07839
3.42107 ; 2.52644 ; 6.28912 ; 2.23037
4.08574 ; 3.13423 ; 7.22821 ; 6.46144
5.44116 ; 4.71569 ; -6.03647 ; 6.44334
2.97037 ; 7.25191 ; 2.14242 ; 2.02627
3.81609 ; 3.20676 ; 6.82792 ; 6.88502
7.09319 ; 3.62186 ; -7.15112 ; 7.07093
6.13225 ; 7.67325 ; -2.59296 ; -0.0559739
8.00809 ; 7.39232 ; -5.7644 ; -5.11121
3.8452 ; 6.79574 ; 6.76648 ; -7.00843
7.05893 ; 6.33849 ; -7.13688 ; -7.13951
3.04512 ; 7.51714 ; 0.214255 ; 0.998413
3.33277 ; 2.90193 ; 4.33755 ; 6.53592
8.04098 ; 3.02628 ; -5.74027 ; -2.99291
7.37405 ; 2.73648 ; -7.21109 ; 4.48308
4.50862 ; 7.6057 ; 5.06707 ; -2.88262
3.44819 ; 7.1017 ; 5.38965 ; -6.5748
7.98271 ; 2.60226 ; -6.1262 ; 3.41249
3.73084 ; 7.26359 ; -3.13854 ; -6.00346
3.31858 ; 2.7825 ; -1.22718 ; 6.18954
7.90451 ; 2.92172 ; -5.79267 ; 6.32327
5.64744 ; 2.7111 ; -5.65778 ; -1.03339
6.88705 ; 3.0866 ; 4.89292 ; -3.59346
3.69788 ; 4.04175 ; 5.91461 ; 7.08379
3.2513 ; 7.47785 ; 4.65105 ; -4.45962
3.32462 ; 7.4401 ; 5.20346 ; -4.60323
8.18646 ; 2.94236 ; -3.37893 ; 5.95339
5.41666 ; 6.6313 ; -6.08016 ; -6.5458
7.99738 ; 2.40645 ; -1.94437 ; 1.53386
3.92638 ; 6.78239 ; 6.94497 ; -6.9649
2.96654 ; 6.6679 ; 1.67329 ; 4.0103
7.44662 ; 2.51993 ; -6.88777 ; 0.394255
7.5807 ; 3.06316 ; -6.94774 ; 6.40947
7.93956 ; 2.52831 ; -6.38116 ; 1.42392
8.16851 ; 2.69901 ; -3.57948 ; 5.66277
3.29209 ; 2.63763 ; 5.30026 ; 4.19636
8.19257 ; 2.60525 ; -3.62314 ; 4.97566
3.19436 ; 7.58376 ; 0.179516 ; -4.59911
3.97019 ; 7.4417 ; 6.95404 ; -3.69955
3.65352 ; 6.98264 ; 6.33516 ; -6.75421
8.20969 ; 7.28308 ; -1.60423 ; -6.37205
6.28185 ; 4.00613 ; -6.77157 ; 6.85855
3.27485 ; 3.62766 ; 2.42625 ; 7.16104
8.26561 ; 7.59869 ; -4.50056 ; -1.13475
3.78817 ; 7.09435 ; 6.93136 ; -6.02977
7.93614 ; 7.10827 ; -5.64416 ; -6.6403
3.27902 ; 2.81531 ; 5.17302 ; 3.73627
3.62193 ; 2.42987 ; 2.83065 ; 2.78062
7.84795 ; 2.68458 ; -6.56305 ; 4.3619
3.75352 ; 6.95287 ; 6.62646 ; -6.73976
3.70787 ; 3.09572 ; 6.64412 ; 6.70422
7.7469 ; 2.66276 ; -6.86372 ; 3.8785
4.20203 ; 3.03534 ; -4.37286 ; -3.24864
3.1835 ; 7.45612 ; 2.96689 ; -5.23503
8.01825 ; 2.56206 ; -6.01411 ; 1.43928
7.82591 ; 7.07772 ; -6.22405 ; -6.61286
6.68488 ; 7.71123 ; 4.63599 ; -0.73073
3.37617 ; 2.58094 ; 5.9603 ; 3.57371
4.2316 ; 3.46984 ; 7.16989 ; 7.01227
3.68536 ; 6.9534 ; 6.38591 ; -6.81269
3.872 ; 3.62428 ; 6.61311 ; 7.18735
7.78839 ; 7.73568 ; 2.04203 ; -2.23717
7.70687 ; 6.72894 ; -6.32706 ; -7.20802
3.02216 ; 2.42628 ; 2.01254 ; 1.2225
4.19984 ; 6.51617 ; 7.11477 ; -7.11355
8.01391 ; 7.23692 ; -5.32779 ; -6.21759
7.82045 ; 7.00973 ; -6.14349 ; -6.82149
8.14006 ; 4.73581 ; -1.53328 ; 6.52861
8.02606 ; 2.60853 ; -5.80869 ; 3.93145
4.67552 ; 7.50354 ; 6.9449 ; 1.02588
7.59266 ; 3.27867 ; -6.70698 ; 7.00586
7.69158 ; 3.19 ; -6.45784 ; 6.92195
3.11679 ; 2.88196 ; 2.71057 ; 4.71551
8.14392 ; 7.36031 ; -4.24511 ; -5.77333
4.02143 ; 6.49803 ; 6.89797 ; -7.19534
3.89204 ; 6.81098 ; 6.89608 ; -6.94072
7.82424 ; 2.97085 ; -6.20573 ; 6.39832
3.28662 ; 7.50146 ; 5.63824 ; -1.3447
3.89734 ; 6.78513 ; 6.88565 ; -6.98526
3.69197 ; 6.96984 ; 6.49461 ; -6.72388
3.89802 ; 2.48577 ; -3.64922 ; 4.11933
3.93877 ; 6.86253 ; 7.03339 ; -6.77039
7.1045 ; 2.57647 ; -7.10174 ; -0.717162
3.88999 ; 4.34852 ; 6.26533 ; 6.84982
3.52293 ; 2.6307 ; 6.55094 ; 2.42764
3.52099 ; 2.94294 ; 6.0535 ; 6.39198
7.73543 ; 3.04699 ; -6.49354 ; 6.57026
3.65551 ; 2.93182 ; 6.65545 ; 6.11128
7.63278 ; 3.06172 ; -6.80825 ; 6.49547
8.13339 ; 7.49774 ; -5.29083 ; -3.34279
3.72892 ; 3.19804 ; 6.58589 ; 6.94024
4.1319 ; 2.90683 ; 7.07961 ; -2.35345
4.82162 ; 3.79723 ; 6.84044 ; 6.99454
3.09223 ; 5.51736 ; 3.38395 ; -3.34386
3.06901 ; 2.3923 ; 1.50793 ; 2.12901
6.63946 ; 6.60197 ; 5.09185 ; 4.38715
3.99648 ; 6.74751 ; 7.03624 ; -6.97141
3.20197 ; 2.99617 ; 4.58367 ; -2.81717
3.49578 ; 2.90158 ; 5.97428 ; 6.24258
4.36552 ; 2.67198 ; 7.25098 ; 3.86271
3.36567 ; 2.72103 ; -1.35027 ; -2.15955
3.63976 ; 7.00181 ; 6.31249 ; -6.69857
3.41211 ; 5.73013 ; 5.12034 ; 5.50224
4.06664 ; 6.25248 ; 6.82751 ; -7.18129
4.61314 ; 6.0841 ; 7.03661 ; -7.03071
8.03449 ; 2.72981 ; -5.34006 ; 5.40312
3.35999 ; 3.51181 ; -2.0398 ; -1.48468
3.62634 ; 3.1882 ; 6.17262 ; 6.99853
8.2257 ; 2.57237 ; -2.48723 ; 4.98895
3.13445 ; 2.52057 ; 1.62897 ; 4.74982
8.24731 ; 2.46131 ; -3.48542 ; 2.86875
3.28223 ; 7.11764 ; 3.65942 ; -6.75347
3.50498 ; 7.64608 ; -1.5497 ; -4.03321
3.6043 ; 2.87938 ; 6.53345 ; 5.90145
8.24902 ; 7.5233 ; -4.70247 ; -0.887655
7.92301 ; 7.35427 ; -6.21713 ; -5.20319
7.63467 ; 2.99593 ; -6.41309 ; 6.39634
3.12525 ; 2.65811 ; 4.61459 ; -0.785939
3.26234 ; 7.61945 ; 0.0752691 ; -4.22424
7.31624 ; 5.59057 ; -6.58806 ; -6.80721
8.22938 ; 7.57759 ; -4.09053 ; -3.66513
3.78583 ; 2.73367 ; 7.02343 ; 4.77641
7.82766 ; 3.82531 ; -5.41237 ; 7.17483
3.85491 ; 6.92973 ; 6.92693 ; -6.67251
8.02579 ; 7.53489 ; -6.14292 ; -1.98853
6.98424 ; 7.14124 ; 2.37597 ; 3.02211
5.23151 ; 3.1792 ; 6.73127 ; 6.13228
7.98575 ; 2.55997 ; -6.18551 ; 2.77311
3.97229 ; 3.40062 ; 6.98508 ; 7.0772
3.84547 ; 3.41978 ; 6.71449 ; 7.15689
7.28229 ; 6.52557 ; -7.09406 ; -7.16663
7.66746 ; 5.57907 ; -6.15434 ; 5.72626
7.44617 ; 6.70241 ; -6.98887 ; -7.10854
6.82754 ; 3.91532 ; -7.06578 ; 7.0235
3.18055 ; 2.67674 ; 0.783021 ; 5.87876
8.14222 ; 2.83685 ; -3.44237 ; 6.36678
3.36074 ; 7.38873 ; 5.44027 ; -5.00277
3.10328 ; 2.35526 ; 0.361935 ; 1.8441
7.85769 ; 7.3426 ; -6.50981 ; -5.13309
7.41469 ; 7.22024 ; -7.28287 ; -5.35494
3.26495 ; 7.64075 ; -0.822054 ; -3.69526
5.68648 ; 5.44788 ; -6.20382 ; 5.88724
3.72513 ; 7.22704 ; 6.84524 ; -2.79358
6.74256 ; 6.11578 ; -7.04848 ; -7.03448
4.90827 ; 7.31176 ; 6.97091 ; -4.11776
3.57252 ; 3.48431 ; 5.68177 ; 7.24809
3.18588 ; 7.44637 ; 1.36974 ; -5.56087
3.16513 ; 2.62647 ; 2.71714 ; 5.35027
7.8483 ; 6.91859 ; -5.91973 ; -7.01688
4.01792 ; 6.87132 ; 7.06326 ; -6.72607
7.67431 ; 6.85171 ; -6.56609 ; -7.04186
4.0084 ; 6.62364 ; 6.96482 ; -7.12626
7.73646 ; 4.90605 ; -5.7613 ; -6.2252
8.15484 ; 7.3788 ; -0.499056 ; -6.00801
4.25825 ; 2.41233 ; -4.34182 ; -0.324285
8.22183 ; 6.99948 ; -1.03863 ; -6.78568
3.63506 ; 6.59408 ; -3.01345 ; -6.96355
8.11953 ; 7.49281 ; -5.22034 ; -4.15874
8.10261 ; 2.87914 ; -4.00588 ; 6.45528
8.24436 ; 2.49585 ; -4.5282 ; 1.28064
3.25132 ; 2.73356 ; 5.37763 ; -1.72051
7.95679 ; 2.88813 ; -5.52418 ; 6.25079
8.16448 ; 7.50284 ; -4.57185 ; -4.43467
7.22909 ; 6.61688 ; -7.1811 ; -7.0669
3.13988 ; 2.50912 ; 2.47449 ; 4.40951
7.13562 ; 6.51171 ; -7.17968 ; -7.10844
4.41876 ; 2.63634 ; -4.31485 ; 4.6275
8.16754 ; 7.36519 ; -3.82734 ; -5.8149
8.16382 ; 7.47108 ; -4.80248 ; -3.92743
7.44061 ; 7.37678 ; -7.30246 ; -4.16396
4.33057 ; 7.49665 ; -4.26791 ; -4.81799
7.26912 ; 6.60519 ; -7.14754 ; -7.10343
7.73093 ; 3.79201 ; -5.92201 ; 7.1622
7.67948 ; 3.17611 ; -6.54701 ; 6.86438
7.80386 ; 2.84811 ; -6.50488 ; 5.68332
7.78796 ; 6.57224 ; -4.61577 ; -7.02185
7.6675 ; 3.41531 ; 3.2447 ; 6.85892
8.01769 ; 7.31127 ; -5.45276 ; -5.80606
5.26138 ; 3.33068 ; 6.54017 ; -2.33526
3.33509 ; 7.49636 ; 5.91327 ; -0.482214
8.13539 ; 7.1134 ; 0.67059 ; -6.7476
4.32542 ; 6.39878 ; 7.12459 ; -7.11668
3.10208 ; 2.44553 ; 2.03593 ; 3.65115
3.44313 ; 2.5973 ; 6.27245 ; 3.6085
8.12689 ; 2.50988 ; -5.5207 ; 1.37075
5.46826 ; 5.09853 ; 6.44348 ; -6.31812
7.97288 ; 2.54267 ; 1.31445 ; 5.05899
3.02965 ; 3.44772 ; -0.199015 ; -3.97139
7.42546 ; 6.7783 ; -7.08213 ; -6.9851
8.23352 ; 2.51538 ; -4.78402 ; 0.907851
7.93496 ; 7.32232 ; -6.04992 ; -5.52705
7.50997 ; 6.87298 ; -7.01166 ; -6.86738
3.616 ; 3.35485 ; 4.05553 ; 7.18292
3.87697 ; 7.00286 ; 7.02806 ; -6.39371
3.42457 ; 2.96454 ; 5.3797 ; 6.59661
6.75115 ; 7.57435 ; -6.33145 ; 0.524759
7.13937 ; 6.43496 ; -7.14787 ; -7.14749
7.51601 ; 6.83163 ; -6.97211 ; -6.86257
6.92838 ; 2.54223 ; -7.15342 ; 0.702565
7.69273 ; 3.2745 ; -6.36843 ; 7.06453
3.17453 ; 7.41845 ; 1.75324 ; -5.68698
3.99802 ; 6.64149 ; 6.95939 ; -7.1152
6.141 ; 3.17456 ; 5.8878 ; 6.11258
3.59523 ; 7.31259 ; 6.72505 ; 0.609098
8.36841 ; 7.50009 ; -0.811066 ; 1.07817
8.15023 ; 7.28814 ; -3.7445 ; -6.24361
4.49062 ; 6.14995 ; 7.06636 ; -7.07486
4.49409 ; 3.91365 ; 7.07068 ; 7.04902
7.42445 ; 3.14887 ; -7.13828 ; 6.55465
7.41588 ; 3.12174 ; -7.15253 ; 6.47163
3.10258 ; 2.53521 ; 2.33229 ; 4.15679
3.68086 ; 2.96891 ; 6.69792 ; 6.2727
4.13948 ; 6.60291 ; 7.11262 ; -7.0712
6.76924 ; 3.30194 ; -6.80227 ; -4.01147
7.73728 ; 7.13309 ; -6.68754 ; -6.24743
3.52343 ; 2.65656 ; 4.99118 ; 5.02918
7.05214 ; 6.37804 ; -7.15309 ; -7.13044
8.25274 ; 7.55625 ; -2.20465 ; -4.67702
7.92491 ; 7.51616 ; -5.22166 ; -4.09836
7.68627 ; 3.0949 ; -6.62079 ; 6.65662
3.08004 ; 2.61064 ; -0.172501 ; -0.636453
3.53104 ; 3.11787 ; 5.78088 ; 6.93166
3.97847 ; 6.64311 ; 6.92343 ; -7.12516
3.56138 ; 2.80209 ; 6.46854 ; 5.5269
7.59774 ; 3.52641 ; -6.49114 ; 7.20445
8.14514 ; 2.7842 ; -3.473 ; 6.05142
3.10405 ; 2.61701 ; 4.28689 ; 0.38578
8.26531 ; 7.6191 ; -1.24128 ; -4.15578
7.654 ; 7.31243 ; -7.04395 ; -5.03937
8.27919 ; 7.58349 ; -4.37848 ; -0.973093
3.6013 ; 7.71222 ; -0.899733 ; -2.68327
3.03244 ; 2.51407 ; 1.82091 ; 1.4668
8.15879 ; 2.9539 ; -5.23485 ; -2.67925
7.51888 ; 2.38257 ; 2.03644 ; 3.35531
8.2609 ; 6.9932 ; -4.02059 ; 2.12562
7.54817 ; 2.86983 ; 1.88151 ; -2.74193
4.23106 ; 7.00001 ; 7.25067 ; -6.13818
8.36865 ; 6.42537 ; -1.44412 ; -1.73595
4.45338 ; 7.09906 ; 7.21513 ; -5.61335
3.26055 ; 5.71429 ; -1.49474 ; -6.74934
