4.03993 ; 6.34437 ; 5.99711 ; 4.89019
3.97213 ; 5.59412 ; 5.80615 ; -6.64114
3.74521 ; 6.72801 ; 5.80641 ; -5.93026
6.39645 ; 5.80333 ; -6.67424 ; -6.66515
5.7698 ; 4.44939 ; 6.06887 ; 6.48957
6.45224 ; 5.69953 ; -6.67075 ; -6.64712
4.44787 ; 3.99895 ; 6.73349 ; 6.64128
4.95618 ; 4.84735 ; 6.4512 ; -6.08949
3.31 ; 6.27953 ; 2.37936 ; -6.92554
4.03546 ; 3.55016 ; 6.42877 ; 6.6969
3.73406 ; 5.50541 ; 5.27479 ; 5.82345
4.73713 ; 4.28197 ; -5.34063 ; 6.41968
8.16425 ; 7.52607 ; -3.9564 ; 0.32649
8.04898 ; 6.80402 ; 1.851 ; -6.4632
3.25116 ; 7.56368 ; -1.07036 ; -3.1036
3.95444 ; 2.98939 ; -4.02778 ; 5.43254
7.74592 ; 7.43612 ; -6.01735 ; -2.88921
4.11717 ; 3.01423 ; 6.80205 ; 5.03748
4.70311 ; 4.98968 ; 6.27255 ; 6.00111
7.71777 ; 2.97272 ; 3.28805 ; 5.42189
4.82238 ; 4.22755 ; 6.71596 ; 6.6777
6.6698 ; 3.99038 ; -6.77286 ; 6.69074
4.12515 ; 3.55751 ; 6.55285 ; 6.67106
4.89945 ; 3.88446 ; -5.51983 ; 6.28552
7.91426 ; 3.08734 ; -4.1916 ; 6.07021
3.22462 ; 5.73347 ; 1.52557 ; -6.71008
6.22771 ; 6.47978 ; 5.69406 ; -6.33834
5.82196 ; 6.16359 ; 6.14335 ; -6.13139
6.24388 ; 5.56834 ; -6.57321 ; -6.55964
4.5458 ; 6.92141 ; -4.92253 ; 4.01312
3.73077 ; 3.54978 ; 5.58295 ; 6.72848
4.94651 ; 6.99616 ; 6.70125 ; -5.15483
3.79287 ; 3.28574 ; 5.9759 ; 6.38007
4.15288 ; 3.42741 ; 6.47338 ; -4.21694
8.00133 ; 7.39506 ; -4.62843 ; -3.91762
4.2408 ; 6.46492 ; 6.66586 ; -6.66966
8.21237 ; 7.56412 ; -1.99324 ; -2.85309
7.57196 ; 6.8113 ; -6.06897 ; -6.40062
7.20571 ; 3.76412 ; -6.52539 ; 6.78631
8.36732 ; 3.97192 ; -0.468114 ; -5.09802
6.70483 ; 5.06258 ; -6.13667 ; -6.26469
7.13647 ; 3.70255 ; -6.42502 ; 6.7449
5.14344 ; 5.25667 ; -5.75672 ; -6.25993
6.83316 ; 6.98951 ; -6.93836 ; -5.32192
7.18783 ; 4.83636 ; -6.29009 ; 6.34421
7.52817 ; 6.90746 ; -6.15277 ; -6.11021
4.7542 ; 6.08498 ; 6.76396 ; -6.70653
7.60097 ; 6.72684 ; -6.02865 ; -6.14845
8.09181 ; 7.48692 ; -4.23571 ; -1.9323
4.89043 ; 5.76597 ; 6.67275 ; -6.66215
7.69989 ; 7.1075 ; -5.88272 ; -5.47424
4.89407 ; 5.82961 ; 6.68694 ; -6.67512
7.10341 ; 6.53094 ; -6.80384 ; -6.63364
6.6593 ; 4.08564 ; -6.74989 ; 6.6988
6.29086 ; 7.24103 ; 5.50003 ; 3.10807
7.43501 ; 4.37063 ; -5.77801 ; 6.68982
4.4288 ; 5.97822 ; 6.63362 ; -6.78531
7.40022 ; 3.64931 ; -6.21015 ; 6.77884
4.57426 ; 6.04977 ; 6.732 ; -6.76787
3.83115 ; 3.28105 ; 6.10318 ; 6.35124
6.95728 ; 6.00995 ; 4.98519 ; -6.45879
6.79916 ; 6.20526 ; -6.82663 ; -6.76082
7.23595 ; 3.7326 ; -6.49651 ; 6.77957
3.21365 ; 6.98518 ; 1.35798 ; -6.20169
5.15708 ; 4.61506 ; 6.54258 ; 6.47511
8.09087 ; 3.48176 ; 0.0977514 ; 6.75802
3.91809 ; 6.94238 ; 6.39176 ; -5.78882
4.11831 ; 6.45274 ; 6.41039 ; -6.74557
7.61334 ; 6.74437 ; -5.88736 ; -6.56733
7.45628 ; 5.82322 ; -5.96712 ; 5.40801
3.19922 ; 7.03421 ; 0.604223 ; -6.08895
7.89833 ; 7.43459 ; 2.39483 ; -4.29675
4.27596 ; 6.4059 ; 6.67445 ; -6.71496
8.36215 ; 6.9375 ; 0.17979 ; 3.6354
7.73772 ; 2.818 ; -5.92312 ; 3.03724
4.69634 ; 4.12056 ; 6.749 ; 6.72148
4.15692 ; 6.9074 ; 6.76792 ; -5.69255
3.61889 ; 7.05711 ; 5.47734 ; -5.42769
4.38632 ; 6.71564 ; 6.74321 ; -6.21724
4.39199 ; 2.92422 ; 6.92213 ; 4.64389
3.9405 ; 6.67427 ; 6.26415 ; 4.07535
4.27093 ; 3.91387 ; 6.59931 ; 6.81803
7.58052 ; 3.40136 ; -5.87953 ; 6.53303
7.12412 ; 6.39828 ; -6.73227 ; -6.77824
4.27279 ; 3.60152 ; 6.7486 ; 6.63715
3.3045 ; 7.42008 ; -0.762721 ; -4.46862
3.71657 ; 3.63116 ; 5.40561 ; 6.85492
3.29127 ; 3.15265 ; 2.73774 ; 4.3996
3.2849 ; 5.34594 ; 3.03947 ; 5.95871
6.65698 ; 4.13469 ; -6.73645 ; 6.69864
7.21433 ; 3.85354 ; -6.46483 ; 6.81598
7.02619 ; 7.6447 ; -3.06205 ; -0.654014
4.18555 ; 6.90187 ; 6.71951 ; -5.63536
5.09953 ; 6.20508 ; 6.64914 ; -6.5661
5.01278 ; 5.83517 ; -5.63404 ; -6.49254
4.77096 ; 4.17509 ; 6.73493 ; 6.69713
8.36485 ; 2.65782 ; -1.48113 ; -1.89174
7.66227 ; 5.64093 ; -5.20458 ; -6.67598
3.77652 ; 6.90117 ; -3.55393 ; -6.0929
4.44476 ; 3.61698 ; 6.84532 ; 6.58139
6.86101 ; 4.0471 ; -6.7239 ; 6.74945
4.13799 ; 6.35545 ; 6.45052 ; -6.80578
4.0741 ; 7.03636 ; -3.33588 ; -5.45157
3.37729 ; 3.3912 ; 4.58096 ; -3.77378
7.85164 ; 2.55063 ; -5.69424 ; 0.214945
6.9455 ; 6.14541 ; -6.76088 ; -6.82264
3.36077 ; 4.57571 ; -0.499106 ; 6.4979
7.12139 ; 2.91255 ; -6.91182 ; 4.43542
4.13268 ; 2.49693 ; 5.86237 ; 1.00693
3.73959 ; 2.54336 ; 6.30279 ; 0.788401
3.22165 ; 3.89211 ; 3.46121 ; 2.87785
8.17115 ; 2.59235 ; 0.226104 ; 4.01271
4.21605 ; 3.1756 ; 6.84302 ; 5.74938
4.00611 ; 7.08915 ; 6.53223 ; -5.14066
7.67152 ; 3.17079 ; 3.42155 ; 6.0565
3.79292 ; 3.08333 ; 6.13899 ; 5.77236
4.42271 ; 6.20363 ; 6.71256 ; -6.78463
7.17473 ; 7.32572 ; -6.94373 ; -3.60748
4.24228 ; 4.1578 ; 6.14628 ; -5.44984
7.35212 ; 2.8025 ; -6.76406 ; 3.79584
3.93602 ; 3.6566 ; 6.09023 ; 6.82292
8.19105 ; 2.65567 ; -2.33537 ; 4.07648
4.11929 ; 2.36759 ; -4.33053 ; -0.0229704
7.70657 ; 5.34758 ; 3.45905 ; 5.88374
8.28575 ; 2.46506 ; -2.37241 ; 0.192857
7.42314 ; 3.99838 ; -6.09146 ; -5.1501
4.4225 ; 3.37075 ; 6.84857 ; 6.16975
6.47571 ; 5.82386 ; -6.70273 ; -6.68712
7.44981 ; 5.30111 ; -5.75691 ; -6.47895
7.60098 ; 4.0284 ; -5.39135 ; 6.83484
4.40164 ; 6.17739 ; 6.68777 ; -6.79595
4.46321 ; 3.04294 ; 6.60901 ; -3.63947
6.85465 ; 4.0758 ; -6.71651 ; 6.74692
6.46942 ; 3.4975 ; -6.76555 ; 6.17297
3.24878 ; 6.74763 ; 1.02433 ; -6.56754
3.45816 ; 7.58198 ; -2.2411 ; -3.27342
7.04339 ; 3.65918 ; -6.76545 ; 6.64502
3.96814 ; 3.63184 ; 6.18904 ; 6.79746
4.26048 ; 3.67368 ; 6.69818 ; 6.72602
4.958 ; 3.87728 ; 6.73121 ; 6.59896
3.90509 ; 7.16415 ; 6.4939 ; -4.71634
5.11119 ; 4.09663 ; 6.63343 ; 6.61972
3.25818 ; 2.83518 ; 2.94994 ; 5.26727
3.93187 ; 2.93916 ; 6.07896 ; -3.20842
4.59473 ; 6.50548 ; 6.84962 ; -6.44241
3.93736 ; 6.47792 ; 6.31577 ; 4.0938
8.01467 ; 3.1785 ; 1.12031 ; 6.34228
7.2666 ; 3.27007 ; -6.70088 ; 6.07189
6.73448 ; 5.57398 ; -6.65796 ; -6.62225
6.34905 ; 5.78773 ; -6.65348 ; -6.65152
8.20901 ; 7.56396 ; -2.65512 ; -2.69065
3.35998 ; 7.53843 ; 4.53389 ; 0.566202
6.42885 ; 5.68359 ; -6.66164 ; -6.63754
5.03908 ; 6.10753 ; -5.53806 ; 3.99314
4.318 ; 3.64366 ; 6.77019 ; 6.66921
4.40505 ; 3.2911 ; 6.90225 ; 5.96614
6.56018 ; 5.77597 ; -6.69041 ; -6.37823
3.47637 ; 7.25949 ; 4.82909 ; -4.71637
4.82435 ; 6.00216 ; 6.73751 ; -6.69924
7.28944 ; 7.17043 ; -6.85355 ; -4.68888
4.6172 ; 4.14696 ; 6.73203 ; 6.73434
7.78635 ; 4.87457 ; -5.21218 ; -5.7537
4.14355 ; 6.98206 ; 6.41784 ; 3.64814
3.6623 ; 3.21735 ; 5.51344 ; 6.30782
3.53566 ; 3.31094 ; 4.58501 ; 6.57949
6.50324 ; 3.52545 ; 5.44974 ; 3.70388
5.61974 ; 3.70339 ; -6.0453 ; -4.94254
7.40912 ; 3.74761 ; -6.0873 ; 6.83276
5.21895 ; 5.14484 ; 6.42972 ; 6.1232
4.88872 ; 4.92656 ; -5.50864 ; -6.04568
5.19854 ; 3.63088 ; -5.8066 ; 6.22228
4.76431 ; 4.18591 ; 6.73222 ; 6.69777
3.65933 ; 6.78549 ; 5.23119 ; -6.47727
3.11779 ; 7.52 ; 1.60766 ; -0.82357
4.31518 ; 3.72603 ; 6.72649 ; 6.73985
7.98499 ; 7.49179 ; -1.97655 ; -3.49888
8.10054 ; 7.17661 ; -2.96223 ; -5.60963
6.70175 ; 3.99861 ; -6.77135 ; 6.70255
8.17519 ; 6.92149 ; -2.03406 ; -5.95744
7.78015 ; 2.95396 ; 2.72959 ; -3.37392
6.90639 ; 3.12745 ; -6.86194 ; 5.36795
6.94292 ; 5.68659 ; -6.60205 ; -6.70113
3.72401 ; 7.07715 ; 5.91024 ; -5.42805
4.56466 ; 6.21647 ; 6.78515 ; -6.72766
4.00574 ; 6.91677 ; 6.53824 ; -5.81365
8.22762 ; 4.15297 ; -2.93476 ; -2.88486
7.4663 ; 7.1577 ; -6.59751 ; -4.94614
6.99945 ; 3.4325 ; -6.84485 ; 6.29787
7.18264 ; 6.58124 ; -6.75175 ; -6.60444
3.81874 ; 6.54069 ; 5.71447 ; -6.77287
5.08552 ; 3.70493 ; -5.69617 ; 6.30428
3.33237 ; 2.92983 ; 2.87713 ; 5.53169
7.25134 ; 6.74451 ; -6.74819 ; -6.32397
3.89967 ; 7.03211 ; 6.4046 ; -5.44156
7.69787 ; 6.96511 ; -5.76987 ; 3.60467
8.16452 ; 7.24814 ; -1.8005 ; -5.36159
4.87553 ; 5.82401 ; 6.68828 ; -6.67814
4.47453 ; 5.30896 ; 6.48939 ; -6.44144
6.56976 ; 4.06991 ; -6.74252 ; 6.67464
6.63194 ; 6.17068 ; -6.80878 ; -6.71507
5.52068 ; 5.18323 ; 6.31728 ; -6.29871
6.52764 ; 4.32632 ; -6.68021 ; 6.63333
7.43569 ; 6.43849 ; -5.98752 ; 4.72243
3.2171 ; 3.21006 ; 1.28838 ; 6.50091
6.50473 ; 5.81694 ; -6.70816 ; -6.69212
6.94165 ; 6.51941 ; -6.88324 ; -6.56617
6.24588 ; 4.5544 ; -6.55007 ; 6.49787
7.21191 ; 3.62673 ; -6.5702 ; 6.69417
5.83864 ; 4.41366 ; 6.12003 ; 6.4479
8.26731 ; 5.12975 ; -0.0669712 ; 6.10491
4.57555 ; 5.96545 ; 6.70121 ; -6.76474
3.14957 ; 7.46473 ; 1.97958 ; 1.29211
3.50231 ; 6.29088 ; 3.91107 ; -6.9343
3.63641 ; 7.42735 ; 5.92128 ; -2.73925
7.75896 ; 5.9911 ; -4.33148 ; -6.88222
8.19643 ; 6.97749 ; -1.28989 ; -6.25811
7.21998 ; 6.20704 ; -6.51382 ; -6.88134
6.85389 ; 4.07734 ; -6.71466 ; 6.74758
6.65735 ; 5.99553 ; -6.77373 ; -6.75318
7.23931 ; 6.66499 ; -6.71378 ; -6.50146
6.77606 ; 6.13644 ; -6.81057 ; -6.7752
3.20531 ; 3.15936 ; 0.316318 ; 6.38707
4.91386 ; 5.87945 ; 6.69358 ; -6.67629
3.2538 ; 7.15158 ; 2.30739 ; -5.69084
3.94832 ; 3.14873 ; 6.49876 ; 5.80053
3.91055 ; 6.56594 ; 6.06529 ; -6.70876
3.29946 ; 6.81301 ; -0.531657 ; -6.55494
7.50061 ; 3.17541 ; -6.3035 ; 5.96722
3.97944 ; 6.54072 ; 6.27083 ; -6.64813
3.28893 ; 3.30775 ; 1.86508 ; 6.6483
7.22096 ; 2.33401 ; 4.44704 ; 0.116315
7.86981 ; 3.54659 ; -5.15667 ; -4.3312
8.05921 ; 2.52927 ; -4.53766 ; 1.32982
3.34007 ; 6.97081 ; 0.399748 ; -6.26561
8.06688 ; 2.61754 ; -4.62762 ; -0.53629
8.25513 ; 2.60309 ; -2.7617 ; 0.116453
6.55283 ; 4.1745 ; -6.71855 ; 6.67013
8.11716 ; 3.22219 ; -0.037524 ; 6.47307
7.72805 ; 3.03272 ; 2.28296 ; 5.93043
7.14515 ; 6.21713 ; -6.60873 ; -6.863
5.15777 ; 5.57684 ; 6.55829 ; -6.54933
6.60213 ; 4.26311 ; -6.70706 ; 6.60254
4.52495 ; 3.98075 ; 6.76229 ; 6.76174
5.76488 ; 2.43492 ; 6.14444 ; 0.343444
7.19735 ; 7.01362 ; 3.25964 ; -5.93377
7.32661 ; 3.60741 ; -6.41075 ; 6.70949
4.96224 ; 2.49031 ; 6.7024 ; -0.79938
6.87893 ; 3.79345 ; -6.80185 ; 6.6851
5.13041 ; 5.5273 ; 6.56027 ; -6.53308
8.07679 ; 4.81003 ; -2.77595 ; 6.18865
3.25262 ; 2.68294 ; 3.11776 ; 4.30543
7.92492 ; 2.82317 ; 0.892257 ; 5.29818
6.92915 ; 3.64473 ; -6.82893 ; 6.5755
4.99175 ; 2.81127 ; -5.50606 ; 4.13596
7.03911 ; 2.74019 ; 4.67146 ; 4.34129
5.14134 ; 3.43865 ; 6.66285 ; 5.98995
6.437 ; 4.37608 ; -6.64995 ; 6.60018
8.28652 ; 6.601 ; -2.37976 ; 4.0108
7.82829 ; 2.58473 ; -5.71707 ; 1.827
7.29896 ; 4.34537 ; -6.15044 ; -5.63008
3.57843 ; 3.47571 ; 4.71567 ; 6.78193
3.12415 ; 4.59463 ; 2.49731 ; 2.74792
4.36555 ; 6.22622 ; 6.67713 ; -6.79416
6.91267 ; 3.60445 ; -6.84451 ; 6.51568
4.64658 ; 3.93441 ; 6.79752 ; 6.71949
3.69717 ; 3.32385 ; 5.56066 ; 6.52179
3.69527 ; 3.4657 ; 5.23901 ; 6.73692
4.92663 ; 5.80416 ; 6.67558 ; -6.66318
6.21489 ; 5.45489 ; -6.54183 ; -6.50132
6.9299 ; 6.90753 ; -6.94549 ; -5.67928
3.31127 ; 7.45531 ; 2.50888 ; -3.76582
8.02575 ; 7.52205 ; 1.95998 ; -3.67481
6.64706 ; 4.13526 ; -6.73467 ; 6.69723
4.74631 ; 5.84101 ; 6.69935 ; -6.70819
3.64635 ; 2.9958 ; -3.21836 ; 5.63892
7.66877 ; 3.28601 ; -5.60625 ; 6.41028
7.79199 ; 7.00149 ; 2.94741 ; -5.94591
5.88417 ; 7.60929 ; 5.73656 ; 0.170993
7.40539 ; 4.24059 ; -5.9295 ; -5.52743
4.82165 ; 7.37342 ; 6.68736 ; -3.08148
3.62562 ; 3.39893 ; 5.16673 ; 6.44956
6.16446 ; 5.47827 ; -6.52196 ; -6.50592
7.2245 ; 6.30984 ; -6.55946 ; -6.85961
5.89288 ; 5.11239 ; 6.03803 ; 6.09347
4.21972 ; 6.58084 ; 6.70507 ; -6.47328
8.06032 ; 7.23359 ; -3.74813 ; -4.97042
3.83562 ; 6.7381 ; 6.01231 ; -6.38382
4.75002 ; 3.20498 ; -5.32711 ; 5.58009
6.5206 ; 5.25237 ; -6.57426 ; -6.40518
7.75091 ; 2.60451 ; -5.97725 ; 0.201448
3.53073 ; 3.69817 ; 5.50389 ; -0.288559
5.2362 ; 6.93707 ; -5.83783 ; -5.46868
5.02838 ; 5.54331 ; 6.59617 ; -6.55401
5.12347 ; 5.58895 ; 6.57362 ; -6.55979
6.59613 ; 5.97171 ; -6.76113 ; -6.73539
4.31707 ; 3.55532 ; 6.76771 ; 6.58317
8.11631 ; 6.83869 ; 0.512219 ; -6.254
6.43709 ; 5.73692 ; -6.67453 ; -6.65666
4.6814 ; 3.83616 ; 6.8076 ; 6.67764
4.3277 ; 5.83353 ; -4.83951 ; 5.45843
5.19197 ; 4.53297 ; 6.54048 ; 6.5088
7.13994 ; 3.572 ; -6.70456 ; 6.58611
7.41833 ; 6.32551 ; -6.602 ; -3.04952
7.25258 ; 7.17533 ; -5.21656 ; 3.07656
4.56152 ; 6.02901 ; 6.71854 ; -6.7724
4.67025 ; 2.50471 ; 6.79153 ; 0.598575
4.24745 ; 6.51465 ; 6.68914 ; -6.60768
6.58869 ; 4.30419 ; -6.69144 ; 6.6509
3.47708 ; 6.52347 ; 3.91281 ; -6.87287
4.35161 ; 3.07612 ; 6.93006 ; 5.17166
7.21325 ; 4.32419 ; -6.33007 ; 6.67577
6.69935 ; 6.46164 ; -6.63202 ; -6.63044
5.19254 ; 3.51484 ; 6.62289 ; 6.18087
3.18579 ; 5.15113 ; -1.56745 ; -5.16385
7.48595 ; 3.90804 ; -5.99541 ; 6.65107
7.99012 ; 7.36699 ; -3.88155 ; -4.25897
5.51602 ; 5.60435 ; 6.07765 ; 5.70658
4.51831 ; 4.9577 ; 6.41486 ; -6.19335
6.34565 ; 2.7958 ; -6.53851 ; -2.99125
3.31686 ; 2.89783 ; 3.56585 ; 5.49065
4.49634 ; 5.99949 ; -5.05297 ; 5.27277
4.97565 ; 4.3812 ; 6.64876 ; 6.60445
6.53557 ; 4.20134 ; -6.70964 ; 6.66324
7.15652 ; 3.40167 ; -6.76932 ; 6.3158
4.91818 ; 5.6778 ; 6.64864 ; -6.62749
8.14693 ; 6.13298 ; -1.91359 ; -6.91704
5.8918 ; 2.49357 ; -6.34064 ; -0.892933
7.69905 ; 3.9083 ; -5.02677 ; 6.85666
7.45315 ; 6.12992 ; -6.32912 ; -6.0569
7.89874 ; 5.28145 ; -4.03703 ; 6.01824
6.8869 ; 3.91483 ; -6.76165 ; 6.73827
4.44985 ; 6.43764 ; 6.81035 ; -6.59967
6.90832 ; 6.0974 ; -6.76222 ; -6.8173
5.7017 ; 3.02974 ; -6.25532 ; 4.75355
8.12581 ; 3.55524 ; -3.91386 ; -4.11937
4.76059 ; 3.23267 ; -5.02004 ; 5.95293
3.23446 ; 5.19618 ; -1.77347 ; -6.27257
7.69268 ; 6.11679 ; -5.32371 ; 5.13058
4.70239 ; 6.00089 ; 6.74208 ; -6.7364
6.74073 ; 6.1101 ; -6.80607 ; -6.76865
3.14587 ; 2.52491 ; 0.967933 ; 3.14115
3.88145 ; 6.29469 ; 5.77157 ; -6.88761
4.34074 ; 6.30801 ; 6.69293 ; -6.7621
8.11717 ; 2.78537 ; -1.25432 ; 5.10312
4.23071 ; 7.44319 ; 6.88778 ; -1.53754
3.36426 ; 7.3377 ; 4.86122 ; 1.76777
6.76652 ; 3.26377 ; 5.17161 ; 5.85093
6.85256 ; 6.06424 ; -6.77248 ; -6.80465
6.68885 ; 5.85118 ; -6.73593 ; -6.7368
3.8616 ; 3.68868 ; 5.86166 ; 6.85753
6.31037 ; 4.46131 ; -6.59157 ; 6.54747
5.01864 ; 4.40588 ; 6.63057 ; 6.58823
4.9274 ; 7.40327 ; 6.56872 ; 2.37266
8.3502 ; 7.5689 ; -1.14511 ; 0.786501
7.4279 ; 2.69025 ; -6.55352 ; -1.92219
3.24597 ; 3.30256 ; 1.80106 ; 6.64627
4.28034 ; 6.40559 ; 6.68089 ; -6.71141
4.46838 ; 3.34918 ; 6.88419 ; 6.14008
4.40393 ; 6.24431 ; 6.7141 ; -6.77479
3.67098 ; 6.59107 ; 5.38156 ; 4.4334
3.27934 ; 6.27986 ; 2.03397 ; -6.55035
8.38221 ; 7.242 ; -0.517078 ; 2.71555
7.67103 ; 2.70299 ; -6.16603 ; 3.32995
4.02255 ; 6.64559 ; 6.42192 ; -6.52293
7.23024 ; 3.52051 ; -6.62559 ; 6.56915
4.12213 ; 5.60183 ; 6.09162 ; -6.65339
7.02172 ; 6.75765 ; -6.919 ; -6.12435
6.86672 ; 6.24551 ; -6.82674 ; -6.76851
7.72912 ; 2.89492 ; -5.78319 ; 4.82471
6.89875 ; 6.41681 ; -6.8445 ; -6.67543
7.02383 ; 3.89452 ; -6.68828 ; 6.76695
6.46823 ; 5.87102 ; -6.71003 ; -6.69317
5.01257 ; 3.54755 ; -5.62331 ; 6.14225
6.53523 ; 7.11441 ; 5.26885 ; 3.58456
3.44965 ; 2.48689 ; -1.1226 ; -1.19728
8.08568 ; 6.64503 ; -2.64238 ; -6.84112
7.52181 ; 2.82104 ; -6.47204 ; 4.15531
5.01502 ; 5.73624 ; 6.63789 ; -6.62866
7.66699 ; 6.27916 ; -5.30355 ; -6.93661
8.3545 ; 2.93519 ; -1.59222 ; -3.04184
7.35043 ; 3.72078 ; -6.28284 ; 6.80577
7.04303 ; 4.87579 ; -6.33302 ; 6.3518
7.54611 ; 7.42738 ; -6.55976 ; -2.58568
7.00172 ; 4.88095 ; -6.38521 ; -6.14396
7.75936 ; 6.82063 ; -5.27956 ; -6.47796
4.26283 ; 3.55962 ; 6.75516 ; 6.60039
4.54938 ; 6.21465 ; 6.77988 ; -6.73394
4.45686 ; 3.7718 ; 6.80554 ; 6.71703
5.00839 ; 3.65034 ; -5.618 ; 6.26293
5.21376 ; 7.03401 ; 6.60439 ; -4.78267
4.26114 ; 3.31538 ; 6.83677 ; 6.14174
7.07688 ; 3.93091 ; -6.61191 ; 6.79539
3.50055 ; 6.84238 ; 4.39054 ; -6.44894
8.16756 ; 3.26157 ; -0.176741 ; 6.54149
7.94069 ; 7.11828 ; -4.52786 ; -5.65006
4.03175 ; 3.4913 ; 6.46134 ; 6.62069
3.29421 ; 7.23499 ; -2.14778 ; 2.99156
3.196 ; 5.76676 ; 1.1767 ; -6.71424
5.18946 ; 4.36135 ; 6.55972 ; 6.55766
5.14517 ; 3.97853 ; 6.62426 ; 6.59315
6.74584 ; 6.20546 ; -6.82992 ; -6.74167
7.0693 ; 4.01338 ; -6.59743 ; 6.78374
3.3135 ; 2.61439 ; 4.14549 ; 3.44036
7.72383 ; 5.18452 ; -5.6402 ; 4.91399
8.0892 ; 3.85937 ; -2.25181 ; 6.88397
7.47447 ; 7.35517 ; -6.66659 ; -3.45297
4.12977 ; 6.69204 ; 6.63898 ; -6.36612
6.59681 ; 4.11451 ; -6.73806 ; 6.68392
7.89888 ; 7.34191 ; -5.20628 ; -4.16118
7.17903 ; 3.69556 ; -6.6269 ; 6.6798
6.81281 ; 6.4875 ; 4.66768 ; -6.53419
5.06195 ; 2.67791 ; 6.55954 ; -2.5113
7.47064 ; 6.63498 ; -5.96098 ; -6.69233
4.81586 ; 6.14409 ; 6.76286 ; -6.67137
3.45177 ; 7.28699 ; 4.80279 ; -4.58098
4.58906 ; 4.00346 ; 6.77914 ; 6.43382
3.90612 ; 3.46166 ; 6.18563 ; 6.64046
3.73917 ; 3.22523 ; 5.78647 ; -3.92108
4.92501 ; 5.77514 ; 6.66918 ; -6.65775
6.90272 ; 6.21728 ; -6.80525 ; -6.79344
3.52576 ; 6.64177 ; 4.58269 ; -6.56381
7.63331 ; 6.27791 ; -6.13884 ; -3.83762
6.44695 ; 6.73605 ; -6.48247 ; 4.28228
3.9199 ; 7.47083 ; 6.59629 ; -0.139973
3.37542 ; 2.57518 ; 4.15855 ; 2.9172
4.46398 ; 6.37386 ; 6.80246 ; -6.64103
7.59238 ; 7.10682 ; -6.2617 ; -5.3508
8.02106 ; 3.40909 ; -2.02696 ; 6.73482
7.61811 ; 7.23478 ; -6.28741 ; -4.51071
3.64331 ; 3.73825 ; 4.9772 ; 6.90664
4.5879 ; 4.23719 ; 6.69917 ; 6.71504
7.31557 ; 4.85867 ; -5.89457 ; 6.3696
7.36434 ; 5.02996 ; -5.82766 ; 6.24035
3.28739 ; 3.86843 ; -0.447636 ; 6.82455
4.52159 ; 6.31073 ; 6.80259 ; -6.68203
8.03864 ; 2.97055 ; -4.63306 ; -3.17087
3.32535 ; 2.92252 ; 3.1988 ; 5.62279
7.50916 ; 3.65194 ; -5.8972 ; 6.80962
4.75267 ; 6.03869 ; 6.75321 ; -6.71789
4.28338 ; 4.28565 ; 6.483 ; 6.722
8.26733 ; 5.3158 ; -0.407741 ; -6.45597
7.79001 ; 6.50986 ; -5.33327 ; 4.40713
7.77889 ; 5.48042 ; -4.32972 ; -6.58942
4.15116 ; 3.52338 ; 6.64417 ; 6.60637
8.36078 ; 2.92324 ; -1.7349 ; -3.0808
7.24557 ; 3.47434 ; -6.4723 ; 6.52625
4.74668 ; 6.04568 ; 6.75396 ; -6.71731
7.09689 ; 6.52738 ; -6.81043 ; -6.6321
3.73346 ; 3.42256 ; 5.61958 ; 6.65914
4.52117 ; 3.83575 ; 6.80728 ; 6.7276
3.09311 ; 7.63132 ; 0.757851 ; -1.541
5.82715 ; 6.65588 ; -6.32706 ; -6.09144
7.3169 ; 3.82377 ; -6.54819 ; -3.76552
7.27347 ; 6.82378 ; -6.75293 ; -6.14018
4.00153 ; 3.82725 ; 6.15946 ; 6.86627
4.75833 ; 7.43527 ; 2.00589 ; -3.99261
4.14869 ; 3.75707 ; 6.51057 ; 6.8138
6.51933 ; 4.0465 ; -6.73306 ; 6.65834
6.31413 ; 2.45708 ; 5.66256 ; -0.763017
8.15819 ; 6.77855 ; 0.474312 ; -6.62119
4.76478 ; 5.94741 ; 6.72956 ; -6.71973
4.32077 ; 6.34478 ; 6.69194 ; -6.74548
7.14135 ; 6.18861 ; -6.61719 ; -6.86432
3.62808 ; 6.60559 ; 5.05184 ; -6.71318
3.05697 ; 2.97144 ; 1.22555 ; -0.137272
5.48193 ; 3.36167 ; 5.99131 ; 6.22176
8.12345 ; 5.45199 ; -0.975204 ; -6.28661
5.59321 ; 2.95371 ; -4.0656 ; 5.47663
4.86751 ; 6.1142 ; 6.74595 ; -6.66391
3.70883 ; 3.67887 ; 5.29028 ; 6.88405
4.97433 ; 5.65306 ; 6.63158 ; -6.60955
4.55896 ; 4.16374 ; 6.70934 ; 6.74157
3.45618 ; 6.38194 ; 3.67063 ; -6.91487
3.1211 ; 4.68052 ; -1.18532 ; -5.71872
3.84192 ; 6.98193 ; 6.41997 ; 0.276029
6.22236 ; 2.74753 ; -6.60339 ; 3.38657
5.21068 ; 5.53055 ; 6.5279 ; -6.52222
7.18299 ; 7.34513 ; -6.94995 ; -3.39778
4.33557 ; 3.74563 ; 6.73798 ; 6.74843
4.53057 ; 4.02983 ; 6.74571 ; 6.76456
6.76272 ; 4.0898 ; -6.73991 ; 6.72619
7.69234 ; 6.90649 ; -5.75559 ; 3.72124
6.45902 ; 3.78687 ; 5.55579 ; 6.39781
3.98508 ; 3.24767 ; 6.51985 ; 6.07256
7.65764 ; 7.34385 ; -6.24563 ; -3.76318
3.76133 ; 3.34668 ; 5.89946 ; -3.95852
4.42696 ; 3.36325 ; 6.8984 ; 6.1629
4.72164 ; 3.78705 ; -5.29945 ; 6.40852
6.52138 ; 6.33516 ; -1.62643 ; 4.86594
4.29153 ; 4.08898 ; 6.55766 ; 6.79497
3.57943 ; 7.44421 ; 5.81218 ; 0.242987
3.20208 ; 4.32475 ; -1.25955 ; -5.31219
3.82729 ; 6.50714 ; 6.09736 ; -5.5778
4.6999 ; 3.91888 ; 6.79943 ; 6.69885
6.69743 ; 4.17503 ; -6.7239 ; 6.70306
7.9092 ; 3.59574 ; -5.20146 ; -3.51612
8.04705 ; 7.20814 ; 1.48728 ; -5.50083
5.52658 ; 6.81886 ; 6.39073 ; -5.51773
6.78779 ; 3.83927 ; -6.80654 ; 6.67175
7.75581 ; 3.02912 ; -5.42343 ; 5.68533
7.81509 ; 2.90279 ; -5.51315 ; 3.86945
6.88209 ; 6.15233 ; -6.79098 ; -6.80432
4.34242 ; 6.54696 ; 5.98234 ; -6.62987
5.14683 ; 4.50192 ; 6.56513 ; 6.52908
7.72949 ; 6.85759 ; -5.52172 ; -6.38366
3.83446 ; 5.40695 ; 5.82639 ; 4.87907
4.73701 ; 4.12065 ; 6.75069 ; 6.71077
6.7522 ; 3.73709 ; -6.82945 ; 6.57903
7.96578 ; 6.97244 ; -4.22423 ; -6.21947
7.04243 ; 4.26789 ; -6.5258 ; 6.71507
8.04915 ; 6.13063 ; -0.426823 ; -6.82732
6.97466 ; 3.90162 ; -6.71017 ; 6.76565
4.23662 ; 6.43041 ; 6.6307 ; -6.71076
7.51196 ; 6.18716 ; -6.01471 ; -6.69796
6.44898 ; 5.78262 ; -6.68698 ; -6.67195
7.59541 ; 3.77904 ; -5.50998 ; 6.87111
7.39698 ; 6.27885 ; -6.21723 ; -6.90472
4.7602 ; 5.81331 ; 6.69232 ; -6.69871
3.80107 ; 7.67594 ; -3.65415 ; -1.60745
3.89656 ; 4.68778 ; 5.63388 ; 6.50592
7.48961 ; 2.57226 ; 3.88734 ; -1.4138
7.71763 ; 7.38093 ; -6.08064 ; -3.4915
4.89657 ; 4.9256 ; -5.51379 ; -6.00974
7.87879 ; 6.88274 ; 2.75081 ; -6.21323
5.9976 ; 6.91389 ; 6.00608 ; -5.02633
6.93744 ; 5.46619 ; -6.50136 ; -6.5662
3.87849 ; 4.43319 ; 5.94264 ; -5.43119
7.29803 ; 3.19968 ; -6.66424 ; 5.90041
7.53908 ; 3.97665 ; -6.0401 ; -4.91513
7.71312 ; 7.3816 ; -4.9091 ; -3.88198
3.27148 ; 2.8609 ; 2.70172 ; 5.40028
7.76458 ; 7.22974 ; -4.87909 ; -5.04593
4.68735 ; 4.07006 ; 6.76346 ; 6.72515
8.08441 ; 7.39295 ; -3.03639 ; -4.32763
6.98989 ; 2.98039 ; -6.82327 ; 4.77342
3.73494 ; 3.22513 ; 5.46533 ; 6.19149
3.44797 ; 3.2689 ; 4.20564 ; 6.53516
6.79627 ; 3.72914 ; -6.83129 ; 6.59292
8.13398 ; 6.99502 ; 0.462427 ; -6.20581
8.14126 ; 3.02586 ; -2.21287 ; 5.97717
7.9343 ; 7.26353 ; -4.8366 ; -4.90814
3.95991 ; 3.4528 ; 6.15116 ; 6.61829
8.00988 ; 6.03479 ; -3.61453 ; -6.75798
5.56141 ; 3.57001 ; -6.12341 ; 6.13901
3.24239 ; 7.11679 ; 0.431777 ; -5.83609
3.62777 ; 7.16275 ; 5.27249 ; -5.02407
5.06032 ; 5.73681 ; 6.62262 ; -6.61929
7.9989 ; 2.90998 ; -4.17384 ; 5.00333
7.7474 ; 3.10183 ; -5.45214 ; 5.9487
4.38456 ; 6.48604 ; 6.79997 ; -6.5632
3.43321 ; 2.57202 ; -2.48432 ; 3.41973
6.65642 ; 6.66578 ; -6.68659 ; -6.29984
3.07755 ; 6.37351 ; 1.78643 ; 4.57658
8.06159 ; 6.59724 ; -3.19729 ; -6.71639
8.14202 ; 6.70899 ; -3.92288 ; 0.400907
4.06112 ; 3.61258 ; 6.44027 ; 6.73983
3.60181 ; 6.98001 ; 5.21847 ; -5.97882
4.31695 ; 5.41735 ; 6.31689 ; -6.53303
7.05434 ; 5.53941 ; -6.42095 ; -6.62624
4.89763 ; 5.84672 ; 6.68984 ; -6.67676
4.98831 ; 5.79284 ; 6.65693 ; -6.64718
6.61613 ; 4.02058 ; -6.7603 ; 6.68091
6.78731 ; 4.08232 ; -6.73716 ; 6.73135
4.38567 ; 4.10309 ; 6.63846 ; 6.78029
4.37759 ; 3.05614 ; 6.92882 ; 5.08294
6.03783 ; 6.38436 ; -6.51824 ; -6.40235
6.15522 ; 2.47204 ; -6.50934 ; -0.192888
3.22341 ; 3.18094 ; -0.411043 ; 6.39317
4.05643 ; 6.91713 ; 6.4911 ; -5.84445
6.19221 ; 4.59076 ; -6.52088 ; 6.47335
8.11473 ; 7.00377 ; -2.20029 ; -6.23453
3.158 ; 3.77356 ; -1.82294 ; -4.85479
3.11633 ; 6.10162 ; 2.22606 ; 5.11482
3.76785 ; 3.08107 ; 6.05725 ; 5.77187
4.24511 ; 5.95286 ; 6.42247 ; -6.8086
6.69555 ; 6.64603 ; -6.86146 ; -6.27559
4.27594 ; 3.66114 ; 6.71767 ; 6.70845
6.79285 ; 4.80263 ; -6.54527 ; 6.39378
7.03591 ; 4.5948 ; -6.47181 ; 6.52225
4.94197 ; 5.89465 ; 6.68911 ; -6.67065
6.76452 ; 3.92653 ; -6.78587 ; 6.70573
3.27375 ; 2.40314 ; -1.27689 ; 2.03702
6.32422 ; 6.37754 ; -6.70081 ; -6.48182
3.58782 ; 6.60858 ; -2.7605 ; -6.61325
4.39528 ; 3.46391 ; 6.86821 ; 6.387
3.96422 ; 4.83213 ; 5.81869 ; -6.04634
3.67361 ; 2.84775 ; 5.92831 ; 4.69386
6.2937 ; 2.56584 ; 0.671956 ; 3.57948
7.892 ; 7.45443 ; -5.39354 ; -3.12052
7.28414 ; 4.40105 ; 4.53313 ; 6.37828
3.34447 ; 3.06896 ; 3.54889 ; 6.12004
4.53663 ; 4.38965 ; 6.60592 ; 6.65799
6.35663 ; 5.70323 ; -6.64231 ; -6.63061
7.69061 ; 3.91409 ; -5.22976 ; 6.74565
6.65605 ; 4.12656 ; -6.7353 ; 6.69962
4.62147 ; 6.22848 ; 6.79901 ; -6.69502
3.37056 ; 3.30392 ; 3.42992 ; 6.62965
6.7032 ; 4.05734 ; -6.75632 ; 6.71047
3.25536 ; 3.79567 ; -0.324554 ; 6.83993
3.56979 ; 6.73678 ; 4.66254 ; -6.6165
3.71174 ; 7.04325 ; 5.78703 ; -5.61535
7.48328 ; 4.73678 ; -5.57487 ; 6.45825
7.70009 ; 2.83041 ; 3.34017 ; 5.08619
7.46757 ; 6.80477 ; -6.37853 ; -6.34681
3.43261 ; 4.56695 ; -0.359018 ; 6.52932
6.21645 ; 4.5189 ; -6.54234 ; 6.5089
4.89938 ; 7.68071 ; -5.15432 ; 0.0232956
5.09071 ; 4.44197 ; 6.59794 ; 6.56235
5.2852 ; 4.63777 ; 6.48066 ; 6.4465
6.9688 ; 6.07076 ; -6.72062 ; -6.83048
4.2278 ; 3.69662 ; 6.64856 ; 6.7558
6.7024 ; 3.81923 ; -6.80253 ; 6.64077
3.10021 ; 6.08141 ; 1.81102 ; 5.14917
6.39577 ; 6.7314 ; -6.75946 ; -5.94471
3.66263 ; 7.08449 ; 5.67032 ; -5.46573
7.43011 ; 6.87101 ; -6.52171 ; -6.109
7.71938 ; 2.83494 ; -5.72082 ; 4.56718
4.20094 ; 6.90605 ; 6.80146 ; -5.61161
3.10512 ; 5.0603 ; 0.636781 ; -6.09612
4.36455 ; 3.72107 ; 6.76928 ; 6.72116
6.73 ; 6.15964 ; -6.81881 ; -6.75296
8.28288 ; 2.76488 ; -2.85045 ; -2.15517
4.89504 ; 4.18709 ; 6.70965 ; 6.66771
4.54498 ; 5.2742 ; 6.49501 ; -6.42604
4.1762 ; 7.18736 ; 6.27594 ; -4.72073
7.53189 ; 2.75708 ; 3.44445 ; 3.49429
3.82156 ; 2.66553 ; 6.45055 ; 3.07641
4.46909 ; 6.26886 ; 6.76494 ; -6.73747
6.99743 ; 6.68302 ; -6.48561 ; 4.35782
4.50208 ; 3.77272 ; 6.82135 ; 6.69654
4.22987 ; 6.65233 ; 6.66963 ; -6.41176
3.18028 ; 3.03382 ; 3.47319 ; -1.38675
7.81527 ; 7.54731 ; -5.85231 ; -0.178066
6.37581 ; 4.34676 ; -6.63588 ; 6.59847
6.72174 ; 4.0169 ; -6.76584 ; 6.71112
6.29114 ; 5.59112 ; -6.59706 ; -6.57723
7.05955 ; 6.42897 ; -6.79994 ; -6.72453
3.11857 ; 5.48367 ; 1.79267 ; 5.71232
3.69665 ; 2.80156 ; 6.02184 ; -1.90119
3.40596 ; 3.77059 ; 2.504 ; 6.75902
7.64578 ; 2.65321 ; -6.2626 ; -1.00165
7.42449 ; 6.94771 ; -6.57744 ; -5.82921
6.64558 ; 4.22232 ; -6.71489 ; 6.68246
5.10356 ; 5.64202 ; 6.59036 ; -6.58268
5.36399 ; 7.50565 ; 4.06174 ; -3.1928
7.11701 ; 6.55585 ; -6.80264 ; -6.59771
7.01392 ; 6.63332 ; -6.82579 ; -6.4545
7.86334 ; 4.71112 ; 3.2531 ; 6.31938
8.00973 ; 7.34305 ; 1.60999 ; -4.88299
3.75476 ; 5.14211 ; -3.22108 ; -6.24047
3.67673 ; 6.25295 ; 5.3152 ; 4.96364
7.97136 ; 6.91106 ; 1.22897 ; -6.35436
6.67626 ; 3.72161 ; -6.81389 ; 6.55663
3.84349 ; 3.24443 ; -3.82443 ; 6.0854
8.24135 ; 2.57671 ; -0.920743 ; 3.67664
5.16032 ; 5.52878 ; 6.54932 ; -6.52931
7.00188 ; 5.19852 ; -6.48341 ; 6.01535
6.63203 ; 7.57402 ; -6.81152 ; 0.343679
7.6524 ; 6.92205 ; -5.90764 ; -6.15192
4.89819 ; 4.2701 ; 6.69212 ; 6.65254
7.0048 ; 3.72974 ; -6.76022 ; 6.68253
6.15662 ; 2.84359 ; 5.85857 ; 4.20093
7.60579 ; 3.2812 ; -5.87216 ; 6.35771
3.83446 ; 3.00469 ; 6.24485 ; 5.39756
5.80468 ; 6.37748 ; 6.12219 ; -6.39691
3.03284 ; 7.24569 ; 1.68678 ; 2.14419
3.022 ; 3.26284 ; 0.64218 ; -4.00032
5.03512 ; 5.46232 ; 6.57887 ; -6.51224
3.32207 ; 7.62677 ; -1.20361 ; -2.39282
4.30239 ; 6.88461 ; 6.87114 ; -5.55611
4.6859 ; 4.25282 ; 6.71251 ; 6.69648
3.06251 ; 2.44616 ; 1.20262 ; -0.00532281
3.39208 ; 5.65236 ; 3.89684 ; 5.6644
7.00749 ; 3.61341 ; -6.78346 ; 6.5883
3.41063 ; 3.94486 ; 4.21528 ; -5.09419
3.31229 ; 5.293 ; 4.09346 ; 4.51084
6.63517 ; 6.00502 ; -6.77423 ; -6.74676
7.84603 ; 6.60069 ; -5.37558 ; 3.69085
7.06607 ; 7.24835 ; -6.97635 ; -4.00628
3.69391 ; 3.50147 ; 5.38802 ; 6.76979
6.92644 ; 4.32495 ; -6.59511 ; 6.68496
4.38313 ; 2.71972 ; 6.7523 ; -2.15096
4.11261 ; 6.89262 ; 6.69382 ; -5.82139
4.38084 ; 2.46947 ; -0.114177 ; 0.711868
3.11584 ; 2.57551 ; 1.35584 ; 2.80176
7.35006 ; 3.63765 ; -6.33567 ; 6.75488
7.28899 ; 6.45134 ; -6.53517 ; -6.79376
7.54961 ; 2.88659 ; -1.10786 ; 5.46145
3.96004 ; 3.84497 ; 6.01053 ; 6.87528
7.37595 ; 5.96033 ; 4.16309 ; -6.62012
5.75583 ; 3.56784 ; 6.21571 ; 6.15691
3.34765 ; 7.41582 ; 4.31285 ; -3.58902
6.74356 ; 3.82604 ; -6.81058 ; 6.65237
3.62814 ; 6.86113 ; 5.2461 ; -6.31286
5.02807 ; 6.12479 ; 6.68304 ; -6.58838
4.57581 ; 6.39596 ; 6.83411 ; -6.58108
6.80083 ; 5.60696 ; -6.62734 ; -6.64578
4.6952 ; 3.72933 ; -5.29201 ; 6.29015
6.77312 ; 4.16529 ; -6.71279 ; 6.7194
5.07029 ; 5.62822 ; 6.59955 ; -6.58379
6.54143 ; 4.3149 ; -6.6846 ; 6.63902
3.52194 ; 3.00929 ; 3.95032 ; -3.35079
3.74744 ; 5.13394 ; -3.88024 ; 5.98215
7.38794 ; 2.99721 ; -6.44712 ; -3.3054
7.00914 ; 6.30122 ; -6.78686 ; -6.78698
4.62792 ; 6.19432 ; 6.78998 ; -6.71411
5.26522 ; 2.77069 ; -5.82124 ; 3.86775
5.73558 ; 7.13073 ; -6.30561 ; -4.40021
4.77551 ; 5.97488 ; 6.73627 ; -6.7171
5.06436 ; 5.61178 ; 6.59819 ; -6.57889
4.1502 ; 6.21529 ; 6.37547 ; -6.85206
4.27184 ; 3.80114 ; 6.6482 ; 6.79657
7.26251 ; 3.01921 ; -6.56732 ; 5.28679
7.98461 ; 7.19651 ; -4.54577 ; -4.69645
4.02609 ; 2.74795 ; 6.76886 ; 3.53851
6.5293 ; 4.22163 ; 5.42761 ; -3.82169
5.28085 ; 3.9933 ; 6.54179 ; 6.56628
3.98152 ; 3.18724 ; 6.28191 ; -3.84181
4.72988 ; 4.07991 ; 6.76106 ; 6.71421
7.03048 ; 3.5198 ; -6.82234 ; 6.44882
7.97 ; 2.91097 ; -4.30242 ; 5.40202
7.39446 ; 3.3709 ; -6.42321 ; 6.3881
7.13078 ; 6.79557 ; -6.87753 ; -6.11331
4.23244 ; 4.14249 ; 6.47066 ; 6.78336
3.27712 ; 7.18959 ; -2.34175 ; 3.11306
7.43296 ; 3.4595 ; 4.07175 ; 6.3692
6.81858 ; 6.54439 ; -6.90046 ; -6.44981
3.33409 ; 6.94088 ; 2.95955 ; -6.3149
7.84616 ; 7.20752 ; -5.54751 ; 2.4804
6.56465 ; 4.17498 ; -6.71952 ; 6.67336
4.38454 ; 5.35221 ; 6.38204 ; -6.48691
6.97552 ; 5.84925 ; -6.63466 ; -6.7776
7.33982 ; 2.92279 ; -6.73278 ; 4.63801
4.9912 ; 3.82829 ; 6.67809 ; 4.98333
7.61753 ; 3.05206 ; -6.06011 ; 5.31433
6.96286 ; 3.89044 ; -6.7287 ; 6.75786
7.5298 ; 6.71214 ; -6.1891 ; -6.42118
6.74344 ; 2.89592 ; -6.54828 ; -3.26099
4.75502 ; 6.02464 ; 6.74981 ; -6.71948
4.12505 ; 3.34484 ; 6.69147 ; 6.30138
7.95553 ; 3.13594 ; -3.32557 ; 6.2255
5.1797 ; 4.23371 ; 6.58436 ; 6.59838
6.5976 ; 3.12223 ; -6.84582 ; 5.19116
5.25021 ; 6.57431 ; -5.88277 ; -6.10726
7.81992 ; 3.13537 ; -5.68504 ; -2.17312
5.87589 ; 2.6235 ; 6.08482 ; 2.92519
7.34257 ; 3.10575 ; -6.6741 ; 5.39052
6.38764 ; 5.8206 ; -6.49608 ; 5.48772
8.25289 ; 6.96014 ; -2.95183 ; 3.56444
7.64727 ; 3.52898 ; -5.48465 ; 6.75126
8.21932 ; 5.50305 ; -2.28555 ; 5.48188
6.44863 ; 6.58533 ; 5.50901 ; -6.20304
5.13485 ; 5.55921 ; 6.56396 ; -6.5462
7.58392 ; 2.81394 ; -6.10682 ; 4.38837
5.01685 ; 6.25484 ; 6.69608 ; -6.39821
4.38606 ; 3.88938 ; 6.72044 ; 6.78873
7.14429 ; 7.25869 ; -6.95849 ; -4.05674
4.48467 ; 6.34941 ; 6.80244 ; -6.66207
7.32431 ; 5.20139 ; -6.00988 ; -6.27402
8.16793 ; 7.20576 ; 0.0225385 ; -5.5841
4.36354 ; 4.00724 ; 6.66232 ; 6.79289
4.04998 ; 2.74947 ; 6.79502 ; 3.59378
4.80856 ; 3.78037 ; 6.79904 ; 6.58947
4.83751 ; 5.36002 ; -5.43346 ; 5.8708
3.18461 ; 7.45454 ; 3.64557 ; 1.08586
4.49888 ; 3.89526 ; 6.77824 ; 6.75738
6.37807 ; 4.32895 ; -6.63948 ; 6.60349
5.87296 ; 7.66765 ; -2.97789 ; -1.24569
7.43165 ; 6.8812 ; -6.51524 ; -6.10327
4.52185 ; 6.09489 ; 6.72516 ; -6.77871
6.34524 ; 5.62454 ; -6.62366 ; -6.60025
3.06655 ; 7.61698 ; 1.55938 ; -0.149625
3.76653 ; 3.55552 ; 5.49027 ; 6.80081
7.46696 ; 2.72698 ; -6.46376 ; -2.22477
6.65295 ; 3.18479 ; -6.83891 ; 5.5066
5.01533 ; 7.31744 ; 5.48492 ; -4.21685
3.98716 ; 6.44422 ; 6.1994 ; -6.7841
7.37008 ; 2.94351 ; -6.69625 ; 4.70452
3.41699 ; 6.66325 ; -2.37325 ; -6.55151
3.19586 ; 3.40145 ; -0.193278 ; 6.69307
7.32524 ; 3.55404 ; -6.43335 ; 6.66477
5.08167 ; 2.60776 ; -5.28771 ; -0.145101
7.37634 ; 2.72725 ; 4.26595 ; -2.89441
4.28934 ; 4.75013 ; 6.33909 ; 6.45442
3.7164 ; 7.03188 ; 5.8134 ; -5.65756
3.84497 ; 6.97978 ; 6.17478 ; -5.74178
7.84856 ; 3.5377 ; -4.70641 ; 6.48354
4.80864 ; 5.97672 ; -5.44375 ; -6.45719
7.80294 ; 2.55984 ; -3.23815 ; 2.93099
4.62087 ; 6.0859 ; 6.75721 ; -6.75065
3.13387 ; 7.06893 ; 3.10397 ; 3.29839
6.75785 ; 2.55935 ; -6.77585 ; 1.5804
6.88592 ; 3.7041 ; -6.82576 ; 6.61013
7.30145 ; 2.67071 ; -6.81177 ; 2.73728
7.81056 ; 3.26529 ; -4.90576 ; 6.43867
3.82212 ; 3.05727 ; 6.26371 ; 5.39612
7.83026 ; 3.10281 ; -4.96952 ; 6.02886
3.21231 ; 7.12384 ; 1.44243 ; -5.83484
4.66559 ; 7.07174 ; 6.78585 ; -4.92291
4.28704 ; 6.30722 ; 6.6353 ; -6.78392
8.04927 ; 6.64588 ; -2.97321 ; -6.82859
5.60469 ; 4.69198 ; -6.13466 ; 6.33862
3.51747 ; 4.34376 ; 3.69852 ; 6.69383
7.81556 ; 7.48521 ; -5.79395 ; -2.53548
4.48131 ; 6.49137 ; 6.84137 ; -6.47473
7.37173 ; 6.44424 ; -6.37311 ; -6.83201
3.79632 ; 3.18893 ; 6.16272 ; 4.90664
3.905 ; 2.70793 ; 4.02328 ; 4.18171
7.19165 ; 3.12077 ; -6.8329 ; 5.47441
4.41617 ; 6.2789 ; 6.72131 ; -6.75504
4.37228 ; 3.76615 ; 6.76219 ; 6.74529
7.06052 ; 3.05061 ; -6.90963 ; 5.06811
3.76474 ; 2.71048 ; -3.70481 ; -2.53136
3.48019 ; 6.93261 ; 4.36808 ; -6.23246
7.41684 ; 2.70599 ; -6.65827 ; 2.74341
7.20351 ; 6.41643 ; -6.6449 ; -6.79363
7.14848 ; 7.63815 ; 4.11966 ; -2.02676
3.9722 ; 2.93831 ; 6.63658 ; 4.87351
4.94859 ; 4.17106 ; 6.69324 ; 6.65865
4.32395 ; 6.27213 ; 6.64234 ; -6.79116
4.53331 ; 4.34301 ; 6.63331 ; 6.67033
7.99259 ; 7.51196 ; 1.15346 ; -3.72441
7.07416 ; 6.00813 ; -6.60851 ; -6.84038
3.22341 ; 2.54853 ; 3.53054 ; 2.63896
4.91131 ; 5.80482 ; 6.67839 ; -6.66685
7.48113 ; 6.61516 ; -6.22225 ; -6.70472
7.2061 ; 6.32758 ; -6.59354 ; -6.8471
7.98673 ; 5.38867 ; -2.74092 ; 5.91411
7.44519 ; 3.00168 ; -6.53923 ; 5.17138
5.37001 ; 7.60613 ; 6.44126 ; 0.0211954
6.92196 ; 3.97925 ; -6.71887 ; 6.76296
7.04579 ; 3.8822 ; -6.66056 ; 6.78038
3.38785 ; 3.35351 ; 4.12897 ; 5.70254
7.71941 ; 6.78297 ; -5.48868 ; -6.53602
4.71123 ; 5.77849 ; 6.678 ; -6.6956
4.58165 ; 6.1169 ; 6.75636 ; -6.75723
7.20367 ; 3.61068 ; -6.61914 ; 6.66988
3.85045 ; 7.36699 ; 6.48945 ; -2.67115
4.5859 ; 6.0866 ; 6.748 ; -6.76153
4.34143 ; 6.29746 ; 6.69256 ; -6.76173
3.5331 ; 2.8977 ; -2.8968 ; 5.3566
4.64211 ; 6.18549 ; 6.78977 ; -6.71069
6.39433 ; 2.50476 ; -6.67973 ; 0.307061
4.51652 ; 5.0335 ; 6.42906 ; 6.22428
4.17802 ; 2.87346 ; 6.8561 ; 3.72709
4.12634 ; 3.58214 ; 6.5755 ; 6.69355
7.08608 ; 3.70401 ; -6.71046 ; 6.7058
4.32105 ; 3.54295 ; 6.8068 ; 6.54197
6.95196 ; 3.71126 ; -6.79656 ; 6.65584
7.60431 ; 7.16347 ; -6.29183 ; -4.71141
4.38751 ; 3.89206 ; 6.71767 ; 6.78967
4.83986 ; 2.67148 ; 6.74186 ; -1.58606
5.50567 ; 4.49668 ; 6.30016 ; 6.48652
3.43062 ; 5.18298 ; 4.69026 ; -3.71675
3.2198 ; 2.6052 ; 2.97611 ; 3.61026
7.14864 ; 7.04068 ; 4.52613 ; 3.73919
4.70011 ; 6.05037 ; 6.75582 ; -6.73209
3.66034 ; 2.71446 ; 5.74848 ; -2.01519
4.09321 ; 3.52584 ; 6.54806 ; 6.64129
5.09061 ; 3.05825 ; 6.69971 ; 5.0041
3.23064 ; 2.50508 ; -0.343745 ; -1.2281
4.27101 ; 6.33195 ; 6.63238 ; -6.77091
3.92415 ; 6.28035 ; 5.95704 ; 4.90295
4.74939 ; 5.53435 ; 6.61875 ; -6.57876
5.3168 ; 5.38102 ; 6.45487 ; -6.43519
7.50048 ; 3.27012 ; -6.23396 ; 6.24109
3.15601 ; 3.36334 ; -1.13811 ; -0.913499
4.2436 ; 3.88806 ; 6.56565 ; 6.82427
7.97698 ; 3.07126 ; -3.90347 ; 6.06061
3.29734 ; 2.99555 ; 3.04981 ; 5.92294
7.89876 ; 2.74819 ; -4.89313 ; 4.29662
3.64817 ; 6.4423 ; 4.92458 ; -6.88579
3.35001 ; 7.24276 ; -0.606791 ; -5.37245
4.25764 ; 3.46952 ; 6.78231 ; 6.45543
7.77877 ; 7.43454 ; -5.93248 ; -2.22304
7.30129 ; 6.83395 ; -6.72007 ; -6.1381
6.99336 ; 3.63557 ; -6.6271 ; 6.64032
3.58671 ; 2.57952 ; 5.8517 ; 0.296653
3.26987 ; 7.19702 ; 1.29371 ; -5.54462
6.65743 ; 4.90985 ; -6.49573 ; -6.16058
7.82032 ; 7.21108 ; -5.43338 ; -5.0633
4.48817 ; 3.21131 ; 6.90539 ; 5.75926
7.28642 ; 4.5428 ; -6.0953 ; 6.57978
4.54761 ; 6.26248 ; 6.7947 ; -6.70731
7.41149 ; 7.33604 ; -6.75635 ; -3.37659
7.22184 ; 7.44345 ; 1.94875 ; 2.25223
5.90464 ; 3.79243 ; 6.09131 ; 6.35698
7.3672 ; 2.83728 ; -6.7338 ; 4.11658
4.6708 ; 4.10834 ; 6.75152 ; 6.72801
4.51692 ; 4.13546 ; 6.702 ; 6.75484
6.57288 ; 5.8089 ; -6.71884 ; -6.70373
7.05202 ; 6.1517 ; -6.44537 ; 5.10694
6.74728 ; 5.99156 ; -6.76909 ; -6.7761
6.12096 ; 4.61767 ; -6.48224 ; 6.45061
3.25886 ; 3.26461 ; 2.0927 ; 6.59256
7.79798 ; 3.47353 ; -4.75097 ; 6.75394
3.90477 ; 6.88845 ; 6.30932 ; -6.01088
3.13947 ; 2.53967 ; 1.71769 ; 3.3312
7.20671 ; 6.82929 ; -6.82876 ; -6.07594
6.68641 ; 6.68474 ; -6.89121 ; -6.1247
3.18274 ; 7.27123 ; 0.310545 ; -5.09956
5.06609 ; 6.03661 ; -5.62362 ; 5.2868
4.40965 ; 6.94768 ; 6.85014 ; -3.97516
6.03771 ; 5.41233 ; -6.44556 ; -6.45494
5.60537 ; 6.89998 ; 6.33471 ; -5.17266
4.1407 ; 4.20911 ; 6.28965 ; 6.77207
3.32286 ; 6.89028 ; 2.72653 ; -6.44286
3.43684 ; 3.1615 ; 4.13714 ; 6.29043
7.25632 ; 6.21691 ; -6.47543 ; -6.8788
4.72425 ; 6.19871 ; 6.76404 ; -6.69074
7.0177 ; 6.14752 ; -6.71586 ; -6.84038
4.70488 ; 5.91101 ; 6.71651 ; -6.73029
7.16033 ; 4.28353 ; -6.24807 ; -5.5964
8.10493 ; 6.77799 ; -1.75796 ; -6.68319
3.82407 ; 2.3799 ; -3.66912 ; 0.833946
8.11797 ; 6.32091 ; -2.34453 ; -6.86413
3.33371 ; 5.89773 ; -2.25842 ; -6.68071
7.5975 ; 7.07694 ; -6.23547 ; -5.43172
7.70202 ; 3.52467 ; -5.22744 ; 6.77056
7.79154 ; 2.62391 ; -5.78154 ; 2.63692
3.78908 ; 2.56151 ; 6.32635 ; -0.763687
7.40437 ; 3.51321 ; -6.2974 ; 6.65019
7.70729 ; 7.05938 ; -5.78132 ; -5.66989
6.51098 ; 5.91019 ; -6.72962 ; -6.7075
3.38733 ; 2.95007 ; 3.92425 ; 5.66136
6.41766 ; 5.80086 ; -6.68089 ; -6.66938
3.98727 ; 3.09909 ; -3.7385 ; 5.65388
7.78481 ; 6.7837 ; -5.14455 ; -6.56618
7.68357 ; 7.07834 ; -5.9546 ; -5.22762
6.71037 ; 6.96038 ; -6.92226 ; -5.30537
3.90377 ; 7.01485 ; -3.66308 ; -5.85464
6.55436 ; 5.89485 ; -6.73596 ; -6.71749
7.13872 ; 4.50823 ; -6.36412 ; 6.58689
7.02478 ; 3.86254 ; -6.69745 ; 6.76362
7.15337 ; 3.41644 ; -6.76791 ; 6.33511
7.32639 ; 5.87006 ; -5.53018 ; -6.70751
7.99197 ; 4.1012 ; 2.5218 ; 6.64856
7.47242 ; 6.73066 ; -6.31542 ; -6.51496
5.9154 ; 3.09716 ; 5.99175 ; -1.80956
3.92641 ; 7.44814 ; 6.62701 ; -1.72563
8.20245 ; 6.43864 ; -0.434422 ; -6.9003
5.03788 ; 5.68711 ; 6.62095 ; -6.61021
3.30567 ; 2.81064 ; 3.50522 ; 5.05396
4.07037 ; 2.95815 ; 6.76713 ; 4.88895
7.57482 ; 2.64696 ; -6.42802 ; 2.71147
6.11261 ; 4.46672 ; 5.84507 ; -5.71946
8.10432 ; 3.04857 ; 0.326442 ; 6.0983
3.00975 ; 3.05058 ; 1.0298 ; -3.29839
6.71725 ; 6.07979 ; -6.79837 ; -6.76617
7.75512 ; 2.60617 ; -5.97107 ; 2.22126
7.32997 ; 6.76962 ; -6.63324 ; -6.33911
6.8088 ; 6.18624 ; -6.82031 ; -6.7721
4.02155 ; 4.07314 ; 5.07157 ; 6.80935
4.57978 ; 6.36349 ; 6.82733 ; -6.61259
3.96254 ; 3.6242 ; 6.2119 ; 6.78759
6.11801 ; 7.62682 ; -6.20318 ; -0.57396
6.42458 ; 5.72021 ; -6.66792 ; -6.64918
6.8188 ; 6.14538 ; -6.80549 ; -6.75129
6.21303 ; 2.61248 ; -6.61293 ; 1.8745
7.05588 ; 3.98095 ; -6.61186 ; 6.79299
3.34986 ; 6.84975 ; 3.13738 ; -6.50755
4.69396 ; 5.92997 ; 6.72024 ; -6.73513
6.72978 ; 3.78582 ; 5.26692 ; 6.34686
4.26773 ; 7.3735 ; 6.87495 ; -0.399362
8.2873 ; 7.6079 ; -2.23589 ; -0.0722891
7.77578 ; 6.66378 ; -5.05325 ; -6.76026
5.19725 ; 5.44246 ; 6.5199 ; -6.48275
5.20116 ; 4.61856 ; 6.52352 ; 6.46755
6.71062 ; 3.80434 ; -6.813 ; 6.62656
6.70063 ; 3.7689 ; -6.81556 ; 6.60015
3.33581 ; 2.95089 ; 3.79773 ; 5.44316
4.35066 ; 3.59618 ; 6.8096 ; 6.60646
4.85074 ; 5.89579 ; 6.70915 ; -6.69383
6.08901 ; 2.90079 ; -6.37701 ; -3.36761
7.06853 ; 6.50835 ; -6.8257 ; -6.63814
4.02255 ; 3.15948 ; 5.92143 ; 6.01058
6.33683 ; 5.66499 ; -6.62813 ; -6.61402
8.03227 ; 7.08855 ; -3.65757 ; -5.90219
7.40274 ; 7.10632 ; -6.13329 ; -5.37087
7.02419 ; 3.76056 ; -6.74032 ; 6.71702
3.06279 ; 2.54699 ; 1.10911 ; 0.491707
4.10913 ; 3.81103 ; 6.39782 ; 6.84129
4.67081 ; 5.9306 ; 6.71551 ; -6.74048
4.20823 ; 3.35478 ; 6.78099 ; 6.27017
6.94863 ; 4.24685 ; -6.60969 ; 6.71688
7.79784 ; 3.38934 ; -4.78619 ; 6.61767
3.53274 ; 2.65559 ; 5.60596 ; 1.60802
8.14119 ; 7.20352 ; -2.65764 ; -5.51825
6.9496 ; 6.8085 ; -6.94009 ; -5.97341
7.84134 ; 7.48618 ; -5.70122 ; -2.35374
3.51132 ; 7.44389 ; 0.0476667 ; -4.14862
3.21453 ; 2.66075 ; 3.31216 ; 2.84878
7.6353 ; 2.68598 ; -6.20713 ; -1.86973
7.72252 ; 2.7181 ; 1.3168 ; 4.73256
7.85884 ; 7.20576 ; -5.32664 ; 1.32771
7.73632 ; 2.59563 ; 1.17773 ; -1.94399
4.95613 ; 6.3862 ; 6.73401 ; -6.4584
8.22424 ; 6.25177 ; -2.81901 ; -2.5648
5.17489 ; 6.53772 ; 6.62371 ; -6.19104
3.11107 ; 5.03935 ; -0.55306 ; -6.20002
