4.63965 ; 6.83339 ; 6.09631 ; 4.33127
4.55274 ; 4.93001 ; 5.98381 ; -6.03519
4.32585 ; 6.13498 ; 6.14023 ; -6.11936
5.72903 ; 5.13682 ; -6.08319 ; -6.09961
6.37669 ; 5.09835 ; 5.53729 ; 5.93992
5.78516 ; 5.03482 ; -6.09638 ; -6.06116
5.12122 ; 4.66308 ; 6.2985 ; 6.1791
5.6013 ; 4.2384 ; 5.98355 ; -5.51672
3.54793 ; 5.58698 ; 3.45551 ; -6.4411
4.67834 ; 4.21985 ; 6.34081 ; 6.38724
4.26154 ; 6.08775 ; 5.74162 ; 5.25041
4.20307 ; 4.92394 ; -4.80284 ; 5.97428
7.76861 ; 7.55871 ; -5.13751 ; -0.743844
8.23408 ; 6.1577 ; 1.05894 ; -6.48668
3.14412 ; 7.25332 ; -0.0984421 ; -4.37247
3.55166 ; 3.53264 ; -3.42717 ; 5.93638
7.14419 ; 7.1472 ; -6.39678 ; -4.05649
4.79738 ; 3.51798 ; 6.51439 ; 5.63933
5.33037 ; 5.58979 ; 5.97518 ; 5.53053
8.04657 ; 3.51491 ; 2.64276 ; 5.95875
5.49398 ; 4.89532 ; 6.15697 ; 6.10685
5.99251 ; 4.65946 ; -6.216 ; 6.18611
4.78044 ; 4.22462 ; 6.36302 ; 6.36716
4.34747 ; 4.51301 ; -4.96237 ; 6.03191
7.4951 ; 3.69436 ; -5.1217 ; 6.31676
3.37718 ; 5.06246 ; 2.58051 ; -6.1388
6.79711 ; 5.84595 ; 5.15195 ; -6.17271
6.4363 ; 5.55045 ; 5.55308 ; -5.94781
5.58656 ; 4.91238 ; -5.98474 ; -5.97684
4.05355 ; 7.32273 ; -4.40287 ; 3.42651
4.28906 ; 4.22263 ; 5.99702 ; 6.42339
5.61663 ; 6.48068 ; 6.13317 ; -5.66644
4.39046 ; 3.92374 ; 6.22689 ; 6.36705
4.80022 ; 3.00571 ; 6.32429 ; -3.70239
7.53848 ; 7.0033 ; -5.5853 ; -5.01795
4.90739 ; 5.79795 ; 6.35746 ; -6.3493
8.01305 ; 7.27881 ; -3.28041 ; -4.15348
6.96506 ; 6.17123 ; -6.27882 ; -6.41353
6.55317 ; 4.44275 ; -6.3072 ; 6.32711
8.32051 ; 3.46211 ; -1.55986 ; -4.53714
6.09116 ; 4.43611 ; -5.91111 ; -5.68101
6.49397 ; 4.37704 ; -6.237 ; 6.32849
4.56776 ; 4.63068 ; -5.20809 ; -5.73319
6.13932 ; 6.45732 ; -6.39347 ; -5.8042
6.55882 ; 5.47078 ; -6.15899 ; 5.75618
6.91289 ; 6.29644 ; -6.31376 ; -6.30225
5.4306 ; 5.41433 ; 6.19997 ; -6.20721
6.9981 ; 6.11199 ; -6.2617 ; -6.25195
7.66824 ; 7.29369 ; -5.32924 ; -3.16026
5.5577 ; 5.09976 ; 6.10865 ; -6.08352
7.11161 ; 6.56007 ; -6.26092 ; -6.03146
5.56276 ; 5.1621 ; 6.11519 ; -6.10852
6.42302 ; 5.86758 ; -6.41558 ; -6.36995
5.98431 ; 4.75553 ; -6.20001 ; 6.15837
6.84086 ; 7.55183 ; 4.98421 ; 2.47543
6.85721 ; 5.03962 ; -5.97647 ; 6.07927
5.09216 ; 5.29968 ; 6.25076 ; -6.21649
6.7792 ; 4.32719 ; -6.23544 ; 6.37767
5.24746 ; 5.37299 ; 6.24522 ; -6.22813
4.44147 ; 3.91617 ; 6.28116 ; 6.35154
7.4558 ; 5.36407 ; 4.44059 ; -6.09392
6.1165 ; 5.52918 ; -6.29568 ; -6.28748
6.5863 ; 4.41055 ; -6.30702 ; 6.33735
3.34944 ; 6.36501 ; 2.50086 ; -6.43828
5.81134 ; 5.26257 ; 5.96584 ; 5.88758
8.10065 ; 4.15757 ; -0.824209 ; 6.48798
4.55727 ; 6.36349 ; 6.399 ; -6.11571
4.75935 ; 5.77819 ; 6.2874 ; -6.38476
7.0246 ; 6.08764 ; -6.18849 ; -6.46704
6.85956 ; 6.36402 ; -6.10739 ; 4.86669
3.25964 ; 6.42531 ; 1.69655 ; -6.40373
8.13782 ; 7.00492 ; 1.62336 ; -5.34675
4.94341 ; 5.73441 ; 6.34425 ; -6.34455
8.38013 ; 7.30104 ; -0.930465 ; 2.9348
7.1454 ; 3.12172 ; -6.2977 ; 4.06863
5.37124 ; 4.79271 ; 6.21561 ; 6.16371
4.83371 ; 6.33815 ; 6.46426 ; -6.02264
4.16662 ; 6.51434 ; 6.02489 ; -5.97009
5.06064 ; 6.09391 ; 6.35009 ; -6.22384
5.08421 ; 3.38861 ; 6.45577 ; 5.36525
4.56692 ; 7.08181 ; 6.30361 ; 3.5442
4.93086 ; 4.59567 ; 6.30774 ; 6.29113
6.99257 ; 4.05466 ; -6.14714 ; 6.38221
6.45089 ; 5.72045 ; -6.38553 ; -6.38248
4.94765 ; 4.26523 ; 6.38919 ; 6.3264
3.22823 ; 6.97322 ; 0.18742 ; -5.49025
4.25713 ; 4.31665 ; 5.88246 ; 6.44398
3.56504 ; 3.59261 ; 3.88138 ; 5.16853
3.58885 ; 5.94181 ; 4.08212 ; 5.37936
5.98333 ; 4.80455 ; -6.19208 ; 6.14283
6.56785 ; 4.53514 ; -6.27766 ; 6.30739
6.71999 ; 7.5793 ; -3.78114 ; -1.75864
4.8575 ; 6.33833 ; 6.43198 ; -5.98278
5.76444 ; 5.54847 ; 6.03952 ; -6.17825
4.44938 ; 5.18591 ; -5.0855 ; -6.02546
5.44445 ; 4.84481 ; 6.18345 ; 6.13332
8.21674 ; 2.46864 ; -2.78771 ; -1.01878
7.14181 ; 4.97333 ; -5.70594 ; -6.08851
3.42112 ; 6.29188 ; -2.95194 ; -6.28333
5.12929 ; 4.27512 ; 6.36482 ; 6.286
6.18862 ; 4.72204 ; -6.25785 ; 6.19876
4.78304 ; 5.67487 ; 6.29284 ; -6.37173
3.74051 ; 6.4912 ; -2.86956 ; -5.9338
3.83539 ; 3.01382 ; 5.46332 ; -3.2418
7.28222 ; 2.57212 ; -6.24832 ; 1.25462
6.26941 ; 5.46315 ; -6.31738 ; -6.29924
3.31086 ; 5.2255 ; 0.296893 ; 5.94666
6.43021 ; 3.3561 ; -6.49231 ; 5.21039
4.71892 ; 2.59763 ; 6.08392 ; 2.092
4.36987 ; 2.6222 ; 6.50063 ; 1.86897
3.56777 ; 4.1799 ; 4.5447 ; 3.48989
8.19376 ; 2.99362 ; -0.824355 ; 5.12809
4.90035 ; 3.75054 ; 6.47804 ; 6.03349
4.65933 ; 6.57509 ; 6.43977 ; -5.75274
8.01368 ; 3.77644 ; 2.80725 ; 6.24825
4.40682 ; 3.66057 ; 6.3348 ; 6.12266
5.09396 ; 5.52517 ; 6.29633 ; -6.29379
6.48036 ; 6.96497 ; -6.55908 ; -4.6189
4.8569 ; 3.61282 ; 6.08534 ; -4.8926
6.67572 ; 3.18208 ; -6.54059 ; 4.74005
4.54504 ; 4.33889 ; 6.20046 ; 6.40618
7.95751 ; 3.06332 ; -3.58073 ; 5.15117
3.68623 ; 2.36529 ; -3.69703 ; 1.03604
8.05247 ; 5.93596 ; 2.9008 ; 5.32617
8.04851 ; 2.48435 ; -3.69906 ; 1.33676
6.814 ; 3.48337 ; -6.16356 ; -4.63192
5.10736 ; 3.98773 ; 6.38769 ; 6.17897
5.80544 ; 5.15515 ; -6.12114 ; -6.1177
6.87412 ; 4.65321 ; -5.96714 ; -5.87321
7.06184 ; 4.71188 ; -5.81282 ; 6.26883
5.07041 ; 5.49779 ; 6.29194 ; -6.29038
5.12411 ; 2.679 ; 6.29069 ; -3.06227
6.183 ; 4.7505 ; -6.25154 ; 6.18813
5.79286 ; 4.1148 ; -6.15785 ; 6.10565
3.35121 ; 6.09087 ; 2.09716 ; -6.50111
3.23405 ; 7.25464 ; -1.44529 ; -4.51608
6.36684 ; 4.32368 ; -6.35694 ; 6.29647
4.58705 ; 4.31159 ; 6.24194 ; 6.40303
4.9303 ; 4.34629 ; 6.36803 ; 6.33916
5.63112 ; 4.53717 ; 6.12857 ; 6.18227
4.55448 ; 6.69251 ; 6.47336 ; -5.4854
5.77453 ; 4.75861 ; 6.03055 ; 6.11578
3.55318 ; 3.3619 ; 4.14315 ; 5.97451
4.53976 ; 2.61832 ; 6.25455 ; -2.57695
5.27969 ; 5.86123 ; 6.30544 ; -6.24246
4.56894 ; 6.8873 ; 6.31664 ; 3.63885
8.1267 ; 3.81273 ; 0.304946 ; 6.42696
6.59651 ; 3.87726 ; -6.44046 ; 6.18056
6.06868 ; 4.91175 ; -6.18074 ; -6.01638
5.68371 ; 5.12257 ; -6.05875 ; -6.08767
7.9435 ; 7.2949 ; -3.95276 ; -3.99294
3.81337 ; 7.59506 ; 5.53142 ; -0.456996
5.76269 ; 5.01983 ; -6.0848 ; -6.05151
4.48528 ; 6.50684 ; -5.02884 ; 3.73483
4.99502 ; 4.31058 ; 6.3791 ; 6.32227
5.09528 ; 3.88771 ; 6.4199 ; 6.10002
5.89114 ; 5.13815 ; -6.1417 ; -5.96328
3.95928 ; 6.78785 ; 5.66359 ; -5.57838
5.4981 ; 5.33223 ; 6.16379 ; -6.17525
6.60409 ; 6.70154 ; -6.56013 ; -5.46224
5.2904 ; 4.82039 ; 6.2339 ; 6.16334
7.26513 ; 4.2992 ; -5.75352 ; -5.33443
4.78533 ; 7.34687 ; 6.3187 ; 3.05313
4.21364 ; 3.84813 ; 6.01164 ; 6.37194
3.99416 ; 3.96889 ; 5.39694 ; 6.47332
7.04821 ; 3.89584 ; 4.91023 ; 4.30222
5.01521 ; 3.20914 ; -5.51496 ; -4.42424
6.80039 ; 4.43088 ; -6.16781 ; 6.36301
5.86192 ; 5.75716 ; 5.8908 ; 5.54797
4.33786 ; 4.322 ; -4.97357 ; -5.51674
4.61788 ; 4.2531 ; -5.23455 ; 6.07955
5.43753 ; 4.85568 ; 6.18404 ; 6.13051
4.18245 ; 6.13776 ; 5.81485 ; -6.43751
3.27856 ; 7.43765 ; 2.88945 ; -2.00527
4.98783 ; 4.40001 ; 6.35692 ; 6.3229
7.78734 ; 7.1419 ; -3.1298 ; -4.69342
7.80432 ; 6.61565 ; -4.14228 ; -6.19805
6.02462 ; 4.66887 ; -6.22561 ; 6.18949
7.97179 ; 6.32574 ; -3.21873 ; -6.29094
8.05311 ; 2.61657 ; 2.07336 ; -2.71257
6.2202 ; 3.66425 ; -6.37292 ; 5.7896
6.28271 ; 5.01648 ; -6.23043 ; -6.0928
4.31503 ; 6.53434 ; 6.24302 ; -5.96894
5.24317 ; 5.5437 ; 6.2775 ; -6.26788
4.65956 ; 6.3354 ; 6.42818 ; -6.11172
7.93414 ; 3.86449 ; -4.06198 ; -2.72661
6.80655 ; 6.66309 ; -6.52838 ; -5.66577
6.31497 ; 4.06228 ; -6.3851 ; 6.2162
6.50747 ; 5.9208 ; -6.42817 ; -6.38201
4.39019 ; 5.8634 ; 6.03717 ; -6.45151
4.5159 ; 4.33535 ; -5.1311 ; 6.09785
3.62008 ; 3.483 ; 4.02231 ; 6.09396
6.57652 ; 6.11211 ; -6.46636 ; -6.32044
4.54013 ; 6.48795 ; 6.42124 ; -5.94008
7.12088 ; 7.32557 ; -6.1785 ; 2.96695
7.98447 ; 6.71198 ; -3.00818 ; -6.08116
5.54436 ; 5.15619 ; 6.12125 ; -6.1086
5.12347 ; 4.66482 ; 6.15748 ; -5.84156
5.8955 ; 4.73737 ; -6.1682 ; 6.15055
5.95106 ; 5.49918 ; -6.22947 ; -6.24944
6.15241 ; 4.55336 ; 5.74312 ; -5.73023
5.85962 ; 4.98965 ; -6.12179 ; 6.05073
6.83694 ; 6.91073 ; -6.14466 ; 4.14833
3.34593 ; 3.86015 ; 2.41127 ; 6.51384
5.83391 ; 5.14773 ; -6.13248 ; -6.1186
6.25332 ; 5.86279 ; -6.38575 ; -6.32537
5.59087 ; 5.20419 ; -5.97035 ; 5.91412
6.55489 ; 4.29615 ; -6.33771 ; 6.33923
6.45064 ; 5.05845 ; 5.54342 ; 5.93103
8.26061 ; 5.74024 ; -1.03746 ; 5.52268
5.24567 ; 5.28898 ; 6.22877 ; -6.19908
3.34753 ; 7.59394 ; 3.25452 ; 0.343985
3.89341 ; 5.59745 ; 4.81459 ; -6.43641
4.22854 ; 7.15343 ; 6.32917 ; -3.89447
7.32581 ; 5.30288 ; -5.10188 ; -6.30823
8.06745 ; 6.35168 ; -2.44915 ; -6.48232
6.5686 ; 5.51891 ; -6.31406 ; -6.35908
6.18243 ; 4.7521 ; -6.25053 ; 6.18805
5.97998 ; 5.32021 ; -6.2166 ; -6.2076
6.56793 ; 6.01484 ; -6.44086 ; -6.37275
6.095 ; 5.45892 ; -6.27808 ; -6.26907
3.23694 ; 3.79807 ; 1.36419 ; 6.48391
5.58322 ; 5.21182 ; 6.11315 ; -6.1239
3.48454 ; 6.58249 ; 3.49432 ; -6.22507
4.5982 ; 3.72879 ; 6.44163 ; 6.09688
4.51708 ; 5.89506 ; 6.20277 ; -6.42808
3.2463 ; 6.15752 ; 0.371652 ; -6.52045
6.87026 ; 3.77213 ; -6.36119 ; 6.18132
4.60653 ; 5.87591 ; 6.2808 ; -6.38688
3.47544 ; 3.97258 ; 2.97672 ; 6.52922
7.66566 ; 2.34564 ; 3.82275 ; 1.20003
7.35414 ; 3.11347 ; -5.80346 ; -3.80583
7.60545 ; 2.66225 ; -5.54422 ; 2.50771
3.38004 ; 6.34425 ; 1.39086 ; -6.45007
7.60412 ; 2.56391 ; -5.60733 ; 0.420561
7.97896 ; 2.61474 ; -4.05126 ; 1.17103
5.88098 ; 4.84152 ; -6.14994 ; 6.11494
8.11341 ; 3.86949 ; -1.0104 ; 6.48025
7.95634 ; 3.62577 ; 1.65647 ; 6.24537
6.48428 ; 5.53083 ; -6.32928 ; -6.35119
5.8136 ; 4.92191 ; 5.97241 ; -5.97043
5.93143 ; 4.92336 ; -6.15855 ; 6.05864
5.20118 ; 4.65692 ; 6.28453 ; 6.23311
6.37933 ; 2.46926 ; 5.57823 ; 1.33019
7.52331 ; 6.42024 ; 2.83339 ; -6.22252
6.68554 ; 4.27836 ; -6.30932 ; 6.36
5.63248 ; 2.41037 ; 6.16202 ; 0.0622073
6.19875 ; 4.46196 ; -6.30636 ; 6.25831
5.78644 ; 4.87399 ; 5.98083 ; -5.94871
7.7992 ; 5.42889 ; -3.81227 ; 5.68982
3.5644 ; 3.11349 ; 4.32758 ; 5.32766
8.01415 ; 3.35299 ; 0.0650986 ; 5.97018
6.24626 ; 4.30228 ; -6.34207 ; 6.26505
4.44115 ; 3.22487 ; -4.95117 ; 4.97548
7.50626 ; 3.17432 ; 4.11079 ; 5.21027
5.80763 ; 4.03764 ; 6.04782 ; 6.02552
5.77201 ; 5.0361 ; -6.07838 ; 6.01857
8.04854 ; 7.00208 ; -3.60076 ; 3.43041
7.25658 ; 2.76743 ; -6.24634 ; 2.97646
6.68392 ; 3.78236 ; -6.1345 ; -5.07788
4.05 ; 4.1539 ; 5.4634 ; 6.48768
3.37388 ; 4.86942 ; 3.63363 ; 3.08828
5.03326 ; 5.54681 ; 6.30261 ; -6.30834
6.22822 ; 4.25602 ; -6.34428 ; 6.25156
5.32633 ; 4.60636 ; 6.25926 ; 6.22587
4.25324 ; 3.97603 ; 6.01638 ; 6.42683
4.21917 ; 4.13939 ; 5.79214 ; 6.46337
5.59419 ; 5.13785 ; 6.09977 ; -6.09476
5.56071 ; 4.80475 ; -5.95931 ; -5.91481
6.23535 ; 6.3396 ; -6.42885 ; -6.00541
3.56216 ; 7.07873 ; 3.70606 ; -4.91452
8.22174 ; 7.15457 ; 1.09877 ; -4.87493
5.97359 ; 4.80498 ; -6.18832 ; 6.14174
5.41625 ; 5.1702 ; 6.16787 ; -6.13008
3.32451 ; 3.55969 ; -2.55905 ; 6.09542
7.10815 ; 3.92704 ; -6.0305 ; 6.38045
8.08673 ; 6.4069 ; 2.27444 ; -6.27992
6.45783 ; 7.62638 ; 5.28153 ; -0.780844
6.81244 ; 3.68784 ; -6.05698 ; -4.97332
5.49039 ; 7.06527 ; 6.18936 ; -4.10633
4.14229 ; 4.04389 ; 5.77905 ; 6.36791
5.51227 ; 4.82767 ; -5.93479 ; -5.92327
6.56855 ; 5.62388 ; -6.34277 ; -6.38848
6.49668 ; 5.72174 ; 5.48128 ; 5.5406
4.89023 ; 5.93351 ; 6.38986 ; -6.30679
7.68551 ; 6.73655 ; -4.85948 ; -5.78694
4.43685 ; 6.09972 ; 6.21943 ; -6.35699
4.21731 ; 3.76299 ; -4.75764 ; 5.88586
5.86318 ; 4.61186 ; -6.06853 ; -5.80985
7.15319 ; 2.62466 ; -6.35871 ; 1.19918
4.08112 ; 3.66931 ; 6.0264 ; 0.18346
4.65242 ; 6.3902 ; -5.26835 ; -5.84632
5.68799 ; 4.88791 ; 6.02837 ; -5.96421
5.78083 ; 4.93297 ; 5.98983 ; -5.97928
5.92002 ; 5.29817 ; -6.19014 ; -6.18989
4.99384 ; 4.21364 ; 6.38363 ; 6.31677
8.16754 ; 6.21329 ; -0.420689 ; -6.40618
5.76964 ; 5.07125 ; -6.09427 ; -6.07642
5.36216 ; 4.50392 ; 6.25533 ; 6.23987
3.84375 ; 6.37938 ; -4.31126 ; 4.92255
5.84602 ; 5.18385 ; 5.95532 ; 5.92782
6.46949 ; 4.23061 ; -6.37251 ; 6.308
6.75813 ; 6.02056 ; -6.44019 ; -3.68757
6.73092 ; 7.48298 ; -5.64404 ; 2.41957
5.23338 ; 5.35177 ; 6.24304 ; -6.22367
5.3494 ; 2.56457 ; 6.31689 ; 1.60331
4.91636 ; 5.85388 ; 6.36809 ; -6.34069
5.91954 ; 4.96928 ; -6.14658 ; 6.06673
3.86836 ; 5.83619 ; 4.84488 ; -6.51092
5.04461 ; 3.59329 ; 6.46473 ; 5.68999
6.58024 ; 4.99177 ; -6.1952 ; 6.08397
6.03614 ; 5.79859 ; -6.19042 ; -6.31979
5.85483 ; 4.13293 ; 6.01091 ; 6.09997
3.02905 ; 4.63475 ; -0.777814 ; -5.0365
6.88641 ; 4.57314 ; -6.1404 ; 6.23119
7.60197 ; 6.94109 ; -4.95776 ; -5.29175
6.12379 ; 6.175 ; 5.61925 ; 5.1709
5.1598 ; 4.33837 ; 6.10737 ; -5.6037
5.6918 ; 2.49667 ; -6.03309 ; -2.37317
3.67345 ; 3.44689 ; 4.68398 ; 6.08481
3.99105 ; 6.52676 ; -4.52287 ; 4.74753
5.64053 ; 5.04164 ; 6.07444 ; 6.0222
5.86461 ; 4.86767 ; -6.13991 ; 6.10314
6.47959 ; 4.03325 ; -6.41642 ; 6.24669
5.58304 ; 5.01505 ; 6.0878 ; -6.04027
7.95557 ; 5.44128 ; -3.00898 ; -6.40083
5.25774 ; 2.40428 ; -5.77008 ; -0.0559131
7.19637 ; 4.59397 ; -5.60884 ; 6.32729
6.82024 ; 5.52423 ; -6.31373 ; -5.95506
7.49504 ; 5.88328 ; -4.89448 ; 5.423
6.21074 ; 4.58865 ; -6.28773 ; 6.23951
5.13088 ; 5.77767 ; 6.33875 ; -6.29647
6.23209 ; 5.41567 ; -6.30252 ; -6.27897
5.07617 ; 3.5051 ; -5.65337 ; 5.36089
7.73442 ; 3.14331 ; -4.94934 ; -3.61332
4.25859 ; 3.82796 ; -4.54825 ; 6.09832
3.05712 ; 4.56892 ; -1.02027 ; -5.72732
7.16031 ; 6.62985 ; -5.82255 ; 4.55625
5.3766 ; 5.32725 ; 6.20486 ; -6.19448
6.06012 ; 5.43324 ; -6.26302 ; -6.2559
3.24266 ; 2.83903 ; 2.19044 ; 4.39116
4.4586 ; 5.60593 ; 6.02819 ; -6.39641
5.01003 ; 5.63179 ; 6.32279 ; -6.32505
7.99174 ; 3.29568 ; -2.38799 ; 5.87694
4.91949 ; 7.28944 ; 6.52178 ; -2.60781
3.85038 ; 7.51447 ; 5.75494 ; 0.947855
7.28368 ; 3.84886 ; 4.61709 ; 6.02852
6.17531 ; 5.38378 ; -6.28576 ; -6.26012
6.01525 ; 5.1775 ; -6.20607 ; -6.15449
4.44776 ; 4.37444 ; 6.10035 ; 6.41278
5.65121 ; 5.11606 ; -6.01068 ; 5.96622
5.6817 ; 5.06471 ; 6.05231 ; 6.00633
5.58427 ; 7.64053 ; 6.09639 ; 1.66951
8.23569 ; 7.64755 ; -2.45968 ; -0.292215
6.77255 ; 2.49803 ; -6.49259 ; -1.17897
3.42607 ; 3.96719 ; 2.93207 ; 6.53492
4.94843 ; 5.73444 ; 6.34555 ; -6.34267
5.1568 ; 3.96318 ; 6.38592 ; 6.169
5.07534 ; 5.56683 ; 6.30561 ; -6.30474
4.20914 ; 7.03441 ; 5.89494 ; 3.85403
3.48273 ; 5.62483 ; 3.11639 ; -6.28617
8.3305 ; 7.51356 ; -1.74674 ; 1.90687
7.05443 ; 3.03599 ; -6.41245 ; 4.39642
4.66474 ; 5.9933 ; 6.34537 ; -6.36979
6.56768 ; 4.17742 ; -6.37619 ; 6.32561
4.73129 ; 4.93649 ; 6.08753 ; -6.04018
6.32982 ; 6.14522 ; -6.44473 ; -6.20544
6.18405 ; 5.56866 ; -6.32131 ; -6.30802
7.1508 ; 3.37739 ; -6.20381 ; 5.57532
6.2143 ; 5.74926 ; -6.34892 ; -6.33276
6.355 ; 4.57122 ; -6.30597 ; 6.26418
5.79722 ; 5.20171 ; -6.12333 ; -6.13488
4.45024 ; 4.16178 ; -5.05697 ; 6.07183
7.06212 ; 7.47286 ; 4.74173 ; 2.9686
3.33739 ; 2.36716 ; -0.256324 ; -0.238351
7.82144 ; 5.96092 ; -3.76276 ; -6.58408
6.87461 ; 3.23657 ; -6.48483 ; 5.05685
5.67881 ; 5.07338 ; 6.05429 ; -6.05681
7.13663 ; 5.5855 ; -5.80764 ; -6.43491
8.19528 ; 2.63101 ; -2.86355 ; -2.32419
6.72214 ; 4.40136 ; -6.24859 ; 6.35883
6.40972 ; 5.51097 ; -6.12797 ; 5.74654
6.89014 ; 7.16881 ; -6.57504 ; -3.72981
6.3632 ; 4.26656 ; -6.13924 ; -5.55959
7.23141 ; 6.17283 ; -5.87775 ; -6.47231
4.93835 ; 4.21966 ; 6.39823 ; 6.32618
5.22737 ; 5.54126 ; 6.28037 ; -6.27062
5.13742 ; 4.4435 ; 6.33617 ; 6.28925
4.44659 ; 4.27664 ; -5.05504 ; 6.09801
5.8742 ; 6.55575 ; 5.99285 ; -5.40493
4.94482 ; 3.92956 ; 6.44805 ; 6.19595
6.41569 ; 4.61045 ; -6.29011 ; 6.26552
3.9396 ; 6.19749 ; 5.26371 ; -6.46438
8.14989 ; 3.91571 ; -1.18632 ; 6.49894
7.4879 ; 6.55328 ; -5.44163 ; -6.17555
4.67789 ; 4.15337 ; 6.36209 ; 6.37683
3.07943 ; 7.53415 ; -1.30677 ; 2.23278
3.31367 ; 5.09533 ; 2.22233 ; -6.15471
5.84543 ; 5.01711 ; 5.96752 ; 6.00303
5.80759 ; 4.63784 ; 6.01787 ; 6.1415
6.06285 ; 5.53129 ; -6.27863 ; -6.27719
6.40956 ; 4.69176 ; -6.27772 ; 6.2321
3.72805 ; 2.95843 ; 5.23009 ; 4.59969
7.15981 ; 5.67592 ; -6.00913 ; 4.74287
7.86402 ; 4.54776 ; -3.32367 ; 6.37944
6.80781 ; 7.00987 ; -6.58189 ; -4.51999
4.79367 ; 6.05543 ; 6.40468 ; -6.30629
5.923 ; 4.7829 ; -6.17398 ; 6.14106
7.37825 ; 6.92579 ; -5.95237 ; -5.18571
6.51634 ; 4.36354 ; -6.34653 ; 6.30574
7.27957 ; 5.83408 ; 4.23021 ; -6.29166
5.71791 ; 2.42678 ; 6.05287 ; -1.84244
6.87455 ; 5.96574 ; -6.15968 ; -6.46423
5.49215 ; 5.47695 ; 6.18092 ; -6.20998
3.93205 ; 6.8289 ; 5.65955 ; -5.4903
5.26698 ; 4.64684 ; 6.26858 ; 6.0763
4.52468 ; 4.12571 ; 6.27816 ; 6.40676
4.31782 ; 2.83312 ; 6.14588 ; -3.33402
5.59193 ; 5.10937 ; 6.09675 ; -6.08367
6.2222 ; 5.53794 ; -6.3239 ; -6.31022
3.98403 ; 5.98539 ; 5.38632 ; -6.42674
7.01943 ; 5.89415 ; -6.30086 ; -4.40952
5.7987 ; 7.16428 ; -6.04284 ; 3.73902
4.57953 ; 7.45684 ; 6.5428 ; -1.13093
3.79127 ; 2.8669 ; 5.21351 ; 4.11649
5.14423 ; 5.70976 ; 6.32721 ; -6.29066
6.96621 ; 6.57174 ; -6.4189 ; -5.93845
7.81837 ; 4.08257 ; -3.09031 ; 6.50405
6.98937 ; 6.78371 ; -6.45705 ; -5.38541
4.14103 ; 4.42891 ; 5.60974 ; 6.4274
5.25782 ; 4.90869 ; 6.22682 ; 6.12694
6.72611 ; 5.49563 ; -5.99227 ; 5.76146
6.78157 ; 5.654 ; -5.97239 ; 5.63771
3.24262 ; 4.55089 ; 0.420848 ; 6.36654
5.20185 ; 5.64253 ; 6.30389 ; -6.28318
7.57533 ; 2.65347 ; -5.55363 ; -2.50224
3.64523 ; 3.4848 ; 4.33592 ; 6.15595
6.91944 ; 4.3329 ; -6.10846 ; 6.39608
5.42799 ; 5.3669 ; 6.19455 ; -6.19712
4.93168 ; 4.95785 ; 6.23482 ; 6.12347
8.22655 ; 4.6702 ; -1.41478 ; -5.88336
7.25669 ; 6.95058 ; -5.90079 ; 3.84388
7.34592 ; 4.82148 ; -5.08922 ; -5.99521
4.81557 ; 4.18402 ; 6.39608 ; 6.34978
8.18729 ; 2.61516 ; -3.01961 ; -2.35487
6.59834 ; 4.12696 ; -6.31515 ; 6.32496
5.42207 ; 5.37395 ; 6.19692 ; -6.19923
6.41585 ; 5.86417 ; -6.4157 ; -6.36755
4.29542 ; 4.08847 ; 6.02914 ; 6.44455
5.2019 ; 4.50851 ; 6.311 ; 6.2683
3.16889 ; 7.47722 ; 2.00409 ; -2.84691
5.19445 ; 6.04674 ; -5.74543 ; -6.10335
6.66208 ; 3.44722 ; -6.35773 ; -3.46621
6.59818 ; 6.20976 ; -6.48368 ; -6.2601
4.61748 ; 4.51388 ; 6.20051 ; 6.35575
4.95892 ; 7.03601 ; 2.52288 ; -4.97077
4.79975 ; 4.43845 ; 6.32167 ; 6.35184
5.84602 ; 4.71234 ; -6.14823 ; 6.14979
6.88038 ; 2.38078 ; 5.08407 ; 0.113398
8.20562 ; 6.11644 ; -0.477718 ; -6.55864
5.43773 ; 5.27544 ; 6.17781 ; -6.16844
4.98996 ; 5.67023 ; 6.33169 ; -6.33239
6.47963 ; 5.50218 ; -6.33 ; -6.3414
4.13326 ; 5.93428 ; 5.68778 ; -6.46835
3.17952 ; 2.95771 ; 2.45868 ; 0.717454
6.08106 ; 3.98385 ; 5.59513 ; 6.17463
8.02593 ; 4.82333 ; -1.96371 ; -5.84921
5.18665 ; 3.50137 ; -4.09274 ; 5.90546
5.54211 ; 5.4478 ; 6.15605 ; -6.1955
4.23786 ; 4.36727 ; 5.80513 ; 6.43739
5.63749 ; 4.99211 ; 6.06243 ; -6.02365
5.22989 ; 4.8379 ; 6.24336 ; 6.16298
3.82325 ; 5.69045 ; 4.63031 ; -6.46937
3.00257 ; 4.10864 ; -0.33139 ; -5.21926
4.48391 ; 7.00953 ; 6.44968 ; -0.438906
5.56202 ; 3.08618 ; -6.01682 ; 4.33379
5.86346 ; 4.87832 ; 5.94173 ; -5.94366
6.48799 ; 7.00535 ; -6.56651 ; -4.43705
5.00937 ; 4.42047 ; 6.35329 ; 6.31842
5.20515 ; 4.70628 ; 6.27359 ; 6.21776
6.08873 ; 4.76242 ; -6.2299 ; 6.17198
7.11678 ; 7.27861 ; -6.1615 ; 3.09857
7.0146 ; 4.42665 ; 5.00042 ; 6.11531
4.63707 ; 3.85492 ; 6.42777 ; 6.20734
7.03308 ; 6.96753 ; -6.46617 ; -4.81432
4.35127 ; 2.95083 ; 6.19182 ; -3.41937
5.1168 ; 3.97954 ; 6.40602 ; 6.17789
4.1917 ; 4.42791 ; -4.75274 ; 6.13194
6.35874 ; 6.82176 ; -2.05347 ; 4.34607
4.9473 ; 4.76848 ; 6.27348 ; 6.22016
4.16065 ; 7.46851 ; 6.29589 ; -0.732456
3.07613 ; 3.79353 ; -0.442882 ; -4.82199
4.43702 ; 5.94936 ; 6.25178 ; -5.80864
5.37984 ; 4.58877 ; 6.2426 ; 6.22026
6.02504 ; 4.84534 ; -6.19891 ; 6.133
7.38905 ; 3.24413 ; -5.84995 ; -3.11556
8.19578 ; 6.65805 ; 0.629717 ; -6.13783
6.16565 ; 6.26708 ; 5.77786 ; -5.82601
6.10713 ; 4.50644 ; -6.27459 ; 6.23314
7.21347 ; 3.59765 ; -5.97664 ; 6.10413
7.26378 ; 3.28974 ; -6.07616 ; 4.80144
6.203 ; 5.4719 ; -6.30765 ; -6.29121
4.94066 ; 5.88397 ; 5.98255 ; -6.35725
5.80334 ; 5.15483 ; 5.98098 ; 5.94737
7.17732 ; 6.21923 ; -6.028 ; -6.44041
4.4171 ; 5.89486 ; 6.04897 ; 4.65486
5.41208 ; 4.79172 ; 6.203 ; 6.1577
6.06925 ; 4.39499 ; -6.27551 ; 6.22592
7.54335 ; 6.35049 ; -5.191 ; -6.43419
6.38985 ; 4.93939 ; -6.22788 ; 6.11587
8.00647 ; 5.4479 ; -1.35864 ; -6.35833
6.30365 ; 4.57818 ; -6.29752 ; 6.25911
4.89969 ; 5.75933 ; 6.3415 ; -6.35427
6.91049 ; 5.51736 ; -6.17525 ; -6.2936
5.78028 ; 5.11543 ; -6.10461 ; -6.09758
7.04442 ; 4.46615 ; -5.90076 ; 6.3768
6.77526 ; 5.58838 ; -6.24248 ; -6.4052
5.42943 ; 5.14344 ; 6.15973 ; -6.11699
3.43566 ; 7.5152 ; -2.97524 ; -2.85092
4.45995 ; 5.33837 ; 5.90768 ; 5.89868
7.87835 ; 2.43088 ; 3.25182 ; -0.574473
7.10956 ; 7.03178 ; -6.41136 ; -4.59491
4.34519 ; 4.32463 ; -4.97918 ; -5.49656
8.15387 ; 6.26141 ; 2.05288 ; -6.38059
6.59821 ; 6.41126 ; 5.40704 ; -5.53358
6.28731 ; 4.80957 ; -6.17735 ; -5.9602
4.47275 ; 3.89008 ; 6.10528 ; -4.96444
6.6316 ; 3.78972 ; -6.44273 ; 6.11635
6.93507 ; 3.48514 ; -6.18424 ; -4.44964
7.22221 ; 6.9934 ; -5.65337 ; -4.94453
3.54165 ; 3.40093 ; 3.88966 ; 6.04958
7.27667 ; 6.72515 ; -5.63831 ; -5.8044
5.36369 ; 4.74258 ; 6.22637 ; 6.1817
7.78077 ; 6.96019 ; -4.23305 ; -5.37433
6.30757 ; 3.45773 ; -6.39931 ; 5.43483
4.28148 ; 3.84428 ; 5.94684 ; 6.30206
3.86853 ; 3.92242 ; 5.13608 ; 6.47971
6.11314 ; 4.38844 ; -6.29185 ; 6.23673
8.18023 ; 6.37444 ; -0.50167 ; -6.45653
7.91997 ; 3.62357 ; -3.38246 ; 6.31819
7.45064 ; 6.77271 ; -5.6937 ; -5.74089
4.57503 ; 4.11463 ; 6.23825 ; 6.39626
7.64843 ; 5.35899 ; -4.60407 ; -6.28928
4.94907 ; 4.18391 ; -5.53695 ; 6.05256
3.28557 ; 6.53318 ; 1.49413 ; -6.29644
4.15502 ; 6.66034 ; 5.89536 ; -5.74151
5.72258 ; 5.07488 ; 6.03363 ; -6.05193
7.58151 ; 3.41031 ; -5.16838 ; 5.72871
7.20219 ; 3.69669 ; -5.98463 ; 6.22606
5.06455 ; 5.82972 ; 6.36107 ; -6.30169
3.18478 ; 2.91399 ; -1.6871 ; 4.58764
5.98776 ; 6.0358 ; -6.20809 ; -6.23944
3.25619 ; 6.83117 ; 2.97193 ; 4.01414
7.74187 ; 5.9256 ; -4.28545 ; -6.5098
7.74973 ; 6.74909 ; -4.99687 ; -0.252939
4.70515 ; 4.28657 ; 6.33187 ; 6.38024
4.12365 ; 6.38213 ; 5.85161 ; -6.2728
4.94864 ; 4.76405 ; 6.13001 ; -5.92119
6.41224 ; 4.87679 ; -6.18222 ; -6.0139
5.56662 ; 5.17904 ; 6.11578 ; -6.11431
5.654 ; 5.12812 ; 6.07218 ; -6.08292
5.9401 ; 4.68867 ; -6.19217 ; 6.17042
6.11359 ; 4.75545 ; -6.23718 ; 6.17731
5.04952 ; 4.78112 ; 6.27527 ; 6.20568
5.07047 ; 3.56443 ; 6.4554 ; 5.63431
5.38601 ; 5.74413 ; -5.90633 ; -6.16551
5.50429 ; 2.45275 ; -5.95481 ; 0.726062
3.18231 ; 3.82026 ; 0.552813 ; 6.47504
4.70553 ; 6.33268 ; 6.38486 ; -6.12593
5.54013 ; 5.2381 ; -5.93989 ; 5.89114
7.8947 ; 6.38032 ; -3.36792 ; -6.4734
2.9757 ; 3.28808 ; -0.988983 ; -4.27179
3.33893 ; 6.6131 ; 3.38885 ; 4.53495
4.37358 ; 3.65826 ; 6.30173 ; 6.12571
4.88736 ; 5.272 ; 6.21969 ; -6.22337
6.0094 ; 6.01847 ; -6.29326 ; -6.22132
4.9477 ; 4.33199 ; 6.37145 ; 6.33526
6.13832 ; 5.44201 ; -6.14334 ; 5.79026
6.38873 ; 5.24703 ; -6.1947 ; 5.92113
5.61088 ; 5.22758 ; 6.10282 ; -6.12559
6.08593 ; 4.59711 ; -6.2551 ; 6.21716
3.14606 ; 2.60684 ; -0.317299 ; 3.33976
5.65414 ; 5.72936 ; -6.08558 ; -6.20766
3.31177 ; 5.94725 ; -2.13703 ; -6.42956
5.0821 ; 4.10261 ; 6.40041 ; 6.25477
4.54609 ; 4.22749 ; 5.99084 ; -5.4776
4.26645 ; 3.31713 ; 6.29671 ; 5.50274
6.3609 ; 2.92379 ; 0.512294 ; 4.60197
7.35264 ; 7.14238 ; -6.09001 ; -4.30718
7.73745 ; 5.03888 ; 3.99526 ; 5.92218
3.69935 ; 3.68097 ; 4.63466 ; 6.37375
5.19723 ; 5.05545 ; 6.19915 ; 6.05415
5.6924 ; 5.04017 ; -6.05414 ; -6.05256
7.16764 ; 4.58865 ; -5.74813 ; 6.27965
5.98252 ; 4.79653 ; -6.19158 ; 6.14558
5.30137 ; 5.55898 ; 6.26426 ; -6.25555
3.71355 ; 3.96689 ; 4.4878 ; 6.51455
6.02756 ; 4.72839 ; -6.21795 ; 6.17389
3.22291 ; 4.47966 ; 0.577011 ; 6.40425
4.03604 ; 6.07513 ; 5.43595 ; -6.48779
4.29044 ; 6.48171 ; 6.17295 ; -6.07471
6.92579 ; 5.3826 ; -5.86514 ; 5.84704
8.03411 ; 3.33903 ; 2.6854 ; 5.79477
6.82972 ; 6.17009 ; -6.3936 ; -6.37501
3.39671 ; 5.21988 ; 0.416442 ; 5.96272
5.56222 ; 5.16979 ; -5.958 ; 5.92967
4.38394 ; 7.68304 ; -4.67459 ; -0.995891
5.7505 ; 5.09821 ; 6.01436 ; 5.98201
5.93327 ; 5.28242 ; 5.8974 ; 5.86562
6.29674 ; 5.38771 ; -6.30533 ; -6.27789
4.89266 ; 4.3722 ; 6.35735 ; 6.34532
6.02214 ; 4.48331 ; -6.24485 ; 6.22352
3.28131 ; 6.59633 ; 2.96512 ; 4.56646
5.71982 ; 6.13693 ; -6.14681 ; -6.06393
4.22966 ; 6.53791 ; 6.12926 ; -6.0034
6.77794 ; 6.26011 ; -6.45164 ; -6.27689
7.1473 ; 3.29166 ; -6.16769 ; 5.40523
4.88108 ; 6.34489 ; 6.4601 ; -5.96856
3.1688 ; 4.45069 ; 1.66799 ; -5.58318
5.04148 ; 4.39319 ; 6.35735 ; 6.31391
6.04811 ; 5.48434 ; -6.26674 ; -6.2656
7.99783 ; 2.54936 ; -4.13247 ; -1.36077
5.566 ; 4.85386 ; 6.13176 ; 6.11315
5.19448 ; 4.6316 ; 6.13604 ; -5.82267
4.8038 ; 6.71529 ; 6.25024 ; -5.47703
7.87634 ; 3.10651 ; 2.85281 ; 4.5072
4.46662 ; 2.97317 ; 6.5212 ; 4.16994
5.14558 ; 5.59512 ; 6.30494 ; -6.29458
6.34886 ; 7.1188 ; -6.24597 ; 3.79445
5.18422 ; 4.44237 ; 6.32651 ; 6.27787
4.89683 ; 6.01115 ; 6.37545 ; -6.30535
3.5276 ; 2.89515 ; 4.65511 ; -0.688985
7.23004 ; 7.5295 ; -6.35011 ; -1.26281
5.71222 ; 5.00661 ; -6.05319 ; 6.02576
6.04516 ; 4.68802 ; -6.22928 ; 6.18787
5.63144 ; 4.93339 ; -6.01078 ; -5.99276
6.37955 ; 5.75651 ; -6.39114 ; -6.36766
3.29784 ; 6.0549 ; 2.91045 ; 5.17773
4.29884 ; 2.61145 ; 6.34366 ; -1.18034
3.65636 ; 4.44649 ; 3.53635 ; 6.37132
7.01952 ; 2.55305 ; -6.45616 ; -0.156241
6.76675 ; 6.36478 ; -6.48152 ; -6.15154
5.97409 ; 4.89056 ; -6.17695 ; 6.10772
5.76259 ; 4.98376 ; 6.00432 ; -6.00589
5.77016 ; 7.18637 ; 4.25208 ; -4.26394
6.43675 ; 5.89608 ; -6.42195 ; -6.36444
6.33134 ; 5.98787 ; -6.39716 ; -6.32215
8.18865 ; 5.34305 ; 2.64202 ; 5.79183
8.17073 ; 6.85475 ; 0.762743 ; -5.77242
3.43265 ; 4.51806 ; -2.71577 ; -5.68822
4.20825 ; 6.74932 ; 5.82401 ; 4.39876
8.09425 ; 6.27563 ; 0.425189 ; -6.47482
5.99487 ; 4.37727 ; -6.24368 ; 6.21856
3.46105 ; 3.85297 ; -3.22502 ; 6.2275
8.14928 ; 2.94437 ; -2.12352 ; 4.85119
5.81525 ; 4.87585 ; 5.96692 ; -5.94703
6.35354 ; 5.80006 ; -6.18764 ; 5.46317
5.95088 ; 7.60839 ; -6.29676 ; -0.598024
7.06164 ; 6.30686 ; -6.2347 ; -6.34309
5.56741 ; 4.93535 ; 6.12098 ; 6.08034
6.32878 ; 4.39799 ; -6.33717 ; 6.28545
6.74248 ; 3.26368 ; 5.27326 ; 5.0067
7.01858 ; 3.91697 ; -6.16386 ; 6.35144
4.45894 ; 3.54445 ; 6.37935 ; 5.91718
6.41689 ; 5.73779 ; 5.54547 ; -6.15723
3.20152 ; 7.46011 ; 2.98427 ; 1.34597
3.08622 ; 2.86281 ; 1.81079 ; -3.34729
5.69301 ; 4.8111 ; 6.0178 ; -5.92015
3.20171 ; 7.38749 ; -0.272702 ; -3.69802
4.98951 ; 6.329 ; 6.44532 ; -5.91717
5.35715 ; 4.92246 ; 6.19936 ; 6.11098
3.18277 ; 2.44563 ; 2.50382 ; 1.14201
3.78176 ; 6.2188 ; 4.82447 ; 5.09105
6.32915 ; 4.27224 ; -6.35359 ; 6.28608
3.83216 ; 3.43544 ; 5.10957 ; -4.5318
3.72164 ; 5.74408 ; 5.02467 ; 4.40586
5.95774 ; 5.33035 ; -6.20987 ; -6.2071
7.30848 ; 6.96978 ; -5.96298 ; 3.1897
6.36843 ; 6.84772 ; -6.51935 ; -4.92436
4.23271 ; 4.17845 ; 5.89064 ; 6.46279
6.26693 ; 4.99345 ; -6.21725 ; 6.08154
5.05836 ; 2.50462 ; 6.40558 ; -1.46097
4.78199 ; 6.31049 ; 6.45025 ; -6.09729
4.36942 ; 2.54066 ; 0.410882 ; 1.76499
3.25142 ; 2.85568 ; 2.6187 ; 4.03954
6.7165 ; 4.31314 ; -6.27993 ; 6.36911
6.63547 ; 5.77197 ; -6.36622 ; -6.41967
7.43882 ; 3.43274 ; -1.93919 ; 6.00916
4.56109 ; 4.5325 ; 6.13502 ; 6.3552
7.79226 ; 5.29832 ; 3.63923 ; -6.16875
6.3774 ; 4.18353 ; 5.62108 ; 6.06217
3.77893 ; 7.05692 ; 5.34377 ; -4.72973
6.0625 ; 4.49127 ; -6.26162 ; 6.22767
4.15275 ; 6.22985 ; 5.84663 ; -6.39398
5.69637 ; 5.46596 ; 6.07649 ; -6.16237
5.25922 ; 5.73785 ; 6.30136 ; -6.26681
6.1381 ; 4.94238 ; -6.19042 ; -6.03888
4.166 ; 4.35835 ; -4.73628 ; 6.09436
6.10184 ; 4.83723 ; -6.21968 ; 6.14509
5.73025 ; 4.96984 ; 6.01828 ; -6.00278
5.87297 ; 4.9788 ; -6.12826 ; 6.05703
3.91697 ; 2.67421 ; 4.90972 ; -2.70162
3.35941 ; 5.73215 ; -3.31287 ; 5.47386
6.74323 ; 2.66667 ; -6.39802 ; -2.70539
6.33045 ; 5.62252 ; -6.3595 ; -6.34336
5.30692 ; 5.52291 ; 6.25692 ; -6.25185
4.6831 ; 3.15747 ; -5.24881 ; 4.75582
5.10501 ; 6.69071 ; -5.70581 ; -5.14545
5.44913 ; 5.30317 ; 6.17804 ; -6.17568
5.72418 ; 4.95389 ; 6.01917 ; -5.99583
4.78775 ; 5.53009 ; 6.24417 ; -6.33816
4.93666 ; 4.4808 ; 6.33492 ; 6.3221
6.60578 ; 3.54789 ; -6.39899 ; 5.8063
7.53004 ; 6.72686 ; -5.48713 ; -5.55394
4.70298 ; 3.1018 ; 6.56228 ; 4.54092
7.07206 ; 3.83946 ; 4.90381 ; -3.67844
5.93503 ; 4.64993 ; 5.93601 ; 6.12211
4.60971 ; 2.80306 ; 6.31876 ; -3.26956
5.40599 ; 4.75133 ; 6.21106 ; 6.1724
6.34825 ; 4.16468 ; -6.38294 ; 6.25806
7.53975 ; 3.45117 ; -5.26039 ; 6.00161
6.75214 ; 4.00971 ; -6.35938 ; 6.31166
6.44302 ; 6.18424 ; -6.4742 ; -6.22284
4.87951 ; 4.82083 ; 6.25259 ; 6.19943
3.04294 ; 7.5009 ; -1.50185 ; 2.37043
7.84013 ; 4.09642 ; 3.51313 ; 6.26918
6.12854 ; 5.89941 ; -6.34844 ; -6.27393
3.63005 ; 6.30939 ; 4.07714 ; -6.46157
7.29141 ; 7.45556 ; -6.13751 ; 1.75735
5.8927 ; 4.84232 ; -6.15399 ; 6.11653
5.02274 ; 4.70352 ; 6.13764 ; -5.87775
6.31206 ; 5.17149 ; -6.2617 ; -6.18078
6.66654 ; 3.38659 ; -6.5119 ; 5.38302
5.65901 ; 4.32662 ; 6.09616 ; 5.23865
7.01152 ; 3.58349 ; -6.29596 ; 5.84068
6.28999 ; 4.56622 ; -6.30175 ; 6.25908
6.91089 ; 6.07002 ; -6.31603 ; -6.37783
6.08861 ; 2.56982 ; -6.18789 ; -2.66115
5.43 ; 5.35269 ; 6.19191 ; -6.19332
4.7942 ; 3.97498 ; 6.43935 ; 6.27657
7.62298 ; 3.75849 ; -4.36902 ; 6.38137
5.83814 ; 4.89355 ; 5.98396 ; 6.06139
5.91302 ; 3.64135 ; -6.24909 ; 5.65678
4.66193 ; 5.96358 ; -5.30455 ; -6.08093
7.25142 ; 2.91806 ; -6.16345 ; -1.61234
6.48437 ; 2.91602 ; 5.50411 ; 3.94966
6.67516 ; 3.6448 ; -6.47286 ; 5.84384
5.73803 ; 6.36937 ; -6.00078 ; 4.95676
7.95771 ; 7.31659 ; -4.18803 ; 2.87236
7.09881 ; 4.2041 ; -5.92385 ; 6.43057
7.99077 ; 6.05124 ; -3.40061 ; 5.00767
6.99953 ; 5.96503 ; 4.95463 ; -6.15009
5.79125 ; 4.90459 ; 5.98159 ; -5.96412
6.97324 ; 3.25277 ; -6.32874 ; 5.25885
5.68646 ; 5.61502 ; 6.08809 ; -6.11775
5.0581 ; 4.56825 ; 6.32 ; 6.28182
6.44844 ; 6.85302 ; -6.54624 ; -4.97869
5.16491 ; 5.6832 ; 6.31868 ; -6.29008
6.72333 ; 4.57398 ; -6.06311 ; -5.73654
8.17018 ; 6.64735 ; -1.02835 ; -6.20496
5.02977 ; 4.68653 ; 6.29754 ; 6.2442
4.72949 ; 3.10885 ; 6.56257 ; 4.58828
5.48846 ; 4.43932 ; 6.2103 ; 6.21547
4.29417 ; 5.9471 ; -4.90874 ; 5.33923
3.54917 ; 7.56313 ; 4.86259 ; 0.132035
5.1767 ; 4.571 ; 6.30407 ; 6.26144
5.71413 ; 4.9893 ; -6.0558 ; 6.03341
5.57517 ; 7.54308 ; -3.22481 ; -2.36068
6.78012 ; 6.27087 ; -6.45017 ; -6.27817
5.19436 ; 5.41702 ; 6.26187 ; -6.24962
5.68288 ; 4.96451 ; -6.04036 ; -6.01463
3.22249 ; 7.60202 ; 2.88226 ; -1.33032
4.31556 ; 4.2356 ; 5.92176 ; 6.44829
6.82058 ; 2.50451 ; -6.465 ; -1.50674
5.96905 ; 3.73545 ; -6.26453 ; 5.84422
5.56382 ; 6.89575 ; 5.4589 ; -5.09163
4.6071 ; 5.76581 ; 6.23399 ; -6.40609
6.70046 ; 3.41396 ; -6.50755 ; 5.42741
3.17966 ; 6.0081 ; -1.66211 ; -6.44006
3.17653 ; 4.07076 ; 0.784292 ; 6.5163
6.68191 ; 4.22052 ; -6.32305 ; 6.36112
4.55289 ; 2.59325 ; -4.83394 ; 0.715017
7.80294 ; 2.43781 ; 3.63958 ; -2.18562
4.92325 ; 5.39557 ; 6.15254 ; 5.84712
4.29774 ; 6.46613 ; 6.18541 ; -6.09542
4.46245 ; 6.4056 ; 6.32444 ; -6.11077
7.37792 ; 4.18606 ; -5.46324 ; 6.32346
4.26427 ; 5.331 ; -4.89549 ; -6.05855
7.47913 ; 2.85294 ; -4.27452 ; 4.10549
5.2966 ; 5.41084 ; 6.24154 ; -6.2311
3.44426 ; 7.39877 ; 4.33771 ; 2.58927
6.08026 ; 2.71739 ; -6.31026 ; 2.63594
6.20335 ; 4.36512 ; -6.32253 ; 6.25723
6.62027 ; 2.94443 ; -6.54918 ; 3.80709
7.31999 ; 3.90916 ; -5.61806 ; 6.41563
4.44849 ; 3.59688 ; 6.3896 ; 5.89369
7.33331 ; 3.7057 ; -5.6895 ; 6.27855
3.35656 ; 6.54036 ; 2.60809 ; -6.30275
5.34418 ; 6.57945 ; 6.27847 ; -5.54446
4.95057 ; 5.62883 ; 6.31736 ; -6.33686
7.75195 ; 5.96302 ; -4.0693 ; -6.57603
4.99123 ; 5.32584 ; -5.5636 ; 5.79451
3.88732 ; 5.01315 ; 4.59346 ; 6.11636
7.23616 ; 7.23166 ; -6.30809 ; -3.74093
5.16545 ; 5.8439 ; 6.34252 ; -6.25763
6.73442 ; 5.76104 ; -6.32204 ; -6.43816
4.41259 ; 3.6796 ; 6.33625 ; 5.49476
4.30732 ; 3.1261 ; 4.82503 ; 5.13578
6.50836 ; 3.66821 ; -6.47536 ; 5.88086
5.0883 ; 5.60339 ; 6.30603 ; -6.30795
5.0485 ; 4.44067 ; 6.34906 ; 6.3078
6.36956 ; 3.55742 ; -6.45709 ; 5.62516
3.39426 ; 2.45734 ; -3.03175 ; -1.78868
3.917 ; 6.30937 ; 5.26457 ; -6.40021
6.75101 ; 2.98033 ; -6.53291 ; 3.80569
6.53902 ; 5.73707 ; -6.37954 ; -6.40057
7.56045 ; 7.43548 ; 3.5723 ; -3.2349
4.63586 ; 3.42566 ; 6.51233 ; 5.56604
5.61791 ; 4.83693 ; 6.1078 ; 6.11285
4.98818 ; 5.59301 ; 6.30497 ; -6.32542
5.19664 ; 5.01004 ; 6.21362 ; 6.07476
8.10794 ; 7.13952 ; 0.260267 ; -4.90922
6.41331 ; 5.3241 ; -6.29209 ; -6.26488
3.57646 ; 2.81243 ; 4.74746 ; 3.87782
5.57915 ; 5.13813 ; 6.10558 ; -6.09695
6.85891 ; 5.94469 ; -6.30435 ; -6.46239
6.54675 ; 5.64287 ; -6.35225 ; -6.38891
7.71264 ; 5.98008 ; -3.73869 ; 5.32249
6.79127 ; 3.51882 ; -6.46539 ; 5.74987
6.01413 ; 7.60825 ; 5.86748 ; -0.943971
6.25007 ; 4.65555 ; -6.27944 ; 6.22945
6.37974 ; 4.56024 ; -6.30229 ; 6.27484
3.80075 ; 3.92376 ; 5.09317 ; 6.00136
7.17054 ; 6.12937 ; -5.99495 ; -6.47918
5.37903 ; 5.10893 ; 6.16857 ; -6.1057
5.25728 ; 5.44118 ; 6.2555 ; -6.24563
6.54175 ; 4.27767 ; -6.35747 ; 6.33416
4.49939 ; 7.09987 ; 6.51593 ; -3.77222
5.2607 ; 5.41045 ; 6.24939 ; -6.23722
5.01068 ; 5.62128 ; 6.32181 ; -6.32128
3.24342 ; 3.43336 ; -2.1855 ; 5.97152
5.32109 ; 5.51442 ; 6.25178 ; -6.24688
5.72635 ; 2.53546 ; -6.12461 ; 1.26613
5.15943 ; 5.65593 ; 6.11439 ; 5.63786
4.86363 ; 3.24617 ; 6.52177 ; 4.63776
4.78389 ; 4.25149 ; 6.37118 ; 6.36768
6.41503 ; 4.37459 ; -6.34734 ; 6.30878
5.00173 ; 4.19715 ; 6.39893 ; 6.30229
6.2723 ; 4.37685 ; -6.33399 ; 6.27792
6.97512 ; 6.69233 ; -6.44544 ; -5.5062
5.05928 ; 4.57103 ; 6.31827 ; 6.28137
5.51405 ; 2.51288 ; 6.21938 ; -0.871974
6.13568 ; 5.14533 ; 5.74188 ; 5.92517
3.89965 ; 4.8113 ; 5.44987 ; -3.88687
3.51741 ; 2.96622 ; 4.21982 ; 4.77262
7.60126 ; 7.4146 ; 3.95392 ; 3.1034
5.37569 ; 5.37716 ; 6.21303 ; -6.20865
4.23518 ; 2.51294 ; 6.21182 ; -1.25169
4.74802 ; 4.18997 ; 6.37548 ; 6.36827
5.76058 ; 3.55866 ; 6.09191 ; 5.54386
3.19626 ; 2.38227 ; 0.708166 ; -0.251926
4.93424 ; 5.65486 ; 6.32341 ; -6.34121
4.51985 ; 6.77065 ; 6.11778 ; 4.35811
5.41127 ; 4.87648 ; 6.12646 ; -5.97562
5.96229 ; 4.73751 ; 5.87352 ; -5.85698
6.87708 ; 3.89423 ; -6.31776 ; 6.28855
3.0422 ; 3.27199 ; -0.222947 ; -0.327357
4.90017 ; 4.57048 ; 6.3039 ; 6.30403
7.58663 ; 3.67732 ; -4.90852 ; 6.32537
3.60233 ; 3.58785 ; 4.19967 ; 6.30428
7.40945 ; 3.17785 ; -5.70488 ; 5.25022
4.14063 ; 5.75372 ; 5.57348 ; -6.46934
3.28933 ; 6.70552 ; 0.311507 ; -6.05574
4.93587 ; 4.11506 ; 6.41724 ; 6.29379
7.18552 ; 7.21223 ; -6.36461 ; -3.39254
6.62929 ; 6.22014 ; -6.48206 ; -6.26551
6.33065 ; 4.2996 ; -6.28081 ; 6.30042
4.17188 ; 2.60918 ; 6.32505 ; 1.3289
3.39924 ; 6.64256 ; 2.42673 ; -6.15442
6.00786 ; 4.29379 ; -6.07532 ; -5.57814
7.27699 ; 6.70475 ; -6.0515 ; -5.81411
5.17871 ; 3.78724 ; 6.39418 ; 6.00701
6.67689 ; 5.20078 ; -6.09628 ; 5.96829
5.22708 ; 5.59175 ; 6.28935 ; -6.27586
6.73586 ; 6.99838 ; -6.58962 ; -4.43349
7.41672 ; 7.66867 ; 1.48133 ; 1.47129
6.51377 ; 4.42813 ; 5.50495 ; 6.08617
6.69382 ; 3.24894 ; -6.53144 ; 5.00222
5.34595 ; 4.78114 ; 6.22545 ; 6.17124
5.18712 ; 4.81095 ; 6.25558 ; 6.17929
5.901 ; 5.13853 ; -6.15891 ; -6.1231
6.40749 ; 6.66239 ; -6.21561 ; 4.5618
6.07037 ; 5.31395 ; -6.24495 ; -6.21946
5.47274 ; 5.26273 ; -5.89944 ; 5.87173
3.46813 ; 3.92387 ; 3.23351 ; 6.52664
7.32288 ; 4.14892 ; -5.47845 ; 6.466
4.5357 ; 6.28737 ; 6.35932 ; -6.22131
3.31124 ; 2.87279 ; 2.99577 ; 4.56326
6.52383 ; 6.22169 ; -6.48792 ; -6.22239
5.99729 ; 6.07227 ; -6.30341 ; -6.15696
3.2138 ; 6.76127 ; 1.41253 ; -5.90351
4.50373 ; 6.56529 ; -5.09291 ; 4.76107
5.09466 ; 6.55017 ; 6.39825 ; -4.74241
5.39315 ; 4.76684 ; -5.85827 ; -5.87774
6.23884 ; 6.38272 ; 5.72222 ; -5.62787
4.76966 ; 4.88632 ; 6.19584 ; 6.17537
3.59551 ; 6.24599 ; 3.84943 ; -6.50163
3.85055 ; 3.79054 ; 5.09494 ; 6.41027
6.60878 ; 5.52903 ; -6.31065 ; -6.36372
5.40065 ; 5.52963 ; 6.21385 ; -6.23968
6.34611 ; 5.46348 ; -6.32472 ; -6.31071
5.37653 ; 5.23798 ; 6.19058 ; -6.16308
6.53552 ; 3.72389 ; -6.13494 ; -5.03889
7.92914 ; 6.10968 ; -2.87793 ; -6.58001
3.45715 ; 2.4633 ; -2.99187 ; 1.99898
7.88352 ; 5.6345 ; -3.45215 ; -6.45622
3.10787 ; 5.22966 ; -1.55467 ; -6.18609
6.97395 ; 6.53377 ; -6.40467 ; -5.97888
7.17928 ; 4.20172 ; -5.77645 ; 6.44439
7.21338 ; 2.88761 ; -6.26238 ; 3.78128
4.42172 ; 2.48514 ; 6.48697 ; 0.151238
6.77463 ; 4.17823 ; -6.29102 ; 6.37618
7.12916 ; 6.49239 ; -6.19941 ; -6.13394
5.83802 ; 5.23944 ; -6.14671 ; -6.15493
3.77975 ; 3.5162 ; 4.96082 ; 6.15948
5.74957 ; 5.13392 ; -6.09261 ; -6.10122
3.61342 ; 3.66448 ; -3.19793 ; 6.02592
7.27035 ; 6.12708 ; -5.79252 ; -6.49944
7.08811 ; 6.55558 ; -6.29167 ; -5.8508
6.01814 ; 6.42984 ; -6.33832 ; -5.77343
3.53747 ; 6.42939 ; -3.09721 ; -6.18859
5.88077 ; 5.2231 ; -6.16293 ; -6.15578
6.50231 ; 5.16692 ; -6.18096 ; 5.98096
6.35503 ; 4.53891 ; -6.31164 ; 6.2737
6.47658 ; 4.04996 ; -6.41371 ; 6.25039
6.77337 ; 5.19931 ; -5.79347 ; -6.1722
8.24415 ; 4.76606 ; 1.85141 ; 6.18048
6.84087 ; 6.07917 ; -6.358 ; -6.42489
6.51458 ; 2.9162 ; 5.442 ; -1.31971
4.58911 ; 7.27558 ; 6.55123 ; -2.83688
8.15901 ; 5.74861 ; -1.46829 ; -6.5273
5.69998 ; 5.02609 ; 6.0388 ; -6.03315
3.65619 ; 3.31604 ; 4.64532 ; 5.83146
4.74709 ; 3.44705 ; 6.52429 ; 5.55996
6.93202 ; 2.91811 ; -6.50552 ; 3.81928
6.69711 ; 3.89477 ; 5.30187 ; -5.19227
8.13697 ; 3.6584 ; -0.621468 ; 6.37029
3.11273 ; 2.72074 ; 2.26421 ; -2.61343
6.03741 ; 5.40317 ; -6.25059 ; -6.24366
7.15801 ; 2.82829 ; -6.35691 ; 3.3659
6.66664 ; 6.1357 ; -6.45115 ; -6.34473
6.12677 ; 5.50903 ; -6.29554 ; -6.28616
4.52871 ; 4.75408 ; 5.49948 ; 6.24309
5.26251 ; 5.70223 ; 6.29588 ; -6.26906
4.58373 ; 4.30296 ; 6.25659 ; 6.40211
5.49769 ; 7.56943 ; -5.80799 ; -1.61341
5.75779 ; 5.05529 ; -6.08714 ; -6.06773
6.13825 ; 5.47025 ; -6.29111 ; -6.26415
5.55174 ; 2.79993 ; -6.02097 ; 2.89721
6.3947 ; 4.66025 ; -6.28057 ; 6.24646
3.66359 ; 6.19899 ; 4.2303 ; -6.51049
5.36599 ; 5.25645 ; 6.19624 ; -6.1714
7.25647 ; 4.4205 ; 4.71684 ; 6.09835
4.95523 ; 7.33356 ; 6.49537 ; -1.33481
8.06372 ; 7.60068 ; -3.58052 ; -1.2471
7.27046 ; 5.98776 ; -5.71258 ; -6.53107
5.84924 ; 4.79418 ; 5.94118 ; -5.89896
5.85351 ; 5.26531 ; 5.94353 ; 5.8824
6.02932 ; 4.46699 ; -6.25232 ; 6.22252
6.01907 ; 4.42892 ; -6.25121 ; 6.22251
3.71558 ; 3.49521 ; 4.87591 ; 6.02611
5.03162 ; 4.25683 ; 6.38608 ; 6.31013
5.52166 ; 5.22641 ; 6.14009 ; -6.13833
5.45131 ; 2.56403 ; -5.85756 ; -2.78436
6.38596 ; 5.84454 ; -6.40994 ; -6.3611
4.61469 ; 3.76053 ; 6.10886 ; 6.20722
5.67402 ; 5.00359 ; -6.04072 ; -6.03298
7.66652 ; 6.49833 ; -4.74658 ; -6.3229
6.78941 ; 6.56924 ; -6.26719 ; -5.93329
6.35015 ; 4.43226 ; -6.33434 ; 6.29022
3.1737 ; 2.59616 ; 2.38738 ; 1.63124
4.74891 ; 4.49516 ; 6.28024 ; 6.34567
5.34236 ; 5.25655 ; 6.20172 ; -6.17457
4.88633 ; 3.9818 ; 6.44339 ; 6.25082
6.28766 ; 4.91854 ; -6.23317 ; 6.12144
7.31922 ; 4.05111 ; -5.51192 ; 6.44306
4.09334 ; 2.81639 ; 6.19346 ; 2.71732
7.87542 ; 6.6517 ; -3.86819 ; -6.15844
6.25559 ; 6.21116 ; -6.42821 ; -6.13859
7.27122 ; 7.2508 ; -6.26489 ; -3.56103
3.51609 ; 7.02903 ; 0.971177 ; -5.21412
3.54574 ; 2.94563 ; 4.53474 ; 4.02569
7.01459 ; 2.499 ; -6.4191 ; -1.10115
7.8542 ; 3.19136 ; 0.612278 ; 5.59185
7.32617 ; 7.33853 ; -5.99835 ; 0.553338
7.8541 ; 2.40123 ; 0.441844 ; -1.12115
5.62953 ; 5.74036 ; 6.12737 ; -6.19432
7.94234 ; 5.99529 ; -3.97655 ; -3.23851
5.83726 ; 5.91862 ; 6.00717 ; -6.11272
3.05577 ; 4.41935 ; 0.358219 ; -5.63066
