5.24928 ; 7.26652 ; 5.87499 ; 3.8391
5.15112 ; 4.32649 ; 5.76854 ; -5.51743
4.93988 ; 5.52305 ; 5.95687 ; -5.88127
5.12071 ; 4.52685 ; -5.57734 ; -5.59888
6.93042 ; 5.69234 ; 5.09764 ; 5.46316
5.17553 ; 4.4287 ; -5.5938 ; -5.56096
5.75107 ; 5.28099 ; 5.79586 ; 5.68819
6.19965 ; 3.68673 ; 5.52982 ; -5.07366
3.89348 ; 4.94287 ; 4.22668 ; -5.91793
5.31242 ; 4.85857 ; 5.94228 ; 5.90935
4.8357 ; 6.61279 ; 5.74834 ; 4.76661
3.72278 ; 5.52137 ; -4.36207 ; 5.53176
7.25486 ; 7.48433 ; -5.77484 ; -1.78412
8.33998 ; 5.50903 ; 0.293913 ; -6.17268
3.13428 ; 6.81607 ; 0.879358 ; -5.25981
3.20894 ; 4.12628 ; -2.87387 ; 5.96401
6.50451 ; 6.74155 ; -6.21294 ; -4.81851
5.44881 ; 4.08191 ; 6.02699 ; 5.6934
5.92789 ; 6.14284 ; 5.57695 ; 5.12161
8.31085 ; 4.11078 ; 2.01705 ; 5.99689
6.10967 ; 5.50601 ; 5.63938 ; 5.5977
5.37091 ; 5.27807 ; -5.69981 ; 5.68356
5.41674 ; 4.86134 ; 5.92551 ; 5.894
3.85123 ; 5.1162 ; -4.51963 ; 5.66465
6.98293 ; 4.32604 ; -5.49809 ; 6.07237
3.63523 ; 4.44858 ; 3.45156 ; -5.60693
7.31231 ; 5.22867 ; 4.70854 ; -5.82265
6.99161 ; 4.95567 ; 5.08395 ; -5.61219
4.98808 ; 4.31469 ; -5.49607 ; -5.49242
3.61326 ; 7.66538 ; -3.85566 ; 2.78162
4.88877 ; 4.86496 ; 5.87673 ; 5.94437
6.22995 ; 5.91404 ; 5.60247 ; -5.6824
5.01315 ; 4.56045 ; 5.98504 ; 5.99527
5.43265 ; 2.63547 ; 5.96356 ; -3.23735
6.97995 ; 6.5015 ; -5.89985 ; -5.55532
5.54313 ; 5.16302 ; 5.88211 ; -5.87944
7.68501 ; 6.86346 ; -4.31475 ; -5.06749
6.33718 ; 5.52988 ; -6.01281 ; -6.04611
5.92245 ; 5.07547 ; -5.87646 ; 5.81379
8.16452 ; 3.0084 ; -2.64244 ; -3.97344
5.50005 ; 3.86801 ; -5.55604 ; -5.22153
5.87027 ; 5.00989 ; -5.82782 ; 5.82787
4.04696 ; 4.05736 ; -4.76417 ; -5.27241
5.49998 ; 5.8769 ; -5.85176 ; -5.76549
5.94292 ; 6.0464 ; -5.80263 ; 5.27052
6.28151 ; 5.66622 ; -6.0223 ; -6.02669
6.0506 ; 4.79361 ; 5.67594 ; -5.71005
6.37193 ; 5.4868 ; -6.01074 ; -5.94994
7.13532 ; 6.97766 ; -5.82432 ; -4.13631
6.16857 ; 4.49141 ; 5.59958 ; -5.58465
6.48552 ; 5.95692 ; -6.08047 ; -5.98747
6.17428 ; 4.55125 ; 5.60258 ; -5.60898
5.78146 ; 5.23058 ; -5.91306 ; -5.91179
5.36431 ; 5.37136 ; -5.6886 ; 5.65044
7.33928 ; 7.79938 ; 4.45555 ; 1.78817
6.25957 ; 5.64754 ; -5.77622 ; 5.5501
5.71724 ; 4.67803 ; 5.77294 ; -5.69621
6.15566 ; 4.96496 ; -5.90421 ; 5.87327
5.87198 ; 4.75017 ; 5.73648 ; -5.71555
5.06958 ; 4.55133 ; 5.99743 ; 5.98679
7.89986 ; 4.75468 ; 3.97226 ; -5.67736
5.48693 ; 4.90043 ; -5.77248 ; -5.78088
5.9556 ; 5.04429 ; -5.88569 ; 5.82718
3.59953 ; 5.72118 ; 3.44776 ; -6.19609
6.40793 ; 5.85133 ; 5.47304 ; 5.40833
8.01823 ; 4.80636 ; -1.67669 ; 6.03877
5.19717 ; 5.75192 ; 6.0279 ; -5.93807
5.38809 ; 5.13971 ; 5.88536 ; -5.89737
6.40575 ; 5.44093 ; -5.97961 ; -6.05056
6.24882 ; 6.85069 ; -5.90274 ; 4.41312
3.4293 ; 5.78494 ; 2.66693 ; -6.21145
8.30015 ; 6.47024 ; 0.855231 ; -5.85917
5.57783 ; 5.09995 ; 5.8644 ; -5.86041
8.28708 ; 7.59452 ; -2.10392 ; 2.17874
6.51563 ; 3.52859 ; -6.12947 ; 4.71013
5.9928 ; 5.40908 ; 5.69663 ; 5.64907
5.48014 ; 5.73589 ; 5.97573 ; -5.86427
4.76911 ; 5.91734 ; 5.97513 ; -5.93583
5.69565 ; 5.47153 ; 5.84977 ; -5.88972
5.72978 ; 3.92514 ; 5.92368 ; 5.54826
5.19728 ; 7.43623 ; 6.02473 ; 3.04805
5.56163 ; 5.22479 ; 5.84677 ; 5.7654
6.37785 ; 4.69288 ; -5.93399 ; 5.95814
5.81234 ; 5.0822 ; -5.89979 ; -5.88272
5.58657 ; 4.89788 ; 5.89402 ; 5.8574
3.24697 ; 6.42419 ; 1.11032 ; -5.93078
4.84538 ; 4.96105 ; 5.81733 ; 5.93091
3.95318 ; 4.10946 ; 4.66018 ; 5.45147
3.99706 ; 6.47974 ; 4.7819 ; 4.85901
5.36413 ; 5.41884 ; -5.68366 ; 5.63328
5.94008 ; 5.16588 ; -5.863 ; 5.78313
6.34187 ; 7.40343 ; -4.25438 ; -2.771
5.5007 ; 5.74005 ; 5.95375 ; -5.84096
6.36839 ; 4.93065 ; 5.52126 ; -5.72298
3.94083 ; 4.58337 ; -4.64819 ; -5.57257
6.06279 ; 5.45814 ; 5.66416 ; 5.62177
7.93796 ; 2.36677 ; -3.9808 ; -0.097473
6.57122 ; 4.36448 ; -5.70535 ; -5.56741
3.12593 ; 5.66355 ; -2.38427 ; -6.0859
5.76577 ; 4.90372 ; 5.83867 ; 5.82849
5.56284 ; 5.34192 ; -5.76087 ; 5.68061
5.41232 ; 5.0377 ; 5.87814 ; -5.86474
3.45355 ; 5.89782 ; -2.43002 ; -5.94242
4.38172 ; 2.68964 ; 5.82041 ; -2.73375
6.65739 ; 2.69759 ; -6.21135 ; 2.20807
5.63767 ; 4.83322 ; -5.81507 ; -5.777
3.34054 ; 5.82016 ; 1.05822 ; 5.42776
5.78098 ; 3.87714 ; -5.97585 ; 5.45751
5.32731 ; 2.80683 ; 5.89167 ; 3.02863
5.01994 ; 2.8091 ; 6.2284 ; 2.81266
4.02224 ; 4.52889 ; 5.16671 ; 3.88187
8.11132 ; 3.50643 ; -1.83794 ; 5.71118
5.54815 ; 4.35389 ; 5.96966 ; 5.84516
5.30331 ; 5.99981 ; 6.02842 ; -5.79661
8.2944 ; 4.40126 ; 2.2196 ; 6.05029
5.0403 ; 4.27283 ; 6.0516 ; 5.95013
5.7236 ; 4.89579 ; 5.79928 ; -5.78384
5.82445 ; 6.50308 ; -6.04856 ; -5.14915
5.46544 ; 3.12356 ; 5.78866 ; -4.44408
6.02166 ; 3.65609 ; -6.08162 ; 5.19361
5.16509 ; 4.97951 ; 5.90331 ; 5.89508
7.59944 ; 3.57843 ; -4.51336 ; 5.66487
3.31653 ; 2.4689 ; -3.04022 ; 2.1365
8.34255 ; 6.46857 ; 2.31141 ; 4.79407
7.67861 ; 2.61802 ; -4.74501 ; 2.44187
6.19764 ; 3.02017 ; -5.91984 ; -4.18988
5.74612 ; 4.60562 ; 5.8637 ; 5.84722
5.19332 ; 4.54338 ; -5.61173 ; -5.61254
6.2774 ; 4.06589 ; -5.77816 ; -5.36958
6.48056 ; 5.33877 ; -5.7454 ; 5.73043
5.69961 ; 4.86875 ; 5.80178 ; -5.77675
5.75318 ; 2.37277 ; 5.85837 ; -2.51312
5.55784 ; 5.36931 ; -5.75605 ; 5.66944
5.17708 ; 4.72536 ; -5.62967 ; 5.76343
3.56093 ; 5.44076 ; 3.0122 ; -6.12461
3.08952 ; 6.80303 ; -0.635223 ; -5.36299
5.73115 ; 4.95333 ; -5.8591 ; 5.82055
5.21124 ; 4.95189 ; 5.91401 ; 5.89852
5.5671 ; 4.9802 ; 5.88487 ; 5.84543
6.24398 ; 5.1554 ; 5.60054 ; 5.70633
5.20182 ; 6.14397 ; 6.08493 ; -5.67866
6.37759 ; 5.37018 ; 5.51699 ; 5.6255
3.96749 ; 3.95935 ; 4.91357 ; 6.05176
5.16522 ; 2.36063 ; 6.0448 ; -1.97247
5.91023 ; 5.23699 ; 5.76876 ; -5.83127
5.20061 ; 7.25119 ; 6.01688 ; 3.21647
8.15719 ; 4.45543 ; -0.474974 ; 6.13509
5.95247 ; 4.49531 ; -5.97473 ; 5.88762
5.45061 ; 4.31011 ; -5.69423 ; -5.51341
5.07783 ; 4.51381 ; -5.55564 ; -5.58996
7.54822 ; 6.89561 ; -4.88956 ; -4.92914
4.36651 ; 7.54936 ; 5.9369 ; -1.45808
5.15421 ; 4.41468 ; -5.58376 ; -5.55322
3.98239 ; 6.88032 ; -4.56497 ; 3.44059
5.63293 ; 4.94281 ; 5.8762 ; 5.84293
5.73727 ; 4.49772 ; 5.88562 ; 5.83315
5.27697 ; 4.54182 ; -5.63865 ; -5.52517
4.52563 ; 6.23001 ; 5.86659 ; -5.82379
6.11448 ; 4.71471 ; 5.64276 ; -5.6765
5.94808 ; 6.15532 ; -6.07195 ; -5.65877
5.91379 ; 5.43673 ; 5.72252 ; 5.645
6.68978 ; 3.76576 ; -5.78961 ; -4.92784
5.4172 ; 7.65219 ; 5.97402 ; 2.48045
4.81481 ; 4.48533 ; 5.93221 ; 6.03193
4.53385 ; 4.61622 ; 5.62713 ; 6.0585
7.53924 ; 4.32606 ; 4.44916 ; 4.62189
4.46372 ; 2.76671 ; -5.03289 ; -3.94534
6.18361 ; 5.06718 ; -5.87166 ; 5.84121
6.451 ; 6.31196 ; 5.41378 ; 5.09403
3.8405 ; 3.77032 ; -4.51763 ; -5.05332
4.09442 ; 4.86106 ; -4.78331 ; 5.74463
6.05594 ; 5.46874 ; 5.6656 ; 5.61852
4.76393 ; 5.49401 ; 5.82262 ; -6.05267
3.5675 ; 7.23712 ; 4.00027 ; -3.11021
5.62352 ; 5.0323 ; 5.86372 ; 5.82297
7.47436 ; 6.67256 ; -4.044 ; -5.4059
7.39009 ; 5.99585 ; -4.90241 ; -6.16267
5.40205 ; 5.28781 ; -5.71099 ; 5.68392
7.64991 ; 5.69665 ; -4.12432 ; -6.11612
8.26044 ; 2.34531 ; 1.32401 ; -1.97054
5.58291 ; 4.24321 ; -5.84962 ; 5.71898
5.65967 ; 4.4072 ; -5.76657 ; -5.57643
4.93934 ; 5.93745 ; 6.0408 ; -5.93107
5.87092 ; 4.91692 ; 5.75698 ; -5.77143
5.30238 ; 5.72423 ; 6.00917 ; -5.92108
7.52794 ; 3.59183 ; -4.84602 ; -2.53923
6.15371 ; 6.09651 ; -6.11777 ; -5.78694
5.67646 ; 4.6839 ; -5.8682 ; 5.84325
5.86465 ; 5.2826 ; -5.94256 ; -5.93506
4.99391 ; 5.21825 ; 5.86543 ; -5.96754
4.00279 ; 4.94514 ; -4.68552 ; 5.73873
4.02232 ; 4.09239 ; 4.76849 ; 6.06386
5.92989 ; 5.48007 ; -5.98824 ; -5.96067
5.18225 ; 5.89394 ; 6.05172 ; -5.88334
6.50303 ; 7.62227 ; -6.11083 ; 2.36222
7.68365 ; 6.10386 ; -3.96881 ; -6.15869
6.15648 ; 4.54533 ; 5.60901 ; -5.60812
5.73922 ; 4.08067 ; 5.72238 ; -5.35851
5.27868 ; 5.35243 ; -5.65506 ; 5.64876
5.32811 ; 4.87423 ; -5.70301 ; -5.75176
6.72672 ; 3.98033 ; 5.27271 ; -5.2756
5.24744 ; 5.59472 ; -5.62143 ; 5.54912
6.22247 ; 7.32557 ; -5.95472 ; 3.64403
3.58706 ; 4.51153 ; 3.34356 ; 6.16182
5.22067 ; 4.53587 ; -5.62293 ; -5.61213
5.61475 ; 5.23025 ; -5.85773 ; -5.88246
4.99384 ; 5.7956 ; -5.48871 ; 5.43495
5.92112 ; 4.93007 ; -5.8966 ; 5.85428
7.00498 ; 5.65155 ; 5.08448 ; 5.46575
8.15686 ; 6.29251 ; -1.98524 ; 4.97799
5.86855 ; 4.66907 ; 5.72732 ; -5.68364
3.67299 ; 7.62834 ; 4.33679 ; -0.641554
4.37487 ; 4.9538 ; 5.22705 ; -5.90591
4.86146 ; 6.76398 ; 6.16762 ; -4.67674
6.81562 ; 4.67205 ; -5.3732 ; -5.76978
7.82253 ; 5.70345 ; -3.4194 ; -6.22806
5.93719 ; 4.883 ; -5.88665 ; -5.82804
5.55737 ; 5.37091 ; -5.75546 ; 5.66926
5.35832 ; 4.69945 ; -5.69859 ; -5.69405
5.92385 ; 5.37757 ; -5.96892 ; -5.95881
5.46719 ; 4.83201 ; -5.75732 ; -5.75649
3.37336 ; 4.44646 ; 2.30811 ; 6.1795
6.19453 ; 4.59943 ; 5.59815 ; -5.62558
3.83397 ; 5.95999 ; 4.36253 ; -6.1613
5.24236 ; 4.33848 ; 6.03984 ; 5.90222
5.13736 ; 5.25225 ; 5.91659 ; -5.95912
3.28346 ; 5.50548 ; 1.21658 ; -6.16581
6.23414 ; 4.39027 ; -6.02109 ; 5.93415
5.23461 ; 5.23722 ; 5.92929 ; -5.93002
3.77311 ; 4.62551 ; 3.83451 ; 6.1201
8.04794 ; 2.46564 ; 3.16878 ; 2.31693
6.7738 ; 2.73289 ; -5.93799 ; -3.31685
7.05102 ; 2.91302 ; -5.93433 ; 3.50957
3.51913 ; 5.69924 ; 2.27494 ; -6.19107
7.04338 ; 2.60597 ; -5.98609 ; 1.34204
7.57383 ; 2.73184 ; -4.99816 ; 2.18398
5.26598 ; 5.45301 ; -5.64158 ; 5.61031
8.01237 ; 4.51752 ; -1.90539 ; 6.13848
8.12199 ; 4.2503 ; 1.05597 ; 6.10023
5.85135 ; 4.89571 ; -5.87363 ; -5.82415
6.41084 ; 4.32487 ; 5.47801 ; -5.4908
5.31557 ; 5.52922 ; -5.65494 ; 5.56558
5.82964 ; 5.28023 ; 5.77137 ; 5.71575
6.93715 ; 2.60228 ; 5.04128 ; 2.27062
7.80665 ; 5.79799 ; 2.44025 ; -6.0752
6.05461 ; 4.91436 ; -5.91765 ; 5.87345
6.24868 ; 2.41659 ; 5.63166 ; 0.901752
5.56811 ; 5.08779 ; -5.79231 ; 5.76581
6.38452 ; 4.27912 ; 5.48721 ; -5.47049
7.41797 ; 5.99788 ; -4.53273 ; 5.20352
3.99716 ; 3.64625 ; 5.08979 ; 5.7535
8.02066 ; 3.95001 ; -0.727037 ; 6.06609
5.61205 ; 4.92879 ; -5.82457 ; 5.80632
3.94603 ; 3.72241 ; -4.46486 ; 5.37451
7.91734 ; 3.69535 ; 3.58739 ; 5.60761
6.41241 ; 4.64019 ; 5.51963 ; 5.7396
5.16417 ; 5.63795 ; -5.58184 ; 5.52312
7.68847 ; 7.34512 ; -4.59057 ; 2.84272
6.63194 ; 3.06508 ; -6.17939 ; 3.88136
6.07047 ; 3.27457 ; -5.84854 ; -4.62868
4.59634 ; 4.80267 ; 5.63856 ; 6.00678
3.73725 ; 5.17825 ; 4.45828 ; 3.29838
5.66352 ; 4.91598 ; 5.81678 ; -5.79723
5.59379 ; 4.88118 ; -5.82266 ; 5.80987
5.95225 ; 5.22895 ; 5.73257 ; 5.71925
4.85488 ; 4.61871 ; 5.91324 ; 6.01734
4.79839 ; 4.78573 ; 5.78555 ; 5.98985
6.20417 ; 4.52837 ; 5.58849 ; -5.59705
4.96478 ; 4.21327 ; -5.47533 ; -5.43736
5.59247 ; 5.73906 ; -5.89002 ; -5.84693
3.93276 ; 6.58727 ; 4.57347 ; -5.53866
8.33162 ; 6.66708 ; 0.227759 ; -5.60831
5.35476 ; 5.41916 ; -5.68002 ; 5.6325
6.03303 ; 4.55719 ; 5.6593 ; -5.62285
3.06861 ; 4.16923 ; -1.93209 ; 6.06485
6.5051 ; 4.56509 ; -5.91506 ; 6.00143
8.31418 ; 5.77891 ; 1.62951 ; -6.15188
6.98598 ; 7.5483 ; 4.79913 ; -1.72781
6.20674 ; 3.19051 ; -5.84956 ; -4.5164
6.10932 ; 6.65464 ; 5.67129 ; -4.75268
4.7202 ; 4.68068 ; 5.8097 ; 5.97563
4.91879 ; 4.23535 ; -5.45205 ; -5.44571
5.93428 ; 4.98503 ; -5.90443 ; -5.86686
7.04481 ; 6.2758 ; 5.01718 ; 5.0803
5.52921 ; 5.30284 ; 5.90743 ; -5.89378
7.19956 ; 6.15785 ; -5.43293 ; -5.96775
5.05879 ; 5.46402 ; 5.96051 ; -5.98698
3.74154 ; 4.35158 ; -4.28448 ; 5.79767
5.25633 ; 4.03087 ; -5.59576 ; -5.33932
6.51732 ; 2.74457 ; -6.20914 ; 2.10863
4.68376 ; 3.68766 ; 6.00103 ; 0.585727
4.12558 ; 5.80557 ; -4.79256 ; -5.78946
6.29083 ; 4.29149 ; 5.53221 ; -5.48178
6.37982 ; 4.33505 ; 5.49373 ; -5.498
5.301 ; 4.67918 ; -5.67248 ; -5.67921
5.6322 ; 4.84531 ; 5.88212 ; 5.8633
8.12547 ; 5.57268 ; -1.2982 ; -6.14922
5.16021 ; 4.46361 ; -5.59009 ; -5.57533
5.98769 ; 5.12791 ; 5.72497 ; 5.74721
3.41262 ; 6.87163 ; -3.78618 ; 4.4082
6.44155 ; 5.77663 ; 5.46175 ; 5.44561
5.83224 ; 4.86141 ; -5.89453 ; 5.85175
6.11411 ; 5.6518 ; -6.02154 ; -4.05988
6.16652 ; 7.72494 ; -5.67165 ; 1.77571
5.85768 ; 4.7294 ; 5.73799 ; -5.70922
5.98109 ; 2.7249 ; 5.80195 ; 2.50279
5.55317 ; 5.21981 ; 5.88709 ; -5.88898
5.30488 ; 5.57596 ; -5.64604 ; 5.56174
4.35285 ; 5.1851 ; 5.26997 ; -6.01265
5.69109 ; 4.16229 ; 5.93085 ; 5.68834
5.96072 ; 5.60016 ; -5.81923 ; 5.56474
5.4171 ; 5.16662 ; -5.70682 ; -5.85785
6.45592 ; 4.74293 ; 5.48869 ; 5.75585
2.95126 ; 4.1311 ; 0.0256091 ; -4.77024
6.27237 ; 5.19626 ; -5.87862 ; 5.74207
7.10619 ; 6.41192 ; -5.49156 ; -5.72743
6.68571 ; 6.69209 ; 5.18046 ; 4.72588
5.77053 ; 3.778 ; 5.69669 ; -5.14413
5.08849 ; 2.25936 ; -5.53485 ; -1.7546
4.14185 ; 4.05538 ; 5.28845 ; 6.06723
3.53876 ; 7.00152 ; -4.00376 ; 4.23594
6.24797 ; 5.64386 ; 5.56552 ; 5.52423
5.25062 ; 5.47798 ; -5.63287 ; 5.59914
5.83795 ; 4.65792 ; -5.92552 ; 5.87238
6.19182 ; 4.41102 ; 5.58356 ; -5.54589
7.65468 ; 4.80119 ; -3.86044 ; -5.87289
4.68073 ; 2.39869 ; -5.23766 ; 0.782267
6.63549 ; 5.2267 ; -5.66715 ; 5.7925
6.18887 ; 4.92873 ; -5.95478 ; -5.62274
7.00559 ; 6.42558 ; -5.30961 ; 4.91114
5.58197 ; 5.2126 ; -5.78312 ; 5.72943
5.76476 ; 5.14802 ; 5.81803 ; -5.84125
5.60184 ; 4.78778 ; -5.79811 ; -5.75592
4.51084 ; 4.04119 ; -5.14989 ; 5.50508
7.23949 ; 2.78197 ; -5.52784 ; -3.11797
3.80376 ; 4.43779 ; -4.14072 ; 5.89364
2.95509 ; 3.99619 ; -0.251013 ; -5.20843
6.57805 ; 7.08547 ; -5.86137 ; 4.05953
5.99708 ; 4.7078 ; 5.68805 ; -5.68715
5.43382 ; 4.80765 ; -5.74174 ; -5.74368
3.4617 ; 3.27814 ; 3.28555 ; 5.22461
5.06142 ; 4.96629 ; 5.82914 ; -5.8697
5.64231 ; 4.99929 ; 5.83464 ; -5.82481
7.75294 ; 3.88337 ; -3.35263 ; 6.03401
5.57166 ; 7.02866 ; 6.02276 ; -3.48069
4.42588 ; 7.60926 ; 6.04897 ; 0.130443
7.74539 ; 4.45171 ; 4.14243 ; 5.85296
5.54674 ; 4.75776 ; -5.77651 ; -5.73845
5.39465 ; 4.56205 ; -5.69789 ; -5.63899
5.0578 ; 5.01571 ; 5.87727 ; 5.89337
5.05014 ; 5.71268 ; -5.52323 ; 5.48028
6.28693 ; 5.66534 ; 5.54614 ; 5.51158
6.19391 ; 7.80748 ; 5.59739 ; 0.956602
7.98972 ; 7.61833 ; -3.68989 ; -1.41054
6.12329 ; 2.38013 ; -6.1392 ; -0.459827
3.71928 ; 4.62068 ; 3.81422 ; 6.12815
5.58299 ; 5.10018 ; 5.864 ; -5.85932
5.79539 ; 4.58008 ; 5.85165 ; 5.84705
5.7059 ; 4.93635 ; 5.8091 ; -5.79875
4.79863 ; 7.41981 ; 5.92986 ; 3.3167
3.79437 ; 4.99621 ; 3.93928 ; -5.85605
8.15582 ; 7.70425 ; -2.98491 ; 1.03345
6.41319 ; 3.47563 ; -6.16028 ; 5.01073
5.29928 ; 5.35632 ; 5.95006 ; -5.95097
5.93006 ; 4.80999 ; -5.92322 ; 5.87752
5.34004 ; 4.33247 ; 5.77621 ; -5.5231
5.68535 ; 5.52467 ; -5.91477 ; -5.90026
5.55192 ; 4.93786 ; -5.80103 ; -5.80167
6.53042 ; 3.93492 ; -6.06177 ; 5.73742
5.5794 ; 5.11599 ; -5.82696 ; -5.85699
5.7244 ; 5.19763 ; -5.82487 ; 5.74862
5.18489 ; 4.58822 ; -5.61206 ; -5.62998
3.94455 ; 4.76896 ; -4.60524 ; 5.77164
7.53629 ; 7.76972 ; 4.19744 ; 2.29648
3.31175 ; 2.34332 ; 0.66716 ; 0.790149
7.44516 ; 5.30251 ; -4.52515 ; -6.11727
6.22612 ; 3.74226 ; -6.11656 ; 5.41978
6.28424 ; 4.4677 ; 5.54772 ; -5.56482
6.55587 ; 4.94201 ; -5.77726 ; -5.90105
7.90893 ; 2.39859 ; -4.01836 ; -1.56704
6.09728 ; 5.03724 ; -5.89272 ; 5.84405
5.79693 ; 6.08562 ; -5.75084 ; 5.26024
6.23263 ; 6.79583 ; -6.20567 ; -4.52031
5.74927 ; 3.7106 ; -5.74788 ; -5.10051
6.64363 ; 5.5256 ; -5.88287 ; -6.09266
5.57817 ; 4.85228 ; 5.90236 ; 5.86856
5.8554 ; 4.9142 ; 5.76166 ; -5.77266
5.77103 ; 5.07243 ; 5.8174 ; 5.79139
3.94109 ; 4.88644 ; -4.60821 ; 5.75634
6.47348 ; 6.01525 ; 5.45784 ; -5.54192
5.58962 ; 4.54915 ; 5.93604 ; 5.87796
5.78668 ; 5.237 ; -5.83011 ; 5.74203
4.46597 ; 5.55105 ; 5.56432 ; -6.1008
8.03125 ; 4.56561 ; -2.11037 ; 6.1332
6.94374 ; 5.93572 ; -5.74064 ; -6.09591
5.3141 ; 4.79106 ; 5.95591 ; 5.92095
2.94876 ; 7.75742 ; -0.359735 ; 1.37244
3.5359 ; 4.47986 ; 3.11878 ; -5.62584
6.44218 ; 5.61742 ; 5.46988 ; 5.51785
6.40938 ; 5.25199 ; 5.5033 ; 5.66302
5.43499 ; 4.90357 ; -5.75254 ; -5.77489
5.78179 ; 5.31497 ; -5.82114 ; 5.70745
4.25106 ; 3.4184 ; 5.71679 ; 5.27186
6.5589 ; 6.1502 ; -5.90483 ; 4.50366
7.53165 ; 5.18571 ; -4.11638 ; 5.84879
6.14962 ; 6.55788 ; -6.1677 ; -5.11128
5.43414 ; 5.4248 ; 5.9456 ; -5.93112
5.30561 ; 5.39701 ; -5.66295 ; 5.63551
6.78302 ; 6.40722 ; -6.04632 ; -5.62404
5.88169 ; 4.99412 ; -5.88911 ; 5.8202
7.70259 ; 5.20491 ; 3.84592 ; -5.90568
6.32319 ; 2.24254 ; 5.54447 ; -1.17078
6.25858 ; 5.31932 ; -5.9109 ; -6.00538
6.11024 ; 4.85596 ; 5.654 ; -5.72388
4.49801 ; 6.27987 ; 5.87911 ; -5.7868
5.89383 ; 5.25447 ; 5.74922 ; 5.63275
5.1525 ; 4.76638 ; 5.95903 ; 5.95023
4.93241 ; 2.49972 ; 6.05125 ; -2.78813
6.2016 ; 4.501 ; 5.58696 ; -5.58627
5.58981 ; 4.90692 ; -5.80982 ; -5.79721
4.52266 ; 5.34272 ; 5.61624 ; -6.0123
6.38934 ; 5.4532 ; -6.02465 ; -4.6551
5.19442 ; 7.53818 ; -5.58747 ; 3.22682
5.23381 ; 7.34374 ; 6.16311 ; -2.04119
4.31262 ; 3.27855 ; 5.68817 ; 4.91264
5.77695 ; 5.08069 ; 5.80749 ; -5.82182
6.32432 ; 5.9779 ; -6.11106 ; -5.92776
7.50934 ; 4.73297 ; -3.89676 ; 6.0545
6.34367 ; 6.24517 ; -6.15373 ; -5.6665
4.702 ; 5.07165 ; 5.68695 ; 5.89818
5.8805 ; 5.52138 ; 5.7245 ; 5.60907
6.12688 ; 6.07178 ; -5.75648 ; 5.26308
6.18433 ; 6.21777 ; -5.76628 ; 5.14708
3.28471 ; 5.18754 ; 1.23433 ; 5.86496
5.83224 ; 5.01421 ; 5.78148 ; -5.80155
7.01997 ; 2.40324 ; -5.92799 ; -1.84353
4.07882 ; 4.1004 ; 5.02026 ; 6.09404
6.30859 ; 4.97251 ; -5.87822 ; 5.88574
6.04745 ; 4.74719 ; 5.67311 ; -5.69551
5.55516 ; 5.5702 ; 5.80295 ; 5.60069
8.08508 ; 4.08186 ; -2.35714 ; -5.35337
6.66661 ; 7.33496 ; -5.97213 ; 3.32891
6.837 ; 4.22196 ; -5.36786 ; -5.47598
5.45518 ; 4.819 ; 5.93417 ; 5.89389
7.88533 ; 2.37967 ; -4.16785 ; -1.59124
5.96683 ; 4.75946 ; -5.90293 ; 5.89152
6.04177 ; 4.75403 ; 5.67549 ; -5.69796
5.77428 ; 5.22742 ; -5.91139 ; -5.90952
4.89834 ; 4.73293 ; 5.89981 ; 5.9909
5.833 ; 5.13534 ; 5.78848 ; 5.76468
3.3693 ; 7.19253 ; 3.17179 ; -3.99878
4.6199 ; 5.4364 ; -5.26147 ; -5.80885
6.0263 ; 3.1006 ; -5.97505 ; -3.19239
5.94981 ; 5.58375 ; -6.0074 ; -5.95968
5.23753 ; 5.14945 ; 5.87638 ; 5.82552
5.21121 ; 6.53893 ; 2.90534 ; -5.43875
5.43192 ; 5.07364 ; 5.89161 ; 5.83507
5.2312 ; 5.32732 ; -5.63507 ; 5.65282
7.38879 ; 2.39212 ; 4.51962 ; 1.0238
8.15785 ; 5.46057 ; -1.37195 ; -6.18848
6.05551 ; 4.65859 ; 5.6612 ; -5.66286
5.62313 ; 5.03699 ; 5.84494 ; -5.83777
5.84663 ; 4.86804 ; -5.87199 ; -5.81288
4.70204 ; 5.28744 ; 5.75156 ; -6.0084
3.42539 ; 3.02946 ; 3.57552 ; 1.55694
6.64057 ; 4.60131 ; 5.18737 ; 5.83758
7.82956 ; 4.23841 ; -2.83532 ; -5.38606
4.77738 ; 4.09192 ; -4.02361 ; 5.8422
6.15771 ; 4.82825 ; 5.63054 ; -5.71007
4.81837 ; 5.01101 ; 5.77615 ; 5.91542
6.24373 ; 4.38974 ; 5.55963 ; -5.53299
5.85423 ; 5.4542 ; 5.74009 ; 5.64248
4.28628 ; 5.04352 ; 5.11724 ; -5.95156
2.96943 ; 3.58672 ; 0.554242 ; -4.7152
5.12888 ; 6.96564 ; 6.11983 ; -1.08509
4.96034 ; 3.51956 ; -5.48957 ; 4.88249
6.45764 ; 4.28396 ; 5.45111 ; -5.46756
5.83134 ; 6.56165 ; -6.05651 ; -5.0221
5.6447 ; 5.05231 ; 5.8562 ; 5.81546
5.83251 ; 5.32806 ; 5.76373 ; 5.69782
5.46574 ; 5.37962 ; -5.72504 ; 5.65762
6.50063 ; 7.58847 ; -6.09572 ; 2.51156
7.51464 ; 5.03818 ; 4.55044 ; 5.72078
5.27984 ; 4.47566 ; 6.01461 ; 5.92038
6.38647 ; 6.4861 ; -6.18892 ; -5.3395
4.97045 ; 2.60889 ; 6.0527 ; -2.92306
5.7574 ; 4.59733 ; 5.87067 ; 5.84848
3.71642 ; 5.0411 ; -4.30948 ; 5.74642
6.15339 ; 7.25636 ; -2.41626 ; 3.87233
5.57465 ; 5.3905 ; 5.82141 ; 5.69169
4.79024 ; 7.39526 ; 6.20933 ; -1.65227
3.03184 ; 3.31133 ; 0.41702 ; -4.31748
5.0622 ; 5.3685 ; 5.96931 ; -5.64462
6.0041 ; 5.2108 ; 5.71301 ; 5.71886
5.40515 ; 5.45864 ; -5.69515 ; 5.62082
6.80405 ; 2.93257 ; -5.96682 ; -2.73227
8.25875 ; 6.04427 ; -0.20426 ; -6.19099
6.74343 ; 5.68448 ; 5.2645 ; -5.71916
5.47967 ; 5.12976 ; -5.75564 ; 5.74163
6.6158 ; 4.20806 ; -5.94364 ; 5.9734
6.65616 ; 3.76988 ; -6.04243 ; 5.24228
5.57223 ; 4.84278 ; -5.79565 ; -5.77306
5.53891 ; 5.24825 ; 5.67863 ; -5.90401
6.40144 ; 5.74957 ; 5.4843 ; 5.46245
6.57452 ; 5.57518 ; -5.95274 ; -6.08831
5.022 ; 6.36035 ; 5.86493 ; 4.39517
6.03238 ; 5.40749 ; 5.68191 ; 5.64525
5.4417 ; 5.01758 ; -5.74995 ; 5.76131
7.02425 ; 5.70707 ; -5.57548 ; -6.15802
5.76707 ; 5.55098 ; -5.78943 ; 5.59371
7.87061 ; 4.81206 ; -2.1926 ; -5.85585
5.6739 ; 5.20409 ; -5.80884 ; 5.74353
5.53385 ; 5.12391 ; 5.87475 ; -5.87273
6.29296 ; 4.888 ; -5.90966 ; -5.80585
5.16982 ; 4.50567 ; -5.59787 ; -5.59452
6.45434 ; 5.10383 ; -5.7966 ; 5.84621
6.15101 ; 4.94786 ; -5.90799 ; -5.8739
6.04541 ; 4.53174 ; 5.6523 ; -5.61088
3.13814 ; 7.23011 ; -2.26922 ; -3.9837
5.05071 ; 5.92824 ; 5.75433 ; 5.38717
8.20353 ; 2.37343 ; 2.55583 ; 0.356941
6.46842 ; 6.57229 ; -6.19617 ; -5.20522
3.84727 ; 3.77497 ; -4.52398 ; -5.04123
8.35916 ; 5.62335 ; 1.38174 ; -6.15337
7.13891 ; 5.8579 ; 4.90828 ; -5.60301
5.66957 ; 4.21354 ; -5.73984 ; -5.46113
5.08328 ; 3.39363 ; 5.89711 ; -4.56209
5.98733 ; 4.40135 ; -5.98964 ; 5.88141
6.31665 ; 3.04018 ; -5.96943 ; -4.03845
6.65687 ; 6.49895 ; -5.81498 ; -5.46464
3.93061 ; 4.00589 ; 4.69711 ; 6.07944
6.71284 ; 6.14471 ; -5.80051 ; -5.93298
5.98633 ; 5.36075 ; 5.70473 ; 5.66799
7.35746 ; 6.42276 ; -5.0061 ; -5.81204
5.66764 ; 4.00121 ; -5.8927 ; 5.56794
4.87616 ; 4.47449 ; 5.87324 ; 5.99377
4.38214 ; 4.57039 ; 5.50046 ; 6.08488
5.48396 ; 5.01211 ; -5.76771 ; 5.76911
8.13006 ; 5.72879 ; -1.40837 ; -6.23544
7.58173 ; 4.25539 ; -4.25379 ; 6.13474
6.88127 ; 6.19862 ; -5.90686 ; -5.93042
5.19885 ; 4.75425 ; 5.92449 ; 5.94552
7.18802 ; 4.73007 ; -5.12702 ; -5.78366
4.39538 ; 4.78917 ; -5.0692 ; 5.73309
3.43498 ; 5.90354 ; 2.44992 ; -6.19875
4.74455 ; 6.08619 ; 5.91777 ; -5.85689
6.32594 ; 4.46968 ; 5.5287 ; -5.56242
7.06468 ; 3.98318 ; -5.59056 ; 5.85756
6.60373 ; 4.3193 ; -5.93693 ; 6.00336
5.70066 ; 5.19955 ; 5.84622 ; -5.85848
3.01607 ; 3.37276 ; -0.883256 ; 5.35327
5.36696 ; 5.41185 ; -5.71011 ; -5.87721
3.55339 ; 7.23258 ; 4.00973 ; 3.4417
7.31332 ; 5.27462 ; -4.93614 ; -6.06675
7.25004 ; 6.72379 ; -5.56358 ; -0.861198
5.33833 ; 4.92459 ; 5.92771 ; 5.88861
4.70881 ; 5.75485 ; 5.88204 ; -6.05547
5.56164 ; 4.17193 ; 5.74618 ; -5.42177
5.79402 ; 4.2754 ; -5.77086 ; -5.50472
6.1782 ; 4.56761 ; 5.60238 ; -5.61477
6.26122 ; 4.51983 ; 5.56229 ; -5.58839
5.32088 ; 5.30572 ; -5.67675 ; 5.66904
5.48987 ; 5.37318 ; -5.73396 ; 5.66201
5.67704 ; 5.40169 ; 5.79802 ; 5.67965
5.71601 ; 4.12786 ; 5.92063 ; 5.66229
4.79538 ; 5.12758 ; -5.40612 ; -5.76096
4.90881 ; 2.52535 ; -5.42926 ; 1.60946
3.23759 ; 4.46776 ; 1.45315 ; 6.17193
5.34402 ; 5.72009 ; 5.97446 ; -5.92537
4.94614 ; 5.82721 ; -5.46175 ; 5.41519
7.55791 ; 5.73298 ; -4.2332 ; -6.21843
2.87681 ; 2.8609 ; -0.0699214 ; -3.66462
3.67782 ; 7.0666 ; 4.33834 ; 3.97458
5.00375 ; 4.27083 ; 6.04582 ; 5.95481
5.50933 ; 4.64967 ; 5.80586 ; -5.6955
5.38008 ; 5.39634 ; -5.75844 ; -5.86368
5.58485 ; 4.96551 ; 5.88294 ; 5.8461
5.52399 ; 6.02104 ; -5.69574 ; 5.30855
5.76926 ; 5.83914 ; -5.77489 ; 5.42093
6.22116 ; 4.61502 ; 5.58764 ; -5.62921
5.46042 ; 5.21882 ; -5.73983 ; 5.71396
3.11433 ; 2.94082 ; 0.665723 ; 4.43814
5.04558 ; 5.1086 ; -5.56562 ; -5.77877
3.09807 ; 5.3043 ; -1.54152 ; -6.04314
5.72214 ; 4.72808 ; 5.87259 ; 5.85683
5.14517 ; 3.67973 ; 5.79401 ; -5.01339
4.89612 ; 3.86741 ; 6.10606 ; 5.71543
6.41213 ; 3.38399 ; 0.362575 ; 5.17785
6.74364 ; 6.71166 ; -6.13529 ; -5.04753
8.13698 ; 5.6311 ; 3.49347 ; 5.45741
4.16282 ; 4.31834 ; 5.21725 ; 6.12872
5.81714 ; 5.66086 ; 5.72199 ; 5.54108
5.08698 ; 4.43492 ; -5.55485 ; -5.55704
6.59282 ; 5.21662 ; -5.74357 ; 5.76921
5.36337 ; 5.41108 ; -5.68336 ; 5.63601
5.92779 ; 4.93342 ; 5.73811 ; -5.76717
4.16233 ; 4.61834 ; 5.07264 ; 6.09801
5.40577 ; 5.34578 ; -5.70678 ; 5.66434
3.28061 ; 5.12009 ; 1.41794 ; 5.90708
4.57964 ; 5.42635 ; 5.63493 ; -6.066
4.90774 ; 5.87424 ; 6.00887 ; -5.97321
6.33928 ; 5.96731 ; -5.73788 ; 5.33557
8.30265 ; 3.91851 ; 2.04727 ; 5.97209
6.19036 ; 5.53259 ; -6.02847 ; -6.01867
3.43836 ; 5.81615 ; 1.14884 ; 5.43985
4.96642 ; 5.76276 ; -5.47692 ; 5.44971
3.91648 ; 7.58345 ; -4.16966 ; -2.03144
6.35194 ; 5.69641 ; 5.51306 ; 5.49233
6.52301 ; 5.86898 ; 5.4101 ; 5.38964
5.66621 ; 4.75993 ; -5.81335 ; -5.75102
5.52839 ; 5.00673 ; 5.88792 ; 5.84387
5.39766 ; 5.10566 ; -5.72327 ; 5.74039
3.57782 ; 7.05298 ; 3.96315 ; 4.0001
5.10514 ; 5.53053 ; -5.61572 ; -5.80838
4.84259 ; 5.93757 ; 6.01119 ; -5.95812
6.13278 ; 5.63242 ; -6.04654 ; -5.99391
6.53053 ; 3.83218 ; -6.04851 ; 5.65959
5.52709 ; 5.74803 ; 5.96092 ; -5.83392
3.3356 ; 3.89237 ; 2.62409 ; -5.0839
5.67721 ; 5.02458 ; 5.85173 ; 5.8181
5.42144 ; 4.85778 ; -5.74236 ; -5.75883
7.58458 ; 2.41328 ; -5.08607 ; -0.543315
6.17918 ; 5.46518 ; 5.61227 ; 5.60753
5.80808 ; 4.04933 ; 5.69602 ; -5.34254
5.42882 ; 6.16758 ; 5.89748 ; -5.66712
8.16162 ; 3.55723 ; 2.2622 ; 5.15307
5.11874 ; 3.39016 ; 6.17232 ; 4.84335
5.77607 ; 4.96566 ; 5.79344 ; -5.79819
5.72427 ; 7.49825 ; -5.86352 ; 3.28102
5.81687 ; 5.07016 ; 5.8021 ; 5.78445
5.53438 ; 5.38061 ; 5.90174 ; -5.91389
3.99311 ; 2.82625 ; 5.39501 ; -0.00385636
6.59502 ; 7.40322 ; -6.26302 ; -2.26368
5.1069 ; 5.60919 ; -5.55771 ; 5.53201
5.42223 ; 5.3068 ; -5.71667 ; 5.67967
5.03036 ; 4.33412 ; -5.51938 ; -5.50554
5.74044 ; 5.11975 ; -5.88675 ; -5.88158
3.58889 ; 6.57268 ; 3.85287 ; 4.66307
4.9332 ; 2.49341 ; 6.18109 ; -0.488753
4.00999 ; 5.08362 ; 4.25441 ; 5.88438
6.37391 ; 2.53742 ; -6.21065 ; 0.649668
6.11859 ; 5.74963 ; -6.06386 ; -5.96087
5.3564 ; 5.50133 ; -5.67322 ; 5.59855
6.36303 ; 4.38317 ; 5.50551 ; -5.52182
6.19537 ; 6.75997 ; 4.2576 ; -4.937
5.79456 ; 5.25964 ; -5.9207 ; -5.91684
5.69163 ; 5.35565 ; -5.88637 ; -5.9161
8.45285 ; 5.92224 ; 2.01749 ; 5.2807
8.24701 ; 6.27751 ; -0.0698502 ; -6.06582
3.16107 ; 3.94924 ; -2.20516 ; -5.18109
4.79066 ; 7.18919 ; 5.86377 ; 3.89549
8.13677 ; 5.62814 ; -0.337596 ; -6.19859
5.37051 ; 4.99913 ; -5.7181 ; 5.76059
3.13855 ; 4.47572 ; -2.67211 ; 6.01433
7.93693 ; 3.42949 ; -3.20498 ; 5.52753
6.41194 ; 4.28115 ; 5.47416 ; -5.46967
5.73478 ; 6.34637 ; -5.77905 ; 5.01645
5.32121 ; 7.54859 ; -5.77687 ; -1.49887
6.43817 ; 5.67255 ; -6.03063 ; -6.06081
6.1795 ; 5.54339 ; 5.60514 ; 5.57518
5.69506 ; 5.02654 ; -5.83853 ; 5.79689
7.2698 ; 3.76435 ; 4.76543 ; 5.36435
6.40219 ; 4.55212 ; -5.95873 ; 5.98502
5.09688 ; 4.13617 ; 6.0647 ; 5.87116
6.97144 ; 5.12207 ; 5.07735 ; -5.77071
3.49995 ; 7.59471 ; 4.13699 ; 0.500056
3.2673 ; 2.52808 ; 2.97118 ; -2.66597
6.29479 ; 4.21908 ; 5.52568 ; -5.44266
3.17444 ; 7.01768 ; 0.676235 ; -4.7445
5.63404 ; 5.73728 ; 5.92315 ; -5.79522
5.97709 ; 5.53356 ; 5.6891 ; 5.59666
3.43316 ; 2.55983 ; 3.69554 ; 2.2814
4.26421 ; 6.7279 ; 5.31391 ; 4.58105
5.69379 ; 4.90085 ; -5.8502 ; 5.8262
4.34312 ; 2.98226 ; 5.53774 ; -4.03023
4.2241 ; 6.18467 ; 5.45686 ; 4.20902
5.33676 ; 4.70964 ; -5.69093 ; -5.69523
6.71218 ; 7.28875 ; -6.02942 ; 2.71787
5.7165 ; 6.35529 ; -5.99061 ; -5.32803
4.82177 ; 4.82473 ; 5.83684 ; 5.97811
5.6452 ; 5.6016 ; -5.75617 ; 5.56443
5.69892 ; 2.35853 ; 5.94472 ; -0.79142
5.42702 ; 5.70076 ; 5.98255 ; -5.89907
4.41051 ; 2.71716 ; 0.910544 ; 2.74403
3.51329 ; 3.25964 ; 3.71255 ; 4.9224
6.0885 ; 4.95005 ; -5.91001 ; 5.87044
5.99885 ; 5.13 ; -5.93939 ; -5.92069
7.2449 ; 4.03365 ; -2.63213 ; 5.99963
5.1746 ; 5.16802 ; 5.85699 ; 5.82263
8.15618 ; 4.68144 ; 3.15256 ; -5.70721
6.9395 ; 4.78975 ; 5.13756 ; 5.73119
4.31331 ; 6.58395 ; 5.7646 ; -5.36429
5.43634 ; 5.11404 ; -5.73997 ; 5.74137
4.73741 ; 5.59045 ; 5.85789 ; -6.06288
6.30402 ; 4.84972 ; 5.55612 ; -5.6965
5.88936 ; 5.11117 ; 5.76928 ; -5.81387
5.51905 ; 4.3385 ; -5.71385 ; -5.53176
3.69237 ; 4.96778 ; -4.2856 ; 5.74534
5.47987 ; 5.45174 ; -5.72172 ; 5.62928
6.33208 ; 4.36956 ; 5.5189 ; -5.51784
5.26014 ; 5.58451 ; -5.62736 ; 5.55449
4.40794 ; 2.40405 ; 5.43843 ; -2.06219
3.02813 ; 6.27954 ; -2.73743 ; 4.97744
6.10343 ; 2.39613 ; -6.07092 ; -2.13425
5.6945 ; 4.98818 ; -5.85497 ; -5.83614
5.93261 ; 4.89773 ; 5.73251 ; -5.75762
4.15822 ; 3.63305 ; -4.75119 ; 5.22044
4.53443 ; 6.17616 ; -5.19515 ; -5.42059
6.06694 ; 4.68561 ; 5.65948 ; -5.67173
6.32609 ; 4.35431 ; 5.52037 ; -5.51135
5.41217 ; 4.89627 ; 5.84815 ; -5.81364
5.57015 ; 5.11301 ; 5.86239 ; 5.80615
5.96588 ; 4.12852 ; -5.97324 ; 5.78247
6.98132 ; 6.17147 ; -5.80413 ; -5.80394
5.35921 ; 3.55589 ; 6.10223 ; 5.07464
7.56244 ; 3.47162 ; 4.43319 ; -3.49105
6.52863 ; 5.26214 ; 5.43193 ; 5.65077
5.24159 ; 2.4761 ; 6.03803 ; -2.73823
6.02709 ; 5.36857 ; 5.68813 ; 5.66056
5.70995 ; 4.79049 ; -5.87224 ; 5.839
7.01371 ; 4.05133 ; -5.63319 ; 5.99747
6.1162 ; 4.64088 ; -5.97259 ; 5.92399
5.7956 ; 5.56196 ; -5.95975 ; -5.92535
5.50476 ; 5.44077 ; 5.82653 ; 5.67078
2.89276 ; 7.73794 ; -0.553112 ; 1.52545
8.19145 ; 4.72333 ; 2.99392 ; 5.93669
5.49369 ; 5.27202 ; -5.81108 ; -5.8622
4.03776 ; 5.66323 ; 4.78642 ; -6.16175
6.67766 ; 7.63129 ; -6.17047 ; 1.05265
5.2773 ; 5.45397 ; -5.64576 ; 5.61119
5.63651 ; 4.11574 ; 5.73386 ; -5.38534
5.68589 ; 4.55341 ; -5.79084 ; -5.65555
6.01535 ; 3.92489 ; -6.05364 ; 5.57544
6.26863 ; 4.85049 ; 5.57868 ; 5.1776
6.38192 ; 4.16756 ; -6.04563 ; 5.81509
5.65982 ; 5.19213 ; -5.80824 ; 5.74564
6.27929 ; 5.43224 ; -6.00858 ; -5.99549
5.46982 ; 2.3037 ; -5.74708 ; -2.07551
6.0492 ; 4.73336 ; 5.67114 ; -5.69085
5.43813 ; 4.60264 ; 5.96979 ; 5.91343
7.18607 ; 4.39663 ; -4.97206 ; 6.0921
6.43654 ; 5.49969 ; 5.47981 ; 5.5717
5.28811 ; 4.20702 ; -5.70863 ; 5.63948
4.13148 ; 5.35549 ; -4.84165 ; -5.7932
6.63507 ; 2.75682 ; -6.119 ; -1.08347
7.03478 ; 3.31098 ; 4.98093 ; 4.64866
6.02787 ; 4.22918 ; -6.02365 ; 5.776
5.13795 ; 6.86505 ; -5.54169 ; 4.52041
7.53891 ; 7.60382 ; -5.0999 ; 2.17314
6.50643 ; 4.84716 ; -5.83749 ; 5.94436
7.65071 ; 6.552 ; -4.28032 ; 4.53617
7.49499 ; 5.35002 ; 4.49989 ; -5.85413
6.38941 ; 4.30818 ; 5.48698 ; -5.48449
6.34037 ; 3.77866 ; -6.07308 ; 5.56232
6.29527 ; 5.00325 ; 5.56377 ; -5.70494
5.6901 ; 5.19643 ; 5.82359 ; 5.76282
5.79382 ; 6.35515 ; -6.02698 ; -5.37389
5.79678 ; 5.05419 ; 5.798 ; -5.81495
6.11701 ; 4.00033 ; -5.79013 ; -5.27236
8.06735 ; 6.02686 ; -2.00711 ; -6.21909
5.65952 ; 5.31095 ; 5.81581 ; 5.71943
5.38574 ; 3.56768 ; 6.0936 ; 5.10745
6.10949 ; 5.06087 ; 5.67532 ; 5.74652
3.80329 ; 6.48103 ; -4.44804 ; 4.87041
4.03543 ; 7.57633 ; 5.59536 ; -0.828367
5.80711 ; 5.19714 ; 5.78883 ; 5.74855
5.10855 ; 5.59264 ; -5.5595 ; 5.53905
5.25269 ; 7.30701 ; -3.35302 ; -3.33687
6.13511 ; 5.64306 ; -6.04711 ; -5.99786
5.82055 ; 4.79206 ; 5.75702 ; -5.73638
5.07884 ; 4.36305 ; -5.54551 ; -5.52356
3.51071 ; 7.46899 ; 4.04835 ; -2.49497
4.90773 ; 4.88043 ; 5.82498 ; 5.95156
6.17408 ; 2.35383 ; -6.14339 ; -0.811032
5.3426 ; 4.31987 ; -5.72957 ; 5.72392
6.10971 ; 6.38659 ; 5.21703 ; -5.452
5.2305 ; 5.1252 ; 5.90058 ; -5.91042
6.04971 ; 3.9567 ; -6.06021 ; 5.59697
3.01345 ; 5.36409 ; -0.974875 ; -6.07869
3.25496 ; 4.72239 ; 1.68984 ; 6.10124
6.0496 ; 4.85663 ; -5.92568 ; 5.88842
4.0695 ; 2.66475 ; -4.3671 ; 1.57243
8.1669 ; 2.21925 ; 2.95158 ; -1.37851
5.5385 ; 5.98028 ; 5.76291 ; 5.3506
4.91628 ; 5.85659 ; 6.01186 ; -5.97868
5.09489 ; 5.79453 ; 6.0238 ; -5.95517
6.8316 ; 4.8184 ; -5.6532 ; 5.91041
3.77472 ; 4.72515 ; -4.44972 ; -5.62906
7.05168 ; 3.26349 ; -4.92136 ; 4.89273
5.92075 ; 4.78773 ; 5.72495 ; -5.72391
3.87804 ; 7.65769 ; 5.21444 ; 1.86096
5.44924 ; 2.98099 ; -5.80351 ; 3.49445
5.5711 ; 4.99084 ; -5.80363 ; 5.78683
5.96535 ; 3.32514 ; -6.08179 ; 4.51919
6.75818 ; 4.55072 ; -5.74674 ; 6.03709
5.08745 ; 4.18625 ; 6.06953 ; 5.84057
6.76436 ; 4.33355 ; -5.81014 ; 6.03678
3.61737 ; 5.91009 ; 3.56912 ; -6.19745
5.97202 ; 6.02501 ; 5.7516 ; -5.64227
5.5823 ; 4.99514 ; 5.84596 ; -5.83185
7.34502 ; 5.30542 ; -4.76171 ; -6.10959
4.43487 ; 5.90529 ; -5.11667 ; 5.33544
4.34667 ; 5.62478 ; 5.04902 ; 5.58797
6.60535 ; 6.85757 ; -6.21272 ; -4.59131
5.7997 ; 5.21813 ; 5.81348 ; -5.83696
6.10221 ; 5.11722 ; -5.94396 ; -5.93118
5.04622 ; 4.22907 ; 6.04923 ; 5.57112
4.78983 ; 3.63968 ; 5.17527 ; 5.53988
5.86082 ; 4.2563 ; -5.97642 ; 5.78191
5.7189 ; 4.9726 ; 5.8072 ; -5.80797
5.68341 ; 5.07145 ; 5.84438 ; 5.80431
5.72385 ; 4.11994 ; -5.93393 ; 5.65827
3.09108 ; 2.27847 ; -2.28995 ; -0.945385
4.44345 ; 5.66935 ; 5.58204 ; -6.10936
6.09772 ; 3.3609 ; -6.11542 ; 4.51079
5.90106 ; 5.09701 ; -5.91929 ; -5.89878
7.91768 ; 7.11199 ; 3.01321 ; -4.26429
5.28709 ; 3.98226 ; 6.07988 ; 5.68883
6.22869 ; 5.44822 ; 5.58948 ; 5.60983
5.61868 ; 4.96047 ; 5.82973 ; -5.81714
5.818 ; 5.61752 ; 5.72993 ; 5.56134
8.13397 ; 6.6486 ; -0.625802 ; -5.61026
5.7841 ; 4.69761 ; -5.83231 ; -5.73325
4.05121 ; 3.20021 ; 5.45354 ; 4.75942
6.18971 ; 4.52844 ; 5.59423 ; -5.59845
6.22847 ; 5.29845 ; -5.98004 ; -5.99792
5.91152 ; 5.00398 ; -5.90437 ; -5.87073
7.33877 ; 6.51233 ; -4.45815 ; 4.80018
6.14473 ; 4.0938 ; -6.06211 ; 5.76908
6.60088 ; 7.51385 ; 5.32432 ; -1.87763
5.62213 ; 5.27849 ; -5.78631 ; 5.71114
5.74951 ; 5.18772 ; -5.8288 ; 5.75683
4.31006 ; 4.5239 ; 5.49706 ; 5.84275
6.57105 ; 5.48145 ; -5.92578 ; -6.07832
5.99589 ; 4.49836 ; 5.66708 ; -5.59834
5.88283 ; 4.81662 ; 5.74076 ; -5.73816
5.906 ; 4.91109 ; -5.90375 ; 5.85569
5.15099 ; 6.72265 ; 6.15233 ; -4.52196
5.88564 ; 4.78672 ; 5.7364 ; -5.72758
5.64287 ; 4.98916 ; 5.83371 ; -5.82071
3.02487 ; 4.03051 ; -1.49889 ; 6.05515
5.94627 ; 4.88974 ; 5.72688 ; -5.75309
5.11389 ; 2.66208 ; -5.59591 ; 2.15231
5.77087 ; 6.21972 ; 5.69227 ; 5.17137
5.51581 ; 3.70994 ; 6.02525 ; 5.08431
5.42101 ; 4.88826 ; 5.92751 ; 5.88771
5.7803 ; 5.00547 ; -5.86441 ; 5.81632
5.64163 ; 4.82738 ; 5.88831 ; 5.85964
5.6389 ; 5.00464 ; -5.82461 ; 5.79643
6.33058 ; 6.14171 ; -6.13606 ; -5.70954
5.6911 ; 5.19916 ; 5.82245 ; 5.76213
6.13598 ; 2.42568 ; 5.69973 ; -0.173614
6.70987 ; 5.73785 ; 5.27826 ; 5.44777
4.44463 ; 4.42261 ; 5.66307 ; -3.92304
3.93939 ; 3.44349 ; 5.04062 ; 5.42724
7.99665 ; 7.72494 ; 3.33629 ; 2.39455
5.99699 ; 4.7563 ; 5.69316 ; -5.70422
4.85637 ; 2.38777 ; 6.14897 ; -0.509746
5.38556 ; 4.8268 ; 5.9417 ; 5.90439
6.36978 ; 4.11305 ; 5.55445 ; 5.59442
3.26708 ; 2.35708 ; 1.79979 ; 0.788967
5.56659 ; 5.02074 ; 5.85372 ; -5.84036
5.13163 ; 7.20646 ; 5.92182 ; 3.87784
6.02391 ; 4.27891 ; 5.63991 ; -5.48272
6.54964 ; 4.15181 ; 5.39146 ; -5.39096
6.24531 ; 4.52309 ; -5.99483 ; 5.95244
3.0199 ; 3.23925 ; 0.733165 ; 0.283488
5.53056 ; 5.20089 ; 5.85298 ; 5.77825
7.09578 ; 4.30986 ; -5.38251 ; 6.08994
4.02229 ; 4.21827 ; 4.91643 ; 6.13659
6.83896 ; 3.70287 ; -5.8943 ; 5.62412
4.69798 ; 5.10678 ; 5.66893 ; -5.95631
3.32048 ; 6.09994 ; 1.18264 ; -6.14266
5.5776 ; 4.74444 ; 5.91625 ; 5.87847
6.54906 ; 6.87298 ; -6.21931 ; -4.26044
5.98108 ; 5.59359 ; -6.01574 ; -5.96718
5.70257 ; 4.92964 ; -5.81328 ; 5.82716
4.80439 ; 2.74207 ; 6.22234 ; 2.26526
3.64191 ; 6.02712 ; 3.37699 ; -6.15742
5.40033 ; 3.73598 ; -5.63226 ; -5.12612
6.67184 ; 6.12334 ; -6.04141 ; -5.93106
5.81813 ; 4.38794 ; 5.85529 ; 5.80882
6.06726 ; 5.79761 ; -5.79384 ; 5.45325
5.85601 ; 4.96416 ; 5.76746 ; -5.78609
6.0769 ; 6.55503 ; -6.1464 ; -5.03206
7.56485 ; 7.8158 ; 0.959414 ; 0.621099
7.06427 ; 5.03675 ; 5.03766 ; 5.69027
6.04067 ; 3.74916 ; -6.07912 ; 5.36375
5.9685 ; 5.39826 ; 5.70708 ; 5.65562
5.81267 ; 5.42888 ; 5.75616 ; 5.65713
5.28511 ; 4.52622 ; -5.64956 ; -5.61357
5.78592 ; 7.11857 ; -5.84384 ; 4.10299
5.44587 ; 4.692 ; -5.73181 ; -5.70091
4.8828 ; 5.8499 ; -5.42521 ; 5.39839
3.79148 ; 4.57653 ; 4.08675 ; 6.13588
6.77504 ; 4.79552 ; -5.64487 ; 5.98791
5.17163 ; 5.66523 ; 6.01074 ; -5.97076
3.61082 ; 3.32912 ; 4.04954 ; 5.33639
5.87504 ; 5.59945 ; -5.98963 ; -5.93997
5.36694 ; 5.45658 ; -5.76194 ; -5.84406
3.35505 ; 6.17092 ; 2.4249 ; -6.08985
3.99444 ; 7.04139 ; -4.61297 ; 4.27102
5.73449 ; 6.07593 ; 5.87911 ; -5.07519
4.80732 ; 4.17906 ; -5.38262 ; -5.40606
6.81106 ; 5.81993 ; 5.20837 ; -5.63695
5.38924 ; 5.50386 ; 5.82443 ; 5.64529
3.98045 ; 5.59583 ; 4.59957 ; -6.16095
4.36005 ; 4.43157 ; 5.48851 ; 6.09603
5.97772 ; 4.89265 ; -5.89549 ; -5.83391
6.02204 ; 4.90567 ; 5.69076 ; -5.75131
5.71364 ; 4.83241 ; -5.83637 ; -5.78498
5.99559 ; 4.62167 ; 5.67974 ; -5.6536
5.92202 ; 3.22 ; -5.81003 ; -4.58958
7.64135 ; 5.45167 ; -3.75867 ; -6.17337
3.15797 ; 2.6632 ; -2.28437 ; 3.13995
7.5383 ; 4.98887 ; -4.25328 ; -5.95693
2.9524 ; 4.61105 ; -0.857809 ; -5.68769
6.33348 ; 5.93588 ; -6.10381 ; -5.93797
6.60163 ; 4.84616 ; -5.77801 ; 5.95534
6.58715 ; 3.26573 ; -6.15875 ; 4.56823
5.07041 ; 2.50027 ; 6.21472 ; 1.01993
6.14553 ; 4.81585 ; -5.93714 ; 5.91065
6.50922 ; 5.87899 ; -6.04922 ; -6.02087
5.22335 ; 4.62395 ; -5.63261 ; -5.64822
4.27583 ; 4.13215 ; 5.44474 ; 6.07133
5.14031 ; 4.5238 ; -5.58607 ; -5.59936
3.29363 ; 4.26707 ; -2.69898 ; 5.96027
6.6911 ; 5.47714 ; -5.84328 ; -6.09385
6.45894 ; 5.9705 ; -6.08783 ; -5.88091
5.38431 ; 5.8525 ; -5.7924 ; -5.735
3.22775 ; 5.81053 ; -2.5658 ; -6.07765
5.26447 ; 4.60752 ; -5.64899 ; -5.64629
5.88422 ; 5.76501 ; -5.79367 ; 5.47041
5.72387 ; 5.16628 ; -5.8284 ; 5.76021
5.83521 ; 4.67499 ; -5.92283 ; 5.86976
6.19402 ; 4.58209 ; -5.64765 ; -5.66375
8.42929 ; 5.38411 ; 1.18266 ; 5.68706
6.20507 ; 5.43668 ; -6.009 ; -6.01685
7.05878 ; 2.78423 ; 4.93094 ; -0.826595
5.24424 ; 6.99189 ; 6.14979 ; -3.72128
8.01218 ; 5.09588 ; -2.39759 ; -6.04152
6.30386 ; 4.42277 ; 5.53552 ; -5.54404
4.12073 ; 3.89918 ; 5.27942 ; 5.97667
5.39952 ; 4.00304 ; 6.0503 ; 5.67073
6.28147 ; 3.30003 ; -6.17008 ; 4.56326
7.2273 ; 3.37555 ; 4.83382 ; -4.74254
8.07482 ; 4.29543 ; -1.51143 ; 6.16716
3.33915 ; 2.4594 ; 3.4481 ; -1.88935
5.41235 ; 4.77881 ; -5.72996 ; -5.73074
6.52232 ; 3.16488 ; -6.19058 ; 4.21277
6.02153 ; 5.50123 ; -6.00701 ; -5.98431
5.49722 ; 4.88042 ; -5.77404 ; -5.7763
5.07865 ; 5.37839 ; 5.48473 ; 5.71436
5.8921 ; 5.07533 ; 5.76518 ; -5.80674
5.20939 ; 4.94317 ; 5.92277 ; 5.90015
4.91689 ; 7.40809 ; -5.3568 ; -2.57399
5.14908 ; 4.44852 ; -5.58423 ; -5.56792
5.50914 ; 4.84383 ; -5.77326 ; -5.75733
4.94964 ; 3.08965 ; -5.48585 ; 3.71032
5.76664 ; 5.2849 ; -5.81961 ; 5.72128
4.08662 ; 5.54795 ; 4.89178 ; -6.14332
5.98561 ; 4.63931 ; 5.68496 ; -5.66149
7.72815 ; 5.03034 ; 4.25845 ; 5.72128
5.60477 ; 7.20008 ; 6.0008 ; -2.1762
7.70566 ; 7.47597 ; -4.6664 ; -2.3971
6.6992 ; 5.33465 ; -5.78611 ; -6.06598
6.44336 ; 4.20429 ; 5.45257 ; -5.42702
6.44787 ; 5.85355 ; 5.45242 ; 5.40426
5.40409 ; 5.08924 ; -5.72875 ; 5.74333
5.39395 ; 5.05117 ; -5.72655 ; 5.75142
4.20317 ; 4.09782 ; 5.41107 ; 6.01274
5.67022 ; 4.88784 ; 5.87283 ; 5.84824
6.13567 ; 4.61257 ; 5.62422 ; -5.63669
4.86556 ; 2.28559 ; -5.3577 ; -2.197
5.74496 ; 5.20843 ; -5.90065 ; -5.90023
5.22558 ; 4.38126 ; 5.86369 ; 5.9502
5.06995 ; 4.40029 ; -5.54427 ; -5.54024
7.19186 ; 5.86604 ; -5.3157 ; -6.16793
6.16269 ; 5.97591 ; -5.97902 ; -5.91125
5.71672 ; 5.06128 ; -5.84114 ; 5.79219
3.41244 ; 2.75929 ; 3.55939 ; 2.7247
5.37694 ; 5.12973 ; 5.88216 ; 5.8207
5.96254 ; 4.63909 ; 5.69251 ; -5.66343
5.53067 ; 4.60688 ; 5.94689 ; 5.8943
5.66434 ; 5.53069 ; -5.76881 ; 5.60102
6.76803 ; 4.69542 ; -5.67046 ; 6.00608
4.71268 ; 3.08812 ; 6.16519 ; 3.61231
7.4886 ; 6.03585 ; -4.70316 ; -6.16358
5.61277 ; 5.5973 ; -5.89043 ; -5.88142
6.64473 ; 6.8947 ; -6.20654 ; -4.44201
3.61321 ; 6.50762 ; 1.83083 ; -5.73551
3.99922 ; 3.3482 ; 5.28584 ; 4.8288
6.37268 ; 2.38889 ; -6.19594 ; -0.355978
7.91543 ; 3.75054 ; -0.0672715 ; 5.89032
6.72634 ; 7.39387 ; -6.09542 ; -0.19092
7.89828 ; 2.28912 ; -0.355778 ; -0.225551
6.24227 ; 5.12092 ; 5.59668 ; -5.77426
7.54468 ; 5.67144 ; -4.76942 ; -3.71431
6.43798 ; 5.30734 ; 5.48328 ; -5.77673
3.09159 ; 3.85629 ; 1.2663 ; -5.09831
