5.83678 ; 7.65043 ; 5.56248 ; 3.31372
5.72798 ; 3.77475 ; 5.4713 ; -5.12079
5.53556 ; 4.93492 ; 5.61468 ; -5.54162
4.56298 ; 3.96697 ; -5.18313 ; -5.2083
7.44018 ; 6.23866 ; 4.6842 ; 5.04644
4.61615 ; 3.8726 ; -5.20002 ; -5.16892
6.33066 ; 5.84981 ; 5.38688 ; 5.29855
6.75263 ; 3.17936 ; 5.12815 ; -4.66234
4.31615 ; 4.35107 ; 4.69278 ; -5.45789
5.90664 ; 5.44951 ; 5.53063 ; 5.48453
5.41054 ; 7.08946 ; 5.56946 ; 4.31931
3.28657 ; 6.07455 ; -3.88577 ; 5.10762
6.67737 ; 7.30592 ; -5.91492 ; -2.75458
8.36937 ; 4.89177 ; -0.500363 ; -5.77793
3.22221 ; 6.29009 ; 1.84819 ; -5.68896
2.92155 ; 4.72268 ; -2.29123 ; 5.76751
5.88321 ; 6.2597 ; -5.84416 ; -5.16775
6.05151 ; 4.65125 ; 5.57242 ; 5.49433
6.48558 ; 6.655 ; 5.21285 ; 4.74814
8.51255 ; 4.71047 ; 1.34735 ; 5.79408
6.67361 ; 6.06578 ; 5.23617 ; 5.2007
4.80093 ; 5.84642 ; -5.30958 ; 5.29305
6.00929 ; 5.45074 ; 5.50534 ; 5.4737
3.39927 ; 5.68267 ; -4.07285 ; 5.29679
6.43313 ; 4.93327 ; -5.49073 ; 5.69607
3.98038 ; 3.88789 ; 4.1272 ; -5.1401
7.78316 ; 4.64641 ; 4.29083 ; -5.47501
7.5 ; 4.39445 ; 4.67407 ; -5.28638
4.43848 ; 3.76545 ; -5.09744 ; -5.09589
3.22769 ; 7.94354 ; -3.19107 ; 1.96884
5.47644 ; 5.4594 ; 5.57451 ; 5.50963
6.7902 ; 5.3458 ; 5.1779 ; -5.49882
5.61165 ; 5.15998 ; 5.61602 ; 5.58752
6.029 ; 2.31174 ; 5.57144 ; -2.72449
6.38997 ; 5.94597 ; -5.79221 ; -5.62991
6.13134 ; 4.57508 ; 5.46278 ; -5.47476
7.25353 ; 6.35671 ; -4.97377 ; -5.50773
5.7359 ; 4.92527 ; -5.63905 ; -5.63644
5.33481 ; 5.65684 ; -5.4841 ; 5.3993
7.90028 ; 2.61106 ; -3.68822 ; -3.35947
4.94445 ; 3.34586 ; -5.22254 ; -4.82443
5.28749 ; 5.59268 ; -5.44912 ; 5.41573
3.57054 ; 3.53012 ; -4.30044 ; -4.83727
4.9148 ; 5.30035 ; -5.41195 ; -5.53006
5.36266 ; 6.57345 ; -5.46146 ; 4.87624
5.67928 ; 5.06355 ; -5.63849 ; -5.64921
6.61819 ; 4.22261 ; 5.27496 ; -5.32645
5.77086 ; 4.89181 ; -5.64331 ; -5.57595
6.55289 ; 6.56403 ; -5.84346 ; -4.76701
6.72852 ; 3.93294 ; 5.20191 ; -5.1993
5.87747 ; 5.35818 ; -5.72479 ; -5.69967
6.73454 ; 3.99035 ; 5.20457 ; -5.22433
5.19016 ; 4.6394 ; -5.48874 ; -5.50196
4.79544 ; 5.93641 ; -5.30023 ; 5.25896
7.78484 ; 7.97819 ; 3.85905 ; 0.936716
5.68194 ; 6.20255 ; -5.49149 ; 5.14024
6.29453 ; 4.10841 ; 5.3778 ; -5.30519
5.56524 ; 5.55228 ; -5.53489 ; 5.44859
6.44563 ; 4.17862 ; 5.33586 ; -5.32653
5.66933 ; 5.15001 ; 5.61199 ; 5.58282
8.29709 ; 4.18694 ; 3.45633 ; -5.26982
4.90968 ; 4.32234 ; -5.37039 ; -5.38466
5.36703 ; 5.62701 ; -5.4938 ; 5.41105
3.94431 ; 5.10157 ; 4.14631 ; -5.81856
6.95523 ; 6.39216 ; 5.06182 ; 4.99963
7.85056 ; 5.41024 ; -2.4738 ; 5.58991
5.79996 ; 5.15811 ; 5.60994 ; -5.61052
5.97663 ; 4.54997 ; 5.48503 ; -5.48292
5.80779 ; 4.83588 ; -5.63108 ; -5.62539
5.65855 ; 7.292 ; -5.61242 ; 3.97039
3.69599 ; 5.1638 ; 3.47649 ; -5.85558
8.38568 ; 5.88432 ; 0.0575116 ; -5.93675
6.16427 ; 4.51391 ; 5.44811 ; -5.45585
8.07669 ; 7.81239 ; -3.30353 ; 1.31451
5.90269 ; 3.9996 ; -5.78199 ; 4.98863
6.56247 ; 5.97399 ; 5.29243 ; 5.25144
6.07771 ; 5.14946 ; 5.531 ; -5.55852
5.36663 ; 5.32375 ; 5.6805 ; -5.66371
6.28063 ; 4.88256 ; 5.42527 ; -5.52398
6.32215 ; 4.47996 ; 5.46491 ; 5.43958
5.79975 ; 7.74103 ; 5.66932 ; 2.50258
6.14631 ; 5.80133 ; 5.44035 ; 5.35249
5.78445 ; 5.2887 ; -5.59506 ; 5.54088
5.22236 ; 4.49393 ; -5.48402 ; -5.4669
6.17597 ; 5.48362 ; 5.4646 ; 5.44578
3.358 ; 5.83112 ; 1.9939 ; -5.93649
5.42711 ; 5.55414 ; 5.54851 ; 5.48657
4.4192 ; 4.65461 ; 5.04974 ; 5.40807
4.47525 ; 6.96564 ; 5.16987 ; 4.36999
4.79576 ; 5.98216 ; -5.29625 ; 5.24173
5.35378 ; 5.74419 ; -5.47933 ; 5.36931
5.91644 ; 7.12634 ; -4.49559 ; -3.6418
6.09607 ; 5.15596 ; 5.51538 ; -5.54545
6.92052 ; 4.35835 ; 5.12404 ; -5.35182
3.47601 ; 4.02611 ; -4.20001 ; -5.1649
6.62921 ; 6.02032 ; 5.26057 ; 5.22484
7.53988 ; 2.35702 ; -4.91573 ; 0.883849
6.00068 ; 3.80774 ; -5.5103 ; -5.15068
2.8875 ; 5.05496 ; -1.77661 ; -5.76817
6.34964 ; 5.48656 ; 5.41168 ; 5.4279
4.98675 ; 5.90998 ; -5.37187 ; 5.28478
6.00014 ; 4.45122 ; 5.47724 ; -5.45111
3.21055 ; 5.30358 ; -1.96711 ; -5.74165
4.96376 ; 2.41627 ; 5.81779 ; -2.19878
6.03625 ; 2.91839 ; -5.92093 ; 3.04571
5.05616 ; 4.25552 ; -5.41394 ; -5.37577
3.44637 ; 6.36294 ; 1.83935 ; 4.93342
5.18339 ; 4.42289 ; -5.52775 ; 5.39378
5.91648 ; 3.10969 ; 5.55537 ; 3.78324
5.64278 ; 3.09036 ; 5.82766 ; 3.58557
4.53891 ; 4.91707 ; 5.37723 ; 4.08742
7.92753 ; 4.07755 ; -2.77484 ; 5.82851
6.14512 ; 4.93841 ; 5.51955 ; 5.52567
5.90615 ; 5.42015 ; 5.59696 ; -5.58145
8.51636 ; 5.00629 ; 1.58328 ; 5.72675
5.64546 ; 4.86785 ; 5.65796 ; 5.61557
6.30353 ; 4.3174 ; 5.39348 ; -5.38749
5.21959 ; 5.98817 ; -5.58599 ; -5.30059
6.0443 ; 2.67915 ; 5.45031 ; -3.99542
5.4135 ; 4.17545 ; -5.6372 ; 5.28233
5.75542 ; 5.56901 ; 5.5324 ; 5.46095
7.1481 ; 4.14492 ; -5.0488 ; 5.72047
3.01251 ; 2.68255 ; -2.30634 ; 3.25754
8.57369 ; 6.94798 ; 1.57825 ; 4.22095
7.2041 ; 2.86221 ; -5.37563 ; 3.43285
5.60566 ; 2.60119 ; -5.60778 ; -3.7388
6.33249 ; 5.19035 ; 5.42753 ; 5.48022
4.63215 ; 3.98213 ; -5.21813 ; -5.22194
5.69959 ; 3.52894 ; -5.50364 ; -4.96723
5.90602 ; 5.91181 ; -5.50706 ; 5.3012
6.27979 ; 4.29108 ; 5.39768 ; -5.38014
6.33901 ; 2.12146 ; 5.41801 ; -1.88928
4.98224 ; 5.93625 ; -5.36806 ; 5.27398
4.61411 ; 5.30171 ; -5.23151 ; 5.42099
3.86215 ; 4.8283 ; 3.73915 ; -5.70367
3.026 ; 6.26673 ; 0.208906 ; -5.75895
5.14524 ; 5.53538 ; -5.45066 ; 5.41754
5.80264 ; 5.54174 ; 5.53056 ; 5.46658
6.15559 ; 5.56474 ; 5.461 ; 5.42942
6.80403 ; 5.72603 ; 5.1964 ; 5.32069
5.81031 ; 5.57611 ; 5.65274 ; -5.55034
6.92929 ; 5.93273 ; 5.11391 ; 5.23353
4.45885 ; 4.56453 ; 5.2467 ; 5.81189
5.7697 ; 2.16338 ; 5.70734 ; -1.31737
6.48711 ; 4.65386 ; 5.35134 ; -5.45732
5.80229 ; 7.57283 ; 5.65644 ; 2.75053
8.1097 ; 5.06893 ; -1.25296 ; 5.74926
5.35499 ; 5.08408 ; -5.55096 ; 5.52394
4.88119 ; 3.75877 ; -5.30739 ; -5.12227
4.52227 ; 3.95481 ; -5.16092 ; -5.19922
7.05927 ; 6.40269 ; -5.36893 ; -5.40468
4.9602 ; 7.40355 ; 5.90907 ; -2.41501
4.59583 ; 3.85936 ; -5.18956 ; -5.16081
3.5259 ; 7.22438 ; -4.04377 ; 3.025
6.22055 ; 5.5271 ; 5.44895 ; 5.43193
6.32583 ; 5.08103 ; 5.44167 ; 5.49015
4.71311 ; 3.9893 ; -5.24904 ; -5.16871
5.11229 ; 5.64763 ; 5.70286 ; -5.69702
6.67875 ; 4.14706 ; 5.24353 ; -5.29349
5.34088 ; 5.58944 ; -5.61829 ; -5.53618
6.48604 ; 6.00123 ; 5.31907 ; 5.24623
6.11082 ; 3.27297 ; -5.62082 ; -4.55637
6.0146 ; 7.90023 ; 5.58061 ; 1.8401
5.40803 ; 5.08852 ; 5.63232 ; 5.62783
5.09657 ; 5.22207 ; 5.51802 ; 5.62606
7.98415 ; 4.78825 ; 3.98907 ; 4.75299
3.96043 ; 2.37218 ; -4.5337 ; -3.37024
5.59644 ; 5.6513 ; -5.52102 ; 5.41523
6.99238 ; 6.82136 ; 4.99091 ; 4.66192
3.38874 ; 3.26499 ; -4.01023 ; -4.58156
3.61609 ; 5.43552 ; -4.36441 ; 5.40336
6.6225 ; 6.03059 ; 5.26219 ; 5.22141
5.34619 ; 4.88874 ; 5.57715 ; -5.63817
3.96753 ; 6.9261 ; 4.80503 ; -4.03741
6.20989 ; 5.6146 ; 5.4424 ; 5.41038
7.06996 ; 6.13197 ; -4.63794 ; -5.64054
6.89985 ; 5.37958 ; -5.23213 ; -5.86095
4.83096 ; 5.85621 ; -5.32071 ; 5.29234
7.23748 ; 5.08504 ; -4.69592 ; -5.76888
8.39284 ; 2.14826 ; 0.416525 ; -1.07345
4.99795 ; 4.81511 ; -5.42171 ; 5.47228
5.08301 ; 3.84955 ; -5.38571 ; -5.18391
5.54342 ; 5.34434 ; 5.67772 ; -5.65759
6.44662 ; 4.33977 ; 5.34993 ; -5.3816
5.9033 ; 5.13212 ; 5.57954 ; -5.59221
7.04334 ; 3.3379 ; -5.27537 ; -2.32463
5.54193 ; 5.51782 ; -5.68162 ; -5.60425
5.08964 ; 5.26823 ; -5.4498 ; 5.46568
5.2704 ; 4.68909 ; -5.5165 ; -5.52309
5.58045 ; 4.6215 ; 5.54441 ; -5.53751
3.53424 ; 5.51901 ; -4.25852 ; 5.38199
4.49916 ; 4.69878 ; 5.10899 ; 5.77709
5.33107 ; 4.884 ; -5.55526 ; -5.56892
5.78743 ; 5.30561 ; 5.63049 ; -5.61063
5.89195 ; 7.85849 ; -5.84637 ; 1.71188
7.28677 ; 5.488 ; -4.60447 ; -5.91333
6.71738 ; 3.98452 ; 5.21116 ; -5.22335
6.31146 ; 3.54481 ; 5.34446 ; -4.97312
4.71318 ; 5.9173 ; -5.26682 ; 5.25943
4.75781 ; 4.29906 ; -5.30527 ; -5.36177
7.25399 ; 3.45277 ; 4.84715 ; -4.86096
4.6853 ; 6.14964 ; -5.2348 ; 5.15633
5.627 ; 7.68997 ; -5.65577 ; 3.10951
3.92142 ; 5.12772 ; 4.04475 ; 5.73961
4.65837 ; 3.97465 ; -5.22954 ; -5.22132
5.02897 ; 4.64201 ; -5.43677 ; -5.48462
4.44497 ; 6.3391 ; -5.09377 ; 5.03351
5.33146 ; 5.5155 ; -5.49605 ; 5.44111
7.51343 ; 6.19813 ; 4.65493 ; 5.05383
7.95834 ; 6.79031 ; -2.9313 ; 4.44486
6.44128 ; 4.10071 ; 5.33007 ; -5.29539
4.10666 ; 7.56418 ; 5.09237 ; -1.65863
4.89758 ; 4.36321 ; 5.29449 ; -5.45652
5.47822 ; 6.29631 ; 5.80919 ; -5.06875
6.2783 ; 4.09508 ; -5.34974 ; -5.32979
7.48059 ; 5.08064 ; -4.1445 ; -5.83944
5.34853 ; 4.3002 ; -5.49276 ; -5.41088
4.98183 ; 5.93783 ; -5.36768 ; 5.27381
4.78846 ; 4.13005 ; -5.30344 ; -5.30243
5.32695 ; 4.78169 ; -5.54149 ; -5.55172
4.89146 ; 4.25636 ; -5.35756 ; -5.3614
3.60417 ; 5.06441 ; 3.12988 ; 5.77664
6.75435 ; 4.03687 ; 5.19994 ; -5.24174
4.27023 ; 5.34386 ; 4.86089 ; -5.8549
5.84634 ; 4.9287 ; 5.6108 ; 5.56779
5.72902 ; 4.65634 ; 5.54581 ; -5.53661
3.40512 ; 4.88889 ; 2.02138 ; -5.75472
5.63203 ; 4.98368 ; -5.62568 ; 5.57618
5.82754 ; 4.64422 ; 5.53553 ; -5.51679
4.15656 ; 5.23752 ; 4.40926 ; 5.6808
8.36481 ; 2.69733 ; 2.43313 ; 3.44048
6.18 ; 2.40121 ; -5.80703 ; -2.8027
6.45759 ; 3.26398 ; -5.88401 ; 4.25132
3.74662 ; 5.08013 ; 3.03592 ; -5.81409
6.44477 ; 2.74017 ; -5.94108 ; 2.2133
7.07401 ; 2.95024 ; -5.50205 ; 3.09965
4.70183 ; 6.01404 ; -5.25438 ; 5.21976
7.82183 ; 5.13137 ; -2.71994 ; 5.72628
8.22759 ; 4.86033 ; 0.431061 ; 5.79234
5.26399 ; 4.31329 ; -5.47437 ; -5.41074
6.95865 ; 3.77579 ; 5.07461 ; -5.0995
4.75008 ; 6.08578 ; -5.2687 ; 5.18022
6.40677 ; 5.85181 ; 5.36289 ; 5.31467
7.44128 ; 2.82934 ; 4.51432 ; 3.1796
8.05067 ; 5.19047 ; 2.02988 ; -5.78438
5.46284 ; 5.50171 ; -5.5269 ; 5.45516
6.81185 ; 2.50677 ; 5.12852 ; 1.77356
4.98888 ; 5.66437 ; -5.3932 ; 5.36953
6.93324 ; 3.73207 ; 5.08383 ; -5.07827
6.9647 ; 6.51823 ; -4.95919 ; 4.76461
4.50613 ; 4.2216 ; 5.38901 ; 5.73557
7.94795 ; 4.55662 ; -1.49496 ; 5.86434
5.02959 ; 5.50942 ; -5.41707 ; 5.41194
3.49954 ; 4.25986 ; -4.00435 ; 5.47411
8.27608 ; 4.25611 ; 3.04401 ; 5.67343
6.96437 ; 5.21415 ; 5.11045 ; 5.4222
4.60599 ; 6.19027 ; -5.19348 ; 5.12905
7.22941 ; 7.62939 ; -5.25886 ; 2.2063
6.014 ; 3.45321 ; -5.86973 ; 4.48484
5.48561 ; 2.8117 ; -5.52582 ; -4.19643
5.1602 ; 5.40334 ; 5.50362 ; 5.56018
4.18307 ; 5.50809 ; 4.94334 ; 3.40687
6.2452 ; 4.33625 ; 5.41058 ; -5.39771
5.01153 ; 5.46216 ; -5.41354 ; 5.41964
6.52551 ; 5.80088 ; 5.32382 ; 5.32205
5.4462 ; 5.22045 ; 5.60812 ; 5.5937
5.37694 ; 5.38471 ; 5.54257 ; 5.5501
6.76302 ; 3.96867 ; 5.19039 ; -5.21223
4.41725 ; 3.66954 ; -5.07461 ; -5.0378
5.00347 ; 5.15436 ; -5.45049 ; -5.54804
4.39011 ; 6.03341 ; 5.04391 ; -5.68917
8.3544 ; 6.10625 ; -0.670321 ; -5.869
4.78676 ; 5.98241 ; -5.29291 ; 5.24094
6.59896 ; 3.9949 ; 5.26261 ; -5.23742
2.8754 ; 4.77572 ; -1.26907 ; 5.81967
5.91359 ; 5.16523 ; -5.61348 ; 5.59032
8.47713 ; 5.16372 ; 0.946269 ; -5.8523
7.4659 ; 7.37552 ; 4.2979 ; -2.69836
5.62179 ; 2.73887 ; -5.56273 ; -4.0722
6.67645 ; 6.17937 ; 5.2203 ; -5.06791
5.30117 ; 5.27824 ; 5.57823 ; 5.56248
4.37358 ; 3.69078 ; -5.05033 ; -5.04593
5.34383 ; 4.39834 ; -5.50182 ; -5.44593
7.54653 ; 6.78383 ; 4.55568 ; 4.62363
6.11996 ; 4.71346 ; 5.48039 ; -5.5016
6.65627 ; 5.56108 ; -5.54773 ; -5.78726
5.65484 ; 4.86533 ; 5.59005 ; -5.58822
3.3131 ; 4.93134 ; -3.82258 ; 5.57031
4.69675 ; 3.49694 ; -5.20453 ; -4.94092
5.8964 ; 2.95544 ; -5.87228 ; 2.91176
5.28386 ; 3.74623 ; 5.74595 ; 0.936753
3.64632 ; 5.22663 ; -4.36132 ; -5.5841
6.84405 ; 3.74331 ; 5.13137 ; -5.09146
6.92919 ; 3.78525 ; 5.09121 ; -5.10739
4.73375 ; 4.11126 ; -5.27792 ; -5.28868
6.22041 ; 5.43165 ; 5.45276 ; 5.45533
7.99565 ; 4.95775 ; -2.13401 ; -5.77544
4.6012 ; 3.90608 ; -5.19616 ; -5.18372
6.56019 ; 5.70263 ; 5.31523 ; 5.35227
3.034 ; 7.31245 ; -3.1431 ; 3.80146
6.98772 ; 6.32119 ; 5.0509 ; 5.03907
5.24278 ; 5.44659 ; -5.48442 ; 5.44701
5.51195 ; 5.24582 ; -5.60767 ; -4.23716
5.59935 ; 7.90251 ; -5.4875 ; 1.06736
6.43148 ; 4.15848 ; 5.33843 ; -5.31992
6.56128 ; 2.97518 ; 5.32238 ; 3.29953
6.14188 ; 4.63091 ; 5.46475 ; -5.48749
4.74028 ; 6.13213 ; -5.26021 ; 5.1693
4.87985 ; 4.58383 ; 5.33103 ; -5.56348
6.28417 ; 4.73112 ; 5.47555 ; 5.47047
5.3788 ; 6.15664 ; -5.46487 ; 5.16748
4.84642 ; 4.58083 ; -5.32164 ; -5.46329
7.00479 ; 5.31851 ; 5.08331 ; 5.41535
2.95382 ; 3.65407 ; 0.914061 ; -4.41938
5.68451 ; 5.77047 ; -5.54226 ; 5.33574
6.55704 ; 5.83917 ; -5.57499 ; -5.71776
7.20376 ; 7.16468 ; 4.74757 ; 4.25008
6.3402 ; 3.26359 ; 5.32221 ; -4.74736
4.53501 ; 2.0839 ; -5.04836 ; -1.03087
4.67069 ; 4.6621 ; 5.44472 ; 5.78107
3.13838 ; 7.42511 ; -3.37625 ; 3.61888
6.80453 ; 6.19629 ; 5.16099 ; 5.12477
4.68733 ; 6.03789 ; -5.24575 ; 5.20842
5.2454 ; 5.24516 ; -5.50447 ; 5.487
6.75018 ; 3.85643 ; 5.18566 ; -5.15935
7.26863 ; 4.2139 ; -4.45321 ; -5.4038
4.15696 ; 2.47691 ; -4.72196 ; 1.68295
6.06877 ; 5.80595 ; -5.49185 ; 5.35501
5.59339 ; 4.36645 ; -5.56941 ; -5.29021
6.47463 ; 6.91669 ; -5.42327 ; 4.45672
5.00365 ; 5.78555 ; -5.38863 ; 5.33231
6.34656 ; 4.5639 ; 5.39949 ; -5.45071
5.02203 ; 4.21218 ; -5.39924 ; -5.35699
3.99585 ; 4.5917 ; -4.72997 ; 5.42595
6.6867 ; 2.47018 ; -5.72061 ; -2.59255
3.38969 ; 5.02716 ; -3.7314 ; 5.60088
2.92999 ; 3.47535 ; 0.618412 ; -4.69077
5.99191 ; 7.49142 ; -5.69282 ; 3.56205
6.56589 ; 4.13909 ; 5.28851 ; -5.3014
4.85964 ; 4.23328 ; -5.34328 ; -5.35003
3.79026 ; 3.8006 ; 4.14918 ; 5.58562
5.64434 ; 4.37932 ; 5.50906 ; -5.44227
6.22577 ; 4.41681 ; 5.42346 ; -5.42327
7.41768 ; 4.48677 ; -4.08084 ; 5.84696
6.17394 ; 6.68059 ; 5.55341 ; -4.13253
5.03077 ; 7.6223 ; 5.95552 ; -0.708545
8.15963 ; 5.03701 ; 3.65894 ; 5.57379
4.96909 ; 4.18392 ; -5.37893 ; -5.34168
4.82486 ; 3.99815 ; -5.30541 ; -5.24729
5.64553 ; 5.60505 ; 5.5377 ; 5.45517
4.49782 ; 6.26071 ; -5.13119 ; 5.0827
6.84155 ; 6.2165 ; 5.14091 ; 5.11119
6.75365 ; 7.90314 ; 5.10703 ; 0.143091
7.62073 ; 7.47727 ; -4.68724 ; -2.53213
5.50937 ; 2.33415 ; -5.7317 ; 0.293788
4.1007 ; 5.23349 ; 4.41285 ; 5.68804
6.16939 ; 4.51425 ; 5.4475 ; -5.45521
6.38056 ; 5.16479 ; 5.4138 ; 5.48427
6.28681 ; 4.35648 ; 5.40134 ; -5.40085
5.39162 ; 7.75148 ; 5.74031 ; 2.74269
4.1883 ; 4.41061 ; 4.48619 ; -5.43437
7.85733 ; 7.80759 ; -4.13212 ; 0.060878
5.79716 ; 3.9767 ; -5.77542 ; 5.22498
5.89429 ; 4.76122 ; 5.5382 ; -5.54558
5.33774 ; 5.39774 ; -5.51371 ; 5.46977
5.91767 ; 3.78016 ; 5.44178 ; -5.13069
5.09387 ; 4.93464 ; -5.47893 ; -5.53887
4.97181 ; 4.35769 ; -5.39632 ; -5.40235
5.92424 ; 4.50866 ; -5.72744 ; 5.57645
4.99671 ; 4.53029 ; -5.41474 ; -5.45551
5.14191 ; 5.77249 ; -5.43055 ; 5.34598
4.62368 ; 4.02522 ; -5.21829 ; -5.24004
3.48402 ; 5.34612 ; -4.17293 ; 5.44299
7.95603 ; 7.99937 ; 3.56448 ; 1.4542
3.37847 ; 2.42234 ; 1.65256 ; 1.8929
6.99265 ; 4.69078 ; -4.92983 ; -5.66118
5.61447 ; 4.28423 ; -5.69697 ; 5.41598
6.83901 ; 3.91122 ; 5.14864 ; -5.17878
5.97814 ; 4.35191 ; -5.53846 ; -5.45879
7.50709 ; 2.24189 ; -4.92856 ; -0.735366
5.50801 ; 5.62165 ; -5.51907 ; 5.42151
5.22184 ; 6.61165 ; -5.40425 ; 4.86143
5.61207 ; 6.3438 ; -5.77257 ; -4.94332
5.17448 ; 3.20055 ; -5.38903 ; -4.69717
6.05535 ; 4.91633 ; -5.63108 ; -5.67164
6.1684 ; 5.43913 ; 5.47088 ; 5.45785
6.43157 ; 4.33693 ; 5.35452 ; -5.38212
6.35277 ; 5.65157 ; 5.39839 ; 5.38655
3.48027 ; 5.46207 ; -4.17583 ; 5.4065
7.01926 ; 5.46106 ; 5.03013 ; -5.44535
6.18323 ; 5.13695 ; 5.49179 ; 5.50831
5.20367 ; 5.8112 ; -5.44096 ; 5.33685
5.0224 ; 4.94097 ; 5.50005 ; -5.68557
7.82022 ; 5.17893 ; -2.94 ; 5.7103
6.36968 ; 5.32613 ; -5.64663 ; -5.77988
5.90969 ; 5.38315 ; 5.53947 ; 5.50065
2.91278 ; 7.89467 ; 0.740891 ; 0.350741
3.84778 ; 3.91728 ; 3.85614 ; -5.15601
6.98917 ; 6.1692 ; 5.06261 ; 5.1186
6.95971 ; 5.81829 ; 5.10131 ; 5.27586
4.85974 ; 4.32608 ; -5.35134 ; -5.38075
5.19967 ; 5.88571 ; -5.43596 ; 5.30549
4.82274 ; 3.94558 ; 5.73363 ; 5.48196
5.96841 ; 6.60057 ; -5.65379 ; 4.25695
7.12001 ; 5.77059 ; -4.62492 ; 5.38266
5.53285 ; 6.04675 ; -5.72333 ; -5.2997
6.0287 ; 4.83169 ; 5.51711 ; -5.54186
4.73931 ; 5.96056 ; -5.27521 ; 5.24505
6.17838 ; 5.84481 ; -5.80897 ; -5.62763
5.29278 ; 5.57614 ; -5.4864 ; 5.41302
8.08719 ; 4.61434 ; 3.43224 ; -5.52436
6.87764 ; 2.12546 ; 5.04065 ; -0.397663
5.66749 ; 4.71878 ; -5.56083 ; -5.57617
6.67564 ; 4.28357 ; 5.25307 ; -5.34291
5.08592 ; 5.70119 ; 5.72165 ; -5.69181
6.46876 ; 5.81775 ; 5.34151 ; 5.26601
5.7484 ; 5.36141 ; 5.56943 ; 5.52458
5.53753 ; 2.22091 ; 5.77782 ; -2.20373
6.7603 ; 3.94238 ; 5.18894 ; -5.20104
5.00882 ; 4.3272 ; -5.40571 ; -5.3963
5.08428 ; 4.74149 ; 5.51078 ; -5.59234
5.78687 ; 4.98769 ; -5.65348 ; -4.69514
4.63567 ; 7.86086 ; -5.13341 ; 2.6217
5.85012 ; 7.13963 ; 5.73002 ; -2.86545
4.88144 ; 3.76982 ; 5.70745 ; 5.27265
6.3577 ; 4.49851 ; 5.3919 ; -5.43098
5.71321 ; 5.38512 ; -5.70809 ; -5.66332
7.11966 ; 5.33842 ; -4.4292 ; 5.60803
5.72829 ; 5.67852 ; -5.74679 ; -5.57913
5.2707 ; 5.66147 ; 5.50397 ; 5.44912
6.45295 ; 6.08229 ; 5.32355 ; 5.21059
5.55124 ; 6.59809 ; -5.4693 ; 4.86001
5.60771 ; 6.73248 ; -5.49167 ; 4.73862
3.40814 ; 5.77404 ; 2.031 ; 5.39163
6.41039 ; 4.43406 ; 5.36986 ; -5.41131
6.42717 ; 2.21889 ; -5.92025 ; -1.14612
4.58084 ; 4.7098 ; 5.27525 ; 5.78773
5.72077 ; 5.56108 ; -5.54676 ; 5.45464
6.61476 ; 4.17764 ; 5.27298 ; -5.31118
6.13545 ; 6.13027 ; 5.41771 ; 5.19861
7.84936 ; 3.54653 ; -3.24533 ; -4.85268
6.0694 ; 7.66786 ; -5.80235 ; 2.78869
6.30021 ; 3.67436 ; -5.36813 ; -5.04908
6.0486 ; 5.40839 ; 5.50585 ; 5.47832
7.46854 ; 2.22055 ; -5.04666 ; -0.7544
5.37653 ; 5.34861 ; -5.50787 ; 5.4852
6.60932 ; 4.18423 ; 5.27527 ; -5.31364
5.18314 ; 4.63647 ; -5.48706 ; -5.50023
5.48832 ; 5.33202 ; 5.588 ; 5.55788
6.41185 ; 5.71181 ; 5.37392 ; 5.36291
3.68648 ; 6.79265 ; 4.14405 ; -4.85151
4.09375 ; 4.85552 ; -4.86482 ; -5.49128
5.4288 ; 2.78136 ; -5.59244 ; -2.88457
5.34907 ; 4.98778 ; -5.57118 ; -5.58641
5.82517 ; 5.73201 ; 5.50387 ; 5.39589
5.50174 ; 5.99506 ; 3.17061 ; -5.51741
6.02108 ; 5.65714 ; 5.48249 ; 5.41228
4.66769 ; 5.8926 ; -5.24677 ; 5.26503
7.84075 ; 2.4945 ; 3.91811 ; 2.02
8.02065 ; 4.84172 ; -2.22423 ; -5.76397
6.62163 ; 4.09231 ; 5.26258 ; -5.278
6.20763 ; 4.45322 ; 5.43142 ; -5.43485
5.25943 ; 4.28675 ; -5.47296 ; -5.40078
5.27719 ; 4.6866 ; 5.54541 ; -5.57621
3.78294 ; 3.18515 ; 4.46574 ; 2.35658
7.15931 ; 5.18507 ; 4.83609 ; 5.49288
7.54603 ; 3.6998 ; -3.59438 ; -4.94026
4.37502 ; 4.67614 ; -3.92296 ; 5.60622
6.72077 ; 4.25725 ; 5.2307 ; -5.33012
5.39599 ; 5.60255 ; 5.52997 ; 5.46953
6.7997 ; 3.83644 ; 5.16089 ; -5.14551
6.42823 ; 6.01845 ; 5.33787 ; 5.24295
4.798 ; 4.44836 ; 5.24466 ; -5.50049
3.02485 ; 3.1152 ; 1.53598 ; -4.17756
5.74086 ; 6.85713 ; 5.7208 ; -1.68803
4.41138 ; 4.00781 ; -5.04889 ; 5.11927
7.00275 ; 3.7372 ; 5.04574 ; -5.07432
5.22569 ; 6.05944 ; -5.59251 ; -5.22951
6.23032 ; 5.63386 ; 5.43575 ; 5.4038
6.40888 ; 5.89784 ; 5.35719 ; 5.29701
4.89323 ; 5.94538 ; -5.33679 ; 5.26412
5.89106 ; 7.83962 ; -5.83514 ; 1.88061
7.96969 ; 5.61026 ; 4.0964 ; 5.3415
5.88131 ; 5.0677 ; 5.58662 ; 5.55165
5.76757 ; 5.95215 ; -5.78713 ; -5.44383
5.57573 ; 2.31659 ; 5.76 ; -2.39161
6.34447 ; 5.18218 ; 5.43017 ; 5.48222
3.28547 ; 5.61574 ; -3.85074 ; 5.36444
5.91177 ; 7.6436 ; -2.72596 ; 3.3472
6.15679 ; 5.95967 ; 5.42519 ; 5.28496
5.41117 ; 7.23004 ; 5.89421 ; -2.50699
3.07354 ; 2.87958 ; 1.38458 ; -3.7557
5.65913 ; 4.80404 ; 5.59217 ; -5.36918
6.5754 ; 5.78268 ; 5.30473 ; 5.32363
4.83563 ; 6.02072 ; -5.30844 ; 5.22859
6.20737 ; 2.65935 ; -5.81698 ; -2.32716
8.23832 ; 5.42517 ; -1.04021 ; -5.95866
7.26988 ; 5.11256 ; 4.85212 ; -5.49312
4.90411 ; 5.70392 ; -5.35992 ; 5.34968
6.02144 ; 4.8054 ; -5.66823 ; 5.6512
6.05192 ; 4.29411 ; -5.75721 ; 5.30889
4.99267 ; 4.26547 ; -5.39467 ; -5.37422
6.10678 ; 4.65784 ; 5.34205 ; -5.49989
6.94987 ; 6.29581 ; 5.07499 ; 5.05761
5.97924 ; 4.96635 ; -5.65684 ; -5.67642
5.60849 ; 6.79986 ; 5.57765 ; 4.12079
6.60057 ; 5.97202 ; 5.27755 ; 5.24832
4.86671 ; 5.59371 ; -5.35158 ; 5.37528
6.4667 ; 5.09127 ; -5.5556 ; -5.76188
5.18812 ; 6.11035 ; -5.41747 ; 5.1973
7.65135 ; 4.22648 ; -2.94487 ; -5.39307
5.09301 ; 5.77844 ; -5.4154 ; 5.34232
6.12132 ; 4.53663 ; 5.45933 ; -5.46605
5.70199 ; 4.30742 ; -5.5623 ; -5.39547
4.61003 ; 3.94622 ; -5.20409 ; -5.20353
5.87468 ; 5.68845 ; -5.52844 ; 5.41011
5.56021 ; 4.36047 ; -5.53638 ; -5.44476
6.61064 ; 3.97065 ; 5.25589 ; -5.22551
2.91121 ; 6.83174 ; -1.49694 ; -4.89099
5.62615 ; 6.46695 ; 5.48719 ; 4.97431
8.45911 ; 2.40913 ; 1.736 ; 1.42277
5.84881 ; 6.05177 ; -5.81593 ; -5.38521
3.39488 ; 3.27085 ; -4.01817 ; -4.57487
8.49733 ; 5.00802 ; 0.667494 ; -5.80505
7.62974 ; 5.2976 ; 4.47459 ; -5.48262
5.09559 ; 3.66743 ; -5.37021 ; -5.07038
5.67299 ; 2.93742 ; 5.59933 ; -4.17659
5.38837 ; 4.9895 ; -5.56605 ; 5.53807
5.7197 ; 2.63633 ; -5.66705 ; -3.61371
6.07537 ; 5.95248 ; -5.64788 ; -5.54689
4.40032 ; 4.61383 ; 5.09369 ; 5.81626
6.13279 ; 5.55141 ; -5.63122 ; -5.73011
6.5568 ; 5.92755 ; 5.29941 ; 5.27051
6.85685 ; 5.84156 ; -5.33042 ; -5.79419
5.07837 ; 4.55801 ; -5.45971 ; 5.43286
5.46348 ; 5.07387 ; 5.58446 ; 5.60653
4.93219 ; 5.17888 ; 5.48281 ; 5.65478
4.90719 ; 5.58902 ; -5.36798 ; 5.38063
7.98922 ; 5.10524 ; -2.2628 ; -5.86842
7.15635 ; 4.86887 ; -4.77933 ; 5.77783
6.29058 ; 5.60558 ; -5.74381 ; -5.75495
5.7913 ; 5.34881 ; 5.5418 ; 5.52279
6.67532 ; 4.1517 ; -5.29062 ; -5.34253
3.88846 ; 5.36248 ; -4.67013 ; 5.40677
3.67997 ; 5.28366 ; 3.26425 ; -5.88494
5.33633 ; 5.5005 ; 5.66312 ; -5.66246
6.87881 ; 3.91344 ; 5.12896 ; -5.17621
6.50562 ; 4.56894 ; -5.59367 ; 5.66603
6.01003 ; 4.91964 ; -5.65667 ; 5.64312
6.28528 ; 4.6137 ; 5.42321 ; -5.46672
2.92775 ; 3.90808 ; -0.0411375 ; 5.68869
4.79594 ; 4.82413 ; -5.31289 ; -5.5101
3.95436 ; 7.57675 ; 4.81901 ; 2.81565
6.81971 ; 4.66795 ; -5.1963 ; -5.62431
6.69368 ; 6.63767 ; -5.69943 ; -1.42466
5.9311 ; 5.51345 ; 5.51742 ; 5.46344
5.29702 ; 5.1493 ; 5.63506 ; -5.6959
6.13625 ; 3.62975 ; 5.38836 ; -5.03492
5.21693 ; 3.72493 ; -5.40907 ; -5.11193
6.73843 ; 4.00613 ; 5.2043 ; -5.23039
6.81745 ; 3.96099 ; 5.16385 ; -5.20357
4.75321 ; 5.87262 ; -5.28748 ; 5.27942
4.91648 ; 5.93938 ; -5.34561 ; 5.2681
6.25684 ; 5.96965 ; 5.39742 ; 5.27595
6.30807 ; 4.69409 ; 5.46561 ; 5.46204
4.25477 ; 4.55148 ; -5.01132 ; -5.40321
4.36588 ; 2.6863 ; -4.93684 ; 2.49317
3.38291 ; 5.08496 ; 2.29981 ; 5.77267
5.94147 ; 5.12755 ; 5.55281 ; -5.59291
4.39996 ; 6.36873 ; -5.06457 ; 5.01157
7.13459 ; 5.11113 ; -4.75264 ; -5.82783
2.86981 ; 2.49444 ; 1.0009 ; -2.96311
4.11165 ; 7.46406 ; 5.01588 ; 3.38585
5.60833 ; 4.86631 ; 5.6622 ; 5.62012
6.08991 ; 4.08012 ; 5.42624 ; -5.29868
4.80423 ; 4.80997 ; -5.34436 ; -5.4998
6.17314 ; 5.55013 ; 5.45803 ; 5.4314
4.95441 ; 6.55189 ; -5.32116 ; 4.91105
5.19177 ; 6.38124 ; -5.41151 ; 5.02894
6.77993 ; 4.0521 ; 5.18935 ; -5.24592
4.88644 ; 5.79022 ; -5.34725 ; 5.32113
3.1809 ; 3.38463 ; 1.6632 ; 5.19195
4.48902 ; 4.53072 ; -5.17005 ; -5.41001
2.94391 ; 4.69998 ; -0.898781 ; -5.63361
6.3094 ; 5.31377 ; 5.4362 ; 5.46723
5.72457 ; 3.17839 ; 5.51162 ; -4.61329
5.50672 ; 4.43895 ; 5.73847 ; 5.58235
6.44839 ; 3.90177 ; 0.226258 ; 5.37515
6.13011 ; 6.20691 ; -5.86791 ; -5.34122
8.48633 ; 6.17684 ; 2.90418 ; 4.99853
4.68455 ; 4.93122 ; 5.37333 ; 5.74526
6.38934 ; 6.21497 ; 5.32954 ; 5.14348
4.5315 ; 3.87921 ; -5.15954 ; -5.16448
6.01847 ; 5.79354 ; -5.52854 ; 5.34349
4.79503 ; 5.97468 ; -5.29621 ; 5.24425
6.5016 ; 4.3567 ; 5.33168 ; -5.38048
4.6696 ; 5.22815 ; 5.25958 ; 5.65849
4.83509 ; 5.91221 ; -5.31769 ; 5.27212
3.4224 ; 5.7108 ; 2.22925 ; 5.43529
5.14313 ; 4.81975 ; 5.50876 ; -5.63723
5.50862 ; 5.27692 ; 5.66426 ; -5.66817
5.76549 ; 6.50086 ; -5.49663 ; 4.92725
8.50738 ; 4.51572 ; 1.36755 ; 5.84673
5.58751 ; 4.93072 ; -5.62075 ; -5.61716
3.55324 ; 6.36014 ; 1.89173 ; 4.9489
4.41873 ; 6.30773 ; -5.08164 ; 5.04901
3.49952 ; 7.3803 ; -3.61138 ; -3.08947
6.90325 ; 6.24564 ; 5.10579 ; 5.09006
7.06402 ; 6.40794 ; 4.99503 ; 4.97783
5.08487 ; 4.18482 ; -5.41625 ; -5.35047
6.11719 ; 5.59112 ; 5.46742 ; 5.42567
4.82533 ; 5.6797 ; -5.32939 ; 5.35165
3.97414 ; 7.45298 ; 4.74377 ; 3.40131
4.54357 ; 4.9497 ; -5.20686 ; -5.49548
5.44371 ; 5.34176 ; 5.68373 ; -5.6776
5.52812 ; 5.03303 ; -5.62398 ; -5.61959
5.92568 ; 4.39814 ; -5.72546 ; 5.55693
6.12319 ; 5.16464 ; 5.51536 ; -5.54264
3.598 ; 3.38398 ; 3.50424 ; -4.59984
6.26238 ; 5.60639 ; 5.4296 ; 5.4083
4.8472 ; 4.2819 ; -5.34273 ; -5.36543
7.07598 ; 2.35895 ; -5.61237 ; 0.316831
6.7404 ; 6.02593 ; 5.20852 ; 5.21168
6.37769 ; 3.51508 ; 5.31636 ; -4.95467
6.01857 ; 5.60087 ; 5.50191 ; -5.54386
8.38784 ; 4.07254 ; 1.62667 ; 5.44762
5.73597 ; 3.8745 ; 5.74322 ; 5.12616
6.35542 ; 4.38584 ; 5.38378 ; -5.40383
5.13792 ; 7.82635 ; -5.46146 ; 2.70315
6.39708 ; 5.6486 ; 5.38418 ; 5.38263
6.12455 ; 4.78923 ; 5.47722 ; -5.52407
4.53261 ; 2.82586 ; 5.68476 ; 0.679709
5.96872 ; 7.17685 ; -5.94109 ; -3.14815
4.55113 ; 6.16239 ; -5.16824 ; 5.13845
4.85056 ; 5.87477 ; -5.32666 ; 5.28741
4.47842 ; 3.78356 ; -5.12186 ; -5.11
5.15176 ; 4.53159 ; -5.46838 ; -5.47075
3.97417 ; 7.03898 ; 4.58572 ; 4.14639
5.55131 ; 2.44454 ; 5.84794 ; 0.220737
4.43543 ; 5.67206 ; 4.67328 ; 5.4371
5.75284 ; 2.60239 ; -5.84059 ; 1.44336
5.51221 ; 5.15354 ; -5.63467 ; -5.62344
4.78908 ; 6.06119 ; -5.28703 ; 5.2068
6.91358 ; 3.83098 ; 5.10399 ; -5.13272
6.62113 ; 6.26627 ; 4.16688 ; -5.24696
5.20249 ; 4.66796 ; -5.49487 ; -5.50856
5.10299 ; 4.76404 ; -5.46288 ; -5.52107
8.6546 ; 6.45031 ; 1.26813 ; 4.76434
8.24002 ; 5.67093 ; -0.908021 ; -5.97422
2.94056 ; 3.43113 ; -1.58251 ; -4.67276
5.37703 ; 7.57874 ; 5.68837 ; 3.37375
8.10301 ; 5.00828 ; -1.09638 ; -5.81882
4.7987 ; 5.57519 ; -5.32222 ; 5.37753
2.87133 ; 5.07716 ; -2.07792 ; 5.68917
7.61643 ; 3.98224 ; -4.06887 ; 5.72431
6.95936 ; 3.73418 ; 5.07012 ; -5.07704
5.15687 ; 6.84802 ; -5.41117 ; 4.6175
4.74352 ; 7.3987 ; -5.28855 ; -2.3925
5.8351 ; 5.06647 ; -5.67434 ; -5.67551
6.74002 ; 6.1009 ; 5.20172 ; 5.17805
5.11121 ; 5.60622 ; -5.43457 ; 5.39542
7.74634 ; 4.30079 ; 4.29894 ; 5.43609
5.80632 ; 5.15062 ; -5.61704 ; 5.58081
5.70335 ; 4.72328 ; 5.65895 ; 5.59776
7.47918 ; 4.54499 ; 4.67454 ; -5.41651
3.91365 ; 7.64472 ; 5.00519 ; -0.411747
3.56442 ; 2.26148 ; 4.05088 ; -1.90567
6.84736 ; 3.67482 ; 5.12405 ; -5.05042
3.24207 ; 6.54323 ; 1.63262 ; -5.40177
6.22635 ; 5.15776 ; 5.47676 ; -5.51695
6.546 ; 6.09323 ; 5.28732 ; 5.1988
3.80271 ; 2.78797 ; 4.63686 ; 3.33992
4.7956 ; 7.18601 ; 5.47724 ; 4.09093
5.10877 ; 5.48347 ; -5.44128 ; 5.4267
4.89689 ; 2.57924 ; 5.62951 ; -3.52786
4.76979 ; 6.60557 ; 5.54105 ; 3.97105
4.76766 ; 4.14011 ; -5.29575 ; -5.30409
6.10924 ; 7.56053 ; -5.84543 ; 2.21875
5.11744 ; 5.82248 ; -5.53047 ; -5.37652
5.40546 ; 5.42254 ; 5.56692 ; 5.53649
5.06959 ; 6.15805 ; -5.37977 ; 5.17037
6.29339 ; 2.27938 ; 5.48444 ; -0.0649255
6.02527 ; 5.11085 ; 5.54307 ; -5.57244
4.50156 ; 2.99156 ; 1.38617 ; 3.60564
3.88455 ; 3.75188 ; 4.51871 ; 5.37125
5.4975 ; 5.53709 ; -5.52759 ; 5.44881
5.40491 ; 4.53793 ; -5.53126 ; -5.49586
6.98169 ; 4.63362 ; -3.17797 ; 5.74508
5.7603 ; 5.75028 ; 5.50364 ; 5.39113
8.47144 ; 4.11072 ; 2.58885 ; -5.26115
7.45326 ; 5.36287 ; 4.72608 ; 5.39874
4.88977 ; 6.04752 ; 5.73603 ; -5.53912
4.86234 ; 5.68818 ; -5.34465 ; 5.35135
5.3232 ; 4.98416 ; 5.60745 ; -5.6637
6.85963 ; 4.28007 ; 5.15823 ; -5.32369
6.46628 ; 4.52978 ; 5.3554 ; -5.43019
4.94767 ; 3.78532 ; -5.33111 ; -5.14071
3.26381 ; 5.54232 ; -3.8213 ; 5.38203
4.9077 ; 6.01467 ; -5.33571 ; 5.23606
6.88397 ; 3.81778 ; 5.11789 ; -5.12873
4.6974 ; 6.13996 ; -5.24089 ; 5.16189
4.95179 ; 2.19783 ; 5.5979 ; -1.37762
2.75438 ; 6.77728 ; -2.03027 ; 4.43547
5.49634 ; 2.18271 ; -5.68816 ; -1.50888
5.109 ; 4.40457 ; -5.44416 ; -5.42878
6.50586 ; 4.32197 ; 5.32722 ; -5.37053
3.6831 ; 4.1551 ; -4.29708 ; 5.38077
4.01492 ; 5.63411 ; -4.76054 ; -5.42855
6.63289 ; 4.11843 ; 5.26046 ; -5.28724
6.87813 ; 3.80318 ; 5.11935 ; -5.12195
5.99698 ; 4.31491 ; 5.46059 ; -5.40268
6.15639 ; 5.69362 ; 5.44776 ; 5.39093
5.36856 ; 4.70677 ; -5.55721 ; 5.53675
6.40091 ; 5.59107 ; -5.71135 ; -5.68034
5.96943 ; 4.06336 ; 5.64356 ; 5.23117
8.00576 ; 3.12251 ; 3.90179 ; -3.19443
7.07182 ; 5.82721 ; 5.0295 ; 5.2644
5.84539 ; 2.20228 ; 5.67493 ; -2.15825
6.59591 ; 5.93463 ; 5.2831 ; 5.26384
5.12273 ; 5.37439 ; -5.45624 ; 5.448
6.4504 ; 4.65108 ; -5.60039 ; 5.7246
5.51894 ; 5.23328 ; -5.57181 ; 5.52437
5.19963 ; 4.96942 ; -5.52085 ; -5.56053
6.08742 ; 6.00785 ; 5.43817 ; 5.26379
2.83745 ; 7.89049 ; 0.558638 ; 0.515633
8.49084 ; 5.317 ; 2.42036 ; 5.56005
4.91259 ; 4.6858 ; -5.39381 ; -5.47939
4.5164 ; 5.04706 ; 5.10039 ; -5.76204
6.06061 ; 7.73656 ; -5.93805 ; 0.31357
4.71272 ; 6.01509 ; -5.25867 ; 5.22047
6.20989 ; 3.57721 ; 5.36862 ; -4.99883
5.1068 ; 3.98786 ; -5.40494 ; -5.26009
5.40998 ; 4.48244 ; -5.6148 ; 5.45998
6.82649 ; 5.36825 ; 5.17894 ; 5.01915
5.77736 ; 4.74907 ; -5.6751 ; 5.55846
5.07899 ; 5.7667 ; -5.41339 ; 5.34486
5.67843 ; 4.83269 ; -5.62278 ; -5.58972
4.89511 ; 2.09615 ; -5.30503 ; -1.40366
6.61631 ; 4.16427 ; 5.27124 ; -5.30644
6.03511 ; 5.19398 ; 5.53269 ; 5.52225
6.68887 ; 5.00584 ; -5.18908 ; 5.69907
6.98452 ; 6.05686 ; 5.07445 ; 5.17548
4.71725 ; 4.77097 ; -5.28549 ; 5.43612
3.64731 ; 4.77617 ; -4.41832 ; -5.4773
6.02317 ; 2.64848 ; -5.8605 ; -0.543847
7.53287 ; 3.77585 ; 4.5018 ; 5.05473
5.42551 ; 4.80678 ; -5.59459 ; 5.51147
4.58378 ; 7.31709 ; -5.11663 ; 4.05022
7.02892 ; 7.82114 ; -5.60778 ; 1.41949
5.92268 ; 5.44159 ; -5.56378 ; 5.50906
7.22268 ; 7.00562 ; -4.89569 ; 4.06588
7.94498 ; 4.76461 ; 4.0591 ; -5.52574
6.9381 ; 3.75973 ; 5.0839 ; -5.09299
5.73306 ; 4.33489 ; -5.6971 ; 5.50218
6.85165 ; 4.43275 ; 5.16512 ; -5.35177
6.27246 ; 5.77272 ; 5.4109 ; 5.35464
5.19112 ; 5.81776 ; -5.56612 ; -5.40771
6.37658 ; 4.4727 ; 5.384 ; -5.42404
5.538 ; 3.47309 ; -5.48119 ; -4.89014
7.86664 ; 5.40495 ; -2.88549 ; -5.95145
6.24111 ; 5.8829 ; 5.41027 ; 5.31363
5.9951 ; 4.07842 ; 5.6329 ; 5.2501
6.67703 ; 5.63552 ; 5.26671 ; 5.36017
3.35849 ; 6.96807 ; -3.92007 ; 4.35975
4.59496 ; 7.49349 ; 5.83983 ; -1.78637
6.38599 ; 5.772 ; 5.37707 ; 5.34536
4.5526 ; 6.14655 ; -5.17019 ; 5.14595
4.91738 ; 6.97333 ; -3.38547 ; -4.12961
5.53039 ; 5.04327 ; -5.62497 ; -5.62369
6.39625 ; 4.21842 ; 5.35522 ; -5.34532
4.52429 ; 3.81069 ; -5.14929 ; -5.12928
3.91555 ; 7.21949 ; 4.90603 ; -3.55886
5.49023 ; 5.47558 ; 5.53988 ; 5.51105
5.55974 ; 2.27273 ; -5.75079 ; -0.0746108
4.76964 ; 4.89226 ; -5.31065 ; 5.46323
6.63141 ; 5.84139 ; 4.93138 ; -5.47543
5.82055 ; 4.53416 ; 5.51897 ; -5.48952
5.44368 ; 4.5164 ; -5.62422 ; 5.46614
2.91596 ; 4.75622 ; -0.242906 ; -5.67399
3.42394 ; 5.33251 ; 2.5339 ; 5.65889
5.45704 ; 5.44547 ; -5.53127 ; 5.47139
3.63279 ; 2.82199 ; -3.86408 ; 2.46181
8.46205 ; 2.0814 ; 2.12034 ; -0.390141
6.1148 ; 6.51534 ; 5.39959 ; 4.94945
5.51747 ; 5.25872 ; 5.66328 ; -5.66701
5.69727 ; 5.19901 ; 5.62914 ; -5.63276
6.26628 ; 5.40944 ; -5.53205 ; 5.49804
3.32975 ; 4.16224 ; -3.98441 ; -5.2302
6.55954 ; 3.75276 ; -5.18661 ; 5.25915
6.49325 ; 4.21534 ; 5.32293 ; -5.3362
4.39948 ; 7.84379 ; 5.66644 ; 1.07286
4.86888 ; 3.33043 ; -5.34682 ; 4.14272
4.99073 ; 5.56952 ; -5.40039 ; 5.39364
5.35717 ; 3.77706 ; -5.63199 ; 4.88818
6.18351 ; 5.15443 ; -5.57531 ; 5.6197
5.6944 ; 4.7703 ; 5.66164 ; 5.56891
6.18334 ; 4.93723 ; -5.6226 ; 5.66527
3.97428 ; 5.29034 ; 4.26145 ; -5.87383
6.54718 ; 5.46078 ; 5.31517 ; -5.493
6.1669 ; 4.41196 ; 5.4367 ; -5.42674
6.86885 ; 4.69446 ; -5.07761 ; -5.65524
3.9232 ; 6.43884 ; -4.69253 ; 4.91495
4.85157 ; 6.18358 ; 5.1895 ; 5.14332
5.98408 ; 6.39844 ; -5.8794 ; -5.0438
6.38105 ; 4.63444 ; 5.3925 ; -5.45706
5.50782 ; 4.5241 ; -5.54974 ; -5.50096
5.65114 ; 4.78619 ; 5.65717 ; 5.39633
5.30735 ; 4.19366 ; 5.19952 ; 5.54543
5.26318 ; 4.83449 ; -5.53966 ; 5.50718
6.29962 ; 4.3918 ; 5.39874 ; -5.41035
6.26785 ; 5.65188 ; 5.42441 ; 5.39482
5.13046 ; 4.68577 ; -5.49319 ; 5.46124
2.86209 ; 2.18393 ; -1.40738 ; 0.0651137
5.00166 ; 5.05841 ; 5.52249 ; -5.71727
5.48618 ; 3.81198 ; -5.68009 ; 4.87209
5.30914 ; 4.50714 ; -5.50623 ; -5.47827
8.219 ; 6.68556 ; 2.40961 ; -5.02762
5.89508 ; 4.55115 ; 5.63431 ; 5.51955
6.78764 ; 6.0092 ; 5.18608 ; 5.21459
6.20165 ; 4.37876 ; 5.42316 ; -5.4144
6.391 ; 6.17365 ; 5.33476 ; 5.16445
8.07139 ; 6.08757 ; -1.50189 ; -5.83797
5.20087 ; 4.12428 ; -5.44285 ; -5.33044
4.59656 ; 3.67615 ; 5.65979 ; 5.21316
6.74913 ; 3.96859 ; 5.19621 ; -5.21359
5.63047 ; 4.69866 ; -5.59448 ; -5.56806
5.32108 ; 4.4169 ; -5.49886 ; -5.45055
6.89296 ; 6.99235 ; -4.91339 ; 4.31549
5.53852 ; 4.67071 ; -5.63997 ; 5.54057
7.13331 ; 7.32609 ; 4.81198 ; -2.80384
5.0435 ; 5.84961 ; -5.39523 ; 5.31291
5.16663 ; 5.7634 ; -5.4356 ; 5.35189
4.85977 ; 5.10817 ; 5.50414 ; 5.53014
5.97847 ; 4.87362 ; -5.63736 ; -5.65297
6.5626 ; 3.93853 ; 5.27207 ; -5.21278
6.45691 ; 4.2428 ; 5.33769 ; -5.34902
5.31563 ; 5.49666 ; -5.49848 ; 5.44397
5.76622 ; 6.27045 ; 5.72224 ; -4.91781
6.45928 ; 4.21397 ; 5.33437 ; -5.33869
6.22624 ; 4.40708 ; 5.42285 ; -5.41985
2.87498 ; 4.63603 ; -0.778048 ; 5.86484
6.51895 ; 4.31443 ; 5.32211 ; -5.36674
4.5543 ; 2.87731 ; -5.11502 ; 2.98344
6.34009 ; 6.73685 ; 5.3137 ; 4.76414
6.11833 ; 4.21838 ; 5.56508 ; 5.18736
6.01376 ; 5.47703 ; 5.50562 ; 5.46666
5.19386 ; 5.5871 ; -5.4597 ; 5.40914
6.23046 ; 5.41334 ; 5.45544 ; 5.45517
5.05644 ; 5.58428 ; -5.42028 ; 5.39774
5.71697 ; 5.57075 ; -5.72979 ; -5.57632
6.27335 ; 5.77538 ; 5.41016 ; 5.35412
6.70596 ; 2.40832 ; 5.2061 ; 0.585176
7.2377 ; 6.28263 ; 4.86758 ; 5.03677
5.01094 ; 4.03031 ; 5.57288 ; -3.89629
4.44346 ; 3.98621 ; 5.39446 ; 5.606
8.33028 ; 7.9644 ; 2.58388 ; 1.50959
6.56631 ; 4.18588 ; 5.29253 ; -5.31864
5.47126 ; 2.33679 ; 5.86302 ; 0.257181
5.97973 ; 5.41724 ; 5.51965 ; 5.48465
6.92522 ; 4.67249 ; 5.12371 ; 5.43562
3.44706 ; 2.43597 ; 2.89203 ; 1.89121
6.15196 ; 4.4367 ; 5.4429 ; -5.43458
5.72381 ; 7.59424 ; 5.62052 ; 3.37016
6.5879 ; 3.73064 ; 5.24706 ; -5.09608
7.08879 ; 3.61271 ; 4.97996 ; -4.99068
5.64582 ; 5.11833 ; -5.60852 ; 5.56316
3.09322 ; 3.2676 ; 1.74661 ; 0.935527
6.11586 ; 5.77871 ; 5.44747 ; 5.36293
6.55753 ; 4.91885 ; -5.45022 ; 5.71465
4.51394 ; 4.83193 ; 5.212 ; 5.78269
6.24953 ; 4.26529 ; -5.72793 ; 5.59154
5.26487 ; 4.51115 ; 5.49397 ; -5.51435
3.43874 ; 5.48568 ; 2.00463 ; -5.92886
6.16922 ; 5.33229 ; 5.48009 ; 5.47789
5.92713 ; 6.44694 ; -5.86805 ; -4.77931
5.37951 ; 4.99687 ; -5.58069 ; -5.59303
5.12124 ; 5.51236 ; -5.42052 ; 5.42403
5.42662 ; 2.9686 ; 5.89406 ; 3.08027
3.97961 ; 5.41138 ; 4.08275 ; -5.88696
4.8371 ; 3.22336 ; -5.2482 ; -4.71876
6.06769 ; 5.53023 ; -5.7576 ; -5.72071
6.40366 ; 4.96882 ; 5.41167 ; 5.49642
5.48788 ; 6.34293 ; -5.4725 ; 5.05365
6.43276 ; 4.38556 ; 5.35831 ; -5.3961
5.46226 ; 6.05182 ; -5.69554 ; -5.23976
7.66079 ; 7.87791 ; 0.348463 ; -0.359792
7.56803 ; 5.60577 ; 4.619 ; 5.32489
5.43276 ; 4.28553 ; -5.63759 ; 5.37121
6.5392 ; 5.96383 ; 5.30255 ; 5.25767
6.38829 ; 5.99459 ; 5.35373 ; 5.2567
4.72015 ; 3.96486 ; -5.25668 ; -5.22253
5.20154 ; 7.52887 ; -5.46532 ; 3.61559
4.87269 ; 4.12191 ; -5.33672 ; -5.30744
4.34027 ; 6.38974 ; -5.02552 ; 4.99262
4.20015 ; 5.19012 ; 4.62182 ; 5.70085
6.21055 ; 5.39432 ; -5.51224 ; 5.54575
5.77271 ; 5.06816 ; 5.60247 ; -5.61242
4.01577 ; 3.86276 ; 4.76104 ; 5.62389
5.27608 ; 5.00546 ; -5.55004 ; -5.57657
4.79075 ; 4.87217 ; -5.34362 ; -5.49725
3.59754 ; 5.56194 ; 3.29777 ; -5.92183
3.53314 ; 7.4685 ; -4.06856 ; 3.68521
6.3224 ; 5.56841 ; 5.4331 ; -5.12317
4.26906 ; 3.63846 ; -4.97567 ; -5.00195
7.3319 ; 5.25624 ; 4.78889 ; -5.47619
5.97169 ; 6.06839 ; 5.45468 ; 5.23632
4.44041 ; 4.97974 ; 4.97413 ; -5.74726
4.9089 ; 5.04117 ; 5.48697 ; 5.69172
5.38817 ; 4.30926 ; -5.50307 ; -5.41495
6.59111 ; 4.33054 ; 5.28948 ; -5.36688
5.13 ; 4.25391 ; -5.43554 ; -5.3805
6.56356 ; 4.05631 ; 5.28214 ; -5.26782
5.34102 ; 2.76104 ; -5.46889 ; -4.14894
7.26548 ; 4.83434 ; -4.36448 ; -5.73391
2.92953 ; 2.97719 ; -1.50244 ; 4.17747
7.11298 ; 4.39318 ; -4.74078 ; -5.4993
2.86662 ; 4.04228 ; -0.0811146 ; -5.21051
5.7231 ; 5.34208 ; -5.70423 ; -5.65977
6.02383 ; 5.4417 ; -5.54997 ; 5.51632
5.97127 ; 3.72256 ; -5.83248 ; 4.97494
5.69188 ; 2.60226 ; 5.82175 ; 1.86326
5.55182 ; 5.40691 ; -5.55307 ; 5.49086
5.9043 ; 5.27691 ; -5.70918 ; -5.70117
4.66009 ; 4.05913 ; -5.23876 ; -5.25842
4.82031 ; 4.73928 ; 5.50026 ; 5.75466
4.5817 ; 3.96387 ; -5.19203 ; -5.2087
3.02373 ; 4.8631 ; -2.17038 ; 5.71488
6.10677 ; 4.86775 ; -5.61783 ; -5.66454
5.85016 ; 5.3824 ; -5.72372 ; -5.64067
4.80507 ; 5.279 ; -5.35713 ; -5.50789
2.97117 ; 5.20277 ; -2.00248 ; -5.80477
4.69957 ; 4.04289 ; -5.25529 ; -5.25577
5.30485 ; 6.31205 ; -5.44066 ; 5.0759
5.14103 ; 5.7423 ; -5.43249 ; 5.35655
5.24292 ; 5.26197 ; -5.50246 ; 5.48306
5.62926 ; 4.01571 ; -5.39287 ; -5.26281
8.54756 ; 5.95281 ; 0.425535 ; 5.20846
5.60417 ; 4.83499 ; -5.60987 ; -5.60048
7.55187 ; 2.70157 ; 4.40799 ; -0.240767
5.85922 ; 6.61976 ; 5.70716 ; -4.34277
7.77242 ; 4.49173 ; -3.21739 ; -5.57582
6.85741 ; 3.86837 ; 5.13575 ; -5.15667
4.64867 ; 4.49685 ; 5.45662 ; 5.77643
6.00454 ; 4.57012 ; 5.59599 ; 5.50039
5.66446 ; 3.75636 ; -5.75593 ; 4.94199
7.71068 ; 2.90129 ; 4.33243 ; -4.24693
7.92368 ; 4.91214 ; -2.34441 ; 5.81132
3.68396 ; 2.27047 ; 4.47528 ; -1.0869
4.83935 ; 4.20573 ; -5.33255 ; -5.33781
5.90326 ; 3.58616 ; -5.83752 ; 4.72106
5.42083 ; 4.9028 ; -5.58004 ; -5.58778
4.91981 ; 4.30279 ; -5.37239 ; -5.37972
5.62713 ; 5.94982 ; 5.29474 ; 5.29225
6.46862 ; 4.49465 ; 5.35272 ; -5.42172
5.80167 ; 5.53318 ; 5.53595 ; 5.46859
4.38121 ; 7.15069 ; -4.90292 ; -3.45576
4.59065 ; 3.89173 ; -5.1901 ; -5.17604
4.93181 ; 4.2681 ; -5.37301 ; -5.36405
4.40106 ; 3.46068 ; -5.01992 ; 4.3137
5.18468 ; 5.85703 ; -5.43295 ; 5.3182
4.5758 ; 4.93361 ; 5.15717 ; -5.72176
6.55411 ; 4.07317 ; 5.28707 ; -5.27549
8.154 ; 5.60246 ; 3.77533 ; 5.34321
6.20485 ; 6.98246 ; 5.53399 ; -2.9305
7.23902 ; 7.23626 ; -5.34404 ; -3.44292
6.12059 ; 4.72805 ; -5.58192 ; -5.6224
6.98862 ; 3.66159 ; 5.04631 ; -5.03127
6.99311 ; 6.39398 ; 5.03995 ; 4.99462
4.83121 ; 5.66358 ; -5.33364 ; 5.35546
4.82129 ; 5.62631 ; -5.331 ; 5.36518
4.74428 ; 4.69909 ; 5.50376 ; 5.7357
6.25751 ; 5.47267 ; 5.4428 ; 5.44117
6.69809 ; 4.0489 ; 5.22604 ; -5.2525
4.32979 ; 2.06589 ; -4.85889 ; -1.49246
5.1549 ; 4.6184 ; -5.47724 ; -5.49223
5.81195 ; 4.97628 ; 5.51246 ; 5.58756
4.51552 ; 3.84627 ; -5.14827 ; -5.14671
6.66029 ; 5.24925 ; -5.44722 ; -5.81553
5.56479 ; 5.38478 ; -5.60296 ; -5.64742
5.13261 ; 5.6405 ; -5.43876 ; 5.38859
3.76838 ; 3.03176 ; 4.4948 ; 3.68767
5.96515 ; 5.7118 ; 5.48459 ; 5.39654
6.53179 ; 4.07275 ; 5.29491 ; -5.27709
6.12536 ; 5.19631 ; 5.5059 ; 5.50886
5.08746 ; 6.09079 ; -5.39024 ; 5.20599
6.20098 ; 5.29602 ; -5.52786 ; 5.57458
5.3292 ; 3.44935 ; 5.86802 ; 4.24149
7.01829 ; 5.4195 ; -5.12138 ; -5.88004
5.02373 ; 5.00915 ; -5.45447 ; -5.54069
6.02408 ; 6.4505 ; -5.89004 ; -4.94251
3.79629 ; 5.93407 ; 2.5992 ; -5.81458
4.5278 ; 3.83108 ; 5.55267 ; 5.21345
5.75309 ; 2.35329 ; -5.84058 ; 0.414603
7.9087 ; 4.33957 ; -0.739208 ; 5.82463
6.1168 ; 7.37477 ; -5.89484 ; -0.931677
7.8627 ; 2.26656 ; -1.23556 ; 0.780411
6.80193 ; 4.5435 ; 5.19474 ; -5.41115
7.06774 ; 5.30001 ; -5.17094 ; -4.00235
6.98631 ; 4.72967 ; 5.08143 ; -5.44569
3.21822 ; 3.34645 ; 2.2165 ; -4.57554
