6.39302 ; 7.9818 ; 5.20797 ; 2.63213
6.27511 ; 3.26267 ; 5.18442 ; -4.70882
6.09703 ; 4.38076 ; 5.3107 ; -5.23985
4.04466 ; 3.44614 ; -4.7559 ; -4.78974
7.9086 ; 6.7433 ; 4.16271 ; 4.5695
4.09614 ; 3.35571 ; -4.77618 ; -4.74019
6.86935 ; 6.37967 ; 5.01327 ; 4.91314
7.26545 ; 2.71312 ; 4.6756 ; -4.13468
4.78543 ; 3.80528 ; 4.94904 ; -5.04529
6.45971 ; 5.99796 ; 5.19502 ; 5.12504
5.96748 ; 7.52139 ; 5.33231 ; 3.78408
2.898 ; 6.58531 ; -3.24212 ; 4.61471
6.08588 ; 7.03046 ; -5.77155 ; -3.62101
8.31933 ; 4.31397 ; -1.395 ; -5.35871
3.40703 ; 5.7212 ; 2.79161 ; -5.7585
2.69243 ; 5.29943 ; -1.57331 ; 5.4724
5.2988 ; 5.74292 ; -5.47619 ; -5.26131
6.60876 ; 5.20068 ; 5.19442 ; 5.27224
7.00687 ; 7.12982 ; 4.82497 ; 4.27545
8.64729 ; 5.28988 ; 0.542599 ; 5.49429
7.19723 ; 6.58585 ; 4.82236 ; 4.77917
4.26997 ; 6.37573 ; -4.91647 ; 4.90007
6.55982 ; 5.99811 ; 5.1609 ; 5.11668
2.99198 ; 6.21235 ; -3.48361 ; 4.88188
5.88405 ; 5.50288 ; -5.35164 ; 5.35106
4.3931 ; 3.37388 ; 4.63235 ; -4.68277
8.21224 ; 4.09891 ; 3.75695 ; -5.10776
7.96741 ; 3.86581 ; 4.1691 ; -4.92354
3.92873 ; 3.25586 ; -4.64758 ; -4.64657
2.90859 ; 8.14042 ; -2.32967 ; 0.898355
6.03389 ; 6.01036 ; 5.29747 ; 5.139
7.30799 ; 4.79592 ; 4.77528 ; -5.29205
6.17326 ; 5.71873 ; 5.29928 ; 5.24111
6.58615 ; 2.03929 ; 5.15078 ; -2.0442
5.81075 ; 5.38298 ; -5.54668 ; -5.49661
6.67762 ; 4.0276 ; 5.10816 ; -5.12829
6.75615 ; 5.80594 ; -5.27211 ; -5.58603
5.17199 ; 4.36163 ; -5.31974 ; -5.29785
4.7864 ; 6.19677 ; -5.14824 ; 5.02841
7.53146 ; 2.27511 ; -4.61445 ; -2.6359
4.42219 ; 2.86341 ; -4.853 ; -4.33861
4.74258 ; 6.13425 ; -5.11807 ; 5.05072
3.14049 ; 3.04639 ; -3.68962 ; -4.30494
4.37361 ; 4.74734 ; -5.02409 ; -5.29961
4.81651 ; 7.06107 ; -5.12262 ; 4.41724
5.11543 ; 4.49862 ; -5.30995 ; -5.32933
7.14569 ; 3.68996 ; 4.87173 ; -4.94261
5.20652 ; 4.33421 ; -5.32813 ; -5.25418
5.96854 ; 6.08733 ; -5.64445 ; -5.086
7.24872 ; 3.41301 ; 4.78005 ; -4.7801
5.305 ; 4.78821 ; -5.39626 ; -5.41104
7.255 ; 3.46792 ; 4.78367 ; -4.81169
4.64128 ; 4.08921 ; -5.12721 ; -5.15893
4.26542 ; 6.4623 ; -4.9049 ; 4.85546
8.17075 ; 8.07187 ; 3.1189 ; -0.164965
5.1328 ; 6.71658 ; -5.21602 ; 4.72535
6.83231 ; 3.57789 ; 5.00828 ; -4.91457
5.01175 ; 6.09714 ; -5.22366 ; 5.08336
6.97922 ; 3.64597 ; 4.94983 ; -4.94018
6.23053 ; 5.70829 ; 5.28732 ; 5.23994
8.64272 ; 3.65996 ; 2.76185 ; -4.80718
4.37264 ; 3.78388 ; -4.98446 ; -5.01089
4.81765 ; 6.16811 ; -5.16092 ; 5.04256
4.35894 ; 4.51972 ; 4.62086 ; -5.44368
7.46141 ; 6.89213 ; 4.59955 ; 4.52295
7.60318 ; 5.96923 ; -3.24413 ; 5.16119
6.36095 ; 4.59706 ; 5.26443 ; -5.3209
6.52513 ; 4.00168 ; 5.15043 ; -5.13156
5.24468 ; 4.27334 ; -5.32683 ; -5.27563
5.09731 ; 7.68904 ; -5.28573 ; 3.40268
4.04364 ; 4.57824 ; 4.12714 ; -5.48341
8.39143 ; 5.29065 ; -0.82304 ; -5.77629
6.70908 ; 3.96833 ; 5.09112 ; -5.10364
7.74634 ; 7.94385 ; -4.41845 ; 0.296751
5.32449 ; 4.49846 ; -5.44391 ; 5.06046
7.09171 ; 6.49914 ; 4.89284 ; 4.84289
6.63081 ; 4.59361 ; 5.16718 ; -5.28707
5.93467 ; 4.75738 ; 5.38112 ; -5.38428
6.82315 ; 4.33016 ; 5.06034 ; -5.21566
6.86864 ; 5.02392 ; 5.07086 ; 5.275
6.36668 ; 7.99129 ; 5.28552 ; 1.79512
6.69034 ; 6.33658 ; 5.08745 ; 4.96525
5.22495 ; 5.84278 ; -5.30007 ; 5.18946
4.67396 ; 3.94724 ; -5.12815 ; -5.10876
6.72243 ; 6.02819 ; 5.10381 ; 5.09017
3.55739 ; 5.23747 ; 2.84031 ; -5.73448
5.98196 ; 6.1028 ; 5.29052 ; 5.10658
4.92417 ; 5.19541 ; 5.17472 ; 5.22962
4.99224 ; 7.40264 ; 5.33518 ; 3.82694
4.26614 ; 6.50634 ; -4.90006 ; 4.83285
4.80585 ; 6.28113 ; -5.1471 ; 4.99091
5.46688 ; 6.76216 ; -4.55641 ; -4.34355
6.64761 ; 4.60141 ; 5.15399 ; -5.27988
7.43292 ; 3.82317 ; 4.69344 ; -4.98036
3.05601 ; 3.50962 ; -3.60701 ; -4.70752
7.15527 ; 6.5428 ; 4.85276 ; 4.80981
7.04831 ; 2.4454 ; -5.48667 ; 1.9239
5.44965 ; 3.29267 ; -5.29786 ; -4.73664
2.70984 ; 4.47814 ; -1.02393 ; -5.40562
6.89081 ; 6.02935 ; 5.0357 ; 5.07486
4.44956 ; 6.43846 ; -4.99763 ; 4.88723
6.54786 ; 3.90611 ; 5.13964 ; -5.0916
3.01384 ; 4.72942 ; -1.39098 ; -5.46326
5.54554 ; 2.19639 ; 5.63786 ; -1.55197
5.44416 ; 3.22296 ; -5.57446 ; 3.76879
4.51477 ; 3.71795 ; -5.04279 ; -4.99505
3.6303 ; 6.85628 ; 2.68037 ; 4.39974
4.63062 ; 4.96226 ; -5.14742 ; 5.25137
6.47202 ; 3.48801 ; 5.1896 ; 4.36977
6.22554 ; 3.44892 ; 5.42631 ; 4.19881
5.07663 ; 5.32582 ; 5.36451 ; 4.16858
7.65005 ; 4.6604 ; -3.60405 ; 5.69052
6.69707 ; 5.49097 ; 5.14751 ; 5.24126
6.46585 ; 4.86201 ; 5.23754 ; -5.3483
8.67469 ; 5.57896 ; 0.796069 ; 5.35692
6.21126 ; 5.4294 ; 5.31948 ; 5.30831
6.84287 ; 3.77865 ; 5.02318 ; -5.01609
4.66099 ; 5.45811 ; -5.18396 ; -5.28557
6.58933 ; 2.27961 ; 5.07815 ; -3.40876
4.84978 ; 4.70368 ; -5.25768 ; 5.2254
6.30866 ; 6.11511 ; 5.22215 ; 5.08854
6.64322 ; 4.71697 ; -5.259 ; 5.55962
2.78188 ; 3.0083 ; -1.44009 ; 4.31216
8.73152 ; 7.37007 ; 0.605688 ; 3.51467
6.66654 ; 3.20549 ; -5.60979 ; 4.23496
5.04488 ; 2.22731 ; -5.26866 ; -3.15137
6.87525 ; 5.73837 ; 5.05248 ; 5.16598
4.11034 ; 3.45993 ; -4.79923 ; -4.80699
5.14922 ; 3.03221 ; -5.22951 ; -4.52405
5.35532 ; 6.44193 ; -5.26953 ; 4.90955
6.81955 ; 3.75306 ; 5.02988 ; -5.00644
6.88081 ; 1.93253 ; 4.94001 ; -1.0741
4.44543 ; 6.46365 ; -4.99308 ; 4.87366
4.09096 ; 5.8438 ; -4.83028 ; 5.10086
4.23606 ; 4.25793 ; 4.29924 ; -5.30666
3.04689 ; 5.69083 ; 1.1204 ; -5.8114
4.60017 ; 6.07714 ; -5.09312 ; 5.05983
6.3557 ; 6.0884 ; 5.21281 ; 5.09711
6.70168 ; 6.10769 ; 5.10388 ; 5.0646
7.32367 ; 6.2581 ; 4.77516 ; 4.93975
6.37558 ; 5.02107 ; 5.28846 ; -5.35607
7.44068 ; 6.45609 ; 4.67311 ; 4.82366
4.98352 ; 5.14572 ; 5.30388 ; 5.50205
6.34043 ; 2.03164 ; 5.31659 ; -0.508862
7.02224 ; 4.10813 ; 4.96576 ; -5.12502
6.36794 ; 7.84789 ; 5.27835 ; 2.13132
7.9844 ; 5.64386 ; -2.08064 ; 5.35273
4.7999 ; 5.63647 ; -5.20076 ; 5.21328
4.35045 ; 3.24655 ; -4.91342 ; -4.68787
4.00618 ; 3.43489 ; -4.72851 ; -4.77801
6.52237 ; 5.86222 ; -5.48553 ; -5.51877
5.55111 ; 7.16205 ; 5.68224 ; -3.31213
4.07688 ; 3.34328 ; -4.76286 ; -4.72975
3.12152 ; 7.52688 ; -3.36563 ; 2.40439
6.76545 ; 6.0703 ; 5.08469 ; 5.07213
6.87 ; 5.63005 ; 5.06325 ; 5.19265
4.18821 ; 3.47243 ; -4.84161 ; -4.77613
5.68258 ; 5.07793 ; 5.44761 ; -5.46943
7.20311 ; 3.61771 ; 4.83273 ; -4.90049
4.77905 ; 5.03582 ; -5.23615 ; -5.35221
7.01795 ; 6.52585 ; 4.92774 ; 4.8358
5.54874 ; 2.81734 ; -5.40496 ; -4.11842
6.57266 ; 8.08424 ; 5.15735 ; 1.01984
5.97126 ; 5.6513 ; 5.34325 ; 5.27834
5.64837 ; 5.78468 ; 5.32805 ; 5.2523
8.38306 ; 5.26355 ; 3.41628 ; 4.74996
3.50706 ; 2.03515 ; -3.91317 ; -2.58538
5.04434 ; 6.19283 ; -5.22008 ; 5.0428
7.49147 ; 7.28755 ; 4.50297 ; 4.1115
2.98771 ; 2.80684 ; -3.33161 ; -3.9837
3.17965 ; 5.97586 ; -3.83277 ; 5.03437
7.14872 ; 6.55273 ; 4.85493 ; 4.80529
5.90391 ; 4.32493 ; 5.31984 ; -5.29227
4.44803 ; 6.52236 ; 5.25226 ; -4.70711
6.75413 ; 6.15564 ; 5.08047 ; 5.04125
6.60616 ; 5.56791 ; -4.94081 ; -5.58711
6.37664 ; 4.79348 ; -5.29582 ; -5.52409
4.29888 ; 6.38544 ; -4.93047 ; 4.89857
6.76789 ; 4.50815 ; -5.00405 ; -5.40743
8.43449 ; 2.04091 ; -0.694359 ; 0.0371811
4.45577 ; 5.36233 ; -5.04774 ; 5.23019
4.54444 ; 3.33116 ; -5.01788 ; -4.76433
6.11119 ; 4.77858 ; 5.34988 ; -5.38262
6.98162 ; 3.80161 ; 4.96516 ; -5.01203
6.46125 ; 4.5729 ; 5.22818 ; -5.30513
6.51581 ; 3.10544 ; -5.44029 ; -2.04559
4.97377 ; 4.95739 ; -5.31189 ; -5.37982
4.54466 ; 5.81479 ; -5.08555 ; 5.14132
4.71875 ; 4.13678 ; -5.1609 ; -5.18276
6.13489 ; 4.06775 ; 5.2595 ; -5.18242
3.10839 ; 6.05721 ; -3.70768 ; 4.99392
5.01006 ; 5.27649 ; 5.19359 ; 5.45113
4.77554 ; 4.32711 ; -5.19869 ; -5.24781
6.35047 ; 4.74455 ; 5.27929 ; -5.34632
5.30731 ; 8.02968 ; -5.5027 ; 0.91182
6.82632 ; 4.89666 ; -4.9564 ; -5.58877
7.2385 ; 3.46218 ; 4.79203 ; -4.81054
6.8459 ; 3.0475 ; 4.9645 ; -4.52261
4.1865 ; 6.44325 ; -4.86312 ; 4.8567
4.22728 ; 3.76288 ; -4.90505 ; -4.98547
7.73871 ; 2.96668 ; 4.32816 ; -4.348
4.16182 ; 6.66527 ; -4.82189 ; 4.72413
5.06142 ; 8.00092 ; -5.30196 ; 2.41873
4.32589 ; 5.70168 ; 4.54324 ; 5.33351
4.13542 ; 3.45252 ; -4.81341 ; -4.80612
4.4853 ; 4.09354 ; -5.06175 ; -5.14561
3.93559 ; 6.84245 ; -4.64209 ; 4.56495
4.78185 ; 6.05961 ; -5.1579 ; 5.08261
7.97892 ; 6.70351 ; 4.11477 ; 4.58223
7.66521 ; 7.2348 ; -3.85482 ; 3.85161
6.97429 ; 3.57117 ; 4.94387 ; -4.90134
4.6159 ; 7.39832 ; 5.47843 ; -2.68453
5.42703 ; 3.81756 ; 5.23177 ; -5.06666
6.05914 ; 5.78943 ; 5.44983 ; -5.20217
5.74333 ; 3.5621 ; -5.24584 ; -4.92859
7.06614 ; 4.4967 ; -4.64512 ; -5.4493
4.79925 ; 3.75911 ; -5.15491 ; -5.03463
4.44506 ; 6.46521 ; -4.99272 ; 4.87334
4.25811 ; 3.59981 ; -4.90413 ; -4.90713
4.7728 ; 4.22651 ; -5.18821 ; -5.21861
4.3557 ; 3.72022 ; -4.96965 ; -4.9805
3.91716 ; 5.64207 ; 3.84001 ; 5.36981
7.27434 ; 3.51269 ; 4.7781 ; -4.83421
4.75631 ; 4.75837 ; 5.08137 ; -5.51739
6.40742 ; 5.48548 ; 5.25719 ; 5.26802
6.2836 ; 4.10268 ; 5.23461 ; -5.18834
3.60726 ; 4.31342 ; 2.82134 ; -5.34903
5.06946 ; 5.5413 ; -5.29429 ; 5.26379
6.38109 ; 4.09254 ; 5.21078 ; -5.17265
4.59749 ; 5.8056 ; 4.76524 ; 5.27426
8.60813 ; 3.04138 ; 1.56191 ; 4.4763
5.5993 ; 2.12094 ; -5.56689 ; -2.16348
5.86919 ; 3.68911 ; -5.65458 ; 4.72933
4.05022 ; 4.49872 ; 3.69151 ; -5.43692
5.85066 ; 2.9615 ; -5.71147 ; 3.03587
6.52381 ; 3.26021 ; -5.63606 ; 3.86963
4.17639 ; 6.53602 ; -4.84715 ; 4.805
7.54984 ; 5.70399 ; -3.47196 ; 5.32312
8.27069 ; 5.43956 ; -0.29762 ; 5.44063
4.71655 ; 3.77222 ; -5.12669 ; -5.03577
7.46611 ; 3.26584 ; 4.61772 ; -4.65131
4.22321 ; 6.60381 ; -4.86513 ; 4.76163
6.94306 ; 6.38328 ; 4.98084 ; 4.92097
7.89271 ; 3.1473 ; 3.93457 ; 4.03933
8.25366 ; 4.61203 ; 1.50592 ; -5.45113
4.91015 ; 6.04722 ; -5.20115 ; 5.09611
7.3247 ; 2.68413 ; 4.60374 ; 2.71811
4.44956 ; 6.20132 ; -5.02068 ; 4.99844
7.44163 ; 3.22424 ; 4.62844 ; -4.6253
6.46878 ; 6.99469 ; -5.17736 ; 4.30552
5.04503 ; 4.79516 ; 5.39835 ; 5.53574
7.79846 ; 5.14305 ; -2.27113 ; 5.56665
4.48789 ; 6.05061 ; -5.04877 ; 5.05876
3.09911 ; 4.80728 ; -3.46676 ; 5.41103
8.58048 ; 4.82345 ; 2.3891 ; 5.5611
7.47542 ; 5.75637 ; 4.68141 ; 5.11866
4.08664 ; 6.70317 ; -4.76927 ; 4.68871
6.70353 ; 7.85002 ; -5.59338 ; 1.46033
5.42703 ; 3.9017 ; -5.52791 ; 4.83725
4.93303 ; 2.39206 ; -5.18483 ; -3.64268
5.71056 ; 5.95936 ; 5.30815 ; 5.17752
4.67741 ; 5.84877 ; 5.17451 ; 3.42847
6.78626 ; 3.79648 ; 5.04648 ; -5.02844
4.47017 ; 6.00413 ; -5.04365 ; 5.07274
7.05789 ; 6.33308 ; 4.92974 ; 4.9332
6.00701 ; 5.77982 ; 5.32183 ; 5.23398
5.9312 ; 5.93972 ; 5.29337 ; 5.17722
7.28206 ; 3.44744 ; 4.76561 ; -4.79622
3.90978 ; 3.16576 ; -4.61802 ; -4.57394
4.45842 ; 4.59956 ; -5.06906 ; -5.28254
4.8945 ; 5.46449 ; 5.20383 ; -5.58507
8.28737 ; 5.51935 ; -1.62295 ; -5.81476
4.25747 ; 6.5065 ; -4.89587 ; 4.8318
7.12523 ; 3.47116 ; 4.85725 ; -4.82896
2.74849 ; 5.35769 ; -0.474554 ; 5.48737
5.35224 ; 5.72426 ; -5.33294 ; 5.24216
8.57176 ; 4.57849 ; 0.131683 ; -5.48959
7.89569 ; 7.10568 ; 3.72611 ; -3.67877
5.06551 ; 2.33165 ; -5.24553 ; -3.50644
7.19848 ; 5.67258 ; 4.80457 ; -5.1934
5.85899 ; 5.83449 ; 5.32847 ; 5.20328
3.86855 ; 3.18618 ; -4.58871 ; -4.58328
4.79365 ; 3.85375 ; -5.16123 ; -5.07793
8.00209 ; 7.24619 ; 3.96876 ; 4.0429
6.668 ; 4.1633 ; 5.1242 ; -5.17183
6.10149 ; 4.98235 ; -5.44481 ; -5.51502
6.21385 ; 4.3065 ; 5.27563 ; -5.25749
2.93084 ; 5.48837 ; -3.24372 ; 5.28006
4.1763 ; 3.00285 ; -4.78041 ; -4.46481
5.30918 ; 3.24661 ; -5.50803 ; 3.62091
5.85845 ; 3.8399 ; 5.45425 ; 1.29166
3.21019 ; 4.66822 ; -3.84828 ; -5.33526
7.35719 ; 3.23416 ; 4.68834 ; -4.64391
7.43831 ; 3.27451 ; 4.63863 ; -4.66172
4.20596 ; 3.58239 ; -4.87272 ; -4.89063
6.76569 ; 5.97718 ; 5.08866 ; 5.10551
7.78225 ; 4.38021 ; -2.95689 ; -5.37909
4.08159 ; 3.3877 ; -4.77155 ; -4.75866
7.09171 ; 6.23786 ; 4.91922 ; 4.97435
2.71969 ; 7.6926 ; -2.28042 ; 3.00574
7.49281 ; 6.8251 ; 4.58691 ; 4.57163
4.69434 ; 5.99129 ; -5.13534 ; 5.09763
4.95119 ; 4.8221 ; -5.26264 ; -4.32857
5.0506 ; 8.00925 ; -5.18476 ; 0.197682
6.96532 ; 3.62649 ; 4.95379 ; -4.93176
7.09352 ; 3.30513 ; 4.85428 ; 4.0079
6.68835 ; 4.08217 ; 5.10869 ; -5.14691
4.21426 ; 6.64906 ; -4.85434 ; 4.74108
5.41295 ; 4.02748 ; 5.25496 ; -5.18195
6.83173 ; 5.27817 ; 5.0906 ; 5.24574
4.83231 ; 6.67339 ; -5.13624 ; 4.7545
4.31425 ; 4.0345 ; -4.94445 ; -5.11614
7.51313 ; 5.86005 ; 4.64904 ; 5.09079
3.04523 ; 3.21214 ; 1.94095 ; -3.96377
5.13028 ; 6.30404 ; -5.24961 ; 4.96556
5.99954 ; 5.2674 ; -5.44685 ; -5.53213
7.67851 ; 7.58969 ; 4.2132 ; 3.61392
6.87242 ; 2.78885 ; 4.93133 ; -4.25528
4.03017 ; 1.98081 ; -4.50684 ; -0.0981525
5.21517 ; 5.2402 ; 5.37827 ; 5.45793
2.80076 ; 7.787 ; -2.54019 ; 2.79948
7.32062 ; 6.70876 ; 4.72732 ; 4.68246
4.16275 ; 6.55874 ; -4.83626 ; 4.79041
4.69495 ; 5.79386 ; -5.15091 ; 5.16029
7.26874 ; 3.3405 ; 4.75884 ; -4.73016
6.82331 ; 3.67352 ; -4.8428 ; -4.9645
3.68477 ; 2.64521 ; -4.15498 ; 2.67873
5.51959 ; 6.34145 ; -5.2898 ; 4.9675
5.03645 ; 3.83743 ; -5.25112 ; -4.9696
5.9323 ; 7.36236 ; -5.37988 ; 3.94845
4.46479 ; 6.31878 ; -5.01709 ; 4.94814
6.88651 ; 4.01883 ; 5.0251 ; -5.10577
4.48211 ; 3.67648 ; -5.02453 ; -4.97199
3.52285 ; 5.13429 ; -4.27121 ; 5.26636
6.11464 ; 2.21092 ; -5.67887 ; -1.96107
3.01655 ; 5.58724 ; -3.19921 ; 5.27162
2.99183 ; 3.00627 ; 1.65134 ; -4.10218
5.42263 ; 7.84763 ; -5.43413 ; 2.94038
7.09474 ; 3.60895 ; 4.88921 ; -4.90912
4.32531 ; 3.69828 ; -4.9521 ; -4.96651
4.20518 ; 4.35917 ; 4.7315 ; 5.60747
6.19524 ; 3.8351 ; 5.22598 ; -5.07383
6.76812 ; 3.87448 ; 5.06102 ; -5.06182
7.00959 ; 5.07147 ; -4.57685 ; 5.55784
6.72928 ; 6.26734 ; 5.13132 ; -4.60117
5.62633 ; 7.55145 ; 5.69808 ; -1.61081
8.52553 ; 5.59439 ; 3.04349 ; 5.25315
4.43119 ; 3.64975 ; -4.99861 ; -4.95361
4.29432 ; 3.47342 ; -4.90832 ; -4.83818
6.1993 ; 6.15057 ; 5.24501 ; 5.07801
3.9847 ; 6.76898 ; -4.69003 ; 4.62803
7.35564 ; 6.72762 ; 4.70149 ; 4.66471
7.26436 ; 7.91745 ; 4.57606 ; -0.861181
7.15201 ; 7.22406 ; -5.32755 ; -3.58533
4.9362 ; 2.36353 ; -5.31316 ; 1.15955
4.54199 ; 5.8023 ; 4.7868 ; 5.2788
6.71414 ; 3.96873 ; 5.08996 ; -5.10314
6.92194 ; 5.71322 ; 5.03397 ; 5.17316
6.82695 ; 3.8164 ; 5.03282 ; -5.03342
5.96565 ; 8.02575 ; 5.45937 ; 2.02531
4.63692 ; 3.86717 ; 4.82553 ; -5.03978
7.44412 ; 7.81368 ; -5.04139 ; -1.03275
5.21962 ; 4.4992 ; -5.41864 ; 5.23303
6.44811 ; 4.20667 ; 5.20188 ; -5.21155
4.78636 ; 5.94471 ; -5.17221 ; 5.12269
6.46184 ; 3.26709 ; 5.1245 ; -4.71601
4.54598 ; 4.38076 ; -5.10549 ; -5.2361
4.43218 ; 3.81745 ; -5.0162 ; -5.03212
5.35149 ; 5.06631 ; -5.40981 ; 5.34961
4.45524 ; 3.98474 ; -5.0383 ; -5.10398
4.59886 ; 6.30709 ; -5.07346 ; 4.96439
4.10186 ; 3.50122 ; -4.7995 ; -4.83005
3.06673 ; 5.89042 ; -3.61991 ; 5.08138
8.31248 ; 8.14479 ; 2.76345 ; 0.352236
3.54372 ; 2.61163 ; 2.67292 ; 3.03283
6.49967 ; 4.12466 ; -5.10627 ; -5.25395
5.04477 ; 4.82583 ; -5.33451 ; 5.28955
7.35387 ; 3.39334 ; 4.71273 ; -4.75322
5.4243 ; 3.80603 ; -5.30396 ; -5.07703
7.01423 ; 2.16835 ; -5.4967 ; 0.208239
4.95611 ; 6.1638 ; -5.20295 ; 5.05224
4.68142 ; 7.09779 ; -5.05027 ; 4.38938
5.03481 ; 5.84947 ; -5.37635 ; -5.12421
4.63558 ; 2.73083 ; -5.02127 ; -4.19753
5.49224 ; 4.34917 ; -5.3688 ; -5.31664
6.71549 ; 5.98492 ; 5.10986 ; 5.10637
6.96702 ; 3.79872 ; 4.97117 ; -5.01235
6.89261 ; 6.19022 ; 5.02236 ; 5.01447
3.06269 ; 6.00272 ; -3.61711 ; 5.02435
7.52228 ; 4.91652 ; 4.60392 ; -5.28684
6.7324 ; 5.68778 ; 5.1232 ; 5.19402
4.65957 ; 6.34488 ; -5.09127 ; 4.95151
5.57241 ; 4.37241 ; 5.33139 ; -5.32896
7.52622 ; 5.74996 ; -3.68736 ; 5.30062
5.80501 ; 4.74814 ; -5.43771 ; -5.45778
6.46363 ; 5.93322 ; 5.20082 ; 5.1468
2.98687 ; 7.92974 ; 2.00569 ; -0.869725
4.2334 ; 3.40168 ; 4.44766 ; -4.69344
7.49543 ; 6.68106 ; 4.60509 ; 4.67439
7.46984 ; 6.34588 ; 4.66055 ; 4.88062
4.3246 ; 3.78801 ; -4.96087 ; -5.00752
4.65607 ; 6.41626 ; -5.08555 ; 4.91381
5.3961 ; 4.49378 ; 5.54833 ; 5.43159
5.40303 ; 7.02626 ; -5.38492 ; 3.922
6.65752 ; 6.30885 ; -4.92721 ; 4.95779
4.96052 ; 5.51678 ; -5.33199 ; -5.29466
6.58041 ; 4.2775 ; 5.1656 ; -5.22036
4.21179 ; 6.48506 ; -4.87336 ; 4.83756
5.59749 ; 5.28205 ; -5.50897 ; -5.46532
4.74414 ; 6.11744 ; -5.14362 ; 5.05204
8.43041 ; 4.06191 ; 2.86637 ; -5.12215
7.3817 ; 2.08569 ; 4.48181 ; 0.571791
5.1114 ; 4.16116 ; -5.25952 ; -5.22486
7.20094 ; 3.74928 ; 4.84542 ; -4.96538
5.65808 ; 5.132 ; 5.46572 ; -5.47795
7.00291 ; 6.34435 ; 4.95398 ; 4.89339
6.30534 ; 5.91386 ; 5.24724 ; 5.16687
6.11532 ; 2.00054 ; 5.4342 ; -1.47329
7.27919 ; 3.42227 ; 4.76367 ; -4.78197
4.46825 ; 3.78757 ; -5.02936 ; -5.02277
5.63536 ; 4.18225 ; 5.32758 ; -5.23424
5.22153 ; 4.51817 ; -5.33703 ; -4.65077
4.12233 ; 8.12303 ; -4.61104 ; 1.80098
6.42312 ; 6.85308 ; 5.31437 ; -3.61824
5.45218 ; 4.29708 ; 5.52526 ; 5.33859
6.89689 ; 3.95541 ; 5.01628 ; -5.07961
5.1424 ; 4.81879 ; -5.35846 ; -5.39258
6.67674 ; 5.89923 ; -4.75862 ; 5.20861
5.15362 ; 5.1206 ; -5.38475 ; -5.39401
5.8211 ; 6.20638 ; 5.2923 ; 5.05894
6.98531 ; 6.60335 ; 4.93519 ; 4.79194
5.00431 ; 7.08409 ; -5.17129 ; 4.39967
5.05854 ; 7.20634 ; -5.19804 ; 4.26093
3.61124 ; 6.3132 ; 2.85201 ; 4.91792
6.94737 ; 3.89292 ; 4.98917 ; -5.05235
5.83514 ; 2.10428 ; -5.72431 ; -0.33295
5.10837 ; 5.28857 ; 5.2871 ; 5.45366
5.16609 ; 6.10655 ; -5.25897 ; 5.08579
7.14206 ; 3.64652 ; 4.86929 ; -4.92233
6.67722 ; 6.65013 ; 5.06744 ; 4.78087
7.52483 ; 3.06126 ; -4.06701 ; -4.31932
5.48916 ; 7.94673 ; -5.52902 ; 2.11375
5.7634 ; 3.16946 ; -5.27549 ; -4.61843
6.59918 ; 5.95622 ; 5.15484 ; 5.12665
6.96388 ; 2.14511 ; -5.56807 ; 0.194434
4.82575 ; 5.89713 ; -5.1756 ; 5.14175
7.13684 ; 3.65287 ; 4.87228 ; -4.92563
4.63443 ; 4.08644 ; -5.12491 ; -5.15721
6.04712 ; 5.88781 ; 5.30292 ; 5.19235
6.94924 ; 6.2481 ; 4.99187 ; 4.98424
4.10089 ; 6.3075 ; 4.82726 ; -5.33548
3.60727 ; 4.30639 ; -4.41209 ; -5.18186
4.86955 ; 2.4929 ; -5.21095 ; -2.43463
4.79195 ; 4.42914 ; -5.21243 ; -5.27699
6.37556 ; 6.2716 ; 5.19059 ; 5.01343
5.8188 ; 5.44332 ; 3.36026 ; -5.42618
6.56933 ; 6.19837 ; 5.14128 ; 5.03744
4.14302 ; 6.4191 ; -4.83885 ; 4.86453
8.23256 ; 2.6965 ; 3.21331 ; 3.10338
7.79823 ; 4.26533 ; -3.06213 ; -5.33904
7.14789 ; 3.56451 ; 4.85661 ; -4.87974
6.75077 ; 3.90973 ; 5.07064 ; -5.07701
4.71214 ; 3.74668 ; -5.12437 ; -5.02357
5.83174 ; 4.12898 ; 5.31412 ; -5.21635
4.22952 ; 3.42081 ; 5.05435 ; 3.0902
7.64292 ; 5.73436 ; 4.42263 ; 5.16961
7.18659 ; 3.20578 ; -4.24537 ; -4.46739
3.98272 ; 5.23676 ; -3.73726 ; 5.35362
7.24384 ; 3.72424 ; 4.81795 ; -4.94916
5.94899 ; 6.14951 ; 5.28501 ; 5.08601
7.31579 ; 3.32189 ; 4.72718 ; -4.71187
6.96202 ; 6.54274 ; 4.95304 ; 4.83158
5.32247 ; 3.89831 ; 5.21794 ; -5.11109
3.17845 ; 2.69744 ; 2.63644 ; -3.54345
6.31294 ; 6.68833 ; 5.33929 ; -2.29903
3.90649 ; 4.51974 ; -4.61974 ; 5.19059
7.50732 ; 3.22977 ; 4.58105 ; -4.61892
4.66644 ; 5.53649 ; -5.18768 ; -5.25461
6.77389 ; 6.17424 ; 5.07181 ; 5.0327
6.9446 ; 6.42754 ; 4.97492 ; 4.89835
4.35955 ; 6.47179 ; -4.95186 ; 4.86125
5.30754 ; 8.02768 ; -5.49547 ; 1.09983
8.37933 ; 6.14441 ; 3.50215 ; 4.93621
6.43997 ; 5.62286 ; 5.23642 ; 5.23409
5.18886 ; 5.40777 ; -5.417 ; -5.36704
6.15173 ; 2.07743 ; 5.41037 ; -1.71736
6.88749 ; 5.7304 ; 5.05197 ; 5.16868
2.9004 ; 6.15218 ; -3.24117 ; 4.94243
5.63917 ; 7.97832 ; -2.97049 ; 2.66584
6.69931 ; 6.48816 ; 5.07183 ; 4.88314
6.0006 ; 6.97934 ; 5.53233 ; -3.30522
3.212 ; 2.50401 ; 2.48126 ; -3.07401
6.21835 ; 4.26712 ; 5.27608 ; -5.10489
7.10587 ; 6.31504 ; 4.9059 ; 4.93658
4.30479 ; 6.54358 ; -4.916 ; 4.81611
5.62567 ; 2.42663 ; -5.57097 ; -1.81488
8.1343 ; 4.82931 ; -1.92226 ; -5.6283
7.7551 ; 4.56325 ; 4.399 ; -5.24173
4.36812 ; 6.23889 ; -4.97885 ; 4.97429
5.45461 ; 5.37052 ; -5.38711 ; 5.34311
5.47619 ; 4.825 ; -5.45488 ; 5.21909
4.4532 ; 3.72805 ; -5.01678 ; -4.99434
6.64098 ; 4.10786 ; 5.0342 ; -5.1606
7.45737 ; 6.80157 ; 4.61747 ; 4.5955
5.41356 ; 4.39871 ; -5.37144 ; -5.32885
6.16625 ; 7.21194 ; 5.28271 ; 3.73852
7.12833 ; 6.49685 ; 4.87373 ; 4.83946
4.33155 ; 6.13124 ; -4.96819 ; 5.01349
5.91114 ; 4.51508 ; -5.39988 ; -5.40243
4.64637 ; 6.63008 ; -5.0655 ; 4.78376
7.35686 ; 3.68717 ; -3.6412 ; -4.94136
4.55147 ; 6.31268 ; -5.05361 ; 4.95932
6.66725 ; 3.99003 ; 5.10688 ; -5.11559
5.14576 ; 3.76787 ; -5.26695 ; -5.02826
4.08962 ; 3.42586 ; -4.78168 ; -4.78369
5.32184 ; 6.22946 ; -5.27525 ; 5.03134
5.00657 ; 3.816 ; -5.22394 ; -5.07151
7.13622 ; 3.4481 ; 4.84873 ; -4.8141
2.76152 ; 6.34264 ; -0.608634 ; -5.47836
6.17487 ; 6.96438 ; 5.21895 ; 4.52783
8.63271 ; 2.5514 ; 0.738196 ; 2.61954
5.26721 ; 5.51325 ; -5.45069 ; -5.35327
2.99306 ; 2.81336 ; -3.34196 ; -3.98148
8.56408 ; 4.42751 ; -0.182383 ; -5.41142
8.0772 ; 4.74933 ; 3.97136 ; -5.28516
4.55857 ; 3.16039 ; -5.0047 ; -4.6318
6.23292 ; 2.51976 ; 5.27963 ; -3.68225
4.83176 ; 5.5433 ; -5.21574 ; 5.2385
5.153 ; 2.27496 ; -5.33838 ; -3.05613
5.51058 ; 5.39779 ; -5.39278 ; -5.43715
4.90969 ; 5.19546 ; 5.21239 ; 5.49504
5.56967 ; 4.9784 ; -5.38607 ; -5.4671
7.08674 ; 6.4546 ; 4.9009 ; 4.86729
6.32381 ; 5.26214 ; -5.36467 ; -5.5909
4.53239 ; 5.10129 ; -5.08529 ; 5.25233
6.02193 ; 5.63452 ; 5.30384 ; 5.26747
5.48047 ; 5.74436 ; 5.33888 ; 5.27773
4.37039 ; 6.12708 ; -4.98823 ; 5.01909
7.76294 ; 4.5184 ; -3.0866 ; -5.47575
6.67841 ; 5.44665 ; -5.04182 ; 5.41924
5.7162 ; 5.03009 ; -5.48609 ; -5.49586
6.34548 ; 5.90109 ; 5.22249 ; 5.16777
6.14626 ; 3.61745 ; -5.29261 ; -4.93474
3.42144 ; 5.90315 ; -4.18677 ; 5.06375
4.0064 ; 4.69517 ; 3.9384 ; -5.53216
5.90264 ; 4.93426 ; 5.37795 ; -5.41542
7.39171 ; 3.39582 ; 4.68815 ; -4.74951
5.94625 ; 5.13554 ; -5.43813 ; 5.40596
5.44437 ; 5.48395 ; -5.37692 ; 5.31795
6.8276 ; 4.06703 ; 5.05392 ; -5.12729
2.92363 ; 4.47695 ; 0.88423 ; 5.70734
4.26466 ; 4.27312 ; -4.93067 ; -5.19414
4.43626 ; 7.85832 ; 5.34433 ; 2.07751
6.30008 ; 4.10552 ; -5.24945 ; -5.22899
6.12374 ; 6.49521 ; -5.60188 ; -1.97078
6.48285 ; 6.0598 ; 5.18184 ; 5.09962
5.86052 ; 4.57971 ; 5.36426 ; -5.37344
6.67509 ; 3.12626 ; 5.0379 ; -4.59938
4.67603 ; 3.21374 ; -5.06073 ; -4.68208
7.25886 ; 3.4831 ; 4.78343 ; -4.81951
7.33383 ; 3.44063 ; 4.73235 ; -4.785
4.22446 ; 6.40056 ; -4.889 ; 4.88272
4.38192 ; 6.46619 ; -4.96324 ; 4.86631
6.79659 ; 6.49725 ; 5.03229 ; 4.87202
6.85464 ; 5.2403 ; 5.07886 ; 5.24768
3.75363 ; 4.01116 ; -4.56716 ; -5.05565
3.8722 ; 2.93562 ; -4.41882 ; 3.38968
3.61289 ; 5.66222 ; 3.11781 ; 5.36089
6.49675 ; 4.56826 ; 5.20489 ; -5.30484
3.89351 ; 6.86989 ; -4.60525 ; 4.53642
6.65932 ; 4.52835 ; -5.01443 ; -5.44803
2.9699 ; 2.19813 ; 2.24564 ; -2.10219
4.61324 ; 7.80264 ; 5.40997 ; 2.70002
6.17455 ; 5.42832 ; 5.32808 ; 5.31132
6.63254 ; 3.55025 ; 5.0827 ; -4.90821
4.2698 ; 4.25999 ; -4.95356 ; -5.18494
6.71895 ; 6.09327 ; 5.09903 ; 5.06825
4.4223 ; 7.043 ; -4.9298 ; 4.43619
4.65062 ; 6.88413 ; -5.05498 ; 4.58695
7.29886 ; 3.52751 ; 4.76506 ; -4.83956
4.35171 ; 6.32233 ; -4.96353 ; 4.93542
3.34722 ; 3.90383 ; 2.65386 ; 5.56147
3.97202 ; 3.98972 ; -4.74893 ; -5.06204
2.85404 ; 4.13662 ; -0.109702 ; -5.20886
6.85302 ; 5.86049 ; 5.06212 ; 5.13437
6.27573 ; 2.71706 ; 5.21043 ; -4.13288
6.08057 ; 4.99719 ; 5.39467 ; 5.36599
6.47101 ; 4.43929 ; 0.077674 ; 5.36804
5.54332 ; 5.67279 ; -5.54205 ; -5.36939
8.77674 ; 6.6767 ; 2.10545 ; 4.46559
5.22188 ; 5.50574 ; 5.32437 ; 5.38191
6.92229 ; 6.72932 ; 4.94896 ; 4.71131
4.01554 ; 3.36276 ; -4.72565 ; -4.73374
5.46561 ; 6.32789 ; -5.30362 ; 4.96328
4.26541 ; 6.49911 ; -4.90025 ; 4.83615
7.03477 ; 3.81866 ; 4.94173 ; -5.01277
5.19555 ; 5.79399 ; 5.25154 ; 5.26859
4.30332 ; 6.43942 ; -4.927 ; 4.87202
3.64533 ; 6.25433 ; 3.04647 ; 4.96711
5.69401 ; 4.25603 ; 5.31403 ; -5.27746
6.07505 ; 4.7101 ; 5.34686 ; -5.37765
5.21583 ; 6.99359 ; -5.23786 ; 4.4824
8.64413 ; 5.10039 ; 0.560713 ; 5.59024
5.02543 ; 4.369 ; -5.284 ; -5.28687
3.74241 ; 6.85503 ; 2.68608 ; 4.4223
3.91056 ; 6.81263 ; -4.62773 ; 4.58394
3.13838 ; 7.07136 ; -2.95069 ; -4.11746
7.41383 ; 6.75464 ; 4.65678 ; 4.63709
7.56352 ; 6.90573 ; 4.51606 ; 4.49394
4.54325 ; 3.64978 ; -5.04846 ; -4.96325
6.66393 ; 6.13368 ; 5.11463 ; 5.0578
4.29239 ; 6.21486 ; -4.94159 ; 4.97846
4.44852 ; 7.79312 ; 5.26354 ; 2.70375
4.02288 ; 4.40015 ; -4.79614 ; -5.20792
6.01208 ; 4.774 ; 5.37015 ; -5.39525
4.96573 ; 4.47107 ; -5.27605 ; -5.30591
5.35314 ; 4.95383 ; -5.41023 ; 5.35889
6.67472 ; 4.61038 ; 5.14921 ; -5.27966
3.94843 ; 2.924 ; 4.28571 ; -4.06989
6.80534 ; 6.14722 ; 5.06226 ; 5.04024
4.31293 ; 3.74535 ; -4.95078 ; -4.98721
6.51474 ; 2.39063 ; -5.76638 ; 1.24638
7.26126 ; 6.5471 ; 4.78775 ; 4.79367
6.90932 ; 3.01961 ; 4.92811 ; -4.49693
6.56876 ; 5.04649 ; 5.15507 ; -5.35862
8.55051 ; 4.6173 ; 0.877406 ; 5.48804
6.31029 ; 4.38712 ; 5.35372 ; 5.19049
6.8938 ; 3.84546 ; 5.00824 ; -5.03931
4.59177 ; 8.09666 ; -5.01552 ; 1.93523
6.9355 ; 6.18687 ; 5.0038 ; 5.01119
6.67227 ; 4.23682 ; 5.12244 ; -5.20012
5.10108 ; 2.89383 ; 5.67323 ; 1.39074
5.37461 ; 6.86203 ; -5.56738 ; -3.90918
4.03431 ; 6.67623 ; -4.73804 ; 4.69984
4.31789 ; 6.40351 ; -4.93814 ; 4.89179
3.96624 ; 3.27256 ; -4.67789 ; -4.66472
4.60493 ; 3.98452 ; -5.10498 ; -5.11744
4.43275 ; 7.45362 ; 5.09318 ; 3.56136
6.13611 ; 2.46661 ; 5.46862 ; 1.02118
4.90276 ; 6.21577 ; 4.89723 ; 5.02433
5.16878 ; 2.74672 ; -5.45264 ; 2.27183
4.94874 ; 4.5912 ; -5.27992 ; -5.32883
4.26037 ; 6.58187 ; -4.88843 ; 4.78856
7.42397 ; 3.31771 ; 4.65537 ; -4.69376
7.03782 ; 5.74158 ; 4.00523 ; -5.34116
4.653 ; 4.1171 ; -5.13396 ; -5.16855
4.5567 ; 4.21194 ; -5.09539 ; -5.19318
8.78141 ; 6.92674 ; 0.290584 ; 4.1629
8.14922 ; 5.07351 ; -1.7906 ; -5.71573
2.78231 ; 2.96385 ; -0.749392 ; -4.07105
5.94587 ; 7.91612 ; 5.4279 ; 2.72245
7.99337 ; 4.4264 ; -1.90823 ; -5.41937
4.26647 ; 6.11294 ; -4.93338 ; 5.01719
2.66354 ; 5.64607 ; -1.32948 ; 5.30998
7.20954 ; 4.55467 ; -4.66925 ; 5.63678
7.46637 ; 3.22648 ; 4.61131 ; -4.62317
4.61576 ; 7.30977 ; -5.03003 ; 4.11392
4.21466 ; 7.15945 ; -4.79369 ; -3.30107
5.26767 ; 4.49892 ; -5.35773 ; -5.34595
7.26019 ; 6.61871 ; 4.77915 ; 4.75043
4.56775 ; 6.14577 ; -5.07444 ; 5.03058
8.17624 ; 4.84439 ; 3.76637 ; 5.36659
5.24462 ; 5.7087 ; -5.31731 ; 5.23859
6.26924 ; 5.28306 ; 5.31047 ; 5.3218
7.94663 ; 4.00334 ; 4.18269 ; -5.05089
4.41417 ; 7.60354 ; 5.50822 ; -1.40259
3.96951 ; 2.07091 ; 4.93148 ; -1.01474
7.35976 ; 3.16978 ; 4.67791 ; -4.59351
3.40533 ; 6.00306 ; 2.58067 ; -5.67154
6.77403 ; 4.60606 ; 5.10549 ; -5.26219
7.07473 ; 6.61311 ; 4.88798 ; 4.77688
4.2664 ; 3.12196 ; 5.22716 ; 4.22552
5.34332 ; 7.5951 ; 5.45567 ; 3.52348
4.56464 ; 6.02614 ; -5.081 ; 5.07499
5.45984 ; 2.22645 ; 5.53559 ; -2.92607
5.32389 ; 7.00267 ; 5.46729 ; 3.65274
4.23809 ; 3.6097 ; -4.89448 ; -4.90965
5.52469 ; 7.78241 ; -5.56348 ; 1.59564
4.56439 ; 5.28483 ; -5.1321 ; -5.30065
5.96215 ; 5.97619 ; 5.30438 ; 5.16215
4.53161 ; 6.67508 ; -5.01292 ; 4.74872
6.84184 ; 2.27289 ; 5.00731 ; 0.808059
6.57958 ; 4.55361 ; 5.1842 ; -5.28912
4.64018 ; 3.35213 ; 1.8469 ; 4.30634
4.33642 ; 4.289 ; 5.00031 ; 5.47648
4.94474 ; 6.08198 ; -5.20721 ; 5.08591
4.85179 ; 3.98835 ; -5.19333 ; -5.13838
6.66389 ; 5.20812 ; -3.6157 ; 5.45005
6.31066 ; 6.2894 ; 5.20226 ; 5.00677
8.73032 ; 3.58461 ; 1.82723 ; -4.76247
7.92587 ; 5.90274 ; 4.23502 ; 5.06067
5.46337 ; 5.49361 ; 5.52978 ; -5.46825
4.32788 ; 6.22331 ; -4.95983 ; 4.97752
5.88395 ; 4.41779 ; 5.34232 ; -5.32462
7.37546 ; 3.7477 ; 4.73171 ; -4.9451
7.00182 ; 3.98677 ; 4.97031 ; -5.08272
4.41456 ; 3.27125 ; -4.94686 ; -4.71117
2.88168 ; 6.08052 ; -3.20812 ; 4.9758
4.37413 ; 6.53827 ; -4.95146 ; 4.82585
7.39575 ; 3.3049 ; 4.67257 ; -4.68922
4.17332 ; 6.65615 ; -4.8297 ; 4.7313
5.51158 ; 2.06007 ; 5.52056 ; -0.569766
2.55136 ; 7.22083 ; -1.08542 ; 3.76323
4.92752 ; 2.03182 ; -5.27994 ; -0.723374
4.56459 ; 3.86169 ; -5.07786 ; -5.06337
7.03858 ; 3.78491 ; 4.93649 ; -4.99871
3.25339 ; 4.69317 ; -3.78645 ; 5.37071
3.53887 ; 5.09125 ; -4.29378 ; -5.33055
7.15893 ; 3.58971 ; 4.85379 ; -4.89165
7.39007 ; 3.29098 ; 4.6742 ; -4.68079
6.54304 ; 3.77464 ; 5.12732 ; -5.03227
6.70116 ; 6.23271 ; 5.09256 ; 5.01356
4.81284 ; 5.26044 ; -5.20491 ; 5.28759
5.82978 ; 5.02304 ; -5.48864 ; -5.45024
6.53379 ; 4.58648 ; 5.24607 ; 5.21726
8.39594 ; 2.80307 ; 3.20416 ; -2.71198
7.57477 ; 6.35365 ; 4.57462 ; 4.86554
6.41289 ; 1.98645 ; 5.27251 ; -1.41603
7.12422 ; 6.46101 ; 4.88032 ; 4.85935
4.57711 ; 5.91919 ; -5.09524 ; 5.11001
5.89036 ; 5.22354 ; -5.42893 ; 5.42431
4.96176 ; 5.78571 ; -5.2411 ; 5.18785
4.64754 ; 4.41337 ; -5.15324 ; -5.25674
6.63123 ; 6.53423 ; 5.0935 ; 4.85843
2.89331 ; 7.94205 ; 1.85167 ; -0.700278
8.73288 ; 5.87301 ; 1.67564 ; 5.15197
4.3732 ; 4.13786 ; -5.0093 ; -5.14882
5.02644 ; 4.47085 ; 5.17986 ; -5.39463
5.46681 ; 7.76792 ; -5.6075 ; -0.537419
4.18686 ; 6.53713 ; -4.85262 ; 4.80582
6.74676 ; 3.07733 ; 5.00614 ; -4.55497
4.56631 ; 3.46185 ; -5.04018 ; -4.85463
4.8485 ; 5.02844 ; -5.24662 ; 5.27965
7.34439 ; 5.87016 ; 4.76603 ; 4.80888
5.20985 ; 5.30491 ; -5.3494 ; 5.29278
4.53765 ; 6.30118 ; -5.04988 ; 4.96301
5.11615 ; 4.27372 ; -5.3001 ; -5.25295
4.36461 ; 1.95578 ; -4.82244 ; -0.535905
7.14343 ; 3.63363 ; 4.86713 ; -4.91614
6.58838 ; 5.74621 ; 5.17564 ; 5.19355
6.16996 ; 5.57575 ; -5.20728 ; 5.33982
7.49196 ; 6.5744 ; 4.62184 ; 4.74676
4.1887 ; 5.31458 ; -4.89292 ; 5.21841
3.20548 ; 4.22844 ; -3.89475 ; -5.14713
5.43712 ; 2.59409 ; -5.54251 ; 0.0836732
7.98305 ; 4.28132 ; 3.9836 ; 5.25209
4.86605 ; 5.35793 ; -5.23953 ; 5.25296
4.07212 ; 7.72211 ; -4.62672 ; 3.41211
6.46814 ; 7.96308 ; -5.76236 ; 0.549463
5.3663 ; 5.9925 ; -5.30437 ; 5.14209
6.73311 ; 7.41221 ; -5.26333 ; 3.52817
8.35089 ; 4.21203 ; 3.49373 ; -5.17013
7.44649 ; 3.25043 ; 4.62907 ; -4.64353
5.16335 ; 4.88511 ; -5.35687 ; 5.33539
7.36816 ; 3.89758 ; 4.74372 ; -4.99971
6.81355 ; 6.30818 ; 5.04358 ; 4.96969
4.63451 ; 5.27699 ; -5.1696 ; -5.31845
6.91498 ; 3.93029 ; 5.00659 ; -5.0695
4.98988 ; 2.98408 ; -5.17754 ; -4.44824
7.57809 ; 4.8098 ; -3.65934 ; -5.60601
6.78213 ; 6.41426 ; 5.04655 ; 4.91851
6.55839 ; 4.60343 ; 5.23454 ; 5.22705
7.2037 ; 6.17154 ; 4.85978 ; 4.99114
2.96648 ; 7.40404 ; -3.21123 ; 3.69537
5.17895 ; 7.31486 ; 5.77074 ; -2.73329
6.9237 ; 6.30653 ; 4.99753 ; 4.96023
4.03558 ; 6.66114 ; -4.74079 ; 4.70952
4.57884 ; 6.56037 ; -3.3277 ; -4.72519
4.9679 ; 4.4809 ; -5.277 ; -5.31005
6.93177 ; 3.68389 ; 4.97483 ; -4.96347
4.00936 ; 3.29776 ; -4.71208 ; -4.68939
4.40615 ; 6.86361 ; 5.38206 ; -4.42213
6.04422 ; 6.02669 ; 5.27328 ; 5.13725
4.98466 ; 2.26527 ; -5.3396 ; 0.786611
4.23858 ; 5.43859 ; -4.92372 ; 5.21178
7.12455 ; 5.29384 ; 4.62626 ; -5.38287
6.37245 ; 3.98521 ; 5.20035 ; -5.13465
4.88126 ; 5.06301 ; -5.25898 ; 5.27687
2.89167 ; 4.18882 ; 0.622088 ; -5.25128
3.67733 ; 5.8984 ; 3.33956 ; 5.22139
4.90391 ; 5.99261 ; -5.20351 ; 5.11649
3.24638 ; 3.06817 ; -3.26504 ; 3.37642
8.67409 ; 2.04239 ; 1.07869 ; 0.83706
6.65475 ; 7.01029 ; 5.05066 ; 4.48853
6.08379 ; 4.69202 ; 5.34481 ; -5.37384
6.26018 ; 4.63573 ; 5.29348 ; -5.34181
5.71308 ; 5.95925 ; -5.34566 ; 5.13671
2.93131 ; 3.63922 ; -3.36496 ; -4.78719
6.04088 ; 4.27868 ; -5.21199 ; 5.33629
7.02554 ; 3.68172 ; 4.93228 ; -4.95294
4.96612 ; 7.95108 ; 5.77256 ; 0.168689
4.3342 ; 3.7447 ; -4.91638 ; 4.61763
4.45069 ; 6.10889 ; -5.02837 ; 5.03385
4.79397 ; 4.26588 ; -5.2367 ; 5.04805
5.62598 ; 5.7164 ; -5.35601 ; 5.26188
6.26057 ; 5.3272 ; 5.31376 ; 5.2954
5.62108 ; 5.50376 ; -5.38622 ; 5.32969
4.40042 ; 4.70296 ; 4.70848 ; -5.52157
7.0787 ; 4.91148 ; 4.92824 ; -5.30825
6.71057 ; 3.86928 ; 5.08071 ; -5.06478
6.36109 ; 4.12894 ; -5.17858 ; -5.25305
3.45395 ; 6.93033 ; -4.1544 ; 4.4031
5.37052 ; 6.69791 ; 5.18857 ; 4.71408
5.39614 ; 5.89406 ; -5.52053 ; -5.21616
6.9203 ; 4.08873 ; 5.01503 ; -5.12303
4.95284 ; 3.97401 ; -5.22361 ; -5.14004
6.21686 ; 5.32582 ; 5.31794 ; 5.18049
5.82731 ; 4.74821 ; 5.08507 ; 5.39656
4.70921 ; 5.38521 ; -5.17611 ; 5.24663
6.8395 ; 3.85077 ; 5.02958 ; -5.04638
6.81029 ; 6.19137 ; 5.0567 ; 5.02225
4.58114 ; 5.23189 ; -5.11952 ; 5.24567
2.72135 ; 2.19044 ; -0.324707 ; 1.28208
5.55391 ; 4.48668 ; 5.34977 ; -5.37011
4.91817 ; 4.29919 ; -5.29525 ; 5.02442
4.75851 ; 3.95931 ; -5.15908 ; -5.11999
8.45996 ; 6.1828 ; 1.70487 ; -5.48045
6.45851 ; 5.1031 ; 5.26016 ; 5.30501
7.30625 ; 6.53066 ; 4.76027 ; 4.79763
6.74397 ; 3.83732 ; 5.06436 ; -5.04928
6.92447 ; 6.6901 ; 4.95365 ; 4.73746
7.9212 ; 5.50377 ; -2.37464 ; -5.76587
4.65659 ; 3.59124 ; -5.08907 ; -4.93863
5.16254 ; 4.19747 ; 5.57666 ; 5.3405
7.26875 ; 3.44723 ; 4.773 ; -4.79798
5.07102 ; 4.14185 ; -5.27462 ; -5.21611
4.7712 ; 3.87185 ; -5.15538 ; -5.08431
6.40162 ; 7.42389 ; -5.15828 ; 3.77342
4.97452 ; 5.22477 ; -5.28711 ; 5.29533
7.61451 ; 7.04571 ; 4.27192 ; -3.72016
4.50397 ; 6.3809 ; -5.02768 ; 4.92233
4.62307 ; 6.29859 ; -5.08173 ; 4.97085
5.41018 ; 5.66119 ; 5.36836 ; 5.21252
5.41473 ; 4.30832 ; -5.35988 ; -5.29824
7.0898 ; 3.41725 ; 4.86981 ; -4.79916
6.99068 ; 3.7079 ; 4.95109 ; -4.96895
4.76578 ; 6.04105 ; -5.15708 ; 5.08752
6.33844 ; 5.77867 ; 5.33656 ; -5.08395
6.99272 ; 3.6801 ; 4.94723 ; -4.95568
6.76852 ; 3.8651 ; 5.06028 ; -5.05781
2.79718 ; 5.22251 ; 0.0616593 ; 5.55982
7.05116 ; 3.77775 ; 4.93 ; -4.99414
4.0428 ; 3.17565 ; -4.6303 ; 3.76891
6.87146 ; 7.21327 ; 4.92899 ; 4.26476
6.67484 ; 4.73711 ; 5.16927 ; 5.15324
6.56432 ; 6.0237 ; 5.16002 ; 5.10746
4.64788 ; 6.12802 ; -5.1073 ; 5.04537
6.776 ; 5.95886 ; 5.08886 ; 5.10856
4.51442 ; 6.12405 ; -5.0547 ; 5.03521
5.14399 ; 5.01312 ; -5.3724 ; -5.37143
6.81436 ; 6.31079 ; 5.0429 ; 4.96892
7.22657 ; 2.46683 ; 4.68738 ; 1.47983
7.72445 ; 6.7863 ; 4.37286 ; 4.56388
5.56823 ; 3.64068 ; 5.40068 ; -3.79421
4.9829 ; 4.54681 ; 5.43123 ; 5.51994
8.58867 ; 8.11536 ; 1.62098 ; 0.367981
7.09556 ; 3.65401 ; 4.89388 ; -4.93135
6.05756 ; 2.36251 ; 5.50356 ; 1.11856
6.5317 ; 5.9657 ; 5.17569 ; 5.12989
7.43759 ; 5.21605 ; 4.69985 ; 5.24521
3.73626 ; 2.6251 ; 3.90093 ; 3.01321
6.69625 ; 3.89324 ; 5.08816 ; -5.07505
6.28586 ; 7.93126 ; 5.27956 ; 2.71503
7.11261 ; 3.22103 ; 4.83701 ; -4.65763
7.58678 ; 3.11364 ; 4.49653 ; -4.51276
5.08497 ; 5.67465 ; -5.28567 ; 5.23269
3.26788 ; 3.36115 ; 2.80241 ; 1.63524
6.6606 ; 6.31501 ; 5.09845 ; 4.97772
6.0125 ; 5.49032 ; -5.35275 ; 5.36617
5.03514 ; 5.4102 ; 5.2597 ; 5.42594
5.67674 ; 4.82444 ; -5.47705 ; 5.41428
5.81427 ; 3.95972 ; 5.28553 ; -5.14349
3.6392 ; 4.89279 ; 2.79647 ; -5.6206
6.71723 ; 5.88008 ; 5.11697 ; 5.13909
5.34032 ; 5.96901 ; -5.50211 ; -5.03511
4.82144 ; 4.43757 ; -5.22365 ; -5.28275
4.57919 ; 6.05476 ; -5.06921 ; 5.06801
6.01603 ; 3.27662 ; 5.52292 ; 3.77942
4.38789 ; 4.82268 ; 4.55945 ; -5.55886
4.31228 ; 2.75149 ; -4.83469 ; -4.20767
5.49193 ; 4.95816 ; -5.45127 ; -5.45632
6.94482 ; 5.51846 ; 5.02724 ; 5.2183
4.94063 ; 6.84829 ; -5.16189 ; 4.62247
6.96859 ; 3.84595 ; 4.97525 ; -5.0316
4.8927 ; 5.52785 ; -5.3009 ; -5.25569
7.69564 ; 7.84193 ; -0.378977 ; -1.5071
8.02993 ; 6.13826 ; 4.10056 ; 4.94388
4.869 ; 4.82265 ; -5.2629 ; 5.26081
7.06946 ; 6.48959 ; 4.90557 ; 4.85059
6.92366 ; 6.52026 ; 4.97353 ; 4.84844
4.19449 ; 3.44261 ; -4.84739 ; -4.80771
4.65501 ; 7.89043 ; -5.05164 ; 2.96402
4.33902 ; 3.59117 ; -4.94616 ; -4.91222
3.83772 ; 6.889 ; -4.5566 ; 4.51135
4.66233 ; 5.76021 ; 4.91911 ; 5.29794
5.65933 ; 5.94889 ; -5.32252 ; 5.1708
6.33295 ; 4.50692 ; 5.2642 ; -5.307
4.49188 ; 4.42515 ; 5.1303 ; 5.59433
4.72107 ; 4.4478 ; -5.18623 ; -5.27356
4.25639 ; 4.32245 ; -4.9506 ; -5.19513
3.92732 ; 4.96975 ; 4.01322 ; -5.6321
3.12629 ; 7.83702 ; -3.35617 ; 2.89595
6.86571 ; 5.05609 ; 5.05365 ; -5.07501
3.77149 ; 3.13826 ; -4.49687 ; -4.52693
7.81078 ; 4.70862 ; 4.32862 ; -5.26533
6.51716 ; 6.59202 ; 5.12692 ; 4.82617
4.93782 ; 4.40501 ; 5.11013 ; -5.37162
5.4576 ; 5.61034 ; 5.34646 ; 5.32676
4.83786 ; 3.76777 ; -5.16928 ; -5.03974
7.12006 ; 3.79385 ; 4.89211 ; -4.99498
4.58645 ; 3.71586 ; -5.07256 ; -4.99989
7.09178 ; 3.52953 ; 4.88181 ; -4.86684
4.79413 ; 2.34615 ; -5.10644 ; -3.57716
6.82903 ; 4.26095 ; -4.75165 ; -5.32768
2.77928 ; 3.39494 ; -0.597683 ; 4.99656
6.6389 ; 3.84325 ; -5.00903 ; -5.07914
2.85851 ; 3.52123 ; 0.863511 ; -4.69882
5.15268 ; 4.77611 ; -5.3578 ; -5.38314
5.46884 ; 5.99333 ; -5.31321 ; 5.14562
5.38802 ; 4.22005 ; -5.49174 ; 5.12643
6.27406 ; 2.78858 ; 5.41063 ; 2.71635
4.99651 ; 5.956 ; -5.23373 ; 5.13679
5.33338 ; 4.70679 ; -5.39086 ; -5.39788
4.13622 ; 3.53329 ; -4.82476 ; -4.8532
5.37033 ; 5.31475 ; 5.37747 ; 5.42399
4.0625 ; 3.443 ; -4.76686 ; -4.79025
2.8067 ; 5.43459 ; -1.50733 ; 5.39376
5.54499 ; 4.3013 ; -5.36996 ; -5.3032
5.27779 ; 4.81834 ; -5.39122 ; -5.37849
4.26935 ; 4.72821 ; -4.9631 ; -5.28217
2.77092 ; 4.62229 ; -1.30499 ; -5.47428
4.17404 ; 3.51731 ; -4.84523 ; -4.84935
4.76078 ; 6.81964 ; -5.10154 ; 4.64446
4.59778 ; 6.27795 ; -5.07536 ; 4.97765
4.69268 ; 5.81028 ; -5.14909 ; 5.15485
5.08997 ; 3.48943 ; -5.14268 ; -4.87158
8.59011 ; 6.47366 ; -0.514525 ; 4.69376
5.04319 ; 4.27495 ; -5.28015 ; -5.26029
7.99267 ; 2.6775 ; 3.78676 ; 0.512328
6.42993 ; 6.18549 ; 5.3042 ; -4.7475
7.45068 ; 3.93415 ; -3.94071 ; -5.12992
7.37098 ; 3.3527 ; 4.6959 ; -4.72488
5.19433 ; 5.07449 ; 5.39536 ; 5.49099
6.56414 ; 5.12016 ; 5.21667 ; 5.29055
5.08887 ; 4.25056 ; -5.37961 ; 5.09057
8.14392 ; 2.4766 ; 3.67988 ; -3.58683
7.68924 ; 5.49328 ; -3.13993 ; 5.43427
4.13149 ; 2.16178 ; 5.22295 ; -0.164885
4.3061 ; 3.67195 ; -4.93918 ; -4.95121
5.31951 ; 4.05826 ; -5.48147 ; 4.97709
4.86282 ; 4.34402 ; -5.22998 ; -5.2635
4.38257 ; 3.76482 ; -4.98733 ; -5.00379
6.1566 ; 6.47905 ; 5.0891 ; 4.89536
7.00389 ; 3.95248 ; 4.96718 ; -5.07001
6.35526 ; 6.08004 ; 5.21642 ; 5.09982
3.89092 ; 6.80511 ; -4.41592 ; -4.24654
4.07164 ; 3.37413 ; -4.7638 ; -4.74888
4.39451 ; 3.7317 ; -4.98921 ; -4.98626
3.89907 ; 3.89205 ; -4.55826 ; 4.74343
4.64139 ; 6.38884 ; -5.08131 ; 4.92852
5.09152 ; 4.36144 ; 5.20434 ; -5.34697
7.08281 ; 3.54562 ; 4.88806 ; -4.87646
8.53153 ; 6.13679 ; 3.13532 ; 4.93096
6.75825 ; 6.68941 ; 5.10038 ; -3.62345
6.70462 ; 6.89196 ; -5.61064 ; -4.29753
5.5624 ; 4.16581 ; -5.35161 ; -5.25121
7.49325 ; 3.15846 ; 4.58006 ; -4.56575
7.4971 ; 6.89344 ; 4.57206 ; 4.51598
4.29785 ; 6.19912 ; -4.94621 ; 4.98453
4.28819 ; 6.16283 ; -4.94325 ; 4.99869
5.29465 ; 5.27266 ; 5.39804 ; 5.42169
6.80179 ; 6.01678 ; 5.07466 ; 5.08796
7.22069 ; 3.52365 ; 4.81078 ; -4.84768
3.8439 ; 1.91664 ; -4.28391 ; -0.563462
4.60717 ; 4.06918 ; -5.11293 ; -5.14822
6.36319 ; 5.53503 ; 5.20047 ; 5.27238
4.0007 ; 3.3316 ; -4.71129 ; -4.71108
6.11557 ; 4.66769 ; -5.37561 ; -5.46668
5.0045 ; 4.82004 ; -5.26759 ; -5.38317
4.58873 ; 6.17936 ; -5.08041 ; 5.0198
4.21786 ; 3.40053 ; 5.10111 ; 4.43611
6.51361 ; 6.25145 ; 5.1523 ; 5.01668
7.06128 ; 3.54504 ; 4.89836 ; -4.87846
6.67595 ; 5.7472 ; 5.14259 ; 5.18429
4.54844 ; 6.61139 ; -5.02604 ; 4.79199
5.6482 ; 5.85348 ; -5.32974 ; 5.20753
5.916 ; 3.8735 ; 5.5227 ; 4.64158
6.50615 ; 4.83149 ; -5.25352 ; -5.54641
4.47828 ; 4.45509 ; -5.0758 ; -5.25071
5.43507 ; 5.95625 ; -5.53661 ; -5.15959
4.05621 ; 5.35261 ; 3.27344 ; -5.66785
5.08307 ; 4.35242 ; 5.51914 ; 5.29839
5.16903 ; 2.39475 ; -5.45392 ; 1.2807
7.83478 ; 4.92204 ; -1.44557 ; 5.60574
5.52731 ; 7.28161 ; -5.58843 ; -1.71885
7.73915 ; 2.3446 ; -2.19057 ; 1.9085
7.32141 ; 4.00238 ; 4.78052 ; -5.06529
6.55065 ; 4.89978 ; -5.30106 ; -4.15091
7.49445 ; 4.1851 ; 4.65343 ; -5.12518
3.43987 ; 2.8889 ; 3.21638 ; -3.99267
