5.78164 ; 5.16829 ; -0.0128113 ; -1.30031
6.53391 ; 5.44961 ; 1.33856 ; 0.343572
6.28243 ; 5.32217 ; 0.60565 ; -0.163131
4.67151 ; 4.28397 ; -0.514776 ; -1.26862
5.44533 ; 5.5734 ; -0.285118 ; -0.719645
4.27787 ; 4.64658 ; -1.23805 ; -0.579617
5.73156 ; 5.52558 ; -0.256899 ; -0.287563
5.70235 ; 5.57407 ; -0.184643 ; 0.813547
6.18899 ; 5.23222 ; 1.50009 ; 0.189514
6.27922 ; 6.27116 ; 1.48767 ; 1.15606
6.39362 ; 5.34091 ; 1.05191 ; -0.917437
5.78984 ; 5.61812 ; 0.834673 ; -0.465313
4.82987 ; 5.21522 ; -1.45653 ; -1.03088
5.05876 ; 4.9649 ; -1.22883 ; -0.224453
5.9766 ; 5.07806 ; 1.04753 ; -0.623868
5.80064 ; 6.22952 ; 1.10673 ; 0.74034
4.8781 ; 4.9595 ; -0.704818 ; -1.13428
6.86039 ; 5.81944 ; 1.67853 ; 0.868121
5.48253 ; 5.32523 ; -0.240058 ; -0.413971
5.06669 ; 5.74464 ; -0.975834 ; -0.0336923
6.41686 ; 6.59278 ; 0.848092 ; 0.992045
4.18267 ; 6.19896 ; -1.7134 ; 1.47783
5.83222 ; 6.75304 ; 0.47763 ; 1.84667
5.75916 ; 5.67059 ; 1.12069 ; -0.238626
5.20342 ; 6.49632 ; -0.792155 ; 1.70536
6.15791 ; 5.42792 ; 1.22143 ; 0.432274
5.31408 ; 5.10753 ; -0.424363 ; 0.0265314
5.3509 ; 5.33964 ; -0.895487 ; 0.0058015
4.15865 ; 4.33987 ; -1.77513 ; -1.53583
5.63313 ; 5.14075 ; 0.529312 ; -1.29232
6.48331 ; 5.64411 ; 1.39506 ; -0.13054
5.51626 ; 4.55846 ; -0.315004 ; -1.29494
6.29035 ; 6.07784 ; 1.52415 ; 0.920788
7.08309 ; 5.61689 ; 1.74182 ; 0.668791
4.87424 ; 5.11193 ; -1.69111 ; -1.10517
6.29162 ; 4.69455 ; 1.52044 ; -1.59429
5.20106 ; 4.86105 ; -0.73999 ; -1.45874
5.02587 ; 4.57451 ; -0.8566 ; -1.39004
4.9811 ; 6.71063 ; -1.3235 ; 1.72595
4.96615 ; 5.57489 ; -1.48583 ; 0.680068
5.44956 ; 5.62838 ; 0.171927 ; 0.758374
5.35574 ; 7.08527 ; -0.188801 ; 1.70216
5.68248 ; 5.39365 ; 0.844262 ; 0.368567
5.43349 ; 4.72147 ; 0.355387 ; -0.88722
4.31659 ; 5.42814 ; -1.19579 ; -0.540931
5.22866 ; 4.78081 ; -0.161188 ; -0.612539
6.9379 ; 4.84838 ; 1.68373 ; -1.40613
4.75316 ; 5.32666 ; -0.546276 ; -0.110404
4.7657 ; 5.18225 ; -1.18703 ; -0.652932
6.69647 ; 4.56715 ; 1.60331 ; -0.967077
4.99673 ; 4.7886 ; -1.0189 ; -1.65187
6.55265 ; 4.38233 ; 1.48733 ; -1.66654
4.89006 ; 4.56537 ; -0.641792 ; -1.2929
4.24827 ; 6.15465 ; -1.22789 ; 0.727952
5.34914 ; 5.09291 ; -0.494001 ; -0.804013
4.65372 ; 5.54642 ; -1.02591 ; -0.630341
6.83619 ; 5.24507 ; 1.90666 ; -0.0997389
4.71742 ; 6.18636 ; -1.58401 ; 0.599792
6.6993 ; 4.86948 ; 1.87523 ; -0.769573
6.09062 ; 6.20972 ; 1.53141 ; 1.74793
5.20817 ; 5.27437 ; -1.07899 ; 0.159691
4.82757 ; 4.55377 ; -0.435413 ; -0.927626
4.90445 ; 6.57869 ; -1.44892 ; 1.46807
6.13182 ; 5.16527 ; 1.47694 ; -0.259988
6.60602 ; 6.96421 ; 1.53623 ; 1.45994
5.29304 ; 7.09643 ; -1.02297 ; 1.73136
6.38396 ; 5.01313 ; 1.67585 ; -1.35835
5.85334 ; 4.23138 ; 0.571158 ; -1.40197
5.04167 ; 4.59493 ; -1.4794 ; -1.76878
4.31765 ; 5.36145 ; -1.45911 ; -0.719449
6.08134 ; 5.1333 ; 1.53202 ; -0.302955
5.33425 ; 4.70164 ; -0.926843 ; -1.65847
6.18945 ; 4.54685 ; 1.34271 ; -1.71857
5.06916 ; 5.24081 ; -1.04804 ; -0.988606
4.46565 ; 5.70092 ; -1.32254 ; 0.34626
6.08964 ; 6.95609 ; 0.784687 ; 1.80879
6.4726 ; 4.92667 ; 1.08696 ; -1.42037
6.41243 ; 5.18109 ; 1.42651 ; -0.545122
5.6416 ; 4.33196 ; 0.0126851 ; -1.63562
5.66355 ; 6.36588 ; -0.211094 ; 1.67385
6.84722 ; 5.30806 ; 1.44044 ; -0.886211
6.26376 ; 5.92721 ; 0.58575 ; -0.0770159
4.61067 ; 5.79938 ; -1.27209 ; 0.149834
4.72823 ; 4.61491 ; -1.60621 ; -1.51093
6.63737 ; 5.9736 ; 1.2471 ; 0.586699
5.78114 ; 4.69576 ; 0.843175 ; -1.3977
6.38361 ; 5.83537 ; 1.72645 ; -0.0277539
5.85015 ; 5.54033 ; 0.233299 ; -0.139619
6.16969 ; 5.35122 ; 0.990491 ; -0.900951
4.5766 ; 6.26517 ; -0.679635 ; 0.483265
4.7724 ; 6.46677 ; -1.67221 ; 0.876133
5.49942 ; 4.7874 ; 0.0763614 ; -1.32219
5.69375 ; 5.05762 ; -0.0950366 ; -0.318808
5.62954 ; 4.14538 ; -0.286631 ; -1.661
5.7342 ; 5.20333 ; 0.661101 ; 0.302895
6.75615 ; 6.19627 ; 1.18282 ; 0.617989
5.04826 ; 5.67489 ; -1.54592 ; 1.02252
4.91899 ; 5.55148 ; -0.429291 ; 0.36264
5.82023 ; 4.608 ; 1.1121 ; -0.775768
6.06015 ; 6.19749 ; 0.121917 ; 0.568967
4.47876 ; 6.26605 ; -1.5403 ; 0.624749
6.33849 ; 4.75516 ; 1.71135 ; -0.867668
5.75015 ; 5.32781 ; 0.323046 ; 0.00366344
6.49705 ; 5.60494 ; 1.743 ; 0.472455
4.74497 ; 5.80463 ; -1.22288 ; 1.36415
4.87948 ; 4.22072 ; -1.48145 ; -1.89429
5.76455 ; 5.3221 ; 0.270731 ; -0.677359
5.15122 ; 6.24746 ; 0.0936863 ; 1.45349
5.54817 ; 6.16252 ; -0.121643 ; 1.07986
6.30637 ; 5.89084 ; 0.85582 ; 1.41972
6.43237 ; 5.49008 ; 1.52033 ; -0.149001
5.16336 ; 6.13955 ; -0.977475 ; 1.0792
6.53307 ; 6.05104 ; 1.14106 ; 1.59179
5.71851 ; 4.58625 ; 0.135863 ; -1.88408
5.1839 ; 6.31347 ; -1.07909 ; 0.602156
6.19677 ; 6.06115 ; 1.4673 ; 1.5701
6.22585 ; 4.42608 ; 1.59053 ; -1.69801
5.2498 ; 4.75777 ; 0.155613 ; -1.75471
5.84648 ; 5.71037 ; 0.0182067 ; 1.10583
4.78172 ; 6.07871 ; -0.485342 ; 1.31921
5.91982 ; 6.83791 ; 1.03785 ; 1.78069
4.94497 ; 5.86759 ; -1.53222 ; 0.646049
5.77021 ; 5.88937 ; 1.03867 ; 0.776567
5.31057 ; 5.33273 ; -0.407159 ; -1.02761
5.10559 ; 5.82736 ; -1.16425 ; 1.40242
5.13158 ; 5.75534 ; 0.0387436 ; 0.516267
5.6299 ; 5.90115 ; -0.202678 ; 0.068526
4.51112 ; 4.27835 ; -1.37869 ; -1.85666
4.47674 ; 5.41952 ; -1.75172 ; 0.614341
4.71286 ; 5.56573 ; -0.940218 ; -0.446078
6.67936 ; 5.01495 ; 1.81588 ; -0.543725
5.73156 ; 5.89383 ; -0.272511 ; 1.13314
4.42615 ; 6.18647 ; -1.61586 ; 0.466021
5.35769 ; 6.55622 ; 0.458861 ; 1.6203
6.03195 ; 5.31335 ; 0.698052 ; 0.0305231
5.68018 ; 4.8168 ; 0.95006 ; -1.77976
4.55594 ; 6.20114 ; -1.60973 ; 1.46572
5.93987 ; 6.75932 ; 0.868398 ; 1.51107
6.04441 ; 6.62122 ; 0.794449 ; 1.68519
5.83205 ; 6.5247 ; -0.330783 ; 0.980905
6.17006 ; 4.87597 ; 0.797284 ; -1.58339
5.73588 ; 6.94156 ; -0.286095 ; 1.58366
5.89723 ; 6.14269 ; 1.3708 ; 1.44752
5.66808 ; 5.95358 ; -0.101833 ; 1.05412
5.79154 ; 4.39903 ; -0.00814258 ; -1.67962
6.97023 ; 5.35037 ; 1.60545 ; -0.672286
5.22488 ; 6.62362 ; -0.823378 ; 1.08518
4.7788 ; 6.17423 ; -1.08461 ; 1.81016
4.13211 ; 5.28155 ; -1.49503 ; 0.278282
3.99085 ; 4.60845 ; -1.64795 ; -1.73794
5.18314 ; 4.96116 ; -0.95797 ; -1.67059
5.76363 ; 4.95737 ; 0.263392 ; -1.60822
4.33223 ; 4.41576 ; -1.55141 ; -0.986763
5.81358 ; 5.35608 ; 0.686655 ; -0.294978
6.4693 ; 6.15852 ; 1.00484 ; 0.840143
5.83889 ; 6.10599 ; -0.156618 ; 0.506232
5.5558 ; 5.4851 ; 0.450474 ; 0.126979
5.99254 ; 4.83474 ; 0.766828 ; -1.13277
7.06385 ; 4.9042 ; 1.64434 ; -1.14873
4.76833 ; 4.87172 ; -0.62187 ; -1.69473
6.21449 ; 6.90564 ; 1.44158 ; 1.78981
4.41614 ; 5.54143 ; -1.68752 ; 0.311106
5.71566 ; 5.04914 ; -0.162803 ; -1.09195
5.97088 ; 6.26772 ; 1.48528 ; 1.80347
5.96666 ; 6.42774 ; 0.830769 ; 0.907793
5.18545 ; 5.51725 ; -0.735434 ; -0.159482
5.43215 ; 5.67316 ; 0.584169 ; 1.10619
5.11881 ; 6.94801 ; -1.21278 ; 1.85076
5.74162 ; 5.46152 ; -0.313578 ; -0.876816
5.66141 ; 5.40989 ; 0.989764 ; 0.440882
5.59346 ; 6.69457 ; 0.870509 ; 1.32608
6.71455 ; 6.34968 ; 1.54164 ; 0.989616
6.03234 ; 4.70451 ; 0.857424 ; -0.838977
6.0044 ; 5.15177 ; 0.670366 ; -0.54587
6.0799 ; 6.12008 ; 0.308712 ; 0.271638
5.32356 ; 4.83305 ; -0.209966 ; -0.80729
5.2252 ; 4.65082 ; -1.05635 ; -1.8359
4.50483 ; 6.37571 ; -0.938241 ; 1.13729
4.82917 ; 5.35176 ; -1.08939 ; -0.0567673
5.31985 ; 5.91481 ; -0.362353 ; 0.95946
5.47327 ; 6.00188 ; 0.28396 ; 0.288724
4.23451 ; 5.24936 ; -1.91689 ; 0.295979
6.10512 ; 4.8826 ; 1.25037 ; -1.65264
6.56081 ; 4.73858 ; 1.7754 ; -1.79508
5.97797 ; 4.7442 ; 0.382716 ; -1.03173
4.91641 ; 5.57169 ; -0.562082 ; 0.0811389
4.94798 ; 4.79775 ; -0.614369 ; -1.6122
5.24978 ; 6.4822 ; 0.023678 ; 1.20301
4.72984 ; 4.68713 ; -1.13105 ; -1.39695
5.9016 ; 4.29414 ; 1.3462 ; -1.87099
5.58964 ; 6.8029 ; 0.878353 ; 1.44653
5.90191 ; 5.83556 ; 0.400005 ; 0.0915959
4.40429 ; 5.02814 ; -1.80013 ; -1.0948
6.18696 ; 4.88431 ; 1.11513 ; -1.72084
4.66703 ; 5.23531 ; -0.963129 ; -1.28411
5.26211 ; 4.65455 ; -1.01163 ; -1.83833
6.91129 ; 4.77925 ; 1.86582 ; -0.999163
6.95154 ; 5.44405 ; 1.77401 ; 0.332399
4.68001 ; 6.61005 ; -0.633766 ; 1.7411
4.03385 ; 4.83626 ; -1.72213 ; -1.70801
6.99677 ; 4.16925 ; 1.45171 ; -1.15299
4.43522 ; 6.60461 ; -1.73742 ; 1.21973
5.08036 ; 5.1766 ; -0.134203 ; -1.27677
5.88986 ; 6.39918 ; 1.52142 ; 1.04744
4.47907 ; 4.31109 ; -1.78309 ; -1.86302
5.01224 ; 4.46067 ; -0.312156 ; -1.7721
4.13454 ; 6.5509 ; -1.65281 ; 1.14961
5.08392 ; 6.5352 ; -0.455557 ; 0.93274
5.40297 ; 5.66598 ; -0.610158 ; -0.471291
5.04878 ; 5.37722 ; -0.806831 ; -0.873544
6.41958 ; 4.48003 ; 1.72233 ; -0.949347
5.80463 ; 5.01336 ; 0.350481 ; -0.881818
6.19387 ; 5.07463 ; 1.1876 ; 0.114069
6.12532 ; 4.9523 ; 0.714495 ; -1.25609
5.1842 ; 5.43992 ; -0.198708 ; 0.43121
4.92139 ; 5.18611 ; -1.68102 ; -0.219403
4.69333 ; 4.63256 ; -1.79696 ; -0.678805
4.80541 ; 6.79506 ; -1.51831 ; 1.52973
4.51979 ; 4.44545 ; -1.61129 ; -1.77633
5.06034 ; 4.51675 ; -0.453356 ; -1.33147
4.55731 ; 4.53288 ; -1.53542 ; -1.76021
5.8522 ; 6.42449 ; 1.43913 ; 1.10507
6.59013 ; 4.49023 ; 0.992457 ; -1.45043
5.82999 ; 4.71489 ; 1.37989 ; -1.59276
6.56968 ; 5.87835 ; 1.35976 ; 0.634755
6.02735 ; 4.53038 ; 1.59119 ; -1.64714
5.71524 ; 4.14345 ; 1.16586 ; -1.8432
4.71009 ; 6.03058 ; -1.5936 ; 1.21414
6.5613 ; 5.21684 ; 1.3914 ; -0.307239
5.794 ; 6.78119 ; 1.01499 ; 1.61643
5.41637 ; 5.93223 ; -1.01812 ; 1.34716
4.4951 ; 5.62891 ; -1.60017 ; 0.663326
4.8766 ; 5.86737 ; -1.22377 ; 1.10862
5.88217 ; 4.85648 ; 0.600188 ; -0.364729
4.68922 ; 5.71578 ; -1.60336 ; 0.775114
4.81501 ; 5.72496 ; -1.27652 ; 0.460558
4.49496 ; 6.54422 ; -1.06306 ; 1.42542
5.30942 ; 6.78477 ; -1.10007 ; 1.88785
5.28839 ; 6.55865 ; -0.560611 ; 1.03939
5.07655 ; 3.99848 ; -0.940695 ; -1.7249
6.54885 ; 4.20163 ; 1.01645 ; -1.3776
5.36295 ; 5.52879 ; 0.426508 ; -0.328761
6.72059 ; 5.99651 ; 1.26339 ; 0.351107
5.41238 ; 6.04012 ; -0.657521 ; 0.970485
5.42469 ; 4.16621 ; -0.346303 ; -1.92578
4.69942 ; 5.93987 ; -0.858488 ; 0.195059
5.6887 ; 5.97512 ; -0.525166 ; 1.5783
4.59872 ; 6.35627 ; -1.2707 ; 1.74447
6.90686 ; 4.64974 ; 1.40332 ; -0.657001
5.09026 ; 5.32677 ; -0.353436 ; -0.474325
5.84429 ; 6.17219 ; 0.901221 ; 1.64372
5.35537 ; 6.55107 ; -0.544476 ; 1.84641
4.6811 ; 6.33825 ; -0.924578 ; 1.84547
5.77838 ; 5.9128 ; 0.641033 ; 0.245858
5.28771 ; 6.25467 ; -0.795521 ; 0.979693
5.53539 ; 6.02998 ; -0.649455 ; 0.28274
3.95615 ; 6.06675 ; -1.66545 ; 0.47324
4.7873 ; 5.33186 ; -1.43787 ; -0.639319
4.7689 ; 5.90435 ; -1.08103 ; 1.14226
4.23256 ; 5.54927 ; -1.7348 ; 0.78209
5.95372 ; 6.63894 ; 1.06272 ; 1.19406
6.34027 ; 5.45435 ; 1.29794 ; -0.200142
6.47892 ; 4.78496 ; 1.57999 ; -0.836454
4.61108 ; 6.2873 ; -0.870803 ; 1.74895
6.86002 ; 6.13937 ; 1.65919 ; 1.16574
6.00123 ; 6.3607 ; 1.4662 ; 1.63001
5.85971 ; 6.71833 ; 0.686938 ; 1.28388
6.51522 ; 4.41284 ; 1.03392 ; -1.23451
4.01238 ; 4.60328 ; -1.62328 ; -0.604962
5.33566 ; 4.5408 ; 0.237141 ; -1.52913
5.71246 ; 4.70605 ; 0.472654 ; -1.83918
5.14 ; 4.99013 ; -1.1945 ; -0.805814
5.05865 ; 7.0409 ; -0.513945 ; 1.7798
6.56089 ; 4.52454 ; 1.74205 ; -0.895857
5.88421 ; 6.10313 ; 1.14617 ; 0.459353
5.04617 ; 6.28717 ; -1.62355 ; 1.64963
5.38034 ; 4.37022 ; -1.08299 ; -1.87097
5.3745 ; 4.99506 ; -0.374893 ; -0.732249
5.08814 ; 5.76058 ; -0.0836029 ; 0.777671
5.4949 ; 4.77448 ; -0.303705 ; -1.02212
5.98908 ; 5.59807 ; 0.295265 ; -0.184832
4.3305 ; 4.06327 ; -1.55668 ; -1.73057
4.91246 ; 4.34417 ; -1.62174 ; -1.56425
5.48105 ; 5.48563 ; -0.611462 ; -0.705985
6.74165 ; 5.13064 ; 1.50675 ; -0.66755
4.88994 ; 5.16337 ; -0.81684 ; -0.365523
6.41419 ; 5.16542 ; 1.11139 ; -0.382967
5.75421 ; 6.13611 ; 1.03987 ; 0.476174
5.25902 ; 5.46009 ; 0.215143 ; 0.620882
5.10659 ; 5.94027 ; -0.146291 ; 0.658487
6.71443 ; 5.53067 ; 1.55052 ; 0.0113882
5.58617 ; 4.44552 ; 0.824057 ; -1.66716
6.96136 ; 4.92769 ; 1.45164 ; -0.248605
6.66083 ; 4.28113 ; 1.33234 ; -1.37287
4.40704 ; 4.5339 ; -1.21653 ; -1.35587
5.74392 ; 6.76873 ; 0.161008 ; 1.93505
5.08249 ; 5.35916 ; -0.551342 ; 0.0484599
4.39629 ; 4.32037 ; -1.60239 ; -1.47031
5.74512 ; 6.77304 ; -0.0323485 ; 1.2574
5.68746 ; 5.38679 ; 0.742454 ; -1.02028
6.55428 ; 6.80587 ; 0.771958 ; 1.32668
5.04525 ; 6.0682 ; -0.183276 ; 0.280757
3.91241 ; 5.43084 ; -1.67665 ; -0.141206
5.48703 ; 4.9919 ; 0.155621 ; -1.05226
6.43708 ; 4.53241 ; 1.72378 ; -1.09763
5.53461 ; 6.1179 ; -0.359884 ; 1.12444
5.97762 ; 4.43185 ; 0.638815 ; -1.63174
4.52932 ; 6.65201 ; -1.54345 ; 1.02863
6.08018 ; 4.71308 ; 1.73399 ; -0.529294
7.12117 ; 5.82993 ; 1.71069 ; 1.07135
4.27376 ; 5.53231 ; -1.62677 ; -0.405668
5.46614 ; 3.94776 ; 0.160553 ; -1.79807
5.57811 ; 6.64907 ; -0.529539 ; 1.66338
6.09399 ; 5.5044 ; 1.37517 ; 0.121298
4.52643 ; 5.51969 ; -0.954957 ; -0.245855
5.22869 ; 4.89039 ; -0.276849 ; -0.692751
5.47128 ; 5.23025 ; -0.303342 ; -0.825743
6.55451 ; 5.44327 ; 0.939243 ; 0.78139
5.41577 ; 5.9003 ; 0.513767 ; 1.27991
5.9456 ; 6.13157 ; 1.43948 ; 1.37955
5.70973 ; 5.37958 ; 1.07819 ; -0.696278
6.76601 ; 6.51296 ; 1.51429 ; 1.17911
4.18317 ; 6.312 ; -1.67398 ; 1.27453
4.80189 ; 6.28028 ; -0.89557 ; 1.77185
6.9088 ; 4.93137 ; 1.48101 ; -0.360073
4.84964 ; 5.34699 ; -1.28873 ; 0.318488
5.54928 ; 5.94414 ; 0.774933 ; 0.862822
4.8259 ; 5.55699 ; -0.723369 ; -0.407551
4.1652 ; 5.44978 ; -1.59884 ; 0.0182372
4.93053 ; 5.33304 ; -0.689209 ; -0.946051
4.21912 ; 5.96533 ; -1.74438 ; 0.526812
5.93445 ; 4.3887 ; 0.377819 ; -1.79014
4.63274 ; 4.55952 ; -1.2185 ; -0.80887
5.55423 ; 6.20515 ; 0.915543 ; 0.910885
4.63075 ; 5.59988 ; -1.73441 ; 0.490993
5.73748 ; 5.93767 ; 0.418666 ; -0.0277622
5.97436 ; 5.54316 ; 0.890763 ; 0.515251
4.56596 ; 5.38963 ; -1.49911 ; -1.06925
6.55238 ; 4.56413 ; 1.76088 ; -1.53675
4.23797 ; 4.79148 ; -1.93372 ; -1.30215
5.97078 ; 5.98459 ; 0.93686 ; 0.764137
6.29316 ; 5.06091 ; 1.08414 ; -0.0656876
6.33179 ; 4.64911 ; 1.2208 ; -1.08052
5.27384 ; 6.39986 ; -0.691938 ; 1.65783
5.78655 ; 4.94331 ; -0.225847 ; -0.874157
6.37878 ; 5.25846 ; 1.51967 ; -1.01961
5.29359 ; 6.39749 ; -0.916142 ; 0.800795
4.80185 ; 4.25123 ; -1.73893 ; -1.89348
4.27341 ; 4.81388 ; -1.72722 ; -0.444288
6.07036 ; 6.64106 ; 1.39365 ; 1.18334
4.45278 ; 6.59756 ; -0.804019 ; 0.886759
6.341 ; 6.91627 ; 0.819986 ; 1.45424
5.60325 ; 5.04706 ; -0.357376 ; -1.59992
5.10512 ; 5.2557 ; -1.51586 ; -1.17836
4.97751 ; 5.93961 ; -0.079164 ; 1.23921
6.04463 ; 6.20133 ; 1.32517 ; 0.433456
6.32285 ; 4.69145 ; 1.17968 ; -1.14733
5.67576 ; 6.46239 ; -0.151674 ; 1.08984
6.12367 ; 4.34822 ; 1.01643 ; -1.47802
5.8279 ; 5.09732 ; 0.105115 ; -1.06374
5.9779 ; 5.4759 ; 0.458278 ; 0.125304
5.07554 ; 5.32803 ; -1.55608 ; -1.02259
4.65503 ; 5.80532 ; -1.68775 ; 1.3957
6.41046 ; 4.93929 ; 1.63082 ; -0.989283
4.84037 ; 6.27158 ; -0.725626 ; 0.858351
6.54521 ; 5.37634 ; 1.40723 ; 0.410646
4.1475 ; 5.0231 ; -1.54998 ; -1.30704
4.61076 ; 4.59094 ; -1.03148 ; -1.26545
4.64824 ; 5.86868 ; -1.33988 ; 0.653648
5.30383 ; 4.21103 ; -0.011385 ; -1.48755
4.20863 ; 5.78127 ; -1.89516 ; 0.125863
4.25312 ; 4.56866 ; -1.17786 ; -1.31427
5.58548 ; 6.68567 ; 0.956127 ; 1.46245
5.4142 ; 5.09434 ; -0.492131 ; -1.21674
5.65341 ; 6.04225 ; 0.307756 ; 1.41926
4.98749 ; 4.72014 ; -1.57101 ; -0.509082
4.87417 ; 6.09646 ; -0.583413 ; 1.17854
6.59695 ; 4.33007 ; 1.28705 ; -1.69676
4.91301 ; 5.3022 ; -0.54493 ; 0.188508
5.0386 ; 5.80579 ; -0.843662 ; 0.940788
4.67005 ; 6.13426 ; -1.5292 ; 0.415919
4.95813 ; 5.42971 ; -0.237749 ; -0.866501
4.46294 ; 5.13332 ; -1.40031 ; -1.25547
4.98813 ; 5.63115 ; -0.0609248 ; 0.671598
4.92597 ; 4.93514 ; -0.737947 ; -0.444754
6.523 ; 6.12349 ; 1.64559 ; 1.37138
6.67507 ; 4.82112 ; 1.80599 ; -1.37855
6.34418 ; 6.411 ; 0.927208 ; 1.37751
5.57247 ; 6.8157 ; 0.916205 ; 1.63154
5.45733 ; 4.84321 ; -0.561483 ; -0.714464
6.47472 ; 6.09758 ; 1.20645 ; 1.814
4.68722 ; 6.42869 ; -1.65676 ; 0.823295
5.89116 ; 4.55058 ; 1.41658 ; -1.65102
5.07369 ; 6.23921 ; -1.49266 ; 0.488724
4.9322 ; 4.94891 ; -0.856469 ; -0.652541
6.42415 ; 6.06091 ; 1.83709 ; 0.959568
5.80564 ; 5.11418 ; 0.723003 ; -1.12666
6.15772 ; 5.39874 ; 1.5372 ; 0.377375
5.59993 ; 5.64152 ; -0.496019 ; -0.387351
5.63632 ; 6.8733 ; -0.371971 ; 1.39991
4.41144 ; 4.65667 ; -1.34567 ; -1.71359
4.41186 ; 5.70158 ; -1.10709 ; -0.178017
5.94536 ; 6.02955 ; 1.00836 ; 1.57991
4.25596 ; 5.44235 ; -1.89552 ; -0.318504
4.85564 ; 5.70912 ; -1.34782 ; -0.459973
4.55406 ; 5.06927 ; -1.23289 ; -1.51163
6.29325 ; 4.84716 ; 1.50828 ; -1.8044
4.66772 ; 6.53413 ; -0.627367 ; 1.10432
4.82375 ; 5.01676 ; -1.16368 ; -0.982263
4.30319 ; 5.70851 ; -1.3024 ; 0.0689364
5.32347 ; 5.24394 ; -0.291314 ; 0.202357
5.57953 ; 5.94251 ; -0.477493 ; 1.22399
5.30998 ; 4.15334 ; -0.281752 ; -1.55475
5.89844 ; 4.32979 ; 0.0409647 ; -1.31922
5.98839 ; 5.00548 ; 1.46166 ; -1.71324
5.61069 ; 5.50778 ; -0.378747 ; -0.262956
6.33646 ; 6.08513 ; 1.80855 ; 0.864909
6.53916 ; 5.63338 ; 1.43353 ; 1.13122
6.528 ; 4.34924 ; 1.31266 ; -1.34321
4.83867 ; 4.36842 ; -0.873002 ; -1.40521
6.36531 ; 5.32794 ; 1.25961 ; -0.0871556
4.14892 ; 5.44383 ; -1.79176 ; -0.0819087
5.49359 ; 5.10798 ; 0.437331 ; -0.936254
5.99907 ; 4.99312 ; 0.077324 ; -0.941791
5.76285 ; 6.19701 ; 0.299934 ; 1.19955
6.90409 ; 5.06995 ; 1.66547 ; -0.864681
4.93038 ; 4.80548 ; -0.897577 ; -1.53488
5.25692 ; 6.94374 ; -0.833548 ; 1.60817
4.6479 ; 5.03621 ; -1.09935 ; -0.937367
6.31583 ; 5.87651 ; 1.5035 ; -0.166537
6.91215 ; 5.80225 ; 1.88119 ; -0.118879
5.03671 ; 5.40228 ; -0.26283 ; -0.899698
4.76194 ; 5.42313 ; -0.718689 ; -0.947846
5.88929 ; 5.52319 ; 0.477583 ; -0.559422
6.68109 ; 4.85176 ; 1.33551 ; -1.20184
4.82785 ; 5.72037 ; -1.08957 ; 1.23014
5.78445 ; 6.41513 ; 0.786189 ; 1.79634
4.67736 ; 5.99703 ; -1.50046 ; 0.188336
6.35785 ; 4.47915 ; 0.755904 ; -1.31629
6.83017 ; 5.594 ; 1.90483 ; -0.423218
4.96478 ; 5.43409 ; -1.20705 ; 0.656101
4.48455 ; 5.33533 ; -1.56262 ; -0.836242
5.1892 ; 5.60332 ; -0.160565 ; 0.493318
6.46659 ; 6.11438 ; 1.60465 ; 1.11753
5.0626 ; 5.72975 ; -1.02495 ; 1.20931
5.30322 ; 6.03524 ; -0.0176936 ; 0.0912784
6.11553 ; 4.75327 ; 0.159586 ; -0.479958
4.68599 ; 4.72279 ; -0.88073 ; -1.11441
6.23492 ; 6.05873 ; 1.05706 ; 0.38545
6.46451 ; 6.3754 ; 1.18068 ; 1.49383
5.96374 ; 5.14653 ; 1.50185 ; -0.986369
5.67038 ; 4.92298 ; 0.507466 ; -0.25043
5.35587 ; 5.6252 ; 0.331858 ; 0.134069
4.79553 ; 4.76886 ; -0.710052 ; -1.19811
5.97041 ; 6.9582 ; 1.35646 ; 1.68213
5.54378 ; 4.50769 ; 0.0495243 ; -1.80509
6.04856 ; 6.6665 ; 1.56839 ; 1.93439
5.03738 ; 6.60313 ; 0.0269853 ; 1.03881
5.33646 ; 5.78877 ; -1.05191 ; 0.442612
5.19727 ; 4.42242 ; -1.40377 ; -1.06096
6.64998 ; 4.61558 ; 1.55556 ; -1.26619
6.24598 ; 4.55909 ; 1.46461 ; -1.62199
4.47559 ; 5.01003 ; -1.46797 ; -0.243729
6.39989 ; 5.25221 ; 1.82975 ; -0.177509
6.22604 ; 5.56824 ; 1.68911 ; 0.0960258
5.47344 ; 6.87968 ; -0.289332 ; 1.61644
5.2208 ; 5.60502 ; -0.230307 ; 0.265597
5.57309 ; 6.50377 ; 0.176374 ; 0.906212
6.0749 ; 4.42673 ; 0.0706619 ; -1.33574
6.05579 ; 6.60374 ; 1.66036 ; 1.03177
6.418 ; 4.05353 ; 1.61199 ; -1.50622
6.2021 ; 6.95158 ; 1.64353 ; 1.67641
6.18185 ; 5.25641 ; 0.954773 ; 0.123647
6.04263 ; 5.51889 ; 1.5636 ; 0.362155
6.96688 ; 5.35268 ; 1.67346 ; -0.499995
5.49462 ; 6.28136 ; 0.527979 ; 1.58078
6.2838 ; 3.9157 ; 0.742909 ; -1.55974
5.10912 ; 4.81383 ; 0.0663247 ; -1.72834
6.11641 ; 6.49117 ; 0.62286 ; 1.01128
6.28376 ; 6.6841 ; 1.54971 ; 1.70215
4.55155 ; 6.49462 ; -1.64782 ; 1.22873
4.90174 ; 5.12309 ; -0.422825 ; -1.07438
5.42836 ; 6.97731 ; -0.842084 ; 1.5426
6.63327 ; 5.82282 ; 1.42965 ; 0.462054
4.65327 ; 5.0645 ; -1.34052 ; -1.24573
6.62375 ; 5.68346 ; 1.20603 ; 0.639909
6.06 ; 6.36925 ; 0.156697 ; 1.5413
5.59472 ; 7.02636 ; 0.910464 ; 1.69303
5.50403 ; 5.09893 ; 0.0548391 ; -1.22963
6.75022 ; 5.69726 ; 1.73906 ; -0.254617
6.56669 ; 5.27957 ; 1.82869 ; -1.02328
5.88723 ; 5.67688 ; 0.50501 ; 0.379866
6.77034 ; 5.39951 ; 1.66183 ; -0.163474
6.53151 ; 6.41114 ; 0.921495 ; 1.64648
4.50926 ; 6.45388 ; -1.36958 ; 0.819651
4.45474 ; 5.6113 ; -1.35718 ; 0.324839
5.35202 ; 4.53534 ; -1.03392 ; -1.90501
5.60109 ; 4.52461 ; -0.698041 ; -1.92239
4.12179 ; 6.03185 ; -1.48244 ; 0.916853
5.0334 ; 6.24962 ; -0.718726 ; 1.06495
4.62638 ; 5.68799 ; -0.984374 ; 0.192823
4.86639 ; 4.24687 ; -1.04883 ; -1.65674
5.59864 ; 5.08783 ; -0.0175235 ; 0.0458785
7.03493 ; 6.45852 ; 1.73132 ; 1.36081
4.88624 ; 4.86348 ; -1.78519 ; -1.1149
5.6409 ; 5.33987 ; -0.145722 ; -0.307357
6.77753 ; 6.19902 ; 1.29866 ; 0.752476
3.93433 ; 5.98437 ; -1.71863 ; 1.23796
4.88906 ; 4.98306 ; -1.75136 ; -0.726098
4.55223 ; 5.60237 ; -0.792476 ; -0.430155
5.22133 ; 5.50436 ; -0.26428 ; 0.317092
5.03705 ; 6.87097 ; -0.766851 ; 1.62709
6.04896 ; 4.48484 ; 0.717864 ; -1.16075
4.78888 ; 5.4462 ; -0.438598 ; 0.0904073
4.5014 ; 4.24699 ; -1.40922 ; -1.78687
4.67765 ; 5.89182 ; -1.75768 ; -0.110639
4.55259 ; 5.09843 ; -1.60765 ; -0.105013
6.56552 ; 4.57238 ; 1.52575 ; -0.686111
5.86345 ; 5.10823 ; 1.17354 ; -0.663262
6.48298 ; 5.484 ; 1.29874 ; -0.750408
5.14146 ; 5.74744 ; -0.797075 ; 0.337513
4.66567 ; 5.09917 ; -1.45821 ; -1.24114
5.66775 ; 5.43951 ; 1.14711 ; 0.300416
5.10957 ; 4.90868 ; -1.18708 ; -0.35136
5.37126 ; 5.14346 ; -1.05688 ; -0.28492
5.26329 ; 5.52751 ; 0.129664 ; 0.473464
6.79199 ; 5.56291 ; 1.59936 ; 0.334501
5.17398 ; 6.41996 ; -0.221017 ; 1.4716
4.18914 ; 5.58949 ; -1.73312 ; 0.506502
5.38909 ; 4.87143 ; -0.010616 ; -0.672477
5.8692 ; 6.30544 ; 0.877735 ; 1.33152
5.35445 ; 4.55494 ; -0.152638 ; -1.43349
6.52462 ; 6.47349 ; 1.7268 ; 1.85847
5.24492 ; 4.6967 ; -0.503716 ; -1.41616
5.48407 ; 5.98406 ; 0.259644 ; 0.310694
5.77257 ; 5.75 ; 0.0978655 ; -0.0836477
6.18535 ; 6.01833 ; 1.62239 ; 0.463995
4.01923 ; 5.99784 ; -1.75018 ; 1.24307
5.0502 ; 4.96416 ; -0.888651 ; -0.320883
4.8818 ; 5.82207 ; -1.58764 ; 0.202197
5.08204 ; 4.88002 ; -1.20552 ; -1.74826
5.73037 ; 6.82179 ; 0.346176 ; 1.82059
4.67072 ; 5.44666 ; -1.62912 ; 0.206475
5.70783 ; 5.95063 ; 0.654198 ; 0.0251146
6.00076 ; 5.02917 ; 0.851391 ; -0.359824
5.81354 ; 5.00493 ; 0.208566 ; -0.449385
6.47651 ; 4.29896 ; 0.76239 ; -1.52151
4.76762 ; 5.73058 ; -1.06112 ; 0.167163
4.88592 ; 6.04714 ; -1.73441 ; 1.14804
6.69304 ; 4.96878 ; 1.88928 ; -1.48415
5.9477 ; 5.73867 ; 1.46607 ; 0.218563
5.54069 ; 5.04088 ; 0.26142 ; -0.108034
6.04496 ; 5.22166 ; 0.713552 ; -0.729084
4.76075 ; 5.36819 ; -1.19735 ; 0.0518275
4.58862 ; 5.39442 ; -1.43557 ; -0.251634
6.24972 ; 5.92493 ; 0.630659 ; 0.125631
6.0014 ; 4.72738 ; 1.20761 ; -1.50933
6.40948 ; 5.35723 ; 0.896266 ; 0.589871
5.06394 ; 5.40268 ; -0.132127 ; 0.594574
6.17417 ; 4.08008 ; 0.811886 ; -1.84082
6.35293 ; 4.28599 ; 0.677799 ; -1.38169
4.69132 ; 6.49741 ; -0.476414 ; 1.22152
4.28674 ; 6.09444 ; -1.73598 ; 0.509748
6.75156 ; 5.76166 ; 1.60161 ; -0.178109
5.73117 ; 5.98938 ; -0.266248 ; 0.382562
5.47278 ; 4.26381 ; 0.646093 ; -1.5261
5.45466 ; 6.02971 ; 0.536247 ; 1.67021
5.98524 ; 6.14499 ; 1.26801 ; 0.384294
5.70723 ; 4.46822 ; 0.158057 ; -1.63238
4.1394 ; 6.65505 ; -1.74388 ; 1.49424
5.25113 ; 4.43892 ; -1.03894 ; -1.82484
5.91785 ; 5.6145 ; 1.16613 ; 0.777284
6.15546 ; 5.35814 ; 1.34394 ; -0.980912
6.26897 ; 6.06368 ; 1.21085 ; 1.03938
6.63057 ; 5.21024 ; 1.92606 ; 0.0637881
5.44634 ; 4.45075 ; 0.298118 ; -1.11011
6.0348 ; 6.51026 ; 0.523289 ; 1.0832
4.10899 ; 5.58199 ; -1.77224 ; -0.676286
4.12684 ; 5.51255 ; -1.73875 ; -0.481503
6.38936 ; 4.3341 ; 0.718149 ; -1.81371
4.73871 ; 6.5189 ; -0.705405 ; 1.33545
5.76663 ; 6.07727 ; 0.84929 ; 1.36296
5.36858 ; 4.25583 ; 0.504869 ; -1.83652
5.70117 ; 3.93871 ; 1.01655 ; -1.60771
6.21667 ; 6.34738 ; 0.522904 ; 1.72809
6.1279 ; 5.64812 ; 0.307794 ; 0.436424
6.30236 ; 5.90055 ; 1.62717 ; 1.26638
5.48234 ; 6.41375 ; -0.054739 ; 1.3436
4.96601 ; 4.99414 ; -1.02761 ; -1.58943
5.22708 ; 5.61371 ; -1.3243 ; -0.445421
5.98086 ; 6.19878 ; 1.54041 ; 1.16341
5.89579 ; 5.61823 ; 0.0221965 ; -0.627259
4.47586 ; 4.33072 ; -0.873372 ; -1.14795
4.63186 ; 5.51341 ; -1.03967 ; -0.317173
5.09248 ; 7.03387 ; -0.427899 ; 1.59611
6.77776 ; 4.85575 ; 1.31973 ; -1.20399
6.01562 ; 6.35098 ; 1.39505 ; 0.901575
4.28703 ; 6.23918 ; -1.64621 ; 1.06523
5.94215 ; 5.58871 ; 0.591841 ; -0.531162
6.03249 ; 4.64828 ; 1.0234 ; -0.844681
5.95968 ; 4.69524 ; 0.773635 ; -1.52984
4.61976 ; 5.50279 ; -1.21064 ; -0.796963
5.22732 ; 6.19067 ; -1.21861 ; 0.842243
5.03963 ; 4.58015 ; -0.923176 ; -1.85828
5.72996 ; 5.35063 ; 0.234143 ; -0.814263
4.72961 ; 6.97867 ; -0.535726 ; 1.42327
5.67871 ; 4.91264 ; 0.503782 ; -1.02631
6.39741 ; 6.8472 ; 0.688568 ; 1.34404
7.10361 ; 6.52991 ; 1.59522 ; 1.30715
4.44886 ; 4.82682 ; -1.78881 ; -0.480145
6.09488 ; 6.55088 ; 0.786507 ; 1.20794
5.26964 ; 6.68532 ; 0.0745482 ; 1.16994
6.01 ; 5.24223 ; 0.750732 ; -1.00652
5.42761 ; 4.45309 ; 0.541788 ; -1.60824
6.12185 ; 4.9433 ; 1.50827 ; -1.55119
4.51958 ; 5.04819 ; -1.75237 ; -0.979155
5.17313 ; 6.11754 ; -0.242745 ; 0.702105
5.95148 ; 4.92566 ; 0.0569814 ; -0.643435
6.14468 ; 5.49251 ; 1.72556 ; 0.342978
5.95223 ; 6.72449 ; 0.560243 ; 1.91879
4.51375 ; 4.57264 ; -1.03657 ; -1.4566
4.8862 ; 5.75856 ; -1.17853 ; 0.816193
6.85801 ; 6.36479 ; 1.60515 ; 1.67312
6.74744 ; 5.39911 ; 1.33996 ; 0.502854
5.59375 ; 4.53763 ; -0.0254948 ; -1.64617
5.18164 ; 5.63615 ; -0.487217 ; -0.0551636
5.99959 ; 6.0902 ; 0.411853 ; 1.70292
6.08759 ; 4.35405 ; 0.803228 ; -1.6619
5.28768 ; 5.12931 ; 0.227389 ; -1.28357
6.71886 ; 6.10962 ; 1.26383 ; 0.933918
5.73691 ; 4.33659 ; 0.207711 ; -1.64653
6.38194 ; 5.6023 ; 1.4651 ; 0.217278
4.9539 ; 5.05109 ; -0.647057 ; -1.58113
4.47455 ; 6.694 ; -1.01742 ; 1.6384
4.315 ; 6.2108 ; -1.31811 ; 0.910901
4.37431 ; 4.17444 ; -1.5523 ; -1.54759
4.71985 ; 4.68522 ; -0.827662 ; -0.989214
6.21195 ; 5.40902 ; 1.60718 ; -0.671977
5.96537 ; 5.83476 ; 0.103606 ; 0.500088
5.80921 ; 5.44995 ; 0.213227 ; -0.403636
4.73206 ; 5.88566 ; -0.552887 ; 0.907439
4.52396 ; 5.02362 ; -1.38559 ; -0.955459
4.11273 ; 5.97667 ; -1.6476 ; 0.279672
6.38938 ; 4.25527 ; 0.667287 ; -1.0925
5.4988 ; 4.61121 ; -0.0966236 ; -1.47348
4.86823 ; 4.81829 ; -0.385914 ; -0.662676
5.36816 ; 4.50926 ; 0.0920258 ; -0.871442
5.11828 ; 5.51866 ; -1.09649 ; -0.661644
5.30308 ; 4.61918 ; -0.858615 ; -1.59878
5.70987 ; 5.59594 ; 0.336797 ; 0.778843
5.97717 ; 5.15691 ; 0.268372 ; -1.02001
5.31495 ; 4.19935 ; -0.692446 ; -1.61165
5.31903 ; 6.70044 ; 0.172139 ; 1.43622
5.71177 ; 6.51743 ; 1.26726 ; 1.13648
5.04242 ; 5.86457 ; -1.6042 ; 0.680973
6.74522 ; 4.44006 ; 1.18029 ; -0.888142
5.2674 ; 5.30975 ; 0.258546 ; -0.481187
5.42172 ; 4.92451 ; 0.502544 ; -1.39825
4.88846 ; 4.87012 ; -1.68209 ; -1.41908
6.3885 ; 6.7373 ; 0.859438 ; 1.38707
5.00274 ; 5.9748 ; -0.125538 ; 0.126684
5.3442 ; 6.06807 ; -0.956909 ; 0.607745
5.00563 ; 6.21234 ; -1.71389 ; 1.67247
5.8653 ; 6.19438 ; 0.225487 ; 0.770125
5.4758 ; 4.04384 ; -0.456043 ; -1.73583
6.16118 ; 5.30311 ; 1.60891 ; -0.709231
5.87591 ; 5.74391 ; 0.725487 ; 1.20395
6.94536 ; 4.91143 ; 1.63723 ; -0.0870008
5.85516 ; 4.94298 ; 0.693431 ; -0.839455
6.95761 ; 5.12615 ; 1.50896 ; -1.03747
6.70682 ; 6.20795 ; 1.60404 ; 0.348034
5.88188 ; 5.89427 ; 0.952944 ; 1.31172
6.16904 ; 5.28995 ; 0.825818 ; -0.940457
5.2412 ; 6.7306 ; -0.164779 ; 1.72336
6.36228 ; 5.58098 ; 1.59397 ; 0.762407
6.44651 ; 5.40089 ; 1.26211 ; -0.35515
4.66868 ; 4.34508 ; -0.919718 ; -1.52631
4.51205 ; 5.30886 ; -1.12489 ; -0.546622
5.26241 ; 4.80981 ; 0.27671 ; -1.00927
6.27512 ; 6.05864 ; 1.42572 ; 0.350806
4.32388 ; 5.80452 ; -1.77922 ; -0.378002
5.61001 ; 5.91051 ; -0.34767 ; 0.648144
5.91256 ; 4.64331 ; 0.292016 ; -1.34115
5.58373 ; 5.87933 ; 0.0707005 ; 0.312372
6.14841 ; 5.70322 ; 1.56277 ; 0.294208
4.85994 ; 6.4235 ; -1.57764 ; 1.23105
4.74954 ; 4.96188 ; -0.745456 ; -0.347803
5.42569 ; 6.6666 ; -0.195267 ; 1.88069
5.89478 ; 7.1322 ; 1.06326 ; 1.71728
5.23846 ; 5.29181 ; -0.489375 ; 0.441962
5.50896 ; 6.65571 ; -0.782484 ; 1.49353
6.13044 ; 5.07828 ; 1.49085 ; -1.17247
4.73826 ; 6.46456 ; -0.495263 ; 1.50199
6.16506 ; 4.88495 ; 1.61513 ; -1.00566
5.71211 ; 5.08058 ; -0.504501 ; -0.161978
6.26722 ; 4.58827 ; 0.585086 ; -1.83316
5.12792 ; 5.32692 ; 0.0109771 ; 0.493948
5.78108 ; 5.82277 ; 1.12811 ; -0.142828
4.84682 ; 6.95548 ; -1.45527 ; 1.67369
6.72211 ; 4.3514 ; 1.69544 ; -1.45791
4.35835 ; 6.36519 ; -1.31532 ; 0.622453
5.64784 ; 5.95149 ; 0.0342215 ; 0.947846
5.88679 ; 5.44201 ; 1.17325 ; -0.597936
4.2565 ; 5.68321 ; -1.2758 ; 1.21341
4.35371 ; 5.04617 ; -1.18669 ; -0.458927
6.44324 ; 4.58403 ; 1.07998 ; -1.66978
5.66695 ; 6.21311 ; 0.724808 ; 0.960191
5.65678 ; 5.04377 ; 0.911561 ; -0.438039
6.41881 ; 4.39814 ; 1.21395 ; -1.72523
6.58063 ; 4.26133 ; 1.34003 ; -1.18946
5.97143 ; 4.0549 ; 1.50494 ; -1.79856
6.03431 ; 6.74349 ; 0.842161 ; 1.44539
5.39234 ; 6.47307 ; 0.0493816 ; 1.51955
4.63997 ; 5.28992 ; -1.6778 ; -0.344902
6.52468 ; 5.91103 ; 1.10279 ; 1.59439
5.20196 ; 5.52963 ; -1.06641 ; 0.0513545
5.59887 ; 6.98083 ; -0.430861 ; 1.63389
6.79654 ; 5.62945 ; 1.58989 ; 1.06514
6.66581 ; 6.36967 ; 1.83533 ; 1.7854
4.39373 ; 6.08567 ; -1.29366 ; 1.18824
5.02329 ; 6.05876 ; -1.59557 ; 1.26217
4.71665 ; 6.00163 ; -0.849226 ; 0.484469
4.35244 ; 5.02219 ; -1.7535 ; -1.63929
6.7767 ; 5.63431 ; 1.93233 ; -0.342118
5.83311 ; 5.29843 ; 1.40797 ; -0.920619
5.37446 ; 6.8939 ; -1.09817 ; 1.62581
3.94014 ; 5.00774 ; -1.63513 ; -1.3742
5.9003 ; 4.58635 ; 1.32505 ; -1.35779
4.63981 ; 5.19426 ; -0.999682 ; -0.902097
4.7726 ; 6.63205 ; -0.538631 ; 1.03477
6.63314 ; 5.34146 ; 1.45182 ; 0.564037
4.42039 ; 5.19778 ; -1.16229 ; 0.179299
5.07472 ; 6.16465 ; -0.127312 ; 0.971658
5.42275 ; 5.51078 ; -0.566007 ; -0.181081
4.87849 ; 5.79618 ; -0.437399 ; 0.200442
4.74142 ; 6.4568 ; -1.00973 ; 0.937661
4.6451 ; 5.25715 ; -0.79147 ; -0.185818
5.41938 ; 5.90084 ; 0.315211 ; 1.44816
6.69645 ; 4.66791 ; 1.7161 ; -1.73645
6.40488 ; 6.08175 ; 1.5554 ; 1.64463
5.13159 ; 5.95566 ; -0.414683 ; 0.111905
5.85669 ; 6.89623 ; -0.255257 ; 1.39481
5.29593 ; 6.36118 ; 0.474764 ; 1.78893
5.58121 ; 4.42545 ; 1.01872 ; -1.22642
4.31591 ; 5.61037 ; -1.76429 ; 0.388601
5.46916 ; 6.2216 ; -0.712622 ; 1.45545
4.36744 ; 5.83741 ; -1.20157 ; 0.584852
5.35183 ; 5.28274 ; 0.56868 ; -0.577411
4.93724 ; 5.26387 ; -1.12399 ; -1.17935
4.70907 ; 5.87903 ; -1.24946 ; 0.0693105
4.82348 ; 5.34547 ; -1.00802 ; -0.513666
5.39084 ; 4.24432 ; -0.650596 ; -1.35744
6.31997 ; 3.90743 ; 1.02891 ; -1.57972
5.31514 ; 6.34263 ; -0.110663 ; 1.63283
5.58947 ; 5.25043 ; -0.585429 ; -0.0765924
6.20064 ; 6.63652 ; 1.4773 ; 1.80113
5.15186 ; 4.7662 ; 0.088958 ; -1.81666
6.84895 ; 5.00084 ; 1.71252 ; -1.04796
5.37199 ; 5.61802 ; 0.158483 ; 0.286163
5.2852 ; 4.59985 ; -1.1377 ; -1.70835
6.79743 ; 5.7281 ; 1.56134 ; -0.100068
6.20327 ; 6.03918 ; 0.496573 ; 1.81257
5.88728 ; 6.43678 ; -0.224163 ; 0.893431
5.6971 ; 5.40549 ; 0.73443 ; -0.753279
6.14439 ; 5.14254 ; 1.03658 ; -1.01447
6.10003 ; 6.58982 ; 0.536375 ; 1.02727
4.83166 ; 6.84698 ; -0.398282 ; 1.34493
5.54456 ; 4.73478 ; 0.145446 ; -1.52744
4.94954 ; 4.68265 ; -0.875328 ; -1.65533
6.34636 ; 4.48892 ; 1.33722 ; -1.12002
4.36258 ; 4.22989 ; -1.7295 ; -1.46537
5.92072 ; 5.11939 ; 1.14879 ; -1.37032
5.83603 ; 6.86335 ; 0.719754 ; 1.53106
5.03746 ; 5.92507 ; -0.0730892 ; 1.36497
5.45989 ; 6.40765 ; 0.36478 ; 1.1516
5.49599 ; 4.59656 ; -0.138009 ; -1.20709
6.40581 ; 5.10576 ; 1.14717 ; -0.2805
4.35534 ; 5.86429 ; -1.56134 ; 1.07555
5.98472 ; 5.15366 ; 1.31743 ; -0.00366703
6.0538 ; 5.85791 ; 1.48844 ; -0.121557
5.04546 ; 6.6033 ; -0.967641 ; 1.78711
5.73258 ; 5.72142 ; 0.412974 ; 0.147072
5.3082 ; 5.72899 ; -1.16526 ; 0.764899
6.63283 ; 5.50451 ; 1.20306 ; -0.748637
6.01463 ; 4.74268 ; 0.942441 ; -1.55922
5.93027 ; 4.68221 ; 0.491665 ; -1.20495
4.57586 ; 5.56976 ; -1.686 ; -0.173029
5.70213 ; 5.07199 ; 1.18385 ; 0.0608069
5.38797 ; 6.26135 ; -0.106636 ; 1.15554
6.57055 ; 4.70126 ; 1.3233 ; -1.05364
6.02044 ; 5.21317 ; 0.880407 ; -1.36781
5.46226 ; 6.18873 ; 0.335105 ; 1.57176
4.1589 ; 6.01046 ; -1.61897 ; 1.04307
5.25694 ; 6.18771 ; 0.0979678 ; 1.59025
4.81776 ; 6.03488 ; -1.36811 ; 0.495459
6.58142 ; 5.7647 ; 1.35346 ; 0.368548
4.93856 ; 6.17824 ; -1.25608 ; 1.02881
6.00061 ; 4.93055 ; 1.54464 ; -0.760939
5.55886 ; 4.55412 ; -0.224797 ; -1.48489
6.28278 ; 4.58361 ; 1.60969 ; -1.32258
4.90448 ; 5.08968 ; -0.959176 ; -0.0587837
5.57768 ; 5.59655 ; 0.743843 ; -0.495348
5.83717 ; 5.37054 ; 0.207244 ; -0.590955
4.9399 ; 5.02535 ; -0.935267 ; -1.69347
7.02834 ; 5.10237 ; 1.65469 ; -0.948627
4.61777 ; 4.91287 ; -1.74578 ; -0.57907
5.94418 ; 5.61312 ; 0.0669861 ; -0.0560182
5.58921 ; 6.22372 ; 0.0231593 ; 0.714794
4.3163 ; 5.89244 ; -1.68428 ; 1.53736
5.83734 ; 4.08651 ; 0.509655 ; -1.86957
6.49613 ; 6.22733 ; 1.25448 ; 0.951357
5.22755 ; 6.14538 ; 0.197158 ; 0.737164
5.86357 ; 5.72487 ; 1.1071 ; 0.530332
5.95934 ; 4.65812 ; 1.30145 ; -1.40806
5.28569 ; 5.98348 ; 0.121768 ; 0.533222
4.788 ; 4.71721 ; -0.843066 ; -0.689042
5.32632 ; 4.83014 ; -0.478565 ; -1.03766
6.47684 ; 5.97778 ; 1.15119 ; 1.17991
5.81749 ; 7.05422 ; 0.0275296 ; 1.5734
5.92037 ; 4.11415 ; 0.797358 ; -1.77661
5.82279 ; 5.51271 ; -0.119426 ; -0.503176
5.24681 ; 4.79719 ; -0.528183 ; -0.956727
4.4554 ; 5.00902 ; -1.57921 ; -0.0509387
6.11441 ; 5.82623 ; 1.58094 ; 0.958719
6.72581 ; 4.54225 ; 1.6151 ; -1.34519
4.6842 ; 4.91168 ; -1.8126 ; -0.790281
4.97299 ; 4.25318 ; -1.25146 ; -1.68242
5.26674 ; 5.24311 ; -0.183409 ; -1.00364
4.67145 ; 6.03863 ; -1.02516 ; 1.13122
5.59719 ; 4.97045 ; -0.555292 ; -1.74836
4.62721 ; 6.4519 ; -1.68708 ; 1.11321
5.0094 ; 6.86308 ; -1.06794 ; 1.81787
6.25684 ; 5.5344 ; 0.815501 ; -0.165734
4.77075 ; 4.97032 ; -1.19617 ; -0.52449
6.6869 ; 4.80546 ; 1.8403 ; -0.338721
6.21977 ; 4.33466 ; 1.26126 ; -1.87562
4.72589 ; 6.29902 ; -1.37387 ; 1.21438
6.69007 ; 5.20202 ; 1.68585 ; -1.0807
6.54272 ; 4.65623 ; 1.72241 ; -1.24229
6.60024 ; 5.02478 ; 1.26286 ; -0.53547
5.86699 ; 5.93012 ; 1.51879 ; 0.326111
6.85135 ; 4.88102 ; 1.61169 ; -1.25867
5.48205 ; 6.08137 ; 0.544107 ; 1.2281
5.6906 ; 5.30587 ; -0.18238 ; -0.677933
5.71214 ; 5.81368 ; -0.238509 ; 0.19297
6.371 ; 6.20895 ; 1.60337 ; 1.1622
4.71645 ; 6.30176 ; -1.77868 ; 1.66418
6.1896 ; 6.15443 ; 0.34939 ; 0.613546
5.00695 ; 6.51761 ; -0.353526 ; 1.15453
4.5332 ; 5.16259 ; -1.10823 ; -0.583261
6.07747 ; 6.79566 ; 0.984411 ; 1.68533
5.53934 ; 5.81336 ; -0.604061 ; 0.400046
5.47669 ; 5.54867 ; -0.309454 ; -0.674615
5.95664 ; 5.51235 ; 0.179995 ; 0.00366612
5.96675 ; 6.06684 ; 0.897617 ; 1.07037
5.40035 ; 5.16402 ; -0.543956 ; -1.36872
6.49174 ; 4.58928 ; 1.0532 ; -1.20412
5.73612 ; 5.96712 ; -0.0031261 ; 0.838856
6.15112 ; 6.41244 ; 0.984694 ; 1.35505
5.58991 ; 6.40014 ; -0.557478 ; 1.61952
5.68651 ; 5.99559 ; 0.386053 ; 1.51369
6.51449 ; 4.93209 ; 1.42392 ; -0.660154
5.84914 ; 5.147 ; -0.00243659 ; -0.817793
6.74441 ; 5.08842 ; 1.46446 ; 0.235335
6.58319 ; 3.96859 ; 1.24091 ; -1.43941
4.64979 ; 5.96775 ; -1.85105 ; 0.910282
6.08931 ; 5.5532 ; 0.979323 ; 0.0179267
5.96201 ; 6.97841 ; 0.923984 ; 1.64781
5.1508 ; 6.32919 ; -1.32729 ; 1.62012
5.8944 ; 6.30234 ; 1.25546 ; 1.43783
5.1707 ; 6.24168 ; -0.497969 ; 1.36702
6.18379 ; 4.84316 ; 1.84144 ; -0.403494
5.84962 ; 4.76064 ; 0.686985 ; -0.761741
6.14676 ; 6.09241 ; 0.295046 ; 0.509108
4.48785 ; 5.23808 ; -1.75904 ; -0.824264
4.81408 ; 4.73948 ; -0.882406 ; -1.51132
5.3903 ; 6.96653 ; -0.0419955 ; 1.69707
6.51115 ; 5.75592 ; 1.48948 ; 0.88631
5.74176 ; 4.53354 ; 0.851594 ; -1.86303
5.21416 ; 5.52887 ; 0.131248 ; 0.880761
5.02674 ; 4.80201 ; -0.925518 ; -1.4999
5.65351 ; 6.43226 ; -0.210476 ; 1.20992
4.46474 ; 5.51925 ; -1.33555 ; -0.624076
6.44882 ; 4.6663 ; 1.00389 ; -1.32909
4.277 ; 5.16544 ; -1.62831 ; -1.18044
5.4458 ; 4.9456 ; -0.128264 ; -1.40945
5.46651 ; 6.66472 ; -0.829701 ; 1.08287
4.84577 ; 6.11165 ; -0.491791 ; 1.47348
6.39281 ; 6.64538 ; 1.35716 ; 1.55445
6.37077 ; 6.65067 ; 1.69833 ; 1.04766
4.35136 ; 4.52757 ; -1.7439 ; -0.958975
4.00869 ; 5.37646 ; -1.61835 ; -0.945992
4.98359 ; 4.00233 ; -0.74726 ; -1.56592
4.54413 ; 6.9026 ; -0.646034 ; 1.29146
5.89045 ; 6.47345 ; 1.49268 ; 1.18244
4.90623 ; 6.24608 ; -1.67256 ; 0.631896
6.12909 ; 4.75609 ; 0.944794 ; -1.37881
5.8142 ; 5.96026 ; 1.33583 ; 1.58095
4.65017 ; 4.82283 ; -1.0209 ; -1.55433
5.30365 ; 4.77953 ; 0.424064 ; -0.696398
6.08748 ; 5.1717 ; 1.35407 ; -0.37302
5.56183 ; 5.34176 ; 0.683068 ; -1.04108
5.54771 ; 5.28709 ; -0.327271 ; -0.160713
3.92327 ; 4.35265 ; -1.51776 ; -1.49648
5.48051 ; 4.93815 ; -0.908357 ; -0.575705
6.31609 ; 5.57147 ; 0.63565 ; -0.49962
5.86665 ; 4.51756 ; 1.39956 ; -1.43741
6.09457 ; 5.9611 ; 0.782573 ; 0.247354
4.37278 ; 5.2201 ; -1.85402 ; -0.0673196
5.68969 ; 4.00386 ; 0.075648 ; -1.7119
4.64007 ; 4.55906 ; -1.65112 ; -0.929607
6.64358 ; 4.74186 ; 1.4827 ; -0.689367
4.57349 ; 5.6057 ; -0.731142 ; 1.05763
5.22299 ; 4.22099 ; -1.00071 ; -1.54217
5.85594 ; 5.8804 ; 0.944665 ; 0.583266
4.8748 ; 5.43025 ; -0.873369 ; 0.193442
5.95124 ; 5.25469 ; 1.42198 ; 0.370285
4.605 ; 5.05787 ; -1.34125 ; -0.844455
4.76172 ; 6.01258 ; -1.4396 ; 0.219067
4.99289 ; 6.06448 ; -0.570887 ; 1.19835
5.91035 ; 6.00279 ; 0.124641 ; 1.34116
4.82989 ; 6.28177 ; -1.65345 ; 1.24838
4.96457 ; 4.88891 ; -0.609564 ; -0.740646
3.8916 ; 4.89711 ; -1.68935 ; -0.940525
5.79732 ; 6.394 ; 0.800216 ; 1.8899
4.71571 ; 4.18387 ; -0.632908 ; -1.45649
5.82105 ; 5.64398 ; 0.470943 ; -0.193923
4.82677 ; 4.98365 ; -1.0147 ; -0.416684
4.85106 ; 5.17203 ; -0.510231 ; -0.347987
5.29624 ; 4.76853 ; 0.482927 ; -0.920962
5.65486 ; 4.29674 ; 0.889068 ; -1.86319
4.10558 ; 4.7737 ; -1.64967 ; -0.970672
4.26782 ; 5.52492 ; -1.6154 ; -0.508679
4.43636 ; 5.95338 ; -1.22783 ; 0.261665
4.54798 ; 6.11546 ; -1.10999 ; 1.11786
5.42346 ; 5.54266 ; 0.115449 ; 0.270063
5.06173 ; 5.58417 ; -0.996208 ; -0.558196
4.98659 ; 4.5629 ; -1.05214 ; -1.61929
5.25623 ; 5.60558 ; -0.747255 ; 0.0612599
5.97424 ; 4.9346 ; 0.116747 ; -1.00531
4.95006 ; 5.1669 ; -1.54807 ; 0.129751
6.18763 ; 3.95874 ; 0.770438 ; -1.61476
5.91827 ; 6.20679 ; 0.986077 ; 1.38245
6.73532 ; 5.80636 ; 1.95852 ; 1.36592
5.10894 ; 6.09729 ; -0.28337 ; 1.8006
5.48918 ; 5.52939 ; -0.815347 ; 0.509233
5.26429 ; 6.58523 ; -0.985431 ; 1.56252
6.09026 ; 5.67804 ; 1.34333 ; 0.705291
4.26972 ; 4.73972 ; -1.75423 ; -1.26858
4.73806 ; 5.86745 ; -1.26496 ; 1.38531
5.08185 ; 4.52314 ; -0.519242 ; -1.59437
4.78801 ; 4.36529 ; -1.0025 ; -1.89145
5.66038 ; 5.47696 ; 0.0136047 ; -0.614328
6.32702 ; 4.61635 ; 0.617517 ; -1.56045
6.29165 ; 5.9953 ; 0.908904 ; 0.1835
5.5629 ; 4.82297 ; 0.377102 ; -1.45054
4.29175 ; 4.46978 ; -1.45813 ; -1.07779
5.19037 ; 5.25416 ; 0.250271 ; 0.023929
5.55192 ; 6.00236 ; 0.71483 ; 0.676758
4.65317 ; 6.39726 ; -1.68065 ; 0.660839
6.07385 ; 4.85238 ; 1.52846 ; -0.679219
6.35105 ; 4.29147 ; 1.64073 ; -1.51714
5.21346 ; 5.7464 ; -0.953451 ; -0.254433
5.7998 ; 5.11371 ; -0.324387 ; -0.542943
5.1293 ; 5.05359 ; -0.858184 ; -1.39437
5.01787 ; 4.47977 ; -1.28682 ; -1.20405
6.81568 ; 4.35053 ; 1.68725 ; -0.9233
6.78769 ; 6.7761 ; 1.58697 ; 1.40694
4.97468 ; 6.59947 ; -0.184357 ; 1.82871
5.20908 ; 6.64305 ; 0.0883982 ; 1.37486
6.28059 ; 5.72761 ; 1.28494 ; 0.147001
6.23542 ; 6.40143 ; 0.822999 ; 1.68125
6.65588 ; 4.53344 ; 1.52702 ; -1.57962
5.50315 ; 5.88612 ; 0.5686 ; 1.0062
4.34415 ; 4.94967 ; -1.63935 ; -1.04975
5.62687 ; 6.36999 ; 0.0226854 ; 0.6765
4.36604 ; 4.27904 ; -1.36061 ; -1.47676
5.18618 ; 4.62937 ; -1.13255 ; -1.77326
5.41775 ; 4.46174 ; 0.0297574 ; -1.66373
4.38068 ; 6.02494 ; -1.51172 ; 0.638557
6.10953 ; 5.65286 ; 1.79873 ; 0.368713
6.00994 ; 6.84427 ; 1.03905 ; 1.41925
6.25552 ; 4.18627 ; 1.36423 ; -1.41312
6.49407 ; 6.04948 ; 1.5563 ; 1.72928
4.42555 ; 5.70169 ; -1.0693 ; -0.35387
4.93283 ; 5.77528 ; -0.610156 ; -0.0791927
6.40793 ; 5.76392 ; 1.01907 ; 0.466488
5.11216 ; 4.83495 ; -1.47768 ; -1.28375
5.17576 ; 4.59018 ; 0.118337 ; -1.37695
4.71905 ; 5.15643 ; -1.53998 ; -1.28103
5.68878 ; 4.624 ; 0.387002 ; -1.33659
6.29218 ; 5.68284 ; 1.53761 ; 0.275888
5.00758 ; 5.93583 ; -0.232483 ; 1.30833
5.31927 ; 6.32394 ; -0.35295 ; 0.882464
5.29456 ; 5.19634 ; 0.0344167 ; -0.403851
5.38961 ; 6.03489 ; -0.189733 ; 1.17111
5.62967 ; 4.4035 ; -0.303252 ; -1.18539
4.65672 ; 5.45073 ; -1.62394 ; -0.0727716
5.60929 ; 4.34166 ; -0.450487 ; -1.95147
6.01 ; 5.42261 ; 1.5203 ; 0.610573
