6.91382 ; 8.24502 ; 4.75925 ; 1.68183
6.79355 ; 2.79179 ; 4.82437 ; -4.15167
6.6281 ; 3.85678 ; 4.9869 ; -4.89051
3.56908 ; 2.96716 ; -4.18411 ; -4.22651
8.32487 ; 7.20025 ; 3.43183 ; 3.92329
3.61853 ; 2.88169 ; -4.21097 ; -4.15942
7.37067 ; 6.87098 ; 4.54305 ; 4.40798
7.73301 ; 2.29966 ; 4.07001 ; -3.38821
5.28033 ; 3.30075 ; 5.08223 ; -4.58202
6.97921 ; 6.51046 ; 4.80862 ; 4.69663
6.50071 ; 7.8998 ; 5.01477 ; 3.04072
2.57379 ; 7.04678 ; -2.3304 ; 3.96228
5.50872 ; 6.66836 ; -5.50894 ; -4.3681
8.17983 ; 3.7781 ; -2.43576 ; -4.87848
3.68619 ; 5.14535 ; 3.69322 ; -5.62471
2.5351 ; 5.84667 ; -0.612846 ; 5.08181
4.75118 ; 5.21679 ; -5.10593 ; -5.24967
7.1282 ; 5.72791 ; 4.78135 ; 5.01461
7.48936 ; 7.55736 ; 4.30708 ; 3.6002
8.70155 ; 5.83931 ; -0.490475 ; 5.10931
7.67946 ; 7.06377 ; 4.27635 ; 4.2132
3.77833 ; 6.86574 ; -4.39794 ; 4.38135
7.07591 ; 6.50977 ; 4.75694 ; 4.68768
2.64362 ; 6.70053 ; -2.6448 ; 4.33385
5.34889 ; 6.03799 ; -5.16864 ; 4.99385
4.85634 ; 2.9056 ; 4.98899 ; -4.14348
8.58794 ; 3.58813 ; 2.99758 ; -4.63262
8.38432 ; 3.37346 ; 3.46085 ; -4.42942
3.46397 ; 2.79121 ; -4.03875 ; -4.03297
2.67562 ; 8.23026 ; -1.20332 ; -0.496585
6.56364 ; 6.52426 ; 4.99404 ; 4.71166
7.78552 ; 4.26671 ; 4.25555 ; -5.01794
6.70318 ; 6.24284 ; 4.96285 ; 4.86095
7.10122 ; 1.83487 ; 4.63517 ; -1.09028
5.25608 ; 4.83332 ; -5.27829 ; -5.31208
7.18844 ; 3.51477 ; 4.67949 ; -4.69895
6.22894 ; 5.24733 ; -5.34967 ; -5.49446
4.64002 ; 3.83184 ; -4.97324 ; -4.92662
4.27157 ; 6.69962 ; -4.73415 ; 4.56149
7.07001 ; 2.01152 ; -5.31266 ; -1.73821
3.93689 ; 2.42955 ; -4.35199 ; -3.65831
4.23077 ; 6.63932 ; -4.70295 ; 4.59479
2.77153 ; 2.6159 ; -2.8365 ; -3.58148
3.8712 ; 4.21738 ; -4.55197 ; -5.01911
4.30425 ; 7.5028 ; -4.68709 ; 3.77451
4.58444 ; 3.96569 ; -4.95415 ; -4.98237
7.63286 ; 3.1957 ; 4.34399 ; -4.43523
4.67371 ; 3.80879 ; -4.9872 ; -4.8902
5.40409 ; 5.57873 ; -5.38344 ; -5.22077
7.72672 ; 2.935 ; 4.21819 ; -4.21018
4.76537 ; 4.24711 ; -5.06008 ; -5.11118
7.73336 ; 2.98675 ; 4.22328 ; -4.25322
4.12856 ; 3.57331 ; -4.69054 ; -4.74283
3.77493 ; 6.94785 ; -4.38191 ; 4.31814
8.48264 ; 8.05537 ; 2.16838 ; -1.56381
4.61119 ; 7.18911 ; -4.86489 ; 4.16959
7.33314 ; 3.08644 ; 4.53918 ; -4.39719
4.48938 ; 6.60548 ; -4.85324 ; 4.63875
7.4742 ; 3.15195 ; 4.45346 ; -4.43025
6.75926 ; 6.23228 ; 4.94015 ; 4.8621
8.91891 ; 3.17924 ; 1.78599 ; -4.2033
3.87419 ; 3.28279 ; -4.49177 ; -4.53022
4.30155 ; 6.67237 ; -4.75304 ; 4.58164
4.82102 ; 3.97535 ; 4.93825 ; -5.0512
7.92137 ; 7.34442 ; 3.97433 ; 3.86732
7.27876 ; 6.48535 ; -3.98592 ; 4.68502
6.88739 ; 4.06497 ; 4.89104 ; -4.99737
7.04018 ; 3.48852 ; 4.75177 ; -4.70003
4.712 ; 3.74578 ; -4.99531 ; -4.88946
4.56873 ; 8.02931 ; -4.86743 ; 2.59707
4.45636 ; 4.0299 ; 4.64318 ; -5.08761
8.30912 ; 4.71302 ; -1.84324 ; -5.49021
7.2182 ; 3.45796 ; 4.65564 ; -4.66279
7.30449 ; 7.97352 ; -5.28688 ; -0.908037
4.7801 ; 5.00451 ; -5.09496 ; 5.0398
7.58099 ; 6.98342 ; 4.37308 ; 4.30047
7.14753 ; 4.0649 ; 4.75194 ; -4.96876
6.47279 ; 4.21895 ; 5.07845 ; -5.08476
7.32919 ; 3.80859 ; 4.61456 ; -4.84203
7.37573 ; 5.55142 ; 4.6199 ; 5.06346
6.89523 ; 8.1708 ; 4.82207 ; 0.819102
7.19909 ; 6.8331 ; 4.65406 ; 4.46967
4.69494 ; 6.36173 ; -4.96859 ; 4.79122
4.16114 ; 3.43637 ; -4.69542 ; -4.66648
7.23281 ; 6.53721 ; 4.66899 ; 4.6544
3.84142 ; 4.66402 ; 3.65773 ; -5.44532
6.51101 ; 6.61346 ; 5.00191 ; 4.66289
5.44164 ; 5.71837 ; 5.18337 ; 4.98378
5.52575 ; 7.78534 ; 5.34227 ; 3.12499
3.77613 ; 6.98962 ; -4.37531 ; 4.28612
4.29114 ; 6.78022 ; -4.73543 ; 4.50869
5.01124 ; 6.3278 ; -4.47313 ; -4.87944
7.16301 ; 4.07342 ; 4.73835 ; -4.96554
7.90227 ; 3.32513 ; 4.1127 ; -4.49019
2.6953 ; 3.03887 ; -2.76828 ; -4.10084
7.64054 ; 7.02378 ; 4.31773 ; 4.25531
6.49964 ; 2.63779 ; -5.7088 ; 3.00379
4.91987 ; 2.819 ; -5.02079 ; -4.19283
2.60745 ; 3.93758 ; -0.0266153 ; -4.9642
7.39438 ; 6.53684 ; 4.56983 ; 4.63659
3.9498 ; 6.92718 ; -4.51204 ; 4.36207
7.06183 ; 3.39695 ; 4.73397 ; -4.64281
2.87474 ; 4.18309 ; -0.602178 ; -5.10344
6.10933 ; 2.04119 ; 5.34907 ; -0.692863
4.88671 ; 3.59984 ; -5.20006 ; 4.39067
4.01049 ; 3.21844 ; -4.57545 ; -4.50541
3.89834 ; 7.29625 ; 3.56665 ; 3.7519
4.11588 ; 5.4874 ; -4.71813 ; 5.05848
6.99098 ; 3.92499 ; 4.77586 ; 4.81994
6.76817 ; 3.8688 ; 5.00861 ; 4.68474
5.61309 ; 5.74267 ; 5.27595 ; 4.13786
7.28964 ; 5.22945 ; -4.31775 ; 5.44679
7.21183 ; 6.0151 ; 4.72114 ; 4.91415
6.9896 ; 4.32718 ; 4.84864 ; -5.08237
8.7543 ; 6.11466 ; -0.239241 ; 4.9076
6.74321 ; 5.96023 ; 4.96993 ; 4.98201
7.34519 ; 3.27704 ; 4.55774 ; -4.53632
4.1426 ; 4.92955 ; -4.74787 ; -5.20203
7.09715 ; 1.93873 ; 4.59806 ; -2.57393
4.32401 ; 5.22622 ; -4.85315 ; 5.1074
6.83087 ; 6.62396 ; 4.86612 ; 4.64055
6.11732 ; 5.27293 ; -5.30116 ; 5.33213
2.63787 ; 3.43952 ; -0.38684 ; 5.16313
8.79209 ; 7.72154 ; -0.672011 ; 2.59989
6.10556 ; 3.62899 ; -5.59545 ; 4.82291
4.51801 ; 1.91217 ; -4.83995 ; -2.3186
7.3805 ; 6.25497 ; 4.59593 ; 4.78838
3.63041 ; 2.97923 ; -4.24222 ; -4.24985
4.62627 ; 2.57981 ; -4.87781 ; -3.91807
4.82836 ; 6.93288 ; -4.97188 ; 4.41158
7.32254 ; 3.25242 ; 4.5682 ; -4.52265
7.37482 ; 1.82512 ; 4.35483 ; 0.0283685
3.94612 ; 6.95102 ; -4.50584 ; 4.34319
3.60793 ; 6.35389 ; -4.29846 ; 4.69163
4.66599 ; 3.72727 ; 4.72766 ; -4.88056
3.15893 ; 5.10969 ; 2.13673 ; -5.66232
4.09086 ; 6.58312 ; -4.64632 ; 4.61218
6.87698 ; 6.59811 ; 4.84743 ; 4.65339
7.21207 ; 6.61415 ; 4.67194 ; 4.6131
7.80119 ; 6.75208 ; 4.2156 ; 4.44225
6.90443 ; 4.48547 ; 4.9079 ; -5.12895
7.90799 ; 6.93845 ; 4.0782 ; 4.27675
5.51391 ; 5.69592 ; 5.25702 ; 5.1787
6.87209 ; 1.98076 ; 4.84458 ; 0.547023
7.51882 ; 3.59563 ; 4.47651 ; -4.70575
6.89577 ; 8.06102 ; 4.82404 ; 1.25362
7.77634 ; 6.17913 ; -2.98725 ; 4.90984
4.27982 ; 6.1578 ; -4.79375 ; 4.85432
3.85911 ; 2.77776 ; -4.39807 ; -4.09536
3.53332 ; 2.95709 ; -4.14765 ; -4.21041
5.97382 ; 5.31035 ; -5.42714 ; -5.46131
6.11933 ; 6.83083 ; 5.3777 ; -4.13821
3.60059 ; 2.8703 ; -4.1928 ; -4.14514
2.78496 ; 7.76732 ; -2.44681 ; 1.50994
7.27391 ; 6.57751 ; 4.64132 ; 4.62722
7.37632 ; 6.14931 ; 4.60791 ; 4.83809
3.70404 ; 2.99482 ; -4.30298 ; -4.23706
6.22734 ; 4.53099 ; 5.18414 ; -5.21974
7.68638 ; 3.12766 ; 4.29032 ; -4.37612
4.25544 ; 4.5006 ; -4.82091 ; -5.13407
7.51072 ; 7.00943 ; 4.42259 ; 4.29044
5.00824 ; 2.40549 ; -5.11873 ; -3.4993
7.0884 ; 8.18622 ; 4.64666 ; -0.0793685
6.50559 ; 6.17914 ; 5.04425 ; 4.90616
6.18117 ; 6.30991 ; 5.11455 ; 4.85421
8.72469 ; 5.73855 ; 2.6229 ; 4.59887
3.11574 ; 1.77662 ; -3.08835 ; -1.50052
4.52233 ; 6.69711 ; -4.857 ; 4.58199
7.94177 ; 7.6987 ; 3.84421 ; 3.34123
2.65455 ; 2.40847 ; -2.39144 ; -3.17159
2.79637 ; 6.47929 ; -3.07675 ; 4.55105
7.63421 ; 7.03326 ; 4.32088 ; 4.24889
6.43589 ; 3.7957 ; 5.04152 ; -4.91434
4.97326 ; 6.05165 ; 5.4199 ; -5.11551
7.26218 ; 6.65976 ; 4.63793 ; 4.57945
6.11208 ; 5.0092 ; -5.06679 ; -5.42476
5.84706 ; 4.24107 ; -5.25448 ; -5.18111
3.80584 ; 6.8753 ; -4.4172 ; 4.37884
6.26748 ; 3.96741 ; -5.1605 ; -5.02353
8.36506 ; 2.04463 ; -2.01453 ; 1.39131
3.951 ; 5.88535 ; -4.59298 ; 4.93434
4.04265 ; 2.85473 ; -4.54612 ; -4.19883
6.64618 ; 4.24032 ; 5.01465 ; -5.08739
7.47813 ; 3.30041 ; 4.47365 ; -4.53247
6.98407 ; 4.04239 ; 4.83936 ; -4.97877
5.97178 ; 2.90088 ; -5.44252 ; -1.63033
4.44258 ; 4.41941 ; -4.92305 ; -5.1321
4.0361 ; 6.32893 ; -4.63543 ; 4.74582
4.20266 ; 3.61851 ; -4.73809 ; -4.77596
6.66084 ; 3.54951 ; 4.9365 ; -4.76565
2.73762 ; 6.5566 ; -2.92302 ; 4.4863
5.52942 ; 5.8216 ; 5.17551 ; 5.1128
4.25567 ; 3.80233 ; -4.78614 ; -4.87594
6.8784 ; 4.20991 ; 4.90599 ; -5.05227
4.75704 ; 8.12086 ; -5.07628 ; -0.138188
6.33068 ; 4.33778 ; -5.13725 ; -5.24554
7.7177 ; 2.98113 ; 4.23481 ; -4.25171
7.34235 ; 2.59524 ; 4.4723 ; -3.89325
3.70018 ; 6.92892 ; -4.32507 ; 4.32021
3.73678 ; 3.26433 ; -4.38397 ; -4.49676
8.17153 ; 2.53188 ; 3.61554 ; -3.63521
3.67963 ; 7.13768 ; -4.26806 ; 4.13694
4.53122 ; 8.24279 ; -4.85128 ; 1.46034
4.78021 ; 6.23503 ; 4.89419 ; 4.90427
3.65408 ; 2.97191 ; -4.26136 ; -4.24854
3.97912 ; 3.57898 ; -4.59774 ; -4.72896
3.47138 ; 7.29894 ; -4.02624 ; 3.92118
4.26606 ; 6.56787 ; -4.74505 ; 4.64138
8.3904 ; 7.16173 ; 3.3609 ; 3.94323
7.27973 ; 7.61996 ; -4.67947 ; 3.12374
7.46867 ; 3.08103 ; 4.44591 ; -4.3769
5.16374 ; 7.12986 ; 5.56989 ; -3.68016
5.9502 ; 3.3109 ; 5.10409 ; -4.61563
6.60412 ; 5.26922 ; 5.0917 ; -5.22044
5.21875 ; 3.06924 ; -5.06997 ; -4.43365
6.60163 ; 3.95177 ; -4.98357 ; -5.04043
4.28376 ; 3.25565 ; -4.74338 ; -4.56049
3.94579 ; 6.95255 ; -4.50541 ; 4.34259
3.7677 ; 3.10909 ; -4.38316 ; -4.38569
4.25398 ; 3.70465 ; -4.77529 ; -4.82809
3.85874 ; 3.22217 ; -4.47179 ; -4.4868
4.30116 ; 6.17905 ; 4.44995 ; 4.93362
7.75215 ; 3.02927 ; 4.21586 ; -4.28447
5.26445 ; 4.20663 ; 5.16158 ; -5.16993
6.93314 ; 6.01228 ; 4.87655 ; 4.93799
6.80706 ; 3.58385 ; 4.88014 ; -4.77619
3.88939 ; 3.77852 ; 3.62859 ; -4.90314
4.54003 ; 6.06768 ; -4.93031 ; 4.92011
6.90217 ; 3.57527 ; 4.83718 ; -4.75973
5.07401 ; 6.33302 ; 4.98609 ; 4.84236
8.76432 ; 3.48901 ; 0.50056 ; 5.28729
5.04261 ; 1.90459 ; -5.23637 ; -1.2912
5.30373 ; 4.16204 ; -5.3713 ; 5.02179
4.41937 ; 3.95503 ; 4.2633 ; -5.03384
5.27952 ; 3.26509 ; -5.40855 ; 3.81836
5.9602 ; 3.64717 ; -5.56348 ; 4.48302
3.69167 ; 7.01652 ; -4.30278 ; 4.2477
7.20264 ; 6.2363 ; -4.16464 ; 4.88588
8.24093 ; 5.98362 ; -1.20715 ; 5.02947
4.20388 ; 3.26864 ; -4.69977 ; -4.56199
7.92788 ; 2.80071 ; 3.99801 ; -4.03509
3.7367 ; 7.07997 ; -4.3273 ; 4.19374
7.44115 ; 6.87537 ; 4.49545 ; 4.40828
8.28617 ; 3.55123 ; 3.23099 ; 4.78626
8.40425 ; 4.06692 ; 0.770091 ; -5.04829
4.39004 ; 6.55683 ; -4.81147 ; 4.65926
7.78508 ; 2.95594 ; 3.98689 ; 3.7163
3.94749 ; 6.70117 ; -4.54264 ; 4.52196
7.90447 ; 2.76171 ; 4.01183 ; -4.00086
5.95104 ; 7.42524 ; -5.24359 ; 3.71777
5.58487 ; 5.34873 ; 5.30485 ; 5.28899
7.57135 ; 5.69972 ; -3.08699 ; 5.21889
3.98301 ; 6.55649 ; -4.58243 ; 4.61422
2.75243 ; 5.34838 ; -2.73708 ; 5.22217
8.81939 ; 5.37956 ; 1.51471 ; 5.32593
7.94356 ; 6.26824 ; 4.10938 ; 4.73065
3.60971 ; 7.17204 ; -4.19682 ; 4.08847
6.14419 ; 7.99605 ; -5.65435 ; 0.526673
4.87424 ; 4.38542 ; -5.17154 ; 5.03705
4.41455 ; 2.02779 ; -4.74906 ; -2.85787
6.24137 ; 6.47711 ; 5.08537 ; 4.75521
5.19486 ; 6.19162 ; 5.26326 ; 3.33454
7.2909 ; 3.29364 ; 4.59251 ; -4.55382
3.96581 ; 6.5114 ; -4.57548 ; 4.63752
7.55087 ; 6.8264 ; 4.42267 ; 4.42749
6.5392 ; 6.30322 ; 5.01984 ; 4.84156
6.46054 ; 6.45745 ; 5.01852 ; 4.75933
7.75862 ; 2.96782 ; 4.19844 ; -4.23199
3.44798 ; 2.70836 ; -3.99926 ; -3.93708
3.95151 ; 4.07131 ; -4.60846 ; -4.96769
5.41488 ; 4.90599 ; 5.21456 ; -5.39621
8.12507 ; 4.93787 ; -2.65509 ; -5.59203
3.76788 ; 6.98968 ; -4.36948 ; 4.28462
7.61095 ; 2.98826 ; 4.32438 ; -4.27756
2.70104 ; 5.90642 ; 0.545045 ; 5.07102
4.81895 ; 6.24848 ; -5.02466 ; 4.86126
8.58492 ; 4.02953 ; -0.900406 ; -5.05229
8.2683 ; 6.73781 ; 3.01888 ; -4.5892
4.54096 ; 1.98101 ; -4.83609 ; -2.70801
7.67894 ; 5.15324 ; 4.30927 ; -5.20665
6.39184 ; 6.35482 ; 5.06153 ; 4.80671
3.40968 ; 2.72786 ; -3.96125 ; -3.94894
4.27753 ; 3.34596 ; -4.74968 ; -4.62064
8.39897 ; 7.65048 ; 3.15993 ; 3.24162
7.18042 ; 3.64611 ; 4.69912 ; -4.76913
5.55701 ; 4.43085 ; -5.28313 ; -5.22468
6.74141 ; 3.78076 ; 4.93161 ; -4.88102
2.60647 ; 6.01638 ; -2.43114 ; 4.89023
3.69825 ; 2.55637 ; -4.21552 ; -3.80405
4.75837 ; 3.6087 ; -5.11781 ; 4.25117
6.40388 ; 3.96907 ; 5.13761 ; 1.71135
2.82536 ; 4.13469 ; -3.13478 ; -5.00121
7.82602 ; 2.76977 ; 4.09215 ; -4.02716
7.90217 ; 2.80833 ; 4.02599 ; -4.04928
3.71869 ; 3.09333 ; -4.34068 ; -4.36362
7.27456 ; 6.48773 ; 4.64755 ; 4.67886
7.48656 ; 3.8423 ; -3.77455 ; -4.93718
3.60443 ; 2.91184 ; -4.20481 ; -4.18426
7.58364 ; 6.73529 ; 4.40876 ; 4.48766
2.49165 ; 7.99317 ; -1.11468 ; 1.9417
7.9515 ; 7.28226 ; 3.95791 ; 3.93142
4.18081 ; 6.50105 ; -4.70723 ; 4.66872
4.42492 ; 4.38924 ; -4.88364 ; -4.3143
4.53213 ; 8.02902 ; -4.76631 ; -0.917535
7.4607 ; 3.13331 ; 4.45954 ; -4.41856
7.57895 ; 3.70592 ; 4.32122 ; 4.61776
7.19922 ; 3.56747 ; 4.67918 ; -4.72748
3.72883 ; 7.12317 ; -4.31246 ; 4.16036
5.93845 ; 3.50929 ; 5.12227 ; -4.75893
7.34079 ; 5.80274 ; 4.64421 ; 4.97423
4.31869 ; 7.14884 ; -4.71955 ; 4.1975
3.81981 ; 3.52289 ; -4.45594 ; -4.68315
7.97803 ; 6.36912 ; 4.06537 ; 4.67603
3.23933 ; 2.81576 ; 3.10163 ; -3.35972
4.60532 ; 6.8006 ; -4.89834 ; 4.49347
5.45485 ; 4.71418 ; -5.25933 ; -5.30637
8.09983 ; 7.95108 ; 3.48484 ; 2.7228
7.36556 ; 2.36332 ; 4.42101 ; -3.55896
3.57949 ; 1.97099 ; -3.83588 ; 1.11262
5.75299 ; 5.786 ; 5.25064 ; 5.12775
2.54674 ; 8.06695 ; -1.41258 ; 1.69732
7.79336 ; 7.17701 ; 4.14714 ; 4.08144
3.67913 ; 7.03778 ; -4.28797 ; 4.22746
4.17986 ; 6.30989 ; -4.72531 ; 4.77006
7.74463 ; 2.86748 ; 4.18883 ; -4.14315
6.33903 ; 3.17707 ; -5.09305 ; -4.46628
3.26927 ; 2.91308 ; -3.46686 ; 3.73561
4.99061 ; 6.8382 ; -5.03209 ; 4.48948
4.51134 ; 3.34047 ; -4.88056 ; -4.54513
5.39432 ; 7.75721 ; -5.21763 ; 3.26448
3.96308 ; 6.81359 ; -4.53833 ; 4.44812
7.38902 ; 3.50825 ; 4.55804 ; -4.67108
3.97966 ; 3.17929 ; -4.54979 ; -4.4734
3.09573 ; 5.66093 ; -3.64672 ; 5.01502
5.54676 ; 2.01482 ; -5.49208 ; -1.12587
2.69663 ; 6.11441 ; -2.43233 ; 4.85161
3.15696 ; 2.59605 ; 2.85287 ; -3.37374
4.87922 ; 8.14167 ; -5.07839 ; 2.07982
7.58366 ; 3.11804 ; 4.36833 ; -4.38729
3.8301 ; 3.20162 ; -4.44776 ; -4.46749
4.67833 ; 4.91991 ; 5.07822 ; 5.4673
6.71784 ; 3.32771 ; 4.89201 ; -4.61962
7.27422 ; 3.3683 ; 4.61249 ; -4.6022
6.55191 ; 5.62726 ; -4.90485 ; 5.23721
7.24241 ; 5.80722 ; 4.67651 ; -4.93363
6.19613 ; 7.39037 ; 5.36542 ; -2.61499
8.82988 ; 6.1197 ; 2.18148 ; 4.83786
3.93133 ; 3.15439 ; -4.51323 ; -4.44822
3.80348 ; 2.9896 ; -4.38985 ; -4.29189
6.7238 ; 6.65837 ; 4.91129 ; 4.62486
3.5157 ; 7.23178 ; -4.09035 ; 4.00568
7.82579 ; 7.19409 ; 4.11192 ; 4.05712
7.72196 ; 7.83133 ; 3.9331 ; -2.10053
6.61925 ; 6.86553 ; -5.60728 ; -4.4821
4.40489 ; 2.47948 ; -4.83692 ; 2.18998
5.02067 ; 6.33018 ; 5.01844 ; 4.84443
7.22313 ; 3.45841 ; 4.65356 ; -4.6623
7.42534 ; 6.23053 ; 4.56909 ; 4.79938
7.33023 ; 3.31305 ; 4.57155 ; -4.56129
6.51158 ; 8.22828 ; 5.08951 ; 1.05341
5.11947 ; 3.36319 ; 5.03176 ; -4.59118
6.93998 ; 7.7104 ; -5.59707 ; -2.24608
4.67775 ; 5.0225 ; -5.0527 ; 5.16158
6.96829 ; 3.68551 ; 4.8161 ; -4.81643
4.26914 ; 6.45698 ; -4.76068 ; 4.70352
6.97429 ; 2.79549 ; 4.72476 ; -4.15224
4.03543 ; 3.85715 ; -4.65625 ; -4.87694
3.93056 ; 3.31424 ; -4.53562 ; -4.55968
4.81051 ; 5.60127 ; -5.08021 ; 5.09967
3.9514 ; 3.47434 ; -4.5671 ; -4.66523
4.09151 ; 6.80353 ; -4.62069 ; 4.4713
3.62191 ; 3.01821 ; -4.24259 ; -4.2815
2.70474 ; 6.39856 ; -2.8332 ; 4.60943
8.58883 ; 8.18002 ; 1.72664 ; -1.06806
3.81102 ; 2.91491 ; 3.66216 ; 4.11692
5.98904 ; 3.59927 ; -5.17013 ; -4.82117
4.51132 ; 5.35479 ; -4.95573 ; 5.11887
7.82515 ; 2.91802 ; 4.12673 ; -4.17318
4.8939 ; 3.29832 ; -5.02238 ; -4.61964
6.46456 ; 2.18917 ; -5.72681 ; 1.30314
4.43581 ; 6.66902 ; -4.82153 ; 4.59492
4.17639 ; 7.53673 ; -4.58822 ; 3.7283
4.49717 ; 5.33705 ; -4.97019 ; -5.18846
4.13345 ; 2.31108 ; -4.54455 ; -3.49403
4.95536 ; 3.8175 ; -5.08604 ; -4.93843
7.22648 ; 6.49555 ; 4.67683 ; 4.67893
7.46414 ; 3.29748 ; 4.48233 ; -4.53271
7.39485 ; 6.69167 ; 4.55232 ; 4.54277
2.70098 ; 6.50516 ; -2.82121 ; 4.52583
7.98267 ; 4.38784 ; 4.04388 ; -5.04822
7.24472 ; 6.20718 ; 4.69 ; 4.82576
4.15045 ; 6.84003 ; -4.64962 ; 4.4526
6.10555 ; 3.83951 ; 5.13288 ; -4.95278
7.15748 ; 6.28002 ; -4.35237 ; 4.85692
5.26124 ; 4.20236 ; -5.20798 ; -5.13169
6.98372 ; 6.4479 ; 4.81337 ; 4.73023
3.18744 ; 7.84277 ; 3.37595 ; -2.28255
4.67816 ; 2.93233 ; 4.89711 ; -4.15152
7.95594 ; 7.1485 ; 3.98439 ; 4.07098
7.93589 ; 6.83394 ; 4.06459 ; 4.35783
3.82851 ; 3.28726 ; -4.4593 ; -4.52645
4.14752 ; 6.90764 ; -4.64104 ; 4.40107
5.95094 ; 5.03694 ; 5.31831 ; 5.29562
4.86454 ; 7.41846 ; -5.05384 ; 3.39359
6.1648 ; 6.80463 ; -5.09471 ; 4.47452
4.42732 ; 4.98731 ; -4.92839 ; -5.21819
7.09697 ; 3.75547 ; 4.75667 ; -4.83817
3.72445 ; 6.96882 ; -4.33858 ; 4.29303
5.04659 ; 4.73552 ; -5.20294 ; -5.26715
4.22978 ; 6.62264 ; -4.7221 ; 4.60072
8.71705 ; 3.54969 ; 2.04548 ; -4.61511
7.82989 ; 2.14287 ; 3.79823 ; 1.79073
4.58545 ; 3.63868 ; -4.91386 ; -4.82262
7.68548 ; 3.25274 ; 4.30913 ; -4.46813
6.20465 ; 4.58421 ; 5.20191 ; -5.2384
7.49831 ; 6.83369 ; 4.45835 ; 4.39757
6.83007 ; 6.43055 ; 4.88897 ; 4.75377
6.65874 ; 1.85321 ; 5.00729 ; -0.489122
7.75556 ; 2.94407 ; 4.19576 ; -4.21246
3.96532 ; 3.28529 ; -4.55484 ; -4.54539
6.16812 ; 3.65883 ; 5.11422 ; -4.83853
4.68782 ; 4.0531 ; -4.99895 ; -4.49574
3.66123 ; 8.30313 ; -3.94434 ; 0.668566
6.95456 ; 6.49126 ; 4.87329 ; -4.30177
6.00471 ; 4.83094 ; 5.29038 ; 5.28356
7.39852 ; 3.44745 ; 4.54544 ; -4.63285
4.60656 ; 4.27953 ; -4.99573 ; -5.10604
6.20088 ; 6.42009 ; -4.9586 ; 4.7769
4.61514 ; 4.5812 ; -5.0159 ; -5.1822
6.35033 ; 6.71227 ; 5.04506 ; 4.59901
7.47882 ; 7.08254 ; 4.43429 ; 4.2312
4.48718 ; 7.52405 ; -4.78157 ; 3.75861
4.53874 ; 7.63243 ; -4.81305 ; 3.59224
3.89644 ; 6.80499 ; 3.69443 ; 4.37126
7.44629 ; 3.38769 ; 4.50709 ; -4.59177
5.26271 ; 2.07098 ; -5.42042 ; 0.682293
5.63708 ; 5.83394 ; 5.21562 ; 5.11217
4.6402 ; 6.61513 ; -4.91937 ; 4.64184
7.62899 ; 3.15429 ; 4.34051 ; -4.40624
7.18397 ; 7.12822 ; 4.62942 ; 4.22248
7.11813 ; 2.62933 ; -4.77171 ; -3.67846
4.93626 ; 8.1581 ; -5.16235 ; 1.19404
5.23585 ; 2.70761 ; -5.09819 ; -4.05495
7.11467 ; 6.46888 ; 4.74293 ; 4.70551
6.40707 ; 2.16455 ; -5.75383 ; 1.29677
4.30819 ; 6.41131 ; -4.7755 ; 4.73194
7.62407 ; 3.16031 ; 4.3448 ; -4.41103
4.12194 ; 3.57072 ; -4.687 ; -4.74063
6.57741 ; 6.40704 ; 4.99578 ; 4.7831
7.44843 ; 6.74653 ; 4.50914 ; 4.49926
4.58361 ; 5.77395 ; 5.21892 ; -5.51733
3.16606 ; 3.78821 ; -3.78617 ; -4.78664
4.34846 ; 2.24944 ; -4.74943 ; -1.74789
4.27071 ; 3.90144 ; -4.80249 ; -4.92371
6.89462 ; 6.77294 ; 4.82152 ; 4.53695
6.15483 ; 4.9007 ; 3.4744 ; -5.28107
7.08346 ; 6.70212 ; 4.73354 ; 4.57088
3.65913 ; 6.90555 ; -4.29306 ; 4.33151
8.55389 ; 3.00684 ; 2.34088 ; 4.19932
7.49201 ; 3.73142 ; -3.88751 ; -4.87181
7.63355 ; 3.07653 ; 4.32316 ; -4.34666
7.25783 ; 3.40203 ; 4.62621 ; -4.62443
4.1997 ; 3.24432 ; -4.69572 ; -4.54502
6.36315 ; 3.60735 ; 5.05436 ; -4.81054
4.73495 ; 3.72983 ; 5.35872 ; 3.73938
8.08518 ; 6.25132 ; 3.8383 ; 4.76728
6.76205 ; 2.75904 ; -4.77495 ; -3.89095
3.60899 ; 5.77212 ; -3.3752 ; 5.04744
7.72563 ; 3.22932 ; 4.2719 ; -4.44532
6.47749 ; 6.65811 ; 5.00632 ; 4.63482
7.7885 ; 2.85071 ; 4.14563 ; -4.1179
7.45733 ; 7.0259 ; 4.45909 ; 4.28474
5.84426 ; 3.3872 ; 5.12164 ; -4.67068
3.44209 ; 2.3431 ; 3.80505 ; -2.75071
6.84687 ; 6.45842 ; 4.92964 ; -2.95872
3.44452 ; 5.0388 ; -4.08136 ; 5.15074
7.96543 ; 2.76788 ; 3.94903 ; -3.99148
4.14767 ; 5.01103 ; -4.75036 ; -5.2022
7.28107 ; 6.67751 ; 4.6251 ; 4.56672
7.44209 ; 6.91738 ; 4.48799 ; 4.37634
3.86437 ; 6.95792 ; -4.44731 ; 4.32574
4.75799 ; 8.13767 ; -5.07173 ; 0.0667835
8.72954 ; 6.63803 ; 2.66088 ; 4.40801
6.96361 ; 6.14627 ; 4.85155 ; 4.8776
4.64716 ; 4.87106 ; -5.04386 ; -5.23581
6.69276 ; 1.90569 ; 4.98054 ; -0.792539
7.39268 ; 6.24727 ; 4.59215 ; 4.79218
2.57628 ; 6.64643 ; -2.37299 ; 4.39517
5.34212 ; 8.2449 ; -3.11679 ; 1.73636
7.20649 ; 6.97648 ; 4.63322 ; 4.35703
6.55383 ; 6.64882 ; 5.14474 ; -4.0544
3.46013 ; 2.19661 ; 3.65897 ; -2.21185
6.74596 ; 3.75663 ; 4.92994 ; -4.76411
7.59646 ; 6.8087 ; 4.3897 ; 4.43326
3.81319 ; 7.02519 ; -4.39758 ; 4.26307
5.06858 ; 2.24514 ; -5.24965 ; -1.09566
7.94208 ; 4.26648 ; -2.8837 ; -5.23834
8.195 ; 4.03908 ; 3.77942 ; -4.90417
3.87023 ; 6.73632 ; -4.48426 ; 4.48784
4.9159 ; 5.90483 ; -5.08863 ; 5.02071
4.93071 ; 5.34691 ; -5.13983 ; 5.06973
3.95152 ; 3.22862 ; -4.5378 ; -4.5049
7.1444 ; 3.5918 ; 4.64038 ; -4.74644
7.91911 ; 7.26112 ; 3.99877 ; 3.96346
4.87642 ; 3.86583 ; -5.06854 ; -4.95908
6.69453 ; 7.58579 ; 4.92231 ; 3.14615
7.6157 ; 6.9808 ; 4.34628 ; 4.29614
3.83473 ; 6.63259 ; -4.47064 ; 4.54865
5.37116 ; 3.97484 ; -5.21022 ; -5.03688
4.13982 ; 7.10846 ; -4.61307 ; 4.22733
6.99274 ; 3.19303 ; -4.27649 ; -4.41976
4.04611 ; 6.80861 ; -4.59184 ; 4.46327
7.17794 ; 3.47847 ; 4.67982 ; -4.67954
4.61907 ; 3.26505 ; -4.92035 ; -4.56867
3.61146 ; 2.9475 ; -4.21859 ; -4.21816
4.79431 ; 6.73259 ; -4.97013 ; 4.5687
4.48418 ; 3.30884 ; -4.85299 ; -4.61139
7.6211 ; 2.96669 ; 4.31255 ; -4.25737
2.70066 ; 5.7948 ; 0.452034 ; -5.73422
6.69676 ; 7.41717 ; 4.88242 ; 3.91994
8.70653 ; 2.81336 ; -0.477727 ; 3.86788
4.72215 ; 4.97792 ; -5.08413 ; -5.25262
2.65886 ; 2.41521 ; -2.40498 ; -3.17366
8.54584 ; 3.88637 ; -1.24683 ; -4.94489
8.47434 ; 4.22082 ; 3.27758 ; -4.98814
4.0581 ; 2.69721 ; -4.53157 ; -4.03039
6.76089 ; 2.15154 ; 4.87925 ; -2.96768
4.31019 ; 6.06715 ; -4.81493 ; 4.8978
4.61916 ; 1.96935 ; -4.92853 ; -2.25824
4.9713 ; 4.85408 ; -5.10559 ; -5.27765
5.43093 ; 5.74496 ; 5.2131 ; 5.16113
5.03106 ; 4.43169 ; -5.11667 ; -5.19439
7.57683 ; 6.94133 ; 4.38374 ; 4.3346
5.78734 ; 4.70305 ; -5.28557 ; -5.34339
4.02387 ; 5.62653 ; -4.64552 ; 5.02166
6.55231 ; 6.16127 ; 5.00522 ; 4.90271
6.01436 ; 6.27213 ; 5.16343 ; 4.8816
3.87157 ; 6.62899 ; -4.49795 ; 4.55608
7.45428 ; 3.97083 ; -3.88664 ; -5.0463
6.17423 ; 5.98857 ; -5.15847 ; 5.0464
5.16759 ; 4.4805 ; -5.2171 ; -5.2253
6.86773 ; 6.41786 ; 4.8615 ; 4.75702
5.61699 ; 3.12397 ; -5.21479 ; -4.45085
3.00277 ; 6.40953 ; -3.50479 ; 4.61318
4.40024 ; 4.14195 ; 4.49322 ; -5.15305
6.44044 ; 4.39272 ; 5.08511 ; -5.14876
7.86052 ; 2.92087 ; 4.09377 ; -4.16788
5.40244 ; 5.67614 ; -5.24067 ; 5.12161
4.90668 ; 6.01574 ; -5.07884 ; 4.97545
7.333 ; 3.5543 ; 4.59869 ; -4.7033
3.01205 ; 5.04769 ; 1.94013 ; 5.53316
3.77159 ; 3.75371 ; -4.43843 ; -4.80865
4.97069 ; 8.06607 ; 5.58809 ; 1.15237
5.77513 ; 3.58262 ; -5.21609 ; -4.80469
5.56355 ; 6.29813 ; -5.40542 ; -2.5457
7.00103 ; 6.56976 ; 4.79126 ; 4.66009
6.39695 ; 4.04237 ; 5.08414 ; -5.03416
7.17888 ; 2.66632 ; 4.58803 ; -3.99649
4.16995 ; 2.74553 ; -4.61414 ; -4.09721
7.73721 ; 3.00114 ; 4.223 ; -4.2641
7.80707 ; 2.96213 ; 4.1535 ; -4.21659
3.73556 ; 6.88883 ; -4.36046 ; 4.35697
3.88559 ; 6.95283 ; -4.4633 ; 4.33286
7.29981 ; 6.98445 ; 4.57372 ; 4.34079
7.36252 ; 5.76507 ; 4.62936 ; 4.9857
3.29692 ; 3.5056 ; -3.9586 ; -4.60507
3.43032 ; 3.27459 ; -3.80212 ; 4.25565
3.92467 ; 6.19831 ; 3.91319 ; 4.9101
7.01724 ; 4.03778 ; 4.81382 ; -4.97676
3.43298 ; 7.32353 ; -3.97753 ; 3.88291
6.15788 ; 3.98355 ; -5.13672 ; -5.05842
3.19447 ; 1.98791 ; 3.60773 ; -1.0242
5.15423 ; 8.07264 ; 5.55593 ; 1.83053
6.70736 ; 5.95945 ; 4.98481 ; 4.98455
7.14081 ; 3.05943 ; 4.65401 ; -4.3926
3.77444 ; 3.74149 ; -4.45643 ; -4.79869
7.22885 ; 6.60009 ; 4.66414 ; 4.61933
3.92932 ; 7.48662 ; -4.41348 ; 3.77333
4.14512 ; 7.34282 ; -4.59355 ; 3.97614
7.77537 ; 3.04355 ; 4.19835 ; -4.29186
3.85536 ; 6.81588 ; -4.46286 ; 4.43081
3.6126 ; 4.45998 ; 3.60604 ; 5.63103
3.49712 ; 3.48351 ; -4.18574 ; -4.61396
2.84307 ; 3.61573 ; 0.906246 ; -4.7061
7.35923 ; 6.37393 ; 4.60634 ; 4.73103
6.79678 ; 2.30378 ; 4.8242 ; -3.4549
6.62004 ; 5.53378 ; 5.05328 ; 5.12952
6.47878 ; 4.97609 ; -0.116798 ; 5.27701
4.98912 ; 5.13585 ; -5.20951 ; -5.30222
8.98729 ; 7.12325 ; 1.00195 ; 3.7725
5.75432 ; 6.04393 ; 5.21499 ; 5.01103
7.41719 ; 7.20045 ; 4.45806 ; 4.12548
3.54298 ; 2.88939 ; -4.14296 ; -4.1502
4.93525 ; 6.82421 ; -5.02703 ; 4.4902
3.77538 ; 6.98272 ; -4.37577 ; 4.29087
7.52894 ; 3.31738 ; 4.44057 ; -4.53506
5.72071 ; 6.32085 ; 5.17619 ; 4.85844
3.81062 ; 6.92662 ; -4.41248 ; 4.34109
3.94997 ; 6.75104 ; 3.86343 ; 4.43158
6.22541 ; 3.72828 ; 5.09043 ; -4.88753
6.60974 ; 4.17234 ; 5.0208 ; -5.06756
4.69204 ; 7.44183 ; -4.89755 ; 3.87111
8.7002 ; 5.65941 ; -0.465965 ; 5.2417
4.49704 ; 3.84032 ; -4.91212 ; -4.91905
4.01102 ; 7.29726 ; 3.52131 ; 3.78255
3.44779 ; 7.27102 ; -4.00777 ; 3.94604
2.84331 ; 6.65961 ; -2.12773 ; -5.0019
7.8795 ; 7.21835 ; 4.05158 ; 4.01945
8.01513 ; 7.35512 ; 3.86371 ; 3.82808
4.0384 ; 3.15345 ; -4.58495 ; -4.46138
7.17539 ; 6.63946 ; 4.68952 ; 4.60184
3.79823 ; 6.71271 ; -4.43388 ; 4.49444
4.97487 ; 8.06349 ; 5.52245 ; 1.82599
3.54327 ; 3.87936 ; -4.25741 ; -4.84894
6.5491 ; 4.23447 ; 5.05241 ; -5.09551
4.43812 ; 3.94048 ; -4.89298 ; -4.95761
4.81211 ; 5.48972 ; -5.08108 ; 5.13342
7.18964 ; 4.08241 ; 4.72775 ; -4.96723
4.377 ; 2.51701 ; 4.91673 ; -3.42058
7.31157 ; 6.65124 ; 4.61014 ; 4.57899
3.81785 ; 3.24663 ; -4.44571 ; -4.49724
5.9381 ; 2.51527 ; -5.68305 ; 2.27439
7.74003 ; 7.02647 ; 4.22926 ; 4.23364
7.40213 ; 2.56992 ; 4.4216 ; -3.85676
7.08427 ; 4.51062 ; 4.76502 ; -5.13676
8.63825 ; 5.1661 ; -0.0701458 ; 5.35458
6.84566 ; 4.90617 ; 4.96092 ; 5.16645
7.39462 ; 3.34153 ; 4.53493 ; -4.57078
4.09022 ; 8.29019 ; -4.45725 ; 0.873413
7.43588 ; 6.68799 ; 4.52546 ; 4.53929
7.18452 ; 3.71681 ; 4.69932 ; -4.80964
5.66841 ; 3.03291 ; 5.50671 ; 2.1728
4.81788 ; 6.47112 ; -5.16671 ; -4.55316
3.56051 ; 7.14622 ; -4.15536 ; 4.10296
3.82408 ; 6.89269 ; -4.42786 ; 4.36899
3.49845 ; 2.80609 ; -4.07879 ; -4.0573
4.09443 ; 3.47277 ; -4.66029 ; -4.68116
4.94206 ; 7.80976 ; 5.38057 ; 2.82555
6.68297 ; 2.56873 ; 5.03688 ; 1.97502
5.39249 ; 6.7182 ; 5.01394 ; 4.55715
4.62352 ; 2.97391 ; -5.0257 ; 3.16155
4.42075 ; 4.05832 ; -4.89285 ; -5.00388
3.77153 ; 7.06073 ; -4.35921 ; 4.22515
7.88951 ; 2.84834 ; 4.0488 ; -4.09224
7.43834 ; 5.20746 ; 3.71608 ; -5.32371
4.1396 ; 3.60024 ; -4.69972 ; -4.75797
4.04716 ; 3.69262 ; -4.64749 ; -4.79947
8.81047 ; 7.34303 ; -0.983407 ; 3.39993
7.97016 ; 4.50193 ; -2.75236 ; -5.37487
2.70737 ; 2.55675 ; 0.365963 ; -3.29793
6.48866 ; 8.18836 ; 5.07849 ; 1.82656
7.80255 ; 3.88446 ; -2.81002 ; -4.97167
3.77314 ; 6.61466 ; -4.42464 ; 4.55381
2.53059 ; 6.17707 ; -0.32251 ; 4.83982
6.74262 ; 5.11835 ; -5.04925 ; 5.43619
7.9275 ; 2.76416 ; 3.98899 ; -3.99763
4.11275 ; 7.72116 ; -4.53706 ; 3.39683
3.7353 ; 6.82934 ; -4.22455 ; -4.19158
4.7319 ; 3.96432 ; -5.02393 ; -4.99514
7.7381 ; 7.09375 ; 4.21755 ; 4.17396
4.06031 ; 6.64882 ; -4.62027 ; 4.5687
8.55288 ; 5.38105 ; 3.05045 ; 5.18714
4.71288 ; 6.23256 ; -4.98753 ; 4.86141
6.80029 ; 5.81524 ; 4.95 ; 5.02797
8.3649 ; 3.49825 ; 3.49107 ; -4.57332
4.96499 ; 7.46328 ; 5.68219 ; -2.47578
4.46265 ; 1.96944 ; 5.50637 ; 0.0615926
7.82755 ; 2.71043 ; 4.07728 ; -3.96131
3.66339 ; 5.4359 ; 3.50011 ; -5.67074
7.28458 ; 4.07984 ; 4.6685 ; -4.95228
7.56353 ; 7.0908 ; 4.36762 ; 4.2102
4.78911 ; 3.54451 ; 5.4888 ; 4.87423
5.88889 ; 7.94745 ; 5.30864 ; 2.76643
4.05654 ; 6.53364 ; -4.62962 ; 4.63666
6.0134 ; 1.93385 ; 5.3147 ; -2.11356
5.87062 ; 7.36795 ; 5.30947 ; 3.16386
3.74864 ; 3.11874 ; -4.36995 ; -4.38952
4.96835 ; 7.94197 ; -5.1992 ; 0.745784
4.05118 ; 4.75477 ; -4.6866 ; -5.16676
6.49259 ; 6.49241 ; 5.01771 ; 4.7384
4.03032 ; 7.14995 ; -4.53594 ; 4.17765
7.34257 ; 2.3537 ; 4.44875 ; 1.88577
7.098 ; 4.02469 ; 4.77702 ; -4.96075
4.82487 ; 3.78276 ; 2.30941 ; 4.82582
4.83645 ; 4.83665 ; 5.23732 ; 5.40015
4.42402 ; 6.59057 ; -4.82401 ; 4.64299
4.33245 ; 3.47451 ; -4.79338 ; -4.70603
6.30232 ; 5.75313 ; -3.98787 ; 5.1313
6.83089 ; 6.79007 ; 4.84753 ; 4.52821
8.91304 ; 3.10836 ; 0.771286 ; -4.1276
8.34937 ; 6.40881 ; 3.55081 ; 4.61979
6.01635 ; 4.94678 ; 5.29143 ; -5.32209
3.83189 ; 6.72107 ; -4.45826 ; 4.49298
6.41818 ; 3.88533 ; 5.0625 ; -4.96038
7.84863 ; 3.25319 ; 4.15949 ; -4.44212
7.49885 ; 3.47849 ; 4.481 ; -4.6395
3.91987 ; 2.80013 ; -4.44668 ; -4.12726
2.56087 ; 6.5781 ; -2.33689 ; 4.44681
3.87898 ; 7.02086 ; -4.44741 ; 4.277
7.86301 ; 2.83598 ; 4.07172 ; -4.08647
3.69035 ; 7.12928 ; -4.27878 ; 4.1468
6.06363 ; 2.00309 ; 5.28853 ; 0.448267
2.44281 ; 7.59715 ; 0.177467 ; 2.88821
4.39953 ; 1.95948 ; -4.79346 ; 0.316673
4.0568 ; 3.35535 ; -4.62341 ; -4.60304
7.53223 ; 3.28504 ; 4.43339 ; -4.51407
2.87474 ; 5.23024 ; -3.10225 ; 5.23211
3.10949 ; 4.5582 ; -3.67275 ; -5.14019
7.64431 ; 3.10054 ; 4.3192 ; -4.36328
7.85749 ; 2.8229 ; 4.0738 ; -4.07522
7.05577 ; 3.27141 ; 4.72166 ; -4.56045
7.21042 ; 6.73407 ; 4.65891 ; 4.53764
4.29235 ; 5.7892 ; -4.80688 ; 5.00575
5.28091 ; 4.47802 ; -5.24588 ; -5.19352
7.05839 ; 5.1082 ; 4.83272 ; 5.13707
8.71635 ; 2.53187 ; 2.2547 ; -1.98045
8.03223 ; 6.84021 ; 3.95362 ; 4.33637
6.94014 ; 1.84485 ; 4.78435 ; -0.406522
7.61225 ; 6.94695 ; 4.3551 ; 4.32392
4.06758 ; 6.43019 ; -4.64792 ; 4.69419
5.34746 ; 5.76597 ; -5.22114 ; 5.11209
4.43765 ; 6.3045 ; -4.86101 ; 4.79966
4.13222 ; 3.8877 ; -4.72046 ; -4.90252
7.14058 ; 7.02007 ; 4.66773 ; 4.32536
3.07848 ; 7.87202 ; 3.27449 ; -2.12212
8.90044 ; 6.3882 ; 0.655714 ; 4.64706
3.87227 ; 3.62298 ; -4.52646 ; -4.74032
5.54443 ; 3.93139 ; 5.16396 ; -5.01783
4.90606 ; 7.71417 ; -5.20692 ; -1.57225
3.70159 ; 7.01772 ; -4.31034 ; 4.24877
7.24737 ; 2.62183 ; 4.53842 ; -3.93745
4.06229 ; 2.97639 ; -4.57653 ; -4.3166
4.32384 ; 5.5564 ; -4.84645 ; 5.06052
7.82099 ; 6.35105 ; 4.22018 ; 4.47326
4.67491 ; 5.83419 ; -5.00484 ; 5.00164
4.03266 ; 6.79748 ; -4.58566 ; 4.46882
4.58614 ; 3.74842 ; -4.94458 ; -4.87232
3.88236 ; 1.90219 ; -4.22804 ; 0.611344
7.63015 ; 3.14201 ; 4.33752 ; -4.39741
7.10594 ; 6.26556 ; 4.76621 ; 4.81243
5.64923 ; 6.10973 ; -5.14176 ; 4.96577
7.95415 ; 7.04908 ; 4.0081 ; 4.16926
3.69941 ; 5.83643 ; -4.39417 ; 4.93545
2.81601 ; 3.71373 ; -3.15726 ; -4.7171
4.88287 ; 2.60246 ; -5.16935 ; 0.880086
8.38141 ; 4.80653 ; 3.31925 ; 5.29571
4.34209 ; 5.88322 ; -4.84358 ; 4.95735
3.60945 ; 8.06332 ; -3.9801 ; 2.50795
5.8919 ; 8.01803 ; -5.67319 ; -0.511768
4.83586 ; 6.50671 ; -5.0055 ; 4.71877
6.20677 ; 7.76502 ; -5.41785 ; 2.83302
8.70026 ; 3.69502 ; 2.69294 ; -4.71043
7.9094 ; 2.78608 ; 4.01299 ; -4.02495
4.62766 ; 5.41865 ; -4.99991 ; 5.13476
7.84253 ; 3.39761 ; 4.18004 ; -4.53287
7.31791 ; 6.80515 ; 4.5863 ; 4.47614
4.11755 ; 4.74515 ; -4.73304 ; -5.1759
7.41564 ; 3.42334 ; 4.53168 ; -4.61717
4.47213 ; 2.53926 ; -4.78937 ; -3.83192
7.21215 ; 4.2492 ; -4.3359 ; -5.22437
7.28679 ; 6.90611 ; 4.59282 ; 4.40482
7.08185 ; 5.12614 ; 4.81856 ; 5.13996
7.68968 ; 6.67065 ; 4.32866 ; 4.51606
2.64536 ; 7.77358 ; -2.23146 ; 2.79181
5.75602 ; 7.04153 ; 5.55382 ; -3.65908
7.42345 ; 6.80256 ; 4.51828 ; 4.46395
3.5615 ; 7.13209 ; -4.15927 ; 4.11623
4.24607 ; 6.08785 ; -3.14934 ; -5.13569
4.4402 ; 3.9499 ; -4.8943 ; -4.96282
7.42926 ; 3.18754 ; 4.48917 ; -4.4626
3.53815 ; 2.82883 ; -4.12432 ; -4.0904
4.94436 ; 6.42139 ; 5.54383 ; -5.02582
6.57155 ; 6.54041 ; 4.97473 ; 4.70578
4.4507 ; 2.34393 ; -4.86771 ; 1.83603
3.74621 ; 5.95976 ; -4.43163 ; 4.89603
7.58718 ; 4.75556 ; 4.20527 ; -5.2228
6.89249 ; 3.47174 ; 4.82899 ; -4.70273
4.35536 ; 5.5907 ; -4.86329 ; 5.04989
2.95388 ; 3.66369 ; 1.68553 ; -4.75772
4.01129 ; 6.42054 ; 4.10517 ; 4.73947
4.38356 ; 6.50426 ; -4.8132 ; 4.6893
2.91988 ; 3.40582 ; -2.50586 ; 4.25337
8.78196 ; 2.12609 ; -0.223928 ; 2.31126
7.15982 ; 7.45914 ; 4.60656 ; 3.85029
6.61828 ; 4.15463 ; 5.01713 ; -5.06061
6.78953 ; 4.10155 ; 4.93739 ; -5.02286
5.17851 ; 6.47292 ; -5.12266 ; 4.72662
2.59481 ; 3.1605 ; -2.48927 ; -4.20442
5.51968 ; 4.8123 ; -5.11838 ; 5.29
7.51877 ; 3.18642 ; 4.42804 ; -4.44827
5.54338 ; 7.96795 ; 5.65744 ; -0.918953
3.84256 ; 4.20647 ; -4.42724 ; 4.95452
3.94786 ; 6.61227 ; -4.55345 ; 4.57661
4.2703 ; 4.77069 ; -4.81581 ; 5.09995
5.09038 ; 6.24259 ; -5.10797 ; 4.87866
6.79194 ; 5.85674 ; 4.95427 ; 4.99904
5.08246 ; 6.03673 ; -5.12749 ; 4.97923
4.87127 ; 4.1508 ; 4.99003 ; -5.15386
7.57152 ; 4.38066 ; 4.44996 ; -5.06428
7.21864 ; 3.3628 ; 4.6431 ; -4.60576
5.84323 ; 3.60363 ; -5.18285 ; -4.82601
3.03851 ; 7.37064 ; -3.40409 ; 3.70164
5.88938 ; 7.16932 ; 5.10195 ; 4.17335
4.84409 ; 5.37244 ; -5.1572 ; -5.25821
7.4218 ; 3.57643 ; 4.54356 ; -4.70274
4.43048 ; 3.46 ; -4.8421 ; -4.7061
6.74865 ; 5.84387 ; 4.96793 ; 4.92042
6.33581 ; 5.28786 ; 4.90046 ; 5.20949
4.1916 ; 5.90987 ; -4.75705 ; 4.94344
7.34245 ; 3.34613 ; 4.56727 ; -4.58033
7.31596 ; 6.69359 ; 4.60259 ; 4.55214
4.06919 ; 5.75646 ; -4.68312 ; 4.98215
2.68888 ; 2.31865 ; 0.993483 ; 2.68966
6.08889 ; 3.94967 ; 5.14967 ; -5.00932
4.38864 ; 4.80163 ; -4.89033 ; 5.07073
4.24261 ; 3.44731 ; -4.74203 ; -4.6812
8.63045 ; 5.63475 ; 0.825474 ; -5.64791
6.98452 ; 5.6336 ; 4.86719 ; 5.06262
7.78227 ; 7.01042 ; 4.19253 ; 4.23932
7.2504 ; 3.33239 ; 4.62004 ; -4.58349
7.41984 ; 7.16385 ; 4.4632 ; 4.16057
7.68373 ; 4.92719 ; -3.25431 ; -5.54583
4.14768 ; 3.09737 ; -4.64661 ; -4.42907
5.72021 ; 4.73152 ; 5.39759 ; 5.3138
7.74606 ; 2.96743 ; 4.20862 ; -4.23441
4.54356 ; 3.62024 ; -4.91336 ; -4.81047
4.25566 ; 3.36342 ; -4.73991 ; -4.62984
5.88579 ; 7.80124 ; -5.2266 ; 3.06661
4.44581 ; 5.7543 ; -4.90533 ; 5.02171
8.0417 ; 6.67369 ; 3.62841 ; -4.56512
4.00121 ; 6.87313 ; -4.55458 ; 4.41093
4.11489 ; 6.79568 ; -4.63415 ; 4.47991
5.94702 ; 6.18244 ; 5.19983 ; 4.85785
4.87874 ; 3.7785 ; -5.0608 ; -4.91525
7.57678 ; 2.93734 ; 4.342 ; -4.23819
7.48579 ; 3.211 ; 4.45463 ; -4.47063
4.25007 ; 6.54981 ; -4.74078 ; 4.64964
6.8721 ; 5.27028 ; 4.94385 ; -5.13876
7.48744 ; 3.18453 ; 4.44939 ; -4.45188
7.27455 ; 3.35932 ; 4.61136 ; -4.59666
2.80334 ; 5.7785 ; 1.10306 ; 5.16888
7.54416 ; 3.27834 ; 4.42423 ; -4.50775
3.57977 ; 3.55254 ; -4.06325 ; 4.47735
7.36436 ; 7.63974 ; 4.42861 ; 3.5626
7.19177 ; 5.25244 ; 4.74368 ; 5.05522
7.08033 ; 6.53444 ; 4.75424 ; 4.67371
4.13715 ; 6.63255 ; -4.66809 ; 4.58858
7.28489 ; 6.46971 ; 4.64537 ; 4.68598
4.00895 ; 6.62758 ; -4.59119 ; 4.57612
4.60675 ; 4.47598 ; -5.00566 ; -5.14045
7.31865 ; 6.80768 ; 4.58548 ; 4.47486
7.69531 ; 2.61482 ; 4.07063 ; 2.54043
8.16174 ; 7.24269 ; 3.68854 ; 3.9191
6.1083 ; 3.26126 ; 5.18058 ; -3.53773
5.52603 ; 5.0988 ; 5.34429 ; 5.34331
8.75077 ; 8.15216 ; 0.385956 ; -1.08162
7.58495 ; 3.16088 ; 4.37461 ; -4.41854
6.60792 ; 2.47437 ; 5.08397 ; 2.13267
7.04927 ; 6.47869 ; 4.77611 ; 4.70713
7.90758 ; 5.74057 ; 4.15069 ; 4.98652
4.12636 ; 2.92642 ; 4.71755 ; 4.06695
7.20506 ; 3.38574 ; 4.6537 ; -4.62082
6.81382 ; 8.20276 ; 4.85176 ; 1.79941
7.59631 ; 2.75527 ; 4.29535 ; -4.05265
8.03644 ; 2.66237 ; 3.83639 ; -3.85087
4.55641 ; 6.19792 ; -4.92613 ; 4.86377
3.54812 ; 3.52468 ; 3.83998 ; 2.37473
7.17045 ; 6.81278 ; 4.67166 ; 4.48709
5.47723 ; 6.02693 ; -5.20094 ; 5.00655
5.56111 ; 5.9528 ; 5.21632 ; 5.06244
5.12904 ; 5.36587 ; -5.20242 ; 5.20205
6.34282 ; 3.44537 ; 5.03795 ; -4.71205
3.91885 ; 4.33073 ; 3.5775 ; -5.26588
7.22893 ; 6.39399 ; 4.6849 ; 4.73263
4.79011 ; 5.4655 ; -5.13014 ; -5.15192
4.29907 ; 3.90929 ; -4.81831 ; -4.93042
4.07227 ; 6.56156 ; -4.62419 ; 4.62378
6.56832 ; 3.65457 ; 5.12958 ; 4.38183
4.84383 ; 4.2668 ; 4.87677 ; -5.2106
3.82881 ; 2.33072 ; -4.28792 ; -3.48888
4.94681 ; 4.41253 ; -5.14122 ; -5.18256
7.44755 ; 6.04029 ; 4.56124 ; 4.88634
4.42444 ; 7.31054 ; -4.76409 ; 4.03226
7.46611 ; 3.34279 ; 4.48769 ; -4.56112
4.36261 ; 5.00228 ; -4.88963 ; -5.19576
7.65774 ; 7.69122 ; -1.23445 ; -2.80572
8.43999 ; 6.63265 ; 3.37297 ; 4.44233
4.34271 ; 5.34873 ; -4.86269 ; 5.1008
7.56002 ; 6.97465 ; 4.39077 ; 4.31105
7.42101 ; 7.0051 ; 4.48825 ; 4.30778
3.70975 ; 2.96184 ; -4.30735 ; -4.25063
4.14984 ; 8.18683 ; -4.52537 ; 2.04153
3.84441 ; 3.09994 ; -4.44096 ; -4.39198
3.38206 ; 7.34014 ; -3.91384 ; 3.84912
5.15425 ; 6.29 ; 5.08119 ; 4.87349
5.12707 ; 6.46597 ; -5.09357 ; 4.75337
6.85937 ; 3.97622 ; 4.89661 ; -4.96526
5.00491 ; 4.98458 ; 5.27771 ; 5.43225
4.20245 ; 3.92044 ; -4.76511 ; -4.92489
3.76133 ; 3.80294 ; -4.45187 ; -4.82354
4.32864 ; 4.40654 ; 4.58545 ; -5.29731
2.79067 ; 8.12661 ; -2.39105 ; 1.8166
7.37107 ; 4.54859 ; 4.60848 ; -4.94272
3.32181 ; 2.68557 ; -3.8421 ; -3.8743
8.24365 ; 4.18208 ; 3.70104 ; -4.96561
7.02985 ; 7.07464 ; 4.72428 ; 4.285
5.44883 ; 3.86785 ; 5.13861 ; -4.98411
5.99224 ; 6.14302 ; 5.17321 ; 4.94938
4.32093 ; 3.26379 ; -4.76491 ; -4.56826
7.60927 ; 3.29435 ; 4.37438 ; -4.50923
4.0792 ; 3.21587 ; -4.61907 ; -4.51194
7.57996 ; 3.04285 ; 4.35833 ; -4.32906
4.28349 ; 1.98844 ; -4.64032 ; -2.76657
6.35387 ; 3.72818 ; -4.99835 ; -4.8985
2.71952 ; 3.89459 ; 0.479235 ; 5.50841
6.13799 ; 3.33534 ; -5.15152 ; -4.61138
2.94486 ; 3.05134 ; 2.02178 ; -4.07911
4.6169 ; 4.23779 ; -4.99763 ; -5.08928
4.93751 ; 6.50789 ; -5.03784 ; 4.72223
4.83885 ; 4.73269 ; -5.14034 ; 5.15789
6.81512 ; 3.06022 ; 4.96281 ; 3.59286
4.47314 ; 6.46968 ; -4.86031 ; 4.71709
4.79429 ; 4.167 ; -5.06312 ; -5.08239
3.65374 ; 3.04797 ; -4.27646 ; -4.31302
5.90808 ; 5.85715 ; 5.21318 ; 5.08794
3.58581 ; 2.96397 ; -4.19877 ; -4.22719
2.65596 ; 5.97396 ; -0.606108 ; 4.98255
5.00799 ; 3.77098 ; -5.09983 ; -4.91718
4.73867 ; 4.28049 ; -5.05033 ; -5.09687
3.77305 ; 4.19999 ; -4.47397 ; -5.00074
2.64042 ; 4.07486 ; -0.370892 ; -5.06591
3.68952 ; 3.03238 ; -4.30404 ; -4.30728
4.25063 ; 7.28409 ; -4.66594 ; 4.05296
4.09025 ; 6.77572 ; -4.62322 ; 4.49009
4.17777 ; 6.32576 ; -4.72288 ; 4.76165
4.5757 ; 3.00227 ; -4.81172 ; -4.35981
8.53866 ; 6.94304 ; -1.69397 ; 4.06689
4.51517 ; 3.74892 ; -4.91251 ; -4.8765
8.37135 ; 2.72873 ; 2.99225 ; 1.47408
6.96035 ; 5.71074 ; 4.88659 ; -5.00978
7.05661 ; 3.42115 ; -4.5626 ; -4.63371
7.84057 ; 2.88021 ; 4.10365 ; -4.13463
5.73387 ; 5.62359 ; 5.26633 ; 5.19037
7.08581 ; 5.64921 ; 4.80917 ; 5.04835
4.55091 ; 4.75962 ; -4.99079 ; 5.12775
8.51191 ; 2.11792 ; 2.78742 ; -2.67365
7.37524 ; 6.0367 ; -3.90516 ; 5.02327
4.65378 ; 2.14529 ; 5.63005 ; 0.91837
3.81218 ; 3.17683 ; -4.43025 ; -4.44624
4.77137 ; 4.55597 ; -5.11479 ; 5.09587
4.33983 ; 3.81767 ; -4.83188 ; -4.89337
3.88384 ; 3.26444 ; -4.49591 ; -4.51962
6.66551 ; 6.96858 ; 4.80772 ; 4.38709
7.50061 ; 3.44548 ; 4.47641 ; -4.61987
6.8769 ; 6.59002 ; 4.85025 ; 4.6576
3.44933 ; 6.38046 ; -3.83248 ; -4.90183
3.59526 ; 2.89924 ; -4.19422 ; -4.17094
3.89559 ; 3.23307 ; -4.4992 ; -4.49697
3.44324 ; 4.3664 ; -4.00421 ; 5.02669
4.13326 ; 6.8817 ; -4.63498 ; 4.42033
5.61195 ; 3.82674 ; 5.16602 ; -4.95861
7.57162 ; 3.05797 ; 4.36707 ; -4.3423
8.84506 ; 6.62988 ; 2.23224 ; 4.39506
7.26828 ; 6.32707 ; 4.62472 ; -4.25705
6.14356 ; 6.46221 ; -5.60396 ; -4.9178
5.02723 ; 3.64069 ; -5.092 ; -4.84587
7.95126 ; 2.70188 ; 3.94666 ; -3.92181
7.95431 ; 7.34504 ; 3.93773 ; 3.85772
3.80323 ; 6.69758 ; -4.43989 ; 4.50414
3.79387 ; 6.6627 ; -4.43655 ; 4.52557
5.83446 ; 5.81483 ; 5.24485 ; 5.09643
7.30925 ; 6.52558 ; 4.62553 ; 4.65325
7.70177 ; 3.03889 ; 4.26036 ; -4.30275
3.41551 ; 1.8603 ; -3.55801 ; 0.665519
4.09588 ; 3.55436 ; -4.67 ; -4.72826
6.88324 ; 6.06227 ; 4.84832 ; 4.92852
3.52957 ; 2.86049 ; -4.12347 ; -4.11952
5.57801 ; 4.12103 ; -5.24325 ; -5.11547
4.47774 ; 4.28172 ; -4.90041 ; -5.0996
4.08069 ; 6.68134 ; -4.62909 ; 4.55159
4.72797 ; 3.84414 ; 5.39754 ; 4.93908
7.02884 ; 6.75312 ; 4.75559 ; 4.54135
7.55111 ; 3.05719 ; 4.38173 ; -4.34513
7.19021 ; 6.26563 ; 4.7184 ; 4.80357
4.04583 ; 7.09059 ; -4.55448 ; 4.23528
5.11522 ; 6.37424 ; -5.09567 ; 4.80496
6.46827 ; 4.33766 ; 5.16699 ; 4.89765
5.9808 ; 4.27685 ; -5.25897 ; -5.20394
3.9707 ; 3.93002 ; -4.61659 ; -4.90602
4.88141 ; 5.44029 ; -5.17669 ; -5.23553
4.38355 ; 4.78583 ; 3.87495 ; -5.43172
5.63498 ; 4.88226 ; 5.37867 ; 5.24556
4.62363 ; 2.52282 ; -5.01513 ; 2.29429
7.69023 ; 5.48261 ; -2.23815 ; 5.31405
4.96847 ; 7.10972 ; -5.22145 ; -2.5969
7.52009 ; 2.53545 ; -3.17609 ; 3.12186
7.79946 ; 3.49585 ; 4.23074 ; -4.61678
6.02054 ; 4.48469 ; -5.30265 ; -4.18169
7.95979 ; 3.67259 ; 4.07576 ; -4.71064
3.76151 ; 2.48963 ; 4.20576 ; -3.28021
