7.38975 ; 8.4132 ; 4.14942 ; 0.373992
7.27599 ; 2.37662 ; 4.30827 ; -3.36181
7.12679 ; 3.36773 ; 4.5405 ; -4.3961
3.15066 ; 2.54451 ; -3.38373 ; -3.43653
8.66806 ; 7.59258 ; 2.41234 ; 3.02949
3.19743 ; 2.46575 ; -3.42073 ; -3.34462
7.82498 ; 7.31178 ; 3.88386 ; 3.6946
8.14001 ; 1.96084 ; 3.23436 ; -2.34278
5.78856 ; 2.84255 ; 5.07512 ; -3.96656
7.46007 ; 6.98013 ; 4.27052 ; 4.09882
7.00219 ; 8.20387 ; 4.54854 ; 1.99677
2.34075 ; 7.44301 ; -1.06673 ; 3.07889
4.95783 ; 6.23155 ; -5.15634 ; -4.96982
7.93626 ; 3.29025 ; -3.5966 ; -4.27558
4.05551 ; 4.58288 ; 4.51554 ; -5.35543
2.47382 ; 6.35485 ; 0.67262 ; 4.55181
4.24058 ; 4.69183 ; -4.65003 ; -5.12503
7.60633 ; 6.22937 ; 4.22326 ; 4.62801
7.92007 ; 7.91738 ; 3.57923 ; 2.64407
8.6525 ; 6.35024 ; -1.80566 ; 4.59348
8.1071 ; 7.48509 ; 3.51166 ; 3.4181
3.33853 ; 7.30387 ; -3.66879 ; 3.65124
7.55161 ; 6.97854 ; 4.19392 ; 4.08718
2.37914 ; 7.13392 ; -1.47025 ; 3.58171
4.83203 ; 6.53737 ; -4.88004 ; 4.52433
5.35524 ; 2.49125 ; 5.17574 ; -3.42662
8.8877 ; 3.12487 ; 1.92654 ; -3.97281
8.7304 ; 2.93051 ; 2.465 ; -3.72958
3.0601 ; 2.38791 ; -3.18926 ; -3.17509
2.55529 ; 8.1806 ; 0.241789 ; -2.2348
7.06304 ; 6.99543 ; 4.56353 ; 4.12208
8.21107 ; 3.76492 ; 3.52594 ; -4.59803
7.19947 ; 6.72893 ; 4.49945 ; 4.3379
7.56474 ; 1.72584 ; 3.95814 ; 0.217542
4.72825 ; 4.30211 ; -4.93375 ; -5.03976
7.65639 ; 3.04488 ; 4.08183 ; -4.09365
5.69397 ; 4.69789 ; -5.28883 ; -5.29364
4.1427 ; 3.33918 ; -4.50001 ; -4.41768
3.79816 ; 7.15576 ; -4.15175 ; 3.90514
6.53874 ; 1.8377 ; -5.70627 ; -0.590355
3.5017 ; 2.06372 ; -3.64469 ; -2.70146
3.76048 ; 7.0988 ; -4.11559 ; 3.95363
2.48788 ; 2.25775 ; -1.66101 ; -2.59233
3.416 ; 3.71547 ; -3.89968 ; -4.60132
3.83554 ; 7.88025 ; -4.07524 ; 2.86495
4.08902 ; 3.46746 ; -4.4705 ; -4.50522
8.06726 ; 2.75218 ; 3.60466 ; -3.71946
4.17499 ; 3.31977 ; -4.52123 ; -4.38351
4.86575 ; 5.05666 ; -5.04883 ; -5.2209
8.14854 ; 2.51398 ; 3.43216 ; -3.40802
4.25936 ; 3.73599 ; -4.6165 ; -4.70135
8.15569 ; 2.56143 ; 3.43884 ; -3.46697
3.65951 ; 3.09903 ; -4.08403 ; -4.15814
3.33674 ; 7.37966 ; -3.64677 ; 3.56227
8.69947 ; 7.89899 ; 0.949601 ; -3.22732
4.1247 ; 7.60607 ; -4.35773 ; 3.38531
7.78706 ; 2.64672 ; 3.88224 ; -3.66664
4.00406 ; 7.06935 ; -4.33159 ; 4.01659
7.91955 ; 2.70892 ; 3.75863 ; -3.71083
7.25327 ; 6.71849 ; 4.46288 ; 4.34075
9.0975 ; 2.75891 ; 0.445576 ; -3.3903
3.42502 ; 2.82977 ; -3.8031 ; -3.85429
3.82625 ; 7.13053 ; -4.17959 ; 3.93409
5.31485 ; 3.47023 ; 5.11888 ; -4.56484
8.3188 ; 7.73115 ; 3.10446 ; 2.95248
6.88017 ; 6.95385 ; -4.64746 ; 4.08349
7.3765 ; 3.56524 ; 4.3842 ; -4.53992
7.51535 ; 3.01852 ; 4.19397 ; -4.09336
4.21247 ; 3.25683 ; -4.53858 ; -4.36116
4.08199 ; 8.28902 ; -4.29055 ; 1.46407
4.92067 ; 3.52114 ; 5.02172 ; -4.60001
8.1248 ; 4.164 ; -3.01708 ; -5.08694
7.68376 ; 2.99168 ; 4.04778 ; -4.04125
6.77581 ; 7.88272 ; -5.78753 ; -2.30702
4.2706 ; 5.50849 ; -4.65263 ; 4.90144
8.0183 ; 7.41347 ; 3.64461 ; 3.53774
7.62272 ; 3.56802 ; 4.18223 ; -4.50924
6.98063 ; 3.71048 ; 4.67085 ; -4.66908
7.79065 ; 3.32439 ; 3.99253 ; -4.30968
7.83772 ; 6.05777 ; 4.00543 ; 4.72289
7.37744 ; 8.25271 ; 4.21156 ; -0.503645
7.66449 ; 7.28007 ; 4.04581 ; 3.77352
4.19808 ; 6.84085 ; -4.50453 ; 4.2389
3.6916 ; 2.96972 ; -4.0928 ; -4.04601
7.69971 ; 7.00265 ; 4.0626 ; 4.04157
4.2072 ; 4.11949 ; 4.41717 ; -5.06149
7.01121 ; 7.07975 ; 4.5855 ; 4.05101
5.95998 ; 6.21675 ; 5.08721 ; 4.62744
6.05998 ; 8.09784 ; 5.18549 ; 2.16268
3.3386 ; 7.41823 ; -3.63788 ; 3.51716
3.8176 ; 7.23109 ; -4.15536 ; 3.83055
4.56392 ; 5.83986 ; -4.23818 ; -5.24468
7.63684 ; 3.57687 ; 4.16636 ; -4.50935
8.31354 ; 2.87611 ; 3.2962 ; -3.79824
2.41848 ; 2.62878 ; -1.60166 ; -3.27109
8.07232 ; 7.44931 ; 3.56811 ; 3.47589
5.92876 ; 2.93817 ; -5.67524 ; 4.07718
4.41779 ; 2.39972 ; -4.6028 ; -3.42962
2.60479 ; 3.44116 ; 1.2798 ; -4.38492
7.85136 ; 7.0005 ; 3.91924 ; 4.0179
3.4986 ; 7.36339 ; -3.82949 ; 3.62301
7.53522 ; 2.93267 ; 4.16638 ; -4.01155
2.81453 ; 3.67275 ; 0.472302 ; -4.60918
6.64423 ; 1.97191 ; 4.93273 ; 0.462716
4.36671 ; 4.03891 ; -4.74142 ; 4.88883
3.55295 ; 2.7679 ; -3.9225 ; -3.81733
4.255 ; 7.67144 ; 4.4256 ; 2.91997
3.64406 ; 5.99325 ; -4.1331 ; 4.73939
7.46856 ; 4.40699 ; 4.25403 ; 5.13009
7.26903 ; 4.33728 ; 4.50635 ; 5.03868
6.14068 ; 6.15646 ; 5.09654 ; 3.9543
6.85787 ; 5.77413 ; -4.89169 ; 5.10543
7.68394 ; 6.50652 ; 4.13602 ; 4.44444
7.47447 ; 3.81894 ; 4.32355 ; -4.69159
8.73037 ; 6.60542 ; -1.57941 ; 4.31844
7.2402 ; 6.45843 ; 4.49894 ; 4.53003
7.80097 ; 2.82341 ; 3.90664 ; -3.85963
3.66781 ; 4.40935 ; -4.17216 ; -4.99544
7.55695 ; 1.68134 ; 3.9406 ; -1.40275
3.83869 ; 5.73696 ; -4.31783 ; 4.87103
7.31749 ; 7.08802 ; 4.36513 ; 4.01711
5.58721 ; 5.80614 ; -5.22022 ; 5.02005
2.59918 ; 3.95583 ; 0.904962 ; 5.68897
8.72489 ; 7.98153 ; -2.27139 ; 1.41293
5.54602 ; 4.11128 ; -5.42695 ; 5.21188
4.03402 ; 1.68031 ; -4.25238 ; -1.15181
7.84009 ; 6.7338 ; 3.9609 ; 4.24993
3.20619 ; 2.55425 ; -3.46249 ; -3.46789
4.13849 ; 2.188 ; -4.36979 ; -3.06313
4.33117 ; 7.37404 ; -4.53304 ; 3.71344
7.77936 ; 2.80016 ; 3.92229 ; -3.84028
7.8103 ; 1.82796 ; 3.59892 ; 1.47588
3.49554 ; 7.38533 ; -3.82096 ; 3.59664
3.17809 ; 6.82305 ; -3.54715 ; 4.10707
5.13875 ; 3.23921 ; 5.02191 ; -4.34631
3.3726 ; 4.54346 ; 3.26151 ; -5.36963
3.62623 ; 7.04434 ; -4.01967 ; 3.98093
7.36172 ; 7.06345 ; 4.33478 ; 4.03546
7.67927 ; 7.07546 ; 4.06848 ; 3.97925
8.22275 ; 7.1963 ; 3.43057 ; 3.74049
7.39522 ; 3.97257 ; 4.40247 ; -4.7828
8.31581 ; 7.36613 ; 3.24461 ; 3.50871
6.03961 ; 6.21379 ; 5.11506 ; 4.77422
7.35655 ; 2.03546 ; 4.23728 ; 1.89942
7.96647 ; 3.12505 ; 3.79207 ; -4.11016
7.37818 ; 8.18638 ; 4.22123 ; 0.0377417
7.47761 ; 6.67012 ; -3.93394 ; 4.35132
3.80045 ; 6.64323 ; -4.23061 ; 4.34586
3.4193 ; 2.36822 ; -3.67829 ; -3.2616
3.11856 ; 2.53605 ; -3.33467 ; -3.41472
5.43111 ; 4.76421 ; -5.25865 ; -5.29246
6.6571 ; 6.41701 ; 4.98525 ; -4.84946
3.18131 ; 2.45579 ; -3.39593 ; -3.32524
2.54027 ; 7.91831 ; -1.21512 ; 0.284081
7.73805 ; 7.04023 ; 4.02233 ; 4.00145
7.83711 ; 6.63312 ; 3.97689 ; 4.32917
3.27375 ; 2.57111 ; -3.54859 ; -3.47191
6.74575 ; 4.00902 ; 4.83287 ; -4.87357
8.11541 ; 2.69005 ; 3.5304 ; -3.63682
3.77335 ; 3.9872 ; -4.26633 ; -4.79667
7.95298 ; 7.43848 ; 3.71437 ; 3.52356
4.49637 ; 2.05556 ; -4.69347 ; -2.61393
7.55307 ; 8.17829 ; 3.98407 ; -1.51564
7.01001 ; 6.66975 ; 4.63086 ; 4.40095
6.69263 ; 6.79533 ; 4.79156 ; 4.32146
8.98698 ; 6.19843 ; 1.51878 ; 4.25648
2.80691 ; 1.62656 ; -1.98899 ; -0.0393819
4.03663 ; 7.15531 ; -4.34234 ; 3.93654
8.32619 ; 8.03282 ; 2.93636 ; 2.27159
2.41541 ; 2.09131 ; -1.11015 ; -2.0713
2.4887 ; 6.9344 ; -2.00896 ; 3.87935
8.0663 ; 7.45815 ; 3.57266 ; 3.46683
6.94004 ; 3.30427 ; 4.64605 ; -4.39789
5.51525 ; 5.54009 ; 5.40662 ; -5.31595
7.72597 ; 7.11771 ; 4.01897 ; 3.93068
5.6054 ; 4.46673 ; -5.05527 ; -5.16995
5.32161 ; 3.72296 ; -5.10737 ; -4.75463
3.36412 ; 7.31318 ; -3.69558 ; 3.64737
5.75143 ; 3.46505 ; -5.18598 ; -4.54279
8.16361 ; 2.18376 ; -3.47396 ; 2.95511
3.4917 ; 6.37879 ; -3.95807 ; 4.49581
3.58804 ; 2.43485 ; -3.88579 ; -3.40226
7.14764 ; 3.73158 ; 4.56627 ; -4.67382
7.9255 ; 2.84716 ; 3.78581 ; -3.85557
7.46801 ; 3.54451 ; 4.30917 ; -4.51465
5.42752 ; 2.73785 ; -5.2933 ; -1.00566
3.95028 ; 3.9062 ; -4.40891 ; -4.76975
3.57256 ; 6.80351 ; -4.00506 ; 4.18402
3.72885 ; 3.14091 ; -4.15223 ; -4.20537
7.15449 ; 3.07294 ; 4.47982 ; -4.18666
2.44532 ; 7.00523 ; -1.81757 ; 3.78555
6.04697 ; 6.33288 ; 5.05423 ; 4.68597
3.77706 ; 3.31473 ; -4.21866 ; -4.35438
7.369 ; 3.70469 ; 4.40342 ; -4.63149
4.24941 ; 8.10704 ; -4.5213 ; -1.50258
5.81696 ; 3.81323 ; -5.18339 ; -4.82499
8.14118 ; 2.55596 ; 3.45491 ; -3.46484
7.78958 ; 2.20592 ; 3.78548 ; -3.00268
3.26768 ; 7.36094 ; -3.56846 ; 3.56568
3.29838 ; 2.81465 ; -3.65418 ; -3.80904
8.53308 ; 2.16836 ; 2.62988 ; -2.64558
3.25283 ; 7.55138 ; -3.49091 ; 3.31243
4.0461 ; 8.38883 ; -4.24559 ; 0.145532
5.26963 ; 6.72546 ; 5.11004 ; 4.37418
3.22794 ; 2.54706 ; -3.48866 ; -3.4658
3.51935 ; 3.10609 ; -3.95167 ; -4.14105
3.06875 ; 7.69106 ; -3.16554 ; 3.02161
3.79156 ; 7.03201 ; -4.16606 ; 4.02119
8.72649 ; 7.55605 ; 2.3126 ; 3.05928
6.81178 ; 7.93233 ; -5.30075 ; 2.18541
7.91326 ; 2.64334 ; 3.74882 ; -3.63691
5.72073 ; 6.76185 ; 5.46429 ; -4.58788
6.46061 ; 2.84933 ; 4.85113 ; -3.99714
7.11329 ; 4.74717 ; 4.64642 ; -5.119
4.71175 ; 2.62587 ; -4.75826 ; -3.74975
6.10327 ; 3.44772 ; -5.17544 ; -4.54048
3.80942 ; 2.7996 ; -4.16753 ; -3.89539
3.49525 ; 7.38681 ; -3.82038 ; 3.59561
3.32938 ; 2.67052 ; -3.65404 ; -3.65283
3.77645 ; 3.22184 ; -4.20503 ; -4.28109
3.41156 ; 2.77349 ; -3.77565 ; -3.79253
4.74615 ; 6.67242 ; 4.93911 ; 4.39751
8.17374 ; 2.60083 ; 3.42851 ; -3.51034
5.78061 ; 3.68964 ; 5.12711 ; -4.73559
7.4208 ; 6.50608 ; 4.35972 ; 4.47291
7.29508 ; 3.10623 ; 4.38517 ; -4.20124
4.25225 ; 3.28821 ; 4.39907 ; -4.34718
4.047 ; 6.55969 ; -4.43203 ; 4.43938
7.38589 ; 3.0993 ; 4.31674 ; -4.18065
5.57262 ; 6.81726 ; 5.07841 ; 4.30045
8.81437 ; 4.01774 ; -0.805094 ; 5.76601
4.51897 ; 1.77547 ; -4.77168 ; -0.097167
4.7666 ; 4.66422 ; -5.00916 ; 5.16578
4.8457 ; 3.45165 ; 4.73261 ; -4.53318
4.73866 ; 3.64692 ; -5.01655 ; 4.52901
5.40386 ; 4.09547 ; -5.35624 ; 4.93953
3.26139 ; 7.44129 ; -3.53782 ; 3.46445
6.78618 ; 6.72489 ; -4.75654 ; 4.3384
8.12022 ; 6.48657 ; -2.32564 ; 4.49661
3.73391 ; 2.81244 ; -4.10288 ; -3.89704
8.32768 ; 2.3972 ; 3.13346 ; -3.17171
3.30396 ; 7.49934 ; -3.57211 ; 3.39405
7.89069 ; 7.3162 ; 3.81518 ; 3.68718
8.60926 ; 4.02986 ; 2.32166 ; 5.33467
8.48126 ; 3.56209 ; -0.25074 ; -4.51081
3.90889 ; 7.02276 ; -4.26505 ; 4.04674
8.18377 ; 3.32757 ; 3.21138 ; 4.67793
3.49323 ; 7.15336 ; -3.87107 ; 3.85016
8.30565 ; 2.36163 ; 3.15221 ; -3.1258
5.42668 ; 7.79702 ; -5.14465 ; 2.9047
6.11536 ; 5.87763 ; 5.12376 ; 4.96542
7.26265 ; 6.22161 ; -3.91782 ; 4.77153
3.52477 ; 7.01791 ; -3.92781 ; 3.9861
2.47872 ; 5.8706 ; -1.71656 ; 4.87824
8.97086 ; 5.91216 ; 0.32532 ; 4.94322
8.3545 ; 6.7413 ; 3.30574 ; 4.16973
3.19003 ; 7.58089 ; -3.39422 ; 3.24671
5.57875 ; 8.04872 ; -5.50362 ; -0.673231
4.35709 ; 4.88913 ; -4.73396 ; 5.10617
3.93964 ; 1.742 ; -4.14517 ; -1.75477
6.74991 ; 6.95263 ; 4.74646 ; 4.1826
5.72119 ; 6.52507 ; 5.22984 ; 3.07884
7.75015 ; 2.83826 ; 3.95748 ; -3.8845
3.50826 ; 6.97515 ; -3.91831 ; 4.02172
7.99313 ; 7.26915 ; 3.71217 ; 3.71563
7.04118 ; 6.78737 ; 4.59798 ; 4.30595
6.96239 ; 6.93338 ; 4.62056 ; 4.18766
8.17846 ; 2.54462 ; 3.40461 ; -3.43795
3.04806 ; 2.31465 ; -3.13743 ; -3.04763
3.49066 ; 3.57454 ; -3.97253 ; -4.51128
5.93634 ; 4.36636 ; 5.11404 ; -5.11949
7.85956 ; 4.37867 ; -3.74843 ; -5.24486
3.33093 ; 7.41814 ; -3.62968 ; 3.51507
8.04339 ; 2.56051 ; 3.57866 ; -3.50027
2.75554 ; 6.41352 ; 1.8441 ; 4.52663
4.31648 ; 6.7346 ; -4.5933 ; 4.33858
8.49488 ; 3.5243 ; -2.18945 ; -4.48732
8.57018 ; 6.27889 ; 2.10629 ; -5.30751
4.05735 ; 1.71021 ; -4.26478 ; -1.58779
8.10986 ; 4.63258 ; 3.63222 ; -5.07335
6.89799 ; 6.83549 ; 4.67888 ; 4.26446
3.01356 ; 2.33296 ; -3.08711 ; -3.06357
3.80256 ; 2.8839 ; -4.17514 ; -3.98003
8.71496 ; 7.97464 ; 2.05092 ; 2.14293
7.65033 ; 3.1692 ; 4.1083 ; -4.19951
5.0287 ; 3.90838 ; -5.03242 ; -4.84912
7.23457 ; 3.29265 ; 4.45634 ; -4.35694
2.36335 ; 6.5054 ; -1.29185 ; 4.33967
3.2767 ; 2.17596 ; -3.42992 ; -2.87721
4.24659 ; 4.03382 ; -4.6385 ; 4.77476
6.91764 ; 4.1402 ; 4.73025 ; 2.20928
2.51189 ; 3.63457 ; -2.12949 ; -4.51256
8.23524 ; 2.36706 ; 3.26062 ; -3.16143
8.30477 ; 2.40341 ; 3.17113 ; -3.1907
3.28462 ; 2.65697 ; -3.59579 ; -3.62312
7.73931 ; 6.95562 ; 4.03219 ; 4.0781
7.1091 ; 3.34858 ; -4.53874 ; -4.38513
3.18395 ; 2.49341 ; -3.41209 ; -3.37848
8.02451 ; 7.18406 ; 3.69339 ; 3.80181
2.38019 ; 8.18734 ; 0.420677 ; 0.540566
8.3473 ; 7.67541 ; 3.08192 ; 3.03792
3.71008 ; 6.96792 ; -4.10795 ; 4.06402
3.93656 ; 3.95781 ; -4.373 ; -4.13373
4.0555 ; 7.93726 ; -4.19817 ; -2.31299
7.90666 ; 2.69146 ; 3.76765 ; -3.69448
8.01107 ; 4.1677 ; 3.647 ; 5.091
7.66714 ; 3.09473 ; 4.08077 ; -4.1357
3.29758 ; 7.5392 ; -3.55187 ; 3.34438
6.45068 ; 3.0334 ; 4.87084 ; -4.18587
7.80521 ; 6.30017 ; 4.03242 ; 4.56502
3.84674 ; 7.56859 ; -4.13097 ; 3.41079
3.37421 ; 3.05457 ; -3.7678 ; -4.07277
8.38457 ; 6.83673 ; 3.24457 ; 4.08221
3.54949 ; 2.47979 ; 4.3034 ; -2.55945
4.11549 ; 7.24995 ; -4.39981 ; 3.82702
4.92892 ; 4.18355 ; -4.98362 ; -4.99743
8.44832 ; 8.22336 ; 2.4889 ; 1.49759
7.80766 ; 2.00743 ; 3.71256 ; -2.57605
3.1959 ; 2.08226 ; -2.97322 ; 2.61225
6.27806 ; 6.29877 ; 5.03435 ; 4.70895
2.40548 ; 8.23668 ; 0.0753407 ; 0.243695
8.20807 ; 7.58515 ; 3.33632 ; 3.23919
3.25033 ; 7.46052 ; -3.51763 ; 3.43646
3.70733 ; 6.7869 ; -4.1325 ; 4.21799
8.16351 ; 2.45317 ; 3.39215 ; -3.31744
5.82973 ; 2.73044 ; -5.18496 ; -3.81459
2.92258 ; 3.28664 ; -2.59196 ; 4.74184
4.4874 ; 7.28715 ; -4.64047 ; 3.82309
4.02328 ; 2.88596 ; -4.36433 ; -3.93084
4.87255 ; 8.08366 ; -4.9047 ; 2.30895
3.50925 ; 7.2584 ; -3.86545 ; 3.74411
7.84482 ; 3.04114 ; 3.90562 ; -4.05626
3.52468 ; 2.73195 ; -3.88632 ; -3.77257
2.73106 ; 6.16243 ; -2.76245 ; 4.61093
4.99755 ; 1.90223 ; -5.1615 ; 0.0019033
2.45339 ; 6.59957 ; -1.34231 ; 4.27226
3.44225 ; 2.25868 ; 4.13681 ; -2.44366
4.37138 ; 8.34965 ; -4.57579 ; 0.885955
8.02049 ; 2.67931 ; 3.639 ; -3.65135
3.38533 ; 2.75488 ; -3.74223 ; -3.76574
5.18615 ; 5.46664 ; 5.25537 ; 5.22279
7.20704 ; 2.86575 ; 4.41568 ; -3.98366
7.73547 ; 2.90808 ; 3.98553 ; -3.95406
6.06142 ; 6.15098 ; -5.08571 ; 4.83259
7.71006 ; 5.31386 ; 4.09655 ; -5.11663
6.73268 ; 7.12887 ; 4.93672 ; -3.70181
9.04803 ; 6.60349 ; 0.982759 ; 4.25893
3.48001 ; 2.70957 ; -3.83473 ; -3.73771
3.3645 ; 2.56041 ; -3.66485 ; -3.52409
7.21493 ; 7.12085 ; 4.43808 ; 3.99548
3.10666 ; 7.63235 ; -3.25092 ; 3.13485
8.23698 ; 7.5998 ; 3.28849 ; 3.20629
8.11527 ; 7.62128 ; 3.11522 ; -3.53419
6.05852 ; 6.41732 ; -5.62694 ; -5.16056
3.92119 ; 2.69848 ; -4.23986 ; 3.36876
5.52251 ; 6.81462 ; 5.12007 ; 4.30167
7.68849 ; 2.99218 ; 4.04441 ; -4.04069
7.88224 ; 6.71047 ; 3.92251 ; 4.26571
7.78738 ; 2.85692 ; 3.92643 ; -3.89536
7.02054 ; 8.33362 ; 4.58045 ; -0.261209
5.62265 ; 2.90407 ; 5.0957 ; -3.99653
6.38027 ; 7.4858 ; -5.7983 ; -3.53679
4.17248 ; 5.53866 ; -4.58865 ; 4.98168
7.4499 ; 3.20387 ; 4.28149 ; -4.26237
3.79307 ; 6.92734 ; -4.18585 ; 4.11382
7.44677 ; 2.38027 ; 4.15834 ; -3.35338
3.5698 ; 3.36945 ; -4.03509 ; -4.36582
3.477 ; 2.85827 ; -3.86441 ; -3.89538
4.30249 ; 6.11124 ; -4.64662 ; 4.74301
3.49469 ; 3.00782 ; -3.90941 ; -4.04727
3.62944 ; 7.25066 ; -3.98435 ; 3.77698
3.19765 ; 2.59006 ; -3.46273 ; -3.51149
2.42142 ; 6.8595 ; -1.72426 ; 3.95526
8.76149 ; 8.07321 ; 0.397607 ; -2.79933
4.17723 ; 3.3266 ; 4.52701 ; 5.01626
5.47203 ; 3.11715 ; -5.10412 ; -4.26621
4.01575 ; 5.86667 ; -4.45874 ; 4.8367
8.23782 ; 2.5007 ; 3.30726 ; -3.35807
4.39166 ; 2.83636 ; -4.60985 ; -3.98681
5.89188 ; 2.31949 ; -5.69178 ; 2.57149
3.95366 ; 7.12851 ; -4.28401 ; 3.95375
3.71757 ; 7.90956 ; -3.93939 ; 2.79538
4.00016 ; 4.8182 ; -4.46469 ; -5.12653
3.679 ; 1.96167 ; -3.88056 ; -2.50325
4.44675 ; 3.32366 ; -4.69028 ; -4.42972
7.69416 ; 6.96345 ; 4.07358 ; 4.07769
7.91237 ; 2.84421 ; 3.7983 ; -3.85573
7.85008 ; 7.14595 ; 3.89454 ; 3.8789
2.41885 ; 6.95774 ; -1.70051 ; 3.83821
8.38706 ; 3.88302 ; 3.25789 ; -4.66114
7.71372 ; 6.68976 ; 4.09131 ; 4.30299
3.68548 ; 7.28529 ; -4.02824 ; 3.7504
6.61883 ; 3.34424 ; 4.82587 ; -4.4495
6.72224 ; 6.76571 ; -4.89639 ; 4.30205
4.74044 ; 3.68919 ; -4.88459 ; -4.70744
7.46505 ; 6.92092 ; 4.27543 ; 4.14875
3.52504 ; 7.61451 ; 4.68833 ; -3.79516
5.16787 ; 2.51718 ; 5.17674 ; -3.43858
8.35438 ; 7.5556 ; 3.11768 ; 3.22698
8.34235 ; 7.26973 ; 3.22855 ; 3.62237
3.38258 ; 2.83461 ; -3.75771 ; -3.84974
3.68342 ; 7.34775 ; -4.01565 ; 3.67899
6.48277 ; 5.5665 ; 5.01689 ; 5.07231
4.35916 ; 7.75782 ; -4.58627 ; 2.5964
5.65533 ; 7.25208 ; -5.11167 ; 3.83259
3.93448 ; 4.46549 ; -4.41205 ; -5.02666
7.57264 ; 3.27165 ; 4.19092 ; -4.29861
3.2906 ; 7.39812 ; -3.58687 ; 3.52731
4.5263 ; 4.2088 ; -4.8148 ; -4.97696
3.75757 ; 7.08272 ; -4.13097 ; 3.9649
8.9216 ; 3.08818 ; 0.887849 ; -3.92965
8.20971 ; 2.32194 ; 2.92803 ; 3.23767
4.09407 ; 3.15642 ; -4.42988 ; -4.26673
8.1164 ; 2.80593 ; 3.55728 ; -3.76638
6.72485 ; 4.06037 ; 4.85324 ; -4.90426
7.94414 ; 7.27344 ; 3.76376 ; 3.69251
7.31896 ; 6.90593 ; 4.39088 ; 4.18057
7.15947 ; 1.80429 ; 4.44518 ; 0.826735
8.17514 ; 2.52283 ; 3.40114 ; -3.41113
3.50983 ; 2.83075 ; -3.8921 ; -3.87438
6.67954 ; 3.17497 ; 4.78783 ; -4.29822
4.18793 ; 3.60352 ; -4.5417 ; -4.16811
3.26679 ; 8.36999 ; -3.06672 ; -0.845736
7.44189 ; 6.06108 ; 4.32926 ; -4.8747
6.53375 ; 5.3593 ; 4.98024 ; 5.13096
7.85306 ; 2.98416 ; 3.88748 ; -4.00121
4.10698 ; 3.76893 ; -4.51674 ; -4.70567
5.70502 ; 6.89778 ; -5.01933 ; 4.22161
4.11355 ; 4.06298 ; -4.53904 ; -4.86346
6.85483 ; 7.17218 ; 4.67278 ; 3.96574
7.92225 ; 7.50566 ; 3.73188 ; 3.44265
4.00902 ; 7.89992 ; -4.22453 ; 2.85206
4.05743 ; 7.99165 ; -4.26329 ; 2.64684
4.26589 ; 7.24212 ; 4.49878 ; 3.68029
7.897 ; 2.92851 ; 3.83286 ; -3.94112
4.72067 ; 2.13921 ; -4.99548 ; 1.95263
6.15864 ; 6.34516 ; 5.04761 ; 4.68173
4.14826 ; 7.07931 ; -4.43721 ; 4.02245
8.06304 ; 2.71366 ; 3.59983 ; -3.67838
7.64691 ; 7.55046 ; 4.01274 ; 3.43651
6.64096 ; 2.26148 ; -5.29014 ; -2.84844
4.42002 ; 8.2775 ; -4.65932 ; -0.059496
4.72603 ; 2.30212 ; -4.77778 ; -3.26805
7.58896 ; 6.93944 ; 4.17026 ; 4.11499
5.83169 ; 2.29423 ; -5.68494 ; 2.57626
3.83064 ; 6.8845 ; -4.21462 ; 4.1559
8.05855 ; 2.71921 ; 3.60595 ; -3.68523
3.65324 ; 3.09666 ; -4.07869 ; -4.15509
7.07699 ; 6.88535 ; 4.56367 ; 4.22143
7.89934 ; 7.19645 ; 3.8332 ; 3.81665
5.1055 ; 5.22222 ; 5.39742 ; -5.49841
2.78745 ; 3.30954 ; -2.90078 ; -4.22239
3.87352 ; 2.07465 ; -4.13245 ; -0.751169
3.79046 ; 3.40907 ; -4.2411 ; -4.42754
7.37677 ; 7.22663 ; 4.30007 ; 3.8709
6.50227 ; 4.37259 ; 3.4659 ; -5.03816
7.55681 ; 7.1592 ; 4.16222 ; 3.91732
3.22983 ; 7.3387 ; -3.52524 ; 3.58186
8.78798 ; 3.42677 ; 1.23551 ; 5.15658
7.10326 ; 3.24424 ; -4.64654 ; -4.29236
8.06587 ; 2.64187 ; 3.57616 ; -3.59513
7.72046 ; 2.93959 ; 4.00525 ; -3.98619
3.73013 ; 2.78982 ; -4.0965 ; -3.87315
6.86858 ; 3.12629 ; 4.67543 ; -4.25321
5.27082 ; 4.10377 ; 5.45071 ; 4.28974
8.46901 ; 6.72804 ; 3.00052 ; 4.19615
6.28456 ; 2.36994 ; -5.13424 ; -3.12422
3.27147 ; 6.27687 ; -2.76626 ; 4.60883
8.15282 ; 2.78479 ; 3.5062 ; -3.73444
6.97812 ; 7.12159 ; 4.59957 ; 4.01235
8.20307 ; 2.43892 ; 3.33317 ; -3.28314
7.90323 ; 7.45437 ; 3.76631 ; 3.51574
6.35643 ; 2.92013 ; 4.90201 ; -4.0717
3.8226 ; 2.06803 ; 4.89981 ; -1.73848
7.33984 ; 6.16255 ; 4.41345 ; -3.64795
3.03638 ; 5.55387 ; -3.33382 ; 4.96353
8.36033 ; 2.36873 ; 3.06803 ; -3.11334
3.67264 ; 4.49081 ; -4.1759 ; -5.02443
7.74358 ; 7.13418 ; 4.00013 ; 3.91201
7.89089 ; 7.35501 ; 3.80535 ; 3.64227
3.41964 ; 7.39049 ; -3.73814 ; 3.57221
4.25082 ; 8.14435 ; -4.51746 ; -1.2876
8.99563 ; 7.07883 ; 1.48763 ; 3.68135
7.44877 ; 6.63403 ; 4.32487 ; 4.37713
4.14277 ; 4.34748 ; -4.57201 ; -4.99941
7.19082 ; 1.82644 ; 4.41376 ; 0.46375
7.8519 ; 6.72649 ; 3.95338 ; 4.2552
2.33898 ; 7.08594 ; -1.15963 ; 3.65154
5.03044 ; 8.41854 ; -3.12076 ; 0.477265
7.66981 ; 7.41218 ; 4.01671 ; 3.61743
7.0683 ; 6.24337 ; 4.67063 ; -4.71344
3.82602 ; 1.97542 ; 4.77897 ; -1.11005
7.23895 ; 3.28022 ; 4.45249 ; -4.26016
8.03543 ; 7.25203 ; 3.6663 ; 3.72447
3.37343 ; 7.45149 ; -3.66916 ; 3.4851
4.54361 ; 2.13558 ; -4.8041 ; -0.0908209
7.65371 ; 3.74264 ; -3.89622 ; -4.74783
8.57294 ; 3.54866 ; 2.90495 ; -4.4049
3.42181 ; 7.1851 ; -3.7891 ; 3.80197
4.40704 ; 6.40691 ; -4.68195 ; 4.58254
4.41672 ; 5.85388 ; -4.73164 ; 4.80922
3.49774 ; 2.77813 ; -3.86856 ; -3.81695
7.60844 ; 3.11715 ; 4.07366 ; -4.16317
8.31899 ; 7.65747 ; 3.1365 ; 3.08058
4.36956 ; 3.36992 ; -4.65178 ; -4.46038
7.18676 ; 7.90041 ; 4.41431 ; 2.26759
8.05033 ; 7.41041 ; 3.60713 ; 3.53216
3.38767 ; 7.08745 ; -3.77091 ; 3.8919
4.85013 ; 3.47115 ; -4.92092 ; -4.56276
3.67852 ; 7.53119 ; -3.97622 ; 3.44267
6.56509 ; 2.75106 ; -4.8081 ; -3.75429
3.58693 ; 7.25494 ; -3.94273 ; 3.76497
7.64592 ; 3.01052 ; 4.08378 ; -4.06506
4.12704 ; 2.80818 ; -4.43145 ; -3.9229
3.1896 ; 2.52568 ; -3.4306 ; -3.42464
4.2973 ; 7.18946 ; -4.52691 ; 3.92357
3.99888 ; 2.84771 ; -4.33192 ; -3.96857
8.05235 ; 2.54095 ; 3.56231 ; -3.47267
2.74586 ; 5.22138 ; 1.73624 ; -5.71493
7.185 ; 7.80916 ; 4.39277 ; 3.06325
8.65876 ; 3.20015 ; -1.92196 ; 4.9961
4.21373 ; 4.45266 ; -4.62588 ; -5.04682
2.41837 ; 2.09785 ; -1.12768 ; -2.07791
8.42116 ; 3.39188 ; -2.5501 ; -4.34822
8.8021 ; 3.722 ; 2.30131 ; -4.53001
3.60494 ; 2.29417 ; -3.86856 ; -3.18235
7.24881 ; 1.85477 ; 4.32481 ; -1.94629
3.82869 ; 6.55693 ; -4.26188 ; 4.41399
4.12631 ; 1.74352 ; -4.36779 ; -1.13282
4.46075 ; 4.32631 ; -4.72253 ; -5.02292
5.95224 ; 6.26107 ; 5.1114 ; 4.74526
4.51939 ; 3.91225 ; -4.74734 ; -4.82606
8.01521 ; 7.37479 ; 3.65893 ; 3.58541
5.25879 ; 4.16871 ; -5.10638 ; -5.018
3.55931 ; 6.12869 ; -4.03734 ; 4.65947
7.05284 ; 6.65154 ; 4.58682 ; 4.40367
6.5307 ; 6.76029 ; 4.88405 ; 4.35849
3.42177 ; 7.0846 ; -3.8088 ; 3.90204
7.06562 ; 3.4662 ; -4.61739 ; -4.51634
5.65839 ; 6.49321 ; -5.14582 ; 4.57835
4.64588 ; 3.95797 ; -4.8623 ; -4.86476
7.35388 ; 6.89357 ; 4.35701 ; 4.18627
5.09551 ; 2.67889 ; -5.00686 ; -3.79088
2.65229 ; 6.87085 ; -2.53746 ; 3.97838
4.84956 ; 3.62665 ; 4.92039 ; -4.68495
6.94895 ; 3.87784 ; 4.69035 ; -4.77407
8.2699 ; 2.50408 ; 3.26258 ; -3.35097
4.87837 ; 6.1883 ; -4.95116 ; 4.74006
4.39879 ; 6.51329 ; -4.6693 ; 4.51014
7.79286 ; 3.08397 ; 3.96359 ; -4.10338
3.20607 ; 5.601 ; 3.1361 ; 5.21475
3.32775 ; 3.27284 ; -3.74644 ; -4.2604
5.5295 ; 8.1813 ; 5.58636 ; -0.0448033
5.25352 ; 3.10215 ; -5.06249 ; -4.24989
5.02301 ; 6.04356 ; -5.11046 ; -3.15553
7.48016 ; 7.03577 ; 4.24598 ; 4.04599
6.90536 ; 3.53895 ; 4.69656 ; -4.57356
7.63768 ; 2.26667 ; 3.95579 ; -3.14222
3.70854 ; 2.33581 ; -3.98644 ; -3.27239
8.15951 ; 2.57473 ; 3.43841 ; -3.48209
8.22242 ; 2.54047 ; 3.34352 ; -3.41721
3.29951 ; 7.32453 ; -3.61717 ; 3.61721
3.43926 ; 7.38611 ; -3.76063 ; 3.58219
7.75719 ; 7.41853 ; 3.92984 ; 3.59379
7.82546 ; 6.26364 ; 4.01318 ; 4.58687
2.90106 ; 3.04509 ; -3.1012 ; -3.96771
3.05011 ; 3.70015 ; -3.01419 ; 4.99911
4.31599 ; 6.68932 ; 4.63969 ; 4.3539
7.49862 ; 3.5401 ; 4.27753 ; -4.51024
3.03523 ; 7.71182 ; -3.10081 ; 2.97058
5.64421 ; 3.4777 ; -5.13189 ; -4.57566
3.55524 ; 1.88549 ; 4.91361 ; 0.317929
5.70983 ; 8.2557 ; 5.48714 ; 0.681253
7.20584 ; 6.45791 ; 4.52239 ; 4.5331
7.60621 ; 2.62017 ; 4.05152 ; -3.66449
3.3288 ; 3.26163 ; -3.76144 ; -4.24828
7.69526 ; 7.06202 ; 4.05667 ; 3.98879
3.48797 ; 7.86395 ; -3.69203 ; 2.84061
3.68576 ; 7.74044 ; -3.94546 ; 3.11354
8.1952 ; 2.61437 ; 3.40457 ; -3.52067
3.40907 ; 7.25896 ; -3.75913 ; 3.72026
3.97321 ; 5.02308 ; 4.47468 ; 5.50346
3.07855 ; 3.02212 ; -3.39414 ; -3.97996
2.93369 ; 3.14512 ; 2.18121 ; -4.06036
7.81987 ; 6.84703 ; 3.97198 ; 4.15961
7.2792 ; 1.95829 ; 4.27785 ; -2.49205
7.12536 ; 6.04674 ; 4.61107 ; 4.78883
6.4671 ; 5.50379 ; -0.380346 ; 5.08102
4.46817 ; 4.60563 ; -4.80069 ; -5.13245
9.08748 ; 7.5005 ; -0.479352 ; 2.85189
6.27582 ; 6.54504 ; 5.009 ; 4.53699
7.863 ; 7.613 ; 3.76874 ; 3.30133
3.12868 ; 2.47437 ; -3.32829 ; -3.3325
4.43255 ; 7.27323 ; -4.61698 ; 3.82781
3.33781 ; 7.41181 ; -3.63862 ; 3.52395
7.973 ; 2.86387 ; 3.73901 ; -3.86045
6.23833 ; 6.8067 ; 4.9929 ; 4.32515
3.36937 ; 7.36073 ; -3.68923 ; 3.59406
4.33632 ; 7.1942 ; 4.62139 ; 3.75679
6.73445 ; 3.23953 ; 4.75256 ; -4.35894
7.11181 ; 3.66558 ; 4.58143 ; -4.63721
4.20228 ; 7.82894 ; -4.40149 ; 3.00674
8.65361 ; 6.18358 ; -1.76975 ; 4.7659
4.00582 ; 3.34841 ; -4.40424 ; -4.41045
4.36315 ; 7.67551 ; 4.33345 ; 2.95671
3.04701 ; 7.66563 ; -3.14096 ; 3.0549
2.63054 ; 6.15942 ; -1.07367 ; -5.61387
8.28466 ; 7.6203 ; 3.20713 ; 3.1556
8.4015 ; 7.73793 ; 2.95721 ; 2.9009
3.57991 ; 2.70732 ; -3.93703 ; -3.75593
7.64434 ; 7.09965 ; 4.0952 ; 3.96227
3.35484 ; 7.16215 ; -3.71954 ; 3.81187
5.52712 ; 8.24609 ; 5.54278 ; 0.67509
3.11753 ; 3.39446 ; -3.50088 ; -4.32952
7.05434 ; 3.72492 ; 4.62667 ; -4.68012
3.94882 ; 3.44472 ; -4.37226 ; -4.47343
4.304 ; 6.00306 ; -4.64953 ; 4.80508
7.66242 ; 3.58569 ; 4.1484 ; -4.51283
4.86867 ; 2.17495 ; 5.33842 ; -2.56829
7.77258 ; 7.10914 ; 3.97784 ; 3.93048
3.37328 ; 2.79691 ; -3.73896 ; -3.80812
5.3698 ; 2.74271 ; -5.43947 ; 3.39725
8.16296 ; 7.44983 ; 3.44706 ; 3.44697
7.84429 ; 2.18424 ; 3.71523 ; -2.9521
7.56077 ; 3.99695 ; 4.2297 ; -4.7935
8.63124 ; 5.70156 ; -1.28496 ; 5.05845
7.34175 ; 5.42281 ; 4.46814 ; 5.03011
7.84811 ; 2.88445 ; 3.873 ; -3.9096
3.64449 ; 8.37753 ; -3.72213 ; -0.560745
7.88842 ; 7.14191 ; 3.85605 ; 3.87467
7.65445 ; 3.23584 ; 4.11094 ; -4.25745
6.21908 ; 3.25019 ; 5.22396 ; 3.04255
4.3012 ; 6.0158 ; -4.68621 ; -5.05547
3.14497 ; 7.55651 ; -3.33819 ; 3.2664
3.3813 ; 7.32959 ; -3.71055 ; 3.63325
3.09057 ; 2.40036 ; -3.24255 ; -3.20742
3.6284 ; 3.00466 ; -4.04112 ; -4.06819
5.48012 ; 8.09231 ; 5.45253 ; 1.84337
7.18666 ; 2.76623 ; 4.49782 ; 3.08655
5.89388 ; 7.17392 ; 4.99444 ; 3.93637
4.12095 ; 3.29006 ; -4.49696 ; 4.07341
3.93147 ; 3.55793 ; -4.36994 ; -4.54898
3.33561 ; 7.48324 ; -3.61591 ; 3.43292
8.29439 ; 2.43911 ; 3.20172 ; -3.24849
7.80995 ; 4.67509 ; 3.22635 ; -5.17257
3.66963 ; 3.12445 ; -4.09704 ; -4.18089
3.58242 ; 3.21267 ; -4.02481 ; -4.24399
8.71213 ; 7.68302 ; -2.56358 ; 2.41275
7.69492 ; 3.96445 ; -3.77374 ; -4.93295
2.74396 ; 2.22695 ; 1.7971 ; -2.28709
6.99651 ; 8.37102 ; 4.585 ; 0.591822
7.52155 ; 3.3873 ; -3.77459 ; -4.41084
3.33067 ; 7.07004 ; -3.70835 ; 3.89915
2.49834 ; 6.66105 ; 1.01582 ; 4.22213
6.23769 ; 5.66197 ; -5.25219 ; 5.13971
8.3264 ; 2.3644 ; 3.12143 ; -3.12145
3.65905 ; 8.06084 ; -3.8539 ; 2.38408
3.31284 ; 6.41018 ; -3.51035 ; -4.97766
4.2295 ; 3.46481 ; -4.5726 ; -4.51823
8.15986 ; 7.51115 ; 3.4315 ; 3.36478
3.59828 ; 7.10569 ; -3.98257 ; 3.91755
8.85792 ; 5.89977 ; 2.05306 ; 4.85352
4.21413 ; 6.7187 ; -4.5297 ; 4.34094
7.29529 ; 6.31804 ; 4.46779 ; 4.61384
8.71401 ; 3.04092 ; 2.51504 ; -3.90381
5.53321 ; 7.2157 ; 5.62238 ; -3.60774
5.01329 ; 1.9756 ; 5.74799 ; 1.37228
8.23528 ; 2.31429 ; 3.2406 ; -3.07421
4.01341 ; 4.86883 ; 4.3553 ; -5.49448
7.75143 ; 3.58462 ; 4.0653 ; -4.49722
8.00029 ; 7.51182 ; 3.63842 ; 3.41363
5.33799 ; 4.03194 ; 5.52277 ; 5.28893
6.41975 ; 8.22409 ; 5.01257 ; 1.71984
3.59358 ; 6.99731 ; -3.99624 ; 4.01787
6.54487 ; 1.72249 ; 4.94778 ; -0.991479
6.40157 ; 7.68433 ; 5.02619 ; 2.42386
3.31165 ; 2.67979 ; -3.63566 ; -3.65849
4.44843 ; 8.01655 ; -4.70894 ; -0.410662
3.58252 ; 4.23809 ; -4.08896 ; -4.90803
6.99436 ; 6.96625 ; 4.60743 ; 4.15731
3.57673 ; 7.56772 ; -3.86535 ; 3.37276
7.78744 ; 2.54227 ; 3.7446 ; 3.15746
7.5757 ; 3.52862 ; 4.21868 ; -4.49062
5.05581 ; 4.26534 ; 2.7712 ; 5.16246
5.36018 ; 5.37666 ; 5.31476 ; 5.20626
3.94162 ; 7.05487 ; -4.28559 ; 4.02247
3.85312 ; 3.0039 ; -4.23702 ; -4.10167
5.90354 ; 6.26626 ; -4.26725 ; 4.7189
7.31564 ; 7.24289 ; 4.34362 ; 3.8598
8.99017 ; 2.6956 ; -0.649105 ; -3.29024
8.70445 ; 6.87079 ; 2.58774 ; 3.99373
6.54549 ; 4.41457 ; 4.97775 ; -5.08154
3.38607 ; 7.17036 ; -3.75298 ; 3.80968
6.92443 ; 3.38929 ; 4.66979 ; -4.46434
8.26458 ; 2.80898 ; 3.35594 ; -3.73209
7.94696 ; 3.01454 ; 3.79648 ; -4.01202
3.4752 ; 2.38741 ; -3.74721 ; -3.30513
2.32718 ; 7.02278 ; -1.12011 ; 3.72563
3.43424 ; 7.44856 ; -3.739 ; 3.50458
8.27018 ; 2.42734 ; 3.23276 ; -3.24065
3.26247 ; 7.54396 ; -3.50561 ; 3.32592
6.59249 ; 2.04792 ; 4.91018 ; 1.73762
2.46056 ; 7.88597 ; 1.79978 ; 1.74707
3.92018 ; 1.99115 ; -4.16667 ; 1.66374
3.59446 ; 2.89505 ; -3.9893 ; -3.95614
7.97557 ; 2.83364 ; 3.72907 ; -3.82997
2.56452 ; 5.75346 ; -2.14548 ; 4.93746
2.74221 ; 4.04418 ; -2.8026 ; -4.80069
8.07623 ; 2.66422 ; 3.57047 ; -3.61834
8.26487 ; 2.41538 ; 3.23565 ; -3.22542
7.52794 ; 2.81537 ; 4.15183 ; -3.89593
7.67631 ; 7.18784 ; 4.05145 ; 3.86975
3.81166 ; 6.28978 ; -4.25946 ; 4.59598
4.75632 ; 3.95867 ; -4.91853 ; -4.84253
7.54167 ; 5.62191 ; 4.29621 ; 4.93917
8.94182 ; 2.33383 ; 0.97822 ; -0.94697
8.4276 ; 7.27384 ; 3.08255 ; 3.59295
7.41857 ; 1.8042 ; 4.14987 ; 0.943054
8.04776 ; 7.37934 ; 3.61902 ; 3.57091
3.60279 ; 6.89961 ; -4.02145 ; 4.10539
4.82535 ; 6.27718 ; -4.91939 ; 4.70289
3.95155 ; 6.78446 ; -4.33327 ; 4.25581
3.66017 ; 3.39744 ; -4.12463 ; -4.40084
7.60736 ; 7.45261 ; 4.06826 ; 3.57582
3.40593 ; 7.65981 ; 4.66282 ; -3.66552
8.96601 ; 6.85291 ; -0.712991 ; 3.9785
3.41963 ; 3.14895 ; -3.85299 ; -4.16129
6.06082 ; 3.42961 ; 5.03738 ; -4.53431
4.38537 ; 7.55695 ; -4.69824 ; -2.80894
3.27056 ; 7.44259 ; -3.54833 ; 3.46582
7.70121 ; 2.22808 ; 3.883 ; -3.06303
3.60464 ; 2.54473 ; -3.92764 ; -3.55941
3.8392 ; 6.06245 ; -4.3072 ; 4.72062
8.24301 ; 6.79838 ; 3.45385 ; 3.94074
4.17443 ; 6.33435 ; -4.54129 ; 4.58807
3.5741 ; 7.24437 ; -3.93324 ; 3.77307
4.09168 ; 3.26119 ; -4.45699 ; -4.34515
3.45956 ; 1.96333 ; -3.46004 ; 2.07389
8.0639 ; 2.70227 ; 3.59571 ; -3.66586
7.58256 ; 6.74681 ; 4.2011 ; 4.27663
5.13506 ; 6.60631 ; -4.95989 ; 4.48092
8.35496 ; 7.46601 ; 3.14972 ; 3.3604
3.25999 ; 6.32997 ; -3.69356 ; 4.50575
2.50028 ; 3.24202 ; -2.11908 ; -4.11182
4.36593 ; 2.69047 ; -4.68566 ; 1.8869
8.71334 ; 5.3361 ; 2.40907 ; 5.17006
3.85774 ; 6.37896 ; -4.30228 ; 4.52787
3.21144 ; 8.31411 ; -3.10181 ; 1.25478
5.32458 ; 7.96685 ; -5.40857 ; -1.82236
4.33531 ; 6.97859 ; -4.57653 ; 4.13323
5.66499 ; 8.04833 ; -5.37189 ; 1.8854
8.96956 ; 3.22398 ; 1.56822 ; -4.07344
8.3107 ; 2.38358 ; 3.1537 ; -3.15803
4.12767 ; 5.93212 ; -4.53021 ; 4.82753
8.26053 ; 2.94432 ; 3.38782 ; -3.86889
7.77654 ; 7.25276 ; 3.94536 ; 3.78243
3.64424 ; 4.22756 ; -4.15035 ; -4.91154
7.86881 ; 2.96163 ; 3.8678 ; -3.97795
3.99319 ; 2.15606 ; -4.23666 ; -2.95758
6.77857 ; 3.72676 ; -4.88864 ; -4.75626
7.74607 ; 7.34659 ; 3.9562 ; 3.6826
7.5637 ; 5.64013 ; 4.27691 ; 4.9349
8.12254 ; 7.12226 ; 3.58406 ; 3.84495
2.42221 ; 8.05276 ; -0.903207 ; 1.57537
6.3114 ; 6.67562 ; 5.23179 ; -4.52137
7.87528 ; 7.24895 ; 3.84687 ; 3.76583
3.14557 ; 7.54372 ; -3.34352 ; 3.2846
3.93113 ; 5.57428 ; -2.80678 ; -5.36871
3.95077 ; 3.45361 ; -4.37426 ; -4.48054
7.87817 ; 2.74128 ; 3.80937 ; -3.75599
3.12572 ; 2.41978 ; -3.30345 ; -3.25156
5.49874 ; 5.91881 ; 5.50726 ; -5.38908
7.06902 ; 7.01099 ; 4.54612 ; 4.1111
3.96393 ; 2.52753 ; -4.27344 ; 3.07231
3.30304 ; 6.44937 ; -3.73945 ; 4.43011
8.0077 ; 4.23328 ; 3.58457 ; -4.93492
7.37538 ; 3.00147 ; 4.30881 ; -4.09724
3.86904 ; 6.09569 ; -4.33039 ; 4.70154
3.12244 ; 3.18792 ; 2.94963 ; -4.13042
4.42181 ; 6.89449 ; 4.78109 ; 4.14056
3.90224 ; 6.97319 ; -4.26677 ; 4.09049
2.66929 ; 3.83115 ; -1.51695 ; 4.98125
8.75956 ; 2.35722 ; -1.80217 ; 3.9366
7.62048 ; 7.84417 ; 3.98092 ; 2.95047
7.11999 ; 3.64857 ; 4.57539 ; -4.62599
7.28327 ; 3.59927 ; 4.45508 ; -4.57482
4.66624 ; 6.94558 ; -4.78203 ; 4.16238
2.34588 ; 2.74006 ; -1.27343 ; -3.40993
5.00784 ; 5.3413 ; -4.9058 ; 5.13978
7.96157 ; 2.74159 ; 3.72211 ; -3.73631
6.10912 ; 7.87605 ; 5.38356 ; -2.23612
3.39984 ; 4.70192 ; -3.78788 ; 5.1344
3.49251 ; 7.06993 ; -3.88645 ; 3.93091
3.78872 ; 5.28068 ; -4.2711 ; 5.0252
4.57958 ; 6.73045 ; -4.74673 ; 4.36122
7.28737 ; 6.35664 ; 4.47288 ; 4.57841
4.56971 ; 6.53465 ; -4.76244 ; 4.50942
5.37027 ; 3.63541 ; 5.13596 ; -4.7003
8.01652 ; 3.87423 ; 3.78396 ; -4.68216
7.68295 ; 2.90223 ; 4.03124 ; -3.95875
5.32495 ; 3.12103 ; -5.06268 ; -4.27317
2.6981 ; 7.74081 ; -2.36074 ; 2.73328
6.39957 ; 7.58665 ; 4.87683 ; 3.42598
4.32837 ; 4.84662 ; -4.7154 ; -5.18256
7.87616 ; 3.10615 ; 3.88511 ; -4.10613
3.94627 ; 2.98939 ; -4.31062 ; -4.101
7.24544 ; 6.33591 ; 4.49839 ; 4.52653
6.82586 ; 5.80881 ; 4.59742 ; 4.93069
3.7159 ; 6.40421 ; -4.17952 ; 4.50233
7.79918 ; 2.8881 ; 3.92054 ; -3.92289
7.77622 ; 7.14881 ; 3.96714 ; 3.89129
3.60088 ; 6.25467 ; -4.08051 ; 4.58382
2.78823 ; 2.58762 ; 2.53178 ; 4.16905
6.60385 ; 3.44874 ; 4.84516 ; -4.52975
3.89961 ; 5.3087 ; -4.36986 ; 4.99303
3.7684 ; 2.97919 ; -4.16146 ; -4.06658
8.71299 ; 5.06996 ; -0.309113 ; -5.57824
7.47124 ; 6.13986 ; 4.3437 ; 4.6999
8.20153 ; 7.43435 ; 3.39734 ; 3.45525
7.71241 ; 2.87404 ; 3.99834 ; -3.92676
7.86616 ; 7.5799 ; 3.77478 ; 3.34882
7.3583 ; 4.3726 ; -4.11759 ; -5.21361
3.68302 ; 2.65447 ; -4.0272 ; -3.71263
6.25997 ; 5.2629 ; 5.14174 ; 5.18244
8.16692 ; 2.54399 ; 3.41874 ; -3.44117
4.05222 ; 3.1392 ; -4.41354 ; -4.24882
3.78167 ; 2.90043 ; -4.16017 ; -3.9931
5.36313 ; 8.1079 ; -5.11131 ; 2.09755
3.95528 ; 6.25647 ; -4.39002 ; 4.62485
8.40454 ; 6.21718 ; 2.80489 ; -5.23786
3.54575 ; 7.31422 ; -3.88955 ; 3.69113
3.65148 ; 7.24367 ; -4.00483 ; 3.78886
6.467 ; 6.66823 ; 4.93323 ; 4.37413
4.37266 ; 3.28697 ; -4.64491 ; -4.39689
8.01099 ; 2.51352 ; 3.60368 ; -3.44718
7.93125 ; 2.76394 ; 3.75969 ; -3.76762
3.776 ; 7.01477 ; -4.15777 ; 4.03382
7.36649 ; 4.7564 ; 4.44607 ; -5.06398
7.93238 ; 2.73934 ; 3.7525 ; -3.74115
7.73569 ; 2.89965 ; 3.98386 ; -3.94623
2.91365 ; 6.29538 ; 2.38377 ; 4.65755
7.98659 ; 2.82756 ; 3.71609 ; -3.82115
3.17344 ; 4.00028 ; -3.33521 ; 5.045
7.80722 ; 7.996 ; 3.72997 ; 2.57544
7.66614 ; 5.75796 ; 4.17775 ; 4.82911
7.55575 ; 7.00181 ; 4.18882 ; 4.06647
3.67035 ; 7.09141 ; -4.05181 ; 3.94527
7.74943 ; 6.93831 ; 4.02755 ; 4.09007
3.54983 ; 7.08519 ; -3.94036 ; 3.92858
4.10619 ; 3.96193 ; -4.5274 ; -4.79802
7.7772 ; 7.25517 ; 3.94426 ; 3.78042
8.10237 ; 2.86886 ; 3.28961 ; 3.72093
8.53059 ; 7.6346 ; 2.73463 ; 3.02317
6.62636 ; 2.90749 ; 4.84724 ; -3.05868
6.06045 ; 5.63313 ; 5.16809 ; 5.08343
8.78936 ; 8.04399 ; -1.15665 ; -2.82382
8.02241 ; 2.71902 ; 3.64748 ; -3.69523
7.11632 ; 2.68763 ; 4.55762 ; 3.29544
7.52688 ; 6.94941 ; 4.22044 ; 4.11574
8.32265 ; 6.23922 ; 3.38317 ; 4.58041
4.59811 ; 3.33311 ; 5.2679 ; 4.94282
7.67043 ; 2.92366 ; 4.04648 ; -3.98061
7.29899 ; 8.3827 ; 4.26941 ; 0.533594
8.02585 ; 2.35001 ; 3.53932 ; -3.19972
8.42008 ; 2.27728 ; 2.91884 ; -2.92714
4.06379 ; 6.68429 ; -4.42987 ; 4.34971
3.93212 ; 3.76215 ; 4.75676 ; 3.12802
7.63761 ; 7.26149 ; 4.07248 ; 3.79819
4.95713 ; 6.52759 ; -4.94495 ; 4.53886
6.08274 ; 6.45904 ; 5.07305 ; 4.60543
4.60879 ; 5.88607 ; -4.83932 ; 4.89781
6.84662 ; 2.97416 ; 4.66617 ; -4.11668
4.2766 ; 3.80414 ; 4.31895 ; -4.81884
7.69742 ; 6.86725 ; 4.08452 ; 4.15959
4.2771 ; 4.9503 ; -4.67748 ; -5.14089
3.81724 ; 3.41625 ; -4.26394 ; -4.43652
3.60985 ; 7.02394 ; -3.99648 ; 3.99752
7.08128 ; 4.09275 ; 4.65686 ; 4.87016
5.33151 ; 3.74574 ; 5.05977 ; -4.77913
3.40002 ; 1.98183 ; -3.53011 ; -2.48049
4.43268 ; 3.89427 ; -4.73691 ; -4.81049
7.90367 ; 6.52893 ; 3.91522 ; 4.40501
3.94803 ; 7.71377 ; -4.19851 ; 3.1981
7.91488 ; 2.88667 ; 3.80555 ; -3.89683
3.87365 ; 4.4827 ; -4.36038 ; -5.01639
7.53429 ; 7.41065 ; -2.20558 ; -4.15387
8.77729 ; 7.07688 ; 2.35223 ; 3.74
3.85644 ; 5.85881 ; -4.33019 ; 4.82351
7.99909 ; 7.40576 ; 3.66924 ; 3.55234
7.86984 ; 7.43588 ; 3.80747 ; 3.54748
3.27901 ; 2.53678 ; -3.55165 ; -3.46829
3.69731 ; 8.39099 ; -3.81696 ; 0.760616
3.40031 ; 2.66075 ; -3.73431 ; -3.66062
2.99068 ; 7.72505 ; -3.01671 ; 2.92576
5.66236 ; 6.77735 ; 5.11853 ; 4.3415
4.61772 ; 6.94131 ; -4.74379 ; 4.18435
7.34903 ; 3.47969 ; 4.39525 ; -4.48573
5.53268 ; 5.52781 ; 5.28782 ; 5.17856
3.72594 ; 3.42796 ; -4.18748 ; -4.43263
3.31614 ; 3.32058 ; -3.75538 ; -4.29079
4.78718 ; 3.87681 ; 5.01298 ; -4.87754
2.55157 ; 8.30827 ; -1.10099 ; 0.372536
7.83192 ; 4.05432 ; 3.99771 ; -4.6619
2.9376 ; 2.29814 ; -2.93131 ; -2.96559
8.61375 ; 3.68552 ; 2.81613 ; -4.50752
7.50228 ; 7.50314 ; 4.15458 ; 3.52412
5.9627 ; 3.36944 ; 5.05163 ; -4.48747
6.50956 ; 6.63796 ; 4.89992 ; 4.45543
3.84444 ; 2.80697 ; -4.19909 ; -3.90712
8.04671 ; 2.84343 ; 3.64845 ; -3.8236
3.61729 ; 2.76468 ; -3.98536 ; -3.82639
8.01579 ; 2.60994 ; 3.62557 ; -3.57071
3.81946 ; 1.71178 ; -3.99763 ; -1.63022
5.85403 ; 3.23833 ; -5.10592 ; -4.36391
2.76744 ; 4.44544 ; 1.76886 ; 5.69988
5.62284 ; 2.8742 ; -5.14839 ; -4.00023
3.14704 ; 2.64343 ; 3.36504 ; -3.28827
4.11714 ; 3.72886 ; -4.52077 ; -4.67958
4.43373 ; 6.98011 ; -4.6361 ; 4.13895
4.32482 ; 5.24848 ; -4.70368 ; 5.07562
7.3114 ; 3.41951 ; 4.41657 ; 4.44416
3.98711 ; 6.94138 ; -4.33775 ; 4.13031
4.28798 ; 3.65876 ; -4.62682 ; -4.65386
3.22609 ; 2.61666 ; -3.5086 ; -3.55445
6.4294 ; 6.36594 ; 4.95801 ; 4.65619
3.16593 ; 2.54125 ; -3.40361 ; -3.4373
2.59535 ; 6.47222 ; 0.61146 ; 4.42987
4.49801 ; 3.27926 ; -4.71726 ; -4.39841
4.23363 ; 3.7708 ; -4.6012 ; -4.70207
3.32565 ; 3.69992 ; -3.79539 ; -4.57823
2.60333 ; 3.56827 ; 0.872383 ; -4.52277
3.25912 ; 2.60165 ; -3.54639 ; -3.546
3.78404 ; 7.68939 ; -4.05179 ; 3.21739
3.62792 ; 7.22473 ; -3.98784 ; 3.80363
3.70548 ; 6.80193 ; -4.12897 ; 4.20536
4.09453 ; 2.56629 ; -4.32185 ; -3.63836
8.36926 ; 7.34973 ; -3.09739 ; 3.26324
4.02392 ; 3.26127 ; -4.40776 ; -4.34578
8.67057 ; 2.87614 ; 1.95734 ; 2.637
7.44901 ; 5.20976 ; 4.36538 ; -5.12944
6.60035 ; 2.95778 ; -5.05098 ; -4.01437
8.25094 ; 2.46675 ; 3.27597 ; -3.30568
6.2605 ; 6.14263 ; 5.05117 ; 4.80712
7.56673 ; 6.15405 ; 4.26221 ; 4.68195
4.05183 ; 5.27239 ; -4.50034 ; 5.04697
8.79065 ; 1.85055 ; 1.57892 ; -1.43055
6.98473 ; 6.53903 ; -4.59545 ; 4.50945
5.21679 ; 2.23712 ; 5.72936 ; 2.1913
3.36916 ; 2.73221 ; -3.71816 ; -3.73622
4.25989 ; 5.06556 ; -4.66201 ; 5.0918
3.85664 ; 3.32833 ; -4.2856 ; -4.37687
3.43425 ; 2.81247 ; -3.80908 ; -3.83884
7.14628 ; 7.40729 ; 4.37036 ; 3.67561
7.94825 ; 2.98349 ; 3.78975 ; -3.98305
7.36193 ; 7.05578 ; 4.33729 ; 4.0418
3.06608 ; 5.89027 ; -3.07205 ; -5.36215
3.17584 ; 2.48214 ; -3.39765 ; -3.36036
3.44567 ; 2.78337 ; -3.81428 ; -3.80831
3.04282 ; 4.86907 ; -3.25914 ; 5.13718
3.66976 ; 7.32373 ; -4.00697 ; 3.70499
6.12855 ; 3.33088 ; 5.01604 ; -4.45432
8.00833 ; 2.62374 ; 3.63775 ; -3.58902
9.06828 ; 7.06939 ; 0.980384 ; 3.66309
7.73076 ; 5.90136 ; 4.02568 ; -4.78862
5.58316 ; 5.97043 ; -5.43961 ; -5.31781
4.51803 ; 3.1561 ; -4.71586 ; -4.2978
8.34592 ; 2.3097 ; 3.06502 ; -3.02087
8.34808 ; 7.73081 ; 3.05549 ; 2.93981
3.35924 ; 7.14799 ; -3.72768 ; 3.8264
3.35021 ; 7.11525 ; -3.72359 ; 3.85772
6.35894 ; 6.32447 ; 5.00399 ; 4.6769
7.77181 ; 6.9909 ; 3.99898 ; 4.04084
8.12781 ; 2.60861 ; 3.48961 ; -3.53505
3.05971 ; 1.92685 ; -2.61813 ; 2.22148
3.62888 ; 3.08153 ; -4.05426 ; -4.1376
7.36807 ; 6.55512 ; 4.3553 ; 4.44917
3.11722 ; 2.44854 ; -3.30209 ; -3.29097
5.05368 ; 3.60948 ; -5.01226 ; -4.66935
3.9877 ; 3.77176 ; -4.40196 ; -4.69918
3.61778 ; 7.1365 ; -3.99536 ; 3.89196
5.26772 ; 4.33804 ; 5.47553 ; 5.22712
7.5044 ; 7.20726 ; 4.19796 ; 3.87566
7.98929 ; 2.62268 ; 3.65853 ; -3.59293
7.66205 ; 6.74599 ; 4.13195 ; 4.2661
3.59038 ; 7.51411 ; -3.89141 ; 3.45067
4.60566 ; 6.85473 ; -4.74326 ; 4.25802
6.98497 ; 4.82742 ; 4.73769 ; 5.02629
5.4549 ; 3.75646 ; -5.15364 ; -4.78114
3.50904 ; 3.43941 ; -3.98113 ; -4.41253
4.36375 ; 4.91674 ; -4.74037 ; -5.18926
4.77105 ; 4.24265 ; 4.39812 ; -5.10115
6.17285 ; 5.40682 ; 5.15646 ; 5.08717
4.12212 ; 2.75225 ; -4.46622 ; 3.4391
7.46641 ; 6.01402 ; -3.12267 ; 4.91738
4.44633 ; 6.85003 ; -4.75691 ; -3.55441
7.20248 ; 2.84764 ; -4.10819 ; 4.31504
8.22253 ; 3.03418 ; 3.45803 ; -3.98059
5.49028 ; 4.06652 ; -5.19406 ; -4.06428
8.36737 ; 3.20152 ; 3.26176 ; -4.1179
4.18208 ; 2.16161 ; 5.06303 ; -2.36975
