7.80469 ; 8.4506 ; 3.32604 ; -1.35022
7.70682 ; 2.04044 ; 3.5739 ; -2.26905
7.58084 ; 2.92812 ; 3.8989 ; -3.69003
2.81229 ; 2.20086 ; -2.28624 ; -2.35253
8.90929 ; 7.89553 ; 1.03261 ; 1.82203
2.85536 ; 2.13129 ; -2.33753 ; -2.22769
8.21336 ; 7.68124 ; 2.9677 ; 2.7054
8.46345 ; 1.72656 ; 2.10375 ; -0.924744
6.29607 ; 2.4459 ; 4.8808 ; -3.12357
7.88712 ; 7.39001 ; 3.51029 ; 3.26185
7.45704 ; 8.40354 ; 3.87943 ; 0.574179
2.23407 ; 7.7509 ; 0.617587 ; 1.90455
4.4422 ; 5.73457 ; -4.68347 ; -5.36238
7.5766 ; 2.8627 ; -4.75086 ; -3.49917
4.50707 ; 4.04733 ; 5.17076 ; -4.94327
2.54108 ; 6.81003 ; 2.3109 ; 3.83855
3.77558 ; 4.17932 ; -4.02994 ; -4.83303
8.02866 ; 6.69217 ; 3.4451 ; 4.04643
8.27799 ; 8.18179 ; 2.57894 ; 1.33695
8.47193 ; 6.80959 ; -3.36988 ; 3.90189
8.45827 ; 7.8269 ; 2.46008 ; 2.32611
2.97165 ; 7.66899 ; -2.66013 ; 2.64246
7.971 ; 7.38726 ; 3.40171 ; 3.24601
2.23212 ; 7.49209 ; 0.114444 ; 2.56821
4.34402 ; 6.9898 ; -4.42259 ; 3.86517
5.87281 ; 2.14859 ; 5.14667 ; -2.45544
9.08035 ; 2.72759 ; 0.468458 ; -3.07283
8.9769 ; 2.55756 ; 1.10672 ; -2.76737
2.74117 ; 2.0704 ; -2.03026 ; -2.0043
2.57947 ; 7.95712 ; 2.01592 ; -4.20066
7.51939 ; 7.40764 ; 3.93649 ; 3.29923
8.56367 ; 3.30511 ; 2.51414 ; -3.97495
7.64941 ; 7.16272 ; 3.83676 ; 3.6004
7.96056 ; 1.7476 ; 3.06523 ; 1.91822
4.23487 ; 3.79814 ; -4.44315 ; -4.61443
8.06457 ; 2.63551 ; 3.24568 ; -3.24702
5.16509 ; 4.16852 ; -5.07741 ; -4.95681
3.6927 ; 2.89741 ; -3.82798 ; -3.69971
3.38298 ; 7.54628 ; -3.33354 ; 2.99087
5.96812 ; 1.77866 ; -5.77545 ; 0.876221
3.13723 ; 1.79358 ; -2.67002 ; -1.39478
3.34892 ; 7.49416 ; -3.28902 ; 3.0592
2.32178 ; 1.99852 ; -0.0909023 ; -1.27175
3.02603 ; 3.25534 ; -2.9946 ; -3.98309
3.42801 ; 8.16675 ; -3.22483 ; 1.61526
3.64197 ; 3.01693 ; -3.78661 ; -3.82663
8.42772 ; 2.38023 ; 2.58474 ; -2.73066
3.72287 ; 2.88142 ; -3.85838 ; -3.66494
4.36087 ; 4.53457 ; -4.58574 ; -5.05202
8.49176 ; 2.17318 ; 2.35378 ; -2.30722
3.79771 ; 3.26585 ; -3.99022 ; -4.10943
8.49958 ; 2.21473 ; 2.36193 ; -2.3872
3.25111 ; 2.68322 ; -3.23795 ; -3.33771
2.97206 ; 7.73589 ; -2.63098 ; 2.52
8.79443 ; 7.57626 ; -0.577631 ; -4.95771
3.68893 ; 7.9446 ; -3.63272 ; 2.30088
8.17528 ; 2.28005 ; 2.97008 ; -2.65635
3.5709 ; 7.47101 ; -3.59073 ; 3.14736
8.29541 ; 2.33784 ; 2.79717 ; -2.7162
7.69956 ; 7.15257 ; 3.78308 ; 3.60471
9.14206 ; 2.41988 ; -1.31755 ; -2.31326
3.04471 ; 2.44434 ; -2.8498 ; -2.91637
3.40829 ; 7.52394 ; -3.37289 ; 3.03134
5.82674 ; 3.01375 ; 5.11422 ; -3.91261
8.62925 ; 8.0264 ; 1.9211 ; 1.70918
6.41543 ; 7.3622 ; -5.13201 ; 3.29642
7.81492 ; 3.11124 ; 3.66914 ; -3.88215
7.93475 ; 2.60919 ; 3.40818 ; -3.24549
3.75861 ; 2.82071 ; -3.88584 ; -3.61939
3.65294 ; 8.43542 ; -3.49921 ; -0.0711243
5.42285 ; 3.06114 ; 5.20942 ; -3.95677
7.82309 ; 3.6553 ; -4.25977 ; -4.53658
8.08854 ; 2.58756 ; 3.19829 ; -3.17354
6.19705 ; 7.65201 ; -5.91489 ; -3.83716
3.80534 ; 5.99863 ; -4.03976 ; 4.58793
8.38276 ; 7.76725 ; 2.6393 ; 2.48697
8.04095 ; 3.1171 ; 3.38529 ; -3.84489
7.44772 ; 3.24357 ; 4.08288 ; -4.06795
8.1899 ; 2.89342 ; 3.12424 ; -3.55511
8.23826 ; 6.53005 ; 3.15284 ; 4.19003
7.7986 ; 8.20235 ; 3.40044 ; -2.20024
8.06907 ; 7.65742 ; 3.19471 ; 2.80789
3.74763 ; 7.26474 ; -3.83786 ; 3.46167
3.28232 ; 2.56512 ; -3.25137 ; -3.17971
8.10597 ; 7.40681 ; 3.21469 ; 3.18333
4.64891 ; 3.61334 ; 5.03411 ; -4.54253
7.46976 ; 7.48485 ; 3.97334 ; 3.19975
6.4687 ; 6.6795 ; 4.83066 ; 4.09917
6.57853 ; 8.31411 ; 4.8328 ; 0.857951
2.97481 ; 7.76995 ; -2.6195 ; 2.45787
3.40206 ; 7.61414 ; -3.33998 ; 2.88769
4.14011 ; 5.31539 ; -3.82391 ; -5.39825
8.05348 ; 3.12594 ; 3.36573 ; -3.8482
8.64316 ; 2.49629 ; 2.17318 ; -2.84229
2.25831 ; 2.30168 ; -0.0326625 ; -2.15642
8.42913 ; 7.7969 ; 2.53572 ; 2.40388
5.36124 ; 3.34589 ; -5.43765 ; 5.02774
3.95751 ; 2.05676 ; -3.98592 ; -2.37426
2.73277 ; 3.00267 ; 2.89065 ; -3.61914
8.24329 ; 7.40229 ; 3.0136 ; 3.15167
3.11565 ; 7.72569 ; -2.88252 ; 2.60145
7.95186 ; 2.53152 ; 3.36825 ; -3.13125
2.86176 ; 3.21183 ; 1.86226 ; -3.93349
7.13751 ; 2.01818 ; 4.35235 ; 1.95176
3.89256 ; 4.52779 ; -4.14307 ; 5.20064
3.1607 ; 2.38617 ; -3.0159 ; -2.86339
4.69756 ; 7.96344 ; 5.12152 ; 1.82978
3.23075 ; 6.46719 ; -3.31705 ; 4.23113
7.89397 ; 4.91999 ; 3.55362 ; 5.2372
7.71967 ; 4.84114 ; 3.84793 ; 5.19756
6.65033 ; 6.55189 ; 4.76489 ; 3.56887
6.3687 ; 6.28468 ; -5.26557 ; 4.62935
8.09754 ; 6.95096 ; 3.31924 ; 3.76524
7.90682 ; 3.34978 ; 3.58687 ; -4.11138
8.57243 ; 7.03726 ; -3.20019 ; 3.54016
7.69009 ; 6.91144 ; 3.83146 ; 3.88022
8.19163 ; 2.43745 ; 3.00137 ; -2.92027
3.2506 ; 3.9098 ; -3.37979 ; -4.60985
7.95101 ; 1.54106 ; 3.04959 ; 0.179886
3.40691 ; 6.22406 ; -3.57367 ; 4.45435
7.754 ; 7.48973 ; 3.65004 ; 3.14781
5.06518 ; 6.30815 ; -4.9875 ; 4.56694
2.68968 ; 4.52473 ; 2.45458 ; 5.85273
8.49775 ; 8.12282 ; -4.08853 ; -0.0958221
5.00332 ; 4.63247 ; -5.11222 ; 5.38646
3.60878 ; 1.56513 ; -3.45234 ; 0.421415
8.23618 ; 7.1588 ; 3.07563 ; 3.48457
2.85994 ; 2.20746 ; -2.39185 ; -2.39364
3.70151 ; 1.88169 ; -3.64658 ; -1.88544
3.87787 ; 7.74539 ; -3.89035 ; 2.74402
8.17159 ; 2.41613 ; 3.02378 ; -2.8934
8.17019 ; 1.97555 ; 2.61869 ; 3.24365
3.11344 ; 7.745 ; -2.87108 ; 2.56532
2.82337 ; 7.23376 ; -2.50493 ; 3.28451
5.64094 ; 2.80458 ; 5.12203 ; -3.63068
3.69875 ; 4.0065 ; 4.40684 ; -4.92595
3.22426 ; 7.44243 ; -3.14442 ; 3.09907
7.7952 ; 7.46699 ; 3.60549 ; 3.17301
8.08611 ; 7.47338 ; 3.22398 ; 3.09428
8.56581 ; 7.57035 ; 2.34986 ; 2.7694
7.83546 ; 3.49429 ; 3.69486 ; -4.25389
8.64027 ; 7.717 ; 2.10217 ; 2.45379
6.55112 ; 6.69122 ; 4.81831 ; 4.21262
7.78028 ; 2.2254 ; 3.44565 ; 3.50794
8.34568 ; 2.71403 ; 2.84232 ; -3.27489
7.8003 ; 8.19016 ; 3.41428 ; -1.56001
7.08422 ; 7.10525 ; -4.80828 ; 3.62329
3.37739 ; 7.07782 ; -3.43959 ; 3.62028
3.05147 ; 2.04206 ; -2.68771 ; -2.11701
2.78509 ; 2.19458 ; -2.22085 ; -2.32371
4.90524 ; 4.23497 ; -4.95477 ; -4.98275
7.15562 ; 5.93207 ; 4.46325 ; -5.36033
2.84172 ; 2.12327 ; -2.30423 ; -2.20188
2.41876 ; 7.94672 ; 0.388279 ; -1.3043
8.14028 ; 7.44038 ; 3.15789 ; 3.12654
8.2348 ; 7.06604 ; 3.09784 ; 3.6001
2.91889 ; 2.22392 ; -2.51076 ; -2.41487
7.22904 ; 3.52166 ; 4.31867 ; -4.36114
8.46845 ; 2.32636 ; 2.48406 ; -2.61779
3.34671 ; 3.50753 ; -3.49715 ; -4.2758
8.32442 ; 7.79083 ; 2.73543 ; 2.46697
4.02702 ; 1.79417 ; -4.07509 ; -1.38823
7.95147 ; 8.02672 ; 3.11748 ; -3.26279
7.4731 ; 7.10985 ; 4.03017 ; 3.68927
7.17178 ; 7.22747 ; 4.29047 ; 3.57937
9.13885 ; 6.62408 ; 0.0281372 ; 3.688
2.60801 ; 1.62263 ; -0.554177 ; 1.83889
3.6024 ; 7.54896 ; -3.60926 ; 3.03675
8.61982 ; 8.25998 ; 1.71233 ; 0.830499
2.30439 ; 1.88418 ; 0.577995 ; -0.617879
2.2878 ; 7.32233 ; -0.552887 ; 2.96184
8.42356 ; 7.80483 ; 2.54215 ; 2.39134
7.40465 ; 2.86448 ; 4.0633 ; -3.67195
6.05591 ; 5.0085 ; 5.22814 ; -5.31041
8.12787 ; 7.51078 ; 3.15435 ; 3.02638
5.09988 ; 3.94973 ; -4.88003 ; -4.77888
4.81087 ; 3.2475 ; -4.80263 ; -4.16916
2.99456 ; 7.67792 ; -2.69694 ; 2.63663
5.23284 ; 3.01077 ; -5.0349 ; -3.89303
7.81621 ; 2.47927 ; -4.88115 ; 4.56654
3.0959 ; 6.82837 ; -3.07092 ; 3.85081
3.19946 ; 2.09462 ; -2.97082 ; -2.30519
7.60427 ; 3.2642 ; 3.92816 ; -4.0735
8.30408 ; 2.46161 ; 2.83268 ; -2.91636
7.89892 ; 3.09305 ; 3.56352 ; -3.84735
4.89819 ; 2.63728 ; -4.96957 ; -0.120402
3.50939 ; 3.42922 ; -3.69359 ; -4.22547
3.17205 ; 7.22191 ; -3.12444 ; 3.39026
3.31362 ; 2.72037 ; -3.3333 ; -3.40341
7.60247 ; 2.65428 ; 3.82044 ; -3.37639
2.26356 ; 7.38379 ; -0.31515 ; 2.83406
6.5524 ; 6.80148 ; 4.77071 ; 4.09408
3.35519 ; 2.8793 ; -3.42499 ; -3.61498
7.80934 ; 3.24154 ; 3.69565 ; -4.018
3.79728 ; 7.95678 ; -3.78983 ; -3.16475
5.29862 ; 3.33073 ; -5.0573 ; -4.2599
8.48668 ; 2.20947 ; 2.38399 ; -2.38405
8.16813 ; 1.90565 ; 2.83985 ; -1.78013
2.91083 ; 7.71751 ; -2.52418 ; 2.52583
2.93296 ; 2.43375 ; -2.64687 ; -2.85623
8.79607 ; 1.9038 ; 1.30095 ; -1.30983
2.90374 ; 7.88262 ; -2.42232 ; 2.18195
3.62154 ; 8.40338 ; -3.4331 ; -1.57936
5.78064 ; 7.16287 ; 5.13574 ; 3.66929
2.87908 ; 2.20048 ; -2.42729 ; -2.3903
3.12418 ; 2.69198 ; -3.0537 ; -3.31586
2.7522 ; 7.99322 ; -1.99099 ; 1.79716
3.37495 ; 7.43413 ; -3.35242 ; 3.15392
8.95775 ; 7.86198 ; 0.896849 ; 1.86535
6.28171 ; 8.15087 ; -5.62461 ; 0.958211
8.28815 ; 2.27965 ; 2.78485 ; -2.61523
6.26716 ; 6.30306 ; 5.18557 ; -5.30057
6.94573 ; 2.44962 ; 4.41717 ; -3.13874
7.57794 ; 4.23527 ; 4.03477 ; -4.84541
4.23592 ; 2.2509 ; -4.25665 ; -2.80414
5.58573 ; 2.99367 ; -5.17531 ; -3.87879
3.39267 ; 2.41006 ; -3.35983 ; -2.97109
3.11321 ; 7.74637 ; -2.8703 ; 2.56374
2.96398 ; 2.30524 ; -2.64854 ; -2.64142
3.35595 ; 2.79373 ; -3.40691 ; -3.50967
3.034 ; 2.39424 ; -2.81277 ; -2.8309
5.24006 ; 7.11217 ; 5.23682 ; 3.69857
8.51659 ; 2.24979 ; 2.34725 ; -2.44661
6.29332 ; 3.21608 ; 4.92788 ; -4.14011
7.85677 ; 6.95337 ; 3.63275 ; 3.80312
7.73359 ; 2.6861 ; 3.67955 ; -3.39562
4.69216 ; 2.85349 ; 5.03282 ; -3.62463
3.6038 ; 7.00363 ; -3.7264 ; 3.75146
7.81756 ; 2.68123 ; 3.57955 ; -3.36866
6.08046 ; 7.2473 ; 4.98498 ; 3.5697
8.73387 ; 4.59434 ; -2.38015 ; 5.88763
4.0418 ; 1.76575 ; -4.12925 ; 1.47126
4.26569 ; 5.1808 ; -4.5169 ; 5.13293
5.31896 ; 2.99833 ; 5.02788 ; -3.87171
4.23701 ; 4.09983 ; -4.49467 ; 5.08321
4.86823 ; 4.58942 ; -5.00893 ; 5.19883
2.90761 ; 7.78773 ; -2.48359 ; 2.38743
6.31052 ; 7.15873 ; -5.16304 ; 3.6224
7.88765 ; 6.93623 ; -3.60026 ; 3.79039
3.32362 ; 2.42274 ; -3.26831 ; -2.97298
8.64103 ; 2.08003 ; 1.95476 ; -1.99397
2.94675 ; 7.83875 ; -2.53153 ; 2.29442
8.27221 ; 7.68492 ; 2.87179 ; 2.68971
8.84143 ; 4.56333 ; 1.1254 ; 5.59625
8.45619 ; 3.11101 ; -1.5913 ; -3.78745
3.48238 ; 7.42743 ; -3.49331 ; 3.18968
8.5049 ; 3.79536 ; 2.20774 ; 5.44696
3.10612 ; 7.53838 ; -2.93728 ; 2.91642
8.62087 ; 2.04905 ; 1.9806 ; -1.93242
4.91222 ; 8.08749 ; -4.84937 ; 1.78933
6.62773 ; 6.37417 ; 4.79715 ; 4.49588
6.87086 ; 6.69876 ; -4.67094 ; 4.17486
3.13199 ; 7.41652 ; -3.01569 ; 3.10821
2.30707 ; 6.35842 ; -0.323999 ; 4.34172
9.00339 ; 6.40648 ; -1.23999 ; 4.37664
8.68507 ; 7.15828 ; 2.1972 ; 3.37507
2.85061 ; 7.90556 ; -2.29295 ; 2.09479
5.02839 ; 7.9814 ; -5.16116 ; -2.17547
3.88369 ; 5.39974 ; -4.14457 ; 4.99908
3.52513 ; 1.56653 ; -3.31695 ; -0.256249
7.22456 ; 7.37089 ; 4.22414 ; 3.38647
6.24417 ; 6.83296 ; 5.02773 ; 2.61195
8.1459 ; 2.44981 ; 3.07292 ; -2.95458
3.11643 ; 7.37733 ; -3.00261 ; 3.15944
8.36435 ; 7.64071 ; 2.72934 ; 2.73044
7.50098 ; 7.21797 ; 3.98465 ; 3.55466
7.42444 ; 7.35215 ; 4.031 ; 3.39015
8.51892 ; 2.20083 ; 2.31566 ; -2.34825
2.73431 ; 2.00989 ; -1.96378 ; -1.83615
3.09341 ; 3.12341 ; -3.08892 ; -3.84852
6.44774 ; 3.85442 ; 4.86105 ; -4.70174
7.48472 ; 3.85418 ; -4.7919 ; -4.7557
2.96796 ; 7.76965 ; -2.60816 ; 2.45511
8.40125 ; 2.21048 ; 2.55222 ; -2.43087
2.93995 ; 6.86619 ; 3.39131 ; 3.80914
3.85715 ; 7.16846 ; -3.9683 ; 3.60175
8.27594 ; 3.07557 ; -3.68237 ; -3.74862
8.78081 ; 5.74814 ; 0.91338 ; -5.7149
3.63087 ; 1.55143 ; -3.47797 ; -0.0685949
8.47309 ; 4.12524 ; 2.69858 ; -4.74727
7.36588 ; 7.26193 ; 4.11044 ; 3.50441
2.70484 ; 2.0266 ; -1.89711 ; -1.85804
3.38505 ; 2.48589 ; -3.3694 ; -3.08779
8.92005 ; 8.18893 ; 0.572125 ; 0.678334
8.06116 ; 2.74925 ; 3.28154 ; -3.39822
4.52546 ; 3.42347 ; -4.63152 ; -4.31551
7.68021 ; 2.85696 ; 3.77766 ; -3.61704
2.23417 ; 6.93937 ; 0.250067 ; 3.57797
2.93371 ; 1.88824 ; -2.35741 ; -1.61304
3.78274 ; 4.5113 ; -4.01194 ; 5.12061
7.39067 ; 4.36113 ; 4.17147 ; 2.7464
2.29894 ; 3.18331 ; -0.754046 ; -3.81706
8.5613 ; 2.05091 ; 2.12534 ; -1.97886
8.62188 ; 2.08434 ; 2.00488 ; -2.01879
2.92504 ; 2.29466 ; -2.56973 ; -2.60206
8.14253 ; 7.36343 ; 3.17251 ; 3.23523
6.65523 ; 2.91007 ; -5.14578 ; -3.67337
2.84274 ; 2.15556 ; -2.32528 ; -2.2735
8.39385 ; 7.56424 ; 2.70367 ; 2.85021
2.42225 ; 8.2414 ; 2.34087 ; -1.24066
8.65549 ; 7.9792 ; 1.88962 ; 1.82258
3.29929 ; 7.37433 ; -3.26835 ; 3.2163
3.49926 ; 3.54444 ; -3.66007 ; -3.73772
3.63568 ; 7.70597 ; -3.43938 ; -3.91732
8.28342 ; 2.32201 ; 2.8101 ; -2.69365
8.37577 ; 4.6768 ; 2.75187 ; 5.33513
8.07522 ; 2.68116 ; 3.24373 ; -3.30644
2.94239 ; 7.87364 ; -2.50471 ; 2.22438
6.93776 ; 2.61481 ; 4.44271 ; -3.38972
8.20845 ; 6.75667 ; 3.18137 ; 3.95396
3.43364 ; 7.90967 ; -3.30598 ; 2.32394
2.99743 ; 2.6473 ; -2.81158 ; -3.21965
8.70902 ; 7.24495 ; 2.11373 ; 3.24805
3.97983 ; 2.22384 ; 5.36172 ; -1.51345
3.67551 ; 7.63265 ; -3.68781 ; 2.89711
4.43056 ; 3.6838 ; -4.5594 ; -4.53762
8.69721 ; 8.37312 ; 1.16121 ; -0.131314
8.17891 ; 1.74982 ; 2.74324 ; -1.23245
2.89858 ; 2.34348 ; -1.8652 ; 4.28808
6.78149 ; 6.76967 ; 4.66192 ; 4.12304
2.41302 ; 8.26105 ; 1.95174 ; -1.59793
8.5417 ; 7.90907 ; 2.22648 ; 2.08755
2.89857 ; 7.80417 ; -2.4566 ; 2.34949
3.29408 ; 7.20869 ; -3.30176 ; 3.43702
8.50273 ; 2.12142 ; 2.3007 ; -2.186
5.31123 ; 2.34899 ; -5.07398 ; -2.93364
2.66338 ; 3.76083 ; -1.45889 ; 5.5217
4.02335 ; 7.66946 ; -4.05344 ; 2.89681
3.58685 ; 2.49287 ; -3.6344 ; -3.06245
4.38208 ; 8.31455 ; -4.40098 ; 1.00204
3.1227 ; 7.63281 ; -2.93059 ; 2.76822
8.23538 ; 2.63552 ; 2.99827 ; -3.19687
3.13604 ; 2.35469 ; -2.96617 ; -2.80203
2.45481 ; 6.62352 ; -1.54085 ; 4.00286
4.4814 ; 1.90242 ; -4.66052 ; 1.47372
2.31916 ; 7.02679 ; 0.142352 ; 3.47912
3.85593 ; 2.01431 ; 5.30528 ; -1.25366
3.9138 ; 8.43824 ; -3.87827 ; -0.712862
8.38439 ; 2.31417 ; 2.6328 ; -2.63592
3.0111 ; 2.3783 ; -2.76714 ; -2.79449
5.71169 ; 5.98892 ; 5.25493 ; 4.84711
7.64861 ; 2.46738 ; 3.73054 ; -3.09731
8.13402 ; 2.51267 ; 3.11133 ; -3.05176
5.55285 ; 6.63424 ; -5.08392 ; 4.28298
8.11972 ; 4.80219 ; 3.31331 ; -5.09153
7.22635 ; 6.75869 ; 4.367 ; -4.75391
9.1463 ; 7.02938 ; -0.622901 ; 3.46461
3.09654 ; 2.3358 ; -2.89512 ; -2.75468
2.99801 ; 2.20801 ; -2.6656 ; -2.46681
7.65873 ; 7.5204 ; 3.75674 ; 3.11919
2.78157 ; 7.94583 ; -2.10274 ; 1.94678
8.56583 ; 7.92043 ; 2.16262 ; 2.04401
8.42679 ; 7.26786 ; 2.06819 ; -4.98271
5.49583 ; 5.90126 ; -5.44795 ; -5.57229
3.49721 ; 3.03536 ; -3.46839 ; 4.57795
6.03452 ; 7.24479 ; 5.0358 ; 3.57156
8.09293 ; 2.58811 ; 3.19327 ; -3.17286
8.2745 ; 7.13704 ; 3.02222 ; 3.5063
8.18003 ; 2.46739 ; 3.02881 ; -2.96998
7.47858 ; 8.3075 ; 3.88539 ; -1.96009
6.13222 ; 2.50442 ; 4.96853 ; -3.18069
5.80044 ; 7.13212 ; -5.71509 ; -4.78186
3.71362 ; 6.03683 ; -3.94687 ; 4.63189
7.87805 ; 2.77763 ; 3.5271 ; -3.48277
3.37449 ; 7.33872 ; -3.37817 ; 3.28571
7.8626 ; 2.04493 ; 3.36175 ; -2.24961
3.1663 ; 2.93287 ; -3.1706 ; -3.63702
3.09056 ; 2.46874 ; -2.93389 ; -2.97242
3.83783 ; 6.58554 ; -4.03213 ; 4.20743
3.10375 ; 2.60309 ; -2.99603 ; -3.18383
3.23101 ; 7.62836 ; -3.09701 ; 2.8133
2.85137 ; 2.23891 ; -2.3915 ; -2.45289
2.24899 ; 7.25503 ; -0.216655 ; 3.06299
8.80125 ; 7.79328 ; -1.25233 ; -4.67534
4.62993 ; 3.82823 ; 5.16738 ; 5.61943
4.96161 ; 2.69053 ; -4.85984 ; -3.51109
3.56987 ; 6.35035 ; -3.76515 ; 4.37655
8.56855 ; 2.16489 ; 2.18533 ; -2.24161
3.93068 ; 2.43768 ; -4.00263 ; -3.10752
5.32271 ; 2.57664 ; -5.43954 ; 3.95292
3.52526 ; 7.52389 ; -3.52285 ; 3.05945
3.32363 ; 8.1891 ; -3.0416 ; 1.51686
3.55369 ; 4.30555 ; -3.77933 ; -4.8868
3.29094 ; 1.71135 ; -2.96802 ; -1.14985
3.97773 ; 2.88069 ; -4.11308 ; -3.717
8.10152 ; 7.37122 ; 3.22994 ; 3.23442
8.2922 ; 2.45864 ; 2.85017 ; -2.91636
8.23953 ; 7.53383 ; 2.97976 ; 2.95512
2.2488 ; 7.34156 ; -0.179007 ; 2.90468
8.71285 ; 3.41691 ; 2.17132 ; -4.07221
8.12286 ; 7.12006 ; 3.25502 ; 3.55873
3.28266 ; 7.66033 ; -3.16014 ; 2.77631
7.10142 ; 2.89929 ; 4.34562 ; -3.74554
6.2326 ; 7.19592 ; -5.24122 ; 3.5761
4.25198 ; 3.21845 ; -4.39985 ; -4.10908
7.8926 ; 7.33579 ; 3.51616 ; 3.33303
3.99387 ; 7.235 ; 5.70243 ; -5.1881
5.68555 ; 2.17332 ; 5.23254 ; -2.4775
8.66615 ; 7.8783 ; 1.93517 ; 2.07516
8.66521 ; 7.63196 ; 2.08178 ; 2.60937
3.00681 ; 2.44964 ; -2.78744 ; -2.91089
3.28185 ; 7.71565 ; -3.14266 ; 2.67868
6.98446 ; 6.07373 ; 4.57609 ; 4.69884
3.90053 ; 8.01746 ; -3.92151 ; 1.46678
5.14416 ; 7.63534 ; -4.9352 ; 2.95664
3.49327 ; 3.96283 ; -3.70369 ; -4.66209
7.99173 ; 2.84179 ; 3.39716 ; -3.53643
2.93191 ; 7.75085 ; -2.54948 ; 2.47271
4.04482 ; 3.71111 ; -4.26994 ; -4.52692
3.34447 ; 7.47921 ; -3.30194 ; 3.07681
9.01038 ; 2.69522 ; -0.668955 ; -3.01142
8.50251 ; 2.64571 ; 1.81637 ; 4.75638
3.65108 ; 2.72974 ; -3.73875 ; -3.48709
8.47213 ; 2.42929 ; 2.52042 ; -2.79612
7.21017 ; 3.56994 ; 4.3442 ; -4.40624
8.32052 ; 7.64269 ; 2.8017 ; 2.71242
7.75805 ; 7.32398 ; 3.68232 ; 3.37718
7.60398 ; 1.88697 ; 3.7003 ; 2.49352
8.51525 ; 2.18172 ; 2.31143 ; -2.31177
3.12062 ; 2.44331 ; -2.9727 ; -2.94271
7.15832 ; 2.74515 ; 4.28346 ; -3.54192
3.73376 ; 3.18671 ; -3.89444 ; -3.61809
2.96012 ; 8.28541 ; -1.92289 ; -2.74763
7.87481 ; 5.57361 ; 3.61789 ; -5.2476
7.03177 ; 5.87239 ; 4.53039 ; 4.82555
8.24181 ; 2.58404 ; 2.97301 ; -3.12005
3.65531 ; 3.29836 ; -3.84563 ; -4.12121
5.20309 ; 7.31994 ; -4.89158 ; 3.46681
3.65965 ; 3.57664 ; -3.87656 ; -4.37069
7.32211 ; 7.56875 ; 4.10963 ; 3.08734
8.29544 ; 7.84993 ; 2.76089 ; 2.35762
3.58657 ; 8.18512 ; -3.44039 ; 1.6059
3.6311 ; 8.25634 ; -3.48996 ; 1.34951
4.71576 ; 7.61015 ; 5.14657 ; 2.78074
8.28028 ; 2.5344 ; 2.89722 ; -3.03569
4.22112 ; 2.33447 ; -4.41611 ; 3.44516
6.6634 ; 6.81333 ; 4.72004 ; 4.08404
3.70454 ; 7.48155 ; -3.74523 ; 3.15727
8.42302 ; 2.34583 ; 2.57847 ; -2.67382
8.04818 ; 7.89411 ; 3.15149 ; 2.35307
6.11194 ; 1.97664 ; -5.53626 ; -1.75141
3.95409 ; 8.27155 ; -3.97413 ; -1.69604
4.24826 ; 1.97531 ; -4.26456 ; -2.18289
8.00599 ; 7.35093 ; 3.36634 ; 3.28627
5.26319 ; 2.55185 ; -5.40771 ; 3.97148
3.40917 ; 7.30009 ; -3.42378 ; 3.3455
8.41915 ; 2.35068 ; 2.58694 ; -2.68333
3.24537 ; 2.68115 ; -3.23026 ; -3.33352
7.53336 ; 7.30749 ; 3.93614 ; 3.4357
8.28266 ; 7.57812 ; 2.895 ; 2.86886
5.64525 ; 4.67238 ; 5.3812 ; -5.30415
2.49737 ; 2.8873 ; -1.68208 ; -3.43043
3.46027 ; 1.99953 ; -3.30175 ; 0.608897
3.36635 ; 2.96632 ; -3.4562 ; -3.72018
7.80677 ; 7.61372 ; 3.55809 ; 2.94515
6.84886 ; 3.86878 ; 3.28102 ; -4.63972
7.97303 ; 7.55094 ; 3.35841 ; 3.00729
2.8773 ; 7.69689 ; -2.46587 ; 2.54876
8.91153 ; 3.94243 ; -0.169942 ; 5.79629
6.63861 ; 2.81501 ; -5.23334 ; -3.54923
8.42348 ; 2.28235 ; 2.54719 ; -2.55971
8.12098 ; 2.54097 ; 3.13879 ; -3.09675
3.32048 ; 2.4025 ; -3.25908 ; -2.94002
7.33613 ; 2.70097 ; 4.10997 ; -3.47328
5.8159 ; 4.53274 ; 5.35341 ; 4.68909
8.76906 ; 7.14766 ; 1.8388 ; 3.39485
5.77113 ; 2.05752 ; -5.25399 ; -2.09487
2.99485 ; 6.73775 ; -1.85363 ; 3.97644
8.50344 ; 2.41134 ; 2.45131 ; -2.75262
7.43808 ; 7.52283 ; 3.99758 ; 3.14728
8.53638 ; 2.1106 ; 2.22137 ; -2.14047
8.27987 ; 7.80595 ; 2.80736 ; 2.45609
6.84663 ; 2.51296 ; 4.50422 ; -3.24123
4.31258 ; 1.89418 ; 5.72052 ; -0.444029
7.78118 ; 5.79776 ; 3.72995 ; -4.27688
2.703 ; 6.05022 ; -2.29946 ; 4.5828
8.66713 ; 2.0574 ; 1.86857 ; -1.91707
3.25505 ; 3.98836 ; -3.38677 ; -4.66714
8.14359 ; 7.52538 ; 3.12776 ; 3.00008
8.27142 ; 7.71924 ; 2.85901 ; 2.62799
3.04582 ; 7.74771 ; -2.75655 ; 2.53231
3.79907 ; 8.01558 ; -3.78462 ; -2.95897
9.14439 ; 7.44697 ; -0.0916266 ; 2.69894
7.88125 ; 7.07174 ; 3.58355 ; 3.66339
3.68557 ; 3.84754 ; -3.92223 ; -4.59494
7.63219 ; 1.87281 ; 3.66026 ; 2.08441
8.24724 ; 7.15201 ; 3.06364 ; 3.4917
2.22302 ; 7.4511 ; 0.4705 ; 2.65468
4.71837 ; 8.46626 ; -2.94236 ; -1.17071
8.07148 ; 7.77392 ; 3.15529 ; 2.59507
7.53536 ; 5.77203 ; 4.05289 ; -5.19403
4.30392 ; 1.86442 ; 5.63716 ; 0.287006
7.6842 ; 2.8542 ; 3.77182 ; -3.53158
8.40206 ; 7.62448 ; 2.66658 ; 2.74339
3.00652 ; 7.8 ; -2.66295 ; 2.41376
4.0632 ; 2.12649 ; -4.18742 ; 1.24586
7.26409 ; 3.26786 ; -4.84478 ; -4.11037
8.86343 ; 3.10817 ; 1.70045 ; -3.68917
3.0429 ; 7.5653 ; -2.82427 ; 2.85022
3.93885 ; 6.86516 ; -4.09348 ; 3.95418
3.94356 ; 6.3348 ; -4.15517 ; 4.37378
3.11088 ; 2.39643 ; -2.94081 ; -2.86333
8.01581 ; 2.70083 ; 3.26853 ; -3.34555
8.63264 ; 7.96553 ; 1.96153 ; 1.87841
3.90438 ; 2.92388 ; -4.05098 ; -3.75953
7.62819 ; 8.12717 ; 3.69841 ; 1.03788
8.41104 ; 7.76363 ; 2.58797 ; 2.47996
3.01058 ; 7.47664 ; -2.79939 ; 2.97763
4.35804 ; 3.01487 ; -4.46755 ; -3.90372
3.2809 ; 7.87546 ; -3.08933 ; 2.35998
6.08428 ; 2.37563 ; -5.13277 ; -2.87233
3.19265 ; 7.63143 ; -3.03876 ; 2.79633
8.0543 ; 2.60401 ; 3.24948 ; -3.20659
3.68389 ; 2.41589 ; -3.73372 ; -3.02223
2.84654 ; 2.18322 ; -2.34954 ; -2.33555
3.84461 ; 7.58182 ; -3.88072 ; 3.02487
3.56569 ; 2.45085 ; -3.59351 ; -3.07383
8.40858 ; 2.19369 ; 2.53018 ; -2.39362
2.91948 ; 4.64989 ; 3.23121 ; -5.46505
7.62428 ; 8.11549 ; 3.68864 ; 1.88438
8.46656 ; 3.69976 ; -3.53429 ; 5.79197
3.75114 ; 3.94798 ; -3.99698 ; -4.67538
2.3056 ; 1.89006 ; 0.555872 ; -0.629522
8.16615 ; 2.95706 ; -4.01416 ; -3.57371
9.03223 ; 3.269 ; 0.963944 ; -3.863
3.21809 ; 1.97594 ; -2.95102 ; -2.01695
7.68129 ; 1.66014 ; 3.5595 ; -0.543216
3.40251 ; 6.99833 ; -3.48463 ; 3.71932
3.68953 ; 1.63024 ; -3.60258 ; 0.390117
3.98849 ; 3.82402 ; -4.17462 ; -4.60847
6.46338 ; 6.7356 ; 4.85065 ; 4.17128
4.04466 ; 3.42964 ; -4.20911 ; -4.28941
8.3811 ; 7.73333 ; 2.65814 ; 2.55216
4.74815 ; 3.66691 ; -4.77951 ; -4.54931
3.15558 ; 6.59464 ; -3.18726 ; 4.10252
7.51152 ; 7.0919 ; 3.97731 ; 3.69794
7.01911 ; 7.19614 ; 4.43261 ; 3.63191
3.04089 ; 7.4748 ; -2.85131 ; 2.99119
6.60388 ; 3.01456 ; -5.18157 ; -3.83486
5.1438 ; 6.95105 ; -4.9631 ; 3.9415
4.15965 ; 3.47149 ; -4.35012 ; -4.34094
7.78958 ; 7.31219 ; 3.63894 ; 3.3857
4.59483 ; 2.2998 ; -4.61887 ; -2.88093
2.39854 ; 7.26869 ; -1.20928 ; 3.10073
5.3416 ; 3.15815 ; 5.16302 ; -4.0673
7.41798 ; 3.40043 ; 4.11859 ; -4.22297
8.59616 ; 2.16898 ; 2.12531 ; -2.2327
4.38326 ; 6.6623 ; -4.50453 ; 4.18902
3.93186 ; 6.9643 ; -4.07538 ; 3.8479
8.18922 ; 2.67363 ; 3.07892 ; -3.26305
3.51968 ; 6.12248 ; 4.38464 ; 4.74424
2.9531 ; 2.8468 ; -2.78466 ; -3.48538
6.08814 ; 8.17682 ; 5.35751 ; -1.5715
4.74727 ; 2.67716 ; -4.73624 ; -3.48874
4.51196 ; 5.72801 ; -4.68193 ; -3.74125
7.90475 ; 7.44037 ; 3.47609 ; 3.18758
7.37502 ; 3.08159 ; 4.12866 ; -3.92046
8.03326 ; 1.95245 ; 3.07776 ; -1.96625
3.30989 ; 2.00857 ; -3.1133 ; -2.13701
8.50335 ; 2.22653 ; 2.36111 ; -2.40791
8.55677 ; 2.19875 ; 2.23332 ; -2.32111
2.9378 ; 7.68625 ; -2.59 ; 2.5962
3.0632 ; 7.74433 ; -2.78752 ; 2.54587
8.15017 ; 7.77791 ; 3.03352 ; 2.56208
8.22678 ; 6.72232 ; 3.15644 ; 3.98746
2.59094 ; 2.64832 ; -1.92251 ; -3.08235
2.74869 ; 4.20006 ; -1.97783 ; 5.49325
4.77996 ; 7.12471 ; 5.20186 ; 3.6356
7.92637 ; 3.08908 ; 3.52275 ; -3.84002
2.72515 ; 8.00888 ; -1.90597 ; 1.73039
5.13102 ; 3.02014 ; -4.95234 ; -3.92511
4.0466 ; 1.91728 ; 5.89881 ; 1.93946
6.25854 ; 8.32382 ; 5.20601 ; -0.822952
7.65808 ; 6.91122 ; 3.8657 ; 3.8845
8.01136 ; 2.25372 ; 3.20877 ; -2.65633
2.95265 ; 2.8368 ; -2.79771 ; -3.46992
8.10093 ; 7.4609 ; 3.20704 ; 3.108
3.11877 ; 8.14801 ; -2.70112 ; 1.5653
3.29122 ; 8.05179 ; -3.04668 ; 1.92756
8.53566 ; 2.2623 ; 2.31469 ; -2.46104
3.03316 ; 7.63098 ; -2.78351 ; 2.73646
4.42068 ; 5.57343 ; 5.17326 ; 5.21073
2.73914 ; 2.62412 ; -2.30301 ; -3.09705
3.15181 ; 2.73909 ; 3.65794 ; -3.21886
8.21707 ; 7.26299 ; 3.08772 ; 3.35336
7.70698 ; 1.70908 ; 3.51353 ; -1.16819
7.58647 ; 6.52562 ; 3.98821 ; 4.27145
6.42906 ; 6.0119 ; -0.722386 ; 4.731
3.9881 ; 4.09238 ; -4.24044 ; -4.80374
9.03955 ; 7.78569 ; -2.36112 ; 1.64802
6.77671 ; 6.99874 ; 4.63963 ; 3.88062
8.23987 ; 7.94313 ; 2.81513 ; 2.16939
2.79585 ; 2.14112 ; -2.21317 ; -2.21276
3.97085 ; 7.65602 ; -4.01026 ; 2.90528
2.97395 ; 7.76421 ; -2.62051 ; 2.46735
8.3469 ; 2.47783 ; 2.76782 ; -2.92431
6.73762 ; 7.23921 ; 4.63852 ; 3.59057
3.00045 ; 7.72014 ; -2.68888 ; 2.56302
4.79846 ; 7.56987 ; 5.20709 ; 2.87824
7.20971 ; 2.80364 ; 4.23485 ; -3.6195
7.56996 ; 3.20186 ; 3.953 ; -4.01747
3.76213 ; 8.12961 ; -3.6907 ; 1.81568
8.47663 ; 6.66018 ; -3.32238 ; 4.12085
3.5654 ; 2.90737 ; -3.68848 ; -3.69071
4.7965 ; 7.97118 ; 4.99368 ; 1.87028
2.73292 ; 7.97112 ; -1.95792 ; 1.84177
2.52317 ; 5.59803 ; 0.28104 ; -5.87437
8.60538 ; 7.93586 ; 2.0545 ; 1.97731
8.69722 ; 8.02802 ; 1.72697 ; 1.64336
3.1862 ; 2.33172 ; -3.03706 ; -2.77917
8.05386 ; 7.49587 ; 3.26232 ; 3.07009
2.98289 ; 7.54334 ; -2.72904 ; 2.86475
6.08139 ; 8.3136 ; 5.33157 ; -0.823965
2.76744 ; 2.96151 ; -2.45451 ; -3.58861
7.517 ; 3.25691 ; 4.01668 ; -4.07961
3.5116 ; 2.99738 ; -3.64138 ; -3.78326
3.83905 ; 6.48357 ; -4.03885 ; 4.30215
8.07726 ; 3.13441 ; 3.33874 ; -3.85357
5.40251 ; 1.91812 ; 5.49404 ; -1.43371
8.17037 ; 7.50219 ; 3.09599 ; 3.02647
2.99939 ; 2.4161 ; -2.76208 ; -2.85329
4.82585 ; 3.08244 ; -5.04171 ; 4.51974
8.50766 ; 7.79453 ; 2.37246 ; 2.36642
8.21582 ; 1.88903 ; 2.74475 ; -1.71192
7.98374 ; 3.5176 ; 3.4763 ; -4.2662
8.50274 ; 6.20741 ; -2.77021 ; 4.58125
7.78857 ; 5.92582 ; 3.79228 ; 4.71951
8.23541 ; 2.49349 ; 2.95352 ; -2.99053
3.27228 ; 8.32146 ; -2.75655 ; -2.3912
8.27403 ; 7.52938 ; 2.92617 ; 2.94992
8.06554 ; 2.8101 ; 3.28698 ; -3.4788
6.74147 ; 3.55444 ; 4.80429 ; 3.94513
3.83258 ; 5.51025 ; -4.0656 ; -5.34923
2.81115 ; 7.88315 ; -2.21752 ; 2.12195
3.01024 ; 7.69291 ; -2.71774 ; 2.61682
2.76631 ; 2.07962 ; -2.10055 ; -2.04649
3.22429 ; 2.59784 ; -3.17832 ; -3.21138
6.02537 ; 8.27665 ; 5.29445 ; 0.53129
7.63644 ; 3.07488 ; 3.79966 ; 4.26652
6.39332 ; 7.56756 ; 4.78529 ; 3.08709
3.67125 ; 3.6974 ; -3.81287 ; 4.89544
3.49447 ; 3.10303 ; -3.63756 ; -3.8949
2.97402 ; 7.82653 ; -2.5906 ; 2.34338
8.61456 ; 2.11426 ; 2.04493 ; -2.09568
8.13258 ; 4.15783 ; 2.48057 ; -4.84183
3.25993 ; 2.70636 ; -3.25606 ; -3.37015
3.17994 ; 2.78827 ; -3.15723 ; -3.46034
8.45577 ; 7.9243 ; -4.32928 ; 1.14868
7.31755 ; 3.47115 ; -4.74676 ; -4.34967
2.92367 ; 1.99824 ; 3.48868 ; -0.982264
7.45501 ; 8.4302 ; 3.89888 ; -1.04719
7.14409 ; 2.94621 ; -4.695 ; -3.68712
2.95984 ; 7.45996 ; -2.71458 ; 2.98794
2.59993 ; 7.08327 ; 2.69425 ; 3.40808
5.71247 ; 6.17594 ; -5.26644 ; 4.70925
8.63854 ; 2.05225 ; 1.93948 ; -1.92704
3.27366 ; 8.29925 ; -2.91844 ; 1.00093
2.96181 ; 5.91242 ; -2.57593 ; -5.52538
3.77225 ; 3.01299 ; -3.93089 ; -3.84275
8.50301 ; 7.84763 ; 2.3526 ; 2.25514
3.20003 ; 7.49745 ; -3.09295 ; 3.01004
9.06323 ; 6.38512 ; 0.693986 ; 4.32201
3.76116 ; 7.15279 ; -3.87247 ; 3.60552
7.74207 ; 6.77942 ; 3.78781 ; 4.00816
8.96551 ; 2.65054 ; 1.17975 ; -2.98439
6.09544 ; 6.85493 ; 5.36965 ; -4.69337
5.58809 ; 2.11283 ; 5.69271 ; 2.92097
8.55934 ; 2.00687 ; 2.09968 ; -1.8638
4.44894 ; 4.31938 ; 5.0586 ; -5.15755
8.15796 ; 3.1349 ; 3.22409 ; -3.83535
8.36413 ; 7.85318 ; 2.63293 ; 2.31877
5.89027 ; 4.56083 ; 5.37381 ; 5.47222
6.92101 ; 8.39607 ; 4.52821 ; 0.302643
3.19395 ; 7.39909 ; -3.11189 ; 3.15202
7.03965 ; 1.62334 ; 4.40067 ; 0.515847
6.90419 ; 7.92672 ; 4.56617 ; 1.36933
2.94808 ; 2.31394 ; -2.62333 ; -2.64958
3.97753 ; 7.97548 ; -4.04461 ; -1.90744
3.17362 ; 3.74729 ; -3.26367 ; -4.46668
7.4551 ; 7.38198 ; 4.00436 ; 3.34705
3.19019 ; 7.905 ; -2.93531 ; 2.2643
8.1619 ; 2.85802 ; 2.8385 ; 4.50416
7.99757 ; 3.07956 ; 3.43621 ; -3.81448
5.33293 ; 4.78159 ; 3.19381 ; 5.29151
5.89166 ; 5.89729 ; 5.2268 ; 4.87285
3.51306 ; 7.45711 ; -3.52375 ; 3.1552
3.42941 ; 2.59374 ; -3.45523 ; -3.25685
5.47681 ; 6.73815 ; -4.39 ; 4.14922
7.75 ; 7.62887 ; 3.62282 ; 2.93119
8.92526 ; 2.36658 ; -2.4507 ; -2.19614
8.96322 ; 7.27016 ; 1.27037 ; 3.12421
7.04327 ; 3.90642 ; 4.51861 ; -4.68733
3.01077 ; 7.55133 ; -2.77466 ; 2.86143
7.39141 ; 2.94286 ; 4.09276 ; -3.76522
8.60017 ; 2.43577 ; 2.25088 ; -2.75206
8.3266 ; 2.61334 ; 2.84701 ; -3.13629
3.10048 ; 2.05689 ; -2.78234 ; -2.17526
2.21517 ; 7.39534 ; 0.513911 ; 2.75665
3.06034 ; 7.79902 ; -2.7589 ; 2.43992
8.59346 ; 2.10327 ; 2.08673 ; -2.08473
2.91191 ; 7.87655 ; -2.4421 ; 2.20002
7.0835 ; 2.22168 ; 4.36515 ; 3.27817
2.64054 ; 8.06068 ; 3.71786 ; 0.287248
3.50352 ; 2.15752 ; -3.3478 ; 3.28922
3.19553 ; 2.49944 ; -3.10703 ; -3.0555
8.34848 ; 2.45064 ; 2.75443 ; -2.88164
2.34997 ; 6.2472 ; -0.833419 ; 4.44891
2.46195 ; 3.56411 ; -1.60504 ; -4.26359
8.43328 ; 2.30238 ; 2.53903 ; -2.59164
8.58843 ; 2.09284 ; 2.09089 ; -2.0642
7.94312 ; 2.42578 ; 3.35022 ; -2.97189
8.08146 ; 7.57481 ; 3.20145 ; 2.94085
3.38571 ; 6.74938 ; -3.48969 ; 3.99021
4.26447 ; 3.47441 ; -4.43761 ; -4.32698
7.97129 ; 6.11583 ; 3.55647 ; 4.56157
9.03964 ; 2.23913 ; -0.684677 ; 0.426606
8.73585 ; 7.63314 ; 1.89012 ; 2.57094
7.83356 ; 1.8985 ; 3.31791 ; 2.64339
8.40966 ; 7.73643 ; 2.60362 ; 2.53288
3.20064 ; 7.31015 ; -3.14632 ; 3.27749
4.33341 ; 6.74747 ; -4.45675 ; 4.12051
3.51822 ; 7.21004 ; -3.58724 ; 3.48718
3.24771 ; 2.95736 ; -3.29405 ; -3.68488
8.01418 ; 7.81019 ; 3.22848 ; 2.54019
3.87221 ; 7.29326 ; 5.75351 ; -5.11273
8.89471 ; 7.25076 ; -2.44795 ; 3.09479
3.03433 ; 2.73282 ; -2.9187 ; -3.34684
6.56456 ; 2.97618 ; 4.74401 ; -3.8667
3.91554 ; 7.27605 ; -4.03406 ; -4.16214
2.91573 ; 7.78918 ; -2.49799 ; 2.38908
8.08951 ; 1.92178 ; 2.97636 ; -1.86092
3.21188 ; 2.18879 ; -3.02677 ; -2.51434
3.40848 ; 6.53451 ; -3.55301 ; 4.19335
8.58839 ; 7.19245 ; 2.39577 ; 3.15876
3.7203 ; 6.79316 ; -3.8835 ; 3.98136
3.18078 ; 7.62167 ; -3.025 ; 2.80779
3.64598 ; 2.82668 ; -3.76581 ; -3.6016
3.11356 ; 2.17072 ; -2.46594 ; 3.7857
8.42347 ; 2.33569 ; 2.57297 ; -2.6565
8.00267 ; 7.17447 ; 3.40893 ; 3.51772
4.63907 ; 7.0544 ; -4.60883 ; 3.80743
8.66993 ; 7.80205 ; 1.97659 ; 2.25379
2.89064 ; 6.78055 ; -2.71818 ; 3.86856
2.28837 ; 2.83083 ; -0.702655 ; -3.27533
3.89737 ; 2.87916 ; -4.04154 ; 3.08083
8.95424 ; 5.85311 ; 1.1702 ; 4.8397
3.42751 ; 6.83175 ; -3.54213 ; 3.89714
2.90126 ; 8.43959 ; -1.93017 ; -0.417561
4.78372 ; 7.78462 ; -4.97826 ; -3.36266
3.87766 ; 7.39191 ; -3.95021 ; 3.31372
5.1278 ; 8.23687 ; -5.11609 ; 0.604666
9.12638 ; 2.81663 ; 0.0444201 ; -3.20594
8.62607 ; 2.06778 ; 1.98209 ; -1.97536
3.67465 ; 6.41488 ; -3.87017 ; 4.34445
8.59932 ; 2.55743 ; 2.29635 ; -2.94642
8.17108 ; 7.63101 ; 3.05245 ; 2.82016
3.22921 ; 3.7364 ; -3.34557 ; -4.46625
8.25559 ; 2.56383 ; 2.94563 ; -3.08716
3.56953 ; 1.86031 ; -3.45943 ; -1.75248
6.2897 ; 3.25114 ; -5.24988 ; -4.14993
8.14169 ; 7.71485 ; 3.06904 ; 2.68313
7.99139 ; 6.13363 ; 3.52981 ; 4.54986
8.48095 ; 7.50675 ; 2.5558 ; 2.91238
2.33189 ; 8.2103 ; 0.833666 ; -0.0168602
6.83458 ; 6.22348 ; 4.77901 ; -5.21453
8.25997 ; 7.62553 ; 2.91469 ; 2.79801
2.81122 ; 7.87218 ; -2.22449 ; 2.14653
3.65046 ; 5.03741 ; -2.25072 ; -5.38276
3.51334 ; 3.00556 ; -3.64438 ; -3.79303
8.25911 ; 2.36568 ; 2.86723 ; -2.7779
2.79537 ; 2.09463 ; -2.18112 ; -2.1044
6.04947 ; 5.3799 ; 5.30161 ; -5.51481
7.52363 ; 7.4221 ; 3.91914 ; 3.28205
3.53659 ; 2.83476 ; -3.5047 ; 4.38891
2.9291 ; 6.89238 ; -2.77501 ; 3.75189
8.36616 ; 3.73979 ; 2.69958 ; -4.46333
7.80627 ; 2.59174 ; 3.57102 ; -3.25108
3.436 ; 6.56584 ; -3.58451 ; 4.16489
3.4174 ; 2.77488 ; 4.31134 ; -3.31709
4.89992 ; 7.30854 ; 5.27319 ; 3.36599
3.47556 ; 7.38224 ; -3.49522 ; 3.25126
2.5176 ; 4.32928 ; -0.226532 ; 5.43649
8.57935 ; 2.75088 ; -3.57748 ; 5.44645
8.01857 ; 8.13922 ; 3.11077 ; 1.71704
7.57753 ; 3.18597 ; 3.94385 ; -4.0009
7.72878 ; 3.14178 ; 3.77144 ; -3.93028
4.18804 ; 7.36182 ; -4.26068 ; 3.3713
2.21854 ; 2.39907 ; 0.355352 ; -2.34419
4.51726 ; 5.85528 ; -4.53675 ; 4.83904
8.33378 ; 2.36796 ; 2.74596 ; -2.75174
6.64748 ; 7.65244 ; 4.94813 ; -3.73622
3.02105 ; 5.21536 ; -2.91836 ; 5.10503
3.10387 ; 7.46302 ; -2.95823 ; 3.03059
3.36161 ; 5.7832 ; -3.52224 ; 4.76921
4.10491 ; 7.16658 ; -4.2049 ; 3.63502
7.73466 ; 6.81448 ; 3.79378 ; 3.96318
4.09347 ; 6.98559 ; -4.2209 ; 3.8449
5.88387 ; 3.16538 ; 5.10226 ; -4.0905
8.39492 ; 3.40601 ; 2.85843 ; -4.10359
8.08607 ; 2.50635 ; 3.17645 ; -3.05787
4.81868 ; 2.69371 ; -4.76722 ; -3.51769
2.46203 ; 8.01413 ; -0.952315 ; 1.43083
6.88725 ; 7.92925 ; 4.46086 ; 2.39792
3.85683 ; 4.32837 ; -4.11834 ; -4.93911
8.26467 ; 2.69554 ; 2.96984 ; -3.26943
3.51521 ; 2.57929 ; -3.56038 ; -3.25574
7.69528 ; 6.78856 ; 3.83406 ; 3.93352
7.2856 ; 6.30188 ; 4.11413 ; 4.48907
3.29794 ; 6.85445 ; -3.3706 ; 3.8569
8.19124 ; 2.49581 ; 3.02065 ; -3.00862
8.17293 ; 7.53793 ; 3.08126 ; 2.97139
3.19283 ; 6.71305 ; -3.23843 ; 3.98613
3.04141 ; 3.00452 ; 4.16559 ; 5.46698
7.08837 ; 2.99577 ; 4.37041 ; -3.85726
3.46262 ; 5.80801 ; -3.65425 ; 4.73527
3.35226 ; 2.57253 ; -3.34845 ; -3.20809
8.68208 ; 4.51214 ; -1.747 ; -5.29298
7.90561 ; 6.60985 ; 3.61295 ; 4.14921
8.54126 ; 7.77988 ; 2.30566 ; 2.37844
8.11224 ; 2.48136 ; 3.13075 ; -3.01324
8.24363 ; 7.91478 ; 2.8222 ; 2.23299
6.94654 ; 3.85124 ; -4.87124 ; -4.74489
3.2803 ; 2.2832 ; -3.16392 ; -2.72105
6.77414 ; 5.78114 ; 4.75593 ; 4.90211
8.50879 ; 2.19988 ; 2.33494 ; -2.35237
3.61087 ; 2.71431 ; -3.705 ; -3.46129
3.36565 ; 2.50112 ; -3.34786 ; -3.10587
4.852 ; 8.31765 ; -4.7907 ; 0.78438
3.51628 ; 6.71896 ; -3.66585 ; 4.03553
8.68503 ; 5.69339 ; 1.72254 ; -5.62636
3.15679 ; 7.68334 ; -2.96516 ; 2.69453
3.251 ; 7.62255 ; -3.12643 ; 2.82949
6.96033 ; 7.10564 ; 4.49949 ; 3.68922
3.90817 ; 2.84728 ; -4.0433 ; -3.67033
8.37135 ; 2.1688 ; 2.58735 ; -2.35934
8.30722 ; 2.38718 ; 2.79774 ; -2.79453
3.36022 ; 7.41815 ; -3.33928 ; 3.17212
7.81109 ; 4.25 ; 3.76376 ; -4.80728
8.30763 ; 2.36523 ; 2.78816 ; -2.758
8.13407 ; 2.50503 ; 3.10898 ; -3.04087
3.15203 ; 6.76114 ; 3.84348 ; 3.98326
8.3582 ; 2.44545 ; 2.73648 ; -2.86961
2.83992 ; 4.50478 ; -2.3674 ; 5.37388
8.18022 ; 8.25355 ; 2.77043 ; 1.22988
8.08391 ; 6.24087 ; 3.39504 ; 4.41536
7.97463 ; 7.40846 ; 3.39364 ; 3.21653
3.26517 ; 7.48594 ; -3.19014 ; 3.04792
8.15218 ; 7.34732 ; 3.16483 ; 3.25331
3.15579 ; 7.47805 ; -3.03349 ; 3.02589
3.65345 ; 3.48213 ; -3.86084 ; -4.27712
8.17163 ; 7.63321 ; 3.05098 ; 2.8172
8.43133 ; 3.24095 ; 2.28721 ; 4.88027
8.80406 ; 7.93692 ; 1.4404 ; 1.80879
7.11108 ; 2.60162 ; 4.3413 ; -2.30537
6.57726 ; 6.14148 ; 4.85172 ; 4.68234
8.6737 ; 7.76161 ; -2.96861 ; -4.68361
8.38716 ; 2.3495 ; 2.64382 ; -2.6963
7.57208 ; 3.01718 ; 3.87609 ; 4.50112
7.94892 ; 7.36098 ; 3.43818 ; 3.28654
8.66096 ; 6.69726 ; 2.32224 ; 3.9683
5.1249 ; 3.82739 ; 5.52681 ; 5.54399
8.07508 ; 2.5256 ; 3.1977 ; -3.08857
7.72593 ; 8.43606 ; 3.47945 ; -1.1446
8.37978 ; 2.03003 ; 2.50214 ; -2.03055
8.71196 ; 1.98457 ; 1.67425 ; -1.67315
3.62081 ; 7.11927 ; -3.72513 ; 3.62032
4.40779 ; 4.07495 ; 5.43612 ; 3.83217
8.04486 ; 7.64131 ; 3.23282 ; 2.842
4.46264 ; 6.98147 ; -4.52413 ; 3.88484
6.59004 ; 6.91958 ; 4.76796 ; 3.97618
4.12486 ; 6.37585 ; -4.31672 ; 4.43115
7.31323 ; 2.5625 ; 4.10543 ; -3.28636
4.7085 ; 3.32226 ; 4.93395 ; -4.22928
8.10587 ; 7.28321 ; 3.24503 ; 3.35206
3.80935 ; 4.43621 ; -4.06756 ; -4.9533
3.39085 ; 2.9726 ; -3.48835 ; -3.73242
3.2102 ; 7.42369 ; -3.11802 ; 3.12234
7.54696 ; 4.57977 ; 4.04244 ; 5.17519
5.83749 ; 3.26782 ; 5.0633 ; -4.19735
3.04701 ; 1.73378 ; -2.49786 ; -1.10825
3.95899 ; 3.41322 ; -4.16377 ; -4.26752
8.29519 ; 6.96943 ; 3.01633 ; 3.70925
3.52818 ; 8.03358 ; -3.40277 ; 2.04798
8.29544 ; 2.49699 ; 2.85968 ; -2.97387
3.43761 ; 3.98106 ; -3.63423 ; -4.66115
7.31374 ; 6.99526 ; -3.24102 ; -5.34584
9.01251 ; 7.45088 ; 0.962717 ; 2.77761
3.42342 ; 6.34117 ; -3.58802 ; 4.36466
8.36602 ; 7.76099 ; 2.67289 ; 2.50664
8.25059 ; 7.79063 ; 2.86388 ; 2.49898
2.92385 ; 2.18995 ; -2.51257 ; -2.39275
3.31561 ; 8.46705 ; -2.8695 ; -0.944102
3.02688 ; 2.29469 ; -2.75824 ; -2.65073
2.68901 ; 8.01763 ; -1.79576 ; 1.67236
6.17422 ; 7.2115 ; 4.97516 ; 3.62242
4.14334 ; 7.35974 ; -4.21016 ; 3.38966
7.78856 ; 3.03112 ; 3.68607 ; -3.80133
6.06146 ; 6.04566 ; 5.14173 ; 4.79295
3.30719 ; 2.98469 ; -3.38129 ; -3.72924
2.9406 ; 2.8915 ; -2.78982 ; -3.53362
5.28848 ; 3.38906 ; 5.25114 ; -4.31919
2.44147 ; 8.34553 ; 0.570982 ; -1.48274
8.23169 ; 3.58813 ; 3.14902 ; -4.18087
2.64447 ; 2.00158 ; -1.69447 ; -1.73148
8.89536 ; 3.23477 ; 1.5977 ; -3.83883
7.91773 ; 7.85555 ; 3.35189 ; 2.4733
6.46786 ; 2.92069 ; 4.79472 ; -3.80427
6.99956 ; 7.0835 ; 4.45752 ; 3.76738
3.42453 ; 2.41626 ; -3.40427 ; -2.9879
8.41156 ; 2.46107 ; 2.64505 ; -2.87379
3.21875 ; 2.38204 ; -3.10363 ; -2.8756
8.37835 ; 2.25287 ; 2.61549 ; -2.52585
3.41969 ; 1.54876 ; -3.12164 ; -0.0914994
5.34344 ; 2.80194 ; -5.02396 ; -3.64653
2.94433 ; 5.01542 ; 3.25613 ; 5.60906
5.108 ; 2.47418 ; -4.9562 ; -3.16923
3.48354 ; 2.31461 ; 4.74399 ; -2.27063
3.66506 ; 3.26091 ; -3.85172 ; -4.08377
3.97012 ; 7.39401 ; -4.04184 ; 3.32333
3.85445 ; 5.75604 ; -4.1061 ; 4.8261
7.75306 ; 3.86392 ; 3.71737 ; 5.15703
3.55333 ; 7.35442 ; -3.59683 ; 3.30712
3.8253 ; 3.19338 ; -4.00776 ; -4.03961
2.87523 ; 2.26122 ; -2.45281 ; -2.51042
6.9252 ; 6.83156 ; 4.542 ; 4.04991
2.82557 ; 2.19752 ; -2.31299 ; -2.35323
2.6565 ; 6.91521 ; 2.1727 ; 3.68855
4.02629 ; 2.83942 ; -4.15472 ; -3.67338
3.77351 ; 3.30059 ; -3.96842 ; -4.12429
2.94611 ; 3.2421 ; -2.85437 ; -3.95272
2.69057 ; 3.11599 ; 2.44082 ; -3.79691
2.90448 ; 2.24705 ; -2.50412 ; -2.49815
3.37886 ; 8.01112 ; -3.19531 ; 2.0664
3.22914 ; 7.60509 ; -3.10165 ; 2.85029
3.29258 ; 7.22246 ; -3.29678 ; 3.419
3.66234 ; 2.20246 ; -3.61265 ; -2.6382
8.05952 ; 7.67605 ; -4.58533 ; 2.22933
3.58314 ; 2.82669 ; -3.6947 ; -3.59809
8.8663 ; 3.13984 ; 0.618938 ; 3.90877
7.88555 ; 4.69681 ; 3.66203 ; -5.05221
6.09525 ; 2.55635 ; -5.31919 ; -3.20204
8.57854 ; 2.13618 ; 2.14391 ; -2.1714
6.76562 ; 6.62334 ; 4.6839 ; 4.26497
7.99295 ; 6.62224 ; 3.49992 ; 4.1249
3.60179 ; 5.77709 ; -3.82846 ; 4.79214
8.94854 ; 1.7075 ; -0.0117257 ; 0.208134
6.52518 ; 6.98998 ; -5.11968 ; 3.8381
5.78973 ; 2.45625 ; 5.57694 ; 3.61728
2.99734 ; 2.35859 ; -2.73459 ; -2.7543
3.79368 ; 5.57474 ; -4.04784 ; 4.91458
3.42808 ; 2.89065 ; -3.51969 ; -3.64499
3.05334 ; 2.42859 ; -2.85824 ; -2.89464
7.58332 ; 7.77485 ; 3.71719 ; 2.69018
8.32722 ; 2.58519 ; 2.83757 ; -3.09538
7.79566 ; 7.45996 ; 3.60796 ; 3.1821
2.75887 ; 5.35406 ; -2.05635 ; -5.55368
2.83608 ; 2.14611 ; -2.30599 ; -2.24921
3.06424 ; 2.40254 ; -2.86602 ; -2.8535
2.71691 ; 5.38278 ; -2.2424 ; 5.03153
3.26906 ; 7.69423 ; -3.13042 ; 2.71373
6.63016 ; 2.88545 ; 4.69806 ; -3.75752
8.3721 ; 2.26484 ; 2.63204 ; -2.55076
9.16632 ; 7.4357 ; -0.688878 ; 2.67947
8.13332 ; 5.4225 ; 3.22997 ; -5.11987
5.0392 ; 5.43865 ; -5.13337 ; -5.4882
4.04645 ; 2.72632 ; -4.15753 ; -3.53412
8.65242 ; 2.00762 ; 1.86598 ; -1.79468
8.65363 ; 8.02479 ; 1.85621 ; 1.69312
2.98647 ; 7.53063 ; -2.73999 ; 2.88543
2.97785 ; 7.50103 ; -2.73463 ; 2.92951
6.85934 ; 6.79216 ; 4.60591 ; 4.08561
8.1717 ; 7.39499 ; 3.12472 ; 3.18287
8.47677 ; 2.25511 ; 2.43 ; -2.47919
2.79789 ; 2.149 ; -1.41026 ; 4.0159
3.22345 ; 2.66777 ; -3.19608 ; -3.3093
7.8036 ; 7.00004 ; 3.65126 ; 3.76387
2.78701 ; 2.11944 ; -2.17865 ; -2.15732
4.55245 ; 3.14254 ; -4.62265 ; -4.05185
3.5475 ; 3.30185 ; -3.69972 ; -4.11261
3.21825 ; 7.5257 ; -3.11107 ; 2.97351
5.81527 ; 4.86076 ; 5.36968 ; 5.30557
7.9242 ; 7.59482 ; 3.41096 ; 2.94994
8.35514 ; 2.26339 ; 2.6608 ; -2.55589
8.07524 ; 7.1726 ; 3.31155 ; 3.50404
3.20124 ; 7.85918 ; -2.97069 ; 2.36873
4.13133 ; 7.28054 ; -4.20823 ; 3.4923
7.45874 ; 5.33005 ; 4.16121 ; 4.97344
4.93954 ; 3.27834 ; -4.88946 ; -4.20403
3.11093 ; 2.99816 ; -3.09768 ; -3.70502
3.88971 ; 4.39781 ; -4.15222 ; -4.97293
5.21086 ; 3.73254 ; 4.77948 ; -4.63437
6.68849 ; 5.91553 ; 4.80024 ; 4.77679
3.6755 ; 3.09616 ; -3.75568 ; 4.60028
7.15414 ; 6.50576 ; -4.03102 ; 4.37041
3.97063 ; 6.49459 ; -4.14733 ; -4.49629
6.79166 ; 3.27914 ; -4.86759 ; 5.32223
8.56834 ; 2.63612 ; 2.3915 ; -3.09479
4.97087 ; 3.66009 ; -4.93246 ; -3.75551
8.69354 ; 2.78973 ; 2.13905 ; -3.28756
4.68839 ; 1.92464 ; 5.64318 ; -1.18709
