8.13729 ; 8.31558 ; 2.24955 ; -3.45345
8.06421 ; 1.81353 ; 2.57444 ; -0.809729
7.97073 ; 2.55911 ; 3.01128 ; -2.72345
2.58367 ; 1.96561 ; -0.829493 ; -0.915398
9.01255 ; 8.07773 ; -0.76255 ; 0.246824
2.6216 ; 1.90852 ; -0.900042 ; -0.748567
8.51013 ; 7.95178 ; 1.73823 ; 1.38296
8.67382 ; 1.63408 ; 0.623597 ; 0.921833
6.78415 ; 2.13354 ; 4.46861 ; -1.99273
8.23815 ; 7.71619 ; 2.47394 ; 2.13073
7.84499 ; 8.46096 ; 2.9691 ; -1.28077
2.29583 ; 7.94135 ; 2.7271 ; 0.391732
3.97385 ; 5.19833 ; -4.05118 ; -5.48025
7.10151 ; 2.51278 ; -5.67357 ; -2.51459
5.02414 ; 3.55301 ; 5.55286 ; -4.37053
2.77217 ; 7.19389 ; 4.19688 ; 2.90826
3.37259 ; 3.69602 ; -3.18743 ; -4.33699
8.37317 ; 7.09681 ; 2.38786 ; 3.22476
8.53589 ; 8.31549 ; 1.25402 ; -0.380479
8.13495 ; 7.19978 ; -4.98987 ; 3.0016
8.70427 ; 8.05951 ; 1.06269 ; 0.878296
2.70564 ; 7.93324 ; -1.31293 ; 1.29854
8.31117 ; 7.71186 ; 2.32539 ; 2.10966
2.24356 ; 7.74891 ; 2.13982 ; 1.24702
3.90176 ; 7.37632 ; -3.74973 ; 2.9618
6.38748 ; 1.90304 ; 4.87758 ; -1.16434
9.1272 ; 2.42031 ; -1.42667 ; -1.88817
9.08757 ; 2.28082 ; -0.675167 ; -1.49514
2.53815 ; 1.86997 ; -0.499705 ; -0.460708
2.78106 ; 7.53705 ; 4.00003 ; -6.01035
7.91304 ; 7.73756 ; 3.06293 ; 2.18613
8.81508 ; 2.90762 ; 1.15655 ; -3.10954
8.03309 ; 7.52276 ; 2.92157 ; 2.59471
8.26708 ; 1.93942 ; 1.91383 ; 3.92973
3.79056 ; 3.33669 ; -3.75289 ; -3.99153
8.38914 ; 2.31081 ; 2.11585 ; -2.1062
4.65735 ; 3.67284 ; -4.68638 ; -4.4476
3.3099 ; 2.52744 ; -2.90345 ; -2.72023
3.04963 ; 7.84537 ; -2.2257 ; 1.76277
5.39057 ; 1.86628 ; -5.54853 ; 2.66629
2.87022 ; 1.6541 ; -1.37534 ; 0.324266
3.02001 ; 7.80008 ; -2.16929 ; 1.85647
2.31269 ; 1.87134 ; 1.90786 ; 0.429793
2.72657 ; 2.85703 ; -1.77523 ; -3.12061
3.10553 ; 8.32827 ; -2.08661 ; -0.0380601
3.26331 ; 2.63427 ; -2.8477 ; -2.89557
8.6862 ; 2.10716 ; 1.22469 ; -1.41284
3.33703 ; 2.51493 ; -2.94549 ; -2.68239
3.90229 ; 4.02937 ; -3.94302 ; -4.68349
8.72713 ; 1.94246 ; 0.923351 ; -0.848823
3.39869 ; 2.85491 ; -3.12597 ; -3.28546
8.73577 ; 1.97601 ; 0.932531 ; -0.955461
2.92731 ; 2.34945 ; -2.09505 ; -2.22881
2.70897 ; 7.98789 ; -1.27573 ; 1.1339
8.73667 ; 7.08049 ; -2.40072 ; -6.34087
3.32566 ; 8.17469 ; -2.64322 ; 0.853547
8.47229 ; 2.01442 ; 1.74756 ; -1.30791
3.21183 ; 7.78575 ; -2.57894 ; 1.97572
8.57513 ; 2.06622 ; 1.5117 ; -1.38927
8.07787 ; 7.51304 ; 2.84699 ; 2.60054
9.01031 ; 2.18856 ; -3.46512 ; -0.92782
2.75973 ; 2.1527 ; -1.57224 ; -1.66051
3.071 ; 7.82708 ; -2.27937 ; 1.81772
6.33816 ; 2.62248 ; 4.88721 ; -3.03775
8.82136 ; 8.19732 ; 0.36558 ; 0.0782893
5.90222 ; 7.69184 ; -5.33708 ; 2.26683
8.18183 ; 2.72303 ; 2.6918 ; -2.97661
8.27557 ; 2.28464 ; 2.34112 ; -2.10259
3.37003 ; 2.45877 ; -2.98481 ; -2.61002
3.30302 ; 8.42831 ; -2.45189 ; -2.04183
5.94379 ; 2.66546 ; 5.15326 ; -3.10161
7.39711 ; 3.20165 ; -5.36607 ; -3.81583
8.40837 ; 2.2702 ; 2.05192 ; -2.00615
5.60557 ; 7.2683 ; -5.7328 ; -5.28396
3.40136 ; 6.45743 ; -3.19908 ; 4.05961
8.64669 ; 8.01594 ; 1.29889 ; 1.08966
8.37947 ; 2.73261 ; 2.30436 ; -2.92966
7.856 ; 2.83677 ; 3.26319 ; -3.23365
8.50232 ; 2.53791 ; 1.95221 ; -2.53005
8.55354 ; 6.94906 ; 2.00078 ; 3.42358
8.13864 ; 7.98232 ; 2.3486 ; -4.16568
8.38854 ; 7.93821 ; 2.04622 ; 1.51472
3.36384 ; 7.61091 ; -2.91774 ; 2.40599
2.95719 ; 2.24715 ; -2.1147 ; -2.01298
8.42744 ; 7.72514 ; 2.06882 ; 2.02574
5.15233 ; 3.15909 ; 5.39717 ; -3.85495
7.86709 ; 7.80482 ; 3.1168 ; 2.05088
6.95177 ; 7.08941 ; 4.3735 ; 3.35183
7.06181 ; 8.3999 ; 4.26311 ; -0.849457
2.71286 ; 8.01574 ; -1.2615 ; 1.0503
3.06806 ; 7.90291 ; -2.23609 ; 1.62319
3.75772 ; 4.77556 ; -3.19923 ; -5.30369
8.39005 ; 2.74112 ; 2.27974 ; -2.93642
8.86048 ; 2.21206 ; 0.680617 ; -1.56968
2.25504 ; 2.08603 ; 1.97432 ; -0.706439
8.6827 ; 8.03729 ; 1.16181 ; 0.980599
4.81748 ; 3.84866 ; -5.01943 ; 5.69036
3.55891 ; 1.81933 ; -3.12715 ; -0.96225
3.02183 ; 2.64075 ; 4.65022 ; -2.62909
8.54465 ; 7.71746 ; 1.79491 ; 1.98467
2.82739 ; 7.98583 ; -1.61424 ; 1.23969
8.28868 ; 2.21839 ; 2.28636 ; -1.9471
3.04798 ; 2.81848 ; 3.50652 ; -3.04077
7.57274 ; 2.21335 ; 3.57695 ; 3.70595
3.47826 ; 5.04786 ; -3.35035 ; 5.25525
2.85911 ; 2.09983 ; -1.79804 ; -1.58635
5.20972 ; 8.14642 ; 5.50339 ; 0.422501
2.89905 ; 6.8903 ; -2.21131 ; 3.49213
8.24933 ; 5.44371 ; 2.61561 ; 5.09326
8.10446 ; 5.3609 ; 2.97313 ; 5.10506
7.12682 ; 6.90878 ; 4.23842 ; 2.94604
5.84214 ; 6.74761 ; -5.38156 ; 3.985
8.42947 ; 7.32748 ; 2.21221 ; 2.82823
8.26551 ; 2.93864 ; 2.58301 ; -3.29779
8.25241 ; 7.39128 ; -4.91448 ; 2.5358
8.07324 ; 7.29946 ; 2.91243 ; 2.98194
8.49177 ; 2.14542 ; 1.78582 ; -1.6626
2.91262 ; 3.44882 ; -2.31024 ; -4.00889
8.25597 ; 1.55905 ; 1.88088 ; 2.20342
3.04954 ; 6.6695 ; -2.56238 ; 3.81709
8.119 ; 7.80451 ; 2.66911 ; 1.97574
4.56643 ; 6.76484 ; -4.56625 ; 3.92524
2.93514 ; 5.11 ; 4.16631 ; 5.69227
8.08889 ; 8.11324 ; -5.79153 ; -1.93192
4.4921 ; 5.17112 ; -4.63926 ; 5.32152
3.26355 ; 1.60727 ; -2.39814 ; 2.42048
8.54374 ; 7.50725 ; 1.88142 ; 2.44237
2.62076 ; 1.9681 ; -0.968777 ; -0.967941
3.33686 ; 1.69314 ; -2.66311 ; -0.31897
3.48883 ; 8.01979 ; -2.9985 ; 1.44307
8.47397 ; 2.12679 ; 1.81696 ; -1.62594
8.43206 ; 2.29991 ; 1.37108 ; 5.1173
2.82633 ; 8.00153 ; -1.59939 ; 1.19123
2.57288 ; 7.56221 ; -1.10964 ; 2.17469
6.15315 ; 2.44151 ; 4.98418 ; -2.67661
4.13944 ; 3.51391 ; 5.38329 ; -4.31562
2.90982 ; 7.75234 ; -1.96422 ; 1.91263
8.15575 ; 7.7843 ; 2.60713 ; 2.00965
8.40851 ; 7.78281 ; 2.08262 ; 1.90315
8.80079 ; 7.84729 ; 0.911603 ; 1.47482
8.20495 ; 3.0689 ; 2.72933 ; -3.49996
8.85049 ; 7.96238 ; 0.589116 ; 1.05596
7.03295 ; 7.11248 ; 4.32355 ; 3.43904
8.12484 ; 2.57619 ; 2.43058 ; 5.15785
8.62991 ; 2.38654 ; 1.56795 ; -2.14985
8.14173 ; 8.03416 ; 2.36163 ; -3.48744
6.60339 ; 7.46758 ; -5.43889 ; 2.68432
3.03343 ; 7.43985 ; -2.36503 ; 2.62755
2.7827 ; 1.83036 ; -1.36854 ; -0.599668
2.56301 ; 1.9622 ; -0.743734 ; -0.878341
4.40976 ; 3.73669 ; -4.47757 ; -4.49579
7.60195 ; 5.39603 ; 3.77101 ; -5.58031
2.61129 ; 1.90308 ; -0.856253 ; -0.714989
2.45759 ; 7.81629 ; 2.36598 ; -3.20122
8.45607 ; 7.75303 ; 1.99137 ; 1.94822
8.54459 ; 7.42605 ; 1.91155 ; 2.6022
2.66781 ; 1.98243 ; -1.12901 ; -1.00808
7.66091 ; 3.08554 ; 3.59026 ; -3.63566
8.71686 ; 2.06458 ; 1.09128 ; -1.26227
2.997 ; 3.07995 ; -2.45425 ; -3.52861
8.59796 ; 8.03753 ; 1.42848 ; 1.06154
3.61951 ; 1.65535 ; -3.22349 ; 0.240378
8.26322 ; 7.70045 ; 2.0063 ; -5.10769
7.87611 ; 7.47878 ; 3.1906 ; 2.71717
7.60083 ; 7.58541 ; 3.56528 ; 2.57147
9.14167 ; 6.99288 ; -1.88765 ; 2.87106
2.55259 ; 1.80651 ; 1.24729 ; 4.04196
3.24147 ; 7.85264 ; -2.60696 ; 1.82611
8.79106 ; 8.34303 ; 0.117888 ; -1.0343
2.36219 ; 1.82239 ; 2.67476 ; 1.22583
2.23251 ; 7.61852 ; 1.34345 ; 1.7525
8.67778 ; 8.04396 ; 1.17073 ; 0.963614
7.81098 ; 2.49728 ; 3.24515 ; -2.68466
6.57873 ; 4.47746 ; 4.87261 ; -5.09106
8.44331 ; 7.81341 ; 1.98798 ; 1.81111
4.61187 ; 3.47184 ; -4.51037 ; -4.21001
4.33061 ; 2.83058 ; -4.30148 ; -3.36976
2.72487 ; 7.94158 ; -1.36257 ; 1.28997
4.72935 ; 2.62147 ; -4.67656 ; -3.01807
7.3281 ; 2.93593 ; -5.94061 ; 5.90894
2.7888 ; 7.21345 ; -1.87273 ; 2.95415
2.90238 ; 1.8641 ; -1.74596 ; -0.845641
7.99709 ; 2.85685 ; 3.04759 ; -3.23928
8.58734 ; 2.16997 ; 1.55638 ; -1.65999
8.25528 ; 2.70831 ; 2.54753 ; -2.92965
4.40124 ; 2.62524 ; -4.45278 ; 1.04789
3.14003 ; 3.00668 ; -2.71903 ; -3.45373
2.85961 ; 7.56094 ; -1.93613 ; 2.31373
2.98029 ; 2.38003 ; -2.2247 ; -2.3176
7.98451 ; 2.31664 ; 2.90902 ; -2.28104
2.23205 ; 7.66719 ; 1.62987 ; 1.58543
7.02947 ; 7.21089 ; 4.28375 ; 3.28221
3.01269 ; 2.5178 ; -2.3484 ; -2.60698
8.17891 ; 2.83974 ; 2.72821 ; -3.16583
3.4183 ; 7.64031 ; -2.84602 ; -4.93768
4.79289 ; 2.90474 ; -4.72809 ; -3.49601
8.72507 ; 1.97107 ; 0.962241 ; -0.950803
8.45212 ; 1.72764 ; 1.58267 ; -0.162305
2.65841 ; 7.97009 ; -1.13254 ; 1.14369
2.66827 ; 2.14813 ; -1.30075 ; -1.58257
8.92616 ; 1.77282 ; -0.42789 ; 0.427879
2.6615 ; 8.10081 ; -1.00309 ; 0.686163
3.27823 ; 8.24544 ; -2.37516 ; -3.66085
6.29421 ; 7.5298 ; 4.92958 ; 2.72997
2.63635 ; 1.96145 ; -1.01601 ; -0.962727
2.81881 ; 2.3604 ; -1.84491 ; -2.20131
2.5531 ; 8.17294 ; -0.442689 ; 0.188711
3.03971 ; 7.74952 ; -2.24976 ; 1.98527
9.04744 ; 8.04852 ; -0.940889 ; 0.30834
5.71925 ; 8.24669 ; -5.61523 ; -0.61762
8.56663 ; 2.01813 ; 1.49694 ; -1.25373
6.78572 ; 5.773 ; 4.73555 ; -5.70457
7.38744 ; 2.13575 ; 3.76279 ; -1.98247
7.98141 ; 3.75073 ; 3.19913 ; -4.36566
3.81026 ; 1.97048 ; -3.52598 ; -1.53468
5.0682 ; 2.6058 ; -4.95016 ; -2.9987
3.05669 ; 2.11295 ; -2.26617 ; -1.73017
2.82618 ; 8.00274 ; -1.59835 ; 1.18894
2.69913 ; 2.0411 ; -1.30622 ; -1.2935
3.01526 ; 2.44277 ; -2.32459 ; -2.46203
2.75272 ; 2.11115 ; -1.52349 ; -1.54514
5.76375 ; 7.48202 ; 5.27164 ; 2.7792
8.75131 ; 2.00513 ; 0.91173 ; -1.03546
6.78611 ; 2.80207 ; 4.52486 ; -3.3303
8.22005 ; 7.33368 ; 2.63914 ; 2.87879
8.10155 ; 2.34654 ; 2.71196 ; -2.30616
5.19544 ; 2.49103 ; 5.39765 ; -2.68246
3.23116 ; 7.37877 ; -2.75939 ; 2.80583
8.17552 ; 2.34437 ; 2.5732 ; -2.27079
6.57896 ; 7.60427 ; 4.66982 ; 2.59095
8.49585 ; 5.1831 ; -4.13006 ; 5.69017
3.62888 ; 1.91288 ; -3.27573 ; 3.37504
3.814 ; 5.69409 ; -3.84331 ; 4.88508
5.82175 ; 2.61116 ; 5.07649 ; -2.99384
3.78754 ; 4.60815 ; -3.80349 ; 5.37808
4.36734 ; 5.10931 ; -4.50271 ; 5.21492
2.65925 ; 8.02647 ; -1.08057 ; 0.958586
5.79422 ; 7.52097 ; -5.30014 ; 2.68356
7.52763 ; 7.31527 ; -4.86027 ; 2.87484
2.99679 ; 2.12544 ; -2.14088 ; -1.73277
8.8365 ; 1.88063 ; 0.401274 ; -0.442768
2.6936 ; 8.06819 ; -1.14676 ; 0.836194
8.55939 ; 7.95389 ; 1.6081 ; 1.35817
8.95397 ; 5.12295 ; -0.420849 ; 5.53303
8.29706 ; 2.73226 ; -3.20669 ; -2.84194
3.13305 ; 7.7464 ; -2.44315 ; 2.03358
8.72568 ; 4.34005 ; 0.914129 ; 5.85134
2.81239 ; 7.83002 ; -1.68364 ; 1.66556
8.81893 ; 1.85581 ; 0.436742 ; -0.361234
4.42728 ; 8.26642 ; -4.33525 ; 0.307328
7.10745 ; 6.82376 ; 4.2788 ; 3.82943
6.40377 ; 7.11625 ; -5.20501 ; 3.39283
2.83042 ; 7.72734 ; -1.78852 ; 1.9272
2.27467 ; 6.79259 ; 1.48951 ; 3.58539
8.87939 ; 6.84414 ; -3.1588 ; 3.60037
8.90479 ; 7.49578 ; 0.719335 ; 2.29993
2.62131 ; 8.11504 ; -0.833323 ; 0.57338
4.51228 ; 7.76385 ; -4.62796 ; -3.9001
3.46923 ; 5.89965 ; -3.34526 ; 4.67633
3.19343 ; 1.5409 ; -2.22043 ; 1.68357
7.64697 ; 7.70954 ; 3.4729 ; 2.3093
6.74694 ; 7.09415 ; 4.62559 ; 1.89663
8.4532 ; 2.15435 ; 1.88336 ; -1.70854
2.81617 ; 7.69327 ; -1.77059 ; 1.99801
8.63729 ; 7.91376 ; 1.4155 ; 1.4154
7.89944 ; 7.57343 ; 3.12871 ; 2.53267
7.82754 ; 7.69116 ; 3.20111 ; 2.31008
8.75049 ; 1.966 ; 0.871364 ; -0.904366
2.53793 ; 1.82628 ; -0.416773 ; -0.242532
2.78452 ; 2.73856 ; -1.89724 ; -2.9333
6.93385 ; 3.38424 ; 4.41484 ; -4.09869
7.00553 ; 3.37861 ; -5.59617 ; -4.10614
2.70715 ; 8.01516 ; -1.24616 ; 1.04678
8.65648 ; 1.96739 ; 1.18653 ; -1.01042
3.27908 ; 7.2471 ; 4.99485 ; 2.88296
3.46032 ; 7.52864 ; -3.09921 ; 2.59717
7.9077 ; 2.70071 ; -5.16876 ; -2.80191
8.87215 ; 5.17665 ; -0.61724 ; -5.7585
3.28308 ; 1.54457 ; -2.43384 ; 1.8896
8.74294 ; 3.65052 ; 1.44454 ; -4.20291
7.77692 ; 7.61237 ; 3.30727 ; 2.47118
2.51513 ; 1.8408 ; -0.329433 ; -0.272585
3.04811 ; 2.17711 ; -2.27788 ; -1.88776
8.97727 ; 8.25677 ; -1.31896 ; -1.19569
8.38931 ; 2.40943 ; 2.16313 ; -2.31426
4.0623 ; 2.99192 ; -4.0342 ; -3.57296
8.05797 ; 2.49526 ; 2.84401 ; -2.61043
2.25918 ; 7.29717 ; 2.22292 ; 2.56765
2.69797 ; 1.72694 ; -0.939713 ; 0.0504816
3.38155 ; 5.02336 ; -3.18233 ; 5.20888
7.80781 ; 4.63577 ; 3.41555 ; 3.24441
2.22353 ; 2.80161 ; 1.05061 ; -2.87609
8.77383 ; 1.85303 ; 0.62662 ; -0.41955
8.82237 ; 1.88246 ; 0.466732 ; -0.474332
2.66807 ; 2.03445 ; -1.20157 ; -1.24247
8.45978 ; 7.68695 ; 2.0115 ; 2.09708
6.14065 ; 2.54273 ; -5.46876 ; -2.751
2.61022 ; 1.92821 ; -0.882771 ; -0.809564
8.66422 ; 7.84926 ; 1.38017 ; 1.57774
2.65634 ; 8.11733 ; 4.49579 ; -3.34655
8.84445 ; 8.16146 ; 0.321632 ; 0.226655
2.97245 ; 7.69596 ; -2.13286 ; 2.07233
3.13325 ; 3.17067 ; -2.6897 ; -3.09466
3.29174 ; 7.31423 ; -2.45712 ; -5.47631
8.56443 ; 2.05264 ; 1.52976 ; -1.35868
8.65096 ; 5.21032 ; 1.57196 ; 5.29256
8.39959 ; 2.35051 ; 2.11255 ; -2.18761
2.69192 ; 8.09608 ; -1.11223 ; 0.741006
7.38203 ; 2.27584 ; 3.79654 ; -2.3149
8.52658 ; 7.15206 ; 2.03084 ; 3.09666
3.10304 ; 8.14206 ; -2.19356 ; 0.875376
2.71628 ; 2.32533 ; -1.52732 ; -2.07128
8.9204 ; 7.56975 ; 0.608371 ; 2.12545
4.516 ; 2.0725 ; 6.0428 ; -0.173785
3.30673 ; 7.92236 ; -2.71256 ; 1.64635
3.97462 ; 3.23004 ; -3.93891 ; -3.8801
8.81333 ; 8.35999 ; -0.544174 ; -2.1873
8.45324 ; 1.62658 ; 1.4617 ; 0.533034
2.71206 ; 2.77229 ; -0.468262 ; 5.82665
7.24768 ; 7.18197 ; 4.08713 ; 3.31569
2.60819 ; 8.10126 ; 4.10495 ; -3.74491
8.76435 ; 8.11783 ; 0.758238 ; 0.567149
2.65291 ; 8.03912 ; -1.04531 ; 0.908331
2.9639 ; 7.5524 ; -2.177 ; 2.37611
8.7328 ; 1.90282 ; 0.855015 ; -0.689263
4.80383 ; 2.05562 ; -4.73596 ; -1.76081
2.5175 ; 4.313 ; -0.00521421 ; 5.91306
3.61801 ; 7.95914 ; -3.22725 ; 1.65123
3.22341 ; 2.18663 ; -2.63875 ; -1.8861
3.94199 ; 8.41475 ; -3.67647 ; -0.717829
2.82964 ; 7.90964 ; -1.67654 ; 1.46408
8.53521 ; 2.31583 ; 1.7785 ; -2.04087
2.83943 ; 2.07449 ; -1.73142 ; -1.5041
2.30073 ; 7.02381 ; 0.0841937 ; 3.15515
4.01535 ; 2.04979 ; -3.96613 ; 3.25545
2.3334 ; 7.3747 ; 2.05098 ; 2.43168
4.38646 ; 1.88894 ; 6.092 ; 0.249299
3.52597 ; 8.36696 ; -2.95036 ; -2.72265
8.64767 ; 2.05058 ; 1.29104 ; -1.28372
2.73439 ; 2.09885 ; -1.46252 ; -1.49678
6.23718 ; 6.47363 ; 5.04727 ; 4.30131
8.02166 ; 2.15765 ; 2.78746 ; -1.90432
8.44515 ; 2.2075 ; 1.93432 ; -1.84076
5.04446 ; 7.06253 ; -4.86629 ; 3.53805
8.45105 ; 4.29304 ; 2.26538 ; -4.82721
7.66305 ; 6.2833 ; 3.62535 ; -5.57533
9.08401 ; 7.37584 ; -2.64499 ; 2.41676
2.80702 ; 2.06033 ; -1.63592 ; -1.44122
2.73145 ; 1.96133 ; -1.33257 ; -1.06045
8.03441 ; 7.83232 ; 2.81691 ; 1.9382
2.5713 ; 8.14051 ; -0.585716 ; 0.382255
8.78209 ; 8.12483 ; 0.674789 ; 0.510994
8.63361 ; 6.76959 ; 0.745664 ; -6.1245
4.95103 ; 5.34403 ; -5.09179 ; -5.68378
3.15037 ; 3.49315 ; -2.48167 ; 5.59018
6.5381 ; 7.60194 ; 4.72975 ; 2.5946
8.41226 ; 2.27083 ; 2.04484 ; -2.00533
8.57672 ; 7.48767 ; 1.8089 ; 2.47167
8.48291 ; 2.17039 ; 1.82263 ; -1.73001
7.86712 ; 8.11149 ; 2.96975 ; -3.96211
6.62907 ; 2.18635 ; 4.62 ; -2.08523
5.22894 ; 6.65393 ; -5.40548 ; -5.7559
3.31893 ; 6.50002 ; -3.06937 ; 4.07056
8.23076 ; 2.42935 ; 2.49943 ; -2.42609
3.03667 ; 7.66729 ; -2.28286 ; 2.16616
8.19878 ; 1.81997 ; 2.2861 ; -0.777758
2.84924 ; 2.56917 ; -2.00371 ; -2.64157
2.79717 ; 2.17149 ; -1.68511 ; -1.73513
3.43462 ; 7.00628 ; -3.18179 ; 3.4449
2.80415 ; 2.28471 ; -1.76796 ; -2.02148
2.92131 ; 7.90969 ; -1.90299 ; 1.52357
2.61222 ; 1.99362 ; -0.967206 ; -1.04701
2.22733 ; 7.56133 ; 1.73314 ; 1.88854
8.67602 ; 7.32574 ; -3.16733 ; -6.27344
5.14667 ; 4.39017 ; 5.49587 ; 5.8617
4.47563 ; 2.33942 ; -4.40574 ; -2.49706
3.19336 ; 6.788 ; -2.81778 ; 3.69511
8.78708 ; 1.94073 ; 0.700443 ; -0.765158
3.53041 ; 2.12693 ; -3.15422 ; -1.92292
4.77875 ; 2.97193 ; -4.99493 ; 5.24599
3.17297 ; 7.82983 ; -2.48601 ; 1.85605
3.01947 ; 8.34078 ; -1.84451 ; -0.170344
3.17575 ; 3.81687 ; -2.85441 ; -4.43603
2.99414 ; 1.59636 ; -1.75658 ; 0.628371
3.56642 ; 2.50899 ; -3.30351 ; -2.74571
8.42451 ; 7.69466 ; 2.0893 ; 2.09561
8.57722 ; 2.16701 ; 1.58023 ; -1.65967
8.53751 ; 7.82935 ; 1.75055 ; 1.7161
2.2309 ; 7.63203 ; 1.78512 ; 1.67981
8.92998 ; 3.00968 ; 0.718316 ; -3.24636
8.44836 ; 7.47593 ; 2.12316 ; 2.54256
2.96665 ; 7.93796 ; -1.99057 ; 1.47303
7.53598 ; 2.52473 ; 3.64603 ; -2.78833
5.70848 ; 7.55353 ; -5.3158 ; 2.62275
3.812 ; 2.80754 ; -3.70396 ; -3.28419
8.24421 ; 7.6691 ; 2.48107 ; 2.22857
4.56411 ; 6.71619 ; 6.22926 ; -6.16783
6.2088 ; 1.92557 ; 5.03636 ; -1.2034
8.85967 ; 8.08581 ; 0.376238 ; 0.55772
8.87339 ; 7.8929 ; 0.561651 ; 1.2645
2.72807 ; 2.15855 ; -1.48825 ; -1.65415
2.96759 ; 7.98351 ; -1.96758 ; 1.34201
7.44207 ; 6.54362 ; 3.94196 ; 4.12948
3.50838 ; 8.16414 ; -3.01645 ; -0.0485915
4.65064 ; 7.93101 ; -4.53745 ; 1.78453
3.12291 ; 3.49662 ; -2.74404 ; -4.08673
8.33145 ; 2.48815 ; 2.32014 ; -2.50147
2.67696 ; 7.99812 ; -1.16712 ; 1.07168
3.61782 ; 3.25841 ; -3.51283 ; -3.87218
3.01428 ; 7.78689 ; -2.18035 ; 1.88172
8.94349 ; 2.39407 ; -2.62809 ; -1.81672
8.68415 ; 3.12135 ; 0.418247 ; 6.02822
3.2772 ; 2.38104 ; -2.78843 ; -2.42963
8.72417 ; 2.14968 ; 1.1381 ; -1.50242
7.64459 ; 3.12932 ; 3.62313 ; -3.69787
8.60069 ; 7.91394 ; 1.51423 ; 1.40152
8.12629 ; 7.6617 ; 2.71 ; 2.28847
7.97401 ; 2.13632 ; 2.73557 ; 4.38668
8.74639 ; 1.95054 ; 0.866573 ; -0.855667
2.82335 ; 2.14904 ; -1.73819 ; -1.69419
7.58667 ; 2.39096 ; 3.55566 ; -2.51635
3.34431 ; 2.8249 ; -3.00393 ; -2.80873
2.76783 ; 8.01065 ; -0.4703 ; -4.85733
8.2366 ; 5.04885 ; 2.67988 ; -5.33761
7.48481 ; 6.35495 ; 3.8874 ; 4.32485
8.53911 ; 2.27204 ; 1.74464 ; -1.93656
3.27075 ; 2.88624 ; -2.92589 ; -3.30423
4.71393 ; 7.66662 ; -4.54327 ; 2.45249
3.27199 ; 3.13957 ; -2.97061 ; -3.65992
7.73307 ; 7.87748 ; 3.30995 ; 1.90413
8.57153 ; 8.08569 ; 1.46483 ; 0.915909
3.24253 ; 8.34571 ; -2.38314 ; -0.0441048
3.28211 ; 8.39129 ; -2.44854 ; -0.363439
5.23042 ; 7.88822 ; 5.49561 ; 1.61339
8.57001 ; 2.23083 ; 1.64239 ; -1.82188
3.77951 ; 2.67899 ; -3.65335 ; 4.97428
7.13541 ; 7.22173 ; 4.18954 ; 3.26398
3.33002 ; 7.79728 ; -2.79343 ; 1.99058
8.68087 ; 2.07844 ; 1.21705 ; -1.33596
8.36333 ; 8.12942 ; 1.99302 ; 0.910131
5.55832 ; 1.8015 ; -5.47444 ; -0.323118
3.55668 ; 8.10195 ; -3.07225 ; -3.65765
3.8218 ; 1.75702 ; -3.52226 ; -0.733449
8.34262 ; 7.67956 ; 2.27551 ; 2.16551
4.72242 ; 2.949 ; -4.94334 ; 5.27692
3.0668 ; 7.63464 ; -2.34882 ; 2.2481
8.67784 ; 2.08235 ; 1.22843 ; -1.34878
2.92235 ; 2.3478 ; -2.08438 ; -2.22317
7.92697 ; 7.65106 ; 3.06235 ; 2.37005
8.57216 ; 7.865 ; 1.6367 ; 1.60001
6.18337 ; 4.14196 ; 5.16281 ; -4.93046
2.32916 ; 2.54426 ; -0.0632292 ; -2.36465
3.1301 ; 2.06042 ; -2.21202 ; 2.33327
3.02073 ; 2.5943 ; -2.39086 ; -2.75178
8.16258 ; 7.90824 ; 2.54429 ; 1.70134
7.17696 ; 3.4048 ; 2.87995 ; -4.04743
8.30887 ; 7.85166 ; 2.26812 ; 1.78407
2.63072 ; 7.95177 ; -1.05477 ; 1.17564
8.89454 ; 4.52206 ; -1.90847 ; 6.00785
6.11528 ; 2.46008 ; -5.52502 ; -2.58787
8.6782 ; 2.02638 ; 1.17708 ; -1.18271
8.43486 ; 2.23129 ; 1.97133 ; -1.90199
2.99457 ; 2.1085 ; -2.12827 ; -1.68825
7.74712 ; 2.35364 ; 3.3112 ; -2.41715
6.35124 ; 5.00165 ; 5.06629 ; 4.8658
8.95294 ; 7.48714 ; 0.290747 ; 2.31652
5.24574 ; 1.84803 ; -5.10328 ; -0.739234
2.80948 ; 7.1354 ; -0.592046 ; 3.10751
8.74857 ; 2.13608 ; 1.04636 ; -1.44478
7.83783 ; 7.83755 ; 3.15262 ; 1.98083
8.75852 ; 1.89655 ; 0.75044 ; -0.630435
8.5606 ; 8.05156 ; 1.52568 ; 1.0462
7.29705 ; 2.18884 ; 3.88928 ; -2.12197
4.88463 ; 1.84977 ; 6.10637 ; 1.17774
8.15418 ; 5.37007 ; 2.8266 ; -4.71562
2.47305 ; 6.5085 ; -0.911866 ; 3.97921
8.85399 ; 1.86569 ; 0.290092 ; -0.343608
2.91637 ; 3.52165 ; -2.32231 ; -4.09527
8.45637 ; 7.82539 ; 1.95176 ; 1.77531
8.55732 ; 7.98204 ; 1.592 ; 1.27525
2.77017 ; 8.00094 ; -1.44477 ; 1.14821
3.42061 ; 7.71969 ; -2.83733 ; -4.779
9.13523 ; 7.71686 ; -2.10833 ; 1.41496
8.23961 ; 7.43808 ; 2.57159 ; 2.68533
3.29335 ; 3.38805 ; -3.03636 ; -3.98183
7.99822 ; 2.08125 ; 2.68159 ; 3.98112
8.5536 ; 7.50118 ; 1.86393 ; 2.45188
2.27007 ; 7.71657 ; 2.53238 ; 1.35913
4.42413 ; 8.34919 ; -2.55538 ; -3.18459
8.38701 ; 8.03343 ; 1.99504 ; 1.23002
7.94065 ; 5.25263 ; 3.24054 ; -5.39534
4.86764 ; 1.89312 ; 6.06172 ; 2.0018
8.06138 ; 2.50104 ; 2.83653 ; -2.53104
8.66872 ; 7.89882 ; 1.33123 ; 1.43397
2.74022 ; 8.04138 ; -1.32082 ; 0.990527
3.64446 ; 2.25108 ; -3.36361 ; 2.89038
6.77961 ; 2.85682 ; -5.5497 ; -3.29334
9.03348 ; 2.73925 ; 0.099395 ; -2.71769
2.76047 ; 7.85032 ; -1.53147 ; 1.57725
3.5295 ; 7.26058 ; -3.2711 ; 3.084
3.52804 ; 6.77218 ; -3.35472 ; 3.71987
2.8168 ; 2.1101 ; -1.69608 ; -1.58707
8.34266 ; 2.36628 ; 2.17249 ; -2.24166
8.82879 ; 8.15337 ; 0.414381 ; 0.297963
3.49928 ; 2.54793 ; -3.21403 ; -2.8027
7.99803 ; 8.23096 ; 2.73068 ; -0.593735
8.66984 ; 8.01162 ; 1.23012 ; 1.08128
2.73064 ; 7.77441 ; -1.49711 ; 1.75198
3.91129 ; 2.6245 ; -3.8039 ; -3.00437
2.97196 ; 8.11146 ; -1.89896 ; 0.918586
5.571 ; 2.0884 ; -5.17978 ; -1.71382
2.88878 ; 7.91107 ; -1.82373 ; 1.50073
8.37925 ; 2.28335 ; 2.12206 ; -2.05075
3.31052 ; 2.11367 ; -2.77714 ; -1.80909
2.61158 ; 1.94966 ; -0.913777 ; -0.891442
3.45653 ; 7.88431 ; -2.98423 ; 1.81518
3.20634 ; 2.14347 ; -2.58596 ; -1.86991
8.6616 ; 1.95432 ; 1.15763 ; -0.961079
3.2426 ; 4.10338 ; 4.77894 ; -5.00965
7.99314 ; 8.30392 ; 2.72527 ; 0.317791
8.11313 ; 4.27895 ; -5.10877 ; 6.1184
3.35145 ; 3.48044 ; -3.13928 ; -4.09848
2.36118 ; 1.8271 ; 2.64866 ; 1.20874
7.76473 ; 2.59969 ; -5.40437 ; -2.5859
9.12862 ; 2.8827 ; -0.795966 ; -2.95331
2.92298 ; 1.77424 ; -1.72496 ; -0.470767
8.03724 ; 1.60582 ; 2.54 ; 1.29127
3.05404 ; 7.37026 ; -2.42745 ; 2.76439
3.32927 ; 1.66925 ; -2.59176 ; 2.32984
3.57103 ; 3.36317 ; -3.40888 ; -3.99161
6.94845 ; 7.15273 ; 4.38963 ; 3.38401
3.62375 ; 3.0007 ; -3.45015 ; -3.53543
8.64691 ; 7.98854 ; 1.32292 ; 1.17688
4.2702 ; 3.21198 ; -4.26331 ; -3.88917
2.83685 ; 7.00489 ; -2.03657 ; 3.3082
7.90925 ; 7.4617 ; 3.12548 ; 2.73229
7.46237 ; 7.55933 ; 3.76424 ; 2.64528
2.75576 ; 7.77392 ; -1.56689 ; 1.76956
6.08572 ; 2.63108 ; -5.46365 ; -2.95228
4.64749 ; 7.3452 ; -4.57401 ; 3.07829
3.72464 ; 3.0374 ; -3.62747 ; -3.60453
8.15348 ; 7.65076 ; 2.65408 ; 2.30049
4.13294 ; 2.01171 ; -4.0158 ; -1.65906
2.27761 ; 7.57876 ; 0.541991 ; 1.93356
5.8579 ; 2.75142 ; 5.16 ; -3.24636
7.82984 ; 2.97814 ; 3.31869 ; -3.44881
8.80869 ; 1.94571 ; 0.621154 ; -0.754634
3.9328 ; 7.0812 ; -3.85116 ; 3.41633
3.52432 ; 7.34909 ; -3.24568 ; 2.9364
8.49712 ; 2.34733 ; 1.88769 ; -2.13073
3.95814 ; 6.5969 ; 5.47471 ; 4.10366
2.67464 ; 2.49826 ; -1.49224 ; -2.43437
6.62389 ; 8.01967 ; 4.9119 ; -3.38991
4.27365 ; 2.32829 ; -4.20207 ; -2.46273
4.04377 ; 5.35388 ; -4.08361 ; -4.20156
8.25236 ; 7.75912 ; 2.42775 ; 2.02939
7.78788 ; 2.68955 ; 3.33079 ; -3.02464
8.34104 ; 1.75583 ; 1.90318 ; -0.404836
2.99856 ; 1.79487 ; -1.94217 ; -0.627564
8.73946 ; 1.98573 ; 0.931012 ; -0.98332
8.7801 ; 1.96664 ; 0.762403 ; -0.869971
2.67879 ; 7.94587 ; -1.21957 ; 1.23736
2.78445 ; 7.99892 ; -1.48644 ; 1.16606
8.45352 ; 8.03412 ; 1.82983 ; 1.18595
8.54242 ; 7.12107 ; 1.99862 ; 3.14372
2.39869 ; 2.34008 ; -0.356285 ; -1.89829
2.5509 ; 4.74939 ; -0.626891 ; 5.64667
5.30014 ; 7.48827 ; 5.48156 ; 2.70293
8.27865 ; 2.70507 ; 2.49454 ; -2.91888
2.53455 ; 8.18192 ; -0.333179 ; 0.103491
4.63578 ; 2.62763 ; -4.56641 ; -3.04947
4.63648 ; 2.11123 ; 6.36244 ; 3.7653
6.77914 ; 8.24153 ; 4.7115 ; -2.68828
8.04465 ; 7.29967 ; 2.96003 ; 2.98797
8.33224 ; 1.98809 ; 2.07341 ; -1.3087
2.67288 ; 2.48981 ; -1.50389 ; -2.41435
8.42163 ; 7.7717 ; 2.05918 ; 1.92218
2.84865 ; 8.30454 ; -1.38678 ; -0.11471
2.98655 ; 8.24455 ; -1.845 ; 0.355297
8.76713 ; 2.0162 ; 0.868047 ; -1.05542
2.75481 ; 7.90463 ; -1.47775 ; 1.42327
4.938 ; 6.0945 ; 5.5927 ; 4.75004
2.50883 ; 2.31442 ; -0.847957 ; -1.91342
3.51761 ; 2.4172 ; 5.1296 ; -2.1407
8.52584 ; 7.59833 ; 1.89537 ; 2.26082
8.05834 ; 1.59226 ; 2.48729 ; 0.578449
7.98529 ; 6.95276 ; 3.12898 ; 3.53112
6.35683 ; 6.485 ; -1.13621 ; 4.19626
3.56405 ; 3.61201 ; -3.47186 ; -4.27675
8.80344 ; 7.95049 ; -4.50547 ; 0.120145
7.24068 ; 7.3868 ; 4.06336 ; 2.98587
8.52138 ; 8.16007 ; 1.54232 ; 0.667826
2.57454 ; 1.91984 ; -0.735561 ; -0.731395
3.56982 ; 7.94654 ; -3.16192 ; 1.66385
2.71189 ; 8.01094 ; -1.26275 ; 1.06319
8.62368 ; 2.1854 ; 1.46847 ; -1.67227
7.20147 ; 7.59827 ; 4.07288 ; 2.5968
2.73156 ; 7.97644 ; -1.35294 ; 1.19068
5.31916 ; 7.8577 ; 5.49237 ; 1.7364
7.63319 ; 2.44169 ; 3.49137 ; -2.61623
7.96526 ; 2.80011 ; 3.08349 ; -3.16036
3.39306 ; 8.31118 ; -2.72163 ; 0.233069
8.1444 ; 7.07226 ; -4.93771 ; 3.27584
3.19655 ; 2.5383 ; -2.70972 ; -2.70815
5.29586 ; 8.15821 ; 5.35807 ; 0.464259
2.53713 ; 8.1553 ; -0.398482 ; 0.247778
2.55128 ; 5.0106 ; 1.96663 ; -5.78319
8.81083 ; 8.13359 ; 0.533984 ; 0.42552
8.86992 ; 8.19235 ; 0.11437 ; -0.00261128
2.8825 ; 2.05381 ; -1.82804 ; -1.47286
8.38009 ; 7.80288 ; 2.1356 ; 1.86975
2.70999 ; 7.82982 ; -1.40324 ; 1.59826
6.61455 ; 8.2312 ; 4.89583 ; -2.67827
2.52199 ; 2.60265 ; -1.05391 ; -2.5801
7.91867 ; 2.84895 ; 3.17046 ; -3.24625
3.14746 ; 2.61905 ; -2.64427 ; -2.83687
3.43517 ; 6.91379 ; -3.19384 ; 3.57775
8.41113 ; 2.74905 ; 2.24156 ; -2.94397
5.95192 ; 1.77475 ; 5.3629 ; 0.0479687
8.47997 ; 7.80484 ; 1.90794 ; 1.81182
2.72318 ; 2.13077 ; -1.45481 ; -1.57643
4.32168 ; 3.53441 ; -4.4807 ; 5.44952
8.74491 ; 8.03117 ; 0.945642 ; 0.933842
8.49029 ; 1.71784 ; 1.45687 ; -0.0730636
8.33137 ; 3.09098 ; 2.4492 ; -3.51382
8.22572 ; 6.66553 ; -4.39692 ; 3.90734
8.1678 ; 6.39777 ; 2.87403 ; 4.19665
8.53076 ; 2.19443 ; 1.71953 ; -1.75907
2.99663 ; 8.08233 ; -1.51833 ; -4.48509
8.56664 ; 7.82437 ; 1.6779 ; 1.70993
8.39424 ; 2.46222 ; 2.17156 ; -2.42351
7.2219 ; 3.94896 ; 4.22072 ; 4.7428
3.42602 ; 4.97533 ; -3.24994 ; -5.37336
2.5894 ; 8.09535 ; -0.733093 ; 0.610743
2.73847 ; 7.95459 ; -1.39098 ; 1.26279
2.55626 ; 1.87497 ; -0.590864 ; -0.514502
2.90646 ; 2.2767 ; -2.01453 ; -2.05683
6.55482 ; 8.32978 ; 4.90213 ; -1.16444
8.0164 ; 3.50154 ; 2.9044 ; 5.31269
6.87185 ; 7.87627 ; 4.35395 ; 1.94921
3.28997 ; 4.18695 ; -2.92664 ; 5.4647
3.13072 ; 2.71354 ; -2.63918 ; -2.99218
2.71496 ; 8.06087 ; -1.22481 ; 0.897724
8.81906 ; 1.90469 ; 0.517751 ; -0.574873
8.38064 ; 3.67365 ; 1.43278 ; -4.30457
2.93432 ; 2.36934 ; -2.11955 ; -2.27333
2.86421 ; 2.44224 ; -1.98641 ; -2.39745
8.02284 ; 8.03917 ; -5.93691 ; -0.426149
6.84287 ; 3.03619 ; -5.49258 ; -3.5957
3.27254 ; 1.90002 ; 5.20508 ; 0.652197
7.8449 ; 8.32548 ; 2.98495 ; -3.07686
6.67459 ; 2.5775 ; -5.39073 ; -2.75923
2.68838 ; 7.75875 ; -1.38365 ; 1.76671
2.86935 ; 7.42407 ; 4.56759 ; 2.35985
5.18583 ; 6.64687 ; -5.07083 ; 4.10642
8.83249 ; 1.85955 ; 0.382715 ; -0.355045
2.98181 ; 8.39934 ; -1.6805 ; -0.810834
2.70421 ; 5.35988 ; -1.36111 ; -5.72699
3.37916 ; 2.62871 ; -3.04497 ; -2.91666
8.73827 ; 8.07314 ; 0.921475 ; 0.78613
2.89073 ; 7.79845 ; -1.89491 ; 1.79148
9.13262 ; 6.81732 ; -1.08406 ; 3.56441
3.37391 ; 7.51335 ; -2.96433 ; 2.60234
8.12085 ; 7.18024 ; 2.85406 ; 3.16207
9.08349 ; 2.3521 ; -0.576833 ; -1.76761
6.63241 ; 6.38559 ; 4.93592 ; -5.54238
6.15736 ; 2.40492 ; 5.38782 ; 4.57197
8.76931 ; 1.82049 ; 0.595143 ; -0.269686
4.9548 ; 3.80363 ; 5.49664 ; -4.65523
8.48037 ; 2.75136 ; 2.08663 ; -2.92192
8.62742 ; 8.08506 ; 1.29371 ; 0.865755
6.42765 ; 5.10805 ; 5.04616 ; 5.41057
7.37383 ; 8.42634 ; 3.82821 ; -1.53339
2.88276 ; 7.71429 ; -1.91976 ; 1.98582
7.47972 ; 1.67493 ; 3.64549 ; 2.42706
7.36081 ; 8.06365 ; 3.89455 ; -0.0502336
2.68575 ; 2.04898 ; -1.27225 ; -1.30501
3.57307 ; 7.78474 ; -3.1705 ; -3.67576
2.84726 ; 3.30062 ; -2.14983 ; -3.80495
7.85554 ; 7.71668 ; 3.15918 ; 2.25058
2.89666 ; 8.13143 ; -1.69122 ; 0.791451
8.44575 ; 3.30844 ; 1.68929 ; 5.67153
8.34119 ; 2.69811 ; 2.37353 ; -2.88546
5.65231 ; 5.31074 ; 3.51505 ; 5.18702
6.41434 ; 6.38457 ; 4.94466 ; 4.36396
3.16069 ; 7.77263 ; -2.48593 ; 1.98616
3.08389 ; 2.26805 ; -2.39345 ; -2.11691
5.03781 ; 7.15307 ; -4.29935 ; 3.37275
8.11228 ; 7.92199 ; 2.63479 ; 1.68356
8.68019 ; 2.14696 ; -4.49493 ; -0.802247
9.09026 ; 7.58258 ; -0.464169 ; 1.96489
7.49513 ; 3.43769 ; 3.86163 ; -4.09678
2.7333 ; 7.83747 ; -1.4645 ; 1.5932
7.80068 ; 2.56633 ; 3.28264 ; -2.81187
8.82526 ; 2.16056 ; 0.781981 ; -1.44809
8.6113 ; 2.29971 ; 1.57388 ; -1.96035
2.82225 ; 1.83937 ; -1.49515 ; -0.675689
2.26656 ; 7.67101 ; 2.57859 ; 1.49562
2.78445 ; 8.04301 ; -1.44976 ; 1.02435
8.80213 ; 1.8948 ; 0.573232 ; -0.559498
2.6677 ; 8.09655 ; -1.02914 ; 0.709827
7.52002 ; 2.54949 ; 3.63126 ; 4.89229
3.01232 ; 8.0894 ; 5.62855 ; -1.50757
3.16874 ; 2.48645 ; -2.29673 ; 4.99595
2.88483 ; 2.19389 ; -1.91914 ; -1.84572
8.62392 ; 2.16247 ; 1.45097 ; -1.61418
2.26663 ; 6.69209 ; 0.893966 ; 3.74024
2.30145 ; 3.13775 ; -0.0125846 ; -3.49685
8.68718 ; 2.04322 ; 1.16547 ; -1.22585
8.79752 ; 1.88642 ; 0.579218 ; -0.532235
8.27814 ; 2.12859 ; 2.26439 ; -1.7317
8.4016 ; 7.8689 ; 2.05373 ; 1.69429
3.03674 ; 7.1484 ; -2.44142 ; 3.14176
3.82071 ; 3.04171 ; -3.75168 ; -3.59893
8.32693 ; 6.57198 ; 2.55352 ; 3.96638
8.97118 ; 2.28179 ; -2.72699 ; 2.13078
8.92486 ; 7.89023 ; 0.313171 ; 1.21657
8.16535 ; 2.16284 ; 2.24809 ; 4.55099
8.67002 ; 7.98972 ; 1.25009 ; 1.152
2.88601 ; 7.63789 ; -1.96553 ; 2.15847
3.88774 ; 7.15952 ; -3.78372 ; 3.31151
3.1595 ; 7.55876 ; -2.56918 ; 2.44175
2.91831 ; 2.58887 ; -2.17052 ; -2.70543
8.33703 ; 8.06421 ; 2.0955 ; 1.15765
4.44756 ; 6.78198 ; 6.33096 ; -6.15697
8.64992 ; 7.56024 ; -4.4193 ; 1.95662
2.74246 ; 2.39813 ; -1.66338 ; -2.24588
7.03896 ; 2.58951 ; 4.24357 ; -2.9613
3.51214 ; 6.85984 ; -3.17982 ; -5.40599
2.66593 ; 8.02808 ; -1.09992 ; 0.960471
8.38715 ; 1.73569 ; 1.76699 ; -0.26748
2.9092 ; 1.93735 ; -1.81823 ; -1.12083
3.05318 ; 6.95385 ; -2.52671 ; 3.43473
8.82797 ; 7.50833 ; 0.983429 ; 2.08524
3.33195 ; 7.1913 ; -2.97724 ; 3.13299
2.87827 ; 7.90245 ; -1.80451 ; 1.51654
3.2694 ; 2.46652 ; -2.81727 ; -2.58882
2.86696 ; 2.54929 ; -1.20161 ; 5.48146
8.68077 ; 2.07004 ; 1.20994 ; -1.31256
8.34357 ; 7.52624 ; 2.33276 ; 2.48379
4.17818 ; 7.43514 ; -4.04729 ; 2.88939
8.86759 ; 8.02742 ; 0.427259 ; 0.792503
2.61882 ; 7.1674 ; -1.40616 ; 2.98094
2.21811 ; 2.5033 ; 1.14943 ; -2.16301
3.49321 ; 3.18724 ; -3.19934 ; 4.33486
9.07126 ; 6.33708 ; -0.4613 ; 4.28593
3.07329 ; 7.22146 ; -2.5071 ; 3.01798
2.70824 ; 8.39784 ; -0.414845 ; -2.52257
4.2859 ; 7.44835 ; -4.37231 ; -4.95089
3.48264 ; 7.72328 ; -3.07813 ; 2.20517
4.61619 ; 8.29733 ; -4.64316 ; -1.06248
9.13082 ; 2.49604 ; -1.91674 ; -2.06603
8.82428 ; 1.87024 ; 0.437727 ; -0.417635
3.28763 ; 6.84932 ; -2.96373 ; 3.64014
8.82895 ; 2.26279 ; 0.843 ; -1.71422
8.47632 ; 7.91302 ; 1.85153 ; 1.53209
2.89465 ; 3.28978 ; -2.25833 ; -3.8014
8.55015 ; 2.25512 ; 1.70764 ; -1.89163
3.22358 ; 1.68506 ; -2.41101 ; -0.151822
5.76471 ; 2.83614 ; -5.34624 ; -3.35651
8.44859 ; 7.98317 ; 1.87614 ; 1.34776
8.34437 ; 6.58861 ; 2.51718 ; 3.94685
8.73653 ; 7.79799 ; 1.18295 ; 1.66473
2.41526 ; 8.20861 ; 2.96212 ; -2.0021
7.31248 ; 5.70203 ; 4.16825 ; -5.6185
8.55144 ; 7.90534 ; 1.66444 ; 1.50374
2.58877 ; 8.08683 ; -0.741865 ; 0.643283
3.42538 ; 4.49913 ; -1.44353 ; -5.159
3.1489 ; 2.62626 ; -2.64853 ; -2.85004
8.54583 ; 2.08789 ; 1.60586 ; -1.47161
2.57726 ; 1.88419 ; -0.695543 ; -0.588859
6.57963 ; 4.82842 ; 4.9253 ; -5.4004
7.91555 ; 7.75031 ; 3.04444 ; 2.1614
3.18612 ; 3.27366 ; -2.52138 ; 5.54854
2.6516 ; 7.26757 ; -1.47731 ; 2.8162
8.63612 ; 3.29345 ; 1.49359 ; -3.77405
8.16337 ; 2.26664 ; 2.56375 ; -2.10989
3.07754 ; 6.98233 ; -2.56874 ; 3.39553
3.84853 ; 2.44317 ; 5.53339 ; -2.27849
5.42723 ; 7.64514 ; 5.47528 ; 2.35733
3.12604 ; 7.70737 ; -2.44519 ; 2.11769
2.49494 ; 4.87293 ; 1.40962 ; 5.54503
8.2216 ; 3.29552 ; -5.2951 ; 6.46148
8.32965 ; 8.31092 ; 1.94602 ; 0.0858866
7.97191 ; 2.78588 ; 3.07047 ; -3.13724
8.10592 ; 2.74876 ; 2.83334 ; -3.04162
3.76197 ; 7.69895 ; -3.51302 ; 2.29793
2.25407 ; 2.16465 ; 2.41764 ; -0.959237
4.06359 ; 6.33919 ; -3.9701 ; 4.34629
8.60838 ; 2.09279 ; 1.44153 ; -1.43807
7.14229 ; 7.27882 ; 4.33773 ; -5.20837
2.72922 ; 5.72586 ; -1.75375 ; 4.83456
2.80804 ; 7.76608 ; -1.71097 ; 1.82167
3.00939 ; 6.26012 ; -2.50877 ; 4.29557
3.68442 ; 7.53008 ; -3.43437 ; 2.64532
8.11404 ; 7.2108 ; 2.86112 ; 3.10465
3.67138 ; 7.37008 ; -3.45292 ; 2.93217
6.39409 ; 2.75633 ; 4.85202 ; -3.2692
8.68076 ; 2.99565 ; 1.61171 ; -3.2893
8.40372 ; 2.20056 ; 2.02387 ; -1.84832
4.34196 ; 2.34194 ; -4.26294 ; -2.50085
2.36679 ; 8.15722 ; 0.874511 ; -0.259207
7.33334 ; 8.16904 ; 3.81999 ; 1.02439
3.44499 ; 3.83446 ; -3.30805 ; -4.49272
8.56165 ; 2.3686 ; 1.73966 ; -2.1419
3.15917 ; 2.25372 ; -2.53803 ; -2.11511
8.07869 ; 7.18191 ; 2.91989 ; 3.09566
7.69701 ; 6.75079 ; 3.40543 ; 3.83933
2.96088 ; 7.24014 ; -2.27325 ; 2.96021
8.4933 ; 2.19495 ; 1.8113 ; -1.78287
8.48106 ; 7.83507 ; 1.88841 ; 1.73678
2.86898 ; 7.11167 ; -2.09851 ; 3.14472
3.45797 ; 3.55122 ; 5.61498 ; 6.2843
7.52541 ; 2.61004 ; 3.67848 ; -2.93991
3.0972 ; 6.28153 ; -2.68386 ; 4.26018
3.01741 ; 2.25172 ; -2.24754 ; -2.05103
8.50738 ; 3.98284 ; -3.44216 ; -4.80259
8.26691 ; 7.02478 ; 2.61662 ; 3.36523
8.77183 ; 8.01772 ; 0.85719 ; 0.951233
8.42531 ; 2.18004 ; 1.96219 ; -1.78781
8.52585 ; 8.13808 ; 1.55024 ; 0.751695
6.45942 ; 3.37675 ; -5.38171 ; -4.11665
2.96391 ; 2.0111 ; -2.00157 ; -1.39504
7.24973 ; 6.27135 ; 4.18968 ; 4.43172
8.74228 ; 1.96464 ; 0.897163 ; -0.909444
3.24037 ; 2.36819 ; -2.73461 ; -2.39382
3.03087 ; 2.19054 ; -2.24801 ; -1.91231
4.37293 ; 8.39609 ; -4.24868 ; -0.931865
3.14969 ; 7.12251 ; -2.67696 ; 3.20673
8.85729 ; 5.13076 ; 0.316169 ; -5.67034
2.86028 ; 7.95279 ; -1.7249 ; 1.36389
2.93835 ; 7.9055 ; -1.94356 ; 1.54513
7.41028 ; 7.47456 ; 3.85324 ; 2.7499
3.50384 ; 2.48025 ; -3.20457 ; -2.68112
8.63009 ; 1.93287 ; 1.23521 ; -0.914956
8.58699 ; 2.10773 ; 1.51108 ; -1.49518
3.02629 ; 7.73536 ; -2.23059 ; 2.01049
8.18747 ; 3.76927 ; 2.83821 ; -4.33766
8.58645 ; 2.08943 ; 1.49871 ; -1.44584
8.44497 ; 2.20094 ; 1.93119 ; -1.82594
3.53638 ; 7.15946 ; 5.26559 ; 3.11205
8.63184 ; 2.15849 ; 1.42678 ; -1.59816
2.60318 ; 5.04217 ; -1.09305 ; 5.4002
8.45726 ; 8.37653 ; 1.49883 ; -0.535122
8.42342 ; 6.6824 ; 2.33516 ; 3.77725
8.314 ; 7.73011 ; 2.31378 ; 2.06913
2.94615 ; 7.79073 ; -2.02739 ; 1.8418
8.46866 ; 7.67265 ; 2.00007 ; 2.12269
2.85244 ; 7.78063 ; -1.81343 ; 1.81371
3.26736 ; 3.05442 ; -2.94864 ; -3.53287
8.47673 ; 7.91493 ; 1.84959 ; 1.52795
8.66005 ; 3.72898 ; 1.00565 ; 5.76281
8.9481 ; 8.1178 ; -0.252732 ; 0.219736
7.54521 ; 2.37108 ; 3.62014 ; -1.23834
7.06244 ; 6.60971 ; 4.34953 ; 4.09274
8.37684 ; 7.29325 ; -4.84022 ; -6.24136
8.65154 ; 2.07987 ; 1.3048 ; -1.36509
7.95969 ; 3.46729 ; 3.00265 ; 5.53001
8.29274 ; 7.68963 ; 2.37441 ; 2.16518
8.89319 ; 7.09409 ; 0.903048 ; 3.11071
5.67758 ; 4.38179 ; 5.50153 ; 5.80614
8.39485 ; 2.21674 ; 2.05256 ; -1.89019
8.07388 ; 8.3216 ; 2.44241 ; -3.2128
8.62999 ; 1.82698 ; 1.1269 ; -0.483592
8.87939 ; 1.81725 ; 0.0429949 ; -0.0302359
3.24829 ; 7.4813 ; -2.75871 ; 2.62389
4.95141 ; 4.45817 ; 5.78015 ; 4.38569
8.36814 ; 7.92551 ; 2.09834 ; 1.56067
4.01023 ; 7.36996 ; -3.89283 ; 2.98937
7.06684 ; 7.3172 ; 4.25932 ; 3.11799
3.69319 ; 6.81897 ; -3.58044 ; 3.75325
7.72377 ; 2.23386 ; 3.31045 ; -2.16552
5.20189 ; 2.89933 ; 5.30287 ; -3.45559
8.43038 ; 7.61842 ; 2.10936 ; 2.25771
3.4026 ; 3.94088 ; -3.24252 ; -4.55625
3.04201 ; 2.59936 ; -2.43484 ; -2.76817
2.8984 ; 7.73592 ; -1.93272 ; 1.94455
7.95121 ; 5.09728 ; 3.22983 ; 5.21982
6.34381 ; 2.84809 ; 4.84784 ; -3.41205
2.79722 ; 1.62296 ; -1.13622 ; 0.68795
3.54262 ; 2.98647 ; -3.36695 ; -3.5046
8.59683 ; 7.34035 ; 1.80445 ; 2.75201
3.1879 ; 8.23838 ; -2.32831 ; 0.518413
8.58141 ; 2.1996 ; 1.59223 ; -1.73802
3.07419 ; 3.51495 ; -2.65168 ; -4.09346
6.98963 ; 6.46068 ; -4.21643 ; -6.13272
9.10878 ; 7.72865 ; -0.854318 ; 1.50665
3.06462 ; 6.77763 ; -2.5784 ; 3.68238
8.63331 ; 8.01165 ; 1.34365 ; 1.11551
8.53697 ; 8.04053 ; 1.60123 ; 1.1028
2.67259 ; 1.95067 ; -1.12956 ; -0.964413
3.02866 ; 8.37264 ; -1.63867 ; -3.06078
2.75106 ; 2.02961 ; -1.45331 ; -1.30397
2.50943 ; 8.18486 ; -0.191287 ; 0.0305493
6.67173 ; 7.57374 ; 4.61576 ; 2.65715
3.72232 ; 7.69871 ; -3.4471 ; 2.31336
8.15717 ; 2.65098 ; 2.7156 ; -2.8636
6.57563 ; 6.52496 ; 4.80532 ; 4.23161
2.96906 ; 2.61177 ; -2.28891 ; -2.76542
2.66162 ; 2.53814 ; -1.49353 ; -2.50382
5.8136 ; 2.95714 ; 5.24485 ; -3.57401
2.49857 ; 8.19725 ; 2.61564 ; -3.68159
8.54659 ; 3.17004 ; 2.00282 ; -3.46655
2.47502 ; 1.82843 ; -0.0702544 ; -0.112979
9.05513 ; 2.85089 ; -0.0206037 ; -2.92319
8.25292 ; 8.10288 ; 2.26523 ; 1.07056
6.94733 ; 2.54026 ; 4.32936 ; -2.88007
7.44531 ; 7.46024 ; 3.80042 ; 2.82969
3.0841 ; 2.11747 ; -2.32674 ; -1.75324
8.67606 ; 2.17369 ; 1.30481 ; -1.60527
2.90839 ; 2.09448 ; -1.9172 ; -1.6021
8.6399 ; 2.00029 ; 1.26974 ; -1.13616
3.10753 ; 1.53961 ; -1.9672 ; 1.8901
4.84104 ; 2.43728 ; -4.72135 ; -2.68843
3.26994 ; 5.57633 ; 4.78603 ; 5.27773
4.61238 ; 2.15725 ; -4.5474 ; -2.05786
3.95794 ; 2.08754 ; 5.87989 ; -0.98176
3.27989 ; 2.85253 ; -2.93419 ; -3.25302
3.56594 ; 7.72634 ; -3.20786 ; 2.21983
3.44384 ; 6.23865 ; -3.28935 ; 4.36836
8.1248 ; 4.37962 ; 2.81411 ; 5.58088
3.19365 ; 7.68513 ; -2.58495 ; 2.19367
3.42452 ; 2.78941 ; -3.1514 ; -3.18892
2.62995 ; 2.01018 ; -1.04763 ; -1.12254
7.3794 ; 7.23655 ; 3.91817 ; 3.21523
2.59427 ; 1.9622 ; -0.864938 ; -0.915775
2.87377 ; 7.28406 ; 3.9862 ; 2.7224
3.61081 ; 2.47208 ; -3.36221 ; -2.68681
3.37667 ; 2.88817 ; -3.09639 ; -3.31506
2.66067 ; 2.84682 ; -1.58865 ; -3.08109
2.93465 ; 2.7363 ; 4.22182 ; -2.85152
2.65407 ; 1.99724 ; -1.1162 ; -1.10504
3.05933 ; 8.21776 ; -2.04538 ; 0.537163
2.91897 ; 7.89012 ; -1.90887 ; 1.57371
2.9629 ; 7.56436 ; -2.17021 ; 2.35136
3.30108 ; 1.93864 ; -2.63803 ; -1.29788
7.60099 ; 7.89898 ; -5.86303 ; 0.923095
3.21367 ; 2.46688 ; -2.71887 ; -2.58072
8.9282 ; 3.53071 ; -1.06603 ; 5.07182
8.25175 ; 4.19159 ; 2.71622 ; -4.74713
5.56333 ; 2.23614 ; -5.31062 ; -2.13604
8.79293 ; 1.91904 ; 0.647012 ; -0.672855
7.23401 ; 7.04984 ; 4.11729 ; 3.5108
8.34294 ; 7.03473 ; 2.46329 ; 3.33252
3.21895 ; 6.2563 ; -2.91572 ; 4.32408
8.94737 ; 1.72831 ; -2.0065 ; 2.25705
6.01321 ; 7.37379 ; -5.37376 ; 2.96214
6.34742 ; 2.81798 ; 5.21157 ; 5.01803
2.72388 ; 2.08316 ; -1.41941 ; -1.44323
3.3889 ; 6.0662 ; -3.21323 ; 4.52459
3.07611 ; 2.52615 ; -2.4781 ; -2.64668
2.76752 ; 2.13913 ; -1.58395 ; -1.63077
7.95504 ; 8.04387 ; 2.80433 ; 1.36971
8.61098 ; 2.27565 ; 1.56124 ; -1.90442
8.15645 ; 7.77817 ; 2.60972 ; 2.02223
2.55324 ; 4.79869 ; -0.72168 ; -5.44721
2.60548 ; 1.92119 ; -0.857558 ; -0.777682
2.77764 ; 2.11719 ; -1.59523 ; -1.57595
2.49267 ; 5.88594 ; -0.886068 ; 4.68672
2.95602 ; 7.9656 ; -1.95058 ; 1.38875
7.09996 ; 2.5097 ; 4.1715 ; -2.81392
8.63531 ; 2.00976 ; 1.29163 ; -1.16936
9.09744 ; 7.70364 ; -2.77888 ; 1.40024
8.45632 ; 4.91051 ; 2.17765 ; -5.17375
4.52586 ; 4.88983 ; -4.66937 ; -5.41254
3.63069 ; 2.37291 ; -3.36865 ; -2.4984
8.83902 ; 1.82815 ; 0.289547 ; -0.183824
8.83925 ; 8.1941 ; 0.281178 ; 0.0588465
2.71247 ; 7.81917 ; -1.41766 ; 1.62658
2.70439 ; 7.79398 ; -1.41033 ; 1.68677
7.31993 ; 7.20072 ; 4.0035 ; 3.26919
8.48418 ; 7.71328 ; 1.94562 ; 2.02588
8.71977 ; 2.00719 ; 1.02166 ; -1.07723
2.65687 ; 2.55059 ; 0.105027 ; 5.73679
2.90385 ; 2.33684 ; -2.03789 ; -2.19055
8.16873 ; 7.37642 ; 2.68231 ; 2.82178
2.56915 ; 1.90371 ; -0.691124 ; -0.658778
4.09019 ; 2.73736 ; -4.03119 ; -3.20797
3.17753 ; 2.89059 ; -2.73795 ; -3.29229
2.90714 ; 7.82305 ; -1.92002 ; 1.74108
6.35224 ; 5.39131 ; 5.0781 ; 5.15982
8.26529 ; 7.88982 ; 2.34161 ; 1.70662
8.62122 ; 2.0078 ; 1.33049 ; -1.17581
8.40639 ; 7.523 ; 2.19982 ; 2.46607
2.90417 ; 8.09605 ; -1.73754 ; 0.929345
3.71051 ; 7.62977 ; -3.44405 ; 2.45266
7.87486 ; 5.8274 ; 3.3794 ; 4.69823
4.45059 ; 2.85794 ; -4.43036 ; -3.41769
2.80116 ; 2.62766 ; -1.90634 ; -2.73565
3.47449 ; 3.90052 ; -3.35464 ; -4.55272
5.68881 ; 3.2691 ; 4.93817 ; -3.99523
7.16852 ; 6.39321 ; 4.26197 ; 4.27375
3.29993 ; 3.55619 ; -2.84421 ; 5.56113
6.75104 ; 6.9428 ; -4.81933 ; 3.64344
3.5559 ; 6.04496 ; -3.35434 ; -5.2468
6.3049 ; 3.81137 ; -5.3225 ; 5.95314
8.80749 ; 2.32664 ; 0.96881 ; -1.90901
4.47762 ; 3.28454 ; -4.4843 ; -3.22284
8.90745 ; 2.46098 ; 0.643321 ; -2.17258
5.2527 ; 1.80593 ; 5.84698 ; 0.327977
