8.36225 ; 7.97023 ; 0.895812 ; -5.6318
8.32165 ; 1.73256 ; 1.27605 ; 1.05496
8.27186 ; 2.28677 ; 1.84018 ; -1.45791
2.50072 ; 1.87407 ; 1.02345 ; 0.909438
8.9363 ; 8.10241 ; -2.94802 ; -1.7093
2.5316 ; 1.83366 ; 0.928679 ; 1.1256
8.68396 ; 8.09007 ; 0.154097 ; -0.313494
8.73618 ; 1.72627 ; -1.22841 ; 3.16178
7.23101 ; 1.93427 ; 3.82681 ; -0.526805
8.48555 ; 7.92927 ; 1.12107 ; 0.662937
8.1419 ; 8.33289 ; 1.79322 ; -3.51656
2.56854 ; 7.98052 ; 5.04666 ; -1.46647
3.56873 ; 4.65031 ; -3.22723 ; -5.3105
6.53415 ; 2.26132 ; -6.1384 ; -1.28568
5.57943 ; 3.11595 ; 5.60399 ; -3.62141
3.19186 ; 7.48472 ; 5.96645 ; 1.74077
3.05385 ; 3.26232 ; -2.07827 ; -3.61869
8.61195 ; 7.41929 ; 1.00619 ; 2.13241
8.66129 ; 8.27744 ; -0.427115 ; -2.50602
7.63596 ; 7.49994 ; -6.27656 ; 1.8746
8.81054 ; 8.14734 ; -0.717512 ; -0.959623
2.57435 ; 8.06309 ; 0.413078 ; -0.418642
8.54371 ; 7.92283 ; 0.923703 ; 0.636117
2.45754 ; 7.87361 ; 4.46706 ; -0.404773
3.52679 ; 7.6725 ; -2.83254 ; 1.77513
6.87524 ; 1.78661 ; 4.3692 ; 0.49185
8.98453 ; 2.23149 ; -3.69342 ; -0.39019
9.02006 ; 2.13131 ; -2.86659 ; 0.116699
2.48818 ; 1.8239 ; 1.4311 ; 1.48105
3.18106 ; 6.93602 ; 5.82784 ; -7.08524
8.21934 ; 7.95617 ; 1.90778 ; 0.738156
8.93073 ; 2.59666 ; -0.593141 ; -1.97529
8.32525 ; 7.78223 ; 1.71521 ; 1.2799
8.45846 ; 2.33239 ; 0.477668 ; 5.89486
3.41527 ; 2.93754 ; -2.82532 ; -3.14181
8.60072 ; 2.10019 ; 0.649161 ; -0.629617
4.18871 ; 3.22808 ; -4.09534 ; -3.74163
3.01955 ; 2.25542 ; -1.68631 ; -1.43905
2.82706 ; 8.02164 ; -0.787328 ; 0.178375
4.83572 ; 2.13291 ; -5.07804 ; 4.61699
2.73269 ; 1.68652 ; 0.273412 ; 2.45874
2.80309 ; 7.98573 ; -0.715232 ; 0.303464
2.50348 ; 1.91432 ; 4.215 ; 2.49364
2.54905 ; 2.54497 ; -0.191666 ; -1.98359
2.89687 ; 8.32446 ; -0.626167 ; -2.10994
2.97854 ; 2.34471 ; -1.61236 ; -1.67414
8.80867 ; 1.96588 ; -0.516635 ; 0.273141
3.04248 ; 2.24669 ; -1.74291 ; -1.3962
3.50799 ; 3.56102 ; -3.08333 ; -4.10251
8.81947 ; 1.85758 ; -0.894944 ; 1.0005
3.08609 ; 2.52637 ; -1.98334 ; -2.19511
8.82902 ; 1.88046 ; -0.885764 ; 0.862924
2.71781 ; 2.12656 ; -0.609278 ; -0.790019
2.58139 ; 8.10128 ; 0.458242 ; -0.632982
8.4966 ; 6.4464 ; -4.367 ; -6.96751
3.06134 ; 8.26005 ; -1.35552 ; -0.995779
8.64705 ; 1.88363 ; 0.173117 ; 0.419731
2.95393 ; 7.98332 ; -1.25744 ; 0.458732
8.7263 ; 1.92729 ; -0.139909 ; 0.310379
8.36257 ; 7.77309 ; 1.61518 ; 1.28774
8.6638 ; 2.09578 ; -5.68206 ; 0.782302
2.6025 ; 1.98665 ; 0.0750815 ; -0.0447993
2.84307 ; 8.00885 ; -0.858284 ; 0.250726
6.82688 ; 2.31871 ; 4.42647 ; -1.8997
8.85791 ; 8.20515 ; -1.58377 ; -1.95352
5.36852 ; 7.91853 ; -5.22913 ; 0.949275
8.45101 ; 2.42537 ; 1.41017 ; -1.78826
8.50968 ; 2.07438 ; 0.951558 ; -0.622312
3.07154 ; 2.19777 ; -1.79662 ; -1.29172
3.05783 ; 8.22413 ; -1.12155 ; -4.32439
6.45911 ; 2.3553 ; 4.84009 ; -1.99426
6.86051 ; 2.82006 ; -6.07338 ; -2.91164
8.61356 ; 2.06959 ; 0.565483 ; -0.497268
5.03229 ; 6.7399 ; -5.31468 ; -6.29961
3.08145 ; 6.86339 ; -2.08975 ; 3.29676
8.77658 ; 8.12491 ; -0.416208 ; -0.691745
8.60991 ; 2.43965 ; 0.894762 ; -1.73014
8.18232 ; 2.51341 ; 2.1747 ; -2.13203
8.69754 ; 2.28491 ; 0.430934 ; -1.19733
8.75362 ; 7.29142 ; 0.501354 ; 2.39697
8.3735 ; 7.56576 ; 1.03144 ; -6.02098
8.59317 ; 8.08968 ; 0.559791 ; -0.14852
3.07207 ; 7.85151 ; -1.70688 ; 1.03054
2.74572 ; 2.04585 ; -0.637805 ; -0.502726
8.63432 ; 7.92771 ; 0.582271 ; 0.527483
5.69204 ; 2.77359 ; 5.43992 ; -2.96946
8.17877 ; 8.00991 ; 1.98218 ; 0.558703
7.38912 ; 7.4246 ; 3.69422 ; 2.3519
7.48812 ; 8.31495 ; 3.46894 ; -2.94142
2.58671 ; 8.12077 ; 0.474926 ; -0.74169
2.84446 ; 8.06523 ; -0.803431 ; -0.00565827
3.43779 ; 4.2452 ; -2.33925 ; -4.96213
8.61802 ; 2.44747 ; 0.863659 ; -1.74097
8.92854 ; 2.05509 ; -1.21713 ; 0.0563843
2.45248 ; 2.01539 ; 4.29757 ; 1.09691
8.79888 ; 8.13535 ; -0.591883 ; -0.82986
4.31553 ; 4.4177 ; -4.4327 ; 5.95074
3.2462 ; 1.72311 ; -1.99562 ; 0.849867
3.48686 ; 2.37784 ; 6.16972 ; -1.39298
8.72414 ; 7.91592 ; 0.219437 ; 0.476563
2.66597 ; 8.1098 ; 0.0161773 ; -0.501484
8.51732 ; 2.02368 ; 0.879538 ; -0.41613
3.39863 ; 2.5144 ; 5.16576 ; -1.91089
7.93044 ; 2.58395 ; 2.58888 ; 5.44528
3.14322 ; 5.57338 ; -2.32058 ; 5.02977
2.6793 ; 1.94119 ; -0.224157 ; 0.0568895
5.76006 ; 8.18867 ; 5.50845 ; -1.32947
2.67792 ; 7.23951 ; -0.769112 ; 2.49672
8.51089 ; 5.95304 ; 1.39462 ; 4.6948
8.40177 ; 5.8714 ; 1.83622 ; 4.7526
7.55066 ; 7.20338 ; 3.49286 ; 2.06357
5.30398 ; 7.14611 ; -5.22028 ; 3.14306
8.65069 ; 7.61031 ; 0.769795 ; 1.59863
8.52381 ; 2.60886 ; 1.268 ; -2.22084
7.76096 ; 7.64486 ; -6.31308 ; 1.28432
8.36448 ; 7.59765 ; 1.70114 ; 1.79855
8.67035 ; 1.97916 ; 0.216961 ; -0.0447161
2.68159 ; 3.04793 ; -0.914287 ; -3.17298
8.44406 ; 1.77939 ; 0.406633 ; 4.52416
2.7933 ; 7.05121 ; -1.23859 ; 2.93677
8.38591 ; 8.00208 ; 1.38453 ; 0.456541
4.10981 ; 7.15736 ; -3.93354 ; 3.06114
3.35177 ; 5.67923 ; 5.73095 ; 5.27492
7.50974 ; 7.92005 ; -6.86743 ; -3.97551
4.02817 ; 5.70327 ; -3.98628 ; 5.01351
3.02373 ; 1.84932 ; -1.06104 ; 4.68164
8.73188 ; 7.75149 ; 0.33308 ; 1.08619
2.52388 ; 1.8713 ; 0.845664 ; 0.845164
3.07054 ; 1.66125 ; -1.38534 ; 1.66716
3.18898 ; 8.16409 ; -1.82545 ; -0.233946
8.65566 ; 1.96419 ; 0.259046 ; 0.00411952
8.56917 ; 2.81164 ; -0.164796 ; 6.61178
2.6664 ; 8.12066 ; 0.0347404 ; -0.564459
2.46192 ; 7.77968 ; 0.681159 ; 0.741873
6.65157 ; 2.17385 ; 4.59803 ; -1.44088
4.67777 ; 3.08234 ; 5.9741 ; -3.53077
2.7134 ; 7.9436 ; -0.436086 ; 0.380716
8.41646 ; 7.98526 ; 1.30118 ; 0.501484
8.61677 ; 7.97313 ; 0.602331 ; 0.363818
8.89195 ; 7.99477 ; -0.922281 ; -0.180773
8.47788 ; 2.71891 ; 1.46224 ; -2.49349
8.9094 ; 8.06797 ; -1.3256 ; -0.718591
7.4653 ; 7.45638 ; 3.60647 ; 2.41537
8.3679 ; 3.09198 ; 1.17068 ; 6.42833
8.7867 ; 2.17156 ; -0.0762798 ; -0.696225
8.37789 ; 7.68541 ; 1.03729 ; -5.46043
6.0595 ; 7.73601 ; -5.69332 ; 1.49565
2.79692 ; 7.7026 ; -0.963693 ; 1.3305
2.64584 ; 1.77039 ; 0.31895 ; 1.32324
2.48863 ; 1.87437 ; 1.13219 ; 0.955068
3.96201 ; 3.28711 ; -3.79978 ; -3.80864
7.97905 ; 4.838 ; 2.87215 ; -5.48141
2.52567 ; 1.83158 ; 0.984242 ; 1.16757
2.69419 ; 7.49617 ; 4.54505 ; -5.1439
8.65521 ; 7.94785 ; 0.479979 ; 0.425077
8.73574 ; 7.68627 ; 0.372251 ; 1.29977
2.55491 ; 1.88163 ; 0.637204 ; 0.784672
8.01993 ; 2.72198 ; 2.61289 ; -2.66679
8.82599 ; 1.93836 ; -0.687371 ; 0.467687
2.75157 ; 2.72709 ; -1.09012 ; -2.52727
8.74081 ; 8.14368 ; -0.246343 ; -0.730682
3.29716 ; 1.67938 ; -2.1112 ; 2.28207
8.46385 ; 7.18968 ; 0.627486 ; -6.57717
8.19517 ; 7.75049 ; 2.07557 ; 1.44355
7.95736 ; 7.84256 ; 2.58485 ; 1.25385
8.9529 ; 7.27999 ; -4.12598 ; 1.79459
2.67732 ; 2.21071 ; 3.34191 ; 6.14754
2.98078 ; 8.03525 ; -1.29768 ; 0.261112
8.80285 ; 8.2396 ; -1.85592 ; -3.27823
2.62967 ; 1.94497 ; 4.96698 ; 3.38902
2.36686 ; 7.79377 ; 3.6197 ; 0.223393
8.79485 ; 8.14032 ; -0.579852 ; -0.852134
8.1355 ; 2.22882 ; 2.15737 ; -1.39506
7.06599 ; 3.96835 ; 4.32555 ; -4.65947
8.6421 ; 7.99453 ; 0.477609 ; 0.242893
4.16084 ; 3.05084 ; -3.92792 ; -3.43582
3.90046 ; 2.49361 ; -3.57943 ; -2.31737
2.58861 ; 8.07058 ; 0.347965 ; -0.430976
4.26169 ; 2.31966 ; -4.09679 ; -1.87527
6.73403 ; 3.52682 ; -6.4051 ; 6.62753
2.60153 ; 7.50886 ; -0.316901 ; 1.7744
2.72778 ; 1.77954 ; -0.169837 ; 1.01482
8.30184 ; 2.53292 ; 1.88505 ; -2.13791
8.74298 ; 2.00397 ; -0.0864444 ; -0.0454614
8.51003 ; 2.41535 ; 1.21819 ; -1.72667
3.95596 ; 2.73003 ; -3.73347 ; 2.46471
2.86813 ; 2.6613 ; -1.44011 ; -2.42428
2.666 ; 7.79231 ; -0.395549 ; 0.916271
2.75782 ; 2.14827 ; -0.780949 ; -0.906743
8.27542 ; 2.08853 ; 1.70927 ; -0.857254
2.39503 ; 7.82574 ; 3.93167 ; 0.0129372
7.45784 ; 7.53911 ; 3.57079 ; 2.21134
2.77785 ; 2.2571 ; -0.943185 ; -1.29179
8.45173 ; 2.52315 ; 1.45867 ; -2.04237
3.1337 ; 7.14654 ; -1.66832 ; -6.38971
4.32008 ; 2.55514 ; -4.18073 ; -2.49457
8.8213 ; 1.87599 ; -0.847075 ; 0.869672
8.61038 ; 1.7114 ; -0.0227218 ; 1.87209
2.54516 ; 8.08446 ; 0.644749 ; -0.617052
2.5382 ; 1.98987 ; 0.428737 ; 0.0525095
8.88337 ; 1.8156 ; -2.54644 ; 2.55547
2.5612 ; 8.16943 ; 0.801669 ; -1.20488
3.04071 ; 7.87936 ; -1.04718 ; -5.76928
6.78717 ; 7.8028 ; 4.48338 ; 1.51125
2.53475 ; 1.86518 ; 0.78459 ; 0.853086
2.63432 ; 2.14027 ; -0.277909 ; -0.756823
2.50883 ; 8.19181 ; 1.50207 ; -1.81913
2.81473 ; 7.94804 ; -0.816467 ; 0.473511
8.95335 ; 8.07935 ; -3.16484 ; -1.62554
5.15772 ; 8.18493 ; -5.3051 ; -2.53689
8.71632 ; 1.89276 ; -0.156371 ; 0.487316
7.25927 ; 5.20255 ; 4.11111 ; -5.75257
7.76372 ; 1.9375 ; 2.86467 ; -0.481461
8.30133 ; 3.31417 ; 2.09754 ; -3.66504
3.45766 ; 1.81702 ; -2.54099 ; 0.106296
4.57318 ; 2.30593 ; -4.49349 ; -1.85616
2.83007 ; 1.93993 ; -0.844 ; -0.127826
2.66634 ; 8.12164 ; 0.0360844 ; -0.567587
2.5685 ; 1.91175 ; 0.416021 ; 0.431134
2.7828 ; 2.19656 ; -0.912724 ; -1.09802
2.60037 ; 1.95663 ; 0.137129 ; 0.106522
6.29091 ; 7.75994 ; 5.02739 ; 1.59557
8.84249 ; 1.90159 ; -0.914545 ; 0.758532
7.23859 ; 2.46904 ; 3.90078 ; -2.26833
8.48396 ; 7.62156 ; 1.33654 ; 1.66353
8.37274 ; 2.11592 ; 1.44378 ; -0.890452
5.73521 ; 2.22278 ; 5.4267 ; -1.47908
2.95522 ; 7.65936 ; -1.4906 ; 1.56555
8.43284 ; 2.11729 ; 1.25775 ; -0.845095
7.04594 ; 7.86337 ; 4.12202 ; 1.31851
8.08284 ; 5.75212 ; -5.7386 ; 5.2397
3.3013 ; 2.25038 ; -2.18955 ; 5.35173
3.42967 ; 6.1826 ; -2.9496 ; 4.41
6.32939 ; 2.31178 ; 4.85318 ; -1.85959
3.40719 ; 5.14596 ; -2.90808 ; 5.35609
3.91707 ; 5.6308 ; -3.81328 ; 4.97278
2.5512 ; 8.12233 ; 0.70818 ; -0.856393
5.2642 ; 7.78933 ; -5.14181 ; 1.47711
7.0416 ; 7.60275 ; -5.8179 ; 1.72788
2.7827 ; 1.95217 ; -0.677043 ; -0.132087
8.87663 ; 1.83635 ; -1.55124 ; 1.50523
2.57892 ; 8.15181 ; 0.619178 ; -1.01347
8.7202 ; 8.08971 ; -0.0173451 ; -0.347935
8.91189 ; 5.67625 ; -2.32224 ; 5.1745
7.97639 ; 2.44807 ; -4.88823 ; -1.65207
2.88874 ; 7.94976 ; -1.07427 ; 0.53626
8.81709 ; 4.92519 ; -0.708703 ; 5.83731
2.64403 ; 7.99658 ; -0.0674391 ; 0.0571463
8.86261 ; 1.81968 ; -1.50411 ; 1.60927
3.99376 ; 8.29716 ; -3.59543 ; -1.57173
7.53533 ; 7.20671 ; 3.54115 ; 2.93254
5.88327 ; 7.45553 ; -5.41248 ; 2.39353
2.65157 ; 7.92006 ; -0.202695 ; 0.403048
2.42362 ; 7.15113 ; 3.65955 ; 2.59432
8.56351 ; 7.20418 ; -5.1942 ; 2.60035
8.97672 ; 7.72578 ; -1.16652 ; 0.91105
2.53798 ; 8.17238 ; 1.01673 ; -1.34439
4.04948 ; 7.37384 ; -3.90717 ; -5.55523
3.13471 ; 6.36728 ; -2.29337 ; 4.12524
2.97139 ; 1.70926 ; -0.824633 ; 3.97678
7.99426 ; 7.94047 ; 2.46195 ; 0.905588
7.2095 ; 7.28382 ; 4.01019 ; 0.91119
8.64153 ; 1.98349 ; 0.345936 ; -0.104142
2.63911 ; 7.89307 ; -0.178357 ; 0.497858
8.77884 ; 8.0553 ; -0.270852 ; -0.269296
8.21231 ; 7.8267 ; 1.99402 ; 1.1975
8.14766 ; 7.92217 ; 2.09722 ; 0.902937
8.83762 ; 1.87557 ; -0.963652 ; 0.927495
2.49626 ; 1.80202 ; 1.5291 ; 1.75252
2.5948 ; 2.44523 ; -0.348314 ; -1.73259
7.37533 ; 2.97437 ; 3.75347 ; -3.28217
6.44591 ; 2.968 ; -5.99204 ; -3.28251
2.58253 ; 8.11984 ; 0.495 ; -0.745958
8.77513 ; 1.86635 ; -0.557502 ; 0.797466
3.77857 ; 7.5354 ; 6.26888 ; 1.72856
3.1504 ; 7.78835 ; -1.9499 ; 1.28474
7.39082 ; 2.42052 ; -6.2791 ; -1.62883
8.81043 ; 4.60079 ; -2.47998 ; -5.4762
3.03969 ; 1.73353 ; -1.10327 ; 4.18037
8.8874 ; 3.23022 ; -0.178144 ; -3.43052
8.10765 ; 7.85949 ; 2.23562 ; 1.1214
2.48219 ; 1.81354 ; 1.63935 ; 1.71242
2.82032 ; 1.98834 ; -0.857424 ; -0.335614
8.84537 ; 8.1372 ; -3.5517 ; -3.41598
8.60562 ; 2.178 ; 0.709541 ; -0.907522
3.65888 ; 2.63462 ; -3.20918 ; -2.58583
8.34237 ; 2.23421 ; 1.61661 ; -1.29723
2.48147 ; 7.55393 ; 4.48693 ; 1.28549
2.604 ; 1.73198 ; 0.856304 ; 2.12589
3.06332 ; 5.54425 ; -2.10595 ; 5.0111
8.14937 ; 4.96021 ; 2.43051 ; 3.60954
2.32859 ; 2.514 ; 3.25231 ; -1.66451
8.8365 ; 1.81107 ; -1.26465 ; 1.54041
8.86905 ; 1.83502 ; -1.46929 ; 1.46705
2.54791 ; 1.91021 ; 0.551024 ; 0.495125
8.66093 ; 7.89666 ; 0.505872 ; 0.622987
5.59378 ; 2.26763 ; -5.45426 ; -1.57664
2.52194 ; 1.84726 ; 0.952453 ; 1.04694
8.80224 ; 8.00703 ; -0.319187 ; -0.0554103
3.10592 ; 7.78268 ; 6.39716 ; -5.46424
8.87661 ; 8.18412 ; -1.64329 ; -1.76756
2.75917 ; 7.90319 ; -0.658717 ; 0.591377
2.86428 ; 2.8612 ; -1.4188 ; -2.18686
3.04603 ; 6.7666 ; -1.23288 ; -6.56667
8.71741 ; 1.91678 ; -0.115361 ; 0.350818
8.80815 ; 5.73957 ; 0.0591614 ; 4.9653
8.61084 ; 2.13175 ; 0.643767 ; -0.738164
2.5807 ; 8.17018 ; 0.661804 ; -1.13711
7.76168 ; 2.04435 ; 2.90786 ; -0.915924
8.72967 ; 7.46173 ; 0.533937 ; 1.96262
2.88368 ; 8.2296 ; -0.756131 ; -0.972705
2.56354 ; 2.1182 ; 0.131675 ; -0.587508
8.98123 ; 7.7823 ; -1.30754 ; 0.680154
5.12028 ; 2.05512 ; 6.22516 ; 1.47229
3.03547 ; 8.08699 ; -1.43785 ; 0.0312849
3.58073 ; 2.84203 ; -3.08902 ; -2.99319
8.75891 ; 8.14126 ; -2.60247 ; -4.51631
8.59941 ; 1.67988 ; -0.165354 ; 2.71243
2.66523 ; 3.35496 ; 1.23599 ; 6.77302
7.6564 ; 7.51354 ; 3.28227 ; 2.24813
3.01868 ; 7.72676 ; 6.10728 ; -5.82328
8.84017 ; 8.17454 ; -1.10029 ; -1.34998
2.54838 ; 8.12995 ; 0.752604 ; -0.920578
2.7462 ; 7.79001 ; -0.71456 ; 0.996566
8.8183 ; 1.8339 ; -0.979104 ; 1.2033
4.33024 ; 1.87954 ; -4.16641 ; -0.24628
2.51697 ; 4.9043 ; 1.78966 ; 5.88045
3.29528 ; 8.12426 ; -2.13158 ; 0.0409713
2.95953 ; 1.99802 ; -1.33726 ; -0.358971
3.57434 ; 8.34297 ; -2.71443 ; -2.83867
2.66199 ; 8.05605 ; -0.0614352 ; -0.208691
8.71306 ; 2.11174 ; 0.201807 ; -0.547669
2.66629 ; 1.92408 ; -0.137539 ; 0.164
2.30915 ; 7.33932 ; 2.13091 ; 2.04565
3.61873 ; 2.37534 ; -3.06549 ; 5.11578
2.5385 ; 7.61787 ; 4.26213 ; 1.10435
4.99566 ; 1.91387 ; 6.33916 ; 2.06883
3.23094 ; 8.09469 ; -1.76962 ; -4.94577
8.77678 ; 1.92221 ; -0.427254 ; 0.444237
2.58814 ; 1.94918 ; 0.216231 ; 0.168856
6.7419 ; 6.90376 ; 4.62042 ; 3.55754
8.30041 ; 1.96722 ; 1.55075 ; -0.359653
8.63859 ; 2.02342 ; 0.411358 ; -0.278987
4.55783 ; 7.41634 ; -4.41908 ; 2.5591
8.67759 ; 3.81032 ; 0.904451 ; -4.32503
8.02558 ; 5.72576 ; 2.68372 ; -5.97972
8.81951 ; 7.61752 ; -4.89376 ; 1.09167
2.64343 ; 1.91621 ; -0.0127351 ; 0.244893
2.5982 ; 1.85528 ; 0.376315 ; 0.73379
8.3161 ; 8.02614 ; 1.58235 ; 0.407364
2.51273 ; 8.17874 ; 1.32694 ; -1.58011
8.84957 ; 8.17593 ; -1.20526 ; -1.41922
8.70818 ; 6.15714 ; -0.881918 ; -6.64942
4.44186 ; 4.77565 ; -4.56128 ; -5.50912
2.9022 ; 4.05217 ; -1.24159 ; 6.15008
7.01107 ; 7.8614 ; 4.19158 ; 1.32497
8.61674 ; 2.07029 ; 0.555854 ; -0.496308
8.75761 ; 7.73484 ; 0.236997 ; 1.12517
8.66517 ; 1.99739 ; 0.264729 ; -0.133486
8.1641 ; 7.71528 ; 1.81264 ; -5.91089
7.09107 ; 1.97783 ; 4.04053 ; -0.664209
4.68839 ; 6.07834 ; -4.90697 ; -6.2529
3.01199 ; 6.90707 ; -1.91402 ; 3.2761
8.48071 ; 2.18674 ; 1.15717 ; -1.05187
2.80839 ; 7.8839 ; -0.857765 ; 0.714425
8.42739 ; 1.74219 ; 0.895084 ; 1.09976
2.64886 ; 2.30501 ; -0.486491 ; -1.34265
2.62866 ; 1.99798 ; -0.0722697 ; -0.141184
3.11644 ; 7.35077 ; -2.05686 ; 2.42397
2.62735 ; 2.08256 ; -0.178394 ; -0.518712
2.73101 ; 8.06205 ; -0.360652 ; -0.13359
2.5155 ; 1.88892 ; 0.84954 ; 0.74287
2.40064 ; 7.75018 ; 4.0314 ; 0.405174
8.35929 ; 6.6984 ; -5.10056 ; -7.08779
5.69626 ; 4.97634 ; 5.49479 ; 5.76328
4.03506 ; 2.08972 ; -3.72564 ; -1.17711
2.91158 ; 7.15751 ; -1.57373 ; 2.76626
8.85712 ; 1.86421 ; -1.17947 ; 1.10233
3.21499 ; 1.93463 ; -2.03076 ; -0.386606
4.27926 ; 3.49653 ; -4.37373 ; 6.14786
2.92437 ; 8.01544 ; -1.13433 ; 0.300494
2.83502 ; 8.32375 ; -0.313846 ; -2.27528
2.89031 ; 3.37327 ; -1.64348 ; -3.76076
2.81848 ; 1.6592 ; -0.211258 ; 2.82037
3.23607 ; 2.23442 ; -2.22619 ; -1.47463
8.63344 ; 7.90422 ; 0.608793 ; 0.620257
8.73524 ; 2.00104 ; -0.0548526 ; -0.0445607
8.71256 ; 8.00096 ; 0.164108 ; 0.120563
2.40942 ; 7.80001 ; 4.09211 ; 0.13721
9.00181 ; 2.68505 ; -1.14227 ; -2.1607
8.66067 ; 7.73019 ; 0.651171 ; 1.2171
2.76759 ; 8.08527 ; -0.478538 ; -0.201149
7.90059 ; 2.2459 ; 2.69789 ; -1.53653
5.1769 ; 7.8158 ; -5.10411 ; 1.39657
3.4416 ; 2.47912 ; -2.76312 ; -2.195
8.49232 ; 7.89195 ; 1.12936 ; 0.793419
5.18704 ; 6.09941 ; 6.25638 ; -6.53823
6.71244 ; 1.80523 ; 4.59173 ; 0.429148
8.89729 ; 8.14158 ; -1.58328 ; -1.35134
8.92955 ; 8.01935 ; -1.3633 ; -0.447475
2.57924 ; 1.99314 ; 0.185261 ; -0.0380239
2.77083 ; 8.11772 ; -0.449852 ; -0.372229
7.83626 ; 6.95657 ; 3.07956 ; 3.33735
3.20674 ; 8.15928 ; -1.84158 ; -1.9591
4.1969 ; 8.10946 ; -3.9105 ; 0.26895
2.8485 ; 3.08794 ; -1.48653 ; -3.28029
8.56346 ; 2.238 ; 0.916836 ; -1.15479
2.56025 ; 8.10529 ; 0.598459 ; -0.711694
3.26654 ; 2.8712 ; -2.5038 ; -2.98341
2.79624 ; 7.97506 ; -0.724453 ; 0.337843
8.68068 ; 2.2124 ; -4.80347 ; -0.319036
8.72597 ; 3.72417 ; -1.28846 ; 6.68286
2.99836 ; 2.13807 ; -1.53931 ; -1.05203
8.83798 ; 1.99943 ; -0.630508 ; 0.153681
8.0069 ; 2.75953 ; 2.65518 ; -2.74948
8.75211 ; 8.05409 ; -0.140222 ; -0.279491
8.39729 ; 7.89055 ; 1.4348 ; 0.871871
8.24757 ; 2.57499 ; 1.52822 ; 6.11332
8.83305 ; 1.86497 ; -0.968557 ; 0.990347
2.64953 ; 1.97962 ; -0.14312 ; -0.0861713
7.94224 ; 2.13933 ; 2.57492 ; -1.17833
3.04392 ; 2.54403 ; -1.83075 ; -1.71464
2.7208 ; 7.52492 ; 1.29758 ; -6.65028
8.50459 ; 4.51509 ; 1.46934 ; -5.13085
7.87355 ; 6.78743 ; 3.01598 ; 3.60593
8.71357 ; 2.07838 ; 0.15815 ; -0.409758
2.97816 ; 2.55582 ; -1.71487 ; -2.22164
4.2596 ; 7.91187 ; -3.96371 ; 1.13398
2.97493 ; 2.77358 ; -1.77777 ; -2.70247
8.06407 ; 8.0679 ; 2.24303 ; 0.36928
8.71801 ; 8.17728 ; -0.195527 ; -0.919093
3.00421 ; 8.3413 ; -1.02059 ; -2.11397
3.03725 ; 8.35495 ; -1.10826 ; -2.49481
5.77998 ; 8.04956 ; 5.48567 ; 0.135529
8.73424 ; 2.04864 ; 0.0244195 ; -0.25865
3.41418 ; 3.17642 ; -2.68976 ; 6.17696
7.55436 ; 7.54813 ; 3.43124 ; 2.18214
3.05067 ; 7.99634 ; -1.54526 ; 0.478802
8.80257 ; 1.94485 ; -0.525179 ; 0.374077
8.56264 ; 8.22043 ; 0.499122 ; -0.930845
5.01087 ; 1.76918 ; -5.12876 ; 1.46744
3.24945 ; 7.73619 ; -1.93217 ; -5.6359
3.46957 ; 1.68368 ; -2.52785 ; 1.12106
8.57017 ; 7.89611 ; 0.855804 ; 0.711309
4.22809 ; 3.47669 ; -4.30438 ; 6.18385
2.83191 ; 7.85945 ; -0.948072 ; 0.823281
8.80068 ; 1.94747 ; -0.510456 ; 0.357392
2.71391 ; 2.12548 ; -0.594974 ; -0.782636
8.2332 ; 7.88807 ; 1.90637 ; 0.98095
8.73583 ; 8.02501 ; 0.0158018 ; -0.0308203
6.69965 ; 3.64892 ; 4.73709 ; -4.37051
2.32284 ; 2.30779 ; 1.97974 ; -0.992713
2.9089 ; 2.29375 ; -0.831266 ; 4.2803
2.78164 ; 2.31912 ; -0.999181 ; -1.48518
8.41701 ; 8.07837 ; 1.22114 ; 0.0947351
7.46495 ; 3.00006 ; 2.24114 ; -3.24
8.53569 ; 8.03007 ; 0.851185 ; 0.20437
2.52524 ; 8.06933 ; 0.745801 ; -0.573616
8.70369 ; 5.12284 ; -3.88752 ; 5.8217
5.56277 ; 2.2013 ; -5.4781 ; -1.36468
8.79591 ; 1.90811 ; -0.573994 ; 0.573715
8.63199 ; 2.04109 ; 0.459688 ; -0.359924
2.78175 ; 1.93967 ; -0.660585 ; -0.0734829
8.07824 ; 2.11193 ; 2.24684 ; -1.04136
6.85786 ; 5.48823 ; 4.58712 ; 4.78127
8.98202 ; 7.7188 ; -1.67066 ; 0.928522
4.73541 ; 1.77411 ; -4.69232 ; 0.982278
2.75028 ; 7.44615 ; 1.039 ; 1.97381
8.85321 ; 1.9916 ; -0.748471 ; 0.227493
8.1531 ; 8.03564 ; 2.03183 ; 0.466913
8.83356 ; 1.83351 ; -1.11196 ; 1.27597
8.71317 ; 8.15618 ; -0.118645 ; -0.752199
7.68598 ; 1.97664 ; 3.03517 ; -0.667363
5.49527 ; 1.96755 ; 6.04943 ; 3.08796
8.43684 ; 4.8985 ; 1.66315 ; -4.86642
2.38187 ; 6.90642 ; 0.872869 ; 3.13904
8.883 ; 1.83133 ; -1.68826 ; 1.62737
2.68414 ; 3.11212 ; -0.933268 ; -3.29083
8.65155 ; 8.00292 ; 0.429854 ; 0.195737
8.71652 ; 8.10956 ; -0.0367351 ; -0.456055
2.62569 ; 8.11576 ; 0.237343 ; -0.618006
3.13688 ; 7.24179 ; -1.65378 ; -6.32265
8.9244 ; 7.85836 ; -4.4287 ; -0.195701
8.49677 ; 7.70661 ; 1.24675 ; 1.40484
2.98972 ; 2.98986 ; -1.87013 ; -3.13597
8.26638 ; 2.47937 ; 1.45372 ; 5.81307
8.73999 ; 7.74636 ; 0.308887 ; 1.09871
2.52331 ; 7.85248 ; 4.84216 ; -0.25819
4.16859 ; 8.03074 ; -1.95482 ; -5.31115
8.58652 ; 8.15643 ; 0.496433 ; -0.519313
8.26471 ; 4.71309 ; 2.19116 ; -5.28434
5.47381 ; 2.0933 ; 6.03379 ; 3.93318
8.34503 ; 2.24794 ; 1.60778 ; -1.22094
8.80184 ; 8.04221 ; -0.381056 ; -0.243237
2.60814 ; 8.14043 ; 0.396068 ; -0.820343
3.3081 ; 2.54012 ; -2.30985 ; 4.65965
6.22464 ; 2.52749 ; -5.85742 ; -2.26612
9.04342 ; 2.46749 ; -1.92298 ; -1.46259
2.60732 ; 8.00805 ; 0.131551 ; -0.0567384
3.20239 ; 7.56898 ; -2.1787 ; 1.93583
3.19257 ; 7.14417 ; -2.29233 ; 2.82114
2.6472 ; 1.95139 ; -0.0893452 ; 0.0544219
8.55991 ; 2.14211 ; 0.744451 ; -0.810666
8.87023 ; 8.18316 ; -1.52885 ; -1.68089
3.17788 ; 2.26766 ; -2.10392 ; -1.54963
8.2711 ; 8.17158 ; 1.48177 ; -2.61397
8.79285 ; 8.11975 ; -0.505623 ; -0.701074
2.58093 ; 7.9496 ; 0.178858 ; 0.175583
3.5309 ; 2.32407 ; -2.89895 ; -1.82403
2.78207 ; 8.20331 ; -0.36621 ; -0.918801
5.05303 ; 1.91702 ; -4.93833 ; -0.232197
2.7064 ; 8.06114 ; -0.255878 ; -0.162911
8.59145 ; 2.07828 ; 0.658616 ; -0.555656
3.0328 ; 1.93276 ; -1.52344 ; -0.23792
2.5202 ; 1.86052 ; 0.914561 ; 0.942476
3.15811 ; 8.06583 ; -1.80379 ; 0.249749
2.94774 ; 1.95647 ; -1.2691 ; -0.311413
8.77736 ; 1.85822 ; -0.594017 ; 0.860699
3.7205 ; 3.60242 ; 6.03993 ; -4.36848
8.26567 ; 8.3357 ; 1.4722 ; -1.66548
7.60226 ; 4.89079 ; -6.27042 ; 6.00571
3.03752 ; 3.07059 ; -2.009 ; -3.29339
2.62605 ; 1.94798 ; 4.94104 ; 3.36742
7.2243 ; 2.3411 ; -6.35993 ; -1.36426
9.04903 ; 2.58737 ; -2.96241 ; -1.77903
2.75049 ; 1.72717 ; -0.150792 ; 1.48781
8.29124 ; 1.73495 ; 1.23734 ; 3.50284
2.8113 ; 7.6467 ; -1.04717 ; 1.51311
3.07009 ; 1.90224 ; -1.30669 ; 4.53586
3.23014 ; 2.96401 ; -2.38652 ; -3.14551
7.38741 ; 7.49113 ; 3.70628 ; 2.34479
3.27873 ; 2.64716 ; -2.43371 ; -2.5307
8.77921 ; 8.10623 ; -0.386836 ; -0.57874
3.84387 ; 2.82306 ; -3.53046 ; -3.00439
2.6332 ; 7.33571 ; -0.538396 ; 2.24904
8.2218 ; 7.73493 ; 1.99466 ; 1.46639
7.83879 ; 7.82386 ; 2.84996 ; 1.3546
2.59907 ; 7.95088 ; 0.0875399 ; 0.197521
5.53936 ; 2.33585 ; -5.41849 ; -1.82777
4.19009 ; 7.65303 ; -3.96262 ; 1.94788
3.36189 ; 2.67695 ; -2.65752 ; -2.62174
8.41888 ; 7.88081 ; 1.36306 ; 0.888425
3.73136 ; 1.8458 ; -3.17782 ; -0.0768154
2.33181 ; 7.77211 ; 2.71022 ; 0.446347
6.3739 ; 2.42679 ; 4.89341 ; -2.18341
8.16171 ; 2.63326 ; 2.25378 ; -2.42015
8.87081 ; 1.87025 ; -1.28046 ; 1.11374
3.54769 ; 7.42284 ; -2.96039 ; 2.38738
3.19976 ; 7.64273 ; -2.14427 ; 1.73806
8.68588 ; 2.13426 ; 0.345435 ; -0.665924
4.50561 ; 7.00727 ; 6.14933 ; 3.28335
2.52541 ; 2.25483 ; 0.178799 ; -1.07021
7.11508 ; 7.68068 ; 4.26344 ; -5.25261
3.85344 ; 2.08201 ; -3.43897 ; -1.12545
3.63541 ; 4.93372 ; -3.29152 ; -4.43988
8.49514 ; 7.96206 ; 1.06072 ; 0.528532
8.12096 ; 2.38708 ; 2.26788 ; -1.84843
8.53135 ; 1.71534 ; 0.395103 ; 1.5711
2.80435 ; 1.73211 ; -0.433244 ; 1.29167
8.83256 ; 1.8874 ; -0.888389 ; 0.826674
8.85634 ; 1.87964 ; -1.10285 ; 0.969073
2.55684 ; 8.06961 ; 0.533535 ; -0.496675
2.6358 ; 8.11552 ; 0.183002 ; -0.595414
8.63651 ; 8.15271 ; 0.278637 ; -0.575244
8.74228 ; 7.43544 ; 0.492591 ; 2.02587
2.36306 ; 2.15025 ; 1.62907 ; -0.380032
2.48821 ; 5.31405 ; 1.07678 ; 5.45857
5.8483 ; 7.75857 ; 5.42911 ; 1.51307
8.5281 ; 2.41319 ; 1.14983 ; -1.71199
2.50123 ; 8.19227 ; 1.63713 ; -1.92232
4.17914 ; 2.32268 ; -3.95812 ; -1.90593
5.27273 ; 2.48776 ; 6.3194 ; 5.50745
7.25029 ; 7.9727 ; 4.00974 ; -4.7397
8.34065 ; 7.59847 ; 1.76503 ; 1.80669
8.53958 ; 1.85722 ; 0.605399 ; 0.420646
2.52249 ; 2.24837 ; 0.168451 ; -1.04433
8.62755 ; 7.96392 ; 0.570807 ; 0.389478
2.70998 ; 8.29307 ; 0.285073 ; -2.2087
2.80205 ; 8.28008 ; -0.303714 ; -1.62956
8.85393 ; 1.91065 ; -0.97136 ; 0.731569
2.60703 ; 8.04695 ; 0.199623 ; -0.258695
5.49727 ; 6.5695 ; 5.67226 ; 4.11575
2.42404 ; 2.12307 ; 1.01276 ; -0.391465
4.03057 ; 2.20313 ; 6.23272 ; -0.801732
8.71537 ; 7.82441 ; 0.350402 ; 0.843156
8.30707 ; 1.65011 ; 1.16879 ; 2.741
8.29819 ; 7.30588 ; 1.99191 ; 2.53642
6.24321 ; 6.90462 ; -1.59508 ; 3.46222
3.21687 ; 3.18433 ; -2.45305 ; -3.52956
8.35289 ; 7.96251 ; -6.4354 ; -1.7274
7.64701 ; 7.68538 ; 3.25393 ; 1.81096
8.67561 ; 8.22685 ; -0.0878112 ; -1.23671
2.50098 ; 1.8467 ; 1.13918 ; 1.14348
3.25363 ; 8.11293 ; -2.04039 ; 0.0585526
2.58562 ; 8.11726 ; 0.473509 ; -0.724798
8.77053 ; 2.01817 ; -0.202372 ; -0.0637193
7.60876 ; 7.85795 ; 3.27235 ; 1.29892
2.59627 ; 8.09551 ; 0.358528 ; -0.560698
5.8684 ; 8.03134 ; 5.43149 ; 0.287477
7.98233 ; 2.18006 ; 2.49162 ; -1.30664
8.27361 ; 2.48408 ; 1.93427 ; -2.03131
3.1209 ; 8.33449 ; -1.46359 ; -1.76742
7.65063 ; 7.39984 ; -6.23415 ; 2.21423
2.92558 ; 2.26748 ; -1.42568 ; -1.42345
5.83167 ; 8.20464 ; 5.3621 ; -1.2901
2.49728 ; 8.18007 ; 1.55928 ; -1.74401
2.74794 ; 4.43228 ; 3.88963 ; -5.40244
8.86422 ; 8.17614 ; -1.38156 ; -1.5237
8.88135 ; 8.19209 ; -1.8947 ; -2.04636
2.69969 ; 1.90652 ; -0.265891 ; 0.20614
8.59365 ; 7.98986 ; 0.673464 ; 0.318849
2.56966 ; 7.98964 ; 0.29987 ; -0.0267859
7.10413 ; 7.96338 ; 4.24893 ; -4.71535
2.4166 ; 2.34464 ; 0.747167 ; -1.26987
8.23572 ; 2.52433 ; 2.04984 ; -2.14617
2.88303 ; 2.33536 ; -1.33723 ; -1.59668
3.11578 ; 7.27156 ; -2.07555 ; 2.60173
8.63529 ; 2.45465 ; 0.811724 ; -1.7513
6.48821 ; 1.77955 ; 4.96753 ; 1.8965
8.67076 ; 7.98602 ; 0.37103 ; 0.244873
2.5777 ; 1.97312 ; 0.227846 ; 0.0638708
3.87361 ; 4.07936 ; -3.74801 ; 5.98176
8.83947 ; 8.12455 ; -0.869444 ; -0.885165
8.63598 ; 1.71053 ; -0.184433 ; 1.98239
8.57629 ; 2.7396 ; 1.10375 ; -2.50998
7.78603 ; 7.05627 ; -5.83821 ; 3.03076
8.4552 ; 6.81744 ; 1.66811 ; 3.44232
8.70272 ; 2.01853 ; 0.127423 ; -0.173689
2.84479 ; 7.63383 ; 0.0157925 ; -6.38449
8.73443 ; 7.99537 ; 0.0683302 ; 0.113744
8.6114 ; 2.21987 ; 0.721021 ; -1.0523
7.64397 ; 4.42324 ; 3.45514 ; 5.26237
3.10103 ; 4.43799 ; -2.19621 ; -5.11994
2.51609 ; 8.15642 ; 1.14566 ; -1.29446
2.59937 ; 8.08087 ; 0.310166 ; -0.467212
2.49717 ; 1.82352 ; 1.31743 ; 1.4156
2.705 ; 2.07102 ; -0.50389 ; -0.562131
7.04503 ; 8.21334 ; 4.28599 ; -3.2067
8.30684 ; 4.0328 ; 1.78023 ; 5.96318
7.30725 ; 8.07119 ; 3.68811 ; 0.474402
2.9973 ; 4.73342 ; -1.79617 ; 5.65936
2.8668 ; 2.41432 ; -1.3303 ; -1.80551
2.59248 ; 8.15064 ; 0.519336 ; -0.93826
8.87083 ; 1.84721 ; -1.40741 ; 1.34075
8.52392 ; 3.24319 ; 0.0513092 ; -3.54914
2.72237 ; 2.14201 ; -0.641473 ; -0.849335
2.66557 ; 2.20249 ; -0.465143 ; -1.01611
7.42915 ; 7.99655 ; -6.90162 ; -2.2962
6.29362 ; 2.67662 ; -5.84897 ; -2.64654
3.79305 ; 1.96524 ; 6.49099 ; 2.59038
8.14339 ; 8.0178 ; 1.82171 ; -5.25516
6.13552 ; 2.30158 ; -5.70545 ; -1.58994
2.55001 ; 7.93542 ; 0.327085 ; 0.196645
3.32611 ; 7.66006 ; 6.225 ; 1.05459
4.67875 ; 7.05751 ; -4.65373 ; 3.29921
8.87076 ; 1.82404 ; -1.57222 ; 1.6156
2.81376 ; 8.31826 ; -0.107819 ; -3.02634
2.5681 ; 4.78718 ; 0.179574 ; -5.57446
3.07466 ; 2.33705 ; -1.87528 ; -1.7014
8.83042 ; 8.15175 ; -0.896985 ; -1.07466
2.70124 ; 7.9776 ; -0.345695 ; 0.220793
9.02422 ; 7.17376 ; -3.24759 ; 2.56515
3.07748 ; 7.77358 ; -1.76769 ; 1.29165
8.40626 ; 7.49644 ; 1.62463 ; 2.04145
9.0258 ; 2.17534 ; -2.74696 ; -0.221946
7.126 ; 5.83136 ; 4.33039 ; -5.98098
6.69614 ; 2.86212 ; 4.87595 ; 5.98147
8.82882 ; 1.79353 ; -1.30072 ; 1.72794
5.50446 ; 3.3381 ; 5.60076 ; -3.98179
8.68903 ; 2.45917 ; 0.606901 ; -1.72486
8.75679 ; 8.17163 ; -0.417692 ; -0.98065
6.93227 ; 5.64911 ; 4.53346 ; 5.10906
7.75665 ; 8.273 ; 2.89838 ; -3.71979
2.69079 ; 7.91288 ; -0.376472 ; 0.478936
7.84427 ; 1.91763 ; 2.66623 ; 4.58704
7.75026 ; 8.05863 ; 2.99112 ; -1.84415
2.55852 ; 1.91848 ; 0.460578 ; 0.415305
3.25602 ; 7.41716 ; -2.0651 ; -5.43502
2.63227 ; 2.92012 ; -0.697651 ; -2.90084
8.17146 ; 7.94174 ; 2.0377 ; 0.82316
2.72754 ; 8.21057 ; -0.0943438 ; -1.08055
8.61468 ; 3.87559 ; 0.259186 ; 6.33933
8.57854 ; 2.40956 ; 0.986663 ; -1.66908
6.00382 ; 5.82944 ; 3.6703 ; 4.8525
6.9088 ; 6.82097 ; 4.45331 ; 3.65449
2.9121 ; 7.97125 ; -1.13243 ; 0.4728
2.84454 ; 2.05636 ; -1.0086 ; -0.638313
4.60788 ; 7.49035 ; -3.96842 ; 2.35373
8.37576 ; 8.09035 ; 1.34289 ; 0.0717834
8.2307 ; 2.06674 ; -6.33554 ; 0.905564
9.04384 ; 7.77907 ; -2.61508 ; 0.484835
7.88129 ; 3.02801 ; 2.9728 ; -3.28533
2.58685 ; 7.99679 ; 0.219657 ; -0.0344914
8.12895 ; 2.28515 ; 2.20487 ; -1.56452
8.90346 ; 2.01575 ; -1.0874 ; 0.216901
8.76869 ; 2.10368 ; -0.0674152 ; -0.444078
2.67274 ; 1.7718 ; 0.1548 ; 1.22837
2.52442 ; 7.82057 ; 4.88539 ; -0.0809773
2.63947 ; 8.14544 ; 0.227981 ; -0.778782
8.85946 ; 1.83885 ; -1.33646 ; 1.36179
2.56478 ; 8.16753 ; 0.768584 ; -1.17516
7.88314 ; 3.03872 ; 2.69601 ; 6.20186
3.57518 ; 7.93865 ; 6.95871 ; -3.54629
2.93906 ; 2.98604 ; -0.987724 ; 6.36383
2.69291 ; 2.00931 ; -0.380139 ; -0.283741
8.76902 ; 2.00106 ; -0.224348 ; 0.0129685
2.35602 ; 7.06612 ; 3.01535 ; 2.79773
2.30019 ; 2.78806 ; 1.99919 ; -2.48053
8.80373 ; 1.92063 ; -0.590113 ; 0.517109
8.85544 ; 1.8332 ; -1.32808 ; 1.3967
8.50458 ; 1.95542 ; 0.853984 ; -0.131832
8.60697 ; 8.03832 ; 0.566975 ; 0.0875413
2.7926 ; 7.46257 ; -1.07089 ; 2.01859
3.44554 ; 2.68182 ; -2.82532 ; -2.62506
8.58229 ; 6.96862 ; 1.24063 ; 3.13241
8.69848 ; 2.49487 ; -4.93554 ; 4.02492
8.95618 ; 8.01189 ; -1.67376 ; -0.503983
8.39016 ; 2.61794 ; 0.915607 ; 6.2467
8.79503 ; 8.10492 ; -0.481225 ; -0.609565
2.68946 ; 7.85374 ; -0.435148 ; 0.70893
3.50936 ; 7.49067 ; -2.86935 ; 2.23982
2.90258 ; 7.80294 ; -1.23823 ; 1.07982
2.70125 ; 2.31833 ; -0.706738 ; -1.42572
8.54658 ; 8.17997 ; 0.630763 ; -0.613182
5.08065 ; 6.16629 ; 6.3752 ; -6.57436
8.20799 ; 7.7559 ; -6.21061 ; 0.541069
2.57612 ; 2.17355 ; -0.0389923 ; -0.819161
7.46332 ; 2.29338 ; 3.51621 ; -1.77727
3.19415 ; 6.31924 ; -2.11244 ; -6.22344
2.55594 ; 8.12413 ; 0.683031 ; -0.85443
8.56385 ; 1.70894 ; 0.218128 ; 1.74238
2.72738 ; 1.82527 ; -0.25958 ; 0.662765
2.8005 ; 7.29732 ; -1.18384 ; 2.4166
8.92631 ; 7.71685 ; -0.82445 ; 0.690309
3.03422 ; 7.50459 ; -1.78301 ; 2.00907
2.69782 ; 8.05411 ; -0.229873 ; -0.141707
2.98767 ; 2.20763 ; -1.57092 ; -1.26614
2.7468 ; 3.09743 ; 0.354577 ; 6.68799
8.80176 ; 1.93878 ; -0.534001 ; 0.404723
8.57684 ; 7.77462 ; 0.929606 ; 1.13586
3.77346 ; 7.72408 ; -3.25259 ; 1.68645
8.91031 ; 8.10668 ; -1.52469 ; -1.05375
2.4782 ; 7.4655 ; 0.28922 ; 1.81409
2.33305 ; 2.287 ; 3.39576 ; -0.745748
3.17328 ; 3.62073 ; -2.13385 ; 5.39618
9.02513 ; 6.76567 ; -2.48955 ; 3.50432
2.82258 ; 7.52326 ; -1.15387 ; 1.85719
2.66676 ; 8.14558 ; 1.45424 ; -4.86861
3.84867 ; 6.95326 ; -3.58635 ; -6.21244
3.17482 ; 7.9438 ; -1.92578 ; 0.764068
4.15188 ; 8.19108 ; -3.95534 ; -3.08454
8.93915 ; 2.28944 ; -4.20564 ; -0.626908
8.86805 ; 1.82848 ; -1.50443 ; 1.53806
2.99126 ; 7.21333 ; -1.76983 ; 2.68646
8.91325 ; 2.09137 ; -1.01107 ; -0.135187
8.66148 ; 8.06623 ; 0.300925 ; -0.1236
2.66882 ; 2.90964 ; -0.839372 ; -2.89426
8.72092 ; 2.06595 ; 0.109708 ; -0.350329
2.98248 ; 1.66988 ; -1.05592 ; 1.86915
5.23009 ; 2.50049 ; -5.16049 ; -2.33685
8.63621 ; 8.11794 ; 0.336759 ; -0.365167
8.59609 ; 6.9833 ; 1.19208 ; 3.10442
8.85482 ; 7.96446 ; -0.576005 ; 0.0631765
2.71147 ; 8.0084 ; 5.22529 ; -4.23729
7.72931 ; 5.14018 ; 3.37262 ; -5.67
8.71788 ; 8.05571 ; 0.0540739 ; -0.158028
2.51458 ; 8.15116 ; 1.13524 ; -1.25307
3.28103 ; 3.98323 ; -0.362407 ; -4.70493
2.88405 ; 2.34125 ; -1.34302 ; -1.61407
8.70642 ; 1.94073 ; -0.017256 ; 0.203907
2.50771 ; 1.8253 ; 1.18652 ; 1.32421
7.07216 ; 4.28838 ; 4.36662 ; -5.05684
8.21999 ; 7.96645 ; 1.88729 ; 0.704319
2.93398 ; 3.82851 ; -1.2906 ; 6.25259
2.50387 ; 7.54919 ; 0.199982 ; 1.59158
8.78548 ; 2.91605 ; -0.0760952 ; -2.84707
8.41974 ; 2.05565 ; 1.24778 ; -0.630568
2.82067 ; 7.32188 ; -1.23907 ; 2.3647
4.40187 ; 2.21532 ; 6.29966 ; -0.984975
5.97476 ; 7.88088 ; 5.355 ; 1.06993
2.88152 ; 7.91914 ; -1.07606 ; 0.648069
2.63591 ; 5.42743 ; 3.33991 ; 5.32115
7.69209 ; 3.94167 ; -6.51454 ; 6.76391
8.52425 ; 8.31951 ; 0.451466 ; -1.96333
8.27896 ; 2.47216 ; 1.91655 ; -2.00018
8.38925 ; 2.44459 ; 1.59987 ; -1.87391
3.41067 ; 7.92874 ; -2.50925 ; 0.899195
2.49584 ; 2.06872 ; 4.74282 ; 0.765165
3.66658 ; 6.77382 ; -3.17818 ; 3.63707
8.75253 ; 1.94898 ; -0.233423 ; 0.244944
7.57606 ; 6.75798 ; 3.54675 ; -6.29169
2.55384 ; 6.20932 ; -0.24539 ; 4.32192
2.63695 ; 7.94825 ; -0.101365 ; 0.264013
2.75851 ; 6.68968 ; -1.18416 ; 3.59023
3.34098 ; 7.79461 ; -2.40321 ; 1.35125
8.40015 ; 7.52126 ; 1.63316 ; 1.96851
3.32609 ; 7.6633 ; -2.42531 ; 1.73287
6.8793 ; 2.42941 ; 4.37254 ; -2.19789
8.84193 ; 2.66672 ; -0.00436223 ; -2.2138
8.60611 ; 2.01573 ; 0.530818 ; -0.287717
3.91566 ; 2.09186 ; -3.53052 ; -1.17611
2.45424 ; 8.1313 ; 3.08445 ; -2.32961
7.71534 ; 8.27148 ; 2.93547 ; -0.739249
3.11419 ; 3.38518 ; -2.24079 ; -3.82747
8.73562 ; 2.15441 ; 0.149507 ; -0.683886
2.90537 ; 2.04221 ; -1.2019 ; -0.63506
8.37067 ; 7.49148 ; 1.71476 ; 1.98068
8.03756 ; 7.13472 ; 2.43902 ; 2.95303
2.73356 ; 7.53616 ; -0.842607 ; 1.77911
8.67443 ; 2.01666 ; 0.249108 ; -0.203859
8.6699 ; 8.00875 ; 0.346165 ; 0.145639
2.65913 ; 7.42614 ; -0.614432 ; 2.02978
4.01946 ; 4.17965 ; 6.51349 ; 6.49574
7.89326 ; 2.31605 ; 2.73973 ; -1.73787
2.82881 ; 6.70755 ; -1.41335 ; 3.55288
2.79266 ; 2.04662 ; -0.814602 ; -0.552006
8.16317 ; 3.50258 ; -5.15971 ; -4.12067
8.52857 ; 7.3613 ; 1.31041 ; 2.31769
8.85755 ; 8.11284 ; -0.983105 ; -0.860576
8.62153 ; 2.00126 ; 0.449916 ; -0.208117
8.68088 ; 8.21325 ; -0.0796438 ; -1.1298
5.92125 ; 2.96509 ; -5.55358 ; -3.30829
2.76375 ; 1.8716 ; -0.497212 ; 0.309156
7.6687 ; 6.71453 ; 3.40996 ; 3.74887
8.832 ; 1.87369 ; -0.930354 ; 0.921598
2.96691 ; 2.1288 ; -1.46169 ; -1.00386
2.80606 ; 1.99931 ; -0.817133 ; -0.368283
3.94806 ; 8.30291 ; -3.48292 ; -3.02795
2.88199 ; 7.44318 ; -1.38083 ; 2.1064
8.8889 ; 4.56372 ; -1.44396 ; -5.39499
2.68779 ; 8.08918 ; -0.127417 ; -0.341108
2.744 ; 8.06001 ; -0.41469 ; -0.105803
7.7956 ; 7.74955 ; 2.96578 ; 1.51511
3.18339 ; 2.21214 ; -2.09221 ; -1.3876
8.75361 ; 1.84137 ; -0.491718 ; 0.921511
8.7381 ; 1.95821 ; -0.14291 ; 0.171148
2.80323 ; 7.93641 ; -0.789827 ; 0.507437
8.47129 ; 3.33551 ; 1.62468 ; -3.64306
8.73632 ; 1.94484 ; -0.158223 ; 0.235868
8.63809 ; 2.01835 ; 0.407368 ; -0.259337
4.06294 ; 7.47067 ; 6.29441 ; 2.02557
8.77452 ; 1.99867 ; -0.255945 ; 0.0336361
2.49388 ; 5.58219 ; 0.533154 ; 5.12626
8.60714 ; 8.32302 ; -0.117565 ; -2.7118
8.65693 ; 7.06013 ; 0.950808 ; 2.89326
8.54537 ; 7.93703 ; 0.908021 ; 0.582088
2.74341 ; 7.97491 ; -0.521128 ; 0.285456
8.66867 ; 7.88492 ; 0.489776 ; 0.657829
2.6711 ; 7.96201 ; -0.237112 ; 0.251379
2.9725 ; 2.70113 ; -1.74762 ; -2.53554
8.66168 ; 8.06772 ; 0.298414 ; -0.129174
8.76062 ; 4.30526 ; -0.590055 ; 6.15102
8.92282 ; 8.13977 ; -2.34597 ; -1.7588
7.90722 ; 2.24725 ; 2.6572 ; 0.166692
7.49739 ; 7.01899 ; 3.6334 ; 3.2848
7.89281 ; 6.66912 ; -6.3292 ; -7.0223
8.78202 ; 1.94336 ; -0.410984 ; 0.337784
8.25995 ; 4.02029 ; 1.90777 ; 6.12323
8.53018 ; 7.90615 ; 0.987918 ; 0.70976
8.98349 ; 7.40517 ; -0.91807 ; 1.98154
6.22774 ; 4.96241 ; 5.22654 ; 5.73376
8.60011 ; 2.02772 ; 0.568371 ; -0.343121
8.31812 ; 8.00032 ; 1.13386 ; -5.40476
8.74268 ; 1.77862 ; -0.62263 ; 1.46886
8.88369 ; 1.81423 ; -1.98659 ; 2.0111
2.97242 ; 7.74369 ; -1.49083 ; 1.32166
5.52942 ; 4.89674 ; 5.772 ; 4.69048
8.57798 ; 8.08157 ; 0.628767 ; -0.088612
3.62094 ; 7.66889 ; -3.02369 ; 1.81315
7.49277 ; 7.629 ; 3.52369 ; 1.99019
3.33515 ; 7.19429 ; -2.59474 ; 2.83393
8.05482 ; 2.01731 ; 2.25043 ; -0.708974
5.73218 ; 2.55377 ; 5.35336 ; -2.46296
8.64131 ; 7.84419 ; 0.634055 ; 0.836685
3.07834 ; 3.48526 ; -2.15824 ; -3.93716
2.79853 ; 2.32254 ; -1.05779 ; -1.50658
2.70513 ; 7.93038 ; -0.397714 ; 0.42349
8.27419 ; 5.61927 ; 2.1755 ; 4.98347
6.8286 ; 2.50688 ; 4.39981 ; -2.38603
2.6836 ; 1.69175 ; 0.586744 ; 2.89112
3.20592 ; 2.63601 ; -2.30731 ; -2.48847
8.77727 ; 7.61555 ; 0.232996 ; 1.49948
2.95507 ; 8.29022 ; -0.940135 ; -1.42279
8.74063 ; 2.0258 ; -0.0404601 ; -0.148232
2.80902 ; 3.1056 ; -1.36556 ; -3.29414
6.56799 ; 5.84741 ; -4.9573 ; -6.38052
9.02335 ; 7.87931 ; -3.07414 ; -0.102569
2.80678 ; 7.14587 ; -1.25651 ; 2.75184
8.76767 ; 8.12321 ; -0.35838 ; -0.659048
8.6971 ; 8.15081 ; -0.0206938 ; -0.680142
2.55963 ; 1.85423 ; 0.63779 ; 0.853529
2.86479 ; 8.06656 ; -0.0990747 ; -5.33424
2.60572 ; 1.89922 ; 0.224117 ; 0.420612
2.4903 ; 8.18792 ; 1.81191 ; -2.00879
7.13331 ; 7.83946 ; 4.02765 ; 1.40031
3.37761 ; 7.93004 ; -2.42439 ; 0.911867
8.42873 ; 2.36462 ; 1.44258 ; -1.63574
7.05616 ; 6.94812 ; 4.26025 ; 3.46484
2.74017 ; 2.33523 ; -0.863652 ; -1.50462
2.51227 ; 2.28776 ; 0.182213 ; -1.16519
6.33808 ; 2.59974 ; 4.97841 ; -2.60641
2.76013 ; 7.82909 ; 4.82 ; -5.85341
8.74688 ; 2.82339 ; 0.511394 ; -2.49914
2.46799 ; 1.81713 ; 1.95604 ; 1.90327
9.05307 ; 2.55857 ; -2.05996 ; -1.73594
8.47944 ; 8.20994 ; 0.857587 ; -0.725197
7.38027 ; 2.25226 ; 3.63783 ; -1.67318
7.82535 ; 7.74321 ; 2.89943 ; 1.59997
2.85143 ; 1.94214 ; -0.924353 ; -0.158212
8.80654 ; 2.01316 ; -0.414691 ; 0.021943
2.71667 ; 1.93427 ; -0.381741 ; 0.037717
8.76687 ; 1.88667 ; -0.451875 ; 0.63629
2.91081 ; 1.72862 ; -0.503625 ; 4.20541
4.36891 ; 2.16844 ; -4.18902 ; -1.44364
3.74854 ; 6.1041 ; 6.02504 ; 4.74239
4.15764 ; 1.95147 ; -3.91122 ; -0.61669
4.54593 ; 1.98937 ; 6.46938 ; 0.610719
2.98647 ; 2.52723 ; -1.72586 ; -2.15375
3.24515 ; 7.94832 ; -2.10125 ; 0.784657
3.1149 ; 6.67549 ; -2.21173 ; 3.68453
8.40621 ; 4.93771 ; 1.66227 ; 5.63308
2.93515 ; 7.9045 ; -1.26245 ; 0.748231
3.10938 ; 2.47052 ; -2.01817 ; -2.06616
2.52519 ; 1.89792 ; 0.747527 ; 0.647009
7.77122 ; 7.55808 ; 3.05692 ; 2.1129
2.50778 ; 1.87062 ; 0.977935 ; 0.909834
3.27239 ; 7.5563 ; 5.72852 ; 1.50992
3.27459 ; 2.2034 ; -2.30528 ; -1.39677
3.06703 ; 2.55666 ; -1.94432 ; -2.24126
2.50181 ; 2.53872 ; 0.0516887 ; -1.93347
3.35683 ; 2.45115 ; 5.87267 ; -1.66523
2.54245 ; 1.88673 ; 0.658417 ; 0.671391
2.85479 ; 8.27148 ; -0.565166 ; -1.40178
2.72809 ; 8.04749 ; -0.36766 ; -0.0675634
2.74588 ; 7.7995 ; -0.705638 ; 0.9636
3.03728 ; 1.80885 ; -1.36217 ; 0.427498
7.01469 ; 7.99129 ; -6.57692 ; -0.682888
2.94179 ; 2.20881 ; -1.4388 ; -1.25297
8.8216 ; 4.0379 ; -3.05607 ; 5.83391
8.52338 ; 3.71688 ; 1.48187 ; -4.21141
5.03227 ; 2.02254 ; -5.02424 ; -0.769148
8.85763 ; 1.85176 ; -1.2454 ; 1.21923
7.64573 ; 7.40092 ; 3.32315 ; 2.50797
8.58927 ; 7.36798 ; 1.10711 ; 2.27497
2.92738 ; 6.68871 ; -1.71799 ; 3.62678
8.74672 ; 1.95401 ; -4.26639 ; 4.54759
5.47584 ; 7.67 ; -5.31374 ; 1.83874
6.86858 ; 3.31979 ; 4.65906 ; 6.07417
2.58194 ; 1.93883 ; 0.271617 ; 0.238152
3.06758 ; 6.51866 ; -2.11526 ; 3.90755
2.8283 ; 2.26148 ; -1.11622 ; -1.3431
2.60912 ; 1.97605 ; 0.059158 ; -0.0052166
8.23547 ; 8.18084 ; 1.60077 ; -0.330662
8.7671 ; 2.08521 ; -0.0835294 ; -0.369813
8.41743 ; 7.9804 ; 1.30395 ; 0.518336
2.48107 ; 4.25397 ; 0.971267 ; -5.06562
2.51972 ; 1.84342 ; 0.984159 ; 1.08728
2.61812 ; 1.9596 ; 0.0431871 ; 0.0664049
2.40406 ; 6.35461 ; 0.853506 ; 4.10423
2.76096 ; 8.10448 ; -0.426632 ; -0.311286
7.51711 ; 2.2283 ; 3.41572 ; -1.5814
8.76447 ; 1.89283 ; -0.423942 ; 0.593458
8.81955 ; 7.84367 ; -5.07505 ; -0.197388
8.67408 ; 4.39314 ; 0.821763 ; -4.93784
4.05892 ; 4.34858 ; -4.02816 ; -5.09862
3.29383 ; 2.12307 ; -2.31572 ; -1.14715
8.86798 ; 1.80977 ; -1.68436 ; 1.82747
8.86737 ; 8.19999 ; -1.68899 ; -1.97527
2.57071 ; 7.98183 ; 0.281482 ; 0.0106385
2.56336 ; 7.96265 ; 0.29171 ; 0.0904113
7.72028 ; 7.52764 ; 3.16774 ; 2.18902
8.67874 ; 7.91586 ; 0.418308 ; 0.529086
8.82193 ; 1.89946 ; -0.773358 ; 0.70714
2.66737 ; 3.12427 ; 1.92592 ; 6.86941
2.70006 ; 2.11779 ; -0.533438 ; -0.739847
8.43696 ; 7.6586 ; 1.408 ; 1.58544
2.50003 ; 1.83783 ; 1.19402 ; 1.23507
3.68707 ; 2.41656 ; -3.20894 ; -2.09788
2.90373 ; 2.56136 ; -1.47314 ; -2.20566
2.71514 ; 7.99716 ; -0.379743 ; 0.153348
6.86005 ; 5.9073 ; 4.59425 ; 4.7902
8.49945 ; 8.06048 ; 0.950721 ; 0.101903
8.75427 ; 1.89022 ; -0.373047 ; 0.585805
8.62638 ; 7.76961 ; 0.752967 ; 1.11369
2.73042 ; 8.18899 ; -0.152664 ; -0.904369
3.3661 ; 7.87503 ; -2.41995 ; 1.09662
8.2128 ; 6.29722 ; 2.35029 ; 4.18983
4.00755 ; 2.51617 ; -3.75364 ; -2.38311
2.61053 ; 2.35409 ; -0.35855 ; -1.46901
3.13902 ; 3.44525 ; -2.30413 ; -3.91392
6.18263 ; 2.86958 ; 4.82945 ; -3.15579
7.59472 ; 6.82059 ; 3.51084 ; 3.55457
3.01551 ; 4.1123 ; -1.69704 ; 6.0865
6.26911 ; 7.30714 ; -5.32137 ; 2.71284
3.22047 ; 5.52028 ; -2.34709 ; -5.63648
5.77265 ; 4.40668 ; -5.42251 ; 6.12463
8.90437 ; 2.13574 ; -0.851376 ; -0.385684
4.02919 ; 2.96225 ; -3.82805 ; -2.44713
8.97178 ; 2.24372 ; -1.26301 ; -0.738583
5.8374 ; 1.83873 ; 5.68557 ; 2.18303
