8.45183 ; 7.40705 ; -0.726812 ; -7.19303
8.44925 ; 1.83806 ; -0.329372 ; 3.26067
8.45588 ; 2.14098 ; 0.365584 ; 0.123343
2.60306 ; 1.96501 ; 3.20474 ; 3.05877
8.64149 ; 7.93148 ; -5.24546 ; -3.91282
2.62447 ; 1.94622 ; 3.08663 ; 3.3168
8.69937 ; 8.05872 ; -1.7778 ; -2.35857
8.61334 ; 2.04244 ; -3.36061 ; 5.47988
7.61369 ; 1.88158 ; 2.96041 ; 1.2859
8.59765 ; 7.99556 ; -0.562799 ; -1.14955
8.32122 ; 7.98123 ; 0.34871 ; -5.78014
3.07321 ; 7.83388 ; 6.93305 ; -3.55374
3.24601 ; 4.11926 ; -2.19037 ; -4.88625
5.92031 ; 2.13275 ; -6.11065 ; 0.203389
6.13983 ; 2.75381 ; 5.34562 ; -2.68503
3.7885 ; 7.65879 ; 7.04669 ; 0.341857
2.84602 ; 2.90045 ; -0.675327 ; -2.675
8.71257 ; 7.63253 ; -0.718385 ; 0.755464
8.61858 ; 8.02684 ; -2.42496 ; -4.82514
7.0083 ; 7.6874 ; -6.85209 ; 0.521672
8.73879 ; 8.05137 ; -2.83225 ; -3.12287
2.61565 ; 8.02123 ; 2.48534 ; -2.47396
8.63608 ; 7.98644 ; -0.816121 ; -1.18151
2.90425 ; 7.83313 ; 6.56025 ; -2.3389
3.24354 ; 7.85001 ; -1.65835 ; 0.284528
7.31216 ; 1.8358 ; 3.64033 ; 2.48957
8.61519 ; 2.19247 ; -5.94277 ; 1.4037
8.7334 ; 2.14298 ; -5.20612 ; 2.03635
2.63129 ; 1.972 ; 3.66043 ; 3.7124
3.76385 ; 6.22749 ; 6.92655 ; -7.20571
8.41012 ; 8.02999 ; 0.45456 ; -1.05598
8.87142 ; 2.39914 ; -2.70417 ; -0.563394
8.49677 ; 7.91022 ; 0.199043 ; -0.361098
8.50623 ; 2.92188 ; -1.22393 ; 7.16147
3.13274 ; 2.62336 ; -1.63914 ; -2.05179
8.66564 ; 2.03723 ; -1.16243 ; 1.18688
3.77918 ; 2.85392 ; -3.29624 ; -2.82789
2.85092 ; 2.11151 ; -0.154789 ; 0.162939
2.74832 ; 8.03948 ; 0.987689 ; -1.75526
4.32791 ; 2.59461 ; -4.41347 ; 6.27683
2.76003 ; 1.9324 ; 2.24404 ; 4.79966
2.73156 ; 8.01608 ; 1.07847 ; -1.596
2.92498 ; 2.16369 ; 6.33883 ; 4.69871
2.52988 ; 2.34661 ; 1.76036 ; -0.559408
2.83425 ; 8.11347 ; 1.15062 ; -4.43659
2.81731 ; 2.1773 ; -0.0583394 ; -0.142983
8.757 ; 1.99319 ; -2.60351 ; 2.29938
2.86819 ; 2.10707 ; -0.228993 ; 0.212176
3.19966 ; 3.15077 ; -1.9848 ; -3.31016
8.72997 ; 1.95763 ; -3.04073 ; 3.17052
2.88776 ; 2.30685 ; -0.538706 ; -0.819232
8.74045 ; 1.96676 ; -3.03362 ; 3.00699
2.65688 ; 2.04756 ; 1.22922 ; 0.988139
2.62722 ; 8.03798 ; 2.53536 ; -2.73444
8.0599 ; 5.74965 ; -6.05459 ; -6.86623
2.92578 ; 8.16047 ; 0.236959 ; -3.18628
8.66436 ; 1.9256 ; -1.74517 ; 2.49472
2.82819 ; 8.02919 ; 0.38608 ; -1.4058
8.71231 ; 1.95833 ; -2.13921 ; 2.35459
8.52408 ; 7.90187 ; 0.0689749 ; -0.35053
8.09559 ; 2.17401 ; -7.25188 ; 2.74767
2.61001 ; 1.98217 ; 2.07937 ; 1.91916
2.75724 ; 8.03392 ; 0.897843 ; -1.66499
7.26953 ; 2.12874 ; 3.74314 ; -0.47421
8.69954 ; 8.0098 ; -3.81005 ; -4.23174
4.8456 ; 8.01345 ; -4.83941 ; -0.67391
8.59203 ; 2.24654 ; -0.196285 ; -0.300591
8.60483 ; 2.01215 ; -0.77307 ; 1.20062
2.89188 ; 2.0686 ; -0.29999 ; 0.354268
2.94567 ; 7.79169 ; 0.487399 ; -6.42237
6.94312 ; 2.15587 ; 4.29114 ; -0.611013
6.25317 ; 2.5289 ; -6.25099 ; -1.81497
8.67011 ; 2.01986 ; -1.26692 ; 1.35436
4.50082 ; 6.10994 ; -4.71899 ; -6.65762
2.87248 ; 7.19306 ; -0.688276 ; 2.29602
8.73496 ; 8.05573 ; -2.47497 ; -2.81047
8.69939 ; 2.26663 ; -0.859733 ; -0.231747
8.39979 ; 2.30021 ; 0.796116 ; -0.745155
8.74064 ; 2.16517 ; -1.44496 ; 0.453753
8.80376 ; 7.53111 ; -1.3566 ; 1.09957
8.47665 ; 6.96366 ; -0.54314 ; -7.14895
8.64915 ; 8.07483 ; -1.26865 ; -2.16512
2.90138 ; 7.95456 ; -0.18922 ; -0.677619
2.68194 ; 1.99558 ; 1.18867 ; 1.35518
8.69255 ; 7.98046 ; -1.25202 ; -1.31507
6.23603 ; 2.47664 ; 5.17507 ; -1.86835
8.37699 ; 8.06578 ; 0.554113 ; -1.28502
7.75854 ; 7.65979 ; 2.78691 ; 1.08021
7.83501 ; 8.02081 ; 2.45716 ; -5.16607
2.6342 ; 8.0466 ; 2.55295 ; -2.86572
2.76411 ; 8.06466 ; 0.963398 ; -1.98585
3.20387 ; 3.74898 ; -1.23075 ; -4.39895
8.70439 ; 2.27338 ; -0.898247 ; -0.247494
8.80683 ; 2.06073 ; -3.44071 ; 2.01322
2.88223 ; 2.12508 ; 6.43176 ; 3.16693
8.73969 ; 8.05236 ; -2.68474 ; -2.97169
3.87226 ; 5.01277 ; -3.68204 ; 5.82388
3.04664 ; 1.80809 ; -0.578861 ; 3.01555
4.10383 ; 2.23855 ; 6.96655 ; 0.0852816
8.74608 ; 7.96358 ; -1.71097 ; -1.37381
2.66759 ; 8.05966 ; 1.99217 ; -2.5846
8.60527 ; 1.98207 ; -0.863036 ; 1.46227
3.91521 ; 2.32331 ; 6.39301 ; -0.545087
8.18932 ; 3.12848 ; 1.38831 ; 6.66485
2.91116 ; 6.07636 ; -1.02824 ; 4.55042
2.65689 ; 1.94688 ; 1.70285 ; 2.05213
6.3109 ; 8.05572 ; 5.18059 ; -3.35079
2.60101 ; 7.48919 ; 1.02416 ; 1.23642
8.65035 ; 6.42252 ; -0.133911 ; 4.06424
8.5854 ; 6.34666 ; 0.410017 ; 4.16289
7.89995 ; 7.40974 ; 2.51916 ; 0.914283
4.78196 ; 7.46042 ; -4.80503 ; 2.0849
8.72767 ; 7.77017 ; -1.022 ; 0.0615335
8.65061 ; 2.38678 ; -0.379103 ; -0.865865
7.12966 ; 7.77329 ; -6.9617 ; -0.209957
8.5346 ; 7.77751 ; 0.177212 ; 0.311629
8.69205 ; 1.97469 ; -1.70058 ; 1.92066
2.59016 ; 2.73063 ; 0.830295 ; -2.09724
8.48472 ; 2.23181 ; -1.35693 ; 6.59881
2.66945 ; 7.34488 ; 0.418833 ; 1.80735
8.52437 ; 8.04774 ; -0.21879 ; -1.41395
3.71645 ; 7.46348 ; -3.08416 ; 1.95755
3.92486 ; 6.20672 ; 6.6959 ; 4.66386
6.823 ; 7.5225 ; -7.06961 ; -5.83652
3.62955 ; 6.20462 ; -3.14075 ; 4.48259
2.91763 ; 2.31748 ; 0.556723 ; 6.6511
8.76519 ; 7.86011 ; -1.57272 ; -0.594774
2.60845 ; 1.95582 ; 2.99588 ; 2.98731
2.93201 ; 1.82796 ; 0.195255 ; 3.95934
3.00644 ; 8.1407 ; -0.360626 ; -2.26929
8.68157 ; 1.96461 ; -1.64634 ; 1.98254
8.55269 ; 3.47282 ; -1.95696 ; 7.21873
2.66987 ; 8.06421 ; 2.01379 ; -2.661
2.53003 ; 7.85387 ; 2.82596 ; -1.01323
7.11137 ; 2.02976 ; 3.98143 ; 0.0996248
5.27518 ; 2.72927 ; 6.08812 ; -2.5685
2.66979 ; 7.98167 ; 1.44042 ; -1.49372
8.54658 ; 8.03541 ; -0.327307 ; -1.35656
8.67701 ; 8.00951 ; -1.22377 ; -1.52366
8.79972 ; 7.9767 ; -3.09413 ; -2.17323
8.62411 ; 2.46956 ; -0.129196 ; -1.22097
8.77684 ; 7.99611 ; -3.55258 ; -2.81781
7.82595 ; 7.69792 ; 2.65857 ; 1.11924
8.48497 ; 3.73481 ; -0.336687 ; 6.93276
8.77907 ; 2.10194 ; -2.0784 ; 1.08807
8.48162 ; 7.13937 ; -0.552195 ; -6.89083
5.49017 ; 7.88557 ; -5.56316 ; 0.0368308
2.70055 ; 7.83565 ; 0.777656 ; -0.283391
2.67774 ; 1.90272 ; 2.34572 ; 3.56124
2.60185 ; 1.96988 ; 3.331 ; 3.10987
3.58203 ; 2.90625 ; -2.90787 ; -2.91243
8.26627 ; 4.28986 ; 1.74473 ; -5.10508
2.62409 ; 1.94834 ; 3.15132 ; 3.36443
3.14869 ; 6.98178 ; 6.41166 ; -6.58221
8.7032 ; 7.99036 ; -1.38089 ; -1.4439
8.77296 ; 7.81625 ; -1.52517 ; -0.319626
2.61863 ; 1.96009 ; 2.74512 ; 2.90935
8.28122 ; 2.4553 ; 1.36621 ; -1.43801
8.75725 ; 1.98513 ; -2.8061 ; 2.53442
2.64256 ; 2.47436 ; 0.617909 ; -1.25904
8.71618 ; 8.07061 ; -2.26569 ; -2.8612
3.08604 ; 1.90759 ; -0.729519 ; 4.56215
8.5266 ; 6.53196 ; -1.00884 ; -7.18633
8.40273 ; 7.89485 ; 0.666662 ; -0.150533
8.21584 ; 7.96794 ; 1.33519 ; -0.392704
8.5403 ; 7.45945 ; -6.23867 ; 0.466466
3.01151 ; 2.82546 ; 5.40562 ; 7.40177
2.85101 ; 8.06136 ; 0.330148 ; -1.65572
8.61725 ; 7.91178 ; -4.06221 ; -5.56781
3.12637 ; 2.28387 ; 6.83467 ; 5.52665
2.72883 ; 7.81611 ; 5.89508 ; -1.60243
8.73687 ; 8.05511 ; -2.66954 ; -2.9987
8.35123 ; 2.08931 ; 0.781503 ; 0.215369
7.49854 ; 3.50241 ; 3.58342 ; -4.02867
8.68986 ; 8.01882 ; -1.38062 ; -1.67454
3.76805 ; 2.70726 ; -3.12786 ; -2.44236
3.54252 ; 2.26187 ; -2.62724 ; -0.989079
2.62341 ; 8.02748 ; 2.40512 ; -2.49074
3.85201 ; 2.13214 ; -3.29747 ; -0.43981
6.09352 ; 4.18957 ; -6.3233 ; 6.67203
2.56984 ; 7.6863 ; 1.59946 ; 0.301186
2.7108 ; 1.88102 ; 1.74842 ; 3.21114
8.49035 ; 2.31913 ; 0.418346 ; -0.752104
8.73434 ; 1.99943 ; -2.08074 ; 1.91329
8.63185 ; 2.24268 ; -0.443698 ; -0.222497
3.58261 ; 2.9765 ; -2.81504 ; 3.97998
2.72412 ; 2.41888 ; 0.167593 ; -1.12189
2.62644 ; 7.88394 ; 1.49892 ; -0.808797
2.67973 ; 2.0576 ; 1.01129 ; 0.841018
8.44634 ; 2.00281 ; 0.203808 ; 0.906976
2.7882 ; 7.82703 ; 6.15409 ; -1.85309
7.81492 ; 7.76024 ; 2.62519 ; 0.85848
2.68353 ; 2.12792 ; 0.807545 ; 0.346826
8.5976 ; 2.31892 ; -0.134463 ; -0.631534
2.96687 ; 6.50757 ; -0.258813 ; -7.05437
3.902 ; 2.30568 ; -3.41612 ; -1.23167
8.73659 ; 1.96296 ; -2.98712 ; 3.01607
8.60811 ; 1.89861 ; -1.95528 ; 4.18192
2.60963 ; 8.02275 ; 2.76238 ; -2.71027
2.58107 ; 1.99512 ; 2.51292 ; 2.03223
8.62873 ; 2.07115 ; -4.82857 ; 4.84182
2.64136 ; 8.04894 ; 2.93499 ; -3.4064
2.93599 ; 7.30243 ; 0.541666 ; -7.21437
7.23551 ; 7.95393 ; 3.80943 ; -0.0114824
2.61321 ; 1.95048 ; 2.92277 ; 2.99849
2.60653 ; 2.06458 ; 1.64907 ; 1.02512
2.65904 ; 8.0099 ; 3.73214 ; -4.08492
2.73308 ; 7.9954 ; 0.95536 ; -1.38213
8.63686 ; 7.9168 ; -5.4633 ; -3.80991
4.62721 ; 7.93124 ; -4.75574 ; -4.61275
8.70069 ; 1.94149 ; -2.15523 ; 2.57124
7.67039 ; 4.62729 ; 3.30774 ; -5.48752
8.05019 ; 1.88935 ; 1.71459 ; 1.37345
8.51108 ; 2.94766 ; 0.704616 ; -2.74285
3.20356 ; 1.82765 ; -1.29034 ; 2.1113
4.12383 ; 2.12031 ; -3.81601 ; -0.425207
2.74567 ; 1.92715 ; 0.917812 ; 1.83069
2.66995 ; 8.06488 ; 2.01543 ; -2.66493
2.61011 ; 1.95486 ; 2.48859 ; 2.49927
2.69153 ; 2.08676 ; 0.844527 ; 0.596972
2.61408 ; 1.96729 ; 2.15319 ; 2.1066
6.79365 ; 7.9195 ; 4.53032 ; 0.123143
8.75103 ; 1.97744 ; -3.07063 ; 2.88078
7.62867 ; 2.2422 ; 3.05408 ; -0.931152
8.61761 ; 7.78791 ; -0.294313 ; 0.140403
8.51712 ; 2.02688 ; -0.142347 ; 0.86298
6.27788 ; 2.07487 ; 5.13965 ; 0.00649917
2.80616 ; 7.81591 ; 0.0979556 ; 0.0149083
8.55861 ; 2.03278 ; -0.383203 ; 0.918544
7.45814 ; 7.99522 ; 3.34795 ; -0.27095
7.50898 ; 6.27609 ; -6.73706 ; 4.59846
3.08235 ; 2.78556 ; -0.86822 ; 6.82632
3.13471 ; 6.6236 ; -1.81377 ; 3.71629
6.81471 ; 2.12582 ; 4.3781 ; -0.445905
3.11638 ; 5.68156 ; -1.78645 ; 5.03757
3.53574 ; 6.12808 ; -2.92672 ; 4.49254
2.62201 ; 8.03669 ; 2.8328 ; -2.99724
4.75002 ; 7.93704 ; -4.71673 ; -0.0196548
6.45981 ; 7.77554 ; -6.23479 ; 0.338207
2.715 ; 1.93896 ; 1.13167 ; 1.82331
8.72151 ; 1.98688 ; -3.7896 ; 3.73762
2.64084 ; 8.05046 ; 2.72071 ; -3.18437
8.71846 ; 8.05491 ; -1.99176 ; -2.40119
8.67966 ; 6.1937 ; -4.41729 ; 4.57818
7.48757 ; 2.28286 ; -6.20778 ; -0.21949
2.78131 ; 8.00339 ; 0.624589 ; -1.30541
8.74622 ; 5.50892 ; -2.62695 ; 5.47951
2.63729 ; 8.00229 ; 1.90007 ; -1.89488
8.7122 ; 1.98061 ; -3.73283 ; 3.85724
3.63421 ; 8.13998 ; -2.63656 ; -3.74935
7.88944 ; 7.49996 ; 2.57239 ; 1.78692
5.34202 ; 7.69488 ; -5.27553 ; 1.15619
2.6313 ; 7.96037 ; 1.73624 ; -1.46082
2.78957 ; 7.41056 ; 5.82263 ; 1.37129
8.04409 ; 7.46421 ; -6.77983 ; 1.38012
8.86007 ; 7.81688 ; -3.39003 ; -0.794276
2.63966 ; 8.03794 ; 3.18589 ; -3.5622
3.65876 ; 6.81832 ; -3.01116 ; -6.66005
2.90537 ; 6.77981 ; -0.96413 ; 3.35251
2.88892 ; 2.10694 ; 0.865927 ; 6.18355
8.24046 ; 8.03103 ; 1.1777 ; -0.840031
7.61052 ; 7.37494 ; 3.18315 ; -0.343027
8.67612 ; 1.97308 ; -1.53854 ; 1.84836
2.62127 ; 7.94286 ; 1.76826 ; -1.33963
8.75175 ; 8.02837 ; -2.30709 ; -2.29876
8.41172 ; 7.94645 ; 0.562793 ; -0.468023
8.35738 ; 8.01246 ; 0.703358 ; -0.845613
8.74126 ; 1.96832 ; -3.12464 ; 3.08187
2.64917 ; 1.97727 ; 3.76284 ; 4.01478
2.55996 ; 2.27197 ; 1.56555 ; -0.232228
7.75068 ; 2.64616 ; 2.87004 ; -2.23855
5.84671 ; 2.63975 ; -5.95588 ; -2.2739
2.63203 ; 8.04524 ; 2.57746 ; -2.87039
8.71938 ; 1.9461 ; -2.64013 ; 2.93709
4.40546 ; 7.70825 ; 6.8342 ; 0.346211
2.95541 ; 7.91683 ; -0.503871 ; -0.351661
6.76291 ; 2.25764 ; -6.70801 ; -0.223145
8.56243 ; 4.05317 ; -4.49976 ; -4.9468
2.92937 ; 2.15157 ; 0.512664 ; 6.33087
8.86958 ; 2.88717 ; -2.16182 ; -2.43333
8.33121 ; 7.97163 ; 0.879179 ; -0.561807
2.64613 ; 1.98478 ; 3.88813 ; 3.96635
2.73458 ; 1.95478 ; 0.904179 ; 1.56953
8.4902 ; 7.7956 ; -5.75122 ; -5.62807
8.67658 ; 2.08725 ; -1.08959 ; 0.830699
3.33796 ; 2.37604 ; -2.1412 ; -1.33412
8.50403 ; 2.10449 ; 0.0761051 ; 0.338679
2.93016 ; 7.68248 ; 6.52272 ; -0.263076
2.68963 ; 1.94457 ; 2.96923 ; 4.44218
2.85272 ; 6.04536 ; -0.757221 ; 4.55271
8.39242 ; 5.32117 ; 1.1994 ; 3.76448
2.65383 ; 2.34755 ; 5.543 ; -0.180455
8.71003 ; 1.96511 ; -3.45952 ; 3.78634
8.72212 ; 1.98173 ; -3.69744 ; 3.69655
2.60302 ; 1.95972 ; 2.65118 ; 2.57372
8.71152 ; 7.95896 ; -1.35017 ; -1.19231
5.04835 ; 2.10997 ; -5.13381 ; -0.126951
2.61718 ; 1.95195 ; 3.11708 ; 3.22364
8.77032 ; 8.00149 ; -2.3705 ; -2.03264
3.74563 ; 7.23625 ; 7.36105 ; -6.95012
8.71228 ; 8.00737 ; -3.8833 ; -4.02464
2.6933 ; 7.96233 ; 1.15995 ; -1.22914
2.7224 ; 2.64252 ; 0.175468 ; -1.01187
2.92274 ; 6.10993 ; 0.234147 ; -6.89941
8.70587 ; 1.95186 ; -2.10762 ; 2.40495
8.81407 ; 6.2361 ; -1.78792 ; 4.39154
8.67522 ; 2.05793 ; -1.17104 ; 1.04788
2.64688 ; 8.05647 ; 2.76888 ; -3.33086
8.05247 ; 1.95275 ; 1.76721 ; 0.824085
8.78306 ; 7.65799 ; -1.32014 ; 0.538855
2.80807 ; 8.13233 ; 1.00681 ; -3.15889
2.57671 ; 2.05945 ; 2.15244 ; 1.23442
8.85048 ; 7.85031 ; -3.5518 ; -1.08657
5.7428 ; 2.20235 ; 5.98635 ; 3.33905
2.89168 ; 8.09012 ; 0.147796 ; -1.93884
3.27183 ; 2.54271 ; -1.99239 ; -1.86072
8.49867 ; 7.68963 ; -4.78186 ; -6.56746
8.58287 ; 1.95112 ; -2.1082 ; 5.06166
2.78883 ; 4.03226 ; 3.17225 ; 6.93146
7.98462 ; 7.73835 ; 2.23567 ; 0.898396
3.62941 ; 7.14444 ; 7.26472 ; -7.14511
8.73015 ; 8.03954 ; -3.27405 ; -3.56817
2.62364 ; 8.03789 ; 2.88442 ; -3.07265
2.67474 ; 7.88966 ; 1.09396 ; -0.710611
8.72039 ; 1.95423 ; -3.13493 ; 3.40625
3.91359 ; 1.85491 ; -3.37624 ; 1.61549
2.69594 ; 5.49235 ; 3.81624 ; 5.5104
3.08212 ; 8.12836 ; -0.755718 ; -1.92764
2.82581 ; 1.96212 ; 0.287058 ; 1.52069
3.3029 ; 8.0591 ; -1.51524 ; -5.1155
2.65585 ; 8.03518 ; 1.90211 ; -2.22625
8.73324 ; 2.05697 ; -1.72865 ; 1.28337
2.65253 ; 1.94048 ; 1.80946 ; 2.18345
2.52224 ; 7.54389 ; 4.44086 ; 0.672328
3.31218 ; 2.88691 ; -1.95912 ; 6.55296
2.96471 ; 7.72831 ; 6.30575 ; -0.496797
5.62958 ; 2.12076 ; 6.12437 ; 4.06725
3.05398 ; 7.60011 ; -0.337621 ; -6.79369
8.73405 ; 1.96663 ; -2.49029 ; 2.51241
2.60976 ; 1.96606 ; 2.2497 ; 2.18205
7.20395 ; 7.25952 ; 3.98045 ; 2.60178
8.45548 ; 1.93126 ; 0.00513136 ; 1.53854
8.67972 ; 1.99552 ; -1.45914 ; 1.62881
4.11592 ; 7.67225 ; -3.75118 ; 1.32449
8.76803 ; 3.37782 ; -0.790176 ; -3.60394
8.29395 ; 5.12779 ; 1.52245 ; -5.93726
8.33014 ; 7.72668 ; -6.78395 ; -0.505105
2.64216 ; 1.9407 ; 1.96383 ; 2.28086
2.63583 ; 1.92866 ; 2.43202 ; 2.86629
8.47433 ; 8.06688 ; 0.0376204 ; -1.47679
2.64542 ; 8.02073 ; 3.53985 ; -3.82251
8.72905 ; 8.03401 ; -3.39432 ; -3.64478
8.61999 ; 5.4922 ; -2.76471 ; -6.56375
3.98573 ; 4.22474 ; -3.85879 ; -5.09538
2.77804 ; 4.66718 ; 0.27031 ; 6.1836
7.43023 ; 7.9939 ; 3.42825 ; -0.26086
8.67233 ; 2.02066 ; -1.27936 ; 1.35541
8.78131 ; 7.84736 ; -1.69442 ; -0.543993
8.69164 ; 1.98404 ; -1.642 ; 1.80997
8.34536 ; 7.12419 ; 0.416708 ; -7.16604
7.49512 ; 1.91141 ; 3.23848 ; 1.09637
4.19769 ; 5.45305 ; -4.24883 ; -6.25845
2.82059 ; 7.23468 ; -0.456813 ; 2.24334
8.59642 ; 2.08156 ; -0.516235 ; 0.652221
2.72261 ; 7.95535 ; 0.906661 ; -1.07514
8.5169 ; 1.85217 ; -0.815344 ; 3.31378
2.60022 ; 2.17075 ; 1.39061 ; 0.273988
2.62143 ; 1.98386 ; 1.89763 ; 1.80164
2.91075 ; 7.59317 ; -0.636496 ; 1.13008
2.60952 ; 2.03069 ; 1.77058 ; 1.3271
2.69494 ; 8.04869 ; 1.52641 ; -2.13851
2.60046 ; 1.96321 ; 3.00323 ; 2.86467
2.80378 ; 7.7907 ; 6.22715 ; -1.36815
7.84923 ; 5.98962 ; -6.53776 ; -7.06223
6.24574 ; 5.55267 ; 5.21129 ; 5.3989
3.66249 ; 1.972 ; -2.81811 ; 0.470554
2.75421 ; 7.43414 ; -0.010656 ; 1.58062
8.73918 ; 1.97445 ; -3.37346 ; 3.28241
3.01192 ; 1.89597 ; -0.615118 ; 1.50788
3.84189 ; 4.11131 ; -3.59119 ; 6.46405
2.81094 ; 8.04549 ; 0.542885 ; -1.60507
2.80364 ; 8.09622 ; 1.5367 ; -4.61336
2.72596 ; 2.99719 ; -0.118621 ; -2.86219
2.79736 ; 1.94124 ; 1.65281 ; 5.16979
3.01345 ; 2.08696 ; -0.860927 ; 0.116783
8.69432 ; 7.96624 ; -1.21951 ; -1.19722
8.72975 ; 1.99658 ; -2.04125 ; 1.91514
8.72898 ; 8.01301 ; -1.77467 ; -1.82292
2.81863 ; 7.81373 ; 6.27814 ; -1.69664
8.88758 ; 2.46898 ; -3.34574 ; -0.809249
8.72579 ; 7.8519 ; -1.17167 ; -0.430791
2.71973 ; 8.06515 ; 1.37475 ; -2.22439
8.17038 ; 2.09224 ; 1.48633 ; 0.0305182
4.66649 ; 7.95546 ; -4.63636 ; -0.125074
3.16529 ; 2.25962 ; -1.55885 ; -0.82027
8.60526 ; 7.97129 ; -0.554047 ; -0.982468
5.81268 ; 5.44558 ; 5.93684 ; -6.40134
7.17161 ; 1.84815 ; 3.92264 ; 2.39957
8.73896 ; 8.00645 ; -3.82883 ; -3.55446
8.79322 ; 7.9746 ; -3.60166 ; -2.48865
2.59777 ; 1.98933 ; 2.21587 ; 1.92512
2.72584 ; 8.08049 ; 1.40794 ; -2.43465
8.14422 ; 7.2903 ; 1.97035 ; 2.31019
3.02258 ; 7.96337 ; -0.390074 ; -4.12414
3.80585 ; 8.13635 ; -3.06154 ; -1.59477
2.69985 ; 2.75992 ; 0.0960764 ; -2.23709
8.65514 ; 2.12252 ; -0.827216 ; 0.515993
2.6201 ; 8.03412 ; 2.70411 ; -2.82626
3.01616 ; 2.57285 ; -1.21974 ; -1.84659
2.7238 ; 8.00884 ; 1.07169 ; -1.55187
8.20033 ; 2.1805 ; -6.64523 ; 1.46002
8.59713 ; 4.39246 ; -3.22603 ; 6.66518
2.84443 ; 2.03287 ; 0.02854 ; 0.661845
8.77493 ; 2.0148 ; -2.74424 ; 2.14848
8.27242 ; 2.48459 ; 1.41993 ; -1.54509
8.73809 ; 8.02614 ; -2.14442 ; -2.30543
8.54077 ; 7.97774 ; -0.160164 ; -0.884827
8.40039 ; 3.18632 ; 0.0815452 ; 7.10002
8.73619 ; 1.96401 ; -3.12872 ; 3.15647
2.63522 ; 1.97101 ; 1.80772 ; 1.87206
8.19973 ; 2.02149 ; 1.3266 ; 0.490346
2.86085 ; 2.37257 ; -0.353067 ; -0.325976
2.85056 ; 6.85989 ; 3.28258 ; -7.46596
8.65152 ; 4.002 ; -0.0387675 ; -4.6654
8.17515 ; 7.14803 ; 1.89672 ; 2.6606
8.72939 ; 2.03741 ; -1.78143 ; 1.45776
2.80667 ; 2.33365 ; -0.188424 ; -0.855445
3.86323 ; 8.02527 ; -3.15969 ; -0.508843
2.79715 ; 2.50333 ; -0.27238 ; -1.48431
8.28837 ; 8.10483 ; 0.895601 ; -1.522
8.69846 ; 8.08537 ; -2.19807 ; -3.08735
2.90215 ; 8.1299 ; 0.647137 ; -4.44115
2.92643 ; 8.10546 ; 0.530646 ; -4.83626
6.32855 ; 8.06311 ; 5.15385 ; -1.65301
8.73669 ; 2.02278 ; -1.94659 ; 1.64699
3.1452 ; 3.79411 ; -1.52096 ; 6.71552
7.89748 ; 7.76635 ; 2.43611 ; 0.815813
2.89615 ; 8.04422 ; 0.0128512 ; -1.38187
8.75006 ; 1.98225 ; -2.61169 ; 2.42383
8.61255 ; 8.12735 ; -1.32966 ; -3.11217
4.498 ; 1.91593 ; -4.54768 ; 3.53636
3.05624 ; 7.1726 ; -0.556976 ; -7.01316
3.21679 ; 1.79578 ; -1.27302 ; 3.31768
8.65575 ; 7.96724 ; -0.905 ; -1.08433
3.79765 ; 4.09508 ; -3.50404 ; 6.49658
2.73711 ; 7.94178 ; 0.789407 ; -0.936677
8.74964 ; 1.98321 ; -2.594 ; 2.40356
2.65441 ; 2.04722 ; 1.24753 ; 0.997397
8.42384 ; 7.98616 ; 0.450881 ; -0.746408
8.73741 ; 8.02192 ; -1.95733 ; -2.00937
7.17336 ; 3.21187 ; 4.1106 ; -3.62442
2.52081 ; 2.20852 ; 4.30324 ; 0.686305
2.82577 ; 2.72178 ; 0.835447 ; 6.03333
2.68173 ; 2.1706 ; 0.736978 ; 0.0968696
8.53913 ; 8.08785 ; -0.424579 ; -1.86836
7.68907 ; 2.67606 ; 1.36123 ; -2.20947
8.6208 ; 8.05051 ; -0.902705 ; -1.72811
2.59982 ; 8.01197 ; 2.88493 ; -2.65479
8.31494 ; 5.70501 ; -5.75217 ; 5.34712
5.01496 ; 2.06483 ; -5.13052 ; 0.143091
8.73851 ; 1.96548 ; -2.66628 ; 2.66684
8.67796 ; 2.0051 ; -1.39922 ; 1.52703
2.71569 ; 1.93233 ; 1.1519 ; 1.89654
8.30293 ; 2.00779 ; 0.900382 ; 0.670281
7.31658 ; 5.96636 ; 3.92165 ; 4.4424
8.81495 ; 7.81165 ; -3.9323 ; -0.771087
4.26618 ; 1.87234 ; -4.0524 ; 3.0191
2.85418 ; 7.64353 ; 2.97511 ; 0.567943
8.77836 ; 2.01435 ; -2.88489 ; 2.237
8.35628 ; 8.08233 ; 0.620478 ; -1.40084
8.72237 ; 1.96111 ; -3.28946 ; 3.48707
8.70131 ; 8.08096 ; -2.10732 ; -2.88984
7.9895 ; 1.90991 ; 1.93488 ; 1.13586
6.10021 ; 2.27634 ; 5.66318 ; 5.03974
8.60315 ; 4.41186 ; 0.217576 ; -4.70927
2.46915 ; 7.22033 ; 3.00913 ; 2.06486
8.71417 ; 1.99407 ; -3.9401 ; 3.87186
2.59081 ; 2.78304 ; 0.803064 ; -2.25046
8.69453 ; 8.0225 ; -1.44056 ; -1.73335
8.71285 ; 8.06396 ; -2.01329 ; -2.53324
2.64943 ; 8.05396 ; 2.26419 ; -2.72176
2.9715 ; 6.60952 ; -0.237168 ; -7.08296
8.48153 ; 7.83879 ; -6.5282 ; -2.09592
8.62144 ; 7.8471 ; -0.408909 ; -0.194366
2.8027 ; 2.67627 ; -0.396759 ; -2.04793
8.41175 ; 3.06067 ; -0.0200425 ; 6.9945
8.77088 ; 7.85624 ; -1.60432 ; -0.578635
3.00752 ; 7.82666 ; 6.80047 ; -2.15544
3.97311 ; 7.49962 ; -1.15867 ; -6.93
8.63616 ; 8.1045 ; -1.34173 ; -2.6191
8.48382 ; 4.18466 ; 0.879586 ; -4.89647
6.07719 ; 2.48662 ; 5.66677 ; 5.72666
8.50581 ; 2.12584 ; 0.0665073 ; 0.41193
8.76374 ; 8.01789 ; -2.44273 ; -2.264
2.64775 ; 8.0584 ; 2.45432 ; -2.96219
3.07711 ; 3.00608 ; -1.02274 ; 6.13275
5.6389 ; 2.30088 ; -5.75911 ; -1.00816
8.85112 ; 2.32123 ; -4.22997 ; 0.0791798
2.62048 ; 8.00237 ; 2.14593 ; -2.03294
2.98452 ; 7.76256 ; -0.798086 ; 0.491607
2.96334 ; 7.42628 ; -0.946564 ; 1.66741
2.63826 ; 1.95683 ; 1.87235 ; 2.04656
8.63435 ; 2.06105 ; -1.0248 ; 0.954976
8.71734 ; 8.01508 ; -3.75711 ; -3.9315
2.96749 ; 2.1127 ; -0.699434 ; 0.0202651
8.41927 ; 7.91018 ; -0.0539663 ; -4.80937
8.74229 ; 8.04964 ; -2.58371 ; -2.81947
2.59881 ; 7.96716 ; 2.20877 ; -1.74023
3.241 ; 2.14166 ; -1.73708 ; -0.340174
2.74545 ; 8.11143 ; 1.50209 ; -3.09282
4.55919 ; 1.8938 ; -4.4405 ; 1.57679
2.68082 ; 8.04485 ; 1.65832 ; -2.17337
8.65732 ; 2.02271 ; -1.14876 ; 1.2815
2.88046 ; 1.90896 ; 0.044426 ; 1.69176
2.61166 ; 1.95476 ; 3.07502 ; 3.10122
2.97773 ; 8.0908 ; -0.32692 ; -1.67059
2.82083 ; 1.92533 ; 0.373163 ; 1.60348
8.71796 ; 1.94429 ; -2.68281 ; 3.01189
4.32449 ; 3.16557 ; 6.67074 ; -3.56594
8.41289 ; 8.16916 ; -0.078079 ; -3.9535
6.97521 ; 5.49136 ; -6.73208 ; 5.59102
2.83662 ; 2.74125 ; -0.579336 ; -2.25213
3.12015 ; 2.28472 ; 6.8177 ; 5.5051
6.5883 ; 2.20467 ; -6.64861 ; 0.100003
8.75278 ; 2.40947 ; -5.27059 ; -0.339402
2.73541 ; 1.87595 ; 1.75964 ; 3.7565
8.41498 ; 2.08523 ; -0.34951 ; 5.73922
2.70658 ; 7.79802 ; 0.671011 ; -0.0479741
2.93942 ; 2.35582 ; 0.253894 ; 6.49399
2.99149 ; 2.64946 ; -1.08484 ; -2.05857
7.75804 ; 7.7256 ; 2.79442 ; 1.03052
3.03536 ; 2.39409 ; -1.13868 ; -1.25679
8.74052 ; 8.04836 ; -2.44196 ; -2.67437
3.49082 ; 2.52262 ; -2.56838 ; -1.87706
2.57936 ; 7.56062 ; 1.31678 ; 0.915686
8.42126 ; 7.88156 ; 0.566713 ; -0.11849
8.12379 ; 7.95932 ; 1.67765 ; -0.26079
2.60782 ; 7.97063 ; 2.09592 ; -1.71468
4.99751 ; 2.15307 ; -5.07797 ; -0.43657
3.79383 ; 7.84782 ; -3.13006 ; 0.526865
3.09614 ; 2.41477 ; -1.41936 ; -1.3741
8.55519 ; 7.96965 ; -0.250536 ; -0.862676
3.41358 ; 1.83812 ; -2.09847 ; 1.86559
2.60284 ; 7.81675 ; 5.05632 ; -1.3464
6.86324 ; 2.20845 ; 4.38438 ; -0.855375
8.38709 ; 2.39124 ; 0.902493 ; -1.12009
8.74276 ; 1.98163 ; -3.49064 ; 3.29274
3.25165 ; 7.66158 ; -1.81758 ; 1.08368
2.98533 ; 7.81654 ; -0.753575 ; 0.234598
8.72043 ; 2.06766 ; -1.54927 ; 1.13484
5.12055 ; 7.3356 ; 6.29404 ; 2.2803
2.54329 ; 2.1478 ; 2.21583 ; 0.61666
7.54142 ; 7.15542 ; 3.43294 ; -6.64491
3.50955 ; 1.96947 ; -2.44074 ; 0.543975
3.30626 ; 4.48974 ; -2.29238 ; -4.40626
8.60121 ; 8.01492 ; -0.638603 ; -1.3202
8.34775 ; 2.20224 ; 0.920292 ; -0.372614
8.57087 ; 1.87245 ; -1.4392 ; 3.8517
2.76102 ; 1.86128 ; 1.41024 ; 3.53613
8.74372 ; 1.97007 ; -3.03766 ; 2.9634
8.74606 ; 1.97655 ; -3.28765 ; 3.12727
2.61019 ; 8.01994 ; 2.63045 ; -2.56647
2.6541 ; 8.05598 ; 2.19744 ; -2.69548
8.66437 ; 8.09519 ; -1.61565 ; -2.6839
8.79154 ; 7.63803 ; -1.37174 ; 0.621331
2.52597 ; 2.11225 ; 3.92254 ; 1.46321
2.59589 ; 5.85991 ; 3.07778 ; 4.99235
6.39121 ; 7.90987 ; 5.07638 ; 0.0424618
8.64308 ; 2.24199 ; -0.529912 ; -0.203576
2.66495 ; 8.00004 ; 3.88113 ; -4.19455
3.78333 ; 2.13209 ; -3.12744 ; -0.46942
5.90466 ; 3.03851 ; 5.93452 ; 6.67102
7.65127 ; 7.49873 ; 3.1167 ; -6.47766
8.51715 ; 7.77913 ; 0.260326 ; 0.322045
8.60012 ; 1.89928 ; -1.19776 ; 2.50184
2.53934 ; 2.14394 ; 2.20722 ; 0.649399
8.68463 ; 8.00287 ; -1.26446 ; -1.49058
2.73848 ; 8.0722 ; 2.28017 ; -4.53761
2.77168 ; 8.11712 ; 1.56572 ; -3.9115
8.7568 ; 1.98381 ; -3.1389 ; 2.8467
2.627 ; 8.02108 ; 2.22617 ; -2.28241
6.0645 ; 6.98108 ; 5.43636 ; 3.30623
2.52531 ; 2.08393 ; 3.21819 ; 1.46274
4.65384 ; 2.12296 ; 6.66255 ; 0.801421
8.75041 ; 7.90872 ; -1.55018 ; -0.907846
8.42394 ; 1.92421 ; -0.443809 ; 5.07843
8.49738 ; 7.55952 ; 0.55456 ; 1.27203
6.0837 ; 7.25084 ; -2.05287 ; 2.52709
2.97156 ; 2.83138 ; -1.1591 ; -2.55553
7.70935 ; 7.78977 ; -7.44778 ; -3.75929
7.97241 ; 7.86648 ; 2.20155 ; 0.332737
8.66683 ; 8.10318 ; -2.05587 ; -3.462
2.6149 ; 1.96105 ; 3.33393 ; 3.33172
3.04959 ; 8.11878 ; -0.634213 ; -1.9044
2.63297 ; 8.04478 ; 2.55158 ; -2.84523
8.75029 ; 2.0118 ; -2.225 ; 1.88743
7.93599 ; 7.98784 ; 2.23014 ; -0.324716
2.63212 ; 8.03944 ; 2.41502 ; -2.64916
6.41155 ; 8.06009 ; 5.06417 ; -1.47369
8.23149 ; 2.0494 ; 1.22009 ; 0.328314
8.46703 ; 2.28095 ; 0.483603 ; -0.612485
2.97454 ; 8.15775 ; 0.0879725 ; -4.06154
7.02721 ; 7.62127 ; -6.83191 ; 0.937311
2.78301 ; 2.12514 ; 0.184799 ; 0.181633
6.36788 ; 8.07563 ; 5.03995 ; -3.32015
2.65321 ; 8.00567 ; 3.79936 ; -3.99948
3.1369 ; 3.89203 ; 5.70469 ; -4.80409
8.72607 ; 8.02377 ; -3.59439 ; -3.7588
8.69188 ; 7.98746 ; -4.15267 ; -4.32242
2.6731 ; 1.92713 ; 1.64696 ; 2.23786
8.661 ; 8.02174 ; -1.13209 ; -1.58161
2.59965 ; 7.98696 ; 2.35454 ; -1.99183
7.52903 ; 7.49184 ; 3.4121 ; -6.44386
2.49131 ; 2.21765 ; 2.9091 ; 0.350211
8.4407 ; 2.30971 ; 0.632898 ; -0.761596
2.74931 ; 2.1757 ; 0.300925 ; -0.0442524
2.90823 ; 7.53174 ; -0.662662 ; 1.36076
8.71646 ; 2.27952 ; -0.965884 ; -0.261398
6.98496 ; 1.96919 ; 4.34789 ; 3.98942
8.70786 ; 8.01051 ; -1.51608 ; -1.67032
2.60048 ; 1.97951 ; 2.26639 ; 2.05137
3.49881 ; 4.67754 ; -2.83927 ; 6.0447
8.75253 ; 8.03604 ; -3.01544 ; -3.03033
8.61753 ; 1.90877 ; -2.15144 ; 4.30089
8.68666 ; 2.4886 ; -0.579704 ; -1.24228
7.20221 ; 7.35934 ; -6.67348 ; 1.9602
8.62201 ; 7.16167 ; 0.148987 ; 2.45343
8.71546 ; 2.00116 ; -1.8159 ; 1.75665
2.84637 ; 6.99538 ; 1.81046 ; -7.40433
8.74127 ; 8.00674 ; -1.89454 ; -1.82948
8.6835 ; 2.11464 ; -1.07571 ; 0.645346
7.98949 ; 4.94947 ; 2.49664 ; 5.40062
2.88141 ; 3.926 ; -0.876676 ; -4.62094
2.63066 ; 8.02698 ; 3.33859 ; -3.50072
2.63038 ; 8.03415 ; 2.35772 ; -2.53614
2.62891 ; 1.96508 ; 3.53237 ; 3.64123
2.65461 ; 2.0148 ; 1.3604 ; 1.27762
7.47363 ; 7.89267 ; 3.46653 ; -5.3169
8.48487 ; 4.62912 ; 0.407504 ; 6.09316
7.67606 ; 8.11863 ; 2.79155 ; -1.34735
2.81769 ; 5.29935 ; -0.397195 ; 5.48092
2.73377 ; 2.23377 ; 0.310803 ; -0.31653
2.64441 ; 8.05682 ; 2.60188 ; -3.09987
8.73009 ; 1.98128 ; -3.63047 ; 3.55335
8.52905 ; 2.88828 ; -1.65354 ; -2.57711
2.65822 ; 2.05708 ; 1.18887 ; 0.912351
2.61906 ; 2.10088 ; 1.41405 ; 0.695686
6.73899 ; 7.76693 ; -7.03627 ; -4.29
5.70872 ; 2.41196 ; -5.79162 ; -1.48394
4.44215 ; 2.22428 ; 6.9594 ; 4.62287
8.32556 ; 7.49228 ; 0.409348 ; -6.95568
5.56497 ; 2.14258 ; -5.61923 ; -0.15903
2.58272 ; 7.95508 ; 2.39164 ; -1.71083
3.94861 ; 7.76552 ; 7.11569 ; -0.496146
4.21337 ; 7.38743 ; -4.02345 ; 2.27115
8.71354 ; 1.9856 ; -3.81 ; 3.86225
2.80298 ; 8.01563 ; 1.77743 ; -5.35829
2.58606 ; 4.22973 ; 2.03804 ; -5.13416
2.88713 ; 2.16691 ; -0.399347 ; -0.176823
8.74072 ; 8.04429 ; -3.04287 ; -3.25376
2.66667 ; 7.99968 ; 1.55224 ; -1.6944
8.69946 ; 7.43028 ; -5.49603 ; 1.32505
2.90071 ; 7.90275 ; -0.26566 ; -0.342121
8.56872 ; 7.70059 ; 0.0784692 ; 0.629051
8.75111 ; 2.15315 ; -5.08772 ; 1.63328
7.55904 ; 5.23326 ; 3.55881 ; -5.97888
7.18374 ; 3.46027 ; 4.19307 ; 6.74173
8.69875 ; 1.96632 ; -3.49544 ; 3.99674
6.06454 ; 2.93992 ; 5.3857 ; -3.13324
8.74972 ; 2.28668 ; -1.22652 ; -0.230967
8.71503 ; 8.07357 ; -2.46897 ; -3.15534
7.38561 ; 6.16002 ; 3.83563 ; 4.59097
8.04649 ; 7.90102 ; 1.74075 ; -5.88276
2.65314 ; 7.96077 ; 1.51739 ; -1.36772
8.11089 ; 2.37634 ; 1.46339 ; 6.4868
8.04937 ; 7.87421 ; 1.85312 ; -3.89027
2.60458 ; 1.96001 ; 2.54337 ; 2.47879
3.04951 ; 6.87366 ; -0.730185 ; -6.67184
2.56251 ; 2.63004 ; 1.11128 ; -1.74714
8.37523 ; 8.02406 ; 0.623696 ; -0.9483
2.7181 ; 8.10252 ; 1.84006 ; -3.28015
8.6406 ; 4.50952 ; -1.44999 ; 6.40432
8.67721 ; 2.24266 ; -0.74154 ; -0.150248
6.37085 ; 6.31469 ; 3.61806 ; 4.31275
7.35414 ; 7.18642 ; 3.75342 ; 2.73311
2.79885 ; 8.01853 ; 0.548231 ; -1.38692
2.74369 ; 1.99253 ; 0.714679 ; 1.18723
4.21104 ; 7.72572 ; -3.40174 ; 1.07209
8.51005 ; 8.09753 ; -0.26642 ; -1.89736
7.59715 ; 2.15729 ; -7.32071 ; 2.84936
8.78234 ; 7.82755 ; -4.95911 ; -1.30554
8.17857 ; 2.69947 ; 1.83288 ; -2.2422
2.60882 ; 7.99334 ; 2.25551 ; -2.00321
8.34943 ; 2.1287 ; 0.840385 ; -0.0039326
8.79472 ; 2.03744 ; -3.28689 ; 2.21456
8.76195 ; 2.05927 ; -2.06419 ; 1.40964
2.68822 ; 1.89464 ; 2.14586 ; 3.4547
3.01296 ; 7.81247 ; 6.82828 ; -1.93807
2.66227 ; 8.06757 ; 2.24835 ; -2.91606
8.72581 ; 1.97503 ; -3.54826 ; 3.57974
2.64164 ; 8.05002 ; 2.89622 ; -3.37251
8.15275 ; 3.65891 ; 1.56141 ; 6.81727
4.27105 ; 7.58402 ; 7.30493 ; -5.49426
2.84029 ; 3.62242 ; 0.57989 ; 6.96541
2.6549 ; 1.98094 ; 1.51275 ; 1.62808
8.74658 ; 2.00235 ; -2.25058 ; 1.98325
2.65756 ; 7.34589 ; 5.26453 ; 1.62462
2.50011 ; 2.54001 ; 4.29126 ; -1.21197
8.74472 ; 1.97234 ; -2.68726 ; 2.59745
8.72263 ; 1.97286 ; -3.53753 ; 3.62025
8.58998 ; 1.94223 ; -0.890124 ; 1.82053
8.66367 ; 8.04708 ; -1.26396 ; -1.87123
2.68551 ; 7.66443 ; 0.638777 ; 0.607751
3.16301 ; 2.41932 ; -1.63908 ; -1.3873
8.70635 ; 7.28186 ; -0.405326 ; 2.05441
8.20492 ; 2.89736 ; -6.72384 ; 5.71883
8.7888 ; 7.96149 ; -3.95137 ; -2.54872
8.48172 ; 3.24261 ; -0.669155 ; 7.15575
8.74691 ; 8.04396 ; -2.55638 ; -2.70944
2.64594 ; 7.92463 ; 1.44656 ; -1.07494
3.22243 ; 7.71465 ; -1.69874 ; 0.885876
2.77876 ; 7.91092 ; 0.420416 ; -0.61054
2.63058 ; 2.17576 ; 1.11128 ; 0.169961
8.60966 ; 8.11865 ; -1.16929 ; -2.73411
5.71817 ; 5.50885 ; 6.05647 ; -6.45684
7.58693 ; 7.81001 ; -7.21461 ; -1.1339
2.57222 ; 2.09163 ; 1.94908 ; 0.940726
7.81494 ; 2.11565 ; 2.55657 ; -0.291374
2.98291 ; 5.6969 ; -0.818957 ; -6.44183
2.62424 ; 8.03869 ; 2.80244 ; -2.99557
8.58566 ; 1.88318 ; -1.65751 ; 4.04174
2.70142 ; 1.89155 ; 1.64436 ; 2.79399
2.68212 ; 7.53898 ; 0.494907 ; 1.12815
8.84387 ; 7.78588 ; -2.98023 ; -1.02301
2.85592 ; 7.7055 ; -0.281121 ; 0.59416
2.67484 ; 8.03994 ; 1.69179 ; -2.14645
2.83058 ; 2.08102 ; -0.00561905 ; 0.384207
2.78226 ; 3.76623 ; 2.17321 ; 7.0572
8.74836 ; 1.97925 ; -2.62176 ; 2.46138
8.6698 ; 7.88821 ; -0.814991 ; -0.539656
3.4482 ; 7.89272 ; -2.21792 ; 0.176812
8.75784 ; 8.0013 ; -3.77139 ; -3.21037
2.50713 ; 7.64691 ; 2.35005 ; 0.360022
2.67262 ; 2.21242 ; 5.69851 ; 0.968597
2.95989 ; 4.16034 ; -0.830807 ; 5.98761
8.77618 ; 7.1161 ; -4.7241 ; 2.50402
2.7072 ; 7.70898 ; 0.534856 ; 0.40136
2.81218 ; 7.65872 ; 3.56289 ; -6.83671
3.49003 ; 6.33202 ; -2.62799 ; -6.7897
2.98224 ; 8.02021 ; -0.478869 ; -1.01992
3.75634 ; 7.88263 ; -3.06623 ; -5.19799
8.51858 ; 2.22675 ; -6.34592 ; 1.09821
8.71761 ; 1.98229 ; -3.73537 ; 3.77645
2.81428 ; 7.48198 ; -0.266386 ; 1.47209
8.81214 ; 2.07785 ; -3.20232 ; 1.77499
8.69157 ; 8.05387 ; -1.59748 ; -2.13022
2.58488 ; 2.62021 ; 0.931986 ; -1.73686
8.73189 ; 2.03092 ; -1.84135 ; 1.5325
2.87689 ; 1.85679 ; 0.611272 ; 4.17531
4.71404 ; 2.26681 ; -4.71933 ; -1.06608
8.66988 ; 8.08142 ; -1.54715 ; -2.42871
8.7153 ; 7.29374 ; -0.468186 ; 2.01705
8.79722 ; 7.97078 ; -2.68503 ; -1.87859
3.234 ; 7.58467 ; 6.96375 ; -6.23768
8.06657 ; 4.57318 ; 2.37503 ; -5.40288
8.72329 ; 8.03991 ; -1.90689 ; -2.16832
2.62811 ; 8.02585 ; 3.32755 ; -3.45284
3.24479 ; 3.51274 ; 0.985502 ; -4.04401
2.74975 ; 2.17985 ; 0.293402 ; -0.0666285
8.70469 ; 1.96112 ; -1.98878 ; 2.22562
2.62636 ; 1.95772 ; 3.38381 ; 3.54031
7.50882 ; 3.7827 ; 3.6204 ; -4.50829
8.40872 ; 8.03688 ; 0.431614 ; -1.09991
2.80492 ; 4.45377 ; 0.20513 ; 6.37502
2.52386 ; 7.70835 ; 2.24209 ; 0.0697221
8.77787 ; 2.63134 ; -2.0014 ; -1.67635
8.54452 ; 1.99259 ; -0.392229 ; 1.19344
2.69676 ; 7.55835 ; 0.424077 ; 1.06107
5.03184 ; 2.11682 ; 6.46278 ; 0.573391
6.51026 ; 7.98787 ; 4.94935 ; -0.516694
2.77392 ; 7.98394 ; 0.623891 ; -1.16296
2.9699 ; 5.95954 ; 5.28498 ; 4.83262
7.04064 ; 4.61806 ; -6.9237 ; 6.51896
8.56939 ; 8.12318 ; -1.36667 ; -4.28384
8.47062 ; 2.27214 ; 0.460381 ; -0.571958
8.54924 ; 2.2572 ; 0.0497539 ; -0.410075
3.15974 ; 8.01866 ; -1.23731 ; -0.838751
2.97012 ; 2.14524 ; 6.74637 ; 2.76271
3.34876 ; 7.13752 ; -2.14797 ; 2.70518
8.72919 ; 1.97348 ; -2.25671 ; 2.27168
7.93074 ; 6.12881 ; 2.5795 ; -6.71172
2.5293 ; 6.64151 ; 1.61255 ; 3.58575
2.62681 ; 7.97465 ; 1.86137 ; -1.63488
2.6401 ; 7.0487 ; 0.473687 ; 2.65546
3.10066 ; 7.92974 ; -1.09676 ; -0.265214
8.56347 ; 7.71812 ; 0.0891241 ; 0.537267
3.08356 ; 7.83659 ; -1.12188 ; 0.227833
7.31655 ; 2.20963 ; 3.67243 ; -0.852949
8.84149 ; 2.44534 ; -1.98585 ; -0.866857
8.65919 ; 1.98696 ; -1.30705 ; 1.6199
3.56261 ; 1.97425 ; -2.56555 ; 0.478131
2.76269 ; 7.89834 ; 5.37396 ; -4.57826
8.00889 ; 8.19756 ; 1.80455 ; -2.85487
2.89011 ; 3.00244 ; -0.889716 ; -2.94253
8.75057 ; 2.08602 ; -1.79636 ; 1.10744
2.78518 ; 1.9787 ; 0.465081 ; 1.19334
8.54215 ; 7.68955 ; 0.197991 ; 0.572729
8.28146 ; 7.43002 ; 1.19852 ; 1.81675
2.6493 ; 7.71407 ; 0.934767 ; 0.301379
8.69934 ; 1.99627 ; -1.66285 ; 1.72087
8.70451 ; 8.02332 ; -1.54582 ; -1.79493
2.59769 ; 7.62912 ; 1.22417 ; 0.630599
4.67081 ; 4.82922 ; 6.71567 ; 6.248
8.16723 ; 2.14226 ; 1.53892 ; -0.230222
2.68748 ; 7.06284 ; 0.180797 ; 2.61484
2.7112 ; 1.99142 ; 0.962846 ; 1.29485
7.6472 ; 3.09051 ; -6.44378 ; -3.26758
8.65961 ; 7.59307 ; -0.327096 ; 0.992575
8.75924 ; 8.02679 ; -3.15043 ; -2.9978
8.66653 ; 1.98045 ; -1.40826 ; 1.71922
8.67291 ; 8.10027 ; -2.04886 ; -3.33738
5.36589 ; 2.63426 ; -5.38845 ; -2.30576
2.71403 ; 1.90251 ; 1.35198 ; 2.36813
8.0097 ; 7.08941 ; 2.39988 ; 2.84575
8.73897 ; 1.96585 ; -3.08514 ; 3.07576
2.82074 ; 2.02842 ; 0.133719 ; 0.724011
2.72435 ; 1.96248 ; 0.956552 ; 1.52778
3.59977 ; 8.00011 ; -2.50346 ; -5.23933
2.74391 ; 7.65382 ; 0.242211 ; 0.720895
8.74451 ; 4.02422 ; -3.47783 ; -4.86879
2.67505 ; 8.05507 ; 1.81625 ; -2.39118
2.70253 ; 8.04943 ; 1.45799 ; -2.10495
8.09218 ; 7.90106 ; 1.8251 ; -0.03545
2.97417 ; 2.07338 ; -0.685457 ; 0.230037
8.70444 ; 1.93352 ; -2.55651 ; 3.08677
8.72381 ; 1.97532 ; -2.14622 ; 2.18231
2.72425 ; 7.98716 ; 0.990725 ; -1.33846
8.63376 ; 2.9712 ; 0.0976496 ; -2.7253
8.7205 ; 1.96843 ; -2.16376 ; 2.26215
8.67883 ; 1.99241 ; -1.4639 ; 1.65361
4.69238 ; 7.67323 ; 6.66313 ; 0.718901
8.74893 ; 2.00203 ; -2.28927 ; 2.00835
2.54719 ; 6.09481 ; 2.48673 ; 4.59769
8.59539 ; 8.05184 ; -2.05186 ; -5.05828
8.75201 ; 7.34945 ; -0.777697 ; 1.75744
8.63618 ; 7.99524 ; -0.836064 ; -1.25043
2.6913 ; 8.00345 ; 1.33058 ; -1.61604
8.71765 ; 7.9507 ; -1.37167 ; -1.14708
2.64739 ; 7.98714 ; 1.69025 ; -1.65388
2.79774 ; 2.44758 ; -0.232636 ; -1.26996
8.69153 ; 8.05481 ; -1.60056 ; -2.13724
8.70161 ; 4.92036 ; -2.46789 ; 6.04239
8.68822 ; 7.96389 ; -4.64184 ; -3.99008
8.17294 ; 2.26392 ; 1.44187 ; 1.88564
7.86073 ; 7.34747 ; 2.69112 ; 2.24332
7.25989 ; 5.96689 ; -6.98315 ; -6.99219
8.74092 ; 1.97714 ; -2.47288 ; 2.38196
8.45073 ; 4.63262 ; 0.571151 ; 6.18738
8.62897 ; 7.97713 ; -0.735056 ; -1.08805
8.89168 ; 7.60332 ; -3.09203 ; 0.572678
6.75039 ; 5.53578 ; 4.74347 ; 5.38891
8.65695 ; 1.99341 ; -1.26022 ; 1.55021
8.43151 ; 7.45985 ; -0.441773 ; -7.06281
8.68042 ; 1.92551 ; -2.70021 ; 3.72139
8.68503 ; 2.01534 ; -4.25652 ; 4.28664
2.82334 ; 7.87585 ; 0.0953622 ; -0.301155
6.10662 ; 5.36579 ; 5.47444 ; 4.70345
8.64085 ; 8.07271 ; -1.18158 ; -2.09166
3.31857 ; 7.85021 ; -1.90558 ; 0.334926
7.84514 ; 7.82802 ; 2.55408 ; 0.568886
3.07567 ; 7.47769 ; -1.34006 ; 1.65946
8.27986 ; 1.94641 ; 0.910574 ; 1.09509
6.26751 ; 2.30748 ; 5.09362 ; -1.23075
8.70472 ; 7.92786 ; -1.19 ; -0.92019
2.86252 ; 3.09154 ; -0.787558 ; -3.09885
2.69275 ; 2.17188 ; 0.661561 ; 0.0698466
2.66536 ; 7.97273 ; 1.48647 ; -1.43878
8.49174 ; 6.11761 ; 0.853076 ; 4.49292
7.26858 ; 2.26828 ; 3.72909 ; -1.0971
2.74227 ; 1.98087 ; 2.62249 ; 5.23118
2.97519 ; 2.38716 ; -0.961911 ; -1.20075
8.80057 ; 7.7655 ; -1.70012 ; -0.0610514
2.86106 ; 8.14794 ; 0.763221 ; -3.68091
8.73658 ; 2.01098 ; -2.0255 ; 1.78502
2.67246 ; 2.77619 ; 0.250863 ; -2.25853
6.07226 ; 5.20936 ; -5.32805 ; -6.18875
8.71593 ; 7.86905 ; -5.40468 ; -2.02047
2.68113 ; 7.42105 ; 0.398463 ; 1.5649
8.73183 ; 8.0573 ; -2.40506 ; -2.77234
8.69503 ; 8.08279 ; -1.98757 ; -2.80521
2.62341 ; 1.93959 ; 2.74642 ; 3.00296
2.85489 ; 7.53314 ; 1.72176 ; -7.08688
2.62814 ; 1.94128 ; 2.25331 ; 2.49106
2.67149 ; 7.98704 ; 4.0727 ; -4.28334
7.53607 ; 7.97949 ; 3.21418 ; -0.171904
3.13517 ; 8.02123 ; -1.12964 ; -0.828971
8.57298 ; 2.20105 ; -0.15326 ; -0.101187
7.48219 ; 7.2946 ; 3.50361 ; 2.47753
2.6538 ; 2.18477 ; 0.911164 ; 0.0698233
2.53049 ; 2.17124 ; 2.22535 ; 0.492416
6.83592 ; 2.3391 ; 4.47292 ; -1.39493
3.24213 ; 7.24375 ; 6.61545 ; -7.26314
8.79802 ; 2.57347 ; -1.33657 ; -1.27211
2.6636 ; 2.00746 ; 4.23086 ; 4.16669
8.84708 ; 2.38498 ; -4.37019 ; -0.273674
8.5652 ; 8.13742 ; -0.87779 ; -2.87048
7.74405 ; 2.08494 ; 2.71719 ; -0.160141
8.11529 ; 7.9032 ; 1.74197 ; 0.0563986
2.75899 ; 1.92632 ; 0.815235 ; 1.79318
8.76507 ; 2.01536 ; -2.48383 ; 1.98992
2.67849 ; 1.93804 ; 1.50418 ; 2.03102
8.72168 ; 1.9503 ; -2.51566 ; 2.74572
2.86045 ; 2.14916 ; 1.2575 ; 6.3701
3.95001 ; 2.02408 ; -3.43444 ; 0.111995
4.35105 ; 6.57834 ; 6.63851 ; 4.03789
3.76652 ; 1.8898 ; -3.05165 ; 1.16817
5.19287 ; 2.05044 ; 6.46583 ; 2.46963
2.81388 ; 2.31185 ; -0.20277 ; -0.767588
3.03503 ; 8.02679 ; -0.708242 ; -0.993319
2.89373 ; 7.04394 ; -0.848918 ; 2.77368
8.57244 ; 5.50102 ; 0.236987 ; 5.34631
2.80891 ; 7.97932 ; 0.384267 ; -1.03699
2.90757 ; 2.26391 ; -0.585005 ; -0.651473
2.59994 ; 1.96262 ; 2.88392 ; 2.75218
8.07691 ; 7.76937 ; 1.94516 ; 0.721083
2.60557 ; 1.9616 ; 3.15097 ; 3.06054
3.84524 ; 7.70729 ; 6.86112 ; 0.05731
3.04406 ; 2.06372 ; -0.964505 ; 0.217158
2.8726 ; 2.33253 ; -0.488352 ; -0.884622
2.50698 ; 2.34537 ; 2.06277 ; -0.498125
3.9441 ; 2.28463 ; 6.87977 ; -0.241757
2.60829 ; 1.95387 ; 2.77621 ; 2.78401
2.79827 ; 8.1313 ; 1.24079 ; -3.65608
2.69132 ; 8.04073 ; 1.51885 ; -2.05639
2.67532 ; 7.89586 ; 1.10504 ; -0.752872
2.90106 ; 1.8516 ; 0.227193 ; 2.51218
6.357 ; 7.923 ; -6.63541 ; -2.54518
2.79791 ; 2.08351 ; 0.166226 ; 0.402696
8.51599 ; 4.62129 ; -5.09122 ; 6.03552
8.67156 ; 3.29574 ; -0.0668708 ; -3.45867
4.52985 ; 1.94562 ; -4.4929 ; 0.915989
8.73309 ; 1.97368 ; -3.44697 ; 3.41731
7.97805 ; 7.65172 ; 2.28899 ; 1.23554
8.69998 ; 7.59548 ; -0.588477 ; 0.938719
2.75558 ; 7.05139 ; -0.210544 ; 2.70067
8.32008 ; 2.40877 ; -6.30014 ; 6.53026
4.94446 ; 7.85388 ; -4.96528 ; 0.444785
7.33448 ; 3.9272 ; 3.94351 ; 6.52403
2.6091 ; 1.96265 ; 2.3164 ; 2.2663
2.85605 ; 6.90941 ; -0.728908 ; 3.0669
2.71668 ; 2.12717 ; 0.584824 ; 0.282829
2.61504 ; 1.97553 ; 2.05874 ; 1.96912
8.39555 ; 8.14777 ; 0.0962481 ; -2.38979
8.75875 ; 2.04822 ; -2.08312 ; 1.50375
8.54782 ; 8.03223 ; -0.32441 ; -1.33504
2.5782 ; 3.74741 ; 2.97526 ; -4.45399
2.61814 ; 1.95215 ; 3.15355 ; 3.27024
2.62244 ; 1.96624 ; 2.03718 ; 2.05803
2.48941 ; 6.76503 ; 2.93388 ; 3.30221
2.7183 ; 8.07335 ; 1.43857 ; -2.35964
7.85869 ; 2.07016 ; 2.42475 ; -0.0369884
8.72207 ; 1.95217 ; -2.48251 ; 2.6944
8.31204 ; 7.82393 ; -6.94102 ; -2.07502
8.75626 ; 3.89935 ; -0.856136 ; -4.44706
3.65611 ; 3.83872 ; -3.19786 ; -4.57069
3.06226 ; 2.00836 ; -0.980352 ; 0.53867
8.69954 ; 1.99251 ; -3.92938 ; 4.09537
8.69847 ; 8.00246 ; -3.92752 ; -4.25208
2.59885 ; 7.9829 ; 2.33274 ; -1.94524
2.59253 ; 7.9717 ; 2.34658 ; -1.84514
8.03705 ; 7.74654 ; 2.08594 ; 0.823521
8.72057 ; 7.96877 ; -1.46076 ; -1.31058
8.7446 ; 1.97018 ; -2.90331 ; 2.82295
2.85996 ; 3.81121 ; 3.91905 ; 7.12022
2.64671 ; 2.0438 ; 1.32539 ; 1.05115
8.57776 ; 7.81714 ; -0.189804 ; 0.0375091
2.61944 ; 1.96134 ; 3.39519 ; 3.43687
3.36618 ; 2.20677 ; -2.14281 ; -0.698692
2.75642 ; 2.34079 ; 0.117679 ; -0.835559
2.67716 ; 8.01249 ; 1.50792 ; -1.78025
7.31948 ; 6.38632 ; 3.91991 ; 4.21201
8.59453 ; 8.07067 ; -0.772797 ; -1.85759
8.71697 ; 1.9488 ; -2.42013 ; 2.68626
8.70167 ; 7.88098 ; -1.04105 ; -0.565841
2.71515 ; 8.09855 ; 1.77128 ; -3.0729
3.12411 ; 7.98469 ; -1.1227 ; -0.591949
8.44783 ; 6.7162 ; 1.04802 ; 3.45635
3.63219 ; 2.27786 ; -2.85213 ; -1.07717
2.57467 ; 2.20719 ; 1.55275 ; 0.109011
2.90861 ; 3.05385 ; -0.97399 ; -3.05715
6.66557 ; 2.554 ; 4.46017 ; -2.10056
7.9458 ; 7.17604 ; 2.53194 ; 2.60994
2.84581 ; 4.72095 ; -0.292449 ; 6.10858
5.73697 ; 7.57842 ; -5.44162 ; 1.5643
2.98576 ; 4.95663 ; -1.10552 ; -5.61716
5.2304 ; 5.01915 ; -5.21299 ; 5.91731
8.81923 ; 2.09717 ; -3.017 ; 1.46729
3.64639 ; 2.71754 ; -2.9568 ; -1.4235
8.84548 ; 2.16986 ; -3.50032 ; 1.01215
6.40596 ; 2.05703 ; 5.23965 ; 4.23023
