8.37915 ; 6.68775 ; -2.52567 ; -7.58186
8.41632 ; 2.16412 ; -2.17748 ; 5.45938
8.49244 ; 2.15331 ; -1.38426 ; 1.97441
2.92354 ; 2.27089 ; 5.37308 ; 5.2123
8.11695 ; 7.5402 ; -6.964 ; -5.91383
2.93313 ; 2.2779 ; 5.25105 ; 5.4643
8.52159 ; 7.82287 ; -3.89737 ; -4.52765
8.27728 ; 2.59043 ; -5.414 ; 7.13016
7.90973 ; 2.01017 ; 1.89082 ; 3.34208
8.54137 ; 7.8806 ; -2.51273 ; -3.20287
8.35609 ; 7.40321 ; -1.31876 ; -7.29676
3.76651 ; 7.4785 ; 7.6349 ; -5.4854
3.02697 ; 3.63063 ; -0.9377 ; -4.25863
5.30925 ; 2.15309 ; -5.72657 ; 1.91322
6.67439 ; 2.48531 ; 4.84616 ; -1.56471
4.49317 ; 7.69298 ; 7.18427 ; -1.24249
2.77849 ; 2.63295 ; 1.0098 ; -1.51793
8.64074 ; 7.70808 ; -2.71779 ; -0.882127
8.37608 ; 7.54432 ; -4.50865 ; -6.71484
6.32309 ; 7.73957 ; -6.74513 ; -1.02859
8.45557 ; 7.73909 ; -4.99549 ; -5.28165
2.86419 ; 7.77383 ; 4.66082 ; -4.62756
8.55447 ; 7.86829 ; -2.81428 ; -3.23631
3.56027 ; 7.59924 ; 7.59362 ; -4.3282
3.0777 ; 7.87847 ; -0.240547 ; -1.48096
7.67619 ; 2.08475 ; 2.72397 ; 4.61059
8.02091 ; 2.33284 ; -7.37549 ; 3.35402
8.21279 ; 2.34661 ; -6.99403 ; 4.07054
2.99733 ; 2.34324 ; 5.77673 ; 5.8108
4.4565 ; 5.50692 ; 7.06981 ; -6.78032
8.45557 ; 7.92439 ; -1.26896 ; -3.10281
8.601 ; 2.3428 ; -4.91848 ; 1.08925
8.51667 ; 7.87411 ; -1.59562 ; -2.27332
8.38383 ; 3.63803 ; -3.07664 ; 7.35787
2.96882 ; 2.41818 ; -0.196611 ; -0.727233
8.5494 ; 2.15592 ; -3.21343 ; 3.23346
3.44955 ; 2.57113 ; -2.29731 ; -1.71037
2.83544 ; 2.1278 ; 1.65824 ; 2.03959
2.84709 ; 7.86395 ; 3.00232 ; -3.88082
3.88657 ; 3.2223 ; -3.60267 ; 7.08822
2.98444 ; 2.41236 ; 4.32538 ; 6.71955
2.83941 ; 7.85648 ; 3.10928 ; -3.69922
3.55886 ; 2.63356 ; 7.47144 ; 6.46645
2.70592 ; 2.29067 ; 3.9322 ; 1.12092
2.94932 ; 7.66981 ; 3.12798 ; -6.46129
2.81147 ; 2.163 ; 1.77924 ; 1.66284
8.49665 ; 2.22313 ; -4.77885 ; 4.4443
2.84529 ; 2.12829 ; 1.56557 ; 2.09452
3.00118 ; 2.81975 ; -0.646396 ; -2.32089
8.4259 ; 2.27468 ; -5.1965 ; 5.31965
2.83389 ; 2.22493 ; 1.1889 ; 0.825152
8.43708 ; 2.26746 ; -5.19394 ; 5.15947
2.7798 ; 2.14638 ; 3.31134 ; 3.01113
2.88075 ; 7.76454 ; 4.70603 ; -4.89599
7.45444 ; 5.06302 ; -6.92274 ; -6.38552
2.94948 ; 7.84184 ; 2.07199 ; -5.38441
8.48984 ; 2.17507 ; -3.84864 ; 4.67232
2.8668 ; 7.88862 ; 2.28947 ; -3.49359
8.49838 ; 2.19379 ; -4.28696 ; 4.51424
8.53098 ; 7.86681 ; -1.75626 ; -2.2595
7.3704 ; 2.44877 ; -7.6061 ; 4.69618
2.81795 ; 2.17408 ; 4.24905 ; 4.05542
2.84702 ; 7.86742 ; 2.89809 ; -3.78088
7.64384 ; 2.08132 ; 2.86281 ; 1.22082
8.31853 ; 7.58662 ; -5.87851 ; -6.24411
4.36166 ; 7.94606 ; -4.22968 ; -2.54187
8.5724 ; 2.21648 ; -2.08148 ; 1.45358
8.52753 ; 2.13221 ; -2.75342 ; 3.25561
2.86188 ; 2.10403 ; 1.47612 ; 2.27369
2.99441 ; 7.14945 ; 2.29166 ; -7.5266
7.37224 ; 2.09477 ; 3.54295 ; 1.034
5.62807 ; 2.3474 ; -5.99722 ; -0.530939
8.54342 ; 2.1553 ; -3.33163 ; 3.42532
4.02892 ; 5.44418 ; -3.99276 ; -6.47954
2.80365 ; 7.42267 ; 0.988792 ; 1.07454
8.48746 ; 7.77469 ; -4.63858 ; -4.9813
8.61341 ; 2.24346 ; -2.87832 ; 1.52783
8.47941 ; 2.22569 ; -0.85607 ; 0.907317
8.59614 ; 2.21055 ; -3.54947 ; 2.35691
8.6681 ; 7.64107 ; -3.46305 ; -0.447045
8.42233 ; 6.24876 ; -2.30311 ; -7.2744
8.52228 ; 7.85832 ; -3.32396 ; -4.33474
2.88246 ; 7.8868 ; 1.59752 ; -2.64584
2.8008 ; 2.13109 ; 3.25811 ; 3.43883
8.56735 ; 7.84896 ; -3.32308 ; -3.38384
6.75354 ; 2.28981 ; 4.66636 ; -0.554048
8.4324 ; 7.93728 ; -1.14091 ; -3.37082
8.03723 ; 7.76781 ; 1.66359 ; -0.451606
8.08073 ; 7.50421 ; 1.25402 ; -6.87746
2.8895 ; 7.76003 ; 4.72055 ; -5.029
2.86045 ; 7.86608 ; 2.96816 ; -4.13709
3.08079 ; 3.30909 ; 0.116098 ; -3.65127
8.61457 ; 2.24863 ; -2.92283 ; 1.50653
8.46276 ; 2.26205 ; -5.61172 ; 4.11065
3.52541 ; 2.44177 ; 7.55038 ; 5.17231
8.47122 ; 7.75519 ; -4.85055 ; -5.13695
3.50406 ; 5.59516 ; -2.77839 ; 5.41094
2.98875 ; 2.10965 ; 1.0903 ; 5.23088
4.80048 ; 2.24708 ; 6.95552 ; 1.75877
8.57498 ; 7.8262 ; -3.84496 ; -3.44207
2.8668 ; 7.80119 ; 4.12843 ; -4.75566
8.51897 ; 2.1283 ; -2.85547 ; 3.55592
4.55451 ; 2.2688 ; 6.82414 ; 1.02189
8.32816 ; 3.79496 ; 0.00115693 ; 7.0082
2.80834 ; 6.5314 ; 0.520272 ; 3.86619
2.82717 ; 2.1521 ; 3.83049 ; 4.20898
6.82896 ; 7.72064 ; 4.61039 ; -5.32315
2.70342 ; 7.61283 ; 3.07946 ; -0.266037
8.63696 ; 6.82894 ; -1.93698 ; 3.2391
8.6264 ; 6.76295 ; -1.29035 ; 3.37475
8.15187 ; 7.50117 ; 1.3269 ; -0.479511
4.30145 ; 7.66891 ; -4.1828 ; 0.811704
8.62547 ; 7.77632 ; -3.07353 ; -1.74082
8.6127 ; 2.30019 ; -2.30619 ; 0.74512
6.43349 ; 7.75229 ; -6.86841 ; -1.89617
8.55232 ; 7.80867 ; -1.62914 ; -1.44839
8.52199 ; 2.16676 ; -3.81471 ; 4.05523
2.67319 ; 2.52091 ; 2.85328 ; -0.796025
8.34903 ; 2.89169 ; -3.27498 ; 7.60285
2.71133 ; 7.52562 ; 2.35708 ; 0.447184
8.50249 ; 7.90634 ; -2.09079 ; -3.51308
3.40804 ; 7.65923 ; -2.03141 ; 0.620247
4.59445 ; 6.6731 ; 6.87877 ; 3.91692
6.11604 ; 6.93884 ; -6.70331 ; -6.9117
3.31547 ; 6.65288 ; -2.10682 ; 3.76397
2.9733 ; 2.98259 ; 2.37106 ; 7.55814
8.60792 ; 7.80063 ; -3.70062 ; -2.52784
2.90804 ; 2.25455 ; 5.17148 ; 5.14742
2.95154 ; 2.2239 ; 2.01915 ; 6.09303
2.97038 ; 7.91377 ; 1.35702 ; -4.45674
8.51693 ; 2.16286 ; -3.75188 ; 4.12426
8.35699 ; 4.19469 ; -3.84653 ; 7.0195
2.87125 ; 7.79811 ; 4.15003 ; -4.83427
2.81263 ; 7.75254 ; 5.04172 ; -2.987
7.50951 ; 2.03973 ; 3.1675 ; 1.90981
5.88399 ; 2.47242 ; 5.812 ; -1.43462
2.81383 ; 7.8323 ; 3.53493 ; -3.57662
8.51385 ; 7.89975 ; -2.22398 ; -3.44583
8.55463 ; 7.85714 ; -3.28668 ; -3.6233
8.49031 ; 7.75937 ; -5.28122 ; -4.29733
8.61119 ; 2.34746 ; -2.00475 ; 0.300493
8.42158 ; 7.71433 ; -5.69564 ; -4.9563
8.09181 ; 7.80984 ; 1.4897 ; -0.44029
8.4513 ; 4.42809 ; -2.04116 ; 6.74823
8.57123 ; 2.21074 ; -4.24903 ; 3.09677
8.4264 ; 6.45028 ; -2.33052 ; -7.29784
4.93385 ; 7.88926 ; -5.13773 ; -1.66078
2.77832 ; 7.80731 ; 2.77943 ; -2.15774
2.91231 ; 2.25884 ; 4.48818 ; 5.7134
2.93495 ; 2.28086 ; 5.49193 ; 5.25862
3.29124 ; 2.61501 ; -1.80555 ; -1.81281
8.44074 ; 3.77935 ; 0.387531 ; -4.51648
2.93923 ; 2.28478 ; 5.3128 ; 5.50764
3.78986 ; 6.32356 ; 7.27857 ; -7.04379
8.56511 ; 7.84597 ; -3.46935 ; -3.52967
8.62045 ; 7.78428 ; -3.65082 ; -2.19689
2.89314 ; 2.25103 ; 4.92087 ; 5.06842
8.41784 ; 2.3115 ; -0.142135 ; 0.0407903
8.47664 ; 2.23857 ; -4.98017 ; 4.68685
2.70435 ; 2.34846 ; 2.60877 ; 0.260216
8.48961 ; 7.78449 ; -4.41587 ; -5.03848
3.01309 ; 2.36381 ; 0.88815 ; 6.519
8.42572 ; 5.81333 ; -2.81579 ; -7.00877
8.4694 ; 7.8798 ; -1.01655 ; -2.02053
8.34936 ; 7.92867 ; -0.171113 ; -2.31548
7.91644 ; 7.50609 ; -7.44165 ; -1.06183
3.55207 ; 3.56564 ; 6.80311 ; 7.47867
2.88402 ; 7.89579 ; 2.21581 ; -3.77878
8.21103 ; 7.355 ; -6.03021 ; -7.15443
3.80984 ; 2.83654 ; 7.54407 ; 6.94828
3.31834 ; 7.65586 ; 7.36536 ; -3.57129
8.46991 ; 7.75524 ; -4.83423 ; -5.16435
8.42938 ; 2.11085 ; -0.862627 ; 2.09826
7.85689 ; 3.09954 ; 2.65607 ; -3.22136
8.5518 ; 7.85136 ; -3.46469 ; -3.7909
3.45526 ; 2.46302 ; -2.12143 ; -1.23281
3.27979 ; 2.16296 ; -1.45371 ; 0.606077
2.86392 ; 7.77841 ; 4.57563 ; -4.64744
3.52226 ; 2.08815 ; -2.29562 ; 1.26976
5.46119 ; 4.85677 ; -5.91847 ; 6.3049
2.72979 ; 7.71642 ; 3.73913 ; -1.42495
2.88564 ; 2.20213 ; 3.8492 ; 5.39996
8.53218 ; 2.24392 ; -1.32832 ; 0.897633
8.52626 ; 2.19076 ; -4.23359 ; 4.03945
8.58748 ; 2.22043 ; -2.38058 ; 1.54681
3.30111 ; 3.3745 ; -1.72002 ; 5.28578
2.74088 ; 2.30669 ; 2.06373 ; 0.438064
2.77633 ; 7.80306 ; 3.61375 ; -2.77564
2.78086 ; 2.1417 ; 3.05933 ; 2.84129
8.46672 ; 2.0935 ; -1.57171 ; 2.92477
3.40361 ; 7.64172 ; 7.47061 ; -3.83595
8.07744 ; 7.84609 ; 1.45827 ; -0.763626
2.76429 ; 2.1626 ; 2.8259 ; 2.25149
8.58415 ; 2.25576 ; -2.00874 ; 1.04188
2.94099 ; 5.80213 ; 1.34598 ; -6.94252
3.56039 ; 2.18252 ; -2.45059 ; 0.287596
8.43788 ; 2.26456 ; -5.14779 ; 5.16946
8.41258 ; 2.31681 ; -4.03321 ; 6.2534
2.88587 ; 7.75173 ; 4.94075 ; -4.86506
2.83237 ; 2.19834 ; 4.70882 ; 4.16738
8.14587 ; 2.55533 ; -6.66189 ; 6.66694
2.93486 ; 7.7083 ; 5.09369 ; -5.54477
2.99016 ; 6.58099 ; 2.30665 ; -7.51606
7.61645 ; 7.95278 ; 2.93796 ; -1.80668
2.90548 ; 2.25033 ; 5.09881 ; 5.16034
2.77144 ; 2.1671 ; 3.79117 ; 3.04566
3.03225 ; 7.60141 ; 5.82136 ; -6.12196
2.82862 ; 7.85718 ; 2.97215 ; -3.45766
8.09053 ; 7.53581 ; -7.10494 ; -5.81323
4.15164 ; 7.46997 ; -4.03176 ; -6.33679
8.48516 ; 2.19861 ; -4.29825 ; 4.74175
8.00116 ; 4.07854 ; 2.33162 ; -4.9907
8.22165 ; 2.0267 ; 0.329121 ; 3.46778
8.58154 ; 2.67338 ; -0.967238 ; -1.6138
3.07453 ; 2.03878 ; 0.206112 ; 4.29675
3.74223 ; 2.07779 ; -2.94271 ; 1.27611
2.83745 ; 2.11022 ; 2.92949 ; 3.98089
2.87149 ; 7.79839 ; 4.15177 ; -4.8384
2.85897 ; 2.20479 ; 4.67019 ; 4.66604
2.77598 ; 2.14646 ; 2.86618 ; 2.55318
2.8294 ; 2.17795 ; 4.32485 ; 4.25873
7.24668 ; 7.93182 ; 3.82651 ; -1.61202
8.44397 ; 2.26552 ; -5.23388 ; 5.03295
7.93408 ; 2.14909 ; 1.99918 ; 0.670376
8.58818 ; 7.80195 ; -2.20508 ; -1.65369
8.50289 ; 2.11318 ; -1.99915 ; 2.86895
6.79184 ; 2.07552 ; 4.60653 ; 1.74207
2.81596 ; 7.8174 ; 1.96088 ; -1.8032
8.52029 ; 2.12463 ; -2.29193 ; 2.93068
7.79294 ; 7.96812 ; 2.37183 ; -2.13505
6.83528 ; 6.73594 ; -6.93332 ; 3.82256
2.99553 ; 3.46819 ; 0.651495 ; 7.30281
2.95333 ; 6.99523 ; -0.437706 ; 2.82997
7.25252 ; 2.08123 ; 3.69361 ; 1.22895
2.93774 ; 6.18532 ; -0.438949 ; 4.48552
3.24307 ; 6.57733 ; -1.84639 ; 3.81419
2.90529 ; 7.73697 ; 5.00362 ; -5.15256
4.27835 ; 7.93507 ; -4.0791 ; -1.77434
5.83633 ; 7.80936 ; -6.12446 ; -1.26668
2.82816 ; 2.12129 ; 3.18095 ; 3.96888
8.34255 ; 2.36064 ; -5.88073 ; 5.82589
2.91291 ; 7.73202 ; 4.88399 ; -5.33734
8.51929 ; 7.81479 ; -4.13302 ; -4.57067
8.23793 ; 6.65152 ; -6.22649 ; 3.8057
6.86679 ; 2.26091 ; -6.75542 ; 1.41154
2.84377 ; 7.87284 ; 2.57975 ; -3.37444
8.48353 ; 6.05687 ; -4.62111 ; 4.88662
2.82729 ; 7.8128 ; 4.04413 ; -4.01792
8.33891 ; 2.36633 ; -5.82624 ; 5.9334
3.37056 ; 7.76505 ; -1.4865 ; -5.8216
8.14668 ; 7.67865 ; 1.37942 ; 0.397732
4.81447 ; 7.8105 ; -4.85859 ; -0.311227
2.80492 ; 7.81428 ; 3.87098 ; -3.53218
3.37184 ; 7.54769 ; 7.23848 ; -0.0490137
7.36611 ; 7.60223 ; -7.3622 ; -0.0245
8.52107 ; 7.73745 ; -5.58659 ; -2.72593
2.95824 ; 7.68172 ; 5.3344 ; -5.68156
3.35765 ; 6.15231 ; -1.96901 ; -6.93934
2.80896 ; 7.11506 ; 0.633249 ; 2.38247
2.97552 ; 2.72529 ; 2.75276 ; 7.47847
8.35822 ; 7.94703 ; -0.364246 ; -2.85073
7.92884 ; 7.34063 ; 2.16368 ; -1.81341
8.52227 ; 2.15792 ; -3.63289 ; 3.97845
2.7981 ; 7.8089 ; 3.90922 ; -3.39175
8.52104 ; 7.79849 ; -4.47513 ; -4.45427
8.46799 ; 7.89965 ; -1.14217 ; -2.40502
8.42771 ; 7.9279 ; -0.958458 ; -2.85655
8.42879 ; 2.2765 ; -5.2814 ; 5.23086
3.02545 ; 2.37875 ; 5.85606 ; 6.06962
2.71652 ; 2.24875 ; 3.71229 ; 1.529
8.03768 ; 2.4223 ; 1.7731 ; -0.972225
5.25112 ; 2.41236 ; -5.59221 ; -1.08273
2.88978 ; 7.7582 ; 4.746 ; -5.03305
8.45537 ; 2.23981 ; -4.79987 ; 5.10117
5.08888 ; 7.74287 ; 6.71358 ; -1.2325
2.90503 ; 7.88166 ; 1.21057 ; -2.25664
6.09211 ; 2.23532 ; -6.53397 ; 1.38305
8.11245 ; 3.55849 ; -6.20359 ; -4.24566
2.98063 ; 2.78465 ; 2.33395 ; 7.51931
8.6534 ; 2.64384 ; -4.32398 ; -1.23374
8.41913 ; 7.91545 ; -0.744149 ; -2.51597
3.03494 ; 2.38142 ; 5.96717 ; 6.0238
2.82499 ; 2.11173 ; 2.91914 ; 3.68791
7.91508 ; 7.23279 ; -7.17152 ; -7.09759
8.56762 ; 2.17032 ; -3.13455 ; 2.81522
3.12384 ; 2.24263 ; -0.834826 ; 0.175243
8.51164 ; 2.13836 ; -1.74001 ; 2.24151
3.58243 ; 7.65617 ; 7.54173 ; -2.00364
2.98655 ; 2.38879 ; 5.09533 ; 6.44087
2.777 ; 6.50063 ; 0.85287 ; 3.88498
8.51236 ; 5.69762 ; -0.268147 ; 3.67817
3.20813 ; 2.3295 ; 7.18125 ; 1.52325
8.36408 ; 2.34375 ; -5.57922 ; 5.8791
8.35237 ; 2.35138 ; -5.79981 ; 5.79197
2.86813 ; 2.21709 ; 4.83603 ; 4.73902
8.5765 ; 7.83973 ; -3.43785 ; -3.23989
4.53497 ; 2.09727 ; -4.57699 ; 1.57199
2.92889 ; 2.27432 ; 5.28367 ; 5.37419
8.53327 ; 7.79823 ; -4.54908 ; -4.16526
4.48174 ; 6.54124 ; 7.2825 ; -7.31387
8.32395 ; 7.6049 ; -5.95028 ; -6.0696
2.80929 ; 7.83941 ; 3.21567 ; -3.27702
2.73995 ; 2.54133 ; 2.05152 ; 0.40446
2.94616 ; 5.41999 ; 1.89715 ; -6.63579
8.49511 ; 2.19235 ; -4.25134 ; 4.56837
8.63528 ; 6.67526 ; -3.83311 ; 3.62311
8.55812 ; 2.16272 ; -3.22577 ; 3.07088
2.92377 ; 7.72338 ; 4.92873 ; -5.47813
8.22919 ; 2.03516 ; 0.388909 ; 2.82917
8.65105 ; 7.71188 ; -3.42197 ; -1.144
2.90875 ; 7.81644 ; 2.99229 ; -5.35064
2.79196 ; 2.18289 ; 4.33824 ; 3.27862
8.4953 ; 7.74166 ; -5.7319 ; -3.0656
6.34143 ; 2.53625 ; 5.47627 ; 5.12861
2.90646 ; 7.89624 ; 1.99027 ; -4.09184
3.07259 ; 2.35664 ; -0.65212 ; -0.48768
8.02048 ; 7.03288 ; -6.50308 ; -7.53489
8.37205 ; 2.45729 ; -4.16947 ; 6.90039
3.10606 ; 4.7254 ; 5.05235 ; 6.56215
8.20819 ; 7.82819 ; 0.954523 ; -0.720971
4.35588 ; 6.42992 ; 7.32092 ; -7.33287
8.40274 ; 7.68273 ; -5.41289 ; -5.68836
2.91208 ; 7.73063 ; 5.05335 ; -5.22553
2.78414 ; 7.8186 ; 3.14706 ; -2.66688
8.40689 ; 2.29485 ; -5.28195 ; 5.54191
3.57597 ; 2.01646 ; -2.39008 ; 3.69822
3.07756 ; 6.04339 ; 5.6938 ; 4.91581
3.00655 ; 7.93559 ; 0.870666 ; -4.08713
2.85451 ; 2.11419 ; 2.17998 ; 3.62012
3.15137 ; 7.54756 ; -0.108814 ; -6.88997
2.84606 ; 7.81255 ; 4.03921 ; -4.37923
8.56038 ; 2.18531 ; -3.85827 ; 3.33341
2.83348 ; 2.15882 ; 3.94633 ; 4.34894
2.96632 ; 7.61112 ; 6.46666 ; -0.924106
3.11627 ; 3.54221 ; -0.672961 ; 7.10092
3.59528 ; 7.67863 ; 7.41889 ; -2.28745
6.24201 ; 2.52748 ; 5.62174 ; 5.83402
3.02022 ; 6.92075 ; 1.29131 ; -7.55061
8.48502 ; 2.21787 ; -4.65581 ; 4.67155
2.83473 ; 2.18427 ; 4.42647 ; 4.33775
7.60199 ; 7.5197 ; 3.14783 ; 1.437
8.456 ; 2.08511 ; -1.80438 ; 3.65504
8.53381 ; 2.1584 ; -3.54741 ; 3.73437
3.7408 ; 7.8047 ; -2.88909 ; -0.159815
8.68902 ; 3.01742 ; -2.75345 ; -2.6951
8.4462 ; 4.53407 ; 0.14416 ; -5.56144
7.65174 ; 7.67617 ; -7.58095 ; -2.28805
2.83854 ; 2.16878 ; 4.11466 ; 4.44969
2.87903 ; 2.21529 ; 4.6008 ; 5.04355
8.4781 ; 7.9192 ; -1.77599 ; -3.58765
2.99941 ; 7.63848 ; 5.6579 ; -5.90355
8.38962 ; 7.66953 ; -5.52375 ; -5.75422
8.34351 ; 4.83582 ; -4.66986 ; -6.11156
3.59985 ; 3.7152 ; -2.99319 ; -4.49381
2.80507 ; 5.28554 ; 2.01153 ; 5.82575
7.77306 ; 7.96781 ; 2.4645 ; -2.12113
8.54439 ; 2.1562 ; -3.34614 ; 3.42635
8.61186 ; 7.79296 ; -3.8392 ; -2.4652
8.52744 ; 2.16504 ; -3.75118 ; 3.93393
8.38703 ; 6.40759 ; -1.17329 ; -7.3752
7.81897 ; 2.02104 ; 2.23774 ; 3.10753
3.77281 ; 4.82721 ; -3.45518 ; -5.91838
2.77491 ; 7.45902 ; 1.28091 ; 0.988275
8.5448 ; 2.14678 ; -2.45734 ; 2.613
2.81328 ; 7.84783 ; 2.92077 ; -3.10201
8.43536 ; 2.18355 ; -2.75549 ; 5.50593
2.73928 ; 2.19815 ; 3.50826 ; 2.15168
2.8112 ; 2.16403 ; 4.05297 ; 3.9297
2.8471 ; 7.70617 ; 1.05877 ; -0.41998
2.78657 ; 2.1634 ; 3.92131 ; 3.39466
2.84759 ; 7.83484 ; 3.61892 ; -4.29253
2.90078 ; 2.24968 ; 5.18211 ; 5.02549
3.42649 ; 7.65389 ; 7.49417 ; -3.29498
7.19545 ; 5.2834 ; -7.04246 ; -6.59738
6.76687 ; 6.09256 ; 4.71458 ; 4.84513
3.38068 ; 2.01906 ; -1.69865 ; 2.39508
2.75314 ; 7.5922 ; 1.83516 ; 0.155035
8.40183 ; 2.30269 ; -5.51418 ; 5.41795
2.9504 ; 2.04676 ; 1.06596 ; 3.63267
3.48277 ; 4.75772 ; -2.66628 ; 6.27974
2.86522 ; 7.88498 ; 2.47504 ; -3.71873
2.95731 ; 7.63488 ; 3.56136 ; -6.59277
2.7141 ; 2.71097 ; 1.69486 ; -1.75666
2.96264 ; 2.45822 ; 3.68201 ; 6.97835
2.92736 ; 2.09863 ; 0.776621 ; 1.98673
8.57237 ; 7.84652 ; -3.28728 ; -3.2479
8.52563 ; 2.1881 ; -4.19049 ; 4.04254
8.55151 ; 7.83072 ; -3.90689 ; -3.94906
3.44644 ; 7.64406 ; 7.51334 ; -3.6585
8.55301 ; 2.38805 ; -5.54072 ; 0.77362
8.60862 ; 7.80882 ; -3.24317 ; -2.33849
2.85721 ; 7.84271 ; 3.44206 ; -4.38885
8.31901 ; 2.0953 ; 0.0235482 ; 1.8739
4.20285 ; 7.94295 ; -3.9637 ; -1.90604
3.00941 ; 2.1776 ; -0.0972804 ; 0.825679
8.54985 ; 7.87305 ; -2.50523 ; -3.00704
6.40636 ; 4.80545 ; 5.41404 ; -5.97584
7.56387 ; 2.08811 ; 3.06674 ; 4.50183
8.35608 ; 7.651 ; -5.91926 ; -5.65664
8.43305 ; 7.72574 ; -5.74947 ; -4.61652
2.81936 ; 2.18185 ; 4.3965 ; 4.05819
2.86664 ; 7.83703 ; 3.47517 ; -4.61229
8.34125 ; 7.52132 ; 0.616351 ; 1.05524
2.98357 ; 7.55096 ; 1.29464 ; -6.08003
3.49969 ; 7.97688 ; -2.01736 ; -3.67879
2.70946 ; 2.53621 ; 1.96913 ; -0.969555
8.57242 ; 2.17412 ; -2.83082 ; 2.44421
2.89051 ; 7.7515 ; 4.87772 ; -4.98505
2.89418 ; 2.3882 ; 0.333936 ; -0.468723
2.83096 ; 7.85366 ; 3.10615 ; -3.6487
7.53581 ; 2.3265 ; -7.44885 ; 3.37415
8.27452 ; 5.05898 ; -5.10298 ; 6.23022
2.84728 ; 2.09905 ; 1.87425 ; 2.6409
8.5005 ; 2.22965 ; -4.92832 ; 4.27777
8.41441 ; 2.33008 ; -0.0757079 ; -0.0938059
8.52364 ; 7.7956 ; -4.29948 ; -4.458
8.52475 ; 7.88925 ; -2.02942 ; -2.89692
8.40855 ; 3.89632 ; -1.55799 ; 7.1555
8.42332 ; 2.27965 ; -5.28347 ; 5.30344
2.81599 ; 2.15821 ; 3.95227 ; 4.00938
8.33239 ; 2.07053 ; -0.17472 ; 2.43048
2.82554 ; 2.33997 ; 1.40335 ; 1.32385
3.17882 ; 6.11329 ; 5.1659 ; -7.30472
8.64765 ; 3.53546 ; -1.81498 ; -3.99786
8.36482 ; 7.41409 ; 0.531235 ; 1.49835
8.55124 ; 2.18318 ; -3.91386 ; 3.53305
2.78783 ; 2.24811 ; 1.62507 ; 0.776734
3.54726 ; 7.97438 ; -2.15724 ; -2.421
2.76991 ; 2.3549 ; 1.5214 ; -0.0165362
8.37793 ; 7.95263 ; -0.710738 ; -3.64258
8.47866 ; 7.77664 ; -4.33697 ; -5.26488
2.96687 ; 7.68579 ; 2.5351 ; -6.46934
2.97949 ; 7.62184 ; 2.38827 ; -6.75682
6.84394 ; 7.89781 ; 4.58059 ; -3.62664
8.54203 ; 2.18748 ; -4.09293 ; 3.74476
2.99311 ; 4.46567 ; -0.159231 ; 6.60947
8.1411 ; 7.84793 ; 1.21365 ; -0.821499
2.89743 ; 7.90603 ; 1.83383 ; -3.47051
8.48889 ; 2.22464 ; -4.78387 ; 4.57627
8.47958 ; 7.81613 ; -3.37033 ; -5.30839
4.04323 ; 2.26956 ; -3.78473 ; 5.53397
3.00054 ; 6.47128 ; 1.00818 ; -7.35071
3.08949 ; 2.12755 ; 0.218647 ; 5.51004
8.56525 ; 7.85881 ; -2.92167 ; -3.12142
3.44725 ; 4.74473 ; -2.56005 ; 6.3058
2.81605 ; 7.84811 ; 2.78161 ; -2.94075
8.49024 ; 2.22357 ; -4.766 ; 4.55538
2.77917 ; 2.14696 ; 3.33253 ; 3.02173
8.46893 ; 7.91152 ; -1.27762 ; -2.73789
8.54168 ; 7.82099 ; -4.10457 ; -4.15047
7.58442 ; 2.84943 ; 3.3019 ; -2.70441
2.95114 ; 2.27715 ; 6.37902 ; 2.58611
2.90931 ; 3.32511 ; 2.69659 ; 6.98801
2.75542 ; 2.18029 ; 2.74491 ; 1.94763
8.49667 ; 7.90101 ; -2.33139 ; -4.02324
7.82519 ; 2.45511 ; 0.260664 ; -0.966288
8.53053 ; 7.8777 ; -2.90607 ; -3.85973
2.88831 ; 7.74649 ; 5.0663 ; -4.80446
7.73972 ; 6.23973 ; -6.91083 ; 4.68689
4.50191 ; 2.07914 ; -4.55297 ; 1.90037
8.47188 ; 2.23217 ; -4.83405 ; 4.82674
8.53804 ; 2.1578 ; -3.4808 ; 3.62022
2.83088 ; 2.12198 ; 3.20312 ; 4.04981
8.39297 ; 2.07482 ; -0.708337 ; 2.64759
7.70874 ; 6.4106 ; 3.08547 ; 3.88837
8.42172 ; 7.73454 ; -6.04108 ; -2.69239
3.86094 ; 2.17425 ; -3.22569 ; 5.09123
3.15169 ; 7.70032 ; 4.94192 ; -1.0724
8.48987 ; 2.23805 ; -5.06852 ; 4.36932
8.41833 ; 7.94224 ; -1.05576 ; -3.50436
8.39342 ; 2.30981 ; -5.42839 ; 5.61269
8.49057 ; 7.79197 ; -4.24475 ; -5.07162
8.18298 ; 2.02349 ; 0.603878 ; 3.19194
6.66653 ; 2.78032 ; 5.06693 ; 6.49981
8.62491 ; 3.94093 ; -1.48651 ; -4.2908
2.77007 ; 7.42681 ; 5.20183 ; 0.782939
8.32016 ; 2.38125 ; -6.00749 ; 5.93926
2.67112 ; 2.55799 ; 2.81849 ; -0.98914
8.55048 ; 7.84916 ; -3.53218 ; -3.85584
8.51152 ; 7.81063 ; -4.15286 ; -4.70896
2.87585 ; 7.78179 ; 4.42004 ; -4.89051
2.94778 ; 5.90123 ; 1.37295 ; -7.01727
7.82871 ; 7.62919 ; -7.58544 ; -4.08576
8.58055 ; 7.82766 ; -2.34082 ; -2.06301
2.76303 ; 2.47147 ; 1.36425 ; -0.727757
8.40975 ; 3.76012 ; -1.68667 ; 7.20069
8.61045 ; 7.79837 ; -3.73756 ; -2.50816
3.68757 ; 7.61112 ; 7.62651 ; -4.12384
3.85724 ; 6.80662 ; -0.213528 ; -7.46015
8.50199 ; 7.84259 ; -3.39695 ; -4.81357
8.57178 ; 3.69501 ; -0.68757 ; -4.29368
6.64387 ; 3.05928 ; 5.08646 ; 6.81957
8.51246 ; 2.16704 ; -1.74907 ; 2.3079
8.51946 ; 7.79149 ; -4.6195 ; -4.41351
2.89318 ; 7.76218 ; 4.61465 ; -5.12828
2.97484 ; 3.61936 ; 0.468895 ; 6.83385
5.06298 ; 2.20006 ; -5.35256 ; 0.472778
8.42812 ; 2.32914 ; -6.31052 ; 1.84746
2.83507 ; 7.79908 ; 4.30993 ; -4.16378
2.90471 ; 7.81172 ; 0.85144 ; -1.22233
2.86868 ; 7.59302 ; 0.668276 ; 0.272998
2.8255 ; 2.16149 ; 4.02001 ; 4.1991
8.53187 ; 2.15655 ; -3.0404 ; 2.962
8.34163 ; 7.62193 ; -5.84336 ; -5.99458
2.89755 ; 2.11472 ; 0.981456 ; 1.86814
8.41388 ; 7.42925 ; -1.82069 ; -6.60121
8.48391 ; 7.7677 ; -4.75102 ; -4.98749
2.81969 ; 7.79314 ; 4.38492 ; -3.83686
3.06729 ; 2.10764 ; -0.325799 ; 1.4235
2.89565 ; 7.80215 ; 3.56574 ; -5.27955
4.11514 ; 2.05147 ; -3.73725 ; 3.59274
2.84665 ; 7.82751 ; 3.76782 ; -4.32776
8.54244 ; 2.15086 ; -3.19561 ; 3.34333
2.8849 ; 2.07814 ; 1.88089 ; 3.83246
2.91916 ; 2.26488 ; 5.24624 ; 5.25701
2.94504 ; 7.92374 ; 1.40874 ; -3.80125
2.85815 ; 2.08568 ; 2.28218 ; 3.73386
8.44968 ; 2.24548 ; -4.8418 ; 5.1744
4.99156 ; 2.80897 ; 6.65211 ; -2.63012
8.40508 ; 7.7738 ; -1.87122 ; -6.08447
6.30201 ; 6.05047 ; -6.59964 ; 4.99707
2.77868 ; 2.51604 ; 1.13514 ; -0.984654
3.80192 ; 2.83523 ; 7.54119 ; 6.9345
5.92344 ; 2.21467 ; -6.40155 ; 1.76674
8.22573 ; 2.37553 ; -7.02326 ; 1.31601
2.91137 ; 2.2516 ; 3.84485 ; 5.90135
8.38003 ; 2.65915 ; -2.14874 ; 7.23933
2.77368 ; 7.79322 ; 2.65444 ; -1.87212
2.96481 ; 3.00522 ; 2.01975 ; 7.45892
2.88301 ; 2.44361 ; 0.488787 ; -0.738411
8.03748 ; 7.82866 ; 1.66581 ; -0.548886
2.92149 ; 2.26841 ; 0.426716 ; 0.276208
8.49633 ; 7.78092 ; -4.60752 ; -4.84346
3.23398 ; 2.33491 ; -1.38248 ; -0.510633
2.71104 ; 7.65219 ; 3.41766 ; -0.66459
8.47793 ; 7.86972 ; -1.13691 ; -1.97854
8.29155 ; 7.93324 ; 0.257871 ; -2.15503
2.81742 ; 7.79916 ; 4.26315 ; -3.81119
4.48971 ; 2.10941 ; -4.50718 ; 1.20418
3.48083 ; 7.9005 ; -2.09654 ; -1.16581
2.95421 ; 2.27736 ; 0.082023 ; 0.130109
8.53014 ; 7.88339 ; -2.1376 ; -2.8693
3.20373 ; 2.02468 ; -0.793211 ; 4.01393
3.10847 ; 7.68211 ; 6.90631 ; -3.31284
7.30168 ; 2.12291 ; 3.6721 ; 0.72798
8.47734 ; 2.27923 ; -0.72116 ; 0.437129
8.3937 ; 2.3109 ; -5.62347 ; 5.42457
3.06989 ; 7.76995 ; -0.43264 ; -0.480604
2.90997 ; 7.84 ; 0.905416 ; -1.5407
8.5655 ; 2.18115 ; -3.65886 ; 3.16452
5.74995 ; 7.56363 ; 6.01582 ; 1.10099
2.76487 ; 2.20947 ; 4.41747 ; 2.54971
7.88472 ; 6.49093 ; 2.45603 ; -7.13421
3.26547 ; 2.02386 ; -1.22001 ; 2.48992
3.07702 ; 4.04911 ; -1.0897 ; -4.11247
8.53735 ; 7.8829 ; -2.60048 ; -3.39972
8.43978 ; 2.16498 ; -0.69645 ; 1.37531
8.42695 ; 2.25762 ; -3.46515 ; 5.98474
2.90205 ; 2.21489 ; 3.45767 ; 5.71063
8.43996 ; 2.26641 ; -5.19916 ; 5.11615
8.41729 ; 2.28928 ; -5.43721 ; 5.27079
2.87324 ; 7.76329 ; 4.80942 ; -4.72031
2.87385 ; 7.78643 ; 4.34897 ; -4.86512
8.5028 ; 7.8268 ; -3.70718 ; -4.87469
8.65437 ; 7.70016 ; -3.48122 ; -1.04078
2.91822 ; 2.25857 ; 6.06351 ; 3.4929
2.90367 ; 6.35915 ; 5.09337 ; 4.32574
6.89885 ; 7.91412 ; 4.49074 ; -1.68041
8.59009 ; 2.22163 ; -2.48263 ; 1.5694
3.05306 ; 7.58058 ; 5.94777 ; -6.20747
3.47059 ; 2.08515 ; -2.09011 ; 1.24229
6.49812 ; 3.70561 ; 5.35451 ; 6.96906
7.96294 ; 6.85096 ; 2.06528 ; -7.28566
8.54319 ; 7.81134 ; -1.52631 ; -1.436
8.48034 ; 2.14947 ; -3.22335 ; 4.6915
2.76006 ; 2.20888 ; 4.41171 ; 2.58853
8.55819 ; 7.85381 ; -3.33451 ; -3.58494
2.9665 ; 7.61844 ; 4.38002 ; -6.52382
2.92825 ; 7.72597 ; 3.61623 ; -6.03008
8.44291 ; 2.26848 ; -5.30198 ; 4.99693
2.84961 ; 7.79284 ; 4.39053 ; -4.43201
6.60814 ; 7.3117 ; 4.9541 ; 2.32931
2.84713 ; 2.2302 ; 5.42742 ; 3.51207
5.32009 ; 2.2031 ; 6.48985 ; 2.59447
8.5954 ; 7.81794 ; -3.67157 ; -2.90166
8.37956 ; 2.43205 ; -2.27649 ; 6.91379
8.55284 ; 7.68672 ; -1.16527 ; -0.249109
5.87841 ; 7.50355 ; -2.45256 ; 1.40681
2.85565 ; 2.57582 ; 0.40543 ; -1.3638
6.96457 ; 7.41384 ; -7.3993 ; -5.58534
8.19256 ; 7.89975 ; 0.915476 ; -1.42455
8.46125 ; 7.75698 ; -4.17152 ; -5.62534
2.94829 ; 2.29423 ; 5.48859 ; 5.47129
2.98617 ; 7.92834 ; 1.02495 ; -4.05938
2.88813 ; 7.76026 ; 4.71969 ; -5.0082
8.52779 ; 2.20054 ; -4.39011 ; 4.00646
8.15901 ; 7.95537 ; 0.958129 ; -2.22707
2.87362 ; 7.77452 ; 4.58213 ; -4.81184
6.91797 ; 7.91272 ; 4.46526 ; -3.43606
8.3535 ; 2.08223 ; -0.30827 ; 2.23682
8.51539 ; 2.2197 ; -1.24558 ; 1.0732
2.98334 ; 7.75159 ; 1.87407 ; -6.16701
6.34402 ; 7.715 ; -6.74554 ; -0.532447
2.80149 ; 2.1433 ; 2.07636 ; 2.05936
6.87188 ; 7.74361 ; 4.47478 ; -5.30978
3.03314 ; 7.60572 ; 5.88396 ; -6.04715
3.70737 ; 3.41162 ; 6.84433 ; -4.05362
8.36663 ; 7.64789 ; -5.70401 ; -5.84947
8.27662 ; 7.55521 ; -6.1661 ; -6.30388
2.8378 ; 2.15092 ; 3.76238 ; 4.41139
8.54779 ; 7.86358 ; -3.17862 ; -3.69069
2.8351 ; 7.78778 ; 4.53528 ; -4.11308
7.87024 ; 6.84745 ; 2.4213 ; -7.25611
2.78222 ; 2.25268 ; 5.14106 ; 2.21455
8.50399 ; 2.23355 ; -1.06089 ; 0.887803
2.7794 ; 2.17127 ; 2.22072 ; 1.78065
2.84196 ; 7.66781 ; 1.02539 ; -0.130351
8.61987 ; 2.25338 ; -3.00381 ; 1.48833
7.41975 ; 2.36814 ; 3.55299 ; 5.90608
8.55626 ; 7.84347 ; -3.61947 ; -3.78372
2.82712 ; 2.18465 ; 4.44743 ; 4.19564
3.21488 ; 5.28201 ; -1.75961 ; 5.73625
8.45098 ; 7.733 ; -5.17995 ; -5.18535
8.40239 ; 2.33886 ; -4.242 ; 6.34618
8.62869 ; 2.36437 ; -2.5404 ; 0.270816
6.53486 ; 7.55536 ; -6.7746 ; 0.718712
8.63691 ; 7.40701 ; -1.65795 ; 1.24414
8.53387 ; 2.17682 ; -3.94645 ; 3.87172
3.02742 ; 6.25494 ; 3.70705 ; -7.37702
8.55181 ; 7.82379 ; -4.03953 ; -3.95351
8.57593 ; 2.17917 ; -3.12037 ; 2.59502
8.23915 ; 5.48953 ; 1.3495 ; 5.18399
2.79374 ; 3.46391 ; 0.703179 ; -3.92388
2.96452 ; 7.67691 ; 5.48198 ; -5.62008
2.86616 ; 7.78054 ; 4.52446 ; -4.69619
2.98215 ; 2.3292 ; 5.66327 ; 5.7512
2.79065 ; 2.14256 ; 3.45808 ; 3.34658
7.82028 ; 7.36098 ; 2.47865 ; -6.86489
8.52562 ; 5.23844 ; -1.19377 ; 5.80151
7.95521 ; 7.98389 ; 1.68557 ; -3.41001
2.77797 ; 5.84745 ; 1.25096 ; 5.01909
2.76485 ; 2.20212 ; 2.23512 ; 1.44353
2.9046 ; 7.74683 ; 4.76442 ; -5.26025
8.36704 ; 2.33662 ; -5.7439 ; 5.66407
8.36369 ; 2.63057 ; -3.55399 ; -1.40836
2.77711 ; 2.14831 ; 3.26563 ; 2.9223
2.76046 ; 2.17045 ; 3.52836 ; 2.66039
6.03536 ; 7.33793 ; -6.64944 ; -5.96657
5.12956 ; 2.26357 ; -5.41442 ; -0.111708
5.13809 ; 2.68656 ; 6.73865 ; 6.24763
8.3665 ; 6.79671 ; -1.20186 ; -7.54345
5.00305 ; 2.12668 ; -5.22089 ; 1.5071
2.82189 ; 7.784 ; 4.58118 ; -3.79934
4.66018 ; 7.7159 ; 7.1125 ; -2.22309
3.81103 ; 7.61454 ; -3.20451 ; 1.02493
8.33254 ; 2.37183 ; -5.89467 ; 5.93545
2.98072 ; 7.4798 ; 3.80786 ; -7.07997
2.78986 ; 3.71632 ; 4.056 ; -4.48626
2.8472 ; 2.14922 ; 1.35843 ; 1.62437
8.43643 ; 7.71891 ; -5.20009 ; -5.40183
2.82189 ; 7.83024 ; 3.65864 ; -3.80155
8.14986 ; 7.56278 ; -7.11556 ; -0.124144
2.87415 ; 7.86853 ; 1.50768 ; -2.24312
8.57657 ; 7.76349 ; -1.75181 ; -1.05178
8.24234 ; 2.31647 ; -6.92137 ; 3.64254
7.91492 ; 4.63537 ; 2.63198 ; -5.64407
7.60304 ; 4.13444 ; 3.37555 ; 6.77896
8.34921 ; 2.36599 ; -5.60537 ; 6.06071
6.60311 ; 2.6266 ; 4.92021 ; -2.11613
8.62707 ; 2.26359 ; -3.30787 ; 1.52027
8.46813 ; 7.75803 ; -4.62203 ; -5.32375
7.76918 ; 6.61911 ; 2.96345 ; 3.89028
8.22056 ; 7.31274 ; 0.382565 ; -7.27394
2.80488 ; 7.824 ; 3.62495 ; -3.43025
8.25723 ; 3.02502 ; 0.0679139 ; 7.41389
8.23469 ; 7.48519 ; 0.501461 ; -5.78803
2.85892 ; 2.20789 ; 4.72759 ; 4.64339
2.97649 ; 6.20648 ; 0.799244 ; -7.02113
2.67364 ; 2.45533 ; 3.18722 ; -0.35928
8.43759 ; 7.92923 ; -1.05906 ; -2.97807
2.90211 ; 7.7745 ; 3.94071 ; -5.45366
8.4956 ; 5.14995 ; -3.32892 ; 6.03851
8.60305 ; 2.22763 ; -2.73708 ; 1.63149
6.73265 ; 6.74597 ; 3.35371 ; 3.60368
7.72948 ; 7.45973 ; 2.86062 ; 1.60476
2.85368 ; 7.87984 ; 2.48602 ; -3.46965
2.81515 ; 2.11125 ; 2.70161 ; 3.25228
3.87086 ; 7.83293 ; -2.62914 ; -0.461777
8.48341 ; 7.90779 ; -2.1386 ; -4.0571
6.86507 ; 2.44223 ; -7.29486 ; 4.764
8.28642 ; 7.697 ; -6.84363 ; -3.27912
8.36186 ; 2.47525 ; 0.445139 ; -0.974724
2.83437 ; 7.79302 ; 4.42899 ; -4.12819
8.43347 ; 2.1283 ; -0.792817 ; 1.83036
8.46603 ; 2.2589 ; -5.4624 ; 4.33293
8.55553 ; 2.20023 ; -4.22715 ; 3.47037
2.9028 ; 2.24011 ; 4.27733 ; 5.62029
3.69579 ; 7.61867 ; 7.63254 ; -3.88842
2.88711 ; 7.77596 ; 4.39705 ; -5.08784
8.37099 ; 2.333 ; -5.66793 ; 5.69053
2.93126 ; 7.71277 ; 5.05599 ; -5.51373
8.30889 ; 4.34064 ; 0.242239 ; 6.73411
5.00154 ; 7.03459 ; 6.95659 ; -6.75284
2.89828 ; 4.31896 ; 2.34301 ; 6.83177
2.80617 ; 2.14375 ; 3.62586 ; 3.74316
8.52153 ; 2.20068 ; -4.41513 ; 4.11189
3.18401 ; 7.50835 ; 6.96635 ; 0.252495
2.92923 ; 2.41881 ; 6.35045 ; 0.27949
8.47599 ; 2.23209 ; -4.85705 ; 4.75525
8.36888 ; 2.33489 ; -5.65691 ; 5.72777
8.50097 ; 2.12429 ; -2.87869 ; 3.95999
8.53728 ; 7.85996 ; -3.32557 ; -4.01291
2.74939 ; 7.72521 ; 2.61879 ; -1.06149
2.9991 ; 2.28059 ; -0.197031 ; 0.106193
8.66582 ; 7.4873 ; -2.33661 ; 0.74703
7.53254 ; 3.46924 ; -7.41688 ; 6.66338
8.39367 ; 7.70662 ; -6.05483 ; -4.66788
8.4148 ; 3.95819 ; -2.43277 ; 7.14354
8.49127 ; 7.77302 ; -4.72585 ; -4.87631
2.7906 ; 7.81714 ; 3.54961 ; -3.09094
3.05255 ; 7.80324 ; -0.282635 ; -0.733686
2.8208 ; 7.84986 ; 2.3458 ; -2.55839
2.74171 ; 2.19275 ; 3.18606 ; 2.03045
8.49273 ; 7.84524 ; -3.19485 ; -4.9348
6.32382 ; 4.86317 ; 5.53314 ; -6.03732
6.86547 ; 7.69662 ; -7.25243 ; -2.95997
2.76713 ; 2.1857 ; 4.1271 ; 2.93903
8.0706 ; 2.08651 ; 1.37707 ; 1.47108
2.90101 ; 5.05272 ; 0.686981 ; -6.17906
2.90448 ; 7.73913 ; 4.97293 ; -5.15162
8.41991 ; 2.28735 ; -3.70653 ; 6.1433
2.86585 ; 2.17094 ; 3.74436 ; 4.99133
2.73161 ; 7.6518 ; 2.45054 ; -0.408994
8.54585 ; 7.68358 ; -5.18341 ; -2.95161
2.82781 ; 7.76492 ; 1.49755 ; -1.0857
2.84402 ; 7.82529 ; 3.80645 ; -4.2978
2.83002 ; 2.11944 ; 1.84002 ; 2.30575
2.99958 ; 4.47195 ; 4.07743 ; 6.77649
8.48619 ; 2.22539 ; -4.7933 ; 4.61556
8.5883 ; 7.83424 ; -2.82279 ; -2.47634
3.2264 ; 7.91041 ; -0.958661 ; -1.60917
8.3807 ; 7.68026 ; -5.88012 ; -5.33598
2.74213 ; 7.68291 ; 4.56106 ; -1.3394
3.24248 ; 2.30928 ; 7.28068 ; 2.87443
2.87681 ; 4.7591 ; 0.692378 ; 6.02985
8.30377 ; 7.3665 ; -6.59537 ; 1.31287
2.76068 ; 7.74911 ; 2.49506 ; -1.31614
3.16847 ; 6.97505 ; 5.52386 ; -7.6338
3.22723 ; 5.65305 ; -1.51503 ; -6.70367
2.93436 ; 7.91822 ; 1.23119 ; -3.05419
3.44972 ; 7.36283 ; -2.00837 ; -6.78671
7.88399 ; 2.33657 ; -7.52108 ; 2.98984
8.34407 ; 2.35993 ; -5.83123 ; 5.86214
2.78764 ; 7.62919 ; 1.51796 ; 0.0129009
8.49191 ; 2.25535 ; -5.39102 ; 3.85049
8.53182 ; 7.84085 ; -3.70128 ; -4.2899
2.67808 ; 2.44653 ; 2.97796 ; -0.343885
8.54775 ; 2.18417 ; -3.97907 ; 3.61728
2.93802 ; 2.27432 ; 2.51114 ; 6.26195
4.24211 ; 2.1602 ; -4.06907 ; 0.450195
8.51517 ; 7.83855 ; -3.6365 ; -4.61046
8.66848 ; 7.49544 ; -2.41281 ; 0.699507
8.52872 ; 7.78292 ; -4.88021 ; -3.98741
3.93038 ; 6.9609 ; 7.51247 ; -7.26477
8.30407 ; 4.03289 ; 1.17451 ; -4.8972
8.5326 ; 7.82307 ; -4.04581 ; -4.32402
2.96086 ; 7.68057 ; 5.47289 ; -5.57576
3.34334 ; 3.10834 ; 2.52543 ; -3.21069
2.77909 ; 2.17318 ; 2.21167 ; 1.75333
8.50582 ; 2.18369 ; -4.12646 ; 4.38014
2.96474 ; 2.31176 ; 5.52904 ; 5.66409
7.87086 ; 3.33187 ; 2.69506 ; -3.78577
8.45188 ; 7.92689 ; -1.29395 ; -3.15473
2.82543 ; 5.09127 ; 1.92517 ; 6.05546
2.74807 ; 7.71532 ; 4.44514 ; -1.69955
8.57773 ; 2.46371 ; -4.11515 ; -0.282319
8.5053 ; 2.11193 ; -2.29698 ; 3.25326
2.73917 ; 7.66446 ; 2.36483 ; -0.493302
5.67811 ; 2.17416 ; 6.16297 ; 2.33725
7.0052 ; 7.9362 ; 4.32229 ; -2.35159
2.8363 ; 7.86765 ; 2.58158 ; -3.20918
3.49839 ; 6.44281 ; 6.67769 ; 4.15862
6.34827 ; 5.26996 ; -6.71293 ; 6.00325
8.43273 ; 7.69479 ; -3.38004 ; -6.34752
8.51665 ; 2.21495 ; -1.27447 ; 1.12378
8.55422 ; 2.2162 ; -1.78065 ; 1.32094
3.03601 ; 7.93479 ; 0.283631 ; -2.83747
3.64476 ; 2.42151 ; 7.62948 ; 4.75725
3.13396 ; 7.40804 ; -0.887281 ; 1.56288
8.50352 ; 2.20064 ; -4.41512 ; 4.42355
8.18869 ; 5.45764 ; 1.44787 ; -6.54852
2.69056 ; 7.00008 ; 3.69301 ; 2.66179
2.81295 ; 7.81116 ; 4.00706 ; -3.72731
2.68746 ; 7.31425 ; 2.41174 ; 1.51342
2.99099 ; 7.90321 ; 0.466561 ; -2.15447
8.57238 ; 7.77184 ; -1.73859 ; -1.16355
2.97137 ; 7.85937 ; 0.441222 ; -1.55081
7.68379 ; 2.12433 ; 2.77454 ; 0.755168
8.64291 ; 2.35866 ; -4.16214 ; 0.722795
8.52848 ; 2.14895 ; -3.37247 ; 3.72705
3.30606 ; 2.02206 ; -1.38161 ; 2.40993
3.30009 ; 7.44051 ; 7.02811 ; -6.43782
8.18934 ; 7.91207 ; 0.447415 ; -5.04959
2.80114 ; 2.70818 ; 0.737969 ; -1.85133
8.57093 ; 2.19676 ; -3.93746 ; 3.12575
2.83169 ; 2.09804 ; 2.40155 ; 3.26279
8.56195 ; 7.74682 ; -1.60131 ; -1.10289
8.40131 ; 7.6117 ; -0.306502 ; 0.439365
2.74278 ; 7.74421 ; 2.97175 ; -1.43573
8.53306 ; 2.16836 ; -3.77617 ; 3.8344
8.54993 ; 7.84382 ; -3.65078 ; -3.92252
2.72011 ; 7.69218 ; 3.31209 ; -1.02115
5.34238 ; 5.45402 ; 6.4357 ; 5.74913
8.32112 ; 2.11924 ; 0.0868132 ; 1.55291
2.70556 ; 7.32432 ; 2.05825 ; 1.46746
2.80748 ; 2.12091 ; 2.99425 ; 3.373
7.00282 ; 2.76375 ; -6.91968 ; -2.27546
8.6269 ; 7.69232 ; -2.24839 ; -0.591311
8.44419 ; 7.72701 ; -5.31247 ; -5.14908
8.5257 ; 2.15237 ; -3.48665 ; 3.83698
8.46803 ; 7.76653 ; -4.1678 ; -5.50861
4.82705 ; 2.40368 ; -4.95465 ; -1.11083
2.84923 ; 2.13932 ; 3.42298 ; 4.55665
8.24968 ; 7.37399 ; 1.16151 ; 1.73185
8.43045 ; 2.27343 ; -5.24282 ; 5.22587
2.83411 ; 2.10082 ; 2.00667 ; 2.71484
2.82001 ; 2.11526 ; 2.98201 ; 3.63969
3.34942 ; 7.47618 ; -1.34159 ; -6.90894
2.76813 ; 7.72591 ; 2.14288 ; -0.924183
8.39672 ; 3.53735 ; -5.45125 ; -4.16253
2.85667 ; 7.81595 ; 3.93933 ; -4.55721
2.84833 ; 7.83894 ; 3.54107 ; -4.25754
8.27469 ; 7.89752 ; 0.4406 ; -1.86446
2.90562 ; 2.09638 ; 0.996461 ; 2.12464
8.44879 ; 2.2422 ; -4.70905 ; 5.2522
8.50919 ; 2.19356 ; -4.29867 ; 4.33038
2.82332 ; 7.85331 ; 3.01528 ; -3.40669
8.64352 ; 2.69867 ; -1.71512 ; -1.60209
8.50412 ; 2.19464 ; -4.31578 ; 4.41526
8.53244 ; 2.15778 ; -3.55243 ; 3.76222
5.35869 ; 7.74512 ; 6.4612 ; -0.788726
8.52 ; 2.20287 ; -4.45593 ; 4.13839
2.79587 ; 6.55458 ; 4.55582 ; 3.87595
8.3902 ; 7.54601 ; -4.1135 ; -6.89963
8.67424 ; 7.5252 ; -2.78231 ; 0.386465
8.55257 ; 7.87019 ; -2.83723 ; -3.31618
2.82436 ; 7.84185 ; 3.40635 ; -3.71768
8.58048 ; 7.83599 ; -3.46381 ; -3.18631
2.81641 ; 7.82176 ; 3.81528 ; -3.75323
2.77447 ; 2.32058 ; 1.57039 ; 0.251068
8.53147 ; 7.84108 ; -3.70464 ; -4.29755
8.45482 ; 5.5246 ; -4.426 ; 5.59482
8.22404 ; 7.56488 ; -6.55675 ; -6.00871
8.31713 ; 2.45248 ; -0.00812042 ; 3.7654
8.12984 ; 7.5718 ; 1.52882 ; 0.973359
6.56158 ; 5.26767 ; -6.87251 ; -6.54081
8.49363 ; 2.21533 ; -4.64046 ; 4.53567
8.50784 ; 5.25135 ; -0.991683 ; 5.84918
8.55547 ; 7.86832 ; -2.71994 ; -3.1284
8.58248 ; 7.66059 ; -5.30726 ; -1.07982
7.22474 ; 6.07467 ; 4.09142 ; 4.84352
8.53092 ; 2.14843 ; -3.31979 ; 3.64893
8.38733 ; 6.75357 ; -2.20517 ; -7.57126
8.4104 ; 2.29764 ; -4.83781 ; 5.84303
8.25937 ; 2.444 ; -6.25467 ; 6.27459
2.83287 ; 7.84574 ; 1.95401 ; -2.18942
6.65406 ; 5.83613 ; 4.96929 ; 4.4511
8.5227 ; 7.86354 ; -3.22444 ; -4.25663
3.12802 ; 7.8837 ; -0.551435 ; -1.4184
8.10055 ; 7.88491 ; 1.36143 ; -1.12792
2.94167 ; 7.64363 ; 0.173503 ; 0.241364
8.37092 ; 2.05592 ; -0.687577 ; 3.14991
6.77688 ; 2.1844 ; 4.58602 ; 0.234487
8.58572 ; 7.83584 ; -3.25744 ; -2.92326
2.78376 ; 2.78166 ; 0.860966 ; -2.05802
2.75891 ; 2.17887 ; 2.65501 ; 1.91574
2.814 ; 7.82885 ; 3.5857 ; -3.51274
8.57705 ; 6.56691 ; -0.731282 ; 3.79499
7.64149 ; 2.15857 ; 2.85962 ; 0.447907
3.00452 ; 2.50398 ; 4.7143 ; 7.00107
2.879 ; 2.26709 ; 0.659399 ; 0.347703
8.63056 ; 7.7594 ; -3.85034 ; -1.88021
2.93738 ; 7.77985 ; 2.69225 ; -5.83865
8.53403 ; 2.18948 ; -4.17637 ; 3.89808
2.69755 ; 2.55033 ; 2.15683 ; -0.999957
5.53945 ; 4.59048 ; -5.31752 ; -5.73839
8.17547 ; 7.66701 ; -7.11338 ; -4.05697
2.72098 ; 7.57754 ; 2.33375 ; 0.14014
8.49133 ; 7.78007 ; -4.56627 ; -4.94441
8.49627 ; 7.80227 ; -4.11692 ; -4.98934
2.89805 ; 2.23988 ; 4.92144 ; 5.17026
3.02706 ; 6.82445 ; 3.65711 ; -7.63694
2.85347 ; 2.19038 ; 4.42256 ; 4.66382
3.07876 ; 7.5587 ; 6.10731 ; -6.27208
7.85749 ; 7.9623 ; 2.19647 ; -2.02086
3.02221 ; 7.93833 ; 0.416808 ; -2.83104
8.55766 ; 2.19093 ; -2.02695 ; 1.7013
7.83255 ; 7.54235 ; 2.54874 ; 1.27328
2.74492 ; 2.19175 ; 2.95208 ; 1.91149
2.75303 ; 2.22048 ; 4.43368 ; 2.39875
7.28321 ; 2.1996 ; 3.76659 ; 0.0571436
3.90367 ; 6.51744 ; 7.33338 ; -7.46504
8.66436 ; 2.44626 ; -3.43171 ; 0.190892
3.08668 ; 2.42413 ; 6.24478 ; 6.17692
8.41006 ; 2.35761 ; -6.41668 ; 1.41456
8.47742 ; 7.85037 ; -2.8503 ; -5.07709
8.01577 ; 2.06892 ; 1.58174 ; 1.63031
8.28949 ; 7.90884 ; 0.337389 ; -1.76724
2.84052 ; 2.10564 ; 2.80888 ; 3.94048
8.51669 ; 2.21435 ; -4.66215 ; 4.1124
2.82891 ; 2.14115 ; 3.6059 ; 4.19042
8.47012 ; 2.22487 ; -4.67612 ; 4.91161
2.9862 ; 2.78617 ; 3.1908 ; 7.54866
3.60656 ; 2.03528 ; -2.47948 ; 1.94377
5.0149 ; 6.98213 ; 6.61425 ; 3.20191
3.46136 ; 2.00662 ; -1.98835 ; 3.20503
5.83945 ; 2.2974 ; 6.06583 ; 4.39027
2.79361 ; 2.23509 ; 1.6069 ; 0.886423
2.9642 ; 7.92746 ; 0.944476 ; -3.02412
2.80884 ; 7.32131 ; 0.786599 ; 1.65435
8.59614 ; 6.03565 ; -1.44158 ; 4.80693
2.84733 ; 7.87562 ; 2.29464 ; -3.06538
2.84907 ; 2.19876 ; 1.1298 ; 1.03517
2.88834 ; 2.23784 ; 5.06664 ; 4.91528
8.27143 ; 7.84148 ; 0.589779 ; -0.943914
2.92067 ; 2.26766 ; 5.32113 ; 5.21537
4.53135 ; 7.71302 ; 7.08167 ; -1.5833
2.94761 ; 2.08544 ; 0.645401 ; 2.10965
2.82377 ; 2.24407 ; 1.25138 ; 0.738365
2.71325 ; 2.29556 ; 4.26473 ; 1.19127
4.63208 ; 2.26045 ; 7.02198 ; 1.37836
2.88591 ; 2.23227 ; 4.95757 ; 4.95003
2.92235 ; 7.7657 ; 3.25169 ; -5.81112
2.84321 ; 7.83509 ; 3.61236 ; -4.20323
2.78582 ; 7.82057 ; 3.15947 ; -2.7171
2.92378 ; 2.10282 ; 2.07347 ; 4.7184
5.69346 ; 7.66849 ; -6.25662 ; -4.45238
2.81453 ; 2.12378 ; 2.05097 ; 2.32852
8.00687 ; 5.22484 ; -6.60303 ; 5.7752
8.66488 ; 2.94987 ; -1.89811 ; -2.5151
4.08056 ; 2.03722 ; -3.76285 ; 2.84668
8.38839 ; 2.31541 ; -5.57911 ; 5.54328
8.20695 ; 7.77527 ; 1.02155 ; -0.29773
8.64113 ; 7.68935 ; -2.56313 ; -0.655686
2.73452 ; 7.32146 ; 1.57997 ; 1.56597
7.69007 ; 3.0618 ; -7.34304 ; 7.4339
4.44794 ; 7.89835 ; -4.38976 ; -1.20095
7.72883 ; 4.57961 ; 3.0901 ; 6.41157
2.84074 ; 2.18928 ; 4.49541 ; 4.42592
2.78316 ; 7.2161 ; 0.932114 ; 2.02455
2.77516 ; 2.15545 ; 2.56034 ; 2.17753
2.82091 ; 2.17244 ; 4.2256 ; 4.11107
8.40517 ; 7.9088 ; -1.66524 ; -4.58802
8.55044 ; 2.1986 ; -4.24579 ; 3.57792
8.51538 ; 7.89873 ; -2.22123 ; -3.42092
2.87572 ; 3.30201 ; 5.02215 ; -3.66465
2.93349 ; 2.27917 ; 5.31801 ; 5.41792
2.82615 ; 2.17204 ; 4.20032 ; 4.20787
2.7828 ; 7.09525 ; 5.07824 ; 2.31608
2.86215 ; 7.83738 ; 3.51212 ; -4.53235
8.10116 ; 2.06646 ; 1.21107 ; 1.78563
8.47382 ; 2.22161 ; -4.64276 ; 4.85993
7.61794 ; 7.61643 ; -7.64132 ; -4.03453
8.67065 ; 3.45465 ; -2.7882 ; -3.75589
3.33632 ; 3.38165 ; -2.18047 ; -3.86225
2.96422 ; 2.06222 ; 0.621335 ; 2.49881
8.3066 ; 2.40205 ; -5.9897 ; 6.13044
8.30572 ; 7.57725 ; -5.97968 ; -6.25638
2.83213 ; 7.78837 ; 4.5132 ; -4.06209
2.82719 ; 7.78718 ; 4.5303 ; -3.95071
8.24565 ; 7.8289 ; 0.764795 ; -0.813005
8.57449 ; 7.83771 ; -3.5631 ; -3.37474
8.45427 ; 2.25247 ; -5.06942 ; 4.97931
3.25187 ; 4.52323 ; 5.69353 ; 6.76623
2.77925 ; 2.14892 ; 3.42162 ; 3.08332
8.55878 ; 7.8209 ; -2.06684 ; -1.782
2.95896 ; 2.30502 ; 5.54316 ; 5.56822
3.1519 ; 2.13691 ; -0.839901 ; 0.974725
2.76819 ; 2.25723 ; 1.99505 ; 0.799041
2.82795 ; 7.83447 ; 3.60642 ; -3.89869
7.71147 ; 6.80752 ; 3.06808 ; 3.45164
8.51725 ; 7.88491 ; -2.74891 ; -4.00631
8.47495 ; 2.21742 ; -4.57763 ; 4.85327
8.59757 ; 7.82439 ; -3.08894 ; -2.50379
2.89228 ; 7.79126 ; 3.86986 ; -5.25476
3.01184 ; 7.9255 ; 0.428179 ; -2.54816
8.55263 ; 7.06184 ; -0.522426 ; 2.5219
3.34698 ; 2.17014 ; -1.73606 ; 0.492685
2.72995 ; 2.21809 ; 3.69521 ; 1.9479
2.81121 ; 2.74814 ; 0.630024 ; -1.99695
7.11159 ; 2.34394 ; 3.8703 ; -0.832533
8.19899 ; 7.43704 ; 1.32902 ; 1.44808
2.81656 ; 5.33181 ; 1.34637 ; 5.75167
5.19281 ; 7.73485 ; -5.21173 ; 0.204523
2.87521 ; 4.39492 ; 0.364169 ; -5.26681
4.7091 ; 5.61088 ; -4.77512 ; 5.46256
8.51753 ; 2.2439 ; -5.21713 ; 3.5118
3.35071 ; 2.57519 ; -1.88058 ; -0.168548
8.49545 ; 2.27107 ; -5.68315 ; 2.97399
6.92992 ; 2.48005 ; 4.59582 ; 6.02533
