8.12658 ; 5.92956 ; -4.26591 ; -7.17635
8.19857 ; 2.71006 ; -4.04234 ; 6.93166
8.35401 ; 2.35075 ; -3.25547 ; 3.88698
3.46084 ; 2.79212 ; 6.84185 ; 6.70896
7.42055 ; 6.94882 ; -7.44685 ; -6.99992
3.45823 ; 2.82433 ; 6.7527 ; 6.87288
8.13185 ; 7.3701 ; -5.75362 ; -6.26738
7.73588 ; 3.30345 ; -6.72415 ; 7.49043
8.09881 ; 2.34438 ; 0.666154 ; 5.28688
8.2901 ; 7.56032 ; -4.46455 ; -5.14463
8.22421 ; 6.67354 ; -3.05052 ; -7.55109
4.53 ; 6.92996 ; 7.3137 ; -6.64976
2.9332 ; 3.20477 ; 0.498752 ; -3.48358
4.73659 ; 2.34441 ; -5.13596 ; 3.6797
7.15901 ; 2.32884 ; 4.17904 ; -0.289168
5.2116 ; 7.56873 ; 6.75544 ; -2.89099
2.87947 ; 2.48116 ; 2.86724 ; -0.188237
8.36896 ; 7.61986 ; -4.71308 ; -2.66018
7.92522 ; 6.87284 ; -6.14 ; -7.43237
5.64858 ; 7.63671 ; -6.26948 ; -2.67156
7.95602 ; 7.21092 ; -6.58407 ; -6.76613
3.33027 ; 7.31108 ; 6.36253 ; -6.30909
8.27304 ; 7.54466 ; -4.77005 ; -5.17057
4.31964 ; 7.16642 ; 7.44313 ; -5.88873
3.05365 ; 7.73037 ; 1.35473 ; -3.36819
7.94859 ; 2.54581 ; 1.6728 ; 6.31006
7.28336 ; 2.66824 ; -7.5315 ; 5.09694
7.51338 ; 2.75366 ; -7.53105 ; 5.74697
3.575 ; 2.92432 ; 7.04303 ; 7.0401
5.16348 ; 4.82889 ; 6.66751 ; -6.17622
8.32868 ; 7.61411 ; -3.11876 ; -5.06892
8.10916 ; 2.45172 ; -6.60602 ; 2.84438
8.35711 ; 7.64678 ; -3.50062 ; -4.22168
8.07617 ; 4.37381 ; -4.79042 ; 6.91037
2.94916 ; 2.34546 ; 1.44489 ; 0.787225
8.22805 ; 2.47926 ; -5.14495 ; 5.14651
3.21982 ; 2.40009 ; -1.12702 ; -0.417978
3.00127 ; 2.33176 ; 3.57938 ; 3.98016
3.14733 ; 7.47587 ; 4.93006 ; -5.74377
3.5263 ; 3.93112 ; -2.70399 ; 7.02584
3.41697 ; 3.08432 ; 6.00549 ; 7.46169
3.15034 ; 7.48655 ; 5.03615 ; -5.57945
4.306 ; 3.2802 ; 7.39867 ; 7.1511
3.09914 ; 2.40276 ; 5.86175 ; 2.92033
3.26211 ; 7.02368 ; 4.96618 ; -7.39863
2.9894 ; 2.32929 ; 3.71615 ; 3.56759
8.01877 ; 2.66756 ; -6.4498 ; 6.16513
3.00185 ; 2.33774 ; 3.47558 ; 4.03565
2.93654 ; 2.58766 ; 0.8908 ; -1.16774
7.90625 ; 2.80664 ; -6.70624 ; 6.77462
2.95278 ; 2.30745 ; 3.0659 ; 2.62772
7.91769 ; 2.7834 ; -6.71183 ; 6.67032
3.11094 ; 2.44749 ; 5.26862 ; 4.9499
3.35136 ; 7.27494 ; 6.38702 ; -6.50531
6.76217 ; 4.42447 ; -6.91479 ; -5.76103
3.15668 ; 7.3034 ; 3.9339 ; -6.88647
8.10498 ; 2.6423 ; -5.6907 ; 6.37019
3.09575 ; 7.53926 ; 4.21233 ; -5.4098
8.06969 ; 2.64521 ; -6.06622 ; 6.237
8.35536 ; 7.64086 ; -3.67773 ; -4.20473
6.60979 ; 2.91839 ; -7.17113 ; 6.11944
3.24285 ; 2.57963 ; 6.07246 ; 5.8822
3.13683 ; 7.48933 ; 4.82937 ; -5.65776
7.93012 ; 2.2034 ; 1.82957 ; 3.0621
7.73068 ; 6.96221 ; -7.05825 ; -7.23138
3.9387 ; 7.69188 ; -3.47471 ; -4.41977
8.36425 ; 2.36184 ; -4.02775 ; 3.31189
8.25219 ; 2.45777 ; -4.69194 ; 5.17833
3.0095 ; 2.3314 ; 3.37284 ; 4.23284
3.22358 ; 6.39679 ; 4.05822 ; -7.44752
7.72653 ; 2.19817 ; 2.646 ; 2.83212
5.02835 ; 2.29431 ; -5.48557 ; 0.898733
8.21025 ; 2.49783 ; -5.25298 ; 5.32516
3.62964 ; 4.79623 ; -3.17899 ; -6.01448
2.90253 ; 7.53012 ; 2.82829 ; -0.318501
8.0236 ; 7.27656 ; -6.33968 ; -6.57998
8.32558 ; 2.39624 ; -4.85381 ; 3.37863
8.3938 ; 2.31642 ; -2.66795 ; 2.70564
8.24119 ; 2.44624 ; -5.47934 ; 4.26072
8.32179 ; 7.59636 ; -5.43776 ; -2.144
8.19202 ; 5.52132 ; -4.04332 ; -6.82602
8.18989 ; 7.42484 ; -5.24002 ; -6.13231
3.04221 ; 7.62222 ; 3.48148 ; -4.59559
3.12661 ; 2.47498 ; 5.20798 ; 5.35999
8.23504 ; 7.51057 ; -5.26268 ; -5.29932
7.22018 ; 2.2344 ; 3.98722 ; 0.931046
8.31831 ; 7.6002 ; -2.96748 ; -5.32759
8.20359 ; 7.72265 ; 0.36023 ; -2.16126
8.20613 ; 6.81646 ; -0.0791283 ; -7.44148
3.36155 ; 7.25713 ; 6.39294 ; -6.59862
3.15727 ; 7.45237 ; 4.88989 ; -5.96382
3.0924 ; 2.94396 ; 1.639 ; -2.76469
8.32228 ; 2.39928 ; -4.89748 ; 3.35307
7.90158 ; 2.67312 ; -7.00353 ; 5.86324
4.28045 ; 2.95901 ; 7.45605 ; 6.51073
7.98617 ; 7.2415 ; -6.48885 ; -6.67789
3.22622 ; 6.13626 ; -1.7476 ; 4.81913
3.09778 ; 2.63274 ; 2.87657 ; 6.81373
5.49603 ; 2.42295 ; 6.49577 ; 3.46933
8.19049 ; 7.48199 ; -5.73825 ; -5.34198
3.27965 ; 7.32563 ; 5.93385 ; -6.42218
8.23342 ; 2.48389 ; -4.78802 ; 5.45796
5.23693 ; 2.37099 ; 6.59258 ; 2.67651
8.32827 ; 4.49578 ; -1.50727 ; 6.69863
2.86037 ; 6.91802 ; 2.24577 ; 3.03918
3.21022 ; 2.57299 ; 5.71241 ; 6.02269
7.29 ; 7.18833 ; 3.89415 ; -6.65274
3.01137 ; 7.58622 ; 5.06941 ; -1.92049
8.44326 ; 7.15285 ; -3.84165 ; 2.27159
8.49736 ; 7.10043 ; -3.14421 ; 2.44096
8.28456 ; 7.45322 ; -0.0451571 ; -2.03503
3.88317 ; 7.75008 ; -3.41283 ; -0.637461
8.31811 ; 7.60224 ; -5.0554 ; -3.62343
8.38208 ; 2.3747 ; -4.27713 ; 2.49841
5.74665 ; 7.56268 ; -6.38555 ; -3.60852
8.38941 ; 7.66383 ; -3.54825 ; -3.32524
8.14052 ; 2.57228 ; -5.6795 ; 5.87692
2.95852 ; 2.4413 ; 4.86402 ; 0.673757
8.02153 ; 3.65198 ; -5.00657 ; 7.43834
2.94704 ; 7.57034 ; 4.34254 ; -1.07877
8.29341 ; 7.55504 ; -4.01431 ; -5.44536
3.2049 ; 7.72126 ; -0.810861 ; -0.902827
5.28233 ; 7.0648 ; 6.54657 ; 3.09086
5.44571 ; 6.24767 ; -6.11495 ; -7.00712
3.10479 ; 7.02927 ; -0.91201 ; 2.90572
3.21041 ; 3.73841 ; 4.14582 ; 7.37619
8.23786 ; 7.54785 ; -5.62803 ; -4.44764
3.42518 ; 2.76929 ; 6.7154 ; 6.67519
3.15345 ; 2.8332 ; 3.87611 ; 7.2787
3.10608 ; 7.4681 ; 3.17225 ; -6.24751
8.14175 ; 2.57529 ; -5.62183 ; 5.93683
7.97234 ; 4.89664 ; -5.45777 ; 6.46448
3.28625 ; 7.31468 ; 5.94926 ; -6.47933
3.3168 ; 7.45385 ; 6.67489 ; -4.8598
7.82626 ; 2.23071 ; 2.20578 ; 3.81234
6.46519 ; 2.32896 ; 5.29426 ; -0.159413
3.16732 ; 7.47464 ; 5.44478 ; -5.4582
8.29145 ; 7.55517 ; -4.15769 ; -5.3805
8.22596 ; 7.49481 ; -5.22259 ; -5.52171
7.96219 ; 7.32964 ; -6.80836 ; -6.04049
8.41071 ; 2.37751 ; -3.96165 ; 1.98098
7.85202 ; 7.2187 ; -7.0297 ; -6.51641
8.24078 ; 7.76581 ; 0.136219 ; -2.18099
8.24718 ; 5.10291 ; -3.76822 ; 6.2223
8.14633 ; 2.52042 ; -6.07337 ; 4.98927
8.19335 ; 5.7205 ; -4.08441 ; -6.95632
4.42008 ; 7.72318 ; -4.52631 ; -3.44931
3.05626 ; 7.59154 ; 4.74582 ; -4.06607
3.36113 ; 2.83018 ; 6.20018 ; 7.04411
3.48415 ; 2.80673 ; 6.91203 ; 6.73364
3.11069 ; 2.43373 ; -0.521315 ; -0.538826
8.47949 ; 3.32771 ; -1.15516 ; -3.7821
3.47051 ; 2.83554 ; 6.79041 ; 6.89641
4.51772 ; 5.61918 ; 7.13474 ; -6.74999
8.21818 ; 7.493 ; -5.3968 ; -5.43193
8.25537 ; 7.56459 ; -5.58976 ; -4.10282
3.38523 ; 2.75787 ; 6.54446 ; 6.62345
8.40363 ; 2.31558 ; -1.83741 ; 1.6981
7.97862 ; 2.70725 ; -6.58642 ; 6.34502
2.96523 ; 2.37448 ; 4.61715 ; 1.94339
8.04802 ; 7.28064 ; -6.16585 ; -6.6271
3.1019 ; 3.01571 ; 2.61349 ; 7.40007
8.14414 ; 5.11245 ; -4.5415 ; -6.47461
8.36774 ; 7.67774 ; -2.85095 ; -3.96017
8.33225 ; 7.69712 ; -1.85388 ; -4.28335
7.17227 ; 7.39991 ; -7.47014 ; -2.65005
4.23238 ; 4.31351 ; 7.11445 ; 6.96039
3.1056 ; 7.51791 ; 4.12736 ; -5.67002
7.60801 ; 6.63956 ; -7.05232 ; -7.4608
4.56424 ; 3.53137 ; 7.24713 ; 7.21157
4.05487 ; 7.29873 ; 7.54338 ; -5.2909
7.98649 ; 7.23881 ; -6.47608 ; -6.69697
8.34312 ; 2.32067 ; -2.65711 ; 4.03631
8.12249 ; 2.7774 ; 1.57153 ; -2.27176
8.20533 ; 7.47227 ; -5.38591 ; -5.66815
3.24312 ; 2.33974 ; -0.940419 ; 0.159076
3.13442 ; 2.22357 ; -0.0970746 ; 2.37958
3.32148 ; 7.31366 ; 6.29684 ; -6.32697
3.2927 ; 2.21513 ; -1.12995 ; 3.12888
4.86935 ; 5.48727 ; -5.3576 ; 5.75485
3.1037 ; 7.57393 ; 5.67106 ; -3.24474
3.27056 ; 2.74213 ; 5.68831 ; 6.88138
8.39935 ; 2.33368 ; -3.20565 ; 2.69214
8.1029 ; 2.5947 ; -6.03724 ; 5.85093
8.34942 ; 2.37511 ; -4.34346 ; 3.41024
3.12911 ; 3.90308 ; -0.497459 ; 6.02995
2.94725 ; 2.35049 ; 4.04224 ; 2.16245
3.13771 ; 7.52549 ; 5.53579 ; -4.68694
3.08679 ; 2.42583 ; 5.0296 ; 4.78726
8.30955 ; 2.38598 ; -3.4454 ; 4.88105
4.15067 ; 7.25813 ; 7.51601 ; -5.51081
8.22327 ; 7.76973 ; 0.108518 ; -2.55671
3.04688 ; 2.38775 ; 4.81039 ; 4.18653
8.38328 ; 2.35995 ; -3.95627 ; 2.84655
3.07558 ; 5.10788 ; 3.02325 ; -6.4398
3.31533 ; 2.21128 ; -1.31978 ; 1.9932
7.9231 ; 2.78151 ; -6.68046 ; 6.67876
8.00926 ; 2.94215 ; -5.7859 ; 7.30544
3.37995 ; 7.26522 ; 6.55856 ; -6.4746
3.30325 ; 2.61508 ; 6.42856 ; 5.96128
7.47968 ; 3.22203 ; -7.33252 ; 7.32039
3.44423 ; 7.15383 ; 6.63488 ; -6.91269
3.22083 ; 5.82939 ; 4.03462 ; -7.08897
7.91025 ; 7.77211 ; 1.91397 ; -3.70921
3.41536 ; 2.76637 ; 6.66636 ; 6.68688
3.15055 ; 2.47166 ; 5.70794 ; 4.97276
3.61439 ; 6.98921 ; 7.03566 ; -7.17368
3.12584 ; 7.51142 ; 4.9101 ; -5.36149
7.38004 ; 6.95448 ; -7.48025 ; -6.93567
3.74846 ; 6.83629 ; -3.2043 ; -7.10862
8.05534 ; 2.67279 ; -6.06767 ; 6.40959
8.23432 ; 3.57947 ; 1.20741 ; -4.33903
8.25456 ; 2.37348 ; -1.222 ; 5.4186
8.48482 ; 2.512 ; -2.80872 ; -0.320001
3.09514 ; 2.46845 ; 1.86027 ; 6.14398
3.44796 ; 2.2054 ; -1.91605 ; 3.12522
3.1304 ; 2.50831 ; 4.8755 ; 5.8526
3.28667 ; 7.31455 ; 5.95076 ; -6.4824
3.32598 ; 2.67139 ; 6.38266 ; 6.35588
3.0626 ; 2.40178 ; 4.84448 ; 4.49986
3.26189 ; 2.60382 ; 6.12842 ; 6.04943
7.62933 ; 7.77061 ; 2.97378 ; -3.46435
7.92058 ; 2.76881 ; -6.74328 ; 6.5825
8.134 ; 2.21613 ; 0.774848 ; 2.44276
8.36767 ; 7.63658 ; -4.17061 ; -3.54334
8.30297 ; 2.40007 ; -3.91505 ; 4.817
7.25249 ; 2.24973 ; 3.90854 ; 3.57137
3.01204 ; 7.63708 ; 3.8938 ; -3.69872
8.2911 ; 2.4177 ; -4.22538 ; 4.87145
8.03012 ; 7.75462 ; 1.23666 ; -4.07528
6.14195 ; 7.11819 ; -6.60952 ; 2.96791
3.06068 ; 4.19847 ; 2.27073 ; 7.00155
2.90956 ; 7.27822 ; 1.13018 ; 1.79416
7.62188 ; 2.20412 ; 2.8562 ; 3.04422
2.89384 ; 6.63387 ; 1.08874 ; 3.77657
3.05843 ; 6.95875 ; -0.60068 ; 2.9913
3.40565 ; 7.22171 ; 6.59161 ; -6.67119
3.87044 ; 7.75764 ; -3.29699 ; -3.62672
5.22389 ; 7.68269 ; -5.68322 ; -2.96616
3.14626 ; 2.51818 ; 5.12069 ; 5.83675
7.75447 ; 2.94323 ; -7.08159 ; 7.03302
3.40131 ; 7.19829 ; 6.4989 ; -6.79402
8.10598 ; 7.35773 ; -5.95344 ; -6.29651
7.61528 ; 7.03209 ; -7.11837 ; 2.92667
6.19125 ; 2.40207 ; -6.59681 ; 3.10176
3.10174 ; 7.5354 ; 4.51721 ; -5.29225
8.02141 ; 6.54553 ; -6.19195 ; 4.15668
3.23171 ; 7.41101 ; 5.88565 ; -5.83599
7.75629 ; 2.95967 ; -7.04668 ; 7.09177
3.22191 ; 7.18289 ; -0.203089 ; -7.07209
8.28462 ; 7.71842 ; -0.00415933 ; -1.18168
4.32861 ; 7.77938 ; -4.25409 ; -1.93947
3.19202 ; 7.46106 ; 5.74835 ; -5.40905
4.09568 ; 7.54279 ; 7.46084 ; -1.57113
6.62988 ; 7.59978 ; -7.11194 ; -1.53248
7.96241 ; 7.46486 ; -7.02459 ; -4.5978
3.49168 ; 7.11356 ; 6.78347 ; -6.97868
3.16074 ; 5.45838 ; -0.820764 ; -6.63062
2.87228 ; 7.35331 ; 2.41054 ; 1.25939
3.25079 ; 3.47314 ; 4.54924 ; 7.52049
8.3218 ; 7.66196 ; -2.07361 ; -4.83096
8.1452 ; 7.15929 ; 0.99182 ; -3.35102
8.15898 ; 2.55576 ; -5.51869 ; 5.81567
3.18902 ; 7.46972 ; 5.78521 ; -5.27767
8.07353 ; 7.35307 ; -6.23339 ; -6.1949
8.35378 ; 7.65915 ; -2.98778 ; -4.36689
8.33187 ; 7.64225 ; -2.76614 ; -4.83069
7.90065 ; 2.79959 ; -6.7658 ; 6.71367
3.61106 ; 2.98572 ; 7.068 ; 7.16215
3.08775 ; 2.40165 ; 5.66485 ; 3.38412
8.21499 ; 2.32508 ; 0.495682 ; 0.476527
4.6919 ; 2.30408 ; -5.02243 ; 0.260201
3.36438 ; 7.2549 ; 6.41197 ; -6.60069
7.97538 ; 2.74993 ; -6.44068 ; 6.64731
5.76023 ; 7.61962 ; 6.22206 ; -2.89227
3.02608 ; 7.656 ; 3.0533 ; -4.1976
5.43872 ; 2.37363 ; -6.0353 ; 3.06456
7.4921 ; 3.13393 ; -7.01522 ; -3.44525
3.21403 ; 3.53658 ; 4.1204 ; 7.49243
8.221 ; 2.52047 ; -6.15174 ; 0.11187
8.34472 ; 7.66385 ; -2.52618 ; -4.48444
3.63166 ; 2.9838 ; 7.12579 ; 7.1341
3.11691 ; 2.48052 ; 4.87208 ; 5.59518
7.19793 ; 6.52303 ; -7.36416 ; -7.33764
8.25416 ; 2.45184 ; -5.07909 ; 4.73817
3.04036 ; 2.26015 ; 0.666393 ; 1.87049
8.33764 ; 2.36251 ; -3.64614 ; 4.17376
4.33661 ; 7.45581 ; 7.42124 ; -3.73093
3.49608 ; 3.03288 ; 6.59695 ; 7.35084
2.86229 ; 6.88912 ; 2.62807 ; 3.07273
8.48554 ; 6.06543 ; -1.9034 ; 3.37747
3.92625 ; 2.48183 ; 7.56522 ; 3.2722
7.80616 ; 2.93166 ; -6.91369 ; 7.07741
7.77239 ; 2.93058 ; -7.04105 ; 7.01971
3.35174 ; 2.69099 ; 6.50156 ; 6.40349
8.23272 ; 7.51574 ; -5.37357 ; -5.16064
4.07727 ; 2.25447 ; -3.86042 ; 3.38059
3.45726 ; 2.81173 ; 6.77796 ; 6.81613
8.07836 ; 7.3817 ; -6.29886 ; -5.95916
5.20999 ; 5.80985 ; 6.7466 ; -6.9353
7.72893 ; 6.99794 ; -7.10516 ; -7.15072
3.13086 ; 7.51171 ; 5.15143 ; -5.1859
2.9451 ; 2.58178 ; 4.00895 ; 1.97215
3.13587 ; 4.75641 ; 3.59573 ; -6.08711
8.06997 ; 2.64919 ; -6.03531 ; 6.28006
8.25197 ; 7.03757 ; -5.67042 ; 2.7231
8.23554 ; 2.46981 ; -5.16089 ; 4.98925
3.41664 ; 7.17557 ; 6.52426 ; -6.88045
8.26808 ; 2.31808 ; -1.16049 ; 4.8065
8.30885 ; 7.59748 ; -5.39467 ; -2.94746
3.20798 ; 7.28137 ; 4.87974 ; -6.85238
3.22578 ; 2.51076 ; 6.16024 ; 5.18309
7.92211 ; 7.4351 ; -7.09967 ; -4.92829
6.88906 ; 3.04911 ; 4.81826 ; 6.3381
3.10549 ; 7.48705 ; 3.88076 ; -5.94013
3.00737 ; 2.30787 ; 0.887102 ; 1.07593
7.37017 ; 6.27939 ; -7.14641 ; -7.35237
7.9551 ; 3.14733 ; -5.8597 ; 7.50357
3.61129 ; 5.38162 ; 6.35291 ; 5.96534
8.30364 ; 7.7561 ; -0.51775 ; -2.51132
5.08798 ; 5.69664 ; 6.8257 ; -6.88237
7.86145 ; 7.11389 ; -6.83339 ; -6.98799
3.41741 ; 7.20808 ; 6.62263 ; -6.71728
3.09885 ; 7.55192 ; 5.09914 ; -4.58724
7.8787 ; 2.84904 ; -6.75094 ; 6.90621
3.33696 ; 2.38628 ; -1.25515 ; 5.60114
3.64695 ; 6.53497 ; 6.81631 ; 4.19822
3.09362 ; 7.52688 ; 2.6252 ; -5.95304
3.07251 ; 2.4762 ; 4.11485 ; 5.53003
3.14049 ; 6.85856 ; 1.41659 ; -7.48271
3.24998 ; 7.37463 ; 5.87113 ; -6.13538
8.17455 ; 2.51865 ; -5.73596 ; 5.22568
3.22811 ; 2.59372 ; 5.80947 ; 6.13374
3.61299 ; 7.51871 ; 7.42203 ; -2.61359
3.04898 ; 4.2523 ; 0.735692 ; 6.88422
4.33717 ; 7.44988 ; 7.38293 ; -4.03659
6.80419 ; 3.11088 ; 4.96914 ; 6.79895
3.14935 ; 6.16569 ; 2.97223 ; -7.30667
8.01944 ; 2.68503 ; -6.3504 ; 6.34502
3.27738 ; 2.61804 ; 6.20718 ; 6.11016
7.91677 ; 7.6634 ; 2.15745 ; 0.0954933
8.27556 ; 2.45061 ; -3.68561 ; 5.56983
8.17907 ; 2.53184 ; -5.44668 ; 5.60299
3.4519 ; 7.78872 ; -1.87654 ; -1.8263
8.41367 ; 2.74791 ; -4.71816 ; -1.64818
8.46062 ; 3.97792 ; -1.40151 ; -4.98488
6.89365 ; 7.44737 ; -7.35292 ; -4.02982
3.25001 ; 2.61375 ; 5.94963 ; 6.20905
3.33911 ; 2.71964 ; 6.31526 ; 6.62845
8.3005 ; 7.56043 ; -3.67212 ; -5.51923
3.5652 ; 7.04812 ; 6.96197 ; -7.07899
7.83724 ; 7.09411 ; -6.89574 ; -7.01816
7.87653 ; 4.22467 ; -6.11828 ; -5.48866
3.30053 ; 3.26582 ; -1.98902 ; -3.75433
3.00623 ; 5.86811 ; 3.80521 ; 5.24901
8.01951 ; 7.7557 ; 1.34318 ; -4.05912
8.20977 ; 2.49884 ; -5.2668 ; 5.3259
8.22794 ; 7.54644 ; -5.75264 ; -4.38058
8.15233 ; 2.55843 ; -5.62621 ; 5.77416
8.2697 ; 5.67007 ; -2.83903 ; -6.95072
8.04275 ; 2.3318 ; 1.08563 ; 5.05073
3.42729 ; 4.23537 ; -2.55538 ; -5.37838
2.903 ; 7.55784 ; 3.16585 ; -0.438345
8.29906 ; 2.40808 ; -4.40381 ; 4.54802
3.10535 ; 7.53763 ; 4.86742 ; -5.02431
8.15981 ; 2.73414 ; -4.63513 ; 6.95195
3.0901 ; 2.41331 ; 5.46995 ; 4.06618
3.21649 ; 2.557 ; 5.91251 ; 5.78035
2.95298 ; 7.66418 ; 2.90319 ; -2.13665
3.17871 ; 2.50286 ; 5.81378 ; 5.3028
3.20948 ; 7.40558 ; 5.50334 ; -6.07666
3.41899 ; 2.75223 ; 6.72766 ; 6.59218
4.17591 ; 7.32439 ; 7.50876 ; -5.02455
6.49121 ; 4.62366 ; -6.81459 ; -5.98045
7.23832 ; 6.57707 ; 4.07056 ; 4.16604
3.21082 ; 2.25857 ; -0.411023 ; 4.36643
2.93666 ; 7.6077 ; 3.78137 ; -1.43967
7.85041 ; 2.84448 ; -6.9007 ; 6.82047
3.057 ; 2.41003 ; 2.88074 ; 5.57607
3.21614 ; 5.38569 ; -1.6284 ; 5.80659
3.11273 ; 7.51311 ; 4.40122 ; -5.61152
3.31344 ; 6.97561 ; 5.36088 ; -7.43621
2.88359 ; 2.53531 ; 3.63725 ; -0.486512
3.33084 ; 3.15605 ; 5.46123 ; 7.53726
3.00502 ; 2.29731 ; 2.57646 ; 3.93426
8.24364 ; 7.52173 ; -5.23172 ; -5.17143
8.10658 ; 2.59235 ; -6.00139 ; 5.85475
8.16082 ; 7.43581 ; -5.77953 ; -5.79538
4.19777 ; 7.27822 ; 7.5001 ; -5.35058
7.99894 ; 2.46542 ; -7.00007 ; 2.46796
8.28431 ; 7.57497 ; -5.20874 ; -4.26093
3.20142 ; 7.40383 ; 5.33752 ; -6.15862
8.32136 ; 2.28269 ; -1.6161 ; 3.80376
3.80648 ; 7.75235 ; -3.15062 ; -3.77435
2.99968 ; 2.26016 ; 1.55665 ; 2.63566
8.29933 ; 7.57234 ; -4.46104 ; -4.95394
6.94776 ; 4.20786 ; 4.77727 ; -5.40657
7.87055 ; 2.53829 ; 2.07849 ; 6.21379
7.76415 ; 7.08534 ; -7.11333 ; -6.94242
7.85811 ; 7.26409 ; -7.07107 ; -6.2679
3.25901 ; 2.58766 ; 6.19159 ; 5.88015
3.21415 ; 7.3758 ; 5.36222 ; -6.33233
8.40289 ; 7.62684 ; -0.937584 ; -0.38645
3.11303 ; 6.94296 ; 3.05641 ; -7.1246
3.29796 ; 7.609 ; -0.828508 ; -5.58166
2.90637 ; 2.43925 ; 3.94392 ; 0.471661
8.28934 ; 2.41854 ; -4.78788 ; 4.36716
3.37828 ; 7.25299 ; 6.50972 ; -6.56212
2.92758 ; 2.34132 ; 2.07806 ; 1.09771
3.14158 ; 7.48879 ; 5.03739 ; -5.53333
6.79092 ; 2.66392 ; -7.24282 ; 5.07998
7.76423 ; 5.682 ; -6.39555 ; 5.60565
3.03471 ; 2.36314 ; 3.803 ; 4.6077
8.00767 ; 2.65743 ; -6.56256 ; 6.02669
8.40684 ; 2.3207 ; -1.75987 ; 1.53855
8.0937 ; 7.3498 ; -6.09184 ; -6.19671
8.32181 ; 7.59956 ; -3.96212 ; -4.8543
8.25275 ; 4.61187 ; -3.25009 ; 6.69238
7.89498 ; 2.81 ; -6.76377 ; 6.76056
3.21122 ; 2.55915 ; 5.8241 ; 5.85155
8.31492 ; 2.31358 ; -1.84492 ; 4.39437
2.96587 ; 2.47235 ; 3.28888 ; 3.09596
3.69541 ; 5.38282 ; 6.40867 ; -6.73893
8.46615 ; 3.13568 ; -3.69737 ; -3.19175
8.41795 ; 7.56392 ; -1.03427 ; 0.156481
8.15986 ; 2.53649 ; -5.77961 ; 5.41001
2.95034 ; 2.32578 ; 3.55811 ; 2.56589
3.33154 ; 7.73228 ; -1.00425 ; -4.37055
2.92205 ; 2.35324 ; 3.44882 ; 1.62891
8.30686 ; 7.58837 ; -2.46645 ; -5.58162
8.04496 ; 7.25015 ; -6.09447 ; -6.77994
3.22038 ; 7.03885 ; 4.37738 ; -7.40974
3.21832 ; 6.94616 ; 4.21316 ; -7.49609
7.30199 ; 7.53515 ; 3.85358 ; -5.41842
8.13273 ; 2.56195 ; -5.92801 ; 5.5976
2.97718 ; 5.12661 ; 1.34087 ; 6.14131
8.26246 ; 7.76578 ; -0.195481 ; -2.62708
3.08082 ; 7.55898 ; 3.72352 ; -5.39711
8.0105 ; 2.68227 ; -6.44937 ; 6.26813
8.14255 ; 7.28529 ; -5.2534 ; -6.83296
3.66476 ; 2.82296 ; -2.90259 ; 6.82481
3.10136 ; 5.73621 ; 2.64946 ; -6.97641
3.11135 ; 2.67856 ; 1.85615 ; 6.97913
8.27309 ; 7.54667 ; -4.87973 ; -5.05743
3.19124 ; 5.37531 ; -1.50124 ; 5.82751
3.09421 ; 7.55403 ; 4.72992 ; -4.86884
8.01364 ; 2.6791 ; -6.4366 ; 6.25232
3.11242 ; 2.44913 ; 5.28858 ; 4.95998
8.34117 ; 7.63773 ; -3.13534 ; -4.70731
8.13122 ; 7.40594 ; -5.94272 ; -5.96075
7.91461 ; 2.57898 ; 2.34375 ; -1.63803
3.58904 ; 2.53577 ; 7.40921 ; 4.43399
3.17897 ; 4.02391 ; 4.48854 ; 6.9905
3.02992 ; 2.37505 ; 4.73435 ; 3.86335
8.26353 ; 7.49869 ; -4.25746 ; -5.89408
7.85126 ; 2.35849 ; -1.00144 ; 0.443006
8.23993 ; 7.49172 ; -4.84771 ; -5.74134
3.39494 ; 7.26604 ; 6.64755 ; -6.42594
7.04864 ; 6.70842 ; -7.10175 ; 3.92922
4.04662 ; 2.26918 ; -3.82051 ; 3.74042
7.98848 ; 2.71484 ; -6.4771 ; 6.45397
8.18996 ; 2.51983 ; -5.38795 ; 5.50136
3.15119 ; 2.52696 ; 5.14036 ; 5.90561
8.32213 ; 2.33958 ; -2.46865 ; 4.61451
8.01729 ; 6.79943 ; 2.10722 ; 3.17368
7.81761 ; 7.4653 ; -7.23413 ; -4.54936
3.53837 ; 2.68337 ; -2.2698 ; 6.59977
3.64588 ; 7.59308 ; 6.38531 ; -2.8085
7.98302 ; 2.67498 ; -6.65731 ; 6.09573
8.31275 ; 7.59181 ; -2.86704 ; -5.45281
7.85058 ; 2.87108 ; -6.83891 ; 6.94035
8.0661 ; 7.28481 ; -6.02738 ; -6.65531
8.24337 ; 2.34269 ; -0.895559 ; 5.15995
7.17322 ; 3.4303 ; 4.35591 ; 7.0091
8.47626 ; 3.51185 ; -3.31393 ; -3.68965
3.29025 ; 7.50511 ; 6.78585 ; -0.641186
7.71941 ; 2.97518 ; -7.13736 ; 7.08356
2.95297 ; 2.45908 ; 4.82801 ; 0.439736
8.19726 ; 7.46358 ; -5.44689 ; -5.72412
8.09624 ; 7.33974 ; -5.96528 ; -6.40051
3.31785 ; 7.29274 ; 6.16716 ; -6.51149
3.08508 ; 5.1995 ; 3.05092 ; -6.52629
7.07016 ; 7.22062 ; -7.46203 ; -5.7108
8.34647 ; 7.62136 ; -4.30705 ; -3.98636
2.89945 ; 2.3987 ; 3.27461 ; 0.772489
8.24108 ; 4.48019 ; -3.39358 ; 6.78947
8.23669 ; 7.54756 ; -5.66227 ; -4.42682
4.45022 ; 7.19873 ; 7.37123 ; -5.71592
3.83589 ; 6.0606 ; 0.805879 ; -7.15742
8.16229 ; 7.36123 ; -5.29444 ; -6.49716
8.50303 ; 3.26564 ; -2.4259 ; -3.54388
7.15251 ; 3.74124 ; 4.39228 ; 6.98218
8.33756 ; 2.39783 ; -3.65311 ; 4.22533
8.05751 ; 7.35014 ; -6.34555 ; -6.15804
3.35464 ; 7.24935 ; 6.30954 ; -6.67002
3.02173 ; 4.30274 ; 2.07524 ; 6.74588
4.52773 ; 2.24734 ; -4.75025 ; 2.10405
7.79707 ; 2.51389 ; -7.36969 ; 3.64475
3.26606 ; 7.3827 ; 6.10247 ; -5.9511
2.98985 ; 7.68949 ; 2.65754 ; -3.06575
2.93551 ; 7.62032 ; 2.45326 ; -1.29966
3.2275 ; 2.5814 ; 5.87692 ; 6.00941
8.22783 ; 2.45275 ; -4.97111 ; 4.88433
7.7573 ; 7.02247 ; -7.05644 ; -7.12204
2.99569 ; 2.30154 ; 2.81676 ; 3.80317
8.23181 ; 6.76913 ; -3.62303 ; -7.31266
8.00881 ; 7.26895 ; -6.42312 ; -6.58003
3.25818 ; 7.40945 ; 6.17132 ; -5.66874
3.03471 ; 2.24999 ; 1.27392 ; 3.32083
3.25223 ; 7.2742 ; 5.42397 ; -6.79741
3.74142 ; 2.41075 ; -2.89178 ; 5.44423
3.22343 ; 7.39474 ; 5.63629 ; -6.10171
8.22288 ; 2.48519 ; -5.12517 ; 5.25118
3.07299 ; 2.46139 ; 3.78883 ; 5.73916
3.44379 ; 2.79059 ; 6.75928 ; 6.74358
3.08591 ; 7.54362 ; 3.24454 ; -5.70288
3.08636 ; 2.45907 ; 4.21991 ; 5.64929
7.9655 ; 2.76292 ; -6.46814 ; 6.69492
5.65678 ; 2.54596 ; 6.24297 ; -1.59466
8.21796 ; 7.16536 ; -3.71132 ; -7.27371
5.64204 ; 6.55017 ; -6.1591 ; 4.30957
2.8922 ; 2.41758 ; 3.01372 ; 0.462176
4.55604 ; 3.52868 ; 7.25113 ; 7.20769
5.28329 ; 2.39135 ; -5.8725 ; 3.48369
7.5234 ; 2.50713 ; -7.54685 ; 3.0264
3.29586 ; 2.84173 ; 5.66221 ; 7.15977
8.16515 ; 3.38309 ; -3.93419 ; 7.49177
3.03913 ; 7.60601 ; 4.6238 ; -3.76175
3.16679 ; 3.75111 ; 3.7884 ; 7.3374
2.93189 ; 2.36976 ; 2.24923 ; 0.767767
8.20406 ; 7.77377 ; 0.356684 ; -2.30698
2.96417 ; 2.29603 ; 2.17761 ; 1.98885
8.03557 ; 7.29658 ; -6.32112 ; -6.48308
3.09573 ; 2.28385 ; -0.0072006 ; 1.04728
3.0528 ; 7.58573 ; 5.38611 ; -2.38227
8.36424 ; 7.67186 ; -2.98547 ; -3.91118
8.31734 ; 7.71774 ; -1.3446 ; -4.11617
3.24373 ; 7.41804 ; 6.07354 ; -5.64972
4.03899 ; 2.22983 ; -3.77824 ; 2.98083
3.27117 ; 7.78392 ; -0.904556 ; -3.00869
2.96241 ; 2.29037 ; 1.77862 ; 1.81833
8.31638 ; 7.59646 ; -4.07656 ; -4.82439
3.12441 ; 2.42607 ; 0.679141 ; 5.90419
3.7991 ; 7.35082 ; 7.52876 ; -5.09064
7.66889 ; 2.19571 ; 2.80884 ; 2.47593
8.40522 ; 2.32294 ; -2.51158 ; 2.16131
7.83135 ; 2.85336 ; -6.96407 ; 6.81896
3.02663 ; 7.72188 ; 1.1382 ; -2.21555
3.00051 ; 7.68593 ; 2.71596 ; -3.4231
8.19961 ; 2.4976 ; -5.56232 ; 5.06945
6.35153 ; 7.67373 ; 5.48613 ; -0.221492
3.20662 ; 2.46444 ; 6.23827 ; 4.46178
8.13032 ; 5.77751 ; 1.37848 ; -6.89823
3.14347 ; 2.27286 ; 0.175493 ; 4.46905
2.96805 ; 3.63786 ; 0.282893 ; -3.61612
8.2773 ; 7.54292 ; -4.55053 ; -5.32987
8.37014 ; 2.30251 ; -2.47757 ; 3.24136
8.08043 ; 2.8561 ; -5.29854 ; 7.19674
3.24781 ; 2.78595 ; 5.32448 ; 7.06936
7.92004 ; 2.77802 ; -6.71704 ; 6.64079
7.87357 ; 2.81636 ; -6.86159 ; 6.73187
3.35418 ; 7.29126 ; 6.46951 ; -6.37351
3.30875 ; 7.29992 ; 6.11117 ; -6.4954
8.13209 ; 7.33933 ; -5.57557 ; -6.53388
8.30625 ; 7.59608 ; -5.45036 ; -2.82881
3.52457 ; 2.60786 ; 7.26728 ; 5.32004
3.41301 ; 6.79172 ; 6.54388 ; 3.54018
7.34792 ; 7.74608 ; 3.7482 ; -3.50573
8.34183 ; 2.37857 ; -4.44807 ; 3.43386
3.64784 ; 6.95983 ; 7.09345 ; -7.20341
3.26158 ; 2.20938 ; -0.884961 ; 3.10561
7.03357 ; 4.40251 ; 4.67597 ; 6.66915
8.16947 ; 6.1224 ; 0.90863 ; -7.16771
8.39056 ; 7.66774 ; -3.43419 ; -3.31236
8.15801 ; 2.61861 ; -5.11762 ; 6.39904
3.20123 ; 2.46773 ; 6.23642 ; 4.50142
8.22474 ; 7.49532 ; -5.26881 ; -5.48561
3.4045 ; 6.96605 ; 6.05947 ; -7.39339
3.28987 ; 7.12296 ; 5.4406 ; -7.21402
7.91271 ; 2.76817 ; -6.78879 ; 6.55491
3.28867 ; 7.34964 ; 6.15933 ; -6.16658
7.10355 ; 7.54463 ; 4.30216 ; 1.21129
3.38988 ; 2.58141 ; 6.92879 ; 5.36469
5.96908 ; 2.46255 ; 5.98922 ; 4.34409
8.22824 ; 7.52777 ; -5.59565 ; -4.82643
8.15191 ; 3.12343 ; -4.0883 ; 7.52577
8.43631 ; 7.66181 ; -3.03929 ; -1.94548
5.63315 ; 7.64423 ; -2.74156 ; 0.144323
2.8962 ; 2.43944 ; 2.16246 ; 0.00666773
6.22464 ; 6.85531 ; -6.86778 ; -6.63773
8.28411 ; 7.7573 ; -0.556888 ; -3.31717
8.04409 ; 7.19445 ; -5.94439 ; -7.00225
3.49715 ; 2.84135 ; 6.90009 ; 6.86585
3.08867 ; 7.52241 ; 2.80527 ; -5.92648
3.3601 ; 7.25944 ; 6.39283 ; -6.58392
8.08878 ; 2.60119 ; -6.16504 ; 5.81773
8.25482 ; 7.73266 ; -0.493785 ; -4.19252
3.33184 ; 7.29334 ; 6.29626 ; -6.44914
7.36449 ; 7.56911 ; 3.71634 ; -5.25787
8.32268 ; 2.30591 ; -2.00428 ; 4.19136
8.39083 ; 2.32702 ; -3.11004 ; 2.8945
3.17075 ; 7.13489 ; 3.69661 ; -7.29659
5.66947 ; 7.66175 ; -6.28139 ; -2.11539
3.00913 ; 2.34924 ; 4.03451 ; 3.99526
7.31935 ; 7.21263 ; 3.76016 ; -6.66039
3.62154 ; 7.00101 ; 7.07236 ; -7.13536
4.3918 ; 3.00626 ; 7.04658 ; -3.21821
7.79623 ; 7.06295 ; -6.99167 ; -7.05826
7.66001 ; 6.92483 ; -7.18819 ; -7.23724
3.21404 ; 2.59206 ; 5.64664 ; 6.18845
8.22993 ; 7.49451 ; -5.11777 ; -5.58523
3.28863 ; 7.37647 ; 6.2829 ; -5.90238
8.11237 ; 6.12184 ; 1.32989 ; -7.15002
3.29633 ; 2.47413 ; 6.77065 ; 4.09332
8.3979 ; 2.32233 ; -2.90225 ; 2.68406
3.00147 ; 2.34934 ; 4.19316 ; 3.69113
2.9445 ; 7.65478 ; 2.86641 ; -1.7944
8.31949 ; 2.40222 ; -4.97885 ; 3.33128
7.77505 ; 2.95874 ; 2.64364 ; 6.99238
8.19431 ; 7.4651 ; -5.52849 ; -5.65821
3.27186 ; 2.60421 ; 6.22808 ; 5.99362
3.03892 ; 5.85563 ; -0.536405 ; 5.20152
7.93299 ; 7.21447 ; -6.7117 ; -6.69548
7.97819 ; 2.97348 ; -5.95297 ; 7.33763
8.37465 ; 2.39145 ; -4.51921 ; 1.93906
5.8574 ; 7.62723 ; -6.40207 ; -0.646369
8.47111 ; 7.53143 ; -3.59511 ; -0.137154
8.13923 ; 2.564 ; -5.79933 ; 5.71431
3.39812 ; 5.51724 ; 5.34018 ; -6.85136
8.14786 ; 7.42844 ; -5.89333 ; -5.79549
8.26389 ; 2.43867 ; -5.06937 ; 4.51643
8.3741 ; 6.00793 ; 0.0430954 ; 4.71586
2.86406 ; 3.07152 ; 2.45918 ; -3.08341
3.51271 ; 7.1149 ; 6.87692 ; -6.93691
3.3186 ; 7.31092 ; 6.25563 ; -6.36539
3.54848 ; 2.90432 ; 6.98517 ; 7.01519
3.13646 ; 2.47722 ; 5.39888 ; 5.26901
8.06815 ; 6.67449 ; 1.37838 ; -7.32305
8.40624 ; 5.81859 ; -2.91329 ; 5.25951
8.12377 ; 7.64289 ; 0.417816 ; -5.35217
2.90306 ; 6.34935 ; 3.02919 ; 4.38052
2.98836 ; 2.34647 ; 4.21356 ; 3.31706
3.38104 ; 7.2208 ; 6.41608 ; -6.75149
7.79265 ; 2.90302 ; -7.01853 ; 6.9529
8.00829 ; 2.48973 ; -5.29757 ; -0.0928409
3.10367 ; 2.44054 ; 5.2267 ; 4.86343
3.1133 ; 2.43649 ; 5.47784 ; 4.59522
5.37042 ; 6.74127 ; -6.05139 ; -6.7908
4.58811 ; 2.2524 ; -4.83266 ; 1.41903
5.81195 ; 3.31133 ; 6.198 ; 6.93084
8.24631 ; 6.04237 ; -2.88092 ; -7.2336
4.48096 ; 2.27739 ; -4.62267 ; 3.27482
3.28001 ; 7.40407 ; 6.32575 ; -5.6304
5.37143 ; 7.49359 ; 6.63154 ; -3.932
3.49058 ; 7.71704 ; -2.23761 ; -0.401168
7.74308 ; 2.96537 ; -7.0821 ; 7.08879
3.36151 ; 6.7718 ; 5.54989 ; -7.52814
3.19546 ; 3.26769 ; 5.80386 ; -3.70878
2.98304 ; 2.31166 ; 3.25103 ; 3.53051
7.91642 ; 7.17873 ; -6.71493 ; -6.8321
3.18776 ; 7.45009 ; 5.5524 ; -5.65781
7.4383 ; 7.55037 ; -7.52392 ; -1.68286
3.02491 ; 7.64422 ; 3.38932 ; -4.17832
8.40138 ; 7.65832 ; -3.68781 ; -2.87371
7.5502 ; 2.68073 ; -7.52627 ; 5.39353
8.17812 ; 4.07096 ; 1.5752 ; -5.10447
7.9406 ; 4.81234 ; 2.4647 ; 6.38367
7.78867 ; 2.97206 ; -6.91796 ; 7.16478
7.09513 ; 2.41499 ; 4.28112 ; -0.957184
8.29628 ; 2.41561 ; -5.27171 ; 3.35976
8.00593 ; 7.22566 ; -6.31327 ; -6.8077
8.06552 ; 7.00814 ; 1.9425 ; 3.04944
8.25882 ; 6.58535 ; -1.09674 ; -7.47322
3.16737 ; 7.48097 ; 5.53058 ; -5.32063
8.26402 ; 3.76641 ; -1.43584 ; 7.29823
8.28483 ; 6.90638 ; -0.992513 ; -6.90399
3.33168 ; 2.67223 ; 6.42631 ; 6.33668
3.05642 ; 5.50436 ; 2.42394 ; -6.70987
2.99236 ; 2.4194 ; 5.19132 ; 1.19491
8.33169 ; 7.63142 ; -2.88143 ; -4.95051
3.29618 ; 7.22914 ; 5.75013 ; -6.89704
8.16271 ; 5.7538 ; -5.06582 ; 5.44832
8.32935 ; 2.39078 ; -4.70971 ; 3.49735
7.06802 ; 7.10634 ; 2.90899 ; 2.77032
8.01554 ; 7.62021 ; 1.80586 ; 0.301589
3.10228 ; 7.53287 ; 4.41843 ; -5.38356
3.08531 ; 2.43648 ; 4.66404 ; 5.19615
3.60795 ; 7.78675 ; -1.70084 ; -2.16732
8.26955 ; 7.50208 ; -4.05236 ; -5.92606
6.13559 ; 2.91863 ; -6.7815 ; 6.14747
7.60206 ; 7.36909 ; -7.52558 ; -5.07626
8.40637 ; 2.37778 ; -1.13827 ; 0.475759
3.27727 ; 7.3802 ; 6.19899 ; -5.91793
8.35419 ; 2.31134 ; -2.58211 ; 3.74645
7.91979 ; 2.69219 ; -6.91021 ; 6.0505
8.13282 ; 2.54727 ; -6.04688 ; 5.34419
3.33053 ; 2.80213 ; 6.03746 ; 6.99837
4.45904 ; 7.22983 ; 7.36813 ; -5.51766
3.32681 ; 7.26718 ; 6.14159 ; -6.64997
7.80419 ; 2.90206 ; -6.97475 ; 6.97174
3.43686 ; 7.16139 ; 6.6107 ; -6.89596
8.33311 ; 5.01405 ; -1.21017 ; 6.26501
5.6972 ; 6.35931 ; 6.35419 ; -7.00265
3.13258 ; 5.00214 ; 4.09379 ; 6.32482
3.16876 ; 2.51806 ; 5.54274 ; 5.6281
8.08001 ; 2.61187 ; -6.18199 ; 5.90657
3.88065 ; 7.5336 ; 7.4838 ; -1.23334
3.56428 ; 2.44676 ; 7.39071 ; 1.89654
7.99028 ; 2.70761 ; -6.49638 ; 6.40066
7.80319 ; 2.90767 ; -6.96649 ; 6.99317
8.2131 ; 2.52029 ; -4.80107 ; 5.81757
8.20472 ; 7.45866 ; -5.24996 ; -5.86489
3.01127 ; 7.61906 ; 4.59835 ; -2.8572
2.9794 ; 2.2912 ; 1.44272 ; 1.78443
8.43216 ; 7.56201 ; -4.3273 ; -0.731879
6.79085 ; 4.13558 ; -7.15945 ; 6.71557
7.78818 ; 7.23983 ; -7.22036 ; -6.29066
8.17153 ; 4.67254 ; -4.16069 ; 6.65146
8.01869 ; 7.28539 ; -6.40867 ; -6.50246
3.14556 ; 7.50805 ; 5.47018 ; -4.9994
3.02429 ; 7.72987 ; 1.3177 ; -2.51509
3.05538 ; 7.59403 ; 4.29125 ; -4.49211
3.06031 ; 2.3958 ; 5.16868 ; 3.94359
8.17324 ; 7.35176 ; -5.09999 ; -6.58781
6.87714 ; 4.25944 ; 4.8987 ; -5.47162
6.14022 ; 7.40062 ; -6.77841 ; -4.66415
3.17984 ; 2.47961 ; 5.99928 ; 4.85972
8.20831 ; 2.23362 ; 0.0226083 ; 3.36204
2.96971 ; 4.43481 ; 2.32334 ; -5.64921
3.40178 ; 7.22397 ; 6.57007 ; -6.67177
8.04925 ; 2.90168 ; -5.50863 ; 7.26603
3.24029 ; 2.67008 ; 5.61188 ; 6.61874
2.97666 ; 7.6109 ; 4.43482 ; -2.10029
8.0275 ; 7.38842 ; -6.76628 ; -4.78709
2.97757 ; 7.65635 ; 3.39243 ; -2.90133
3.22466 ; 7.39551 ; 5.67148 ; -6.07626
3.01402 ; 2.35002 ; 3.77481 ; 4.25931
3.40732 ; 5.1496 ; 5.65809 ; 6.20906
8.00686 ; 2.68695 ; -6.45506 ; 6.2981
8.30602 ; 7.58661 ; -4.79397 ; -4.41318
3.13054 ; 7.74949 ; 0.473511 ; -3.51199
7.79269 ; 7.14667 ; -7.1099 ; -6.75645
3.19824 ; 7.54897 ; 6.35141 ; -3.13093
3.97054 ; 2.59673 ; 7.57643 ; 4.66664
2.94605 ; 5.36209 ; 2.34626 ; 5.67912
7.64423 ; 7.49779 ; -7.39511 ; -0.00559676
3.01019 ; 7.6175 ; 4.46911 ; -3.14572
3.72085 ; 6.21167 ; 6.70628 ; -7.34882
3.07573 ; 4.98268 ; -0.278752 ; -6.24811
3.05748 ; 7.6128 ; 3.06011 ; -5.01066
3.24888 ; 6.68416 ; -0.839682 ; -7.29694
7.13188 ; 2.63555 ; -7.48178 ; 4.73672
7.76095 ; 2.94615 ; -7.05346 ; 7.05489
2.93943 ; 7.63048 ; 3.42689 ; -1.61694
7.95281 ; 2.6404 ; -6.87841 ; 5.64701
8.16169 ; 7.41186 ; -5.58834 ; -6.08673
2.97588 ; 2.41214 ; 4.98885 ; 1.21705
8.14985 ; 2.5459 ; -5.83414 ; 5.48563
3.18913 ; 2.90052 ; 4.38152 ; 7.33952
3.8352 ; 2.20522 ; -3.26676 ; 2.13902
8.15152 ; 7.37751 ; -5.52062 ; -6.34065
8.4272 ; 7.56539 ; -4.40716 ; -0.78922
8.0407 ; 7.38418 ; -6.54811 ; -5.79843
4.68162 ; 6.23443 ; 7.14997 ; -7.18853
8.42152 ; 3.54317 ; -0.199354 ; -4.2326
8.12802 ; 7.39067 ; -5.88795 ; -6.10486
3.50815 ; 7.12299 ; 6.87358 ; -6.9116
3.59588 ; 2.78727 ; 4.05866 ; -2.25284
3.00026 ; 2.34852 ; 4.18382 ; 3.66148
8.09317 ; 2.6217 ; -5.93765 ; 6.13576
3.51765 ; 2.87817 ; 6.91374 ; 6.97521
8.14036 ; 2.95329 ; 1.61668 ; -2.92805
8.32249 ; 7.61141 ; -3.14366 ; -5.11958
3.01795 ; 5.69682 ; 3.70061 ; 5.49594
3.19259 ; 7.54536 ; 6.25801 ; -3.53457
8.16621 ; 2.43547 ; -5.94315 ; 1.26155
8.2756 ; 2.43726 ; -4.22336 ; 5.18661
2.97565 ; 7.61513 ; 4.3442 ; -2.20016
6.29441 ; 2.40789 ; 5.61241 ; 4.10051
7.43743 ; 7.70104 ; 3.54561 ; -4.22286
3.09446 ; 7.54673 ; 4.52257 ; -5.135
4.16616 ; 6.85867 ; 7.09183 ; 3.38249
5.67697 ; 5.87028 ; -6.22609 ; 5.37544
8.09472 ; 7.06004 ; -5.21724 ; -7.36634
8.38921 ; 2.32732 ; -3.14249 ; 2.95194
8.37615 ; 2.34829 ; -3.70284 ; 3.16827
3.06438 ; 7.65104 ; 1.96374 ; -4.8026
4.4077 ; 2.89724 ; 7.40086 ; 6.21065
3.04524 ; 7.56433 ; 0.560148 ; 0.247444
8.06201 ; 2.643 ; -6.17245 ; 6.16163
8.33348 ; 4.80279 ; 0.180304 ; -6.06973
3.05986 ; 7.26626 ; 5.59579 ; 1.60456
3.21365 ; 7.43843 ; 5.86151 ; -5.58261
2.92864 ; 7.46559 ; 4.3956 ; 0.213981
3.03764 ; 7.68777 ; 2.19076 ; -4.09916
8.39852 ; 7.65549 ; -3.67218 ; -2.9992
3.01549 ; 7.70429 ; 2.17173 ; -3.4403
7.96125 ; 2.19985 ; 1.72087 ; 2.53153
8.22669 ; 2.43094 ; -6.03437 ; 2.43923
8.19124 ; 2.52166 ; -5.28433 ; 5.60058
3.16789 ; 2.26305 ; -0.0247148 ; 4.38592
4.0029 ; 6.79673 ; 7.42553 ; -7.20428
8.23408 ; 7.40711 ; -1.06745 ; -6.68296
2.87494 ; 2.52305 ; 2.54966 ; -0.591996
8.17719 ; 2.50934 ; -5.80999 ; 5.02471
3.07184 ; 2.42432 ; 4.35551 ; 5.21224
8.40182 ; 7.63653 ; -3.51801 ; -2.91722
8.37066 ; 7.65564 ; -1.99924 ; -1.12309
3.03995 ; 7.60063 ; 4.95103 ; -3.27235
8.15544 ; 2.5518 ; -5.65071 ; 5.68616
8.18485 ; 7.45157 ; -5.55348 ; -5.77946
3.05132 ; 7.59006 ; 5.28535 ; -2.79529
5.98595 ; 6.02894 ; 5.92596 ; 5.13197
8.3298 ; 2.27453 ; -1.5458 ; 3.44964
2.91138 ; 7.47107 ; 4.02206 ; 0.159995
3.10691 ; 2.45821 ; 4.95361 ; 5.3043
6.31085 ; 2.53621 ; -6.72011 ; -1.18789
8.40206 ; 7.63319 ; -4.22989 ; -2.33156
7.91294 ; 7.2121 ; -6.7978 ; -6.66552
8.17703 ; 2.53607 ; -5.38805 ; 5.69581
8.05125 ; 7.21567 ; -5.94656 ; -6.93451
4.33158 ; 2.2926 ; -4.33606 ; 0.246011
3.19153 ; 2.59499 ; 5.33396 ; 6.30995
8.36584 ; 7.54717 ; -0.271641 ; 0.441283
7.90617 ; 2.79602 ; -6.74082 ; 6.71205
3.03478 ; 2.3723 ; 3.94842 ; 4.68123
3.11821 ; 2.47922 ; 4.93535 ; 5.55041
3.21527 ; 6.78528 ; -0.0612044 ; -7.42535
2.98242 ; 7.63349 ; 4.10358 ; -2.70715
7.8516 ; 3.12109 ; -6.7519 ; -3.34746
3.2506 ; 7.36023 ; 5.77982 ; -6.27833
3.20243 ; 7.41319 ; 5.43273 ; -6.04982
8.31875 ; 7.71107 ; -1.12947 ; -3.78957
3.00527 ; 2.30885 ; 2.82959 ; 4.08058
7.97788 ; 2.76742 ; -6.36759 ; 6.75031
8.07932 ; 2.62659 ; -6.0815 ; 6.0904
3.12485 ; 7.51264 ; 4.95416 ; -5.31284
8.47201 ; 2.53846 ; -3.64976 ; -0.318886
8.07254 ; 2.63617 ; -6.09278 ; 6.1581
8.17719 ; 2.534 ; -5.4508 ; 5.62785
6.00481 ; 7.66624 ; 5.94795 ; -2.40785
8.07441 ; 2.61671 ; -6.21375 ; 5.92768
3.25145 ; 6.94218 ; 6.22235 ; 3.03275
7.97885 ; 6.85605 ; -5.82448 ; -7.50984
8.39601 ; 7.56385 ; -4.78271 ; -1.15215
8.26885 ; 7.53857 ; -4.7918 ; -5.2463
3.16499 ; 7.47008 ; 5.32202 ; -5.5894
8.2341 ; 7.51736 ; -5.39943 ; -5.1085
3.19794 ; 7.44643 ; 5.69389 ; -5.61096
2.93151 ; 2.34569 ; 3.5013 ; 1.94499
8.16101 ; 7.41133 ; -5.59134 ; -6.093
8.01222 ; 6.08408 ; -6.002 ; 4.96367
7.56837 ; 6.96401 ; -7.34849 ; -7.0805
8.31632 ; 2.82902 ; -1.61134 ; 5.42776
8.28272 ; 7.66913 ; 0.177273 ; -0.483695
5.87433 ; 4.61359 ; -6.40511 ; -5.94196
8.02959 ; 2.6689 ; -6.34334 ; 6.24149
8.40868 ; 5.83627 ; -2.68327 ; 5.28028
8.28348 ; 7.55548 ; -4.67748 ; -5.06836
8.05175 ; 7.55261 ; -6.87224 ; -2.83913
7.63388 ; 6.55903 ; 3.31171 ; 4.162
8.19895 ; 2.51332 ; -5.23638 ; 5.53113
8.16681 ; 5.99644 ; -3.94994 ; -7.21507
7.92662 ; 2.88195 ; -6.43448 ; 7.09011
7.63391 ; 3.07146 ; -7.22383 ; 7.21819
3.02828 ; 7.62679 ; 3.88072 ; -4.11395
7.15099 ; 6.28124 ; 4.32808 ; 4.00254
8.20025 ; 7.43788 ; -5.14735 ; -6.07093
3.07287 ; 7.74186 ; 0.980764 ; -3.30007
8.23669 ; 7.77212 ; -0.0137314 ; -2.97976
2.95902 ; 7.66777 ; 1.87059 ; -1.35898
8.30216 ; 2.37091 ; -2.43348 ; 5.1142
7.23548 ; 2.20785 ; 3.90618 ; 1.86677
8.25997 ; 7.54351 ; -5.21041 ; -4.85635
2.86986 ; 2.57585 ; 2.68864 ; -0.853598
3.02441 ; 2.37044 ; 4.64342 ; 3.83051
3.17257 ; 7.47758 ; 5.49051 ; -5.39818
8.50392 ; 6.94641 ; -2.49222 ; 2.94815
7.92745 ; 2.20336 ; 1.8338 ; 2.16955
3.47595 ; 3.20409 ; 6.29118 ; 7.5114
2.94494 ; 2.30186 ; 2.45761 ; 2.07394
8.24552 ; 7.57137 ; -5.77154 ; -3.7599
3.2066 ; 7.19598 ; 4.5645 ; -7.13524
8.1164 ; 2.57929 ; -5.99374 ; 5.73057
2.91323 ; 2.45034 ; 4.145 ; 0.430642
5.0077 ; 4.01664 ; -5.02236 ; -5.15465
7.46413 ; 7.26131 ; -7.55055 ; -5.74335
2.95435 ; 7.59156 ; 4.31691 ; -1.44932
8.0347 ; 7.28563 ; -6.28598 ; -6.55662
8.08458 ; 7.30334 ; -5.92501 ; -6.60293
3.3902 ; 2.75691 ; 6.54387 ; 6.70085
3.39277 ; 6.06075 ; 5.32935 ; -7.26628
3.29572 ; 2.65676 ; 6.19248 ; 6.36333
3.68949 ; 6.9315 ; 7.1631 ; -7.21997
8.07714 ; 7.76021 ; 1.01619 ; -3.95842
3.06389 ; 7.65523 ; 2.11916 ; -4.79972
8.35496 ; 2.36106 ; -3.96489 ; 3.58772
8.08742 ; 7.66968 ; 1.42559 ; -0.112932
3.04013 ; 2.3829 ; 4.94259 ; 3.81992
3.19639 ; 2.46036 ; 6.25738 ; 4.30409
7.65987 ; 2.20532 ; 2.90947 ; 1.68845
4.63701 ; 5.77094 ; 7.09328 ; -6.98741
8.32119 ; 2.46535 ; -5.39652 ; 1.8008
3.71116 ; 3.04182 ; 7.2378 ; 7.18409
7.76839 ; 2.49907 ; -7.40782 ; 3.1661
8.19239 ; 7.34266 ; -4.75962 ; -6.69228
8.17394 ; 2.23195 ; 0.275518 ; 3.53834
8.32323 ; 7.73212 ; -1.25348 ; -3.69614
3.12141 ; 2.49969 ; 4.75648 ; 5.82004
8.05047 ; 2.62559 ; -6.37272 ; 5.89891
3.1895 ; 2.56019 ; 5.51223 ; 6.01334
8.0025 ; 2.71603 ; -6.3572 ; 6.52058
3.30528 ; 3.54103 ; 4.96056 ; 7.49829
3.35861 ; 2.22965 ; -1.36677 ; 3.87236
5.67632 ; 7.30232 ; 6.20536 ; 2.27446
3.26252 ; 2.32712 ; -0.766724 ; 5.16299
6.44604 ; 2.73643 ; 5.46437 ; 5.92023
2.9543 ; 2.32374 ; 3.53662 ; 2.69278
3.05865 ; 7.62504 ; 2.7318 ; -4.98514
2.8875 ; 7.48675 ; 2.59582 ; 0.369613
8.45198 ; 6.51635 ; -3.24614 ; 4.10538
3.0768 ; 7.56908 ; 4.22743 ; -5.00168
2.96205 ; 2.30228 ; 2.99692 ; 2.86942
3.395 ; 2.72937 ; 6.65516 ; 6.52045
8.3304 ; 7.74708 ; -0.958108 ; -2.76905
3.45278 ; 2.7892 ; 6.80899 ; 6.7132
5.23952 ; 7.55469 ; 6.69874 ; -3.26673
3.01215 ; 2.29641 ; 2.42127 ; 4.06839
2.9489 ; 2.31791 ; 3.13707 ; 2.52266
3.13973 ; 2.41468 ; 6.13851 ; 2.9926
5.33427 ; 2.39829 ; 6.62141 ; 3.06287
3.38167 ; 2.72728 ; 6.5786 ; 6.54952
3.24752 ; 7.18458 ; 5.11311 ; -7.1125
3.20444 ; 7.41477 ; 5.49962 ; -6.00323
3.10177 ; 7.54886 ; 5.1102 ; -4.63778
3.13113 ; 2.57466 ; 3.96259 ; 6.45087
5.06779 ; 7.22325 ; -5.6674 ; -5.94808
3.01963 ; 2.35663 ; 4.00285 ; 4.28178
7.34656 ; 5.80236 ; -7.10663 ; 5.25644
8.47506 ; 2.69836 ; -3.83627 ; -1.42671
3.70427 ; 2.32189 ; -2.892 ; 4.75179
7.83048 ; 2.86974 ; -6.93246 ; 6.89258
8.3091 ; 7.7455 ; -0.43881 ; -2.01378
8.38482 ; 7.62378 ; -4.55764 ; -2.40145
2.89252 ; 7.47805 ; 3.50031 ; 0.269272
6.95576 ; 3.80519 ; -7.25561 ; 7.23942
4.00896 ; 7.77826 ; -3.66177 ; -2.98216
8.03784 ; 5.22076 ; 2.1319 ; 5.96912
3.29028 ; 2.63187 ; 6.25832 ; 6.17801
2.87637 ; 7.41856 ; 2.76196 ; 0.82425
3.03119 ; 2.37321 ; 4.54154 ; 4.11365
3.24347 ; 2.58355 ; 6.05169 ; 5.92994
8.23865 ; 7.44999 ; -3.50885 ; -6.35496
8.12586 ; 2.55639 ; -6.05974 ; 5.44277
8.29326 ; 7.55663 ; -4.15553 ; -5.3571
3.37794 ; 2.93555 ; 6.53473 ; -2.75852
3.46529 ; 2.82096 ; 6.79792 ; 6.84186
3.24619 ; 2.59283 ; 6.02793 ; 6.0108
3.29062 ; 7.32686 ; 6.66209 ; 1.2024
3.21337 ; 7.38415 ; 5.39857 ; -6.27017
8.22227 ; 2.24503 ; -0.177616 ; 3.71135
8.00955 ; 2.70761 ; -6.3338 ; 6.48446
6.85381 ; 7.21297 ; -7.34109 ; -5.64198
8.39183 ; 3.07906 ; -4.7098 ; -2.92828
3.11828 ; 2.99542 ; -0.999571 ; -3.01289
3.02635 ; 2.3121 ; 2.3863 ; 4.47906
7.70763 ; 3.01509 ; -7.11623 ; 7.17481
7.70775 ; 6.95161 ; -7.10714 ; -7.23032
3.28345 ; 7.38216 ; 6.26695 ; -5.85972
3.28022 ; 7.39211 ; 6.28306 ; -5.76395
8.32213 ; 7.7476 ; -0.74876 ; -2.61598
8.21818 ; 7.50024 ; -5.48711 ; -5.28573
7.94733 ; 2.7504 ; -6.63598 ; 6.55266
3.82122 ; 5.19985 ; 6.69286 ; 6.16947
3.12141 ; 2.45725 ; 5.37114 ; 5.01829
8.3521 ; 7.6427 ; -4.01231 ; -3.68676
3.51327 ; 2.86185 ; 6.92721 ; 6.92001
3.06791 ; 2.23438 ; 0.652596 ; 2.81023
2.96769 ; 2.33714 ; 3.95796 ; 2.5865
3.1886 ; 7.4446 ; 5.50252 ; -5.7447
8.01828 ; 7.15268 ; 2.0662 ; 2.54725
8.24235 ; 7.48428 ; -4.68698 ; -5.87153
8.01719 ; 2.70275 ; -6.28413 ; 6.48177
8.28868 ; 7.57401 ; -5.0567 ; -4.43621
3.27927 ; 7.26578 ; 5.69609 ; -6.77462
3.05466 ; 7.67068 ; 2.1372 ; -4.512
8.50039 ; 7.31403 ; -2.28257 ; 1.42987
3.17337 ; 2.21941 ; -0.44151 ; 2.24468
3.09947 ; 2.41288 ; 5.64345 ; 3.84371
2.87421 ; 2.54844 ; 2.42152 ; -0.770896
7.49862 ; 2.26069 ; 3.11525 ; 0.609335
8.3319 ; 7.58185 ; -0.0659368 ; 0.105114
2.9512 ; 5.90698 ; 3.09498 ; 5.17743
4.67164 ; 7.75531 ; -4.73713 ; -1.31368
2.91162 ; 3.86824 ; 1.99408 ; -4.70352
4.23159 ; 6.15713 ; -4.18743 ; 4.86414
7.99582 ; 2.59508 ; -6.7765 ; 5.3532
3.16265 ; 2.55834 ; -0.633889 ; 1.25948
7.92713 ; 2.56847 ; -7.06537 ; 4.82793
7.38951 ; 3.08258 ; 3.83488 ; 6.96117
