7.69999 ; 5.21193 ; -5.55544 ; -6.54635
7.79434 ; 3.40323 ; -5.48549 ; 7.21179
8.02846 ; 2.73945 ; -4.90849 ; 5.4574
4.14503 ; 3.46301 ; 7.13193 ; 7.05769
6.67586 ; 6.24882 ; -7.04533 ; -6.99257
4.13351 ; 3.51162 ; 7.09358 ; 7.10765
7.55649 ; 6.74336 ; -6.72736 ; -6.96442
7.06346 ; 4.05249 ; -6.94378 ; 7.02256
8.16543 ; 2.87307 ; -0.62028 ; 6.52731
7.84365 ; 7.04586 ; -5.92743 ; -6.40483
7.91916 ; 5.91843 ; -4.55914 ; -7.06658
5.26137 ; 6.26499 ; 6.68028 ; -6.80609
2.98308 ; 2.85641 ; 2.02746 ; -2.62521
4.22299 ; 2.71238 ; -4.45401 ; 5.16369
7.57691 ; 2.29992 ; 3.4207 ; 1.07485
5.88714 ; 7.27963 ; 6.13473 ; -4.35636
3.16619 ; 2.46234 ; 4.61077 ; 1.21986
7.89765 ; 7.35385 ; -6.17351 ; -4.30225
7.31122 ; 6.1296 ; -6.78632 ; -7.12616
5.02163 ; 7.36955 ; -5.65379 ; -4.17714
7.29761 ; 6.53431 ; -7.05168 ; -7.08831
3.96652 ; 6.68017 ; 6.9908 ; -6.93213
7.79603 ; 7.0276 ; -6.15448 ; -6.41246
5.06395 ; 6.57755 ; 6.84009 ; -6.55513
3.18912 ; 7.39355 ; 2.96071 ; -5.03295
8.11587 ; 3.17682 ; 0.57007 ; 7.00314
6.53021 ; 3.17794 ; -7.01044 ; 6.14622
6.76028 ; 3.32836 ; -7.13331 ; 6.54105
4.27931 ; 3.62833 ; 7.13209 ; 7.10404
5.83023 ; 4.21127 ; 6.09664 ; -5.53867
8.0168 ; 7.10722 ; -4.76838 ; -6.38567
7.44855 ; 2.73616 ; -7.17227 ; 4.40139
8.00705 ; 7.22462 ; -5.14573 ; -5.75077
7.59713 ; 5.06485 ; -5.93052 ; 6.27415
3.09365 ; 2.42418 ; 3.12118 ; 2.3615
7.71356 ; 2.99391 ; -6.38923 ; 6.36544
3.10712 ; 2.3583 ; 0.152793 ; 0.974543
3.35921 ; 2.72978 ; 5.22696 ; 5.56162
3.64033 ; 6.90149 ; 6.2225 ; -6.73079
3.2559 ; 4.6337 ; -1.7817 ; 6.5522
4.01752 ; 3.83049 ; 6.72885 ; 7.15896
3.65395 ; 6.92861 ; 6.29966 ; -6.6342
5.04587 ; 3.99531 ; 6.82194 ; 6.9004
3.68531 ; 2.69479 ; 6.89538 ; 4.53337
3.75873 ; 6.28382 ; 6.14196 ; -7.20701
3.36101 ; 2.68604 ; 5.35689 ; 5.19907
7.37379 ; 3.28408 ; -7.02679 ; 6.86755
3.34941 ; 2.7413 ; 5.13103 ; 5.60602
3.02562 ; 2.47089 ; 2.50519 ; 0.0819442
7.23563 ; 3.4841 ; -7.06748 ; 7.06863
3.25937 ; 2.57022 ; 4.77789 ; 4.31859
7.24651 ; 3.45043 ; -7.07842 ; 7.03813
3.6378 ; 2.94248 ; 6.50623 ; 6.25826
3.99006 ; 6.62441 ; 6.98722 ; -7.00554
6.07069 ; 3.84837 ; -6.47723 ; -5.10784
3.55007 ; 6.61475 ; 5.39745 ; -7.20385
7.53591 ; 3.27932 ; -6.66116 ; 6.99619
3.51698 ; 6.99828 ; 5.69503 ; -6.56048
7.46307 ; 3.26891 ; -6.86022 ; 6.92341
7.98758 ; 7.22039 ; -5.30456 ; -5.73335
5.89268 ; 3.53034 ; -6.52986 ; 6.61802
3.8501 ; 3.16785 ; 6.91209 ; 6.78221
3.61977 ; 6.92356 ; 6.1552 ; -6.68671
8.11308 ; 2.50961 ; 0.716912 ; 4.74796
7.02486 ; 6.23907 ; -7.09504 ; -7.10129
3.59122 ; 7.2499 ; -2.65481 ; -5.85258
7.96148 ; 2.69303 ; -5.60812 ; 4.93204
7.78299 ; 2.9756 ; -6.0718 ; 6.40321
3.34678 ; 2.75468 ; 5.03295 ; 5.77477
3.6294 ; 5.65204 ; 5.40308 ; -6.8718
7.99113 ; 2.48138 ; 1.67217 ; 4.51178
4.47979 ; 2.38418 ; -4.85006 ; 2.37046
7.68495 ; 3.03034 ; -6.4518 ; 6.47571
3.31174 ; 4.19478 ; -2.32177 ; -5.4241
3.18536 ; 7.49827 ; 4.54815 ; -1.76845
7.38964 ; 6.61856 ; -6.98021 ; -7.0509
7.8402 ; 2.7341 ; -6.24474 ; 4.9696
8.127 ; 2.58699 ; -4.36777 ; 4.37761
7.69326 ; 2.87231 ; -6.62739 ; 5.70608
7.77802 ; 7.38196 ; -6.66053 ; -3.75992
7.78769 ; 4.83872 ; -5.39381 ; -6.20303
7.66588 ; 6.81161 ; -6.43391 ; -6.93152
3.39036 ; 7.16266 ; 5.09519 ; -6.02489
3.64741 ; 3.01098 ; 6.45237 ; 6.52884
7.70877 ; 6.98064 ; -6.48517 ; -6.47726
7.6189 ; 2.32751 ; 3.21775 ; 2.47404
8.02156 ; 7.06744 ; -4.61555 ; -6.55628
8.23961 ; 7.50652 ; -1.03511 ; -3.83816
8.19822 ; 6.07231 ; -1.43182 ; -7.11763
4.00085 ; 6.59726 ; 6.98269 ; -7.03765
3.64626 ; 6.85599 ; 6.18431 ; -6.8456
3.2563 ; 2.66749 ; 3.18373 ; -1.80105
7.83253 ; 2.73459 ; -6.27498 ; 4.94376
7.20123 ; 3.25944 ; -7.19558 ; 6.68482
5.02605 ; 3.61008 ; 6.86798 ; 6.81778
7.33728 ; 6.57371 ; -7.02796 ; -7.07076
3.05146 ; 6.61817 ; -0.636045 ; 4.13902
3.38544 ; 3.31411 ; 4.47303 ; 7.22929
6.14561 ; 2.76989 ; 5.87676 ; 4.90713
7.61666 ; 6.94779 ; -6.76487 ; -6.48429
3.87303 ; 6.68341 ; 6.79081 ; -7.00147
7.75462 ; 3.02968 ; -6.13088 ; 6.575
5.89618 ; 2.63864 ; 6.06187 ; 4.18259
8.17754 ; 5.16565 ; -2.99569 ; 6.12809
3.08494 ; 7.22194 ; 3.93758 ; 2.14058
3.78146 ; 3.17526 ; 6.72219 ; 6.87004
7.67941 ; 6.52306 ; 3.12553 ; -6.97497
3.51831 ; 7.39418 ; 6.41442 ; -3.51603
8.0591 ; 7.38001 ; -5.45534 ; 1.2354
8.18294 ; 7.34453 ; -4.84566 ; 1.43381
8.28004 ; 7.24971 ; -1.49449 ; -3.56272
3.54189 ; 7.68633 ; -2.56184 ; -2.16169
7.81257 ; 7.2399 ; -6.39716 ; -5.20077
7.95437 ; 2.62454 ; -5.82671 ; 4.13598
5.10809 ; 7.20182 ; -5.76408 ; -5.02495
8.03458 ; 7.33131 ; -5.20987 ; -4.97095
7.57257 ; 3.15997 ; -6.68227 ; 6.77384
3.44492 ; 2.50868 ; 6.3055 ; 2.18151
7.52087 ; 4.39581 ; -6.08536 ; 6.83408
3.38129 ; 7.46246 ; 5.89396 ; -2.61758
7.89198 ; 7.0105 ; -5.55432 ; -6.60723
3.12381 ; 7.63098 ; 0.502627 ; -2.48714
5.93699 ; 7.37388 ; 5.99911 ; 2.23842
4.83421 ; 5.54696 ; -5.47188 ; -6.58369
3.01359 ; 7.31985 ; 0.382999 ; 1.96508
3.62499 ; 4.47602 ; 5.48548 ; 6.78426
7.67506 ; 7.10308 ; -6.7312 ; -5.86495
4.09672 ; 3.43681 ; 7.10181 ; 7.05942
3.54106 ; 3.56107 ; 5.34897 ; 7.27209
3.4233 ; 6.84335 ; 4.75034 ; -7.01396
7.57956 ; 3.16897 ; -6.64665 ; 6.80706
7.42656 ; 5.54309 ; -6.33667 ; 5.80677
3.88118 ; 6.66675 ; 6.79482 ; -7.02209
3.98429 ; 6.96787 ; 7.15708 ; -6.10017
8.04684 ; 2.61194 ; 1.17096 ; 5.41389
6.99462 ; 2.31301 ; 4.65663 ; 1.18881
3.7118 ; 6.92882 ; 6.56985 ; -6.54756
7.87568 ; 7.01712 ; -5.67538 ; -6.56412
7.7037 ; 6.94264 ; -6.45072 ; -6.61454
7.28135 ; 6.72559 ; -7.16307 ; -6.80263
8.01455 ; 2.57561 ; -5.57689 ; 3.60775
7.14905 ; 6.56706 ; -7.17467 ; -6.97291
8.2544 ; 7.54771 ; -1.30736 ; -3.88876
7.87036 ; 5.72514 ; -5.18057 ; 5.57747
7.539 ; 3.01935 ; -6.92131 ; 6.21961
7.78491 ; 5.02487 ; -5.43463 ; -6.35978
3.96745 ; 7.37825 ; -3.82957 ; -5.0036
3.53084 ; 7.18493 ; 6.15069 ; -5.57247
3.98115 ; 3.53459 ; 6.88701 ; 7.17751
4.17535 ; 3.48009 ; 7.14517 ; 7.05793
3.05855 ; 2.37984 ; 0.871253 ; 0.835123
8.36398 ; 2.9495 ; -2.75754 ; -2.9731
4.14955 ; 3.52518 ; 7.1015 ; 7.10952
5.23119 ; 4.94418 ; 6.5928 ; -6.18939
7.6785 ; 6.94981 ; -6.5646 ; -6.55412
7.69639 ; 7.15431 ; -6.71897 ; -5.59163
4.03968 ; 3.42022 ; 7.04947 ; 7.04729
8.21989 ; 2.48539 ; -3.52381 ; 3.34568
7.31998 ; 3.34176 ; -7.06461 ; 6.93447
3.42694 ; 2.56882 ; 6.1207 ; 3.58078
7.43143 ; 6.61793 ; -6.90453 ; -7.07678
3.36325 ; 3.75571 ; 4.17712 ; 7.20622
7.68999 ; 4.46499 ; -5.77078 ; -5.83201
8.08265 ; 7.28173 ; -4.53976 ; -5.5476
8.14686 ; 7.26879 ; -3.5094 ; -5.8282
6.42526 ; 7.13491 ; -6.94338 ; -4.0623
4.94383 ; 5.00955 ; 6.73345 ; 6.30799
3.51834 ; 6.95091 ; 5.61557 ; -6.71416
6.90278 ; 5.89348 ; -7.00353 ; -6.98468
5.28896 ; 4.25252 ; 6.63204 ; 6.7787
4.80921 ; 6.76964 ; 7.01852 ; -6.26564
7.33888 ; 6.56911 ; -7.02183 ; -7.07769
8.07741 ; 2.7243 ; -4.32657 ; 5.60274
8.27965 ; 2.55023 ; 0.389379 ; -1.23309
7.66674 ; 6.90546 ; -6.54732 ; -6.69159
3.14907 ; 2.35565 ; 0.347267 ; 1.64234
3.12471 ; 2.46153 ; 1.34657 ; 4.09924
3.95116 ; 6.68097 ; 6.96291 ; -6.94337
3.17971 ; 2.52802 ; 0.124133 ; 4.82769
4.33359 ; 6.06275 ; -4.73772 ; 5.14225
3.67081 ; 7.24945 ; 6.76202 ; -4.81754
3.83939 ; 3.43027 ; 6.65487 ; 7.17525
8.07879 ; 2.6029 ; -4.89018 ; 4.35549
7.49918 ; 3.17979 ; -6.8684 ; 6.74149
7.91508 ; 2.71614 ; -5.862 ; 5.01408
3.07936 ; 4.50607 ; 0.774145 ; 6.12733
3.35147 ; 2.56674 ; 5.66358 ; 3.82366
3.69129 ; 7.0568 ; 6.65197 ; -6.02876
3.58975 ; 2.90455 ; 6.35432 ; 6.15221
7.96501 ; 2.87409 ; -5.05524 ; 6.23705
4.90227 ; 6.70705 ; 6.95626 ; -6.38321
8.23412 ; 7.51405 ; -1.32815 ; -4.27093
3.52792 ; 2.80641 ; 6.22068 ; 5.69983
7.98765 ; 2.64461 ; -5.55795 ; 4.49011
3.37791 ; 4.4639 ; 4.5129 ; -5.80481
3.18335 ; 2.4106 ; -0.0934563 ; 3.69231
7.25505 ; 3.44939 ; -7.06781 ; 7.04333
7.43067 ; 3.67269 ; -6.63905 ; 7.19134
4.0358 ; 6.61776 ; 7.05181 ; -6.98288
3.9461 ; 3.21121 ; 7.05731 ; 6.80108
6.74643 ; 3.95407 ; -7.02905 ; 7.00287
4.10772 ; 6.46256 ; 7.03926 ; -7.1036
3.62429 ; 5.12049 ; 5.36169 ; -6.45418
8.10165 ; 7.40119 ; 0.808645 ; -5.33944
4.082 ; 3.43505 ; 7.08638 ; 7.06709
3.72135 ; 2.96894 ; 6.76604 ; 6.25655
4.31796 ; 6.27184 ; 7.08996 ; -7.09128
3.61685 ; 6.97527 ; 6.22449 ; -6.50924
6.63201 ; 6.26092 ; -7.03267 ; -6.96906
3.42803 ; 6.12543 ; -2.35316 ; -6.97668
7.44857 ; 3.31375 ; -6.85001 ; 6.99323
8.35506 ; 3.14556 ; -0.0124494 ; -3.60399
8.13236 ; 2.91534 ; -2.77469 ; 6.6147
8.20395 ; 2.48 ; -4.54168 ; 1.04352
3.28117 ; 3.08285 ; 3.46175 ; 7.00945
3.25635 ; 2.51792 ; -0.804522 ; 4.81648
3.61795 ; 3.09357 ; 6.20681 ; 6.81949
3.88175 ; 6.66631 ; 6.79562 ; -7.02347
3.96425 ; 3.30698 ; 7.01552 ; 6.97655
3.54705 ; 2.85176 ; 6.23534 ; 5.94569
3.87473 ; 3.20876 ; 6.92895 ; 6.86163
7.92671 ; 7.42418 ; 2.04407 ; -5.09366
7.24625 ; 3.42706 ; -7.09463 ; 7.00714
8.21148 ; 2.4604 ; -0.534994 ; 4.14809
7.95061 ; 7.28225 ; -5.73894 ; -5.15436
7.91147 ; 2.88177 ; -5.47062 ; 6.18043
7.64335 ; 2.60687 ; 3.1323 ; 5.14713
3.40142 ; 7.26721 ; 5.48357 ; -5.28306
7.86856 ; 2.90485 ; -5.72561 ; 6.20976
8.15379 ; 7.34709 ; 0.0196335 ; -5.6586
5.48099 ; 7.41499 ; -6.07274 ; 2.08892
3.28775 ; 4.89862 ; 3.7888 ; 6.41764
3.02258 ; 7.45764 ; 2.75747 ; 0.675564
7.9075 ; 2.50854 ; 1.94069 ; 4.70616
3.00272 ; 7.01153 ; 2.67522 ; 2.98835
2.99836 ; 7.25788 ; 0.745065 ; 2.08502
4.06482 ; 6.5546 ; 7.04816 ; -7.04587
3.54074 ; 7.39497 ; -2.44622 ; -5.2181
4.65556 ; 7.38608 ; -5.09323 ; -4.49672
3.65833 ; 3.10185 ; 6.37458 ; 6.80248
7.04631 ; 3.64653 ; -7.11862 ; 7.0797
4.0512 ; 6.51889 ; 7.00553 ; -7.08533
7.51064 ; 6.72808 ; -6.82866 ; -6.96922
6.90344 ; 7.32476 ; -7.05803 ; 2.02777
5.53157 ; 2.71224 ; -6.09532 ; 4.57701
3.55346 ; 7.00618 ; 5.93969 ; -6.47875
7.40222 ; 6.9612 ; -6.84532 ; 3.38408
3.82027 ; 6.82741 ; 6.79933 ; -6.73926
7.05162 ; 3.66885 ; -7.10576 ; 7.09203
3.2016 ; 6.47568 ; 1.10354 ; -7.19816
8.28421 ; 7.60026 ; -1.4822 ; -2.80875
3.9032 ; 7.58543 ; -3.55461 ; -3.55047
3.76685 ; 6.92016 ; 6.746 ; -6.50452
4.84177 ; 7.38568 ; 6.98917 ; -3.03246
5.91869 ; 7.44653 ; -6.54527 ; -2.99825
7.25995 ; 7.00508 ; -7.25875 ; -5.90774
4.17003 ; 6.41569 ; 7.07203 ; -7.10183
3.07867 ; 4.79532 ; 0.378293 ; -6.07763
3.11334 ; 7.47925 ; 4.13348 ; 0.0584761
3.70572 ; 4.22519 ; 5.80632 ; 6.96742
8.11444 ; 7.17886 ; -3.72872 ; -6.2376
8.24439 ; 6.82419 ; -0.250598 ; -4.68124
7.60711 ; 3.13733 ; -6.59277 ; 6.74908
3.76754 ; 6.94195 ; 6.77093 ; -6.4213
7.45019 ; 6.73357 ; -6.96233 ; -6.91059
8.055 ; 7.22246 ; -4.66266 ; -5.87675
8.05525 ; 7.15918 ; -4.43235 ; -6.22732
7.22407 ; 3.47096 ; -7.09046 ; 7.04619
4.31786 ; 3.70193 ; 7.11552 ; 7.10897
3.65423 ; 2.74006 ; 6.78322 ; 4.97646
8.26456 ; 2.37273 ; -0.877264 ; 1.99782
4.18966 ; 2.3301 ; -4.34672 ; 1.67732
4.00557 ; 6.59483 ; 6.9903 ; -7.03719
7.33131 ; 3.41466 ; -6.99032 ; 7.05217
6.38244 ; 7.3304 ; 5.59054 ; -4.38436
3.33141 ; 7.23624 ; 4.70632 ; -5.72419
4.83519 ; 2.68008 ; -5.4063 ; 4.55654
6.79057 ; 2.7894 ; -6.93744 ; -2.6254
3.62607 ; 4.28583 ; 5.47287 ; 6.92723
7.60583 ; 2.53165 ; -7.00395 ; 1.48544
8.0921 ; 7.21541 ; -4.20336 ; -5.97303
4.34423 ; 3.69721 ; 7.12431 ; 7.09891
3.60411 ; 3.04004 ; 6.2152 ; 6.68014
6.46151 ; 5.78927 ; -6.87941 ; -6.86634
7.74626 ; 2.92566 ; -6.36092 ; 6.0849
3.107 ; 2.4472 ; 2.2368 ; 3.56113
7.97303 ; 2.77988 ; -5.25743 ; 5.6941
5.07873 ; 7.08272 ; 6.83917 ; -5.10421
4.15578 ; 3.76796 ; 6.98709 ; 7.15081
3.12509 ; 7.1964 ; 4.32073 ; 2.1895
8.2952 ; 6.40318 ; -3.52887 ; 2.93419
4.68277 ; 2.80905 ; 7.12304 ; 4.7513
7.11479 ; 3.6394 ; -7.08555 ; 7.10639
7.06829 ; 3.63255 ; -7.11484 ; 7.08325
4.00189 ; 3.33134 ; 7.05581 ; 6.98598
7.69536 ; 6.99967 ; -6.55981 ; -6.38397
3.69123 ; 2.59253 ; -3.06422 ; 4.97915
4.13506 ; 3.49335 ; 7.10587 ; 7.09188
7.44847 ; 6.78579 ; -7.00171 ; -6.79804
5.88465 ; 5.11632 ; 6.1098 ; -6.3473
7.01841 ; 6.28287 ; -7.11336 ; -7.09429
3.646 ; 6.99312 ; 6.39577 ; -6.38871
3.346 ; 2.77899 ; 5.61199 ; 3.49204
3.49545 ; 4.1477 ; 5.0149 ; -5.4378
7.46644 ; 3.2772 ; -6.84285 ; 6.94354
7.68492 ; 7.30988 ; -6.71404 ; 1.77226
7.71945 ; 2.96874 ; -6.40583 ; 6.25936
4.06907 ; 6.48752 ; 7.00666 ; -7.10576
8.15203 ; 2.79873 ; -2.72261 ; 6.21614
7.76939 ; 7.30273 ; -6.62607 ; -4.56327
3.69595 ; 6.59614 ; 6.13008 ; -7.17317
3.8418 ; 3.02906 ; 6.97725 ; 6.37541
7.21214 ; 6.94227 ; -7.25921 ; -6.13816
7.37088 ; 3.68292 ; 4.11248 ; 6.67129
3.49357 ; 6.89304 ; 5.39963 ; -6.85774
3.09608 ; 2.41547 ; 2.49115 ; 2.68877
6.65553 ; 5.54416 ; -6.89028 ; -6.75293
7.36913 ; 3.89769 ; -6.63761 ; 7.12708
4.24658 ; 5.97815 ; 6.73105 ; 5.30485
8.25187 ; 7.50496 ; -2.06141 ; -4.22533
5.77055 ; 5.0084 ; 6.20046 ; -6.27391
7.17811 ; 6.41509 ; -7.09552 ; -7.11226
4.07968 ; 6.53635 ; 7.05414 ; -7.05704
3.60876 ; 7.09319 ; 6.38166 ; -5.97073
7.20361 ; 3.53966 ; -7.06735 ; 7.09515
3.21145 ; 2.9464 ; -0.0528866 ; 6.71339
4.32858 ; 6.95479 ; 6.95818 ; 3.45094
3.35614 ; 6.93158 ; 4.23185 ; -6.88859
3.484 ; 3.02921 ; 5.63722 ; 6.64665
3.28215 ; 6.11029 ; 2.89336 ; -7.14496
3.83709 ; 6.76109 ; 6.77644 ; -6.88601
7.60095 ; 3.04122 ; -6.74224 ; 6.39172
3.80906 ; 3.20709 ; 6.76825 ; 6.91723
4.35519 ; 7.25735 ; 7.25423 ; -4.12755
3.12255 ; 4.94072 ; 2.162 ; 6.34468
5.07547 ; 7.04622 ; 6.82793 ; -5.36799
7.3011 ; 3.79078 ; 4.2714 ; 6.84361
3.44657 ; 5.43502 ; 4.44361 ; -6.70854
7.3844 ; 3.31953 ; -6.97672 ; 6.95092
3.8981 ; 3.22906 ; 6.96036 ; 6.88508
8.13252 ; 7.67295 ; 1.06685 ; -1.34343
7.907 ; 3.0076 ; -5.24513 ; 6.67142
7.6344 ; 3.09214 ; -6.56013 ; 6.63444
3.26424 ; 7.60609 ; -0.780805 ; -3.49672
7.94185 ; 2.58309 ; -6.16041 ; -0.541838
8.32047 ; 3.47943 ; -2.97793 ; -4.31465
6.15835 ; 7.04439 ; -6.75977 ; -5.35835
3.84497 ; 3.23466 ; 6.83529 ; 6.9434
3.97064 ; 3.38249 ; 6.96938 ; 7.07563
7.93329 ; 7.00851 ; -5.25821 ; -6.65885
4.26139 ; 6.34022 ; 7.09526 ; -7.0954
7.14767 ; 6.39229 ; -7.10485 ; -7.1102
7.2647 ; 3.6758 ; -6.6877 ; -4.81406
3.10163 ; 2.89039 ; -0.890533 ; -2.9305
3.38675 ; 6.39301 ; 5.28957 ; 4.58588
8.15383 ; 7.34979 ; 0.140194 ; -5.64452
7.68309 ; 3.03143 ; -6.46093 ; 6.47575
7.65268 ; 7.10838 ; -6.80247 ; -5.80873
7.5897 ; 3.13585 ; -6.65724 ; 6.72205
7.9858 ; 4.97499 ; -4.33402 ; -6.33286
8.15131 ; 2.83687 ; -0.132195 ; 6.3646
3.17175 ; 3.69753 ; -1.5902 ; -4.73804
3.21959 ; 7.51401 ; 4.87659 ; -1.91629
7.85868 ; 2.86288 ; -5.87789 ; 5.96807
3.5921 ; 7.0352 ; 6.20783 ; -6.29158
7.6963 ; 3.42934 ; -5.94558 ; 7.20229
3.6371 ; 2.81993 ; 6.65652 ; 5.57774
3.80774 ; 3.13503 ; 6.83965 ; 6.73793
3.2433 ; 7.45051 ; 4.60542 ; -3.79254
3.76008 ; 3.03314 ; 6.80991 ; 6.46806
3.75981 ; 6.79792 ; 6.57603 ; -6.87588
4.09176 ; 3.41144 ; 7.11218 ; 7.03271
4.92679 ; 6.82193 ; 6.94424 ; -6.08627
5.80975 ; 4.02561 ; -6.30405 ; -5.33433
7.64538 ; 6.99368 ; 3.34097 ; 3.42093
3.16971 ; 2.69521 ; 0.9528 ; 5.90661
3.3148 ; 7.46374 ; 5.42636 ; -3.02883
7.16034 ; 3.52653 ; -7.11275 ; 7.06094
3.34507 ; 2.96764 ; 4.52597 ; 6.71461
3.0533 ; 5.96635 ; -0.524188 ; 5.20591
3.55285 ; 6.95195 ; 5.83759 ; -6.67412
3.84953 ; 6.23198 ; 6.38561 ; -7.18624
3.24731 ; 2.48665 ; 5.32721 ; 0.859928
3.87696 ; 3.90978 ; 6.44164 ; 7.1444
3.26266 ; 2.69073 ; 4.26989 ; 5.54088
7.72047 ; 7.00459 ; -6.46991 ; -6.39628
7.50644 ; 3.17782 ; -6.85064 ; 6.74542
7.58287 ; 6.85628 ; -6.76717 ; -6.74273
4.94778 ; 6.74316 ; 6.92752 ; -6.28637
7.29893 ; 2.71221 ; -7.26752 ; 4.00868
7.76343 ; 7.14888 ; -6.48371 ; -5.73365
3.73517 ; 6.78797 ; 6.47062 ; -6.92016
8.15975 ; 2.66306 ; -3.24604 ; 5.42083
3.49142 ; 7.37491 ; -2.27126 ; -5.35136
3.15534 ; 2.52373 ; 3.22221 ; 4.34851
7.85323 ; 7.07695 ; -5.93109 ; -6.27587
7.42549 ; 3.66721 ; 4.0906 ; -4.7747
8.0784 ; 3.15967 ; 1.03834 ; 6.9517
7.05282 ; 6.3911 ; -7.14295 ; -7.07088
7.151 ; 6.6373 ; -7.19695 ; -6.87732
3.87817 ; 3.17568 ; 6.96619 ; 6.77477
3.75037 ; 6.74257 ; 6.47712 ; -6.99291
8.30913 ; 7.5882 ; -2.56036 ; -1.90316
3.41868 ; 6.23049 ; 4.59061 ; -7.08753
3.21511 ; 7.05083 ; 0.418013 ; -6.69075
3.30076 ; 2.48642 ; 5.59391 ; 1.96693
7.81055 ; 2.85526 ; -6.1718 ; 5.81594
4.02925 ; 6.59678 ; 7.029 ; -7.01728
3.13538 ; 2.45109 ; 3.80097 ; 2.70366
3.64532 ; 6.93545 ; 6.30554 ; -6.6073
6.06664 ; 3.17191 ; -6.65902 ; 6.1122
7.12467 ; 6.24256 ; -6.76877 ; 4.92704
3.41501 ; 2.82391 ; 5.40456 ; 6.05596
7.35141 ; 3.2601 ; -7.07457 ; 6.79659
8.23085 ; 2.47455 ; -3.44332 ; 3.1741
7.48451 ; 6.73012 ; -6.89796 ; -6.91209
7.92559 ; 7.11413 ; -5.53076 ; -6.22003
7.92774 ; 5.28111 ; -4.7118 ; 6.062
7.2186 ; 3.48605 ; -7.08551 ; 7.05981
3.79363 ; 3.14431 ; 6.79054 ; 6.77967
8.13042 ; 2.75301 ; -3.48007 ; 5.90191
3.29476 ; 2.78195 ; 4.96266 ; 4.68047
4.33628 ; 4.70893 ; 6.71319 ; -6.07792
8.09641 ; 2.8165 ; -5.31313 ; -2.322
8.31452 ; 7.57957 ; -2.6675 ; -1.27199
7.5819 ; 3.07749 ; -6.75817 ; 6.50481
3.30615 ; 2.58237 ; 5.23717 ; 4.24693
3.23111 ; 7.29523 ; 0.217787 ; -5.88321
3.26694 ; 2.51613 ; 5.15049 ; 3.26705
8.06021 ; 7.03021 ; -4.11251 ; -6.71457
7.43551 ; 6.57215 ; -6.86136 ; -7.12484
3.65812 ; 6.29788 ; 5.712 ; -7.22192
3.63963 ; 6.19655 ; 5.57104 ; -7.19257
7.68735 ; 6.99331 ; 3.06151 ; -6.49108
7.53993 ; 3.12171 ; -6.82741 ; 6.60889
3.11127 ; 5.74074 ; 2.8471 ; 5.53083
8.24291 ; 7.50307 ; -1.68477 ; -4.34281
3.45317 ; 7.01927 ; 5.28377 ; -6.56478
7.36556 ; 3.30908 ; -7.02068 ; 6.91255
7.61721 ; 6.602 ; -6.40086 ; -7.17614
3.3745 ; 3.50544 ; -1.98059 ; 7.07058
3.3663 ; 5.03857 ; 4.14041 ; -6.36738
3.29697 ; 3.37647 ; 3.42518 ; 7.26518
7.78511 ; 7.04093 ; -6.23716 ; -6.33326
3.04112 ; 5.95807 ; -0.374909 ; 5.22341
3.5672 ; 7.06715 ; 6.11193 ; -6.18783
7.36998 ; 3.30434 ; -7.01647 ; 6.90639
3.64128 ; 2.94513 ; 6.51895 ; 6.26466
8.02763 ; 7.167 ; -4.79452 ; -6.13255
7.53695 ; 6.80986 ; -6.84251 ; -6.81865
8.14898 ; 2.41518 ; 1.289 ; -0.483097
4.32996 ; 2.97916 ; 7.27325 ; 5.76247
3.62783 ; 4.72296 ; 5.77169 ; 6.50413
3.50335 ; 2.76139 ; 6.17414 ; 5.43253
7.83778 ; 6.90928 ; -5.73578 ; -6.84927
7.75111 ; 2.40279 ; -2.30274 ; 1.90744
7.75516 ; 6.91759 ; -6.1877 ; -6.75188
4.0597 ; 6.62345 ; 7.08343 ; -6.95869
6.33847 ; 7.10134 ; -6.72757 ; 3.15972
3.66457 ; 2.64322 ; -3.01263 ; 5.2995
7.34077 ; 3.36024 ; -7.01859 ; 6.9846
7.65117 ; 3.06996 ; -6.52899 ; 6.5775
3.66522 ; 3.11752 ; 6.38461 ; 6.83715
8.07527 ; 2.80103 ; -4.12334 ; 6.06248
8.22801 ; 7.1168 ; 1.0355 ; 2.36179
7.0942 ; 7.01037 ; -7.24573 ; -5.85705
3.31139 ; 3.34335 ; -1.26483 ; 7.06353
4.28441 ; 7.31223 ; 6.84271 ; -4.3618
7.31729 ; 3.28456 ; -7.10171 ; 6.8226
8.02605 ; 7.04653 ; -4.51378 ; -6.63449
7.16669 ; 3.56512 ; -7.08592 ; 7.0935
7.46336 ; 6.61928 ; -6.83976 ; -7.09342
8.15382 ; 2.85868 ; -2.41814 ; 6.45571
7.60881 ; 4.13121 ; 3.61782 ; 6.77288
8.14487 ; 3.14289 ; -4.94496 ; -2.99599
3.96883 ; 7.44099 ; 7.22372 ; -2.06402
7.00568 ; 3.68353 ; -7.11602 ; 7.07763
3.43577 ; 2.50305 ; 6.27997 ; 1.91559
7.65257 ; 6.89116 ; -6.5821 ; -6.72013
7.49971 ; 6.69969 ; -6.82791 ; -7.00991
3.93457 ; 6.64159 ; 6.89528 ; -7.02184
3.39017 ; 4.54687 ; 4.53417 ; -5.89404
6.32396 ; 6.64954 ; -6.87511 ; -6.48478
7.91576 ; 7.22272 ; -5.83844 ; -5.53615
3.22691 ; 2.47595 ; 4.9974 ; 2.32037
7.90172 ; 5.15914 ; -4.84121 ; 6.17278
7.67047 ; 7.10487 ; -6.75201 ; -5.84792
5.18735 ; 6.62714 ; 6.75106 ; -6.46394
3.91648 ; 5.34486 ; 1.80432 ; -6.57881
7.63285 ; 6.71152 ; -6.44814 ; -7.07548
8.26044 ; 2.91126 ; -4.11032 ; -2.72196
7.59174 ; 4.43946 ; 3.67144 ; 6.60142
7.97225 ; 2.82036 ; -5.25849 ; 5.7175
7.42296 ; 6.73433 ; -7.01002 ; -6.88773
3.9856 ; 6.58235 ; 6.94415 ; -7.06583
3.22925 ; 4.97733 ; 3.60748 ; 6.26244
4.0527 ; 2.45774 ; -4.05069 ; 3.70088
7.0601 ; 2.87837 ; -7.26834 ; 5.09162
3.87631 ; 6.78759 ; 6.89879 ; -6.78665
3.25561 ; 7.38291 ; 4.34479 ; -4.72964
3.18083 ; 7.49036 ; 4.16416 ; -2.88617
3.81519 ; 3.18234 ; 6.80978 ; 6.85579
7.73072 ; 2.94118 ; -6.26837 ; 6.19075
7.05165 ; 6.31026 ; -7.11396 ; -7.10037
3.27737 ; 2.68185 ; 4.51257 ; 5.42492
7.8695 ; 6.03786 ; -5.1039 ; -7.05621
7.3665 ; 6.61094 ; -7.01219 ; -7.04514
3.87531 ; 6.84258 ; 6.9432 ; -6.63427
3.16211 ; 2.58208 ; 2.90057 ; 5.01291
3.79463 ; 6.59446 ; 6.48646 ; -7.14291
3.45224 ; 2.95517 ; -1.98204 ; 6.56413
3.78706 ; 6.78456 ; 6.65156 ; -6.882
7.71036 ; 3.01031 ; -6.37165 ; 6.43421
3.45187 ; 3.0353 ; 5.35648 ; 6.78514
4.11971 ; 3.46494 ; 7.10759 ; 7.07492
3.41037 ; 6.97333 ; 4.8391 ; -6.75081
3.50835 ; 3.024 ; 5.71979 ; 6.72959
7.31869 ; 3.43241 ; -6.99676 ; 7.06475
6.28107 ; 2.3865 ; 5.66524 ; -0.507061
7.84683 ; 6.43799 ; -5.20576 ; -7.27
5.02613 ; 6.98113 ; -5.59225 ; 3.5951
3.19357 ; 2.46379 ; 4.75152 ; 1.97063
5.28116 ; 4.24945 ; 6.63741 ; 6.77907
4.69604 ; 2.73971 ; -5.22995 ; 4.94202
6.76871 ; 2.80977 ; -7.15941 ; 4.49932
3.86208 ; 3.55771 ; 6.61489 ; 7.2167
7.77173 ; 4.13226 ; -5.32539 ; 7.00493
3.50151 ; 7.22983 ; 6.06792 ; -5.31805
3.54563 ; 4.48485 ; 5.2013 ; 6.76834
3.15681 ; 2.44654 ; 3.97147 ; 2.32862
8.23973 ; 7.54307 ; -1.04455 ; -4.01896
3.18193 ; 2.49491 ; 3.88831 ; 3.67216
7.40346 ; 6.64827 ; -6.97962 ; -7.01827
3.09501 ; 2.38858 ; 1.46218 ; 2.6622
3.59141 ; 7.3475 ; 6.60911 ; -3.98622
8.0657 ; 7.28074 ; -4.66787 ; -5.50132
8.18288 ; 7.30612 ; -2.96291 ; -5.69937
3.85108 ; 6.85307 ; 6.89956 ; -6.6288
3.66117 ; 2.52792 ; -2.96836 ; 4.61772
3.18072 ; 7.48305 ; 0.366825 ; -4.70447
3.14027 ; 2.47221 ; 3.47462 ; 3.49727
7.90872 ; 7.11402 ; -5.62594 ; -6.19533
3.19233 ; 3.01649 ; 2.1831 ; 6.89505
4.55198 ; 6.84176 ; 7.16268 ; -6.17219
7.94977 ; 2.4433 ; 1.86654 ; 4.15483
8.15407 ; 2.53908 ; -4.21706 ; 3.82551
7.13494 ; 3.53525 ; -7.12573 ; 7.05367
3.14045 ; 7.50033 ; 2.74245 ; -3.89958
3.27211 ; 7.34362 ; 4.39607 ; -5.06278
7.64338 ; 3.00455 ; -6.65078 ; 6.29671
6.90015 ; 7.65158 ; 4.83856 ; -1.60919
3.83045 ; 2.91062 ; 7.03457 ; 5.86233
8.26817 ; 5.08769 ; 0.255103 ; -6.36602
3.16102 ; 2.71976 ; 1.63599 ; 5.9874
2.99634 ; 3.27625 ; 1.74152 ; -2.9954
7.82225 ; 7.00994 ; -5.98632 ; -6.52162
8.12238 ; 2.62665 ; -4.16499 ; 4.90092
7.55058 ; 3.57577 ; -6.37419 ; 7.2117
3.78026 ; 3.49289 ; 6.42871 ; 7.22209
7.24834 ; 3.4421 ; -7.08236 ; 7.0282
7.18741 ; 3.48954 ; -7.1129 ; 7.04207
4.00113 ; 6.65391 ; 7.02722 ; -6.95089
3.91986 ; 6.65038 ; 6.87094 ; -7.01915
7.57453 ; 6.68594 ; -6.61361 ; -7.07687
7.76121 ; 7.3132 ; -6.66134 ; -4.44655
4.2513 ; 3.13987 ; 7.26288 ; 6.38421
4.0674 ; 7.14574 ; 6.98667 ; 2.72013
7.72274 ; 7.3955 ; 2.92877 ; -5.09641
7.89702 ; 2.72196 ; -5.94198 ; 5.0329
4.35718 ; 6.23949 ; 7.08958 ; -7.08236
3.17308 ; 2.51994 ; 0.408931 ; 4.81196
7.50117 ; 5.06943 ; 3.97387 ; 6.14085
8.26033 ; 5.40563 ; -0.287656 ; -6.64877
8.04714 ; 7.3365 ; -5.1064 ; -4.96111
7.64625 ; 3.25852 ; -6.3141 ; 7.02925
3.82487 ; 2.91787 ; 7.03617 ; 5.89289
7.69786 ; 6.94675 ; -6.48208 ; -6.59125
4.01045 ; 6.22672 ; 6.76016 ; -7.16199
3.83393 ; 6.40156 ; 6.46338 ; -7.20597
7.23383 ; 3.42367 ; -7.10957 ; 6.99418
3.9046 ; 6.73298 ; 6.91338 ; -6.88434
7.53376 ; 7.66576 ; 3.55373 ; 0.00363421
4.08275 ; 3.11788 ; 7.22657 ; 6.4418
6.568 ; 2.89696 ; 5.3606 ; 5.64449
7.66868 ; 7.04513 ; -6.70323 ; -6.14719
7.74308 ; 3.87601 ; -5.46626 ; 7.15949
8.13238 ; 7.46726 ; -4.76104 ; -3.60559
5.359 ; 7.65867 ; -2.89407 ; -1.17938
3.11244 ; 2.44011 ; 3.89657 ; 1.45697
5.53786 ; 6.19153 ; -6.21867 ; -6.74644
8.22842 ; 7.42558 ; -2.09318 ; -5.00712
7.44965 ; 6.49422 ; -6.77185 ; -7.17991
4.18716 ; 3.52794 ; 7.12993 ; 7.09166
3.36919 ; 6.92976 ; 4.41202 ; -6.8717
3.99938 ; 6.60105 ; 6.98359 ; -7.03228
7.47228 ; 3.18296 ; -6.92916 ; 6.71649
8.20544 ; 7.31341 ; -2.00454 ; -5.766
3.96146 ; 6.64843 ; 6.95479 ; -6.99119
7.73613 ; 7.04332 ; 2.90259 ; -6.40703
8.12225 ; 2.72505 ; -3.65186 ; 5.74019
8.07983 ; 2.61647 ; -4.79539 ; 4.55689
3.54041 ; 6.40523 ; 5.16578 ; -7.24802
5.04133 ; 7.45021 ; -5.67102 ; -3.62805
3.41258 ; 2.74876 ; 5.6219 ; 5.56412
7.69537 ; 6.54659 ; 2.98999 ; -6.99344
4.32877 ; 6.28747 ; 7.10001 ; -7.08427
5.09646 ; 2.68444 ; 6.67828 ; -2.36884
7.09706 ; 6.35712 ; -7.11554 ; -7.10379
6.94119 ; 6.2011 ; -7.09764 ; -7.0774
3.7787 ; 3.2109 ; 6.67716 ; 6.94886
7.71815 ; 6.93599 ; -6.37935 ; -6.65541
3.91692 ; 6.78623 ; 6.9809 ; -6.75282
8.24536 ; 5.40684 ; 0.200383 ; -6.64012
3.97339 ; 2.88346 ; 7.22904 ; 5.54311
8.10768 ; 2.59074 ; -4.59972 ; 4.35357
3.42079 ; 2.71845 ; 5.76025 ; 5.29813
3.23114 ; 7.47534 ; 4.57348 ; -3.43153
7.82161 ; 2.73534 ; -6.33278 ; 4.92152
8.03942 ; 3.65798 ; 1.70176 ; 7.05873
7.64146 ; 6.89928 ; -6.63379 ; -6.68
3.89467 ; 3.20357 ; 6.97607 ; 6.82908
2.98528 ; 6.37578 ; 0.7702 ; 4.56086
7.26182 ; 6.54492 ; -7.09504 ; -7.05814
7.38289 ; 3.70724 ; -6.7169 ; 7.18091
7.92273 ; 2.58536 ; -6.01624 ; 3.55175
5.21719 ; 7.5626 ; -5.83187 ; -2.03865
8.1116 ; 7.51771 ; -5.28739 ; -1.58172
7.55929 ; 3.13543 ; -6.75527 ; 6.68106
3.93214 ; 4.8321 ; 6.25684 ; -6.19714
7.55853 ; 6.84889 ; -6.82619 ; -6.73705
7.75695 ; 2.89032 ; -6.36139 ; 5.92087
8.37841 ; 6.47952 ; -1.35172 ; 4.11094
3.10998 ; 2.76318 ; 4.16315 ; -2.16717
4.20041 ; 6.42121 ; 7.09803 ; -7.08506
3.94416 ; 6.67438 ; 6.94304 ; -6.96142
4.247 ; 3.60584 ; 7.12761 ; 7.10852
3.67635 ; 3.00412 ; 6.57618 ; 6.46478
8.20599 ; 5.94218 ; 0.247308 ; -6.99519
8.11491 ; 6.34454 ; -4.49251 ; 4.60762
8.16555 ; 7.10768 ; -0.916901 ; -6.57603
3.20598 ; 6.78741 ; 4.65552 ; 3.66335
3.40972 ; 2.67818 ; 5.78483 ; 4.95887
4.02265 ; 6.54565 ; 6.97952 ; -7.08212
7.0908 ; 3.59831 ; -7.12023 ; 7.07528
7.47854 ; 2.48045 ; -6.36954 ; 1.25381
3.62634 ; 2.92689 ; 6.48214 ; 6.19908
3.66108 ; 2.89601 ; 6.64611 ; 5.99489
4.76528 ; 6.06219 ; -5.39647 ; -6.74735
4.10485 ; 2.3943 ; -4.14697 ; 2.97378
6.43175 ; 4.00441 ; 5.5606 ; 6.771
7.95822 ; 5.31901 ; -4.37406 ; -6.63004
4.01869 ; 2.60487 ; -3.92763 ; 4.84364
3.91258 ; 6.84103 ; 7.01014 ; -6.60496
6.03458 ; 7.10039 ; 5.99507 ; -5.27259
3.26681 ; 7.67692 ; -1.18384 ; -1.91126
7.03487 ; 3.67425 ; -7.11074 ; 7.08679
3.9165 ; 6.01899 ; 6.4671 ; -7.09251
3.77585 ; 2.89681 ; 6.72491 ; -2.88371
3.30814 ; 2.66471 ; 4.93603 ; 5.176
7.24493 ; 6.49552 ; -7.08363 ; -7.09356
3.743 ; 6.88431 ; 6.62496 ; -6.65856
6.68591 ; 7.38208 ; -7.11602 ; -3.17144
3.36385 ; 7.22639 ; 5.02278 ; -5.70135
8.0326 ; 7.37095 ; -5.34204 ; -4.53791
6.79757 ; 3.22008 ; -7.15772 ; 6.35995
8.33564 ; 3.56052 ; 0.435465 ; -4.46184
8.18707 ; 5.4507 ; 1.5076 ; 5.81163
7.09687 ; 3.68854 ; -7.07433 ; 7.11283
7.52324 ; 2.31927 ; 3.54602 ; 0.289302
7.76911 ; 2.75159 ; -6.52435 ; 4.93722
7.3746 ; 6.54489 ; -6.95184 ; -7.1186
8.25977 ; 7.31308 ; 0.821207 ; 2.1222
8.14915 ; 5.83803 ; -2.56 ; -6.9996
3.72043 ; 6.94891 ; 6.62632 ; -6.45935
8.12044 ; 4.49623 ; -2.9048 ; 6.74263
8.18558 ; 6.21598 ; -2.48434 ; -6.99836
3.97431 ; 3.3059 ; 7.03356 ; 6.96591
3.29881 ; 4.83338 ; 3.93549 ; -6.13813
3.51149 ; 2.53889 ; 6.52381 ; 2.75668
8.04355 ; 7.13637 ; -4.54375 ; -6.31014
3.87119 ; 6.53943 ; 6.66413 ; -7.15334
7.65613 ; 6.29864 ; -6.18825 ; 4.77682
7.85838 ; 2.74051 ; -6.13856 ; 5.0826
7.35892 ; 7.38337 ; 2.3397 ; 1.86947
8.19612 ; 7.65036 ; 0.646588 ; -1.09989
3.54412 ; 6.99452 ; 5.86002 ; -6.5389
3.55172 ; 2.9561 ; 6.08035 ; 6.44357
3.43786 ; 7.57002 ; -0.688885 ; -3.83764
7.86431 ; 6.90948 ; -5.5669 ; -6.87029
5.45744 ; 3.53338 ; -6.13678 ; 6.62195
6.8495 ; 6.86146 ; -7.19668 ; -6.18132
8.29255 ; 2.42536 ; -2.77213 ; 1.98968
3.89717 ; 6.78841 ; 6.94394 ; -6.76509
8.09598 ; 2.68598 ; -4.25941 ; 5.35662
7.22877 ; 3.29724 ; -7.16892 ; 6.78238
7.52813 ; 3.08169 ; -6.89615 ; 6.45159
3.93428 ; 3.50197 ; 6.81914 ; 7.17955
5.19586 ; 6.67806 ; 6.74682 ; -6.35627
3.94097 ; 6.60218 ; 6.87403 ; -7.06949
7.10672 ; 3.59923 ; -7.11026 ; 7.08387
4.09793 ; 6.4718 ; 7.03331 ; -7.10195
8.21209 ; 5.64055 ; -2.67582 ; 5.64653
6.33262 ; 5.65904 ; 5.69428 ; -6.63653
3.54196 ; 5.63462 ; 5.45229 ; 5.69192
3.72303 ; 3.08087 ; 6.64643 ; 6.67294
7.46181 ; 3.20252 ; -6.93206 ; 6.76155
4.62903 ; 7.41027 ; 7.11694 ; -2.67907
4.30335 ; 2.63642 ; 7.28982 ; 3.42692
7.34065 ; 3.34768 ; -7.02937 ; 6.96287
7.10654 ; 3.60698 ; -7.10616 ; 7.08884
7.73299 ; 3.10204 ; -6.12464 ; 6.77637
7.67972 ; 6.87218 ; -6.45317 ; -6.80249
3.4711 ; 7.33334 ; 6.06578 ; -4.48366
3.12367 ; 2.46965 ; 3.10849 ; 3.45897
7.99943 ; 7.48882 ; -5.89852 ; -2.24766
6.07491 ; 4.80714 ; -6.58352 ; 6.28754
7.06615 ; 6.61077 ; -7.20517 ; -6.86928
7.75546 ; 5.33769 ; -5.47705 ; 6.01103
7.37782 ; 6.63514 ; -7.01243 ; -7.01946
3.69258 ; 7.00811 ; 6.60299 ; -6.25205
3.15606 ; 7.47836 ; 2.93813 ; -4.20907
3.4845 ; 7.14481 ; 5.79075 ; -5.92534
3.57718 ; 2.79016 ; 6.47217 ; 5.48624
7.66325 ; 6.69298 ; -6.31796 ; -7.11298
7.36701 ; 3.71227 ; 4.2175 ; -4.84408
5.46238 ; 6.93421 ; -6.14921 ; -5.82467
3.77977 ; 2.96558 ; 6.91912 ; 6.16512
8.21057 ; 2.56982 ; -1.40258 ; 5.03858
3.20205 ; 3.86989 ; 3.8901 ; -5.00607
4.05878 ; 6.55679 ; 7.04067 ; -7.04768
7.49839 ; 3.62828 ; -6.49216 ; 7.2053
3.80148 ; 3.33195 ; 6.63204 ; 7.11034
3.42015 ; 7.40087 ; 5.95545 ; -3.72122
7.35088 ; 6.90971 ; -7.18881 ; -6.01662
3.31681 ; 7.36621 ; 5.05496 ; -4.55253
3.79181 ; 6.78788 ; 6.67298 ; -6.86833
3.3915 ; 2.77595 ; 5.39295 ; 5.78592
3.97313 ; 5.77051 ; 6.45346 ; 5.5555
7.36135 ; 3.31676 ; -7.02101 ; 6.92498
7.82663 ; 7.14529 ; -6.19626 ; -5.86805
3.17789 ; 7.39829 ; 1.95953 ; -5.16947
7.0817 ; 6.47102 ; -7.16297 ; -7.03329
3.83338 ; 7.23587 ; 7.0846 ; -4.6849
4.72819 ; 3.06339 ; 7.0927 ; 5.88265
3.18068 ; 5.93 ; 3.92099 ; 5.13815
6.90472 ; 7.49723 ; -7.19601 ; -1.33445
3.4571 ; 7.30293 ; 5.96379 ; -4.76142
4.39148 ; 5.47679 ; 6.85661 ; -6.72121
3.04786 ; 4.35787 ; 1.01899 ; -5.64315
3.36349 ; 7.11173 ; 4.68974 ; -6.33039
3.16491 ; 5.95447 ; 0.354424 ; -6.98728
6.38371 ; 3.10922 ; -6.91567 ; 5.89072
7.0556 ; 3.65163 ; -7.11177 ; 7.08658
3.28212 ; 7.46878 ; 5.10662 ; -3.23039
7.26497 ; 3.2051 ; -7.17969 ; 6.57711
7.60286 ; 6.80319 ; -6.64672 ; -6.89588
3.47476 ; 2.53384 ; 6.39023 ; 2.78656
7.56643 ; 3.09446 ; -6.784 ; 6.54793
3.62728 ; 3.63447 ; 5.74912 ; 7.24831
3.50852 ; 2.41912 ; -2.38081 ; 3.80466
7.59946 ; 6.74344 ; -6.59374 ; -7.00779
7.98648 ; 7.48647 ; -5.96093 ; -2.31154
7.38589 ; 6.80434 ; -7.10077 ; -6.70189
5.39662 ; 5.51557 ; 6.52806 ; -6.65044
8.40159 ; 3.11991 ; -1.66541 ; -3.48592
7.53922 ; 6.78019 ; -6.80733 ; -6.88974
4.19551 ; 6.43183 ; 7.09993 ; -7.08009
4.00175 ; 2.56199 ; 5.26215 ; -1.24274
3.41864 ; 2.71466 ; 5.75308 ; 5.27205
7.49941 ; 3.23528 ; -6.80355 ; 6.88553
4.20902 ; 3.57569 ; 7.12028 ; 7.11127
8.30203 ; 2.66049 ; 0.44119 ; -1.9869
8.00812 ; 7.09946 ; -4.78854 ; -6.41918
3.38801 ; 6.24641 ; 5.18468 ; 4.84347
3.81839 ; 7.19191 ; 7.04029 ; -5.06017
7.5719 ; 2.56163 ; -6.8693 ; 2.78077
7.85326 ; 2.95592 ; -5.71225 ; 6.42359
3.41007 ; 7.39511 ; 5.88304 ; -3.82653
6.85565 ; 2.81794 ; 4.95974 ; 5.4786
7.79199 ; 7.27875 ; 2.69811 ; -5.70264
3.54672 ; 7.03323 ; 5.94923 ; -6.37689
4.87535 ; 7.19692 ; 6.79925 ; 2.58689
5.05436 ; 6.40783 ; -5.64368 ; 4.72231
7.573 ; 6.32341 ; -6.32854 ; -7.22663
8.07496 ; 2.62252 ; -4.8255 ; 4.61233
8.00587 ; 2.66512 ; -5.33242 ; 4.80595
3.26075 ; 7.17078 ; 3.58995 ; -6.19819
5.14779 ; 3.5183 ; 6.78751 ; 6.69685
3.10125 ; 7.58907 ; 2.08221 ; -1.1501
7.44476 ; 3.25916 ; -6.91377 ; 6.88416
8.35151 ; 4.19581 ; -1.15589 ; -5.46089
3.61944 ; 7.42672 ; 6.70734 ; 0.495405
3.7998 ; 6.88017 ; 6.79855 ; -6.60163
3.3682 ; 7.48699 ; 5.93781 ; -1.1424
3.25672 ; 7.27785 ; 3.84458 ; -5.65909
8.0313 ; 7.35557 ; -5.32609 ; -4.65786
3.23266 ; 7.36026 ; 3.83984 ; -5.088
8.13333 ; 2.453 ; 0.583884 ; 4.23173
7.62326 ; 2.67486 ; -6.95567 ; 4.02335
7.6628 ; 3.08171 ; -6.4596 ; 6.64014
3.16542 ; 2.70165 ; 1.40238 ; 5.92393
4.74545 ; 6.0763 ; 6.98697 ; -6.97142
8.12734 ; 6.73882 ; -2.57953 ; -7.1932
3.1299 ; 2.46385 ; 4.29508 ; 0.752361
7.59619 ; 3.01181 ; -6.7893 ; 6.25513
3.50739 ; 2.94554 ; 5.84423 ; 6.46321
8.05002 ; 7.34481 ; -5.18585 ; -4.56819
8.17074 ; 7.54333 ; -3.67747 ; -2.71822
3.53505 ; 7.2734 ; 6.31411 ; -4.86766
7.59037 ; 3.12042 ; -6.675 ; 6.67236
7.62951 ; 6.87362 ; -6.64276 ; -6.74526
3.57985 ; 7.31053 ; 6.54264 ; -4.40141
6.57855 ; 6.54213 ; 5.32567 ; 4.47784
8.17522 ; 2.61949 ; -3.17719 ; 5.10721
3.31359 ; 7.48707 ; 5.63751 ; -1.20669
3.60227 ; 2.98864 ; 6.28385 ; 6.50323
5.63884 ; 2.41742 ; -6.21091 ; -0.0601543
7.97907 ; 7.40004 ; -5.80792 ; -3.98303
7.23316 ; 6.54555 ; -7.11947 ; -7.04195
7.63823 ; 3.10565 ; -6.51987 ; 6.68985
7.45659 ; 6.52222 ; -6.77904 ; -7.16725
3.89798 ; 2.3172 ; -3.61511 ; 1.68588
3.72492 ; 3.22598 ; 6.48679 ; 7.01237
8.33867 ; 7.5913 ; -1.80083 ; -0.94399
7.23209 ; 3.46722 ; -7.08321 ; 7.04796
3.42962 ; 2.84043 ; 5.53044 ; 6.10816
3.61174 ; 3.03427 ; 6.26158 ; 6.65216
3.20914 ; 6.04275 ; 1.23369 ; -7.08311
3.39278 ; 7.36278 ; 5.68104 ; -4.34793
7.17641 ; 2.78635 ; -7.03092 ; -2.50176
3.82859 ; 6.7324 ; 6.72043 ; -6.95283
3.74571 ; 6.8082 ; 6.53458 ; -6.86608
8.2058 ; 7.33211 ; -2.73124 ; -5.41291
3.28822 ; 2.71691 ; 4.51898 ; 5.66016
7.34112 ; 3.44245 ; -6.95432 ; 7.08704
7.47117 ; 3.23563 ; -6.87595 ; 6.85673
3.62027 ; 6.98136 ; 6.25749 ; -6.47715
8.10703 ; 2.50657 ; -5.32363 ; 1.02773
7.46326 ; 3.25198 ; -6.87733 ; 6.88716
7.63211 ; 3.09678 ; -6.56164 ; 6.64872
6.5996 ; 7.42546 ; 5.30893 ; -3.9327
7.45303 ; 3.20948 ; -6.94521 ; 6.77045
3.87368 ; 7.24545 ; 6.93146 ; 2.14827
7.3964 ; 6.10507 ; -6.63721 ; -7.14122
7.91774 ; 7.44863 ; -6.23599 ; -2.70142
7.78967 ; 7.01394 ; -6.16784 ; -6.4612
3.69719 ; 6.91114 ; 6.48875 ; -6.62983
7.69416 ; 7.00651 ; -6.57782 ; -6.34819
3.76733 ; 6.88534 ; 6.70769 ; -6.626
3.28164 ; 2.54019 ; 5.19401 ; 3.60268
7.60187 ; 6.80203 ; -6.64832 ; -6.89902
7.41202 ; 6.58045 ; -6.71357 ; 4.27031
6.83352 ; 6.25596 ; -7.0997 ; -7.03973
8.15518 ; 3.3718 ; -3.18064 ; 6.3644
8.30045 ; 7.62076 ; -1.27624 ; -2.01867
5.23382 ; 4.01939 ; -5.82617 ; -5.31001
7.39526 ; 3.29305 ; -6.9805 ; 6.9081
8.14035 ; 6.3643 ; -4.26858 ; 4.61229
7.81573 ; 7.04865 ; -6.09082 ; -6.34739
7.36453 ; 7.26869 ; -7.26185 ; -4.40393
7.96505 ; 6.97523 ; 2.45257 ; 3.40478
7.67531 ; 3.06643 ; -6.43212 ; 6.60139
7.77182 ; 5.27493 ; -5.31347 ; -6.59622
7.28317 ; 3.59096 ; -6.94845 ; 7.14869
6.91153 ; 3.79328 ; -7.0898 ; 7.0634
3.41635 ; 7.2154 ; 5.46159 ; -5.63672
7.5838 ; 6.6815 ; 3.61497 ; 3.43801
7.68552 ; 6.83079 ; -6.37676 ; -6.90692
3.17095 ; 7.41185 ; 2.54699 ; -4.97447
8.23532 ; 7.47414 ; -1.47061 ; -4.69032
3.14607 ; 7.53187 ; 3.55608 ; -2.9746
8.05881 ; 2.88233 ; -4.07234 ; 6.41377
7.6261 ; 2.39453 ; 3.13743 ; 3.49205
7.73893 ; 7.05787 ; -6.46727 ; -6.18269
3.13872 ; 2.49049 ; 4.43171 ; 0.436129
3.48875 ; 2.75349 ; 6.10775 ; 5.40685
3.72162 ; 6.93776 ; 6.59738 ; -6.50882
8.2547 ; 7.24122 ; -4.19837 ; 2.02578
8.11083 ; 2.42032 ; 0.722739 ; 3.85844
4.10507 ; 3.95523 ; 6.83922 ; 7.10031
3.1907 ; 2.50925 ; 4.18386 ; 3.75974
7.66837 ; 7.19538 ; -6.8265 ; -5.29635
3.66305 ; 6.48246 ; 5.88199 ; -7.22844
7.51702 ; 3.15235 ; -6.8535 ; 6.67972
3.32773 ; 2.4934 ; 5.7604 ; 1.9149
4.50547 ; 3.50118 ; -4.56336 ; -4.51783
6.70907 ; 6.68698 ; -7.11726 ; -6.55141
3.38604 ; 7.44663 ; 5.87088 ; -3.02772
7.4061 ; 6.62996 ; -6.96021 ; -7.04636
7.49208 ; 6.64304 ; -6.7943 ; -7.08264
4.04458 ; 3.42699 ; 7.04671 ; 7.08087
3.92571 ; 5.33413 ; 6.26736 ; -6.62992
3.91497 ; 3.2931 ; 6.93775 ; 6.99204
4.40581 ; 6.2095 ; 7.088 ; -7.06914
8.17876 ; 7.36437 ; -0.247085 ; -5.56612
3.27581 ; 7.17526 ; 3.75194 ; -6.19842
7.95848 ; 2.71983 ; -5.54885 ; 5.18534
8.22998 ; 7.65839 ; 0.196318 ; -1.59192
3.53439 ; 2.76489 ; 6.32341 ; 5.38846
3.82213 ; 2.89077 ; 7.05048 ; 5.7377
7.95082 ; 2.37416 ; 1.97074 ; 3.33387
5.34634 ; 5.07219 ; 6.52181 ; -6.3544
7.78154 ; 2.64543 ; -6.61636 ; 3.35753
4.43494 ; 3.76023 ; 7.11205 ; 7.07715
7.02761 ; 2.81568 ; -7.26385 ; 4.65487
7.71643 ; 6.67343 ; -6.07733 ; -7.15575
8.20149 ; 2.58579 ; -1.10423 ; 5.19858
8.19788 ; 7.36251 ; -2.86985 ; -5.34303
3.59705 ; 3.08169 ; 6.12331 ; 6.80632
7.4132 ; 3.21548 ; -7.01171 ; 6.7463
3.74073 ; 3.16152 ; 6.60968 ; 6.87453
7.36678 ; 3.36809 ; -6.96788 ; 7.01678
3.80133 ; 4.29086 ; 6.08408 ; 6.92092
3.22194 ; 2.61689 ; -0.171381 ; 5.4933
6.29686 ; 7.52977 ; 5.62731 ; 1.30141
3.18585 ; 2.84342 ; 0.526299 ; 6.4642
6.99247 ; 3.32845 ; 4.79114 ; 6.60244
3.30796 ; 2.59301 ; 5.21574 ; 4.37393
3.33183 ; 7.12653 ; 4.37086 ; -6.31871
3.14708 ; 7.52371 ; 4.32302 ; -0.987854
8.12736 ; 6.92688 ; -4.87218 ; 3.3312
3.49954 ; 7.06891 ; 5.72224 ; -6.29641
3.26174 ; 2.58922 ; 4.70696 ; 4.5588
4.06052 ; 3.38141 ; 7.09677 ; 7.01518
8.23459 ; 7.47018 ; -2.55614 ; -4.47948
4.13368 ; 3.46052 ; 7.12332 ; 7.06187
5.90939 ; 7.22802 ; 6.09573 ; -4.70759
3.25428 ; 2.70325 ; 4.10999 ; 5.65591
3.26261 ; 2.57017 ; 4.84671 ; 4.20806
3.75358 ; 2.71394 ; 7.02614 ; 4.5919
5.99642 ; 2.70457 ; 6.02159 ; 4.54186
4.03953 ; 3.38223 ; 7.07031 ; 7.03116
3.75883 ; 6.47333 ; 6.26881 ; -7.21091
3.7544 ; 6.81445 ; 6.57747 ; -6.84071
3.61279 ; 7.08508 ; 6.38766 ; -6.00825
3.52738 ; 3.21974 ; 5.46248 ; 7.09978
4.50105 ; 6.62844 ; -5.00822 ; -6.59423
3.41991 ; 2.78481 ; 5.58793 ; 5.80005
6.6359 ; 6.328 ; -6.84728 ; 4.64753
8.09144 ; 2.55569 ; -5.47627 ; -0.271494
3.41507 ; 2.79707 ; -1.95388 ; 6.12893
7.13723 ; 3.559 ; -7.11175 ; 7.07395
8.26522 ; 7.54412 ; -1.97678 ; -3.7106
7.92906 ; 7.38364 ; -6.06227 ; -4.04669
3.24255 ; 7.50498 ; 5.18697 ; -1.09258
6.2302 ; 4.52913 ; -6.70531 ; 6.6499
3.64278 ; 7.48004 ; -2.85976 ; -4.61876
8.25103 ; 5.81768 ; 1.11269 ; 5.37945
3.91611 ; 3.24967 ; 6.97796 ; 6.91206
3.15257 ; 7.50098 ; 4.48829 ; -0.45128
3.48535 ; 2.78457 ; 6.02395 ; 5.64876
3.84864 ; 3.17654 ; 6.89987 ; 6.8077
7.88776 ; 6.8145 ; -5.06265 ; -7.06652
7.51989 ; 3.10067 ; -6.89842 ; 6.51135
7.8777 ; 7.02092 ; -5.6745 ; -6.54934
4.03141 ; 2.65969 ; 7.03272 ; -1.81376
4.14509 ; 3.50515 ; 7.10888 ; 7.09645
3.84898 ; 3.19391 ; 6.88406 ; 6.84818
3.95683 ; 7.4471 ; 7.15261 ; 0.0531386
3.75322 ; 6.75713 ; 6.50269 ; -6.96612
8.20451 ; 2.61616 ; -1.62984 ; 5.35155
7.37617 ; 3.35605 ; -6.96088 ; 7.00518
6.1197 ; 6.64877 ; -6.72387 ; -6.42747
7.92085 ; 2.78623 ; -6.11504 ; -2.04162
3.01832 ; 2.69413 ; 0.289055 ; -2.07478
3.26499 ; 2.76001 ; 4.0647 ; 5.98442
6.99601 ; 3.73258 ; -7.09903 ; 7.08592
6.99704 ; 6.22858 ; -7.09876 ; -7.09341
3.91014 ; 6.79619 ; 6.97617 ; -6.73159
3.90852 ; 6.81572 ; 6.98718 ; -6.68039
8.24725 ; 7.486 ; -2.32361 ; -4.32706
7.66947 ; 6.97167 ; -6.62485 ; -6.45992
7.28373 ; 3.40567 ; -7.06495 ; 7.00654
4.4905 ; 5.8168 ; 6.77458 ; 5.51062
3.65853 ; 2.95908 ; 6.56868 ; 6.30138
7.95087 ; 7.27402 ; -5.59698 ; -5.28516
4.20599 ; 3.55385 ; 7.12941 ; 7.09982
3.13317 ; 2.5154 ; 2.20829 ; 4.52957
3.36349 ; 2.59579 ; 5.58089 ; 4.259
3.73885 ; 6.87013 ; 6.59176 ; -6.70882
8.2249 ; 7.40741 ; 0.963634 ; 1.55119
7.77366 ; 6.89712 ; -6.06601 ; -6.82564
7.38878 ; 3.35093 ; -6.94035 ; 7.00734
7.783 ; 7.13039 ; -6.37856 ; -5.87689
3.84888 ; 6.58832 ; 6.64394 ; -7.12637
3.26838 ; 7.21948 ; 3.77761 ; -5.98587
8.27213 ; 7.45702 ; -4.01431 ; 0.253384
3.12922 ; 2.44388 ; 0.94543 ; 3.96032
3.66381 ; 2.79725 ; 6.7621 ; 5.38417
3.11637 ; 2.47135 ; 4.16397 ; 0.542054
7.81014 ; 2.32162 ; 2.26643 ; 2.124
8.3253 ; 7.59236 ; -1.55901 ; -1.32878
3.2607 ; 6.42472 ; 4.67012 ; 4.51341
4.19792 ; 7.62394 ; -4.13295 ; -2.85733
3.11103 ; 3.39788 ; 3.60702 ; -4.03366
3.81285 ; 6.64355 ; -3.52181 ; 4.2005
7.31817 ; 3.1304 ; -7.16687 ; 6.41641
3.09926 ; 2.68428 ; 0.702914 ; 2.72702
7.2206 ; 3.05127 ; -7.241 ; 6.05173
7.77299 ; 3.7787 ; 3.04157 ; 6.95146
