7.14445 ; 4.55729 ; -6.09847 ; -5.89851
7.24579 ; 4.12441 ; -6.14028 ; 6.76574
7.53761 ; 3.28519 ; -5.91816 ; 6.24671
4.85822 ; 4.16878 ; 6.70232 ; 6.66264
5.97133 ; 5.54957 ; -6.42441 ; -6.49259
4.84286 ; 4.22239 ; 6.6908 ; 6.6601
6.88375 ; 6.04692 ; -6.7177 ; -6.74411
6.36908 ; 4.75475 ; -6.53642 ; 6.38141
8.1034 ; 3.5258 ; -1.85158 ; 6.79026
7.2509 ; 6.40537 ; -6.48203 ; -6.67027
7.46325 ; 5.21177 ; -5.50986 ; -6.42652
5.9294 ; 5.58438 ; 6.02661 ; -6.41117
3.18582 ; 2.59389 ; 3.49456 ; -1.74821
3.77759 ; 3.22875 ; -3.77655 ; 5.99943
7.91898 ; 2.40741 ; 2.64577 ; 2.43302
6.50061 ; 6.844 ; 5.49215 ; -5.33528
3.62727 ; 2.58432 ; 5.82985 ; 2.57484
7.2803 ; 6.92362 ; -6.67798 ; -5.43461
6.63258 ; 5.41698 ; -6.59452 ; -6.51573
4.45625 ; 6.95184 ; -5.0232 ; -5.2385
6.59244 ; 5.82548 ; -6.71183 ; -6.67819
4.6656 ; 5.98696 ; 6.73032 ; -6.68189
7.18059 ; 6.38635 ; -6.58236 ; -6.6606
5.74796 ; 5.92204 ; 6.18096 ; -6.43764
3.48519 ; 6.89026 ; 4.32794 ; -6.04387
8.17288 ; 3.87713 ; -0.489697 ; 6.82696
5.82917 ; 3.79256 ; -6.36021 ; 6.34532
6.04695 ; 3.98247 ; -6.50057 ; 6.48086
4.99251 ; 4.33874 ; 6.63343 ; 6.59955
6.4399 ; 3.6574 ; 5.51164 ; -4.94044
7.53996 ; 6.46865 ; -5.80096 ; -6.70923
6.73133 ; 3.1763 ; -6.86132 ; 5.41858
7.49247 ; 6.64954 ; -6.08492 ; -6.42021
7.00408 ; 5.69227 ; -6.27601 ; 5.63063
3.40577 ; 2.66033 ; 4.57455 ; 3.8053
7.07463 ; 3.63046 ; -6.64739 ; 6.6078
3.1224 ; 2.45575 ; 1.46338 ; 2.37715
3.8819 ; 3.28594 ; 6.14614 ; 6.33194
4.26258 ; 6.22842 ; 6.55543 ; -6.72721
3.07773 ; 5.28892 ; -0.88365 ; 5.97102
4.69041 ; 4.54638 ; 6.58556 ; 6.54294
4.28392 ; 6.26519 ; 6.59091 ; -6.69699
5.72807 ; 4.68535 ; 6.17682 ; 6.34346
4.37485 ; 3.14813 ; 6.89284 ; 5.57881
4.37293 ; 5.56312 ; 6.41903 ; -6.6141
3.8967 ; 3.20595 ; 6.2387 ; 6.11305
6.67111 ; 3.97083 ; -6.738 ; 6.66883
3.86251 ; 3.30191 ; 6.08288 ; 6.35533
3.27614 ; 2.47908 ; 4.00382 ; 1.34683
6.52888 ; 4.19097 ; -6.6794 ; 6.64852
3.73716 ; 3.00208 ; 5.89291 ; 5.51869
6.53866 ; 4.15425 ; -6.69005 ; 6.65253
4.28842 ; 3.56831 ; 6.72664 ; 6.59612
4.68878 ; 5.92385 ; 6.71465 ; -6.68356
5.42296 ; 3.33758 ; -5.92804 ; -4.50313
4.08981 ; 5.89437 ; 6.08984 ; -6.77484
6.86979 ; 3.97894 ; -6.66526 ; 6.7322
4.08648 ; 6.34223 ; 6.32543 ; -6.70947
6.77704 ; 3.96125 ; -6.71569 ; 6.70425
7.45713 ; 6.64706 ; -6.18409 ; -6.40533
5.23969 ; 4.19214 ; -5.88018 ; 6.41087
4.54131 ; 3.84607 ; 6.77804 ; 6.71166
4.23529 ; 6.25489 ; 6.53182 ; -6.72052
8.18477 ; 2.98441 ; -0.395785 ; 5.87807
6.31535 ; 5.52894 ; -6.591 ; -6.54119
3.32574 ; 6.66464 ; -1.855 ; -6.45993
7.40067 ; 3.18623 ; -6.3668 ; 5.89863
7.17581 ; 3.61592 ; -6.51881 ; 6.64196
3.85007 ; 3.33216 ; 6.01278 ; 6.45256
4.16971 ; 4.96486 ; 6.01667 ; -6.2182
8.15835 ; 2.93256 ; 0.697029 ; 5.69603
3.99478 ; 2.62123 ; -4.18869 ; 3.71052
7.03977 ; 3.67792 ; -6.66025 ; 6.6408
3.07957 ; 3.65237 ; -1.46041 ; -4.8006
3.64017 ; 7.32142 ; 5.74859 ; -3.12092
6.69162 ; 5.91347 ; -6.73282 ; -6.70769
7.21572 ; 3.23106 ; -6.664 ; 5.89177
7.69023 ; 3.02475 ; -5.56862 ; 5.54506
7.03052 ; 3.44292 ; -6.75985 ; 6.30122
7.11196 ; 7.00597 ; -6.85371 ; -4.97284
7.24831 ; 4.21842 ; -6.03335 ; -5.56835
7.02249 ; 6.11846 ; -6.64175 ; -6.77214
3.89988 ; 6.56017 ; 6.00933 ; -6.5335
4.29265 ; 3.66386 ; 6.69022 ; 6.69395
7.06026 ; 6.33291 ; -6.70147 ; -6.661
7.94067 ; 2.57491 ; 2.43679 ; 3.89008
7.56 ; 6.41181 ; -5.6816 ; -6.77052
8.1361 ; 7.1227 ; -2.40031 ; -5.16459
8.05504 ; 5.36055 ; -2.68071 ; -6.52678
4.69912 ; 5.8935 ; 6.70642 ; -6.68302
4.26469 ; 6.17143 ; 6.52877 ; -6.75235
3.57468 ; 2.48739 ; 4.51289 ; -0.832833
7.20504 ; 3.22897 ; -6.67566 ; 5.87185
6.48167 ; 3.92792 ; -6.72089 ; 6.59417
5.71285 ; 4.29186 ; 6.21264 ; 6.47099
6.63448 ; 5.86664 ; -6.72385 ; -6.69159
2.98786 ; 7.03207 ; 0.507966 ; 3.44374
3.83274 ; 4.03704 ; 5.51438 ; 6.84201
6.73329 ; 3.2606 ; 5.24256 ; 5.73958
6.94018 ; 6.29936 ; -6.77925 ; -6.64042
4.55211 ; 5.98326 ; 6.69433 ; -6.71578
7.14153 ; 3.68718 ; -6.53158 ; 6.69361
6.50237 ; 3.0569 ; 5.45959 ; 5.23234
7.87797 ; 5.77845 ; -4.24435 ; 5.50534
3.4787 ; 7.436 ; 5.26723 ; 1.24243
4.45368 ; 3.86227 ; 6.73243 ; 6.74957
7.99197 ; 5.82556 ; 2.40392 ; -6.65706
4.15975 ; 7.04257 ; 6.75963 ; -4.75824
7.51356 ; 7.50355 ; -6.34055 ; 0.217115
7.69838 ; 7.48791 ; -5.97565 ; 0.433435
8.13059 ; 6.89344 ; -2.88468 ; -4.78295
3.28571 ; 7.47016 ; -1.69344 ; -3.59992
7.17286 ; 6.71982 ; -6.73562 ; -6.0494
7.3717 ; 3.03814 ; -6.5039 ; 5.30479
4.53168 ; 6.69933 ; -5.13347 ; -5.81431
7.51359 ; 6.83421 ; -6.15668 ; -5.95794
6.90434 ; 3.83736 ; -6.7008 ; 6.70287
4.07547 ; 2.72683 ; 6.77335 ; 3.5301
6.91234 ; 5.07922 ; -6.33157 ; 6.17359
3.97069 ; 7.2007 ; 6.56318 ; -3.94971
7.33655 ; 6.34978 ; -6.27659 ; -6.75252
3.17407 ; 7.38226 ; 1.8209 ; -3.94762
6.5369 ; 7.59772 ; 5.39431 ; 1.40101
4.28702 ; 4.88859 ; -4.86435 ; -6.03269
3.05189 ; 7.51636 ; 1.71555 ; 0.998946
4.17354 ; 5.15445 ; 6.07499 ; 6.13388
7.00194 ; 6.51659 ; -6.80637 ; -6.39269
4.8069 ; 4.14275 ; 6.71488 ; 6.67793
4.07596 ; 4.28828 ; 6.06422 ; 6.72694
3.89834 ; 6.14195 ; 5.70873 ; -6.82788
6.9149 ; 3.84968 ; -6.68768 ; 6.71304
6.7929 ; 6.12377 ; -6.42252 ; 5.17058
4.56066 ; 5.96454 ; 6.69111 ; -6.71544
4.7 ; 6.35785 ; 6.79832 ; -6.42795
8.16394 ; 3.15333 ; 0.145528 ; 6.28804
7.46028 ; 2.43189 ; 3.9957 ; 2.50663
4.36878 ; 6.27406 ; 6.69273 ; -6.65309
7.30815 ; 6.36071 ; -6.34517 ; -6.7347
7.05863 ; 6.28119 ; -6.67927 ; -6.70575
6.56505 ; 6.04533 ; -6.75506 ; -6.65307
7.45686 ; 2.93638 ; -6.38849 ; 4.87587
6.43158 ; 5.86977 ; -6.6895 ; -6.64167
8.12366 ; 7.15884 ; -2.70801 ; -5.23414
7.35231 ; 6.28289 ; -5.94113 ; 4.93854
6.84686 ; 3.64131 ; -6.79425 ; 6.50626
7.24144 ; 4.38889 ; -6.05917 ; -5.72937
3.58449 ; 6.87789 ; -3.1379 ; -5.93899
4.14591 ; 6.62768 ; 6.59822 ; -6.26121
4.66985 ; 4.25234 ; 6.6816 ; 6.68252
4.88987 ; 4.18588 ; 6.69244 ; 6.65349
3.14568 ; 2.46336 ; 2.27522 ; 2.21995
8.08822 ; 2.65219 ; -4.20617 ; -2.15915
4.8597 ; 4.23613 ; 6.68587 ; 6.65391
5.89047 ; 4.32524 ; 5.9938 ; -5.60332
7.02204 ; 6.2944 ; -6.7214 ; -6.67947
7.02449 ; 6.59515 ; -6.81622 ; -6.25373
4.74462 ; 4.12494 ; 6.72282 ; 6.68483
7.86751 ; 2.81996 ; -4.90314 ; 4.71093
6.61352 ; 4.0352 ; -6.7243 ; 6.66603
4.03901 ; 2.9269 ; 6.67996 ; 4.8609
6.74098 ; 5.91026 ; -6.72269 ; -6.71946
3.78097 ; 4.47634 ; 5.25482 ; 6.62528
7.11291 ; 3.88179 ; -6.22844 ; -5.19864
7.62867 ; 6.72697 ; -5.67814 ; -6.3324
7.79592 ; 6.68597 ; -4.82958 ; -6.50584
5.73092 ; 6.72868 ; -6.30556 ; -5.02935
5.61718 ; 5.64035 ; 6.16935 ; 5.67867
4.0799 ; 6.27949 ; 6.27128 ; -6.75414
6.20243 ; 5.19501 ; -6.4933 ; -6.35033
5.95216 ; 4.93039 ; 5.99339 ; 6.18821
5.51106 ; 6.14308 ; 6.36389 ; -6.38781
6.6367 ; 5.86134 ; -6.72198 ; -6.69231
7.64475 ; 3.28458 ; -5.49234 ; 6.35325
8.31858 ; 2.42692 ; -0.844138 ; -0.158394
7.01201 ; 6.2363 ; -6.70373 ; -6.71854
3.1838 ; 2.51988 ; 1.65372 ; 3.08997
3.25937 ; 2.87145 ; 2.73964 ; 5.41301
4.64745 ; 5.98663 ; 6.72672 ; -6.68752
3.19212 ; 3.01079 ; 1.36816 ; 5.95252
3.85981 ; 6.57697 ; -4.12357 ; 4.53765
4.34701 ; 6.7677 ; 6.82383 ; -5.75702
4.50488 ; 4.14779 ; 6.65744 ; 6.73772
7.58977 ; 3.03845 ; -5.94718 ; 5.51259
6.81234 ; 3.85394 ; -6.74235 ; 6.67406
7.32888 ; 3.21755 ; -6.49398 ; 5.94126
3.15678 ; 5.11881 ; 1.99518 ; 5.82207
3.91783 ; 2.9491 ; 6.45571 ; 5.08783
4.35648 ; 6.45392 ; 6.7502 ; -6.45318
4.22518 ; 3.51977 ; 6.68099 ; 6.56406
7.45949 ; 3.49779 ; -5.97717 ; 6.62766
5.5979 ; 6.06873 ; 6.29855 ; -6.41647
8.1013 ; 7.08696 ; -2.71455 ; -5.53719
4.14998 ; 3.37639 ; 6.65452 ; 6.36054
7.43186 ; 3.09362 ; -6.35429 ; 5.58837
3.8292 ; 3.88342 ; 5.49317 ; -5.16351
3.17401 ; 2.77983 ; 1.14266 ; 5.07859
6.54827 ; 4.15372 ; -6.68978 ; 6.65537
6.76677 ; 4.39182 ; -6.58552 ; 6.61744
4.74098 ; 5.91947 ; 6.71761 ; -6.66941
4.65183 ; 3.89132 ; 6.78402 ; 6.69205
6.04352 ; 4.65435 ; -6.43723 ; 6.40551
4.81165 ; 5.7522 ; 6.67188 ; -6.64162
4.16046 ; 4.47507 ; 5.98591 ; -5.80435
8.18251 ; 6.86724 ; -0.290179 ; -6.26131
4.79064 ; 4.14176 ; 6.71604 ; 6.68245
4.39795 ; 3.59459 ; 6.79806 ; 6.57463
5.02695 ; 5.56271 ; 6.58777 ; -6.54525
4.2393 ; 6.32434 ; 6.57438 ; -6.66579
5.92875 ; 5.56401 ; -6.4018 ; -6.48744
3.19272 ; 5.42776 ; -1.54754 ; -6.47684
6.76357 ; 4.01307 ; -6.70179 ; 6.70951
8.35382 ; 2.78516 ; -1.26801 ; -2.85366
7.85489 ; 3.57681 ; -4.09355 ; 6.8046
7.74978 ; 2.58435 ; -5.76491 ; 2.36106
3.62734 ; 3.78379 ; 4.71605 ; 6.89057
3.1759 ; 2.99957 ; 0.308711 ; 5.9391
4.23863 ; 3.77552 ; 6.57419 ; 6.78267
4.56131 ; 5.96396 ; 6.6913 ; -6.71582
4.6658 ; 4.00464 ; 6.75308 ; 6.71531
4.17058 ; 3.44633 ; 6.6476 ; 6.48108
4.56762 ; 3.89493 ; 6.76978 ; 6.72324
8.13112 ; 6.91481 ; 1.11933 ; -6.08335
6.53679 ; 4.12778 ; -6.69703 ; 6.651
8.15798 ; 2.87521 ; -1.83198 ; 5.43696
7.37672 ; 6.76681 ; -6.4509 ; -6.05362
7.36441 ; 3.49981 ; -6.23276 ; 6.5887
7.95658 ; 3.12158 ; 2.368 ; 6.06816
3.94978 ; 6.7389 ; 6.27865 ; -6.12682
7.296 ; 3.52582 ; -6.36901 ; 6.58811
8.15575 ; 6.78123 ; -1.17727 ; -6.44532
4.87372 ; 7.62388 ; -5.47754 ; 1.22716
3.66663 ; 5.54039 ; 4.92352 ; 5.7883
3.29832 ; 7.5252 ; 4.23422 ; -0.459578
8.10157 ; 2.97916 ; 1.02711 ; 5.82346
3.27024 ; 7.31037 ; 4.11513 ; 2.19422
3.07287 ; 7.46638 ; 2.11405 ; 1.15585
4.76963 ; 5.85001 ; 6.69958 ; -6.6635
3.29612 ; 6.87316 ; -1.6058 ; -6.13563
4.14624 ; 6.93641 ; -4.47917 ; -5.52002
4.29579 ; 3.7821 ; 6.63893 ; 6.76809
6.33445 ; 4.3545 ; -6.60812 ; 6.57305
4.75176 ; 5.81036 ; 6.68778 ; -6.66301
6.82778 ; 6.03115 ; -6.73713 ; -6.73534
6.19764 ; 7.52754 ; -6.57622 ; 1.17859
4.92203 ; 3.16994 ; -5.50108 ; 5.51593
4.14743 ; 6.3583 ; 6.45313 ; -6.67209
6.71769 ; 7.29961 ; -6.71107 ; 2.66856
4.50021 ; 6.15349 ; 6.73266 ; -6.6814
6.34105 ; 4.37805 ; -6.60469 ; 6.56857
3.31195 ; 5.75586 ; 2.31958 ; -6.72832
8.13599 ; 7.31938 ; -2.91979 ; -4.26403
3.54774 ; 7.23038 ; -2.84405 ; -4.86228
4.44145 ; 6.26971 ; 6.74301 ; -6.62445
5.54068 ; 7.08243 ; 6.3568 ; -4.21765
5.26416 ; 7.1467 ; -5.91553 ; -4.20605
6.53407 ; 6.41431 ; -6.79324 ; -6.33904
4.87723 ; 5.70551 ; 6.6532 ; -6.61736
3.1165 ; 4.18755 ; 1.55663 ; -5.46355
3.52669 ; 7.48509 ; 5.44808 ; -1.13767
4.28635 ; 4.92193 ; 6.24309 ; 6.31355
7.74157 ; 6.5551 ; -4.99965 ; -6.68201
8.21933 ; 6.35607 ; -1.4705 ; -5.50285
6.94784 ; 3.81224 ; -6.6791 ; 6.70586
4.44464 ; 6.29982 ; 6.75483 ; -6.59506
6.75396 ; 6.04252 ; -6.76187 ; -6.71094
7.58873 ; 6.63478 ; -5.75281 ; -6.49932
7.61202 ; 6.53645 ; -5.56378 ; -6.65996
6.51503 ; 4.17557 ; -6.68362 ; 6.64525
5.02941 ; 4.41283 ; 6.60698 ; 6.56757
4.33256 ; 3.2377 ; 6.85947 ; 5.89529
8.17684 ; 2.57251 ; -2.24868 ; 3.44775
3.75499 ; 2.49784 ; -3.64809 ; 3.03987
4.7046 ; 5.89111 ; 6.70717 ; -6.68156
6.63228 ; 4.11987 ; -6.69716 ; 6.67837
6.94149 ; 6.89196 ; 4.94798 ; -5.39362
3.80205 ; 6.66382 ; 5.7607 ; -6.4028
4.29456 ; 3.13574 ; -4.76401 ; 5.5328
6.09683 ; 2.52686 ; -6.46378 ; -1.85804
4.17335 ; 4.97855 ; 6.07137 ; 6.27422
6.90543 ; 2.6802 ; -6.89781 ; 2.74371
7.67176 ; 6.61811 ; -5.40184 ; -6.55519
5.05667 ; 4.4071 ; 6.59884 ; 6.56477
4.22564 ; 3.70805 ; 6.59011 ; 6.75151
5.77357 ; 5.10264 ; -6.26061 ; -6.25137
7.11016 ; 3.53415 ; -6.65606 ; 6.49879
3.33068 ; 2.80332 ; 3.68686 ; 4.95013
7.44729 ; 3.34929 ; -6.13297 ; 6.36962
5.76265 ; 6.5723 ; 6.18391 ; -5.81356
4.85449 ; 4.48304 ; 6.62912 ; 6.56112
3.55717 ; 7.41535 ; 5.56464 ; 1.31079
7.94232 ; 6.6966 ; -4.85436 ; 2.43839
5.39508 ; 3.28418 ; 6.48679 ; 5.62455
6.40623 ; 4.35004 ; -6.62567 ; 6.58889
6.3568 ; 4.34088 ; -6.61663 ; 6.58121
4.70747 ; 4.02994 ; 6.74871 ; 6.70491
7.03938 ; 6.36127 ; -6.73161 ; -6.62372
3.38481 ; 3.09045 ; -2.2731 ; 5.97144
4.84564 ; 4.20254 ; 6.6956 ; 6.66228
6.7483 ; 6.10598 ; -6.77953 ; -6.68961
6.49563 ; 4.48159 ; 5.49686 ; -5.75157
6.30707 ; 5.57344 ; -6.59667 ; -6.55676
4.28558 ; 6.35425 ; 6.6482 ; -6.61408
3.90719 ; 3.1282 ; 6.40107 ; 4.67928
3.99694 ; 3.60392 ; 5.82514 ; -4.79502
6.78216 ; 3.97155 ; -6.70961 ; 6.70861
7.01352 ; 7.4871 ; -6.8228 ; 0.865898
7.07887 ; 3.59467 ; -6.66079 ; 6.56726
4.76973 ; 5.77695 ; 6.67847 ; -6.6554
7.87977 ; 3.42034 ; -4.06458 ; 6.67495
7.10678 ; 6.8464 ; -6.82641 ; -5.60454
4.30896 ; 5.87882 ; 6.45799 ; -6.74746
4.53953 ; 3.66661 ; 6.81804 ; 6.59475
6.48622 ; 6.32845 ; -6.7672 ; -6.43463
7.78213 ; 4.35005 ; 3.45695 ; 6.41303
4.03353 ; 6.20727 ; 6.1397 ; -6.78717
3.3452 ; 2.68434 ; 3.95622 ; 4.13843
5.9665 ; 4.86886 ; -6.33948 ; -6.11114
6.70537 ; 4.61039 ; -6.54876 ; 6.49499
4.91969 ; 6.50864 ; 6.47024 ; 4.68275
8.04573 ; 7.08243 ; -3.49725 ; -5.49684
6.39059 ; 4.38101 ; 5.59016 ; -5.67303
6.46856 ; 5.70387 ; -6.66676 ; -6.62752
4.78509 ; 5.83064 ; 6.69404 ; -6.65876
4.24693 ; 6.49612 ; 6.66851 ; -6.44595
6.49687 ; 4.24918 ; -6.66251 ; 6.632
3.20616 ; 3.61774 ; 1.10811 ; 6.85021
5.02439 ; 7.29988 ; 6.56636 ; 2.76232
3.77932 ; 6.24272 ; 5.33777 ; -6.82947
4.04772 ; 3.69387 ; 6.3198 ; 6.75347
3.57149 ; 5.39579 ; 4.11224 ; -6.5349
4.51473 ; 6.07249 ; 6.71052 ; -6.70967
6.92673 ; 3.68039 ; -6.74969 ; 6.58773
4.48588 ; 3.89881 ; 6.73623 ; 6.7511
5.08062 ; 6.8446 ; 6.66983 ; -5.1638
3.33875 ; 5.57519 ; 3.44297 ; 5.73483
5.75826 ; 6.50942 ; 6.18015 ; -5.978
7.72824 ; 4.47514 ; 3.62499 ; 6.4348
3.89093 ; 4.76416 ; 5.39707 ; -6.05859
6.68673 ; 4.01462 ; -6.72156 ; 6.68651
4.59413 ; 3.91757 ; 6.7693 ; 6.72132
8.2392 ; 7.5386 ; -0.0611584 ; -2.77386
7.38248 ; 3.67474 ; -6.06724 ; 6.76109
6.97839 ; 3.75558 ; -6.68118 ; 6.67963
3.18616 ; 7.25641 ; 0.32835 ; -4.88845
7.32581 ; 2.52891 ; -6.68891 ; 0.534818
8.02267 ; 3.04797 ; -4.35202 ; -3.63885
5.48238 ; 6.50855 ; -6.11092 ; -5.97089
4.5285 ; 3.929 ; 6.74469 ; 6.74556
4.66757 ; 4.09005 ; 6.72756 ; 6.71651
7.40747 ; 6.34263 ; -6.10152 ; -6.77827
4.97092 ; 5.63068 ; 6.61739 ; -6.57818
6.43718 ; 5.68127 ; -6.65537 ; -6.61536
6.59593 ; 3.1944 ; -6.5339 ; -4.17996
3.01257 ; 2.59734 ; 0.257243 ; -2.07907
3.9157 ; 6.8516 ; 6.08771 ; 3.93671
8.16784 ; 6.78534 ; -1.04502 ; -6.43782
7.037 ; 3.679 ; -6.66376 ; 6.64022
6.97243 ; 6.5275 ; -6.82583 ; -6.36014
6.92398 ; 3.80805 ; -6.69982 ; 6.69366
7.5524 ; 4.34171 ; -5.343 ; -5.69475
8.13809 ; 3.47333 ; -1.31174 ; 6.73004
3.01273 ; 3.22373 ; -0.599619 ; -4.07197
3.70725 ; 7.32238 ; 5.98312 ; -3.28057
7.2709 ; 3.45969 ; -6.4589 ; 6.47672
4.21288 ; 6.40604 ; 6.58345 ; -6.59108
7.10174 ; 4.14956 ; -6.37124 ; 6.74458
4.30275 ; 3.3777 ; 6.80675 ; 6.26632
4.49171 ; 3.80882 ; 6.77207 ; 6.71213
3.70384 ; 7.07126 ; 5.75525 ; -5.06889
4.44107 ; 3.67995 ; 6.79162 ; 6.64451
4.41742 ; 6.11033 ; 6.66223 ; -6.72824
4.80297 ; 4.11472 ; 6.72239 ; 6.6797
5.62121 ; 6.21331 ; 6.28615 ; -6.31347
5.17934 ; 3.49218 ; -5.73539 ; -4.73267
7.97948 ; 7.33577 ; 2.58511 ; 2.66801
3.26499 ; 3.28587 ; 2.25992 ; 6.58158
3.85743 ; 7.16085 ; 6.30997 ; -4.36132
6.44907 ; 4.23262 ; -6.66067 ; 6.62298
3.79767 ; 3.6391 ; 5.60731 ; 6.82673
3.00088 ; 6.48694 ; 0.593752 ; 4.57983
4.13661 ; 6.28454 ; 6.38926 ; -6.73449
4.48809 ; 5.51336 ; 6.49938 ; -6.58036
3.78004 ; 2.57265 ; 6.30422 ; 2.16055
4.52112 ; 4.62422 ; 6.51653 ; 6.50939
3.68965 ; 3.24482 ; 5.4736 ; 6.35062
7.07348 ; 6.36496 ; -6.70207 ; -6.63443
6.82138 ; 3.85237 ; -6.73865 ; 6.67721
6.90615 ; 6.182 ; -6.7561 ; -6.70981
5.64054 ; 6.11452 ; 6.26883 ; -6.38304
6.57218 ; 3.11308 ; -6.82075 ; 5.0928
7.11506 ; 6.57551 ; -6.74346 ; -6.3453
4.38223 ; 6.09595 ; 6.62394 ; -6.74281
7.83515 ; 3.20515 ; -4.58946 ; 6.27826
3.26429 ; 6.83978 ; -1.40438 ; -6.22065
3.47756 ; 2.95858 ; 4.62249 ; 5.58245
7.26012 ; 6.44936 ; -6.49208 ; -6.62204
7.83455 ; 3.18974 ; 3.41364 ; -4.13941
8.18223 ; 3.85484 ; 0.0395914 ; 6.81335
6.33852 ; 5.68401 ; -6.62695 ; -6.59607
6.43131 ; 5.94956 ; -6.70163 ; -6.63589
4.57479 ; 3.85316 ; 6.78507 ; 6.70279
4.39809 ; 6.04328 ; 6.61669 ; -6.7484
8.05309 ; 7.39788 ; -4.05078 ; -3.34078
3.87774 ; 5.52174 ; 5.55096 ; -6.56498
3.25691 ; 6.38176 ; 1.60884 ; -6.82187
3.86015 ; 2.68311 ; 6.44919 ; 3.33677
7.19337 ; 3.43685 ; -6.59858 ; 6.38754
4.73215 ; 5.89505 ; 6.71103 ; -6.67359
3.51548 ; 2.72146 ; 5.17302 ; 4.12758
4.27587 ; 6.27472 ; 6.59852 ; -6.68896
5.40074 ; 3.78313 ; -6.01572 ; 6.32112
6.44779 ; 6.73527 ; -6.51053 ; 4.29529
3.95546 ; 3.42951 ; 6.22658 ; 6.57136
6.64396 ; 3.93975 ; -6.74689 ; 6.64946
7.88652 ; 2.79196 ; -4.83689 ; 4.55706
6.79472 ; 6.03892 ; -6.75276 ; -6.71262
7.37252 ; 6.49213 ; -6.28944 ; -6.6193
7.45656 ; 5.88731 ; -5.61595 ; 5.421
6.51005 ; 4.19203 ; -6.6786 ; 6.64349
4.47269 ; 3.82227 ; 6.75789 ; 6.72644
7.78242 ; 3.3432 ; -4.78094 ; 6.52436
3.79103 ; 3.25 ; 5.98613 ; 5.69099
5.00759 ; 4.10114 ; 6.41363 ; -5.44317
7.5651 ; 2.5843 ; -6.23299 ; -1.46842
8.04777 ; 7.45237 ; -4.15946 ; -2.66662
6.90608 ; 3.72797 ; -6.74431 ; 6.62298
3.82986 ; 3.00706 ; 6.19899 ; 5.4471
3.25289 ; 6.70691 ; 1.40548 ; -6.53992
3.78199 ; 2.84284 ; 6.16814 ; 4.61859
7.64896 ; 6.35875 ; -5.28856 ; -6.82553
6.74938 ; 5.85967 ; -6.7045 ; -6.71643
4.22932 ; 5.57569 ; 6.2209 ; -6.62963
4.19674 ; 5.47729 ; 6.13767 ; -6.57542
7.9935 ; 6.3442 ; 2.30116 ; -6.67129
6.85719 ; 3.7826 ; -6.74961 ; 6.6466
3.39598 ; 6.29383 ; 4.14648 ; 4.90353
8.07444 ; 7.06879 ; -3.09781 ; -5.59152
3.98155 ; 6.36279 ; 6.0935 ; -6.72759
6.6635 ; 4.00033 ; -6.73052 ; 6.675
6.97712 ; 5.88439 ; -6.58707 ; -6.75914
3.17644 ; 4.2125 ; -1.10618 ; 6.69775
3.78034 ; 4.40183 ; 5.18609 ; -5.72578
3.63948 ; 4.10299 ; 4.64999 ; 6.82953
7.1614 ; 6.4076 ; -6.6218 ; -6.62682
3.00363 ; 6.48041 ; 0.763911 ; 4.59526
4.17839 ; 6.44837 ; 6.54767 ; -6.55545
6.66833 ; 3.99498 ; -6.73112 ; 6.67491
4.29317 ; 3.5716 ; 6.73074 ; 6.59787
7.54818 ; 6.55375 ; -5.83306 ; -6.61086
6.8527 ; 6.128 ; -6.76151 ; -6.71587
8.27788 ; 2.36687 ; 0.192775 ; 0.71845
5.05728 ; 3.55541 ; 6.69127 ; 6.25028
4.205 ; 5.37338 ; 6.24756 ; 5.90307
4.12076 ; 3.30464 ; 6.64755 ; 6.21601
7.26421 ; 6.22435 ; -6.3531 ; -6.80095
7.52084 ; 2.59353 ; -3.47044 ; 3.2762
7.13639 ; 6.2424 ; -6.56955 ; -6.75784
4.76804 ; 5.92758 ; 6.71851 ; -6.66143
5.66571 ; 7.41731 ; -6.1794 ; 2.44064
3.3633 ; 3.17317 ; -2.21474 ; 6.17228
6.63891 ; 4.0587 ; -6.71546 ; 6.67839
6.99827 ; 3.72771 ; -6.67682 ; 6.66601
4.30368 ; 3.80124 ; 6.63912 ; 6.77409
7.66293 ; 3.40728 ; -5.31387 ; 6.58365
8.33156 ; 7.35298 ; -0.0797465 ; 1.51782
6.36963 ; 6.42466 ; -6.71193 ; -6.30241
3.1849 ; 4.0497 ; -0.303128 ; 6.77794
4.96868 ; 6.87605 ; 6.56042 ; -5.38995
6.60712 ; 3.96682 ; -6.73975 ; 6.64706
7.57467 ; 6.38308 ; -5.60164 ; -6.79569
6.4581 ; 4.27447 ; -6.65183 ; 6.61853
6.77938 ; 5.90994 ; -6.71173 ; -6.72816
7.912 ; 3.50425 ; -3.75482 ; 6.76305
7.9706 ; 4.8085 ; 2.93195 ; 6.2667
7.65037 ; 2.84329 ; -5.96937 ; -2.30107
4.69121 ; 7.23459 ; 6.859 ; -3.3215
6.29408 ; 4.3913 ; -6.58825 ; 6.55514
4.06376 ; 2.69461 ; 6.76579 ; 3.25838
6.99436 ; 6.21915 ; -6.71166 ; -6.72284
6.81692 ; 5.99869 ; -6.72966 ; -6.73692
4.62409 ; 5.9394 ; 6.70556 ; -6.70083
3.84359 ; 3.95747 ; 5.50189 ; -5.25323
5.63645 ; 6.00106 ; -6.22147 ; -6.43971
7.33192 ; 6.66911 ; -6.48572 ; -6.2755
3.72665 ; 2.70798 ; 6.08589 ; 3.71631
7.4176 ; 5.77642 ; -5.69959 ; 5.53464
6.99527 ; 6.52008 ; -6.8132 ; -6.38312
5.86245 ; 5.98075 ; 6.09267 ; -6.41467
4.09691 ; 4.68698 ; 2.67904 ; -5.95738
6.98803 ; 6.00397 ; -6.62493 ; -6.77587
7.8494 ; 2.63906 ; -5.3948 ; -1.90341
7.95889 ; 5.0996 ; 2.99506 ; 6.05749
7.4464 ; 3.39211 ; -6.12902 ; 6.363
6.72196 ; 6.04556 ; -6.76719 ; -6.70042
4.68001 ; 5.87577 ; 6.69765 ; -6.68773
3.59 ; 5.60358 ; 4.79136 ; 5.67625
3.64763 ; 2.82783 ; -3.34154 ; 4.97336
6.33327 ; 3.38753 ; -6.6984 ; 5.84795
4.56619 ; 6.10893 ; 6.74341 ; -6.67895
3.69009 ; 6.90995 ; 5.53196 ; -5.80477
3.59725 ; 7.20174 ; 5.43703 ; -4.25417
4.49617 ; 3.86792 ; 6.75246 ; 6.73783
7.10389 ; 3.56025 ; -6.60057 ; 6.54625
6.34026 ; 5.60023 ; -6.61246 ; -6.57202
3.72863 ; 3.22435 ; 5.66372 ; 6.27819
7.35911 ; 5.33224 ; -5.89825 ; -6.47488
6.66528 ; 5.90643 ; -6.73381 ; -6.70071
4.56963 ; 6.17915 ; 6.76497 ; -6.63893
3.45216 ; 3.08337 ; 4.30266 ; 6.06151
4.44327 ; 5.88017 ; 6.59081 ; -6.7309
3.25404 ; 3.61158 ; -1.10343 ; 6.75629
4.45221 ; 6.09636 ; 6.68222 ; -6.72254
7.0732 ; 3.65373 ; -6.63563 ; 6.63312
3.98752 ; 3.71382 ; 6.15395 ; 6.81212
4.83047 ; 4.17244 ; 6.7047 ; 6.66962
3.89428 ; 6.29825 ; 5.79335 ; -6.78983
4.08033 ; 3.69696 ; 6.35899 ; 6.78929
6.61901 ; 4.13888 ; -6.69296 ; 6.67437
6.8476 ; 2.33579 ; 5.04628 ; 0.581056
7.32625 ; 5.71099 ; -5.97848 ; -6.72786
4.46691 ; 7.34064 ; -4.99549 ; 2.90535
3.66872 ; 2.66086 ; 5.92313 ; 3.36693
5.9449 ; 4.92736 ; 5.99876 ; 6.1896
4.17304 ; 3.23392 ; -4.5824 ; 5.80138
6.05277 ; 3.2597 ; -6.53175 ; 5.42232
4.52357 ; 4.27938 ; 6.62128 ; 6.6919
7.2392 ; 4.83276 ; -5.99084 ; 6.36091
4.1083 ; 6.69803 ; 6.57291 ; -6.12066
4.06576 ; 5.16169 ; 5.92225 ; 6.12532
3.55396 ; 2.6794 ; 5.31084 ; 3.75025
8.13527 ; 7.14117 ; -2.41563 ; -5.34216
3.57076 ; 2.86213 ; 5.21812 ; 5.01389
6.7055 ; 5.94644 ; -6.74083 ; -6.70967
3.24123 ; 2.6548 ; 2.8906 ; 4.12777
4.25232 ; 6.94888 ; 6.80761 ; -5.14387
7.59891 ; 6.73061 ; -5.76935 ; -6.30017
7.88659 ; 6.73618 ; -4.33875 ; -6.45244
4.54104 ; 6.19019 ; 6.76019 ; -6.6431
3.36433 ; 2.98969 ; -2.15926 ; 5.73676
3.2174 ; 7.01261 ; 1.61991 ; -5.85004
3.48773 ; 2.82193 ; 4.87324 ; 4.87356
7.34613 ; 6.49448 ; -6.34122 ; -6.60452
3.41064 ; 3.706 ; 3.51939 ; 6.88965
5.26824 ; 6.22454 ; 6.53129 ; -6.38022
8.13643 ; 2.85878 ; 0.9199 ; 5.42127
7.73236 ; 2.92163 ; -5.46542 ; 5.10712
6.42237 ; 4.24062 ; -6.65387 ; 6.61524
3.41469 ; 7.11037 ; 4.15494 ; -5.20335
3.71172 ; 6.83734 ; 5.56004 ; -6.0282
6.9783 ; 3.63422 ; -6.73385 ; 6.56173
7.384 ; 7.49066 ; 4.16997 ; -2.93633
4.53391 ; 3.49685 ; 6.85427 ; 6.37704
8.29368 ; 4.45108 ; -0.851379 ; -5.76296
3.32462 ; 3.3185 ; 2.99579 ; 6.61577
3.17049 ; 2.97671 ; 3.14777 ; -2.33207
7.22362 ; 6.35778 ; -6.50134 ; -6.70659
7.70588 ; 3.11674 ; -5.39371 ; 5.92961
6.91316 ; 4.29694 ; -6.52162 ; 6.67274
4.42313 ; 4.2151 ; 6.57732 ; 6.72808
6.5401 ; 4.14492 ; -6.69268 ; 6.65244
6.47612 ; 4.19375 ; -6.67459 ; 6.63363
4.70385 ; 5.95882 ; 6.72643 ; -6.67526
4.60696 ; 5.94847 ; 6.70314 ; -6.70461
6.91317 ; 5.97825 ; -6.67231 ; -6.76037
7.09508 ; 6.86854 ; -6.83885 ; -5.51624
4.97759 ; 3.77829 ; 6.71548 ; 6.51824
4.76606 ; 7.41775 ; 6.71007 ; 1.9569
8.01562 ; 6.88586 ; 2.11839 ; -6.04885
7.30282 ; 3.22524 ; -6.53024 ; 5.9499
5.06614 ; 5.53126 ; 6.56943 ; -6.5269
3.21397 ; 3.00113 ; 1.68572 ; 5.94588
7.89855 ; 5.68351 ; 3.30597 ; 5.55972
8.23156 ; 4.74075 ; -1.44789 ; -6.03905
7.5365 ; 6.84039 ; -6.0912 ; -5.95495
7.01484 ; 3.96144 ; -6.55582 ; 6.76154
4.52849 ; 3.50716 ; 6.8568 ; 6.39187
7.04965 ; 6.28763 ; -6.69187 ; -6.69663
4.68647 ; 5.51052 ; 6.5956 ; -6.56313
4.48027 ; 5.68096 ; 6.55171 ; -6.66297
6.52287 ; 4.12308 ; -6.69729 ; 6.64694
4.59594 ; 6.04455 ; 6.73245 ; -6.69143
7.88913 ; 7.66612 ; 2.78016 ; -1.2361
4.80541 ; 3.76206 ; 6.78369 ; 6.56678
7.10406 ; 3.46141 ; 4.73015 ; 6.18842
6.99835 ; 6.43041 ; -6.78653 ; -6.52173
7.19646 ; 4.59196 ; -6.07909 ; 6.52903
7.65628 ; 7.1067 ; -5.89983 ; -4.92102
5.06959 ; 7.54073 ; -2.92109 ; -2.44708
3.5021 ; 2.58581 ; 5.27088 ; 2.84887
4.916 ; 5.51689 ; -5.58458 ; -6.35472
8.0191 ; 6.92487 ; -3.50659 ; -6.05905
6.77247 ; 5.77623 ; -6.66985 ; -6.70139
4.90015 ; 4.23711 ; 6.67905 ; 6.64402
3.81039 ; 6.24259 ; 5.47856 ; -6.82089
4.69774 ; 5.89782 ; 6.7076 ; -6.68262
6.77936 ; 3.85461 ; -6.75349 ; 6.65974
8.00499 ; 6.73681 ; -3.38748 ; -6.49947
4.65694 ; 5.94931 ; 6.71689 ; -6.6907
8.02639 ; 6.40262 ; 2.11989 ; -6.65945
7.75706 ; 3.29907 ; -4.93572 ; 6.44263
7.60029 ; 3.07216 ; -5.87515 ; 5.66708
4.05698 ; 5.68043 ; 5.92508 ; -6.69231
4.47422 ; 7.08741 ; -5.04103 ; -4.80185
3.97477 ; 3.30517 ; 6.3764 ; 6.31772
7.99437 ; 5.84725 ; 2.26488 ; -6.67552
5.03878 ; 5.57905 ; 6.58732 ; -6.54882
5.76429 ; 2.44756 ; 6.12836 ; -1.55631
6.38551 ; 5.64674 ; -6.63505 ; -6.59541
6.23142 ; 5.49336 ; -6.55445 ; -6.51329
4.44642 ; 3.90579 ; 6.71151 ; 6.76383
7.08022 ; 6.27045 ; -6.65087 ; -6.72199
4.61501 ; 6.11095 ; 6.75633 ; -6.66152
8.2654 ; 4.74283 ; -0.903249 ; -6.03552
4.6963 ; 3.43777 ; 6.85283 ; 6.18395
7.6477 ; 3.02609 ; -5.74285 ; 5.52112
3.99681 ; 3.24826 ; 6.46069 ; 6.15741
3.68849 ; 7.13218 ; 5.74 ; -4.75765
7.18833 ; 3.2275 ; -6.69925 ; 5.85401
8.20959 ; 4.36386 ; 0.804736 ; 6.60868
6.97808 ; 6.23128 ; -6.73042 ; -6.7083
4.59228 ; 3.88648 ; 6.77889 ; 6.71091
3.0623 ; 6.83187 ; 2.07359 ; 3.90254
6.55232 ; 5.83911 ; -6.71173 ; -6.66978
6.7112 ; 4.42533 ; -6.59646 ; 6.59686
7.32111 ; 2.94053 ; -6.60025 ; 4.8097
4.634 ; 7.35873 ; -5.21742 ; -3.30694
7.58286 ; 7.35954 ; -6.27431 ; -2.93493
6.88377 ; 3.80353 ; -6.72776 ; 6.67368
4.55782 ; 4.21239 ; 6.37496 ; -5.55352
6.87591 ; 6.17519 ; -6.76829 ; -6.70193
7.12081 ; 3.4824 ; -6.6651 ; 6.42565
8.24324 ; 6.89061 ; -2.71951 ; 3.46904
3.52629 ; 2.54646 ; 5.4607 ; -1.24768
4.91021 ; 5.7127 ; 6.64932 ; -6.61231
4.63847 ; 5.97824 ; 6.7218 ; -6.69202
4.95976 ; 4.31669 ; 6.64731 ; 6.61261
4.33397 ; 3.6506 ; 6.7344 ; 6.66461
8.23072 ; 5.24266 ; -0.846811 ; -6.42324
7.66566 ; 6.8053 ; -5.57853 ; 3.95538
8.07386 ; 6.45007 ; -2.18224 ; -6.81479
3.67153 ; 7.15374 ; 5.74816 ; 2.95675
3.9882 ; 3.17407 ; 6.48573 ; 5.94014
4.7206 ; 5.83744 ; 6.69237 ; -6.67521
6.37878 ; 4.30584 ; -6.62986 ; 6.59386
6.84158 ; 2.60583 ; -6.56573 ; 2.51353
4.27455 ; 3.54679 ; 6.72245 ; 6.57411
4.32569 ; 3.4955 ; 6.78309 ; 6.47517
4.22563 ; 5.38746 ; -4.77749 ; -6.31244
3.69015 ; 2.69168 ; -3.44457 ; 4.32735
6.98781 ; 4.68151 ; 4.94782 ; 6.28706
7.52081 ; 4.656 ; -5.36482 ; -5.98634
3.62593 ; 3.08924 ; -3.22947 ; 5.83796
4.6136 ; 6.18053 ; 6.77271 ; -6.62256
6.63409 ; 6.57313 ; 5.35178 ; -5.93747
3.14843 ; 7.4858 ; -0.101853 ; -3.36549
6.32379 ; 4.38293 ; -6.59922 ; 6.56366
4.56321 ; 5.30973 ; 6.49967 ; -6.45257
4.44834 ; 2.60844 ; 6.76084 ; -2.10498
3.80175 ; 3.18231 ; 5.97347 ; 6.11458
6.53656 ; 5.78616 ; -6.69713 ; -6.65991
4.40549 ; 6.21845 ; 6.69894 ; -6.67929
5.97431 ; 7.06494 ; -6.49655 ; -4.35903
3.86612 ; 6.65625 ; 5.97814 ; -6.38026
7.4984 ; 6.91715 ; -6.25044 ; -5.64886
6.0818 ; 3.85608 ; -6.52907 ; 6.44425
8.37919 ; 3.11433 ; -0.733163 ; -3.79703
8.33783 ; 6.03187 ; 0.548084 ; 5.19747
6.38944 ; 4.39983 ; -6.61185 ; 6.56961
7.87784 ; 2.3482 ; 2.7902 ; 1.55892
7.11667 ; 3.24531 ; -6.76279 ; 5.85193
6.67941 ; 5.83303 ; -6.71044 ; -6.69838
8.34189 ; 7.5253 ; -0.352664 ; 1.16503
7.89315 ; 5.13807 ; -3.81638 ; -6.37457
4.38306 ; 6.30297 ; 6.71573 ; -6.62041
7.82996 ; 5.17049 ; -4.12884 ; 6.10214
7.93715 ; 5.51615 ; -3.7769 ; -6.55158
4.67766 ; 4.00249 ; 6.75525 ; 6.71103
3.69236 ; 4.21956 ; 5.04693 ; -5.5161
4.16387 ; 2.81456 ; 6.84033 ; 4.08627
7.58917 ; 6.50535 ; -5.64403 ; -6.68946
4.53761 ; 5.8241 ; 6.63291 ; -6.7055
7.0373 ; 6.77632 ; -6.47988 ; 4.13166
7.24452 ; 3.24877 ; -6.61688 ; 5.97188
7.59289 ; 7.57031 ; 1.7157 ; 0.955272
8.26078 ; 7.54038 ; -0.551983 ; -2.50614
4.13012 ; 6.34063 ; 6.41055 ; -6.69538
4.15975 ; 3.60045 ; 6.55213 ; 6.68975
3.36898 ; 7.18626 ; 0.328565 ; -5.15363
7.30762 ; 6.22245 ; -6.26133 ; -6.8117
4.84376 ; 4.19557 ; -5.49957 ; 6.41277
6.12984 ; 6.24333 ; -6.57637 ; -6.40118
8.01533 ; 2.62433 ; -4.23922 ; 3.41177
4.59156 ; 6.1119 ; 6.75136 ; -6.66896
7.67004 ; 3.22165 ; -5.45129 ; 6.21587
6.51188 ; 3.97548 ; -6.72232 ; 6.61989
6.83851 ; 3.72685 ; -6.7746 ; 6.59145
4.61619 ; 4.21993 ; 6.67798 ; 6.70055
5.87054 ; 6.04243 ; 6.08801 ; -6.38453
4.62837 ; 5.89523 ; 6.69178 ; -6.70034
6.39569 ; 4.30762 ; -6.63293 ; 6.59731
4.80126 ; 5.7616 ; 6.67452 ; -6.64553
7.94451 ; 6.2052 ; -3.95896 ; 5.00987
6.90205 ; 4.99539 ; 5.07406 ; -6.10172
4.08719 ; 6.20382 ; 6.09099 ; 5.06323
4.38768 ; 3.74817 ; 6.73607 ; 6.71781
6.76861 ; 3.87868 ; -6.74828 ; 6.66902
5.34072 ; 7.14236 ; 6.50235 ; -3.89276
5.03233 ; 2.97911 ; 6.7289 ; 4.61074
6.63771 ; 4.04397 ; -6.72018 ; 6.67561
6.39593 ; 4.31587 ; -6.63103 ; 6.59595
7.12053 ; 3.77968 ; -6.51119 ; 6.74418
7.03441 ; 6.19193 ; -6.66272 ; -6.75072
4.07768 ; 6.88497 ; 6.59815 ; -5.56169
3.43452 ; 2.81554 ; 4.53922 ; 4.84218
7.40957 ; 7.26405 ; -6.59456 ; -3.60053
5.41655 ; 5.43589 ; -5.97324 ; 5.74416
6.34563 ; 5.92384 ; -6.6648 ; -6.61652
7.20775 ; 5.93879 ; -6.07607 ; 5.37077
6.67658 ; 5.93319 ; -6.74064 ; -6.70262
4.35288 ; 6.3829 ; 6.72379 ; -6.5487
3.44987 ; 7.05745 ; 4.33493 ; -5.45335
4.06358 ; 6.55228 ; 6.41427 ; -6.45848
4.2244 ; 3.33878 ; 6.75612 ; 6.22871
7.03145 ; 5.98168 ; -6.57407 ; -6.78269
7.78876 ; 3.22787 ; 3.5481 ; -4.21371
4.84746 ; 6.35174 ; -5.51299 ; -6.20835
4.47168 ; 3.58209 ; 6.83112 ; 6.52342
8.07031 ; 3.07368 ; -2.75863 ; 6.07171
3.59106 ; 3.36928 ; 5.08825 ; -4.35513
4.76285 ; 5.85202 ; 6.69954 ; -6.66542
6.84917 ; 4.34881 ; -6.5516 ; 6.64467
4.46468 ; 4.04298 ; 6.67197 ; 6.76393
4.01569 ; 7.02875 ; 6.57079 ; -4.95769
6.632 ; 6.30805 ; -6.80755 ; -6.36185
3.8223 ; 6.91096 ; 6.04204 ; -5.65101
4.45911 ; 6.10105 ; 6.68974 ; -6.71821
3.9308 ; 3.35454 ; 6.23635 ; 6.44322
4.61848 ; 6.32606 ; 6.46029 ; 4.92832
6.65925 ; 4.00926 ; -6.72831 ; 6.67624
7.207 ; 6.55848 ; -6.63137 ; -6.42993
3.37384 ; 6.88134 ; 3.32552 ; -6.14468
6.3654 ; 5.76769 ; -6.65043 ; -6.61845
4.54184 ; 6.76739 ; 6.86462 ; -5.63553
5.43746 ; 3.65166 ; 6.44507 ; 6.26233
3.57277 ; 6.44382 ; 5.10986 ; 4.55383
6.18512 ; 7.36379 ; -6.63237 ; -2.55761
4.05348 ; 6.82679 ; 6.54538 ; -5.76357
5.07714 ; 4.80466 ; 6.44862 ; -6.06965
3.14975 ; 3.79356 ; 2.28333 ; -5.00719
3.83246 ; 6.47869 ; 5.71792 ; -6.67134
3.20035 ; 5.25574 ; 1.49715 ; -6.41196
5.69214 ; 3.69829 ; -6.26156 ; 6.23103
6.34443 ; 4.36029 ; -6.60926 ; 6.57389
3.79278 ; 7.14575 ; 6.10986 ; -4.56003
6.547 ; 3.86281 ; -6.74725 ; 6.57473
6.93819 ; 6.1136 ; -6.70931 ; -6.74897
4.11379 ; 2.8125 ; 6.7968 ; 4.12238
6.88803 ; 3.74925 ; -6.74641 ; 6.63375
4.2022 ; 4.3593 ; 6.27281 ; 6.68037
3.27044 ; 2.79959 ; -1.48499 ; 5.13571
6.94008 ; 6.04266 ; -6.67931 ; -6.76358
7.39039 ; 7.25532 ; -6.62322 ; -3.66303
6.67581 ; 6.13415 ; -6.78723 ; -6.65349
6.04943 ; 4.85053 ; 5.89881 ; -6.04627
8.23505 ; 2.77132 ; -3.09297 ; -2.72873
6.85849 ; 6.09121 ; -6.74592 ; -6.73081
4.9055 ; 5.72382 ; 6.65263 ; -6.61522
4.52796 ; 2.43771 ; 5.85929 ; -0.255082
3.99395 ; 3.24187 ; 6.45782 ; 6.14169
6.81905 ; 3.92383 ; -6.71176 ; 6.70738
4.92105 ; 4.28681 ; 6.66321 ; 6.62889
8.34615 ; 2.4618 ; -0.787109 ; -1.01667
7.52927 ; 6.45754 ; -5.81102 ; -6.72076
3.90648 ; 6.73076 ; 6.00757 ; 4.20221
4.52242 ; 6.68589 ; 6.85304 ; -5.89334
6.88497 ; 2.8397 ; -6.82727 ; 4.05807
7.28204 ; 3.59828 ; -6.34798 ; 6.66837
3.99838 ; 7.01246 ; 6.53378 ; -5.04912
7.35163 ; 3.3658 ; 4.31477 ; 6.1321
8.0618 ; 6.70849 ; 1.86843 ; -6.39549
4.14164 ; 6.39554 ; 6.46434 ; -6.63682
5.55527 ; 7.45561 ; 6.26216 ; 1.83454
4.49 ; 6.88006 ; -5.0513 ; 4.10467
6.94015 ; 5.60074 ; -6.51432 ; -6.6469
7.59241 ; 3.08375 ; -5.89459 ; 5.70688
7.47263 ; 3.14571 ; -6.21384 ; 5.82458
3.61975 ; 6.55096 ; 4.8537 ; -6.64481
5.82654 ; 4.18799 ; 6.13053 ; 6.45692
3.30947 ; 7.47406 ; 3.52144 ; -2.52429
6.75338 ; 3.94758 ; -6.72934 ; 6.69192
8.23592 ; 3.64973 ; -2.45422 ; -4.82997
4.29017 ; 7.47626 ; 6.84331 ; -0.571552
4.47966 ; 6.22001 ; 6.74607 ; -6.64754
3.96198 ; 7.37275 ; 6.59824 ; -2.42428
3.64118 ; 6.71194 ; 5.09494 ; -6.39317
7.49869 ; 6.88978 ; -6.23726 ; -5.73461
3.61665 ; 6.85146 ; 5.11339 ; -6.05983
8.19172 ; 2.87617 ; -0.559604 ; 5.50136
6.92769 ; 3.07719 ; -6.87651 ; 5.14992
7.01684 ; 3.74573 ; -6.64864 ; 6.68968
3.30566 ; 3.29404 ; 2.74655 ; 6.58874
5.44415 ; 5.37916 ; 6.36159 ; -6.40689
7.86938 ; 6.0195 ; -3.87505 ; -6.86611
3.55941 ; 2.53909 ; 5.59608 ; 2.07182
6.91726 ; 3.63732 ; -6.76948 ; 6.53287
4.09182 ; 3.59186 ; 6.44154 ; 6.7087
7.53143 ; 6.88799 ; -6.14948 ; -5.66115
7.80299 ; 7.2715 ; -5.0301 ; -4.12657
4.16646 ; 6.78663 ; 6.68941 ; -5.81991
6.92287 ; 3.78765 ; -6.70918 ; 6.67935
6.96523 ; 6.1991 ; -6.7264 ; -6.72318
4.23412 ; 6.87039 ; 6.77993 ; -5.4725
7.11111 ; 6.98992 ; 4.71183 ; 3.84609
7.8575 ; 3.13022 ; -4.53817 ; 6.08916
3.87734 ; 7.3664 ; 6.44869 ; -2.50002
4.23065 ; 3.63896 ; 6.63121 ; 6.6971
5.01775 ; 2.4114 ; -5.60965 ; 1.04992
7.39828 ; 7.00173 ; -6.52049 ; -5.1993
6.52122 ; 5.84135 ; -6.70743 ; -6.66249
6.98624 ; 3.77463 ; -6.6632 ; 6.69812
6.77869 ; 5.8055 ; -6.67762 ; -6.70996
3.53646 ; 2.48579 ; -2.86888 ; 3.07891
4.3736 ; 3.92722 ; 6.64998 ; 6.78459
8.15859 ; 7.4969 ; -3.28755 ; -2.32203
6.52377 ; 4.17202 ; -6.68456 ; 6.64795
3.98266 ; 3.45124 ; 6.29938 ; 6.58986
4.2379 ; 3.69948 ; 6.61102 ; 6.74137
3.33251 ; 5.33444 ; 2.43457 ; -6.48543
3.96088 ; 6.92799 ; 6.41848 ; -5.47636
6.47332 ; 2.53617 ; -6.67878 ; -1.71415
4.50063 ; 6.03711 ; 6.68883 ; -6.72305
4.39917 ; 6.1216 ; 6.65047 ; -6.73009
7.93268 ; 6.79082 ; -4.1277 ; -6.28645
3.74012 ; 3.28292 ; 5.65881 ; 6.40905
6.64569 ; 4.15115 ; -6.68619 ; 6.67928
6.78357 ; 3.92131 ; -6.72806 ; 6.69361
4.24602 ; 6.33364 ; 6.59039 ; -6.65322
7.57467 ; 2.60935 ; -6.28134 ; 2.31646
6.77553 ; 3.9407 ; -6.72383 ; 6.69769
6.97595 ; 3.76166 ; -6.68045 ; 6.6837
7.1305 ; 7.03219 ; 4.65964 ; -5.07096
6.75851 ; 3.88652 ; -6.74889 ; 6.66894
4.56683 ; 7.46028 ; 6.79002 ; 1.31531
6.73268 ; 5.39095 ; -6.56808 ; -6.5139
7.29414 ; 7.17849 ; -6.73151 ; -4.02637
7.17288 ; 6.36782 ; -6.58505 ; -6.67701
4.34607 ; 6.24816 ; 6.6607 ; -6.68318
7.03638 ; 6.37169 ; -6.73991 ; -6.60903
4.4381 ; 6.22274 ; 6.72372 ; -6.66345
3.80104 ; 2.90045 ; 6.18755 ; 4.91344
6.93704 ; 6.11213 ; -6.70958 ; -6.74972
6.74066 ; 7.00748 ; -6.63428 ; 3.61846
6.12355 ; 5.55199 ; -6.51116 ; -6.51835
7.83712 ; 4.00824 ; -4.46053 ; 6.45915
8.17283 ; 7.4189 ; -2.71135 ; -3.47884
4.6512 ; 3.48839 ; -5.2378 ; -4.70974
6.69721 ; 3.98386 ; -6.72967 ; 6.68239
7.71349 ; 6.82553 ; -5.41131 ; 3.94828
7.20665 ; 6.41391 ; -6.55984 ; -6.64056
6.63834 ; 6.8283 ; -6.86183 ; -5.42619
8.21031 ; 7.3157 ; 1.56655 ; 2.6311
7.0321 ; 3.72657 ; -6.64284 ; 6.68069
7.24047 ; 4.61531 ; -5.97443 ; -5.94928
6.58832 ; 4.30583 ; -6.65078 ; 6.63219
6.20255 ; 4.49962 ; -6.53417 ; 6.5
3.96251 ; 6.65173 ; 6.25109 ; -6.32907
7.9453 ; 7.0253 ; 2.89275 ; 2.83191
7.04784 ; 6.1401 ; -6.62483 ; -6.7733
3.42565 ; 6.91441 ; 3.93225 ; -6.01366
8.08826 ; 7.00511 ; -2.86218 ; -5.85026
3.50168 ; 7.23441 ; 4.92925 ; -4.36765
7.65158 ; 3.52371 ; -5.25339 ; 6.72123
7.93984 ; 2.74373 ; 2.36289 ; 4.83416
7.0922 ; 6.43961 ; -6.71494 ; -6.55312
3.58189 ; 2.53411 ; 5.69873 ; 1.71005
4.09952 ; 3.29418 ; 6.62031 ; 6.20462
4.38136 ; 6.28688 ; 6.70138 ; -6.63846
7.83486 ; 7.4438 ; -5.49028 ; 1.1041
8.18311 ; 2.80616 ; -0.399257 ; 5.19861
4.78899 ; 4.66526 ; 6.5864 ; 6.46478
3.60909 ; 2.88523 ; 5.4643 ; 5.08318
6.98572 ; 6.66575 ; -6.85063 ; -6.07832
4.25125 ; 5.75961 ; 6.32877 ; -6.71523
6.83167 ; 3.82032 ; -6.7469 ; 6.66172
3.90377 ; 2.68489 ; 6.5364 ; 3.27541
4.04913 ; 3.04939 ; -4.03616 ; -3.88724
5.99735 ; 6.03183 ; -6.47987 ; -6.49893
3.97313 ; 7.14385 ; 6.54543 ; -4.34261
6.71008 ; 5.92533 ; -6.73343 ; -6.7121
6.81265 ; 5.93478 ; -6.70819 ; -6.73701
4.74925 ; 4.13508 ; 6.71927 ; 6.69345
4.55244 ; 4.67113 ; 6.3827 ; -5.97566
4.60875 ; 3.9923 ; 6.74783 ; 6.73126
5.1146 ; 5.50258 ; 6.54678 ; -6.5078
8.15405 ; 6.80776 ; -1.48628 ; -6.39936
3.651 ; 6.55542 ; 4.99155 ; -6.64565
7.40359 ; 3.23837 ; -6.32472 ; 6.06569
8.24961 ; 7.4992 ; -1.06637 ; -3.04315
4.16673 ; 3.30373 ; 6.70817 ; 6.18175
4.52718 ; 3.46453 ; 6.86548 ; 6.31315
8.1479 ; 2.70755 ; 1.02063 ; 4.73212
5.99852 ; 4.43675 ; 5.91567 ; -5.73706
7.1199 ; 2.98118 ; -6.82092 ; 4.58391
5.14615 ; 4.46795 ; 6.55213 ; 6.52605
6.30122 ; 3.28116 ; -6.685 ; 5.55275
7.1087 ; 5.95786 ; -6.4718 ; -6.79199
8.09107 ; 3.10565 ; -2.43042 ; 6.17492
7.9109 ; 6.8282 ; -4.26331 ; -6.25502
4.20938 ; 3.76232 ; 6.54109 ; 6.78491
6.71203 ; 3.89011 ; -6.7552 ; 6.65313
4.40169 ; 3.84897 ; 6.70401 ; 6.76123
6.67 ; 4.06977 ; -6.70737 ; 6.68862
4.40974 ; 4.98296 ; 6.35459 ; 6.26427
3.2048 ; 3.16622 ; 1.00837 ; 6.36436
6.85959 ; 7.65991 ; 5.00496 ; 0.325829
3.23848 ; 3.48984 ; 1.76907 ; 6.79469
7.47159 ; 3.9887 ; 4.14846 ; 6.51743
3.82953 ; 3.03041 ; 6.18192 ; 5.54563
3.76891 ; 6.49466 ; 5.48361 ; -6.67628
3.57938 ; 7.42492 ; 5.59214 ; -2.30435
7.64015 ; 7.26 ; -5.9202 ; 2.57177
4.07176 ; 6.43927 ; 6.35767 ; -6.6189
3.73243 ; 3.0451 ; 5.83523 ; 5.70154
4.77019 ; 4.08293 ; 6.73305 ; 6.6888
7.97898 ; 7.02223 ; -3.98773 ; -5.68269
4.84601 ; 4.1667 ; 6.70439 ; 6.66591
6.51897 ; 6.75726 ; 5.46171 ; -5.58795
3.66528 ; 3.26884 ; 5.34274 ; 6.4176
3.74728 ; 2.99098 ; 5.94317 ; 5.42685
4.45619 ; 3.17313 ; 6.90574 ; 5.60878
6.59857 ; 3.15876 ; 5.39205 ; 5.49162
4.74656 ; 4.08534 ; 6.73302 ; 6.69574
4.38571 ; 5.75224 ; 6.49427 ; -6.70055
4.41215 ; 6.13038 ; 6.66666 ; -6.7221
4.25156 ; 6.48426 ; 6.66879 ; -6.46278
4.07363 ; 3.92972 ; 6.17012 ; 6.83414
4.00023 ; 5.96902 ; -4.3764 ; -6.49316
3.97871 ; 3.36482 ; 6.34719 ; 6.44387
5.95117 ; 6.79276 ; -6.33563 ; 4.06863
7.54381 ; 2.52854 ; -6.36793 ; 0.863471
3.21968 ; 3.40996 ; -1.03808 ; 6.62456
6.42606 ; 4.26639 ; -6.64869 ; 6.61259
8.06754 ; 7.17306 ; -3.42239 ; -5.07632
7.32283 ; 6.97897 ; -6.63772 ; -5.23961
3.76125 ; 7.39572 ; 6.19274 ; -2.3953
5.55967 ; 5.19412 ; -6.08911 ; 6.02399
3.35681 ; 7.01817 ; -2.062 ; -5.73113
8.3623 ; 6.35562 ; 0.0787473 ; 4.75493
4.61391 ; 3.94088 ; 6.76595 ; 6.7209
3.6014 ; 7.45586 ; 5.71976 ; -1.70504
4.08774 ; 3.34945 ; 6.57269 ; 6.34469
4.53863 ; 3.85731 ; 6.77324 ; 6.71837
7.3815 ; 6.10785 ; -5.92422 ; -6.84118
6.83004 ; 3.7518 ; -6.77022 ; 6.61018
7.31025 ; 6.36599 ; -6.34592 ; -6.7298
4.73468 ; 2.47832 ; 6.77458 ; -0.917059
4.85598 ; 4.21479 ; 6.69166 ; 6.6582
4.53738 ; 3.87873 ; 6.76549 ; 6.72682
4.67209 ; 7.45242 ; 6.84214 ; -1.04072
4.40349 ; 6.06052 ; 6.62843 ; -6.74481
8.04152 ; 3.15132 ; -2.99162 ; 6.26305
6.68008 ; 4.05657 ; -6.7096 ; 6.6902
5.44732 ; 6.00603 ; -6.07173 ; -6.40795
7.30934 ; 2.58207 ; -6.63178 ; -1.18279
3.04722 ; 2.48665 ; 1.62098 ; -1.10465
3.67145 ; 3.35845 ; 5.29202 ; 6.58109
6.28611 ; 4.44117 ; -6.57593 ; 6.53709
6.28716 ; 5.51924 ; -6.57998 ; -6.53281
4.60776 ; 6.12303 ; 6.75825 ; -6.65745
4.60724 ; 6.14768 ; 6.76439 ; -6.64446
8.01489 ; 7.05329 ; -3.76171 ; -5.56977
7.00699 ; 6.32567 ; -6.74627 ; -6.64489
6.57723 ; 4.10632 ; -6.70415 ; 6.66256
5.16796 ; 6.36786 ; 6.37986 ; 4.89275
4.3154 ; 3.58922 ; 6.74388 ; 6.60811
7.39117 ; 6.7455 ; -6.36236 ; -6.13996
4.91893 ; 4.26383 ; 6.669 ; 6.63449
3.354 ; 2.96836 ; 3.63388 ; 5.73564
3.92158 ; 3.02169 ; 6.39412 ; 5.44303
4.39802 ; 6.19925 ; 6.68484 ; -6.69485
8.32126 ; 7.56252 ; -0.190036 ; 0.519205
7.16706 ; 6.21456 ; -6.51128 ; -6.78014
6.69474 ; 4.05166 ; -6.70758 ; 6.69408
7.14515 ; 6.5427 ; -6.70074 ; -6.4233
4.51327 ; 5.87569 ; 6.63704 ; -6.7194
3.64614 ; 6.6209 ; 5.02301 ; -6.55409
7.8707 ; 7.48236 ; -5.37082 ; -0.923614
3.22376 ; 2.83991 ; 2.30655 ; 5.30289
4.34002 ; 3.33567 ; 6.84061 ; 6.14946
3.53276 ; 2.52556 ; 5.49305 ; 1.83977
8.03679 ; 2.53402 ; 1.39676 ; 3.55494
8.1694 ; 7.45948 ; -3.02416 ; -2.73641
3.72771 ; 6.87606 ; 5.70522 ; 3.85762
3.78463 ; 7.33821 ; -3.49731 ; -4.20807
3.47173 ; 2.99452 ; 4.9163 ; -3.35049
3.46067 ; 7.0636 ; -2.84069 ; 3.53326
6.60148 ; 3.77204 ; -6.77151 ; 6.53716
3.16955 ; 2.95699 ; 2.02852 ; 4.02716
6.4965 ; 3.65644 ; -6.75524 ; 6.38025
8.07715 ; 4.47385 ; 2.30369 ; 6.50082
