5.78035 ; 5.03826 ; -0.0352125 ; -1.39362
6.66777 ; 5.48396 ; 1.3516 ; 0.383853
6.343 ; 5.30585 ; 0.594504 ; -0.16209
4.62003 ; 4.1571 ; -0.444941 ; -1.21556
5.41682 ; 5.50143 ; -0.307634 ; -0.796302
4.15407 ; 4.58862 ; -1.17381 ; -0.515525
5.70587 ; 5.49683 ; -0.29793 ; -0.318789
5.68389 ; 5.65542 ; -0.216442 ; 0.885879
6.339 ; 5.25117 ; 1.57361 ; 0.233125
6.42799 ; 6.38677 ; 1.53603 ; 1.17405
6.49881 ; 5.24917 ; 1.06482 ; -0.988669
5.87331 ; 5.57159 ; 0.89531 ; -0.521268
4.68421 ; 5.11213 ; -1.52455 ; -1.10462
4.93587 ; 4.94245 ; -1.30133 ; -0.20118
6.08135 ; 5.01568 ; 1.10708 ; -0.649036
5.91131 ; 6.30355 ; 1.18496 ; 0.741391
4.80762 ; 4.84607 ; -0.712953 ; -1.19126
7.02825 ; 5.90625 ; 1.64067 ; 0.907292
5.45853 ; 5.28383 ; -0.261466 ; -0.443315
4.9691 ; 5.74127 ; -1.03112 ; -0.0590875
6.50167 ; 6.69199 ; 0.806317 ; 0.929697
4.01133 ; 6.34674 ; -1.6653 ; 1.50304
5.87999 ; 6.93771 ; 0.485208 ; 1.83414
5.87123 ; 5.64673 ; 1.20801 ; -0.276511
5.12421 ; 6.66686 ; -0.833731 ; 1.73825
6.28006 ; 5.47115 ; 1.28015 ; 0.481795
5.27164 ; 5.11019 ; -0.450439 ; 0.0584846
5.26135 ; 5.34022 ; -0.968456 ; 0.0170293
3.98114 ; 4.18628 ; -1.69332 ; -1.47618
5.68606 ; 5.01152 ; 0.571949 ; -1.38378
6.62282 ; 5.63106 ; 1.42037 ; -0.158936
5.48476 ; 4.42896 ; -0.347686 ; -1.3202
6.44276 ; 6.16992 ; 1.57998 ; 0.946279
7.25728 ; 5.68377 ; 1.65022 ; 0.71609
4.70513 ; 5.00141 ; -1.77771 ; -1.17572
6.44366 ; 4.53512 ; 1.56468 ; -1.64084
5.12706 ; 4.71517 ; -0.783888 ; -1.53396
4.94021 ; 4.43551 ; -0.886489 ; -1.41881
4.84875 ; 6.88323 ; -1.37321 ; 1.71037
4.81757 ; 5.64289 ; -1.57172 ; 0.73833
5.46675 ; 5.70422 ; 0.194847 ; 0.821431
5.33686 ; 7.25548 ; -0.18199 ; 1.59743
5.76691 ; 5.4305 ; 0.913361 ; 0.412192
5.46903 ; 4.63275 ; 0.397896 ; -0.902454
4.19701 ; 5.37405 ; -1.16384 ; -0.588807
5.21254 ; 4.71956 ; -0.151197 ; -0.608669
7.10627 ; 4.70777 ; 1.61348 ; -1.43292
4.69853 ; 5.31562 ; -0.529614 ; -0.107555
4.64699 ; 5.11695 ; -1.22684 ; -0.689009
6.8568 ; 4.47045 ; 1.57105 ; -0.922917
4.89484 ; 4.62341 ; -1.06472 ; -1.72782
6.70138 ; 4.21568 ; 1.46554 ; -1.64664
4.82588 ; 4.43608 ; -0.633704 ; -1.30855
4.12548 ; 6.22744 ; -1.16545 ; 0.703497
5.29974 ; 5.01251 ; -0.529603 ; -0.851338
4.55113 ; 5.48339 ; -1.03904 ; -0.698976
7.02685 ; 5.23509 ; 1.88814 ; -0.0743812
4.55902 ; 6.24634 ; -1.63421 ; 0.579803
6.88683 ; 4.79253 ; 1.87368 ; -0.759069
6.24376 ; 6.38451 ; 1.61079 ; 1.82146
5.10027 ; 5.29034 ; -1.15623 ; 0.191379
4.78403 ; 4.46101 ; -0.398101 ; -0.909094
4.75956 ; 6.72549 ; -1.50154 ; 1.46151
6.27951 ; 5.13927 ; 1.55459 ; -0.255468
6.75964 ; 7.1102 ; 1.4795 ; 1.32547
5.19074 ; 7.26956 ; -1.08427 ; 1.62372
6.55154 ; 4.8773 ; 1.72799 ; -1.42861
5.91046 ; 4.09118 ; 0.580936 ; -1.36801
4.89373 ; 4.41806 ; -1.56086 ; -1.82465
4.17173 ; 5.28951 ; -1.44639 ; -0.776009
6.23454 ; 5.103 ; 1.61821 ; -0.30062
5.24156 ; 4.53579 ; -0.998565 ; -1.72853
6.32372 ; 4.37499 ; 1.38305 ; -1.75388
4.96435 ; 5.14195 ; -1.11017 ; -1.06357
4.3334 ; 5.73555 ; -1.3275 ; 0.355744
6.16811 ; 7.13697 ; 0.77482 ; 1.7336
6.5813 ; 4.78463 ; 1.07957 ; -1.48079
6.55508 ; 5.12658 ; 1.46271 ; -0.564735
5.64287 ; 4.1684 ; -0.00298854 ; -1.64286
5.64244 ; 6.53326 ; -0.245742 ; 1.72864
6.99127 ; 5.21944 ; 1.39349 ; -0.94454
6.32233 ; 5.9195 ; 0.571756 ; -0.128894
4.48346 ; 5.81436 ; -1.2962 ; 0.130999
4.56761 ; 4.46382 ; -1.65313 ; -1.54345
6.76208 ; 6.03227 ; 1.22614 ; 0.584301
5.86545 ; 4.55599 ; 0.89707 ; -1.44776
6.55626 ; 5.8326 ; 1.78637 ; -0.0664686
5.87348 ; 5.52636 ; 0.232045 ; -0.157344
6.26874 ; 5.26112 ; 1.02859 ; -0.973829
4.50864 ; 6.3135 ; -0.631799 ; 0.434035
4.60518 ; 6.55438 ; -1.7235 ; 0.83855
5.50706 ; 4.65518 ; 0.0850196 ; -1.38102
5.68424 ; 5.02574 ; -0.119531 ; -0.316212
5.60087 ; 3.97928 ; -0.332837 ; -1.62797
5.80031 ; 5.23362 ; 0.708695 ; 0.355299
6.87443 ; 6.25807 ; 1.12073 ; 0.578321
4.89367 ; 5.77714 ; -1.64327 ; 1.10314
4.87606 ; 5.58775 ; -0.420805 ; 0.392273
5.93144 ; 4.53042 ; 1.18324 ; -0.761774
6.07234 ; 6.25439 ; 0.0822289 ; 0.552765
4.32473 ; 6.32852 ; -1.5438 ; 0.584133
6.50962 ; 4.66839 ; 1.76289 ; -0.865325
5.78245 ; 5.32817 ; 0.337877 ; 0.0161111
6.67135 ; 5.65219 ; 1.78822 ; 0.507975
4.62268 ; 5.94104 ; -1.26192 ; 1.45576
4.73134 ; 4.03129 ; -1.52536 ; -1.87694
5.79162 ; 5.25436 ; 0.2794 ; -0.730956
5.16058 ; 6.39281 ; 0.139319 ; 1.50852
5.53601 ; 6.2705 ; -0.135644 ; 1.12092
6.39195 ; 6.03281 ; 0.861622 ; 1.50642
6.5844 ; 5.47518 ; 1.56312 ; -0.162394
5.06561 ; 6.24747 ; -1.03721 ; 1.11971
6.64718 ; 6.21021 ; 1.12972 ; 1.66337
5.7321 ; 4.39784 ; 0.127079 ; -1.94819
5.07599 ; 6.37369 ; -1.14666 ; 0.57765
6.3435 ; 6.21816 ; 1.5324 ; 1.64958
6.3849 ; 4.25628 ; 1.63636 ; -1.7086
5.26536 ; 4.58229 ; 0.195589 ; -1.83672
5.8483 ; 5.82096 ; -0.00443482 ; 1.19205
4.73318 ; 6.21064 ; -0.457559 ; 1.37756
6.02361 ; 7.01598 ; 1.08183 ; 1.74227
4.79174 ; 5.9322 ; -1.61598 ; 0.674361
5.87408 ; 5.96702 ; 1.118 ; 0.818328
5.26985 ; 5.22997 ; -0.431463 ; -1.11374
4.98917 ; 5.9676 ; -1.23764 ; 1.49998
5.13545 ; 5.80697 ; 0.0746444 ; 0.544958
5.60964 ; 5.908 ; -0.231132 ; 0.0412063
4.37325 ; 4.09268 ; -1.35071 ; -1.82859
4.30157 ; 5.48096 ; -1.78826 ; 0.680543
4.61884 ; 5.52112 ; -0.954094 ; -0.498684
6.86095 ; 4.96057 ; 1.82153 ; -0.534333
5.70431 ; 6.00715 ; -0.315738 ; 1.20536
4.26457 ; 6.23307 ; -1.61756 ; 0.42053
5.40357 ; 6.71825 ; 0.523161 ; 1.63968
6.10176 ; 5.31641 ; 0.724341 ; 0.0494349
5.77519 ; 4.63882 ; 1.02506 ; -1.8704
4.39497 ; 6.34772 ; -1.63491 ; 1.50863
6.02671 ; 6.91043 ; 0.897486 ; 1.47475
6.12385 ; 6.78974 ; 0.807261 ; 1.68601
5.79897 ; 6.62279 ; -0.397976 ; 0.956035
6.24979 ; 4.71763 ; 0.808738 ; -1.65899
5.70727 ; 7.09992 ; -0.345157 ; 1.51213
6.03431 ; 6.28744 ; 1.46157 ; 1.51545
5.6579 ; 6.05899 ; -0.123453 ; 1.11487
5.79073 ; 4.23107 ; -0.0430081 ; -1.69994
7.13078 ; 5.28314 ; 1.53831 ; -0.715603
5.14254 ; 6.73214 ; -0.867709 ; 1.05072
4.67033 ; 6.35524 ; -1.10745 ; 1.88661
3.98261 ; 5.30937 ; -1.44051 ; 0.332515
3.82605 ; 4.43466 ; -1.53299 ; -1.73729
5.08734 ; 4.79411 ; -1.02045 ; -1.76974
5.78997 ; 4.79654 ; 0.267773 ; -1.70378
4.17709 ; 4.31708 ; -1.5062 ; -0.91678
5.88225 ; 5.32658 ; 0.731785 ; -0.313953
6.56978 ; 6.24254 ; 0.989453 ; 0.841038
5.82323 ; 6.15661 ; -0.199636 ; 0.499812
5.60084 ; 5.4978 ; 0.492414 ; 0.139622
6.06922 ; 4.72146 ; 0.794738 ; -1.17601
7.22829 ; 4.78933 ; 1.53914 ; -1.15918
4.70614 ; 4.70225 ; -0.605996 ; -1.77749
6.35864 ; 7.08462 ; 1.46561 ; 1.72046
4.24738 ; 5.57255 ; -1.70928 ; 0.334398
5.69938 ; 4.93994 ; -0.195719 ; -1.15947
6.11941 ; 6.44807 ; 1.57381 ; 1.87487
6.04974 ; 6.51852 ; 0.863588 ; 0.890257
5.11191 ; 5.5013 ; -0.781196 ; -0.178468
5.49057 ; 5.78378 ; 0.648703 ; 1.19604
4.99754 ; 7.13308 ; -1.2661 ; 1.78741
5.71026 ; 5.37384 ; -0.360927 ; -0.958849
5.76039 ; 5.45398 ; 1.07302 ; 0.490367
5.68051 ; 6.82718 ; 0.945894 ; 1.29823
6.86872 ; 6.44864 ; 1.50622 ; 0.957949
6.11808 ; 4.62061 ; 0.885526 ; -0.839226
6.07144 ; 5.09718 ; 0.695078 ; -0.569993
6.11077 ; 6.14724 ; 0.287027 ; 0.235927
5.30256 ; 4.75232 ; -0.21394 ; -0.8281
5.11957 ; 4.46722 ; -1.12798 ; -1.90758
4.41101 ; 6.48944 ; -0.894863 ; 1.12422
4.72023 ; 5.34608 ; -1.13057 ; -0.0510927
5.28362 ; 6.01076 ; -0.381943 ; 1.01537
5.50166 ; 6.03075 ; 0.316293 ; 0.27422
4.04282 ; 5.27896 ; -1.91038 ; 0.354561
6.23016 ; 4.71733 ; 1.30787 ; -1.73521
6.73835 ; 4.55907 ; 1.79073 ; -1.8467
6.01624 ; 4.64103 ; 0.37329 ; -1.05538
4.86021 ; 5.57981 ; -0.56606 ; 0.0812258
4.88654 ; 4.63653 ; -0.618403 ; -1.68581
5.25214 ; 6.6025 ; 0.0558091 ; 1.20506
4.61674 ; 4.54744 ; -1.14748 ; -1.43318
6.03622 ; 4.10704 ; 1.41751 ; -1.87741
5.67747 ; 6.94755 ; 0.954047 ; 1.40276
5.94191 ; 5.84472 ; 0.410202 ; 0.0715294
4.22427 ; 4.91866 ; -1.81863 ; -1.14371
6.29847 ; 4.71222 ; 1.15227 ; -1.80486
4.57071 ; 5.1069 ; -0.971725 ; -1.37811
5.16095 ; 4.47072 ; -1.08321 ; -1.9111
7.09787 ; 4.67933 ; 1.80842 ; -0.983556
7.12894 ; 5.47729 ; 1.7222 ; 0.374136
4.61663 ; 6.78416 ; -0.581014 ; 1.73396
3.86164 ; 4.66546 ; -1.6385 ; -1.75288
7.14195 ; 4.05395 ; 1.29683 ; -1.00677
4.26148 ; 6.72658 ; -1.72283 ; 1.1627
5.06694 ; 5.04893 ; -0.111128 ; -1.36945
6.042 ; 6.50393 ; 1.61805 ; 1.04848
4.30076 ; 4.12478 ; -1.77606 ; -1.8405
4.98103 ; 4.28346 ; -0.285195 ; -1.8049
3.96926 ; 6.66586 ; -1.56373 ; 1.07564
5.03837 ; 6.62848 ; -0.449822 ; 0.899007
5.34195 ; 5.61886 ; -0.660853 ; -0.531402
4.96809 ; 5.28987 ; -0.846825 ; -0.949412
6.59181 ; 4.3851 ; 1.7465 ; -0.904817
5.83967 ; 4.92518 ; 0.360616 ; -0.926991
6.31263 ; 5.08603 ; 1.23486 ; 0.166238
6.19677 ; 4.82669 ; 0.72613 ; -1.31899
5.16433 ; 5.48304 ; -0.192431 ; 0.476756
4.75329 ; 5.16417 ; -1.77291 ; -0.215666
4.51363 ; 4.56468 ; -1.85013 ; -0.644961
4.65358 ; 6.94804 ; -1.5493 ; 1.47385
4.35866 ; 4.26782 ; -1.6121 ; -1.7814
5.015 ; 4.38361 ; -0.448085 ; -1.34758
4.40377 ; 4.35685 ; -1.54421 ; -1.78394
5.99612 ; 6.535 ; 1.53369 ; 1.10765
6.68938 ; 4.34519 ; 0.93246 ; -1.43633
5.96797 ; 4.55562 ; 1.47258 ; -1.65747
6.70566 ; 5.94183 ; 1.36328 ; 0.651804
6.18647 ; 4.36566 ; 1.67029 ; -1.68218
5.83183 ; 3.95913 ; 1.24514 ; -1.81823
4.55073 ; 6.152 ; -1.64865 ; 1.26849
6.70044 ; 5.18612 ; 1.40027 ; -0.304752
5.8955 ; 6.94283 ; 1.07605 ; 1.58575
5.31456 ; 6.06694 ; -1.10623 ; 1.43285
4.33509 ; 5.69524 ; -1.63025 ; 0.711653
4.75422 ; 5.97823 ; -1.27791 ; 1.17672
5.94219 ; 4.82001 ; 0.624471 ; -0.343418
4.52889 ; 5.79329 ; -1.6628 ; 0.826599
4.68735 ; 5.77102 ; -1.32971 ; 0.483002
4.38865 ; 6.68676 ; -1.01784 ; 1.40073
5.19941 ; 6.97355 ; -1.1759 ; 1.87283
5.23233 ; 6.66259 ; -0.589141 ; 1.01488
4.98248 ; 3.82599 ; -0.965421 ; -1.64943
6.65049 ; 4.06387 ; 0.946067 ; -1.29766
5.4056 ; 5.49591 ; 0.480712 ; -0.365135
6.84693 ; 6.03162 ; 1.225 ; 0.319612
5.34663 ; 6.13717 ; -0.71261 ; 1.01569
5.39006 ; 3.97363 ; -0.370709 ; -1.91214
4.61357 ; 5.95938 ; -0.858151 ; 0.166855
5.63618 ; 6.13295 ; -0.590073 ; 1.67573
4.47166 ; 6.53072 ; -1.27265 ; 1.78142
7.0472 ; 4.58404 ; 1.3115 ; -0.586906
5.05492 ; 5.27933 ; -0.353943 ; -0.509309
5.93441 ; 6.33657 ; 0.958709 ; 1.72154
5.30092 ; 6.73571 ; -0.579087 ; 1.87896
4.58864 ; 6.5228 ; -0.91266 ; 1.8947
5.84249 ; 5.93739 ; 0.684179 ; 0.234763
5.20815 ; 6.35263 ; -0.849806 ; 0.998916
5.47045 ; 6.05826 ; -0.71386 ; 0.265118
3.7896 ; 6.11407 ; -1.55949 ; 0.424639
4.64352 ; 5.26793 ; -1.50053 ; -0.688769
4.6608 ; 6.01857 ; -1.10964 ; 1.207
4.05909 ; 5.62748 ; -1.72076 ; 0.848459
6.05999 ; 6.75835 ; 1.11046 ; 1.16064
6.47006 ; 5.43433 ; 1.33901 ; -0.215239
6.63692 ; 4.70131 ; 1.60146 ; -0.829365
4.524 ; 6.46219 ; -0.845141 ; 1.79818
7.02594 ; 6.25594 ; 1.60768 ; 1.17843
6.14785 ; 6.5237 ; 1.54746 ; 1.6768
5.9284 ; 6.84672 ; 0.711611 ; 1.24299
6.61861 ; 4.28939 ; 0.987164 ; -1.19405
3.85005 ; 4.54279 ; -1.51264 ; -0.51668
5.35937 ; 4.38788 ; 0.278344 ; -1.56778
5.75973 ; 4.52214 ; 0.499173 ; -1.9183
5.02055 ; 4.90955 ; -1.27273 ; -0.841682
5.00725 ; 7.21888 ; -0.492521 ; 1.68424
6.73509 ; 4.43496 ; 1.7435 ; -0.846376
5.99883 ; 6.14907 ; 1.22175 ; 0.447951
4.88382 ; 6.45214 ; -1.7158 ; 1.70963
5.27204 ; 4.18312 ; -1.17098 ; -1.89899
5.33701 ; 4.92183 ; -0.400787 ; -0.763813
5.07978 ; 5.83835 ; -0.0560133 ; 0.829952
5.46453 ; 4.67227 ; -0.332564 ; -1.05575
6.01861 ; 5.57959 ; 0.288496 ; -0.211613
4.17483 ; 3.89022 ; -1.4822 ; -1.62532
4.75028 ; 4.18774 ; -1.68556 ; -1.55772
5.4199 ; 5.41503 ; -0.668475 ; -0.775264
6.89233 ; 5.06388 ; 1.48477 ; -0.683896
4.80825 ; 5.12682 ; -0.839773 ; -0.373729
6.52533 ; 5.12712 ; 1.12312 ; -0.385217
5.8582 ; 6.18373 ; 1.11814 ; 0.464597
5.28053 ; 5.52218 ; 0.256816 ; 0.682999
5.09196 ; 6.00612 ; -0.124569 ; 0.682998
6.86948 ; 5.53181 ; 1.54273 ; 0.00911869
5.66857 ; 4.2788 ; 0.894248 ; -1.69827
7.10652 ; 4.90283 ; 1.36446 ; -0.185451
6.79406 ; 4.14385 ; 1.26863 ; -1.30298
4.28538 ; 4.39831 ; -1.17232 ; -1.34469
5.76002 ; 6.96224 ; 0.148589 ; 1.92485
5.02736 ; 5.364 ; -0.570453 ; 0.0628533
4.23605 ; 4.17334 ; -1.56785 ; -1.42087
5.74188 ; 6.89878 ; -0.0642687 ; 1.20489
5.7617 ; 5.28476 ; 0.802063 ; -1.10962
6.63147 ; 6.93854 ; 0.679831 ; 1.23085
5.02692 ; 6.09628 ; -0.157186 ; 0.254106
3.74475 ; 5.41672 ; -1.57356 ; -0.148209
5.5026 ; 4.88668 ; 0.173165 ; -1.11189
6.60946 ; 4.42265 ; 1.74796 ; -1.07415
5.49862 ; 6.23034 ; -0.396329 ; 1.17441
6.0415 ; 4.26868 ; 0.644525 ; -1.6502
4.37498 ; 6.75487 ; -1.53333 ; 0.952184
6.25358 ; 4.66015 ; 1.82136 ; -0.500407
7.29224 ; 5.93707 ; 1.6011 ; 1.11852
4.11109 ; 5.49174 ; -1.61562 ; -0.453049
5.4822 ; 3.76795 ; 0.181627 ; -1.72017
5.52516 ; 6.81541 ; -0.588065 ; 1.66734
6.23151 ; 5.51653 ; 1.45279 ; 0.132965
4.43093 ; 5.4951 ; -0.942809 ; -0.275234
5.201 ; 4.82112 ; -0.279165 ; -0.708631
5.44095 ; 5.14768 ; -0.330125 ; -0.886438
6.64843 ; 5.52141 ; 0.916601 ; 0.864031
5.46715 ; 6.0283 ; 0.572784 ; 1.36338
6.08955 ; 6.26953 ; 1.53054 ; 1.4431
5.81755 ; 5.30995 ; 1.16573 ; -0.756154
6.91744 ; 6.63087 ; 1.45347 ; 1.126
4.01577 ; 6.43945 ; -1.61678 ; 1.26446
4.71233 ; 6.45746 ; -0.901621 ; 1.83178
7.0569 ; 4.89536 ; 1.40973 ; -0.310948
4.72077 ; 5.37884 ; -1.34784 ; 0.361749
5.62677 ; 6.03042 ; 0.847941 ; 0.908137
4.75356 ; 5.51623 ; -0.7323 ; -0.455098
4.00532 ; 5.45161 ; -1.56095 ; 0.0232404
4.86161 ; 5.23844 ; -0.706308 ; -1.02404
4.04468 ; 6.01801 ; -1.718 ; 0.511927
5.97224 ; 4.20969 ; 0.362745 ; -1.81071
4.51089 ; 4.47863 ; -1.21985 ; -0.771316
5.64578 ; 6.29624 ; 1.00082 ; 0.932337
4.45731 ; 5.64898 ; -1.79409 ; 0.527251
5.77935 ; 5.9349 ; 0.443577 ; -0.0682546
6.06343 ; 5.59468 ; 0.941389 ; 0.562147
4.41605 ; 5.28271 ; -1.53527 ; -1.16131
6.72847 ; 4.41046 ; 1.76742 ; -1.54449
4.0446 ; 4.66126 ; -1.91152 ; -1.32374
6.06447 ; 6.061 ; 0.988683 ; 0.793177
6.40157 ; 5.05434 ; 1.10929 ; -0.0274828
6.45387 ; 4.54106 ; 1.23531 ; -1.08079
5.20464 ; 6.56565 ; -0.733652 ; 1.70547
5.76396 ; 4.85589 ; -0.272372 ; -0.912099
6.53074 ; 5.1565 ; 1.56871 ; -1.09128
5.20197 ; 6.47757 ; -0.97999 ; 0.783609
4.62795 ; 4.06188 ; -1.78726 ; -1.87916
4.10069 ; 4.76946 ; -1.70417 ; -0.396332
6.20972 ; 6.75939 ; 1.45119 ; 1.14456
4.37238 ; 6.68624 ; -0.723841 ; 0.804805
6.423 ; 7.06169 ; 0.769265 ; 1.35372
5.56751 ; 4.88707 ; -0.400486 ; -1.70466
4.95353 ; 5.13787 ; -1.61644 ; -1.27044
4.96959 ; 6.06353 ; -0.0380499 ; 1.31189
6.17714 ; 6.24468 ; 1.39577 ; 0.404148
6.44082 ; 4.57671 ; 1.19442 ; -1.15995
5.66059 ; 6.57138 ; -0.182642 ; 1.08765
6.22532 ; 4.20042 ; 1.03185 ; -1.46448
5.83842 ; 4.99095 ; 0.0900207 ; -1.13202
6.02373 ; 5.48843 ; 0.46815 ; 0.139245
4.91993 ; 5.22577 ; -1.65709 ; -1.10763
4.48625 ; 5.94489 ; -1.74612 ; 1.48794
6.57354 ; 4.84036 ; 1.67351 ; -1.02009
4.7678 ; 6.35742 ; -0.721812 ; 0.854293
6.68594 ; 5.4174 ; 1.42272 ; 0.465665
3.9925 ; 4.8924 ; -1.49555 ; -1.36231
4.50762 ; 4.4644 ; -1.01561 ; -1.27024
4.51425 ; 5.93405 ; -1.3734 ; 0.676771
5.30269 ; 4.06228 ; 0.0128182 ; -1.45842
4.01911 ; 5.79385 ; -1.88009 ; 0.0979164
4.13533 ; 4.43723 ; -1.09798 ; -1.29665
5.6811 ; 6.83192 ; 1.03992 ; 1.44611
5.36499 ; 4.97266 ; -0.532817 ; -1.29909
5.68419 ; 6.18418 ; 0.327788 ; 1.49977
4.83039 ; 4.66923 ; -1.65523 ; -0.48334
4.81583 ; 6.21432 ; -0.576247 ; 1.22645
6.72565 ; 4.16039 ; 1.23798 ; -1.66401
4.85852 ; 5.32105 ; -0.546424 ; 0.222403
4.95423 ; 5.89987 ; -0.884012 ; 1.00292
4.51713 ; 6.17586 ; -1.57085 ; 0.383854
4.93436 ; 5.34306 ; -0.214668 ; -0.945748
4.32291 ; 5.00777 ; -1.40853 ; -1.33207
4.98204 ; 5.69831 ; -0.0227139 ; 0.724376
4.85217 ; 4.89066 ; -0.754005 ; -0.437948
6.68756 ; 6.26063 ; 1.66893 ; 1.41832
6.85566 ; 4.68326 ; 1.80384 ; -1.41192
6.4369 ; 6.54875 ; 0.915425 ; 1.38576
5.66409 ; 6.97886 ; 0.997261 ; 1.59683
5.40118 ; 4.77177 ; -0.611946 ; -0.728805
6.59536 ; 6.27898 ; 1.20903 ; 1.89379
4.52154 ; 6.51102 ; -1.69584 ; 0.783685
6.03281 ; 4.38548 ; 1.50155 ; -1.69395
4.92442 ; 6.28808 ; -1.58074 ; 0.461657
4.84656 ; 4.88365 ; -0.884133 ; -0.667073
6.60786 ; 6.15687 ; 1.89042 ; 0.98606
5.87794 ; 5.00152 ; 0.769833 ; -1.20166
6.31144 ; 5.43647 ; 1.61826 ; 0.424094
5.55033 ; 5.60279 ; -0.550669 ; -0.4373
5.59912 ; 7.01329 ; -0.424498 ; 1.33538
4.27687 ; 4.48531 ; -1.3197 ; -1.74855
4.30115 ; 5.68378 ; -1.08551 ; -0.22174
6.04619 ; 6.18755 ; 1.06802 ; 1.66861
4.06641 ; 5.4105 ; -1.89496 ; -0.346371
4.72085 ; 5.66312 ; -1.41104 ; -0.526751
4.43078 ; 4.91811 ; -1.24287 ; -1.6012
6.44408 ; 4.66672 ; 1.55821 ; -1.88439
4.60498 ; 6.64457 ; -0.576259 ; 1.06817
4.70739 ; 4.91853 ; -1.20621 ; -1.03159
4.17295 ; 5.7154 ; -1.27386 ; 0.0470872
5.29434 ; 5.26418 ; -0.305166 ; 0.240486
5.53178 ; 6.06491 ; -0.529168 ; 1.29966
5.2818 ; 3.99786 ; -0.284289 ; -1.51662
5.90254 ; 4.19787 ; -0.00456584 ; -1.29922
6.13455 ; 4.83416 ; 1.55017 ; -1.81592
5.57282 ; 5.48148 ; -0.423035 ; -0.290569
6.51732 ; 6.17162 ; 1.87379 ; 0.883027
6.68252 ; 5.7465 ; 1.45201 ; 1.22241
6.65927 ; 4.21492 ; 1.2811 ; -1.29672
4.75137 ; 4.2279 ; -0.869677 ; -1.38964
6.49128 ; 5.31923 ; 1.29313 ; -0.0782041
3.96974 ; 5.43564 ; -1.76094 ; -0.0861194
5.53732 ; 5.01435 ; 0.482093 ; -0.996458
6.0068 ; 4.89894 ; 0.0418224 ; -0.98686
5.79284 ; 6.31696 ; 0.308134 ; 1.24463
7.07063 ; 4.98348 ; 1.6126 ; -0.884988
4.84062 ; 4.65199 ; -0.925679 ; -1.60414
5.17357 ; 7.10456 ; -0.876132 ; 1.53659
4.53796 ; 4.94247 ; -1.11272 ; -0.981361
6.46618 ; 5.85986 ; 1.55921 ; -0.222765
7.10027 ; 5.79037 ; 1.84124 ; -0.174023
5.01043 ; 5.31231 ; -0.249923 ; -0.979689
4.69007 ; 5.32835 ; -0.719605 ; -1.03326
5.93705 ; 5.46725 ; 0.497145 ; -0.616995
6.81464 ; 4.73158 ; 1.30403 ; -1.22633
4.71889 ; 5.84339 ; -1.12945 ; 1.32126
5.86307 ; 6.59476 ; 0.83542 ; 1.84867
4.52732 ; 6.01586 ; -1.54603 ; 0.152062
6.43344 ; 4.34752 ; 0.717465 ; -1.30479
7.02065 ; 5.55167 ; 1.89018 ; -0.477448
4.84408 ; 5.4997 ; -1.27272 ; 0.724173
4.32829 ; 5.25171 ; -1.58893 ; -0.901698
5.17315 ; 5.65265 ; -0.150844 ; 0.532613
6.62706 ; 6.22613 ; 1.63588 ; 1.14862
4.96011 ; 5.85068 ; -1.0842 ; 1.30047
5.30145 ; 6.04437 ; -0.000738449 ; 0.0527434
6.13149 ; 4.70528 ; 0.112443 ; -0.450556
4.59792 ; 4.61135 ; -0.870954 ; -1.13254
6.34062 ; 6.09727 ; 1.0861 ; 0.364816
6.58258 ; 6.52478 ; 1.17023 ; 1.51043
6.11393 ; 5.04789 ; 1.59772 ; -1.05065
5.72113 ; 4.89794 ; 0.543578 ; -0.228245
5.38905 ; 5.6386 ; 0.377479 ; 0.136907
4.72452 ; 4.64905 ; -0.70274 ; -1.23402
6.10606 ; 7.12641 ; 1.41328 ; 1.60489
5.54874 ; 4.32718 ; 0.0500217 ; -1.85471
6.2054 ; 6.85994 ; 1.63959 ; 1.93831
5.04008 ; 6.70701 ; 0.0887013 ; 0.999618
5.23127 ; 5.83303 ; -1.13661 ; 0.462494
5.05689 ; 4.31632 ; -1.49508 ; -1.04225
6.80554 ; 4.48896 ; 1.53342 ; -1.25812
6.39245 ; 4.39689 ; 1.50562 ; -1.65116
4.32879 ; 4.98565 ; -1.47954 ; -0.214195
6.58286 ; 5.23446 ; 1.89354 ; -0.16925
6.39495 ; 5.57784 ; 1.77162 ; 0.0995055
5.44451 ; 7.04133 ; -0.311605 ; 1.56501
5.19776 ; 5.63158 ; -0.229919 ; 0.282613
5.59073 ; 6.59439 ; 0.188846 ; 0.881883
6.08196 ; 4.29315 ; 0.00736385 ; -1.32975
6.22183 ; 6.70692 ; 1.73859 ; 0.988716
6.5792 ; 3.9029 ; 1.60161 ; -1.40575
6.36646 ; 7.11922 ; 1.68005 ; 1.58909
6.27733 ; 5.26878 ; 0.987416 ; 0.158381
6.199 ; 5.55511 ; 1.6593 ; 0.396318
7.13422 ; 5.30268 ; 1.61115 ; -0.527251
5.54742 ; 6.43944 ; 0.583109 ; 1.64309
6.3581 ; 3.75972 ; 0.681836 ; -1.43202
5.11575 ; 4.641 ; 0.110871 ; -1.81388
6.17869 ; 6.5923 ; 0.61517 ; 0.986071
6.43873 ; 6.85431 ; 1.58141 ; 1.67889
4.38676 ; 6.61749 ; -1.65896 ; 1.20334
4.85946 ; 5.01565 ; -0.409388 ; -1.14383
5.34415 ; 7.13157 ; -0.909792 ; 1.46041
6.77623 ; 5.86902 ; 1.427 ; 0.468436
4.51922 ; 4.93992 ; -1.37406 ; -1.31823
6.74435 ; 5.74745 ; 1.19115 ; 0.680986
6.07567 ; 6.52338 ; 0.115491 ; 1.57936
5.68576 ; 7.19566 ; 0.986777 ; 1.60626
5.50951 ; 4.97596 ; 0.0610161 ; -1.31328
6.92413 ; 5.67179 ; 1.73313 ; -0.30509
6.74956 ; 5.17724 ; 1.86443 ; -1.09446
5.93773 ; 5.71487 ; 0.527361 ; 0.402768
6.93653 ; 5.38316 ; 1.64826 ; -0.166226
6.62366 ; 6.57578 ; 0.874491 ; 1.66232
4.3723 ; 6.53584 ; -1.35689 ; 0.765133
4.31902 ; 5.64379 ; -1.36406 ; 0.342028
5.24862 ; 4.34484 ; -1.11576 ; -1.96382
5.53128 ; 4.33237 ; -0.776384 ; -1.97994
3.97354 ; 6.12353 ; -1.41311 ; 0.923419
4.96152 ; 6.35611 ; -0.739487 ; 1.08777
4.52795 ; 5.70727 ; -0.989047 ; 0.190656
4.76151 ; 4.08119 ; -1.05915 ; -1.63223
5.59689 ; 5.09241 ; -0.026344 ; 0.0817863
7.20806 ; 6.5946 ; 1.61368 ; 1.31281
4.70772 ; 4.75199 ; -1.87343 ; -1.15942
5.62632 ; 5.30913 ; -0.169779 ; -0.327242
6.9074 ; 6.27427 ; 1.24038 ; 0.72369
3.76247 ; 6.10816 ; -1.61318 ; 1.27019
4.71393 ; 4.91045 ; -1.84071 ; -0.7503
4.47298 ; 5.55936 ; -0.76968 ; -0.485926
5.19491 ; 5.53607 ; -0.267432 ; 0.346486
4.96036 ; 7.03368 ; -0.772306 ; 1.56906
6.12075 ; 4.36876 ; 0.72337 ; -1.15301
4.74502 ; 5.45524 ; -0.416202 ; 0.102495
4.36048 ; 4.0683 ; -1.37916 ; -1.74726
4.50188 ; 5.88076 ; -1.82153 ; -0.164448
4.39182 ; 5.08793 ; -1.64423 ; -0.0744186
6.7181 ; 4.50376 ; 1.51637 ; -0.625918
5.98081 ; 5.0419 ; 1.25431 ; -0.696512
6.61285 ; 5.40896 ; 1.31775 ; -0.821102
5.06175 ; 5.78119 ; -0.843073 ; 0.349489
4.51985 ; 4.97505 ; -1.50268 ; -1.31734
5.78246 ; 5.46956 ; 1.2432 ; 0.334138
4.99086 ; 4.87355 ; -1.26077 ; -0.335337
5.26557 ; 5.11496 ; -1.14533 ; -0.287115
5.27626 ; 5.57486 ; 0.162626 ; 0.516611
6.95193 ; 5.59636 ; 1.57729 ; 0.359811
5.15188 ; 6.56712 ; -0.206085 ; 1.50247
4.01583 ; 5.64014 ; -1.70855 ; 0.541619
5.38803 ; 4.80418 ; -0.000918026 ; -0.685777
5.95697 ; 6.43859 ; 0.928292 ; 1.36999
5.33919 ; 4.41159 ; -0.152169 ; -1.46791
6.6973 ; 6.65934 ; 1.73618 ; 1.87402
5.19455 ; 4.55509 ; -0.527867 ; -1.46913
5.51003 ; 6.01513 ; 0.288696 ; 0.299995
5.78235 ; 5.74163 ; 0.0888508 ; -0.112851
6.34759 ; 6.06473 ; 1.6999 ; 0.456777
3.84421 ; 6.12214 ; -1.67072 ; 1.27727
4.96134 ; 4.93207 ; -0.932172 ; -0.306973
4.72304 ; 5.84229 ; -1.66865 ; 0.190974
4.96149 ; 4.70519 ; -1.27756 ; -1.84197
5.76498 ; 7.00385 ; 0.352939 ; 1.79307
4.5078 ; 5.46731 ; -1.68904 ; 0.229839
5.77325 ; 5.95315 ; 0.703774 ; -0.0111234
6.0859 ; 4.99319 ; 0.890794 ; -0.354181
5.83439 ; 4.95999 ; 0.203904 ; -0.45346
6.55275 ; 4.14681 ; 0.691604 ; -1.47985
4.66151 ; 5.7473 ; -1.09126 ; 0.159587
4.71248 ; 6.16194 ; -1.81996 ; 1.19967
6.88197 ; 4.82036 ; 1.89389 ; -1.5462
6.09431 ; 5.76053 ; 1.56406 ; 0.219935
5.56683 ; 5.03008 ; 0.285014 ; -0.0836612
6.11631 ; 5.14876 ; 0.739171 ; -0.775948
4.64101 ; 5.37337 ; -1.23919 ; 0.0671463
4.44506 ; 5.36926 ; -1.47087 ; -0.268554
6.31278 ; 5.9375 ; 0.622676 ; 0.0945011
6.12216 ; 4.57645 ; 1.2692 ; -1.56631
6.4991 ; 5.41622 ; 0.893612 ; 0.663025
5.05072 ; 5.46214 ; -0.108576 ; 0.659258
6.25536 ; 3.896 ; 0.787538 ; -1.7825
6.42071 ; 4.14783 ; 0.621486 ; -1.33571
4.64368 ; 6.61956 ; -0.416844 ; 1.20309
4.11315 ; 6.14541 ; -1.71925 ; 0.476338
6.91172 ; 5.74385 ; 1.58631 ; -0.229546
5.70455 ; 6.02764 ; -0.309175 ; 0.37831
5.53739 ; 4.1112 ; 0.712788 ; -1.51296
5.50828 ; 6.19673 ; 0.594763 ; 1.76793
6.11204 ; 6.18342 ; 1.34232 ; 0.358739
5.72304 ; 4.30499 ; 0.151105 ; -1.66404
3.96501 ; 6.80448 ; -1.6524 ; 1.42124
5.14723 ; 4.25644 ; -1.1088 ; -1.86213
6.03446 ; 5.69223 ; 1.24479 ; 0.843016
6.28985 ; 5.26005 ; 1.41159 ; -1.06142
6.39005 ; 6.16761 ; 1.24748 ; 1.07733
6.82318 ; 5.21662 ; 1.95274 ; 0.105625
5.47616 ; 4.33974 ; 0.334032 ; -1.10333
6.08712 ; 6.61858 ; 0.516247 ; 1.06351
3.93176 ; 5.51437 ; -1.72992 ; -0.756984
3.95296 ; 5.4644 ; -1.6996 ; -0.534197
6.46117 ; 4.15273 ; 0.662049 ; -1.80243
4.66817 ; 6.65244 ; -0.673979 ; 1.32401
5.85156 ; 6.21356 ; 0.910738 ; 1.43458
5.41906 ; 4.07218 ; 0.571158 ; -1.83873
5.80283 ; 3.77794 ; 1.08194 ; -1.51477
6.26896 ; 6.52019 ; 0.496955 ; 1.77525
6.15868 ; 5.69177 ; 0.287716 ; 0.466372
6.46508 ; 6.02719 ; 1.69204 ; 1.34101
5.47687 ; 6.54811 ; -0.0556018 ; 1.3699
4.86325 ; 4.83519 ; -1.07451 ; -1.68438
5.09465 ; 5.56917 ; -1.42213 ; -0.499449
6.1349 ; 6.31512 ; 1.63311 ; 1.2015
5.89801 ; 5.5555 ; -0.00388095 ; -0.698716
4.38852 ; 4.21592 ; -0.801136 ; -1.08277
4.52789 ; 5.4817 ; -1.05102 ; -0.352491
5.04969 ; 7.19348 ; -0.403925 ; 1.49342
6.90973 ; 4.73535 ; 1.26591 ; -1.22487
6.15513 ; 6.44113 ; 1.47008 ; 0.894555
4.12241 ; 6.34571 ; -1.617 ; 1.05823
6.00133 ; 5.53559 ; 0.617939 ; -0.591213
6.13483 ; 4.56381 ; 1.06405 ; -0.837484
6.03704 ; 4.54225 ; 0.802075 ; -1.58493
4.4987 ; 5.42309 ; -1.23423 ; -0.876973
5.10546 ; 6.2749 ; -1.30362 ; 0.857037
4.94731 ; 4.39433 ; -0.960606 ; -1.91647
5.75338 ; 5.2692 ; 0.241822 ; -0.882704
4.67604 ; 7.121 ; -0.460061 ; 1.30632
5.72909 ; 4.81001 ; 0.538824 ; -1.07535
6.46627 ; 6.98161 ; 0.619292 ; 1.25037
7.26313 ; 6.66063 ; 1.44253 ; 1.23289
4.26998 ; 4.77881 ; -1.80722 ; -0.446625
6.17353 ; 6.67167 ; 0.794583 ; 1.18818
5.2771 ; 6.80232 ; 0.112931 ; 1.13044
6.08507 ; 5.14158 ; 0.783264 ; -1.08011
5.48179 ; 4.29226 ; 0.603342 ; -1.6377
6.27267 ; 4.78819 ; 1.58403 ; -1.63406
4.34434 ; 4.95028 ; -1.7904 ; -1.02457
5.14885 ; 6.18775 ; -0.234821 ; 0.712061
5.95718 ; 4.86131 ; 0.0225044 ; -0.655339
6.31723 ; 5.52681 ; 1.81996 ; 0.377873
6.00826 ; 6.91637 ; 0.560355 ; 1.9126
4.41009 ; 4.42698 ; -1.0021 ; -1.46642
4.76835 ; 5.84018 ; -1.23178 ; 0.869634
7.01853 ; 6.5321 ; 1.53717 ; 1.67883
6.88143 ; 5.44939 ; 1.3101 ; 0.565928
5.5912 ; 4.37301 ; -0.037457 ; -1.69131
5.13292 ; 5.63063 ; -0.508767 ; -0.0725873
6.04077 ; 6.26049 ; 0.410055 ; 1.79104
6.16792 ; 4.18786 ; 0.805577 ; -1.66276
5.31042 ; 5.00095 ; 0.268118 ; -1.37383
6.84524 ; 6.20301 ; 1.22102 ; 0.939245
5.75768 ; 4.17194 ; 0.199905 ; -1.65385
6.52845 ; 5.62403 ; 1.51191 ; 0.228871
4.8892 ; 4.89298 ; -0.659556 ; -1.68115
4.37281 ; 6.85784 ; -0.95349 ; 1.59265
4.18319 ; 6.30189 ; -1.27477 ; 0.897035
4.21908 ; 4.01968 ; -1.49784 ; -1.46576
4.63709 ; 4.5863 ; -0.816721 ; -0.992738
6.37267 ; 5.34183 ; 1.68649 ; -0.728992
5.97573 ; 5.88477 ; 0.078683 ; 0.519816
5.83053 ; 5.40959 ; 0.213232 ; -0.440509
4.67677 ; 5.9764 ; -0.529875 ; 0.953616
4.3854 ; 4.92807 ; -1.40049 ; -0.996129
3.94797 ; 6.00463 ; -1.58879 ; 0.234502
6.45611 ; 4.14602 ; 0.601476 ; -1.01498
5.48914 ; 4.46386 ; -0.105614 ; -1.51928
4.82964 ; 4.75202 ; -0.358951 ; -0.66132
5.37736 ; 4.42212 ; 0.115678 ; -0.85406
5.00863 ; 5.4525 ; -1.168 ; -0.729504
5.21722 ; 4.4593 ; -0.92068 ; -1.65351
5.74355 ; 5.67383 ; 0.356384 ; 0.846429
6.00401 ; 5.05491 ; 0.25669 ; -1.08775
5.2457 ; 4.03818 ; -0.735863 ; -1.58804
5.33625 ; 6.84406 ; 0.214447 ; 1.41408
5.8385 ; 6.63108 ; 1.3634 ; 1.12798
4.882 ; 5.93267 ; -1.70249 ; 0.71422
6.86325 ; 4.35125 ; 1.09776 ; -0.808164
5.29325 ; 5.26163 ; 0.30383 ; -0.515754
5.47197 ; 4.78469 ; 0.559746 ; -1.47782
4.72025 ; 4.72821 ; -1.76505 ; -1.48736
6.47445 ; 6.87601 ; 0.814946 ; 1.3248
4.99019 ; 5.98746 ; -0.0909783 ; 0.0944328
5.24851 ; 6.12885 ; -1.03285 ; 0.616697
4.83424 ; 6.37959 ; -1.80853 ; 1.74299
5.88785 ; 6.2714 ; 0.216681 ; 0.777439
5.43019 ; 3.87025 ; -0.497814 ; -1.6816
6.32207 ; 5.23219 ; 1.69328 ; -0.760464
5.94845 ; 5.86431 ; 0.769372 ; 1.29516
7.10908 ; 4.90273 ; 1.56541 ; -0.00594429
5.9245 ; 4.85903 ; 0.730794 ; -0.873109
7.1085 ; 5.0224 ; 1.43415 ; -1.07957
6.86722 ; 6.24276 ; 1.58241 ; 0.283012
5.97717 ; 6.02544 ; 1.01577 ; 1.39696
6.25163 ; 5.1959 ; 0.848947 ; -1.01124
5.22473 ; 6.90294 ; -0.145896 ; 1.71121
6.52168 ; 5.65722 ; 1.65213 ; 0.828549
6.57272 ; 5.36538 ; 1.28403 ; -0.379545
4.57671 ; 4.19245 ; -0.890362 ; -1.50478
4.39957 ; 5.25419 ; -1.12378 ; -0.582609
5.29008 ; 4.70888 ; 0.327086 ; -1.04462
6.41769 ; 6.09373 ; 1.47764 ; 0.3256
4.14595 ; 5.76672 ; -1.78355 ; -0.456284
5.57525 ; 5.97532 ; -0.389049 ; 0.676737
5.94176 ; 4.50919 ; 0.278373 ; -1.37719
5.5908 ; 5.91057 ; 0.0730108 ; 0.311288
6.30468 ; 5.73264 ; 1.64646 ; 0.305006
4.70217 ; 6.54661 ; -1.63824 ; 1.23443
4.67499 ; 4.9271 ; -0.741066 ; -0.330494
5.40617 ; 6.85467 ; -0.203101 ; 1.89273
6.0011 ; 7.30393 ; 1.10294 ; 1.59338
5.18952 ; 5.336 ; -0.515878 ; 0.5001
5.43071 ; 6.80507 ; -0.856559 ; 1.48582
6.27953 ; 4.96103 ; 1.56788 ; -1.24274
4.68874 ; 6.61476 ; -0.446632 ; 1.51224
6.32658 ; 4.78439 ; 1.69068 ; -1.03933
5.66166 ; 5.06438 ; -0.570444 ; -0.145451
6.32573 ; 4.40496 ; 0.55101 ; -1.87765
5.12902 ; 5.37632 ; 0.0434211 ; 0.55459
5.89389 ; 5.80849 ; 1.21417 ; -0.184542
4.70129 ; 7.12285 ; -1.48041 ; 1.58656
6.89165 ; 4.20561 ; 1.64681 ; -1.40526
4.22681 ; 6.42743 ; -1.27262 ; 0.557381
5.65126 ; 6.04628 ; 0.0277117 ; 0.999867
6.00412 ; 5.38221 ; 1.25496 ; -0.652771
4.12892 ; 5.80455 ; -1.23555 ; 1.2995
4.23504 ; 5.00028 ; -1.15508 ; -0.450919
6.55124 ; 4.41706 ; 1.06089 ; -1.69546
5.73943 ; 6.30913 ; 0.782642 ; 0.98439
5.74793 ; 4.99997 ; 0.98688 ; -0.446124
6.5402 ; 4.22561 ; 1.19899 ; -1.72086
6.71464 ; 4.14239 ; 1.29308 ; -1.10744
6.12192 ; 3.87504 ; 1.5684 ; -1.74113
6.11853 ; 6.88803 ; 0.856068 ; 1.40484
5.39727 ; 6.62503 ; 0.0686354 ; 1.5477
4.47219 ; 5.25543 ; -1.73555 ; -0.360536
6.63496 ; 6.07047 ; 1.09397 ; 1.68528
5.09532 ; 5.53477 ; -1.14242 ; 0.052645
5.55579 ; 7.14422 ; -0.484797 ; 1.55643
6.95553 ; 5.73596 ; 1.56574 ; 1.14892
6.84934 ; 6.54821 ; 1.82652 ; 1.80892
4.26436 ; 6.20449 ; -1.27139 ; 1.22115
4.86373 ; 6.18498 ; -1.68838 ; 1.32437
4.63173 ; 6.05007 ; -0.848712 ; 0.477813
4.17709 ; 4.85826 ; -1.75887 ; -1.72463
6.96994 ; 5.6001 ; 1.93079 ; -0.393254
5.9739 ; 5.20636 ; 1.51091 ; -0.993706
5.26464 ; 7.05649 ; -1.18117 ; 1.5705
3.77662 ; 4.87032 ; -1.52753 ; -1.42325
6.03281 ; 4.45057 ; 1.40328 ; -1.38677
4.53985 ; 5.10405 ; -1.00693 ; -0.960141
4.71874 ; 6.73553 ; -0.491388 ; 0.978083
6.77833 ; 5.39787 ; 1.45338 ; 0.638958
4.30417 ; 5.21571 ; -1.14601 ; 0.229367
5.06199 ; 6.26182 ; -0.0971308 ; 0.998547
5.36615 ; 5.49267 ; -0.614353 ; -0.201544
4.83475 ; 5.81622 ; -0.423002 ; 0.191406
4.64044 ; 6.55056 ; -1.0088 ; 0.905685
4.56596 ; 5.23857 ; -0.782117 ; -0.182473
5.4509 ; 6.04566 ; 0.354795 ; 1.54374
6.86806 ; 4.49427 ; 1.6967 ; -1.76594
6.56042 ; 6.24621 ; 1.59517 ; 1.71983
5.09012 ; 5.96685 ; -0.421599 ; 0.0819606
5.83117 ; 7.03571 ; -0.327632 ; 1.31977
5.3434 ; 6.54008 ; 0.544837 ; 1.85006
5.68308 ; 4.3028 ; 1.10622 ; -1.22398
4.13948 ; 5.64923 ; -1.76959 ; 0.410774
5.3979 ; 6.36714 ; -0.776874 ; 1.5175
4.24728 ; 5.8959 ; -1.17559 ; 0.598447
5.4087 ; 5.225 ; 0.637576 ; -0.619259
4.82485 ; 5.14594 ; -1.17931 ; -1.27083
4.58412 ; 5.88596 ; -1.28443 ; 0.0355349
4.72268 ; 5.2941 ; -1.04182 ; -0.552576
5.32578 ; 4.10857 ; -0.700413 ; -1.32795
6.42286 ; 3.74946 ; 0.98535 ; -1.4483
5.30407 ; 6.50592 ; -0.100629 ; 1.6882
5.53093 ; 5.24277 ; -0.648688 ; -0.0667079
6.34837 ; 6.81664 ; 1.52097 ; 1.79812
5.16075 ; 4.58453 ; 0.131949 ; -1.90169
7.02021 ; 4.89604 ; 1.67357 ; -1.07556
5.38784 ; 5.64663 ; 0.185791 ; 0.304607
5.17143 ; 4.42902 ; -1.2216 ; -1.76665
6.95357 ; 5.71809 ; 1.53379 ; -0.14006
6.25293 ; 6.22044 ; 0.479515 ; 1.90815
5.86487 ; 6.52612 ; -0.285017 ; 0.875221
5.77054 ; 5.33016 ; 0.792844 ; -0.820107
6.24805 ; 5.04109 ; 1.07896 ; -1.07796
6.15367 ; 6.69254 ; 0.518866 ; 0.984978
4.79183 ; 6.98147 ; -0.336144 ; 1.26463
5.55911 ; 4.58203 ; 0.156677 ; -1.59397
4.86201 ; 4.51712 ; -0.900436 ; -1.71581
6.48008 ; 4.37692 ; 1.34951 ; -1.09563
4.18963 ; 4.08335 ; -1.68751 ; -1.39129
6.0356 ; 4.98236 ; 1.22243 ; -1.4631
5.908 ; 7.01646 ; 0.746787 ; 1.47417
5.03015 ; 6.06156 ; -0.0374938 ; 1.44944
5.49637 ; 6.52281 ; 0.407798 ; 1.16406
5.48218 ; 4.47585 ; -0.150938 ; -1.23144
6.52053 ; 5.07771 ; 1.16166 ; -0.265963
4.1992 ; 5.97185 ; -1.55781 ; 1.12922
6.11647 ; 5.15329 ; 1.39873 ; 0.0252086
6.20265 ; 5.84575 ; 1.57612 ; -0.166686
4.9487 ; 6.78201 ; -1.00178 ; 1.80006
5.77388 ; 5.73613 ; 0.438085 ; 0.143434
5.19168 ; 5.80548 ; -1.2571 ; 0.820239
6.75314 ; 5.42964 ; 1.18736 ; -0.821441
6.10888 ; 4.58676 ; 0.981164 ; -1.62094
5.97944 ; 4.56172 ; 0.496458 ; -1.23566
4.40726 ; 5.55246 ; -1.73499 ; -0.200048
5.82052 ; 5.07807 ; 1.27843 ; 0.100173
5.37731 ; 6.37691 ; -0.104198 ; 1.18945
6.70288 ; 4.59589 ; 1.30608 ; -1.04777
6.10848 ; 5.07639 ; 0.923301 ; -1.46728
5.49577 ; 6.34591 ; 0.374078 ; 1.64549
3.997 ; 6.11477 ; -1.56873 ; 1.06545
5.26674 ; 6.34674 ; 0.132786 ; 1.66345
4.68095 ; 6.08442 ; -1.42218 ; 0.488553
6.71677 ; 5.80156 ; 1.35666 ; 0.374206
4.81295 ; 6.28112 ; -1.31304 ; 1.05573
6.15507 ; 4.85445 ; 1.63585 ; -0.783116
5.53638 ; 4.40563 ; -0.252919 ; -1.52266
6.44375 ; 4.45136 ; 1.65575 ; -1.33379
4.80856 ; 5.08381 ; -0.995199 ; -0.0296728
5.65207 ; 5.54702 ; 0.812159 ; -0.552359
5.85789 ; 5.31144 ; 0.204282 ; -0.63958
4.84638 ; 4.856 ; -0.972071 ; -1.79742
7.19381 ; 5.0075 ; 1.56868 ; -0.977199
4.44319 ; 4.85496 ; -1.79569 ; -0.57418
5.95088 ; 5.60752 ; 0.0415221 ; -0.0711061
5.59153 ; 6.2952 ; 0.0198992 ; 0.716135
4.14787 ; 6.04618 ; -1.67923 ; 1.62024
5.88831 ; 3.89955 ; 0.511683 ; -1.82862
6.62158 ; 6.32247 ; 1.25136 ; 0.950095
5.24726 ; 6.2191 ; 0.244077 ; 0.747846
5.97428 ; 5.7779 ; 1.18527 ; 0.56379
6.08948 ; 4.51732 ; 1.37309 ; -1.44989
5.29787 ; 6.0368 ; 0.153789 ; 0.543243
4.70369 ; 4.64831 ; -0.844795 ; -0.673484
5.27847 ; 4.72637 ; -0.508995 ; -1.07839
6.59196 ; 6.09577 ; 1.15298 ; 1.23394
5.82024 ; 7.21156 ; -0.0152815 ; 1.46735
6.0001 ; 3.93649 ; 0.814754 ; -1.7354
5.81085 ; 5.4624 ; -0.15373 ; -0.554524
5.19399 ; 4.70152 ; -0.555976 ; -0.986064
4.29748 ; 5.00393 ; -1.59435 ; -0.00137117
6.27251 ; 5.9221 ; 1.66829 ; 1.01962
6.88732 ; 4.40773 ; 1.57529 ; -1.32452
4.50294 ; 4.83265 ; -1.87631 ; -0.806984
4.84785 ; 4.08494 ; -1.29509 ; -1.66572
5.2484 ; 5.14275 ; -0.182102 ; -1.08094
4.56893 ; 6.15175 ; -1.03257 ; 1.17677
5.54167 ; 4.79561 ; -0.617317 ; -1.85461
4.45851 ; 6.56322 ; -1.71678 ; 1.09119
4.9026 ; 7.04486 ; -1.09578 ; 1.77131
6.33839 ; 5.51783 ; 0.828164 ; -0.185332
4.65113 ; 4.91787 ; -1.23337 ; -0.525803
6.87093 ; 4.77159 ; 1.83676 ; -0.27809
6.3459 ; 4.1471 ; 1.2805 ; -1.87737
4.5885 ; 6.42046 ; -1.40643 ; 1.2313
6.85865 ; 5.09396 ; 1.68797 ; -1.14451
6.71497 ; 4.53201 ; 1.73405 ; -1.24559
6.72652 ; 4.97123 ; 1.2494 ; -0.529475
6.01887 ; 5.96273 ; 1.6259 ; 0.320635
7.01252 ; 4.75516 ; 1.56103 ; -1.28431
5.53646 ; 6.20418 ; 0.601313 ; 1.29037
5.67236 ; 5.23808 ; -0.213744 ; -0.730787
5.68829 ; 5.83298 ; -0.276699 ; 0.185754
6.53134 ; 6.32517 ; 1.64702 ; 1.18677
4.53859 ; 6.46818 ; -1.83516 ; 1.71118
6.22454 ; 6.21578 ; 0.316949 ; 0.60398
4.9716 ; 6.63307 ; -0.328341 ; 1.14018
4.42237 ; 5.10426 ; -1.10706 ; -0.606495
6.17591 ; 6.96419 ; 1.00202 ; 1.64574
5.47893 ; 5.85337 ; -0.664597 ; 0.413517
5.44574 ; 5.4812 ; -0.336698 ; -0.745278
5.97464 ; 5.51271 ; 0.164499 ; 0.00246572
6.05651 ; 6.17387 ; 0.944923 ; 1.11714
5.34596 ; 5.02715 ; -0.58847 ; -1.46827
6.59706 ; 4.46887 ; 1.02344 ; -1.19596
5.7358 ; 6.051 ; -0.0200339 ; 0.879507
6.24959 ; 6.54794 ; 1.00779 ; 1.3698
5.53416 ; 6.56209 ; -0.618898 ; 1.66633
5.72511 ; 6.14696 ; 0.411315 ; 1.60521
6.65688 ; 4.86608 ; 1.43504 ; -0.656532
5.8489 ; 5.06522 ; -0.0295407 ; -0.868553
6.89086 ; 5.11196 ; 1.43774 ; 0.3136
6.70729 ; 3.82465 ; 1.16169 ; -1.2966
4.46468 ; 6.05878 ; -1.91375 ; 0.945196
6.18725 ; 5.555 ; 1.02627 ; 0.0151383
6.05441 ; 7.1432 ; 0.946557 ; 1.5634
5.01807 ; 6.4912 ; -1.41056 ; 1.67439
6.01995 ; 6.44612 ; 1.33486 ; 1.4838
5.12091 ; 6.37839 ; -0.512871 ; 1.41705
6.36794 ; 4.80281 ; 1.92581 ; -0.376169
5.91832 ; 4.68447 ; 0.720761 ; -0.766887
6.17627 ; 6.14332 ; 0.264325 ; 0.498527
4.31195 ; 5.15566 ; -1.79614 ; -0.877677
4.72584 ; 4.58835 ; -0.892053 ; -1.56653
5.3861 ; 7.13624 ; -0.0274033 ; 1.62681
6.66009 ; 5.84455 ; 1.5151 ; 0.942767
5.82692 ; 4.34723 ; 0.908002 ; -1.91759
5.22728 ; 5.61694 ; 0.168144 ; 0.961633
4.93419 ; 4.65202 ; -0.966952 ; -1.56858
5.63246 ; 6.55325 ; -0.244698 ; 1.22256
4.33119 ; 5.45685 ; -1.34326 ; -0.690309
6.54921 ; 4.53339 ; 0.981925 ; -1.34553
4.11417 ; 5.04739 ; -1.61447 ; -1.25081
5.43297 ; 4.80465 ; -0.135566 ; -1.49198
5.38354 ; 6.773 ; -0.903012 ; 1.04257
4.7966 ; 6.259 ; -0.471982 ; 1.54043
6.52853 ; 6.80083 ; 1.35822 ; 1.52445
6.5406 ; 6.75544 ; 1.72517 ; 0.980194
4.17697 ; 4.43167 ; -1.72235 ; -0.911224
3.84686 ; 5.28186 ; -1.53977 ; -1.0218
4.90886 ; 3.84574 ; -0.739305 ; -1.47828
4.47953 ; 7.03174 ; -0.547987 ; 1.17327
6.03972 ; 6.59169 ; 1.58555 ; 1.18212
4.73898 ; 6.30927 ; -1.75161 ; 0.613124
6.22357 ; 4.61821 ; 0.970503 ; -1.42664
5.94779 ; 6.11836 ; 1.43449 ; 1.679
4.54808 ; 4.6674 ; -1.02158 ; -1.61797
5.34606 ; 4.70989 ; 0.485475 ; -0.700887
6.22289 ; 5.1344 ; 1.42802 ; -0.380929
5.63014 ; 5.23765 ; 0.746247 ; -1.129
5.51499 ; 5.27102 ; -0.362343 ; -0.162143
3.77149 ; 4.203 ; -1.35266 ; -1.41648
5.38968 ; 4.88058 ; -0.992748 ; -0.587306
6.37966 ; 5.52151 ; 0.623588 ; -0.555695
6.00661 ; 4.37382 ; 1.48534 ; -1.46184
6.17283 ; 5.98584 ; 0.807498 ; 0.227368
4.18738 ; 5.21337 ; -1.87404 ; -0.0436787
5.69725 ; 3.83267 ; 0.0550316 ; -1.64383
4.47496 ; 4.4661 ; -1.68334 ; -0.90309
6.79185 ; 4.67293 ; 1.46417 ; -0.654155
4.50038 ; 5.71146 ; -0.705957 ; 1.14421
5.12292 ; 4.06677 ; -1.05968 ; -1.51742
5.95041 ; 5.93873 ; 1.009 ; 0.607434
4.78746 ; 5.4496 ; -0.901579 ; 0.217086
6.09344 ; 5.29172 ; 1.51498 ; 0.427217
4.47088 ; 4.97343 ; -1.36734 ; -0.881598
4.61776 ; 6.03449 ; -1.49198 ; 0.186311
4.9358 ; 6.18431 ; -0.577318 ; 1.25442
5.92282 ; 6.1369 ; 0.104796 ; 1.41714
4.66454 ; 6.40661 ; -1.72001 ; 1.27497
4.90361 ; 4.81484 ; -0.616998 ; -0.757318
3.72267 ; 4.80305 ; -1.56476 ; -0.932897
5.87734 ; 6.58299 ; 0.849752 ; 1.94987
4.65242 ; 4.03822 ; -0.576365 ; -1.39586
5.86814 ; 5.62459 ; 0.495206 ; -0.225295
4.7253 ; 4.94198 ; -1.04467 ; -0.410392
4.80003 ; 5.13724 ; -0.500413 ; -0.354853
5.34453 ; 4.67643 ; 0.55074 ; -0.944445
5.74377 ; 4.11042 ; 0.955449 ; -1.87538
3.94061 ; 4.67663 ; -1.57807 ; -0.954955
4.10628 ; 5.47405 ; -1.6024 ; -0.565292
4.31358 ; 5.97955 ; -1.21403 ; 0.230611
4.43698 ; 6.22725 ; -1.10149 ; 1.14714
5.435 ; 5.56967 ; 0.134338 ; 0.292456
4.96211 ; 5.52835 ; -1.05393 ; -0.621701
4.88137 ; 4.40097 ; -1.09365 ; -1.66012
5.18151 ; 5.61171 ; -0.799167 ; 0.0580561
5.98592 ; 4.83407 ; 0.0862552 ; -1.05008
4.79525 ; 5.17987 ; -1.63455 ; 0.169704
6.26468 ; 3.79726 ; 0.733003 ; -1.50931
6.01688 ; 6.34504 ; 1.04315 ; 1.43743
6.93118 ; 5.94296 ; 1.96455 ; 1.45044
5.0806 ; 6.27735 ; -0.273372 ; 1.89445
5.40764 ; 5.58031 ; -0.891562 ; 0.556059
5.16575 ; 6.74148 ; -1.04938 ; 1.57147
6.22459 ; 5.74857 ; 1.4186 ; 0.758396
4.09429 ; 4.61286 ; -1.72775 ; -1.28055
4.61157 ; 6.00598 ; -1.30503 ; 1.47163
5.02993 ; 4.3637 ; -0.523042 ; -1.62994
4.68776 ; 4.17614 ; -1.00215 ; -1.90136
5.66174 ; 5.41553 ; 0.00455965 ; -0.673547
6.38877 ; 4.46031 ; 0.578732 ; -1.59113
6.38254 ; 6.01365 ; 0.919182 ; 0.148983
5.60061 ; 4.67791 ; 0.409851 ; -1.52262
4.14594 ; 4.362 ; -1.40127 ; -1.02407
5.21539 ; 5.25655 ; 0.301144 ; 0.0435938
5.6234 ; 6.07004 ; 0.782305 ; 0.699778
4.48511 ; 6.46335 ; -1.7172 ; 0.610169
6.2267 ; 4.78446 ; 1.60842 ; -0.68277
6.51512 ; 4.13976 ; 1.66079 ; -1.48161
5.11812 ; 5.72096 ; -1.01964 ; -0.300618
5.76737 ; 5.05942 ; -0.379928 ; -0.565966
5.04348 ; 4.91415 ; -0.907821 ; -1.48437
4.88918 ; 4.35937 ; -1.34819 ; -1.20269
6.9844 ; 4.2582 ; 1.61487 ; -0.820799
6.94639 ; 6.91679 ; 1.50389 ; 1.30531
4.95624 ; 6.78234 ; -0.135141 ; 1.84204
5.21792 ; 6.78054 ; 0.134734 ; 1.35857
6.40909 ; 5.74231 ; 1.33225 ; 0.139314
6.31772 ; 6.56956 ; 0.820023 ; 1.71588
6.80858 ; 4.37548 ; 1.49658 ; -1.57791
5.56001 ; 5.98674 ; 0.62603 ; 1.06909
4.18022 ; 4.8447 ; -1.63358 ; -1.0818
5.62913 ; 6.43764 ; 0.014906 ; 0.65311
4.22998 ; 4.13136 ; -1.29981 ; -1.41571
5.07293 ; 4.45205 ; -1.20595 ; -1.83804
5.42072 ; 4.29537 ; 0.0418677 ; -1.69789
4.22951 ; 6.08879 ; -1.50467 ; 0.631932
6.28941 ; 5.68973 ; 1.90067 ; 0.391749
6.11385 ; 6.9862 ; 1.06953 ; 1.35367
6.39194 ; 4.04496 ; 1.37681 ; -1.35172
6.6497 ; 6.22241 ; 1.58211 ; 1.81046
4.31862 ; 5.6663 ; -1.04706 ; -0.414752
4.87182 ; 5.76736 ; -0.618451 ; -0.113491
6.50984 ; 5.81057 ; 1.02602 ; 0.484532
4.96439 ; 4.70657 ; -1.57199 ; -1.34245
5.1876 ; 4.45249 ; 0.164678 ; -1.41096
4.56505 ; 5.02833 ; -1.59858 ; -1.36747
5.72748 ; 4.49034 ; 0.406644 ; -1.37339
6.44594 ; 5.71043 ; 1.60152 ; 0.2855
4.98433 ; 6.06666 ; -0.209692 ; 1.38711
5.28397 ; 6.41219 ; -0.367551 ; 0.883799
5.298 ; 5.15595 ; 0.0552794 ; -0.422141
5.37063 ; 6.152 ; -0.197605 ; 1.23325
5.59934 ; 4.28496 ; -0.348105 ; -1.17516
4.49433 ; 5.44345 ; -1.68171 ; -0.0776642
5.56424 ; 4.14651 ; -0.508182 ; -1.97733
6.16202 ; 5.48367 ; 1.61597 ; 0.676549
