6.5346 ; 3.96744 ; -6.03036 ; -5.32544
6.63176 ; 4.80098 ; -6.09967 ; 6.17493
6.9458 ; 3.90986 ; -6.14644 ; 6.26353
5.52845 ; 4.83505 ; 6.12725 ; 6.10205
5.32889 ; 4.90031 ; -5.83116 ; -5.93178
5.51194 ; 4.8884 ; 6.12477 ; 6.08617
6.21198 ; 5.37251 ; -6.26368 ; -6.21828
5.71544 ; 5.39289 ; -5.99791 ; 5.79087
7.91824 ; 4.20483 ; -2.92503 ; 6.46279
6.6027 ; 5.73834 ; -6.30938 ; -6.32935
6.91226 ; 4.56912 ; -5.80068 ; -5.81927
6.53206 ; 4.94326 ; 5.45692 ; -5.90251
3.53528 ; 2.41907 ; 4.70702 ; -0.870118
3.39994 ; 3.8287 ; -3.1736 ; 6.17326
8.18356 ; 2.65071 ; 1.86627 ; 3.6867
7.04983 ; 6.31047 ; 4.92026 ; -5.71199
4.21025 ; 2.84181 ; 6.27321 ; 3.71925
6.6125 ; 6.38016 ; -6.44966 ; -5.85905
5.97313 ; 4.76541 ; -6.10906 ; -5.9139
3.95393 ; 6.42799 ; -4.45656 ; -5.70684
5.92126 ; 5.15766 ; -6.15833 ; -6.10998
5.33864 ; 5.31877 ; 6.19875 ; -6.15765
6.52235 ; 5.72029 ; -6.32796 ; -6.31361
6.36605 ; 5.27828 ; 5.59389 ; -6.01396
3.91798 ; 6.28587 ; 5.19944 ; -6.2626
8.12391 ; 4.55983 ; -1.46789 ; 6.33737
5.19315 ; 4.42709 ; -5.75439 ; 6.05719
5.39689 ; 4.63055 ; -5.89096 ; 6.06278
5.65586 ; 4.99869 ; 6.05084 ; 6.02027
6.99106 ; 3.16336 ; 4.97996 ; -4.42495
6.95986 ; 5.79773 ; -6.06678 ; -6.39131
6.04519 ; 3.71816 ; -6.29551 ; 5.7649
6.88398 ; 6.00752 ; -6.22384 ; -6.32679
6.37648 ; 6.25533 ; -6.08457 ; 5.07637
3.86323 ; 3.04086 ; 5.50413 ; 4.87112
6.4099 ; 4.29124 ; -6.30614 ; 6.26856
3.26874 ; 2.69347 ; 2.72633 ; 3.65932
4.49651 ; 3.91914 ; 6.26146 ; 6.31603
4.91812 ; 5.5557 ; 6.26701 ; -6.27349
2.98937 ; 5.88602 ; -0.0126916 ; 5.40453
5.34896 ; 5.20068 ; 6.11846 ; 5.9385
4.94301 ; 5.59549 ; 6.27758 ; -6.27187
6.34575 ; 5.3197 ; 5.6015 ; 5.7901
5.06414 ; 3.70601 ; 6.42175 ; 5.90506
5.01483 ; 4.90171 ; 6.14302 ; -6.00322
4.52057 ; 3.81726 ; 6.31124 ; 6.23391
5.99731 ; 4.63771 ; -6.19349 ; 6.1629
4.4708 ; 3.93744 ; 6.23392 ; 6.32303
3.67652 ; 2.61377 ; 5.12723 ; 2.54497
5.86094 ; 4.85582 ; -6.11759 ; 6.08399
4.32645 ; 3.55395 ; 6.21102 ; 5.98666
5.86966 ; 4.8195 ; -6.12635 ; 6.09653
4.96108 ; 4.22792 ; 6.35756 ; 6.29937
5.36025 ; 5.25549 ; 6.18249 ; -6.1386
4.83016 ; 2.88727 ; -5.38529 ; -3.97828
4.6988 ; 5.21688 ; 6.08361 ; -6.18727
6.20327 ; 4.65216 ; -6.22534 ; 6.19599
4.71903 ; 5.67128 ; 6.22907 ; -6.31567
6.10548 ; 4.63168 ; -6.21757 ; 6.18593
6.83872 ; 6.00652 ; -6.2621 ; -6.3156
4.65167 ; 4.83323 ; -5.31219 ; 5.97048
5.21911 ; 4.51723 ; 6.27434 ; 6.23796
4.88847 ; 5.58283 ; 6.26741 ; -6.2811
8.14519 ; 3.57221 ; -1.45357 ; 6.26394
5.65625 ; 4.87483 ; -6.01204 ; -5.95336
3.14024 ; 6.01865 ; -1.10728 ; -6.39176
6.76399 ; 3.7761 ; -6.33602 ; 6.10286
6.52393 ; 4.28012 ; -6.28644 ; 6.2955
4.45135 ; 3.97741 ; 6.19772 ; 6.35919
4.77137 ; 4.34304 ; 6.00189 ; -5.6216
8.22805 ; 3.50216 ; -0.245633 ; 6.17729
3.57592 ; 2.99228 ; -3.56262 ; 4.73853
6.37375 ; 4.342 ; -6.29631 ; 6.26432
2.93353 ; 3.17231 ; -0.578541 ; -4.18843
4.21503 ; 7.00933 ; 6.19 ; -4.18912
6.01833 ; 5.2427 ; -6.20188 ; -6.15283
6.54932 ; 3.82024 ; -6.39461 ; 6.06516
7.13336 ; 3.57925 ; -6.02794 ; 5.986
6.35454 ; 4.07304 ; -6.35003 ; 6.18964
6.42659 ; 6.50869 ; -6.46117 ; -5.56128
6.64497 ; 3.66158 ; -6.03951 ; -5.01211
6.35832 ; 5.44125 ; -6.28157 ; -6.26029
4.50081 ; 5.90682 ; 6.15225 ; -6.33346
4.96167 ; 4.33326 ; 6.33431 ; 6.30785
6.39011 ; 5.66681 ; -6.33315 ; -6.28727
8.18435 ; 2.96392 ; 1.66711 ; 4.97701
6.99184 ; 5.73476 ; -5.99848 ; -6.39713
7.89607 ; 6.60625 ; -3.58326 ; -5.85938
7.78697 ; 4.70787 ; -3.69245 ; -5.92831
5.36976 ; 5.2252 ; 6.17472 ; -6.12921
4.91757 ; 5.49619 ; 6.25105 ; -6.26462
4.02596 ; 2.4041 ; 5.39339 ; 0.116849
6.53747 ; 3.81615 ; -6.39573 ; 6.05361
5.80958 ; 4.58734 ; -6.12826 ; 6.13788
6.33411 ; 4.93896 ; 5.62582 ; 5.96479
5.9621 ; 5.19748 ; -6.17831 ; -6.1295
3.03865 ; 7.37644 ; 1.68371 ; 2.7417
4.38418 ; 4.72124 ; 5.85571 ; 6.26336
7.25754 ; 3.83456 ; 4.68639 ; 5.93378
6.26225 ; 5.63532 ; -6.32234 ; -6.2596
5.22155 ; 5.31169 ; 6.21889 ; -6.17546
6.48838 ; 4.35655 ; -6.27498 ; 6.29029
7.04833 ; 3.58014 ; 4.90682 ; 5.68012
7.45354 ; 6.32899 ; -5.05601 ; 4.9361
4.00542 ; 7.56024 ; 5.97352 ; 0.369573
5.12692 ; 4.53722 ; 6.28358 ; 6.25362
8.23236 ; 5.15985 ; 1.74952 ; -6.15576
4.83571 ; 6.56675 ; 6.44998 ; -5.419
6.87951 ; 7.52526 ; -6.451 ; -0.747945
7.10081 ; 7.53125 ; -6.34329 ; -0.523253
7.84212 ; 6.41514 ; -4.03457 ; -5.47147
3.11636 ; 7.11017 ; -0.821952 ; -4.75832
6.49929 ; 6.11488 ; -6.41537 ; -6.13736
6.72131 ; 3.56862 ; -6.40238 ; 5.79144
4.01834 ; 6.1179 ; -4.57686 ; -5.96743
6.89793 ; 6.23842 ; -6.28807 ; -6.16216
6.23426 ; 4.50764 ; -6.2587 ; 6.23074
4.75281 ; 3.07984 ; 6.52922 ; 4.51521
6.27918 ; 5.69658 ; -6.07049 ; 5.58571
4.62701 ; 6.80573 ; 6.45826 ; -4.85035
6.70889 ; 5.67452 ; -6.23783 ; -6.35046
3.35616 ; 6.9875 ; 3.03864 ; -5.03412
7.07633 ; 7.73783 ; 4.80831 ; 0.56911
3.80059 ; 4.28532 ; -4.3436 ; -5.49837
3.22344 ; 7.61625 ; 3.01679 ; 0.00290787
4.78104 ; 5.76784 ; 6.03238 ; 5.54843
6.3213 ; 5.87732 ; -6.3673 ; -6.22571
5.47839 ; 4.81055 ; 6.14906 ; 6.11837
4.68238 ; 4.96097 ; 6.07661 ; 6.11836
4.46921 ; 5.45916 ; 5.9495 ; -6.30351
6.24613 ; 4.52098 ; -6.25588 ; 6.2317
6.15064 ; 6.64083 ; -6.10399 ; 4.64317
5.22977 ; 5.293 ; 6.21403 ; -6.1693
5.37983 ; 5.71505 ; 6.22767 ; -6.16268
8.17849 ; 3.78213 ; -0.827843 ; 6.40445
7.85985 ; 2.68256 ; 3.35497 ; 3.6924
5.03806 ; 5.60876 ; 6.2928 ; -6.25113
6.67363 ; 5.68724 ; -6.26219 ; -6.34499
6.3907 ; 5.61061 ; -6.31981 ; -6.28888
5.88954 ; 5.38002 ; -6.17546 ; -6.16523
6.81801 ; 3.42397 ; -6.39324 ; 5.54063
5.76263 ; 5.2056 ; -6.09955 ; -6.10212
7.85286 ; 6.63542 ; -3.88985 ; -5.92369
6.75819 ; 6.77674 ; -6.0584 ; 4.39074
6.16744 ; 4.29193 ; -6.28835 ; 6.20569
6.63553 ; 3.81596 ; -6.04701 ; -5.16882
3.2707 ; 6.28399 ; -2.50224 ; -6.18794
4.80573 ; 6.00156 ; 6.35507 ; -6.20927
5.33801 ; 4.9206 ; 6.17435 ; 6.09193
5.55911 ; 4.85123 ; 6.11283 ; 6.0921
3.3732 ; 2.68535 ; 3.56198 ; 3.49106
7.66761 ; 2.43627 ; -5.26349 ; -1.35461
5.52828 ; 4.90153 ; 6.1173 ; 6.07889
6.48985 ; 3.76491 ; 5.45292 ; -5.09232
6.3499 ; 5.62645 ; -6.32616 ; -6.27977
6.34287 ; 5.96978 ; -6.38433 ; -6.18696
5.4169 ; 4.79343 ; 6.1723 ; 6.12913
7.37719 ; 3.29105 ; -5.67789 ; 5.51576
5.94109 ; 4.70181 ; -6.16794 ; 6.14031
4.70701 ; 3.41299 ; 6.48692 ; 5.53335
6.06871 ; 5.23831 ; -6.21302 ; -6.15881
4.30645 ; 5.13886 ; 5.68679 ; 6.02008
6.49007 ; 3.36192 ; -6.10599 ; -4.65782
7.06086 ; 6.09373 ; -6.05294 ; -6.32758
7.31297 ; 6.03538 ; -5.54367 ; -6.4102
5.10036 ; 6.22574 ; -5.70525 ; -5.43666
6.23411 ; 6.20821 ; 5.62864 ; 5.14829
4.70703 ; 5.60408 ; 6.20055 ; -6.31257
5.5531 ; 4.55998 ; -5.92922 ; -5.76306
6.5515 ; 5.54921 ; 5.43548 ; 5.64129
6.14745 ; 5.5043 ; 5.76139 ; -6.05814
5.9645 ; 5.19211 ; -6.17794 ; -6.12847
7.09552 ; 3.9199 ; -5.93352 ; 6.32708
8.23417 ; 2.41108 ; -2.09596 ; 0.954169
6.34164 ; 5.56444 ; -6.3115 ; -6.27628
3.34917 ; 2.82888 ; 2.88486 ; 4.31818
3.53333 ; 3.41275 ; 3.91008 ; 6.03484
5.32013 ; 5.31788 ; 6.20276 ; -6.16063
3.32894 ; 3.60604 ; 2.50974 ; 6.30802
3.44746 ; 7.03074 ; -3.54033 ; 3.97344
5.02939 ; 6.192 ; 6.38314 ; -5.97105
5.17062 ; 4.82156 ; 6.2213 ; 6.15363
6.99505 ; 3.5897 ; -6.20905 ; 5.94881
6.13811 ; 4.52135 ; -6.24521 ; 6.20822
6.67948 ; 3.81167 ; -6.36461 ; 6.10813
3.35629 ; 5.70101 ; 3.06812 ; 5.38264
4.5634 ; 3.45789 ; 6.43467 ; 5.69999
5.0315 ; 5.80861 ; 6.3314 ; -6.22415
4.89328 ; 4.17618 ; 6.36468 ; 6.30719
6.86177 ; 4.16056 ; -6.12932 ; 6.35371
6.22775 ; 5.42708 ; 5.70119 ; -6.04852
7.82985 ; 6.53324 ; -3.87539 ; -6.08724
4.81544 ; 4.01244 ; 6.39276 ; 6.27138
6.79643 ; 3.65245 ; -6.35123 ; 5.95786
4.37852 ; 3.36707 ; 5.85191 ; -4.5973
3.28827 ; 3.28769 ; 2.30617 ; 5.86191
5.8793 ; 4.81926 ; -6.12886 ; 6.09824
6.10821 ; 5.05357 ; -6.14599 ; 6.01424
5.41274 ; 5.25253 ; 6.16766 ; -6.12941
5.33024 ; 4.56052 ; 6.2383 ; 6.20966
5.3998 ; 5.2949 ; -5.85549 ; 5.82981
5.47883 ; 5.08804 ; 6.1211 ; -6.06568
4.75905 ; 3.89464 ; 5.99592 ; -5.23096
8.15349 ; 6.24111 ; -1.32464 ; -6.41128
5.46224 ; 4.81001 ; 6.15448 ; 6.1213
5.07776 ; 4.25206 ; 6.34631 ; 6.27315
5.68573 ; 4.90819 ; 6.0135 ; -5.96178
4.89673 ; 5.65777 ; 6.28946 ; -6.28134
5.28857 ; 4.91527 ; -5.80772 ; -5.93313
3.03796 ; 4.78007 ; -0.785587 ; -5.91528
6.09339 ; 4.68402 ; -6.20519 ; 6.17168
8.22702 ; 2.4998 ; -2.5235 ; -2.08708
7.44554 ; 4.25727 ; -4.95274 ; 6.42736
7.17329 ; 2.82046 ; -6.22661 ; 3.49506
4.09895 ; 4.47285 ; 5.39513 ; 6.38823
3.20677 ; 3.59348 ; 1.36687 ; 6.30759
4.89605 ; 4.45379 ; 6.29558 ; 6.30947
5.23044 ; 5.29238 ; 6.21402 ; -6.16939
5.34111 ; 4.67617 ; 6.21539 ; 6.18282
4.83534 ; 4.09444 ; 6.37631 ; 6.30079
5.2446 ; 4.56725 ; 6.25973 ; 6.22606
8.24305 ; 6.30648 ; 0.240099 ; -6.33314
5.86709 ; 4.79288 ; -6.12967 ; 6.10323
7.97479 ; 3.41891 ; -3.00206 ; 6.0411
6.73163 ; 6.16145 ; -6.37293 ; -6.17504
6.74113 ; 4.15868 ; -6.22823 ; 6.32845
8.19338 ; 3.7284 ; 1.65414 ; 6.2805
4.57765 ; 6.12622 ; 6.2895 ; -6.19881
6.6591 ; 4.18463 ; -6.26771 ; 6.31328
8.03802 ; 6.1367 ; -2.26886 ; -6.46046
4.32597 ; 7.74659 ; -4.89605 ; 0.373783
4.15898 ; 6.11922 ; 5.49537 ; 5.2176
3.72175 ; 7.47924 ; 5.29548 ; -1.56522
8.20428 ; 3.56151 ; 0.149485 ; 6.2244
3.68175 ; 7.52979 ; 5.18167 ; 1.4127
3.28427 ; 7.58197 ; 3.41354 ; 0.203834
5.43959 ; 5.18366 ; 6.14897 ; -6.10546
3.13554 ; 6.2596 ; -0.80825 ; -6.32448
3.69832 ; 6.3844 ; -3.9218 ; -5.90855
4.95968 ; 4.45891 ; 6.30344 ; 6.29758
5.67364 ; 5.0118 ; -6.02513 ; 5.99786
5.42053 ; 5.14405 ; 6.14793 ; -6.09416
6.15406 ; 5.35762 ; -6.25262 ; -6.20687
5.54002 ; 7.6454 ; -6.01632 ; 0.38098
4.37193 ; 3.72154 ; -4.94533 ; 5.82678
4.79275 ; 5.69109 ; 6.26937 ; -6.30159
6.04658 ; 7.56646 ; -6.26677 ; 2.02416
5.17347 ; 5.48535 ; 6.25945 ; -6.21691
5.68058 ; 5.03491 ; -6.02487 ; 5.9896
3.54391 ; 5.08303 ; 3.33693 ; -6.14675
7.84401 ; 6.89298 ; -4.12578 ; -5.26986
3.26333 ; 6.74415 ; -2.16265 ; -5.64656
5.11575 ; 5.60726 ; 6.28915 ; -6.23321
6.17636 ; 6.66067 ; 5.75179 ; -4.95099
4.67261 ; 6.7261 ; -5.32834 ; -4.97321
5.85475 ; 5.7804 ; -6.19344 ; -6.14033
5.54255 ; 5.04377 ; 6.09131 ; -6.03933
3.27216 ; 3.6412 ; 2.6499 ; -4.87519
4.07149 ; 7.37133 ; 6.07647 ; -2.2518
4.91066 ; 5.55329 ; 6.08241 ; 5.71597
7.2416 ; 5.8869 ; -5.63182 ; -6.43048
8.07228 ; 5.80578 ; -2.5765 ; -5.75139
6.27993 ; 4.48282 ; -6.26507 ; 6.24241
5.12012 ; 5.64032 ; 6.2945 ; -6.23012
6.07777 ; 5.37142 ; -6.23953 ; -6.19668
7.01345 ; 5.98485 ; -6.07271 ; -6.36683
7.05564 ; 5.87045 ; -5.95694 ; -6.40225
5.84667 ; 4.8401 ; -6.11612 ; 6.08637
5.69011 ; 5.06958 ; 6.02586 ; 5.98312
5.0185 ; 3.82723 ; 6.41858 ; 6.06297
7.95197 ; 2.91729 ; -3.48472 ; 4.61288
3.39018 ; 2.80182 ; -2.96972 ; 4.20608
5.37532 ; 5.22296 ; 6.17346 ; -6.12774
5.96256 ; 4.78771 ; -6.15868 ; 6.12103
7.43629 ; 6.3526 ; 4.37938 ; -5.79341
4.37812 ; 6.02354 ; 6.05765 ; -6.32121
3.81815 ; 3.68902 ; -4.19101 ; 5.88666
5.45045 ; 2.34106 ; -5.90871 ; -1.13277
4.78049 ; 5.60597 ; 6.03075 ; 5.67868
6.21565 ; 2.95457 ; -6.40502 ; 3.75096
7.13158 ; 5.96259 ; -5.88524 ; -6.39335
5.71655 ; 5.06358 ; 6.01415 ; 5.98287
4.88465 ; 4.3832 ; 6.31163 ; 6.32091
5.14751 ; 4.4775 ; -5.68861 ; -5.68448
6.44456 ; 4.18403 ; -6.32916 ; 6.25623
3.69937 ; 3.29833 ; 4.77586 ; 5.73672
6.83399 ; 3.98626 ; -6.22165 ; 6.29135
6.38104 ; 5.99094 ; 5.58739 ; -5.89424
5.5174 ; 5.13916 ; 6.0878 ; 5.96298
4.11363 ; 7.54643 ; 6.12766 ; 0.463819
7.45688 ; 6.94044 ; -5.63315 ; 1.95997
6.04376 ; 3.84663 ; 5.87501 ; 5.83683
5.74367 ; 5.00893 ; -6.05358 ; 6.00796
5.69514 ; 4.999 ; -6.03555 ; 6.00586
5.38234 ; 4.70043 ; 6.19919 ; 6.16853
6.36622 ; 5.6989 ; -6.34052 ; -6.27939
3.1575 ; 3.68759 ; -1.53262 ; 6.25912
5.5152 ; 4.86876 ; 6.12677 ; 6.0927
6.07035 ; 5.43702 ; -6.24782 ; -6.20731
7.04532 ; 3.90644 ; 4.97167 ; -5.22224
5.64741 ; 4.91776 ; -6.0131 ; -5.97318
4.9504 ; 5.69284 ; 6.30753 ; -6.26624
4.5473 ; 3.59612 ; 6.39554 ; 5.3186
4.57945 ; 3.12442 ; 6.0075 ; -4.23686
6.1112 ; 4.64241 ; -6.21609 ; 6.18493
6.33124 ; 7.57369 ; -6.44557 ; 0.0183905
6.41279 ; 4.2514 ; -6.31587 ; 6.26346
5.43758 ; 5.11141 ; 6.13742 ; -6.08029
7.47331 ; 4.08784 ; -4.95275 ; 6.43977
6.42414 ; 6.28595 ; -6.43633 ; -5.92189
4.95476 ; 5.20407 ; 6.19065 ; -6.16365
5.22133 ; 4.32608 ; 6.30075 ; 6.24846
5.8095 ; 5.68499 ; -6.16376 ; -6.15568
8.12783 ; 4.99135 ; 2.87876 ; 5.9559
4.6475 ; 5.52855 ; 6.1458 ; -6.30323
3.74082 ; 3.09819 ; 5.02099 ; 5.15426
5.33255 ; 4.25775 ; -5.7846 ; -5.54476
6.0505 ; 5.25989 ; -6.10734 ; 5.89071
5.56671 ; 6.97691 ; 6.01301 ; 4.17027
7.696 ; 6.53275 ; -4.59358 ; -6.05205
6.94961 ; 3.81371 ; 5.0612 ; -5.14618
5.80188 ; 5.04111 ; -6.09631 ; -6.04734
5.45449 ; 5.16477 ; 6.14124 ; -6.09724
4.91378 ; 5.85152 ; 6.33894 ; -6.24278
5.83062 ; 4.91238 ; -6.09913 ; 6.05865
3.31697 ; 4.30276 ; 2.16026 ; 6.47102
5.68103 ; 7.57611 ; 6.04373 ; 2.13703
4.3131 ; 5.55977 ; 5.76673 ; -6.34769
4.6797 ; 4.36922 ; 6.25155 ; 6.33846
3.98271 ; 4.7423 ; 4.89138 ; -5.92407
5.18579 ; 5.40152 ; 6.24175 ; -6.20257
6.25176 ; 4.33917 ; -6.29517 ; 6.23334
5.15951 ; 4.57392 ; 6.27244 ; 6.24081
5.7476 ; 6.32822 ; 6.05608 ; -5.58461
3.68304 ; 6.14867 ; 4.4118 ; 5.16485
6.37628 ; 5.91162 ; 5.58723 ; -5.96668
8.09074 ; 5.11862 ; 3.05938 ; 5.92074
4.43064 ; 4.15831 ; 5.73137 ; -5.46697
6.01457 ; 4.68327 ; -6.18942 ; 6.1582
5.27106 ; 4.5897 ; 6.24975 ; 6.21667
8.23309 ; 7.26122 ; -1.19422 ; -4.04517
6.77576 ; 4.35085 ; -6.13533 ; 6.3381
6.31027 ; 4.42355 ; -6.27957 ; 6.25124
3.219 ; 6.76757 ; 1.40311 ; -5.72428
6.65692 ; 2.58239 ; -6.51148 ; 1.53541
7.58747 ; 2.68408 ; -5.30106 ; -2.99779
4.87129 ; 5.91146 ; -5.52032 ; -5.96217
5.20297 ; 4.60355 ; 6.26032 ; 6.22662
5.34033 ; 4.7617 ; 6.2003 ; 6.15655
6.79731 ; 5.6648 ; -6.17347 ; -6.36344
5.63266 ; 4.97286 ; 6.0451 ; -5.99756
5.77164 ; 5.01974 ; -6.0811 ; -6.03441
5.94254 ; 2.7764 ; -6.1061 ; -3.64597
3.0383 ; 2.38943 ; 1.45667 ; -1.19214
4.52448 ; 7.24527 ; 6.21268 ; 3.36555
8.06334 ; 6.14156 ; -2.13242 ; -6.45998
6.37063 ; 4.34302 ; -6.29696 ; 6.26357
6.28985 ; 5.89149 ; -6.3655 ; -6.21196
6.254 ; 4.47742 ; -6.26628 ; 6.23726
7.0181 ; 3.77223 ; -5.73267 ; -5.1243
8.00691 ; 4.14633 ; -2.37419 ; 6.46324
2.95277 ; 2.81653 ; 0.432732 ; -3.40618
4.30556 ; 6.99432 ; 6.29506 ; -4.33311
6.625 ; 4.10736 ; -6.30604 ; 6.28544
4.87122 ; 5.74693 ; 6.30833 ; -6.27894
6.46462 ; 4.82402 ; -6.16429 ; 6.15331
4.98342 ; 4.00434 ; 6.39884 ; 6.21192
5.16892 ; 4.48004 ; 6.29041 ; 6.25319
4.27937 ; 6.56437 ; 6.13675 ; -5.70346
5.12024 ; 4.3444 ; 6.32329 ; 6.27142
5.08364 ; 5.4375 ; 6.25485 ; -6.22686
5.47521 ; 4.78269 ; 6.15458 ; 6.12754
6.24982 ; 5.58196 ; 5.68758 ; -6.04374
4.6058 ; 3.01892 ; -5.192 ; -4.20991
8.23799 ; 7.60257 ; 1.79865 ; 1.88522
3.49099 ; 3.94403 ; 3.37684 ; 6.49443
4.48843 ; 6.72472 ; 6.3833 ; -5.18827
5.783 ; 4.89492 ; -6.08474 ; 6.05792
4.3584 ; 4.32177 ; 5.95421 ; 6.4064
3.06026 ; 6.94492 ; 1.71159 ; 3.97203
4.77554 ; 5.61109 ; 6.23821 ; -6.30291
5.13803 ; 4.85532 ; 6.14188 ; -5.97077
4.41046 ; 2.7887 ; 6.46202 ; 3.28648
5.17278 ; 5.27516 ; 6.14018 ; 5.90181
4.23701 ; 3.87988 ; 5.94934 ; 6.36045
6.40327 ; 5.70152 ; -6.34006 ; -6.2875
6.14751 ; 4.52009 ; -6.24652 ; 6.21054
6.23054 ; 5.51102 ; -6.29445 ; -6.24839
6.26742 ; 5.47622 ; 5.67274 ; -6.04659
5.8901 ; 3.62236 ; -6.2244 ; 5.5611
6.44072 ; 5.94098 ; -6.38652 ; -6.23162
5.04462 ; 5.42167 ; 6.24904 ; -6.22995
7.3762 ; 3.83297 ; -5.38106 ; 6.3416
3.12386 ; 6.21771 ; -0.580524 ; -6.35743
3.93981 ; 3.51682 ; 5.46934 ; 6.07622
6.61091 ; 5.78716 ; -6.32075 ; -6.32468
8.17591 ; 2.7758 ; 2.73884 ; -3.5193
8.18619 ; 4.53617 ; -0.892553 ; 6.34138
5.67583 ; 5.0244 ; -6.03859 ; -6.02402
5.76114 ; 5.28597 ; -6.10689 ; -6.12374
5.25329 ; 4.52344 ; 6.26594 ; 6.23022
5.05976 ; 5.36844 ; 6.23835 ; -6.21472
7.64802 ; 7.0638 ; -5.12873 ; -4.48553
4.43283 ; 4.86524 ; 5.83804 ; -5.97594
3.41779 ; 5.69957 ; 2.66113 ; -6.43568
4.50507 ; 3.01679 ; 6.4841 ; 4.3798
6.53351 ; 4.0756 ; -6.34189 ; 6.24582
5.40325 ; 5.22769 ; 6.16683 ; -6.12441
4.03278 ; 3.13422 ; 5.88639 ; 5.10458
4.93572 ; 5.60583 ; 6.2843 ; -6.27201
4.79917 ; 4.41525 ; -5.4344 ; 6.05167
5.79674 ; 7.1648 ; -6.05184 ; 3.77135
4.57812 ; 4.08665 ; 6.26077 ; 6.36636
5.96927 ; 4.6047 ; -6.19002 ; 6.16308
7.40283 ; 3.24767 ; -5.64132 ; 5.4122
6.11944 ; 5.36765 ; -6.2488 ; -6.19812
6.74358 ; 5.8302 ; -6.26916 ; -6.34789
6.89496 ; 6.42941 ; -5.88398 ; 4.86063
5.84219 ; 4.85638 ; -6.11191 ; 6.08082
5.14847 ; 4.49492 ; 6.29007 ; 6.25592
7.30432 ; 3.99564 ; -5.49071 ; 6.39658
4.38964 ; 3.8191 ; 6.21573 ; 5.9821
5.64896 ; 3.55682 ; 5.95084 ; -4.9129
6.9418 ; 2.43746 ; -6.39966 ; -0.656565
7.63182 ; 7.18571 ; -5.22549 ; -3.86394
6.23165 ; 4.39027 ; -6.28337 ; 6.23172
4.44976 ; 3.55177 ; 6.33862 ; 5.9282
3.39344 ; 6.05291 ; 2.4751 ; -6.45469
4.3988 ; 3.3047 ; 6.36079 ; 5.41333
7.12011 ; 5.6762 ; -5.77775 ; -6.40609
6.07893 ; 5.18803 ; -6.20605 ; -6.14248
4.85141 ; 4.91272 ; 6.09395 ; -6.01638
4.8105 ; 4.81975 ; 6.0602 ; -5.96079
8.22362 ; 5.67707 ; 1.61157 ; -6.36223
6.18223 ; 4.44726 ; -6.26658 ; 6.22159
3.81063 ; 6.78418 ; 5.04023 ; 4.33158
7.76466 ; 6.50964 ; -4.23229 ; -6.10967
4.5909 ; 5.69003 ; 6.1508 ; -6.33754
5.99044 ; 4.66783 ; -6.18694 ; 6.15651
6.31842 ; 5.20847 ; -6.23099 ; -6.17681
3.06582 ; 4.88228 ; -0.286 ; 6.17183
4.29895 ; 3.82925 ; 5.64191 ; -5.14765
4.10448 ; 4.78594 ; 5.31983 ; 6.24424
6.49922 ; 5.74492 ; -6.34001 ; -6.30491
3.08002 ; 6.93993 ; 1.89552 ; 3.98707
4.83316 ; 5.79282 ; 6.30753 ; -6.28045
5.99522 ; 4.66247 ; -6.18876 ; 6.15817
4.96624 ; 4.23138 ; 6.35749 ; 6.29873
6.96487 ; 5.89266 ; -6.09631 ; -6.382
6.17655 ; 5.45641 ; -6.27592 ; -6.23057
8.29716 ; 2.43872 ; -0.943847 ; 1.94566
5.72641 ; 4.18044 ; 6.07564 ; 6.10103
4.82975 ; 5.96368 ; 6.11371 ; 5.34918
4.78552 ; 3.92624 ; 6.40689 ; 6.22857
6.6289 ; 5.54426 ; -6.24051 ; -6.32156
7.17379 ; 2.92115 ; -4.34117 ; 4.36139
6.47943 ; 5.56662 ; -6.29665 ; -6.30234
5.43989 ; 5.26144 ; 6.1599 ; -6.12757
5.04777 ; 7.66137 ; -5.61879 ; 1.76898
3.14183 ; 3.7904 ; -1.47113 ; 6.33391
5.96736 ; 4.72653 ; -6.17089 ; 6.13974
6.33058 ; 4.39431 ; -6.28613 ; 6.25578
4.9676 ; 4.47864 ; 6.29957 ; 6.29315
7.13155 ; 4.06564 ; -5.81283 ; 6.38652
8.32359 ; 7.50476 ; -1.2393 ; 0.639433
5.69843 ; 5.79442 ; -6.10445 ; -6.12038
3.15459 ; 4.72749 ; 0.595095 ; 6.26834
5.62473 ; 6.33706 ; 6.04797 ; -5.75483
5.93315 ; 4.63152 ; -6.17472 ; 6.15253
7.01451 ; 5.70351 ; -5.95271 ; -6.39781
5.79292 ; 4.93632 ; -6.08227 ; 6.04425
6.10821 ; 5.23712 ; -6.22066 ; -6.16398
7.53652 ; 4.18056 ; -4.69154 ; 6.44467
8.26379 ; 5.43517 ; 2.30343 ; 5.72324
7.05343 ; 2.61318 ; -6.26922 ; -1.6497
5.3771 ; 6.90244 ; 6.2919 ; -4.2494
5.63525 ; 5.04681 ; -6.00359 ; 5.97873
4.74034 ; 3.02045 ; 6.53412 ; 4.28014
6.32319 ; 5.54687 ; -6.30787 ; -6.27141
6.14395 ; 5.325 ; -6.24443 ; -6.19693
5.29465 ; 5.26932 ; 6.19925 ; -6.15318
4.39378 ; 3.43214 ; 5.84738 ; -4.68712
5.0143 ; 5.35709 ; -5.62944 ; -6.03879
6.68335 ; 6.04156 ; -6.36302 ; -6.2494
4.33524 ; 3.07961 ; 6.35698 ; 4.72881
6.84764 ; 6.32988 ; -5.91586 ; 4.97409
6.31395 ; 5.88177 ; -6.36804 ; -6.22186
6.47172 ; 5.33928 ; 5.51061 ; -6.02148
4.36481 ; 4.09124 ; 3.35344 ; -5.38826
6.32554 ; 5.32638 ; -6.25661 ; -6.22267
7.30992 ; 2.44872 ; -6.03555 ; -1.11255
8.25839 ; 5.70535 ; 2.37029 ; 5.50821
6.83349 ; 4.02841 ; -6.21568 ; 6.27087
6.04524 ; 5.37552 ; -6.23156 ; -6.19173
5.34978 ; 5.20699 ; 6.17615 ; -6.12672
4.06914 ; 6.1712 ; 5.4321 ; 5.12556
3.31348 ; 3.32517 ; -2.67668 ; 5.70337
5.66343 ; 3.97232 ; -6.08132 ; 5.93515
5.24053 ; 5.44103 ; 6.24034 ; -6.19881
4.24328 ; 6.32947 ; 5.98783 ; -6.11346
4.14095 ; 6.77632 ; 6.00059 ; -5.14765
5.17141 ; 4.5417 ; 6.27743 ; 6.24455
6.44383 ; 4.21488 ; -6.30065 ; 6.26815
5.67901 ; 4.94302 ; -6.03066 ; -5.98866
4.295 ; 3.85217 ; 6.05476 ; 6.32886
6.76929 ; 4.68475 ; -5.99951 ; -5.88071
5.9919 ; 5.23636 ; -6.19381 ; -6.14663
5.24613 ; 5.51526 ; 6.25121 ; -6.20365
3.88243 ; 3.68952 ; 5.21137 ; 6.30504
5.10235 ; 5.20708 ; 6.20591 ; -6.15323
3.14369 ; 4.28721 ; -0.282906 ; 6.43146
5.12044 ; 5.42411 ; 6.25129 ; -6.21845
6.40963 ; 4.31705 ; -6.29895 ; 6.27154
4.60292 ; 4.39503 ; 6.18824 ; 6.35926
5.50094 ; 4.8394 ; 6.13623 ; 6.1051
4.47361 ; 5.61926 ; 6.0112 ; -6.34515
4.71623 ; 4.37588 ; 6.25828 ; 6.34995
5.94972 ; 4.80632 ; -6.15225 ; 6.11327
7.35222 ; 2.39389 ; 4.45068 ; 1.65214
6.72841 ; 5.0382 ; -6.04228 ; -6.11901
3.96736 ; 7.63117 ; -4.41687 ; 2.23009
4.26104 ; 2.99755 ; 6.29842 ; 4.44063
6.54477 ; 5.54632 ; 5.44044 ; 5.64281
3.7148 ; 3.81405 ; -4.01087 ; 6.02122
5.3996 ; 3.80193 ; -5.9133 ; 5.7145
5.1857 ; 4.94857 ; 6.19476 ; 6.09197
6.64011 ; 5.46885 ; -6.00334 ; 5.75889
4.76559 ; 6.08596 ; 6.36347 ; -6.16642
4.65798 ; 5.77422 ; 5.98629 ; 5.5413
4.08504 ; 3.05443 ; 5.96764 ; 4.79392
7.89371 ; 6.60696 ; -3.60074 ; -5.99005
4.09257 ; 3.36352 ; 5.87418 ; 5.72527
6.03142 ; 5.27547 ; -6.21095 ; -6.16399
3.53029 ; 3.06758 ; 4.09655 ; 5.17479
4.93308 ; 6.43449 ; 6.42538 ; -5.65284
7.02198 ; 6.10059 ; -6.09588 ; -6.31012
7.45271 ; 6.09094 ; -5.20669 ; -6.4154
5.21706 ; 5.52588 ; 6.25906 ; -6.21028
3.14841 ; 3.56336 ; -1.39394 ; 6.17056
3.37939 ; 6.4276 ; 2.7553 ; -6.23882
3.97506 ; 3.30929 ; 5.67151 ; 5.65162
6.712 ; 5.83403 ; -6.28494 ; -6.34012
3.76257 ; 4.39496 ; 4.49205 ; 6.43401
5.92137 ; 5.58652 ; 5.92007 ; -6.08261
8.22842 ; 3.40091 ; -0.000238061 ; 6.03621
7.18582 ; 3.43234 ; -5.99223 ; 5.74339
5.75698 ; 4.90214 ; -6.07374 ; 6.0514
3.83019 ; 6.59004 ; 5.11489 ; -5.84838
4.26772 ; 6.23452 ; 5.98897 ; -6.208
6.30492 ; 4.29039 ; -6.30894 ; 6.24056
7.801 ; 7.19703 ; 3.5342 ; -4.06948
5.21933 ; 4.13456 ; 6.32641 ; 6.2076
8.20854 ; 3.87479 ; -1.89915 ; -5.18323
3.6242 ; 3.98008 ; 4.07617 ; 6.48947
3.48527 ; 2.7435 ; 4.33973 ; -1.66838
6.57348 ; 5.68712 ; -6.30488 ; -6.32637
7.16651 ; 3.7097 ; -5.91245 ; 6.17919
6.261 ; 4.96421 ; -6.16661 ; 6.0706
5.08087 ; 4.8879 ; 6.21092 ; 6.13098
5.87083 ; 4.81017 ; -6.12819 ; 6.09906
5.80866 ; 4.85711 ; -6.10011 ; 6.07475
5.37649 ; 5.2913 ; 6.18417 ; -6.14491
5.27727 ; 5.27801 ; 6.20388 ; -6.1581
6.24594 ; 5.30222 ; -6.25084 ; -6.2047
6.41119 ; 6.31692 ; -6.43845 ; -5.87405
5.64914 ; 4.43011 ; 6.10612 ; 6.15749
5.43707 ; 7.61344 ; 6.21097 ; 1.25053
8.22746 ; 6.28098 ; 1.36074 ; -6.28792
6.6498 ; 3.82023 ; -6.37025 ; 6.10776
5.72308 ; 4.87857 ; 5.99294 ; -5.94366
3.38255 ; 3.59572 ; 2.83765 ; 6.30606
8.22915 ; 6.23948 ; 2.68077 ; 5.00457
8.08677 ; 4.13684 ; -2.504 ; -5.45368
6.92738 ; 6.2449 ; -6.26312 ; -6.16518
6.35925 ; 4.6376 ; -6.22705 ; 6.2195
5.21417 ; 4.14635 ; 6.32866 ; 6.2115
6.38046 ; 5.61797 ; -6.32262 ; -6.28653
5.34603 ; 4.8542 ; 6.12179 ; -5.95937
5.13544 ; 5.01467 ; 6.17134 ; -6.06023
5.85314 ; 4.78778 ; -6.12598 ; 6.10239
5.26918 ; 5.37541 ; 6.2237 ; -6.18254
8.16715 ; 7.54251 ; 1.995 ; -2.47339
5.48378 ; 4.41874 ; 6.1923 ; 6.19093
7.57708 ; 4.08025 ; 4.1894 ; 6.12914
6.3197 ; 5.77824 ; -6.35305 ; -6.25527
6.58855 ; 5.24486 ; -6.03815 ; 5.91663
7.06629 ; 6.6146 ; -6.23647 ; -5.61983
4.77748 ; 7.29602 ; -2.86151 ; -3.53362
4.02919 ; 2.8707 ; 5.97752 ; 4.00544
4.35754 ; 4.88142 ; -5.04241 ; -5.85925
7.66844 ; 6.31897 ; -4.56982 ; -6.31163
6.10548 ; 5.10609 ; -6.19571 ; -6.11117
5.56806 ; 4.90151 ; 6.10214 ; 6.07272
4.35825 ; 5.5605 ; 5.8467 ; -6.34233
5.3685 ; 5.22956 ; 6.17576 ; -6.13017
6.10401 ; 4.52058 ; -6.23925 ; 6.20004
7.66624 ; 6.08686 ; -4.43217 ; -6.45009
5.32863 ; 5.28024 ; 6.19426 ; -6.15053
8.23838 ; 5.73668 ; 1.40454 ; -6.38331
7.26349 ; 3.94333 ; -5.59841 ; 6.37456
7.01278 ; 3.63887 ; -6.16892 ; 6.03236
4.64949 ; 5.0112 ; 5.99778 ; -6.08162
3.97012 ; 6.60722 ; -4.46834 ; -5.45084
4.61241 ; 3.93695 ; 6.33931 ; 6.29285
8.22086 ; 5.1797 ; 1.60575 ; -6.17181
5.69751 ; 4.92416 ; 6.01004 ; -5.96786
6.37712 ; 2.29193 ; 5.56804 ; -0.776464
5.722 ; 4.9872 ; -6.05548 ; -6.01396
5.57598 ; 4.84203 ; -5.96982 ; -5.92863
5.11757 ; 4.58217 ; 6.27489 ; 6.24586
6.41513 ; 5.59825 ; -6.31433 ; -6.29348
5.29065 ; 5.4448 ; 6.23043 ; -6.19002
8.17507 ; 4.13928 ; -1.93392 ; -5.45203
5.38158 ; 4.05617 ; 6.27149 ; 6.12309
7.07342 ; 3.5782 ; -6.11637 ; 5.96569
4.64288 ; 3.864 ; 6.3761 ; 6.23113
4.26249 ; 6.65642 ; 6.14107 ; -5.50427
6.5184 ; 3.8129 ; -6.3995 ; 6.04255
8.29007 ; 5.02472 ; -0.0417342 ; 6.05588
6.30504 ; 5.56045 ; -6.3111 ; -6.26818
5.27017 ; 4.55757 ; 6.25598 ; 6.22216
3.26966 ; 7.22212 ; 3.29582 ; 3.25924
5.88114 ; 5.17213 ; -6.14615 ; -6.10891
6.05156 ; 5.08502 ; -6.13275 ; 5.99402
6.66108 ; 3.4215 ; -6.43333 ; 5.47699
4.11226 ; 7.02804 ; -4.63978 ; -4.29891
6.95543 ; 7.06605 ; -6.43396 ; -4.021
6.21099 ; 4.4709 ; -6.26509 ; 6.22798
5.19532 ; 3.65704 ; 6.07069 ; -5.00331
6.19908 ; 5.50499 ; -6.28901 ; -6.24115
6.4543 ; 4.12497 ; -6.34049 ; 6.24176
7.97129 ; 7.23752 ; -3.93173 ; 2.83819
4.07236 ; 2.42169 ; 6.09736 ; -0.357816
5.57514 ; 5.05147 ; 6.07976 ; -6.03843
5.31065 ; 5.30904 ; 6.20307 ; -6.16045
5.62449 ; 4.97795 ; 6.06755 ; 6.03352
5.00741 ; 4.31706 ; 6.33922 ; 6.29721
8.14604 ; 4.60034 ; -1.85486 ; -5.83939
7.10781 ; 7.20084 ; -6.01477 ; 3.37353
7.85564 ; 5.76859 ; -3.25595 ; -6.47189
4.24635 ; 7.44942 ; 6.15617 ; 2.3018
4.63677 ; 3.76808 ; 6.39807 ; 6.14274
5.38984 ; 5.16992 ; 6.16027 ; -6.10852
5.71579 ; 4.96523 ; -6.04872 ; 6.02195
6.18501 ; 2.85718 ; -6.24451 ; 3.55491
4.9468 ; 4.20421 ; 6.3623 ; 6.29819
5.004 ; 4.14302 ; 6.3726 ; 6.26798
3.74789 ; 4.75622 ; -4.25642 ; -5.806
3.34569 ; 3.12441 ; -2.77635 ; 5.26477
7.4826 ; 5.31021 ; 4.43682 ; 5.76918
6.98433 ; 4.05737 ; -5.72807 ; -5.40342
3.30299 ; 3.67303 ; -2.5907 ; 6.15623
5.29087 ; 5.51828 ; 6.2402 ; -6.19512
7.16927 ; 5.97939 ; 4.7916 ; -5.98708
3.13825 ; 7.14925 ; 0.982924 ; -4.57105
5.66387 ; 5.0393 ; -6.01742 ; 5.98563
5.21318 ; 4.66448 ; 6.11538 ; -5.84725
5.12442 ; 2.39794 ; 6.37747 ; -1.38834
4.39909 ; 3.79377 ; 6.21046 ; 6.2537
5.86685 ; 5.12017 ; -6.13319 ; -6.08839
5.07539 ; 5.55052 ; 6.27997 ; -6.24191
5.32465 ; 6.62903 ; -5.88608 ; -5.06222
4.46394 ; 6.01823 ; 6.15647 ; -6.30183
6.87336 ; 6.35227 ; -6.33829 ; -6.01236
5.42889 ; 4.5005 ; -5.91616 ; 6.08554
8.30587 ; 2.73463 ; -1.91647 ; -3.12957
8.39264 ; 6.55161 ; -0.412744 ; 4.60779
5.72826 ; 5.05679 ; -6.04167 ; 5.98483
8.15686 ; 2.50409 ; 2.02278 ; 2.80676
6.4404 ; 3.8305 ; -6.39685 ; 6.02888
6.00837 ; 5.16319 ; -6.18542 ; -6.12415
8.30662 ; 7.64181 ; -1.57112 ; 0.164557
7.51151 ; 4.50061 ; -4.67977 ; -5.7736
5.05464 ; 5.64093 ; 6.29933 ; -6.24561
7.41707 ; 5.78071 ; -4.92107 ; 5.50883
7.55946 ; 4.86099 ; -4.67269 ; -5.99317
5.35319 ; 4.67359 ; 6.21274 ; 6.18107
4.19705 ; 3.66795 ; 5.58787 ; -4.9486
4.84791 ; 3.22319 ; 6.51131 ; 4.95568
7.02477 ; 5.83641 ; -5.99503 ; -6.40103
5.2009 ; 5.15355 ; 6.19206 ; -6.12237
6.38932 ; 7.18949 ; -6.25392 ; 3.58891
6.58283 ; 3.84596 ; -6.38401 ; 6.10601
7.76446 ; 7.66584 ; 1.06615 ; 0.0145801
8.20558 ; 7.28976 ; -1.74558 ; -3.78298
4.77118 ; 5.67109 ; 6.25429 ; -6.30646
4.81497 ; 4.26943 ; 6.32625 ; 6.33773
3.40183 ; 6.67089 ; 1.29675 ; -5.85657
6.68149 ; 5.54128 ; -6.21069 ; -6.32789
4.2938 ; 4.83685 ; -4.9546 ; 5.98019
5.4722 ; 5.60321 ; -5.96134 ; -6.10183
7.59141 ; 2.9655 ; -5.25589 ; 4.52981
5.2667 ; 5.44501 ; 6.23569 ; -6.19444
7.12491 ; 3.84323 ; -5.92398 ; 6.28637
5.83964 ; 4.63747 ; -6.13723 ; 6.13526
6.16105 ; 4.38599 ; -6.2735 ; 6.21463
5.28399 ; 4.88998 ; 6.1911 ; 6.1113
6.47934 ; 5.40398 ; 5.50502 ; -6.0258
5.29755 ; 5.2252 ; 6.19044 ; -6.13956
5.7324 ; 4.96735 ; -6.05478 ; 6.0234
5.46871 ; 5.09705 ; 6.12562 ; -6.07041
7.54861 ; 6.70619 ; -4.86929 ; 4.43234
7.40945 ; 4.38522 ; 4.55728 ; -5.57865
4.69629 ; 6.71014 ; 6.09869 ; 4.52394
5.06128 ; 4.41995 ; 6.31474 ; 6.28254
6.09378 ; 4.54558 ; -6.23246 ; 6.19597
5.99096 ; 6.75308 ; 5.894 ; -4.70244
5.70522 ; 3.44018 ; 6.11919 ; 5.25665
5.96569 ; 4.71153 ; -6.1731 ; 6.14276
5.73282 ; 4.97546 ; -6.05379 ; 6.02062
6.46941 ; 4.4541 ; -6.2526 ; 6.2783
6.36813 ; 5.51685 ; -6.29889 ; -6.27642
4.7375 ; 6.3288 ; 6.40143 ; -5.91831
3.88844 ; 3.29976 ; 5.44213 ; 5.6378
6.75012 ; 6.904 ; -6.49878 ; -4.57998
4.81923 ; 6.01031 ; -5.42811 ; 5.24704
5.67915 ; 5.26219 ; -6.06322 ; -6.10512
6.60015 ; 6.47587 ; -6.06042 ; 4.82038
6.00251 ; 5.26293 ; -6.20132 ; -6.15583
5.02526 ; 5.72803 ; 6.31768 ; -6.24311
3.88337 ; 6.51212 ; 5.24056 ; -5.98753
4.705 ; 5.90643 ; 6.29619 ; -6.2829
4.90001 ; 3.96165 ; 6.4105 ; 6.2135
6.37404 ; 5.30341 ; -6.24783 ; -6.22021
8.14357 ; 2.8065 ; 2.88771 ; -3.60266
4.29616 ; 5.7309 ; -4.956 ; -6.04625
5.15479 ; 4.23443 ; 6.3343 ; 6.24984
7.79445 ; 3.68085 ; -3.87706 ; 6.3171
4.09988 ; 2.93377 ; 5.71987 ; -3.76484
5.4328 ; 5.18548 ; 6.15094 ; -6.10709
6.19402 ; 5.01328 ; -6.15813 ; 6.04093
5.13188 ; 4.71938 ; 6.24536 ; 6.20008
4.67277 ; 6.53298 ; 6.42687 ; -5.57344
5.95124 ; 5.67186 ; -6.22848 ; -6.11845
4.42651 ; 6.34586 ; 6.23339 ; -6.00786
5.12808 ; 5.42923 ; 6.25257 ; -6.21769
4.55443 ; 3.99886 ; 6.28232 ; 6.3385
5.26451 ; 6.81889 ; 6.10521 ; 4.41103
5.98642 ; 4.67688 ; -6.18442 ; 6.15432
6.54386 ; 5.91549 ; -6.3717 ; -6.27294
3.7064 ; 6.26687 ; 4.37263 ; -6.32491
5.70036 ; 5.10585 ; -6.0592 ; -6.05944
5.2283 ; 6.20383 ; 6.32692 ; -5.88541
6.08196 ; 4.27789 ; 5.83526 ; 6.06542
4.08376 ; 6.8992 ; 5.71559 ; 4.01697
5.52188 ; 7.10803 ; -6.03165 ; -3.55428
4.70802 ; 6.25043 ; 6.38278 ; -6.02041
5.722 ; 4.1977 ; 5.9322 ; -5.49975
3.37809 ; 3.29284 ; 3.4159 ; -4.40542
4.40425 ; 5.81156 ; 6.00409 ; -6.36815
3.35007 ; 4.61454 ; 2.52176 ; -5.82043
5.06598 ; 4.3214 ; -5.65999 ; 6.03097
5.6835 ; 5.01768 ; -6.02824 ; 5.99692
4.40377 ; 6.68974 ; 6.30653 ; -5.34682
5.87227 ; 4.52028 ; -6.1617 ; 6.1515
6.26726 ; 5.4387 ; -6.2817 ; -6.24438
4.79347 ; 3.22474 ; 6.51477 ; 4.99164
6.21339 ; 4.41263 ; -6.27713 ; 6.22847
4.82948 ; 5.02734 ; 6.13788 ; 6.07072
3.12194 ; 3.31316 ; -0.614457 ; 5.87962
6.27215 ; 5.36631 ; -6.26589 ; -6.2278
6.72807 ; 6.88901 ; -6.5024 ; -4.63025
5.99709 ; 5.4688 ; -6.22826 ; -6.19776
6.63931 ; 4.2459 ; 5.35319 ; -5.50401
7.92575 ; 2.49844 ; -4.32747 ; -1.97312
6.1839 ; 5.41813 ; -6.26944 ; -6.22547
5.57076 ; 5.0623 ; 6.08286 ; -6.04295
5.11389 ; 2.4122 ; 5.90432 ; 0.683071
4.63973 ; 3.85604 ; 6.3764 ; 6.22546
6.14788 ; 4.59457 ; -6.23088 ; 6.20072
5.58737 ; 4.9497 ; 6.08722 ; 6.05082
8.26744 ; 2.36013 ; -2.04462 ; -0.000559211
6.94816 ; 5.78546 ; -6.0675 ; -6.39123
4.50723 ; 7.15098 ; 6.16209 ; 3.64197
5.20772 ; 6.09656 ; 6.32525 ; -6.00901
6.20224 ; 3.24551 ; -6.35888 ; 4.88728
6.64724 ; 4.26512 ; -6.24676 ; 6.32058
4.65176 ; 6.50755 ; 6.41577 ; -5.63391
7.7831 ; 3.97901 ; 3.75661 ; 6.15501
8.24864 ; 6.06894 ; 1.09681 ; -6.3942
4.78808 ; 5.73186 ; 6.27914 ; -6.2999
6.18149 ; 7.63906 ; 5.70062 ; 1.12479
3.98487 ; 7.29053 ; -4.4936 ; 3.53869
6.28871 ; 4.93605 ; -6.17625 ; -6.03702
7.00295 ; 3.65444 ; -6.17564 ; 6.05103
6.85124 ; 3.72817 ; -6.29268 ; 6.08333
4.10512 ; 5.88648 ; 5.51589 ; -6.40204
6.43959 ; 4.83368 ; 5.54752 ; 5.98843
3.66162 ; 7.22164 ; 4.65964 ; -3.72681
6.08045 ; 4.61677 ; -6.21666 ; 6.18374
7.9905 ; 3.16673 ; -3.60532 ; -4.23241
4.9745 ; 7.4191 ; 6.46329 ; -1.55273
5.15427 ; 5.55525 ; 6.27511 ; -6.2249
4.6218 ; 7.13032 ; 6.49429 ; -3.49558
4.15067 ; 6.07263 ; 5.69589 ; -6.35074
6.87497 ; 6.31632 ; -6.3291 ; -6.0533
4.12799 ; 6.24548 ; 5.73353 ; -6.24078
8.13576 ; 3.42631 ; -1.65028 ; 6.08681
6.24004 ; 3.59219 ; -6.38042 ; 5.63463
6.35198 ; 4.4147 ; -6.27915 ; 6.2612
3.58032 ; 3.95291 ; 3.8448 ; 6.4899
6.08031 ; 4.73847 ; 5.77896 ; -5.84033
7.48188 ; 5.33289 ; -4.74911 ; -6.30835
4.11902 ; 2.74627 ; 6.16905 ; 3.23911
6.24031 ; 4.29061 ; -6.30246 ; 6.22287
4.73597 ; 4.26273 ; 6.30117 ; 6.35383
6.91648 ; 6.32188 ; -6.29677 ; -6.01053
7.29998 ; 6.85885 ; -5.75873 ; -5.08762
4.8354 ; 6.20464 ; 6.39836 ; -6.0286
6.25195 ; 4.45559 ; -6.271 ; 6.23755
6.29259 ; 5.52678 ; -6.30309 ; -6.26319
4.91211 ; 6.32314 ; 6.41573 ; -5.84299
7.5823 ; 7.37453 ; 4.12973 ; 3.24719
7.40369 ; 3.73913 ; -5.3591 ; 6.27745
4.52221 ; 7.1164 ; 6.4629 ; -3.57717
4.89377 ; 4.30867 ; 6.33265 ; 6.32206
4.45678 ; 2.5164 ; -5.01979 ; 2.09966
6.74623 ; 6.4818 ; -6.43518 ; -5.74466
5.85048 ; 5.1751 ; -6.13468 ; -6.10537
6.31992 ; 4.44444 ; -6.27332 ; 6.25358
6.11093 ; 5.1345 ; -6.20199 ; -6.12401
3.24958 ; 2.79368 ; -2.13007 ; 4.27672
5.0386 ; 4.60568 ; 6.27241 ; 6.25102
7.82983 ; 7.2647 ; -4.51461 ; -3.55709
5.85531 ; 4.83681 ; -6.11904 ; 6.08886
4.6126 ; 4.11023 ; 6.28534 ; 6.364
4.899 ; 4.37362 ; 6.31718 ; 6.31883
3.57597 ; 4.68589 ; 3.4326 ; -5.88265
4.60273 ; 6.38035 ; 6.36998 ; -5.89189
5.80544 ; 2.36475 ; -6.15139 ; -0.974594
5.16951 ; 5.36481 ; 6.23553 ; -6.19772
5.06421 ; 5.44859 ; 6.25619 ; -6.23203
7.51991 ; 6.16218 ; -5.05925 ; -6.36221
4.306 ; 3.92383 ; 6.0411 ; 6.36853
5.97707 ; 4.81908 ; -6.15697 ; 6.11262
6.11077 ; 4.59067 ; -6.22665 ; 6.19391
4.90505 ; 5.66832 ; 6.29488 ; -6.27858
6.94654 ; 2.84099 ; -6.42622 ; 3.41687
6.10315 ; 4.61047 ; -6.22146 ; 6.18932
6.3079 ; 4.43003 ; -6.27815 ; 6.251
7.59646 ; 6.52509 ; 4.07866 ; -5.64509
6.08362 ; 4.55342 ; -6.22925 ; 6.19306
5.24583 ; 7.59181 ; 6.32578 ; 0.538329
6.07587 ; 4.73956 ; -6.12828 ; -5.90685
6.62099 ; 6.77585 ; -6.50039 ; -4.9031
6.51438 ; 5.70012 ; -6.32513 ; -6.31383
5.01214 ; 5.57984 ; 6.28543 ; -6.25676
6.36238 ; 5.71079 ; -6.34363 ; -6.27618
5.11047 ; 5.55639 ; 6.2798 ; -6.23482
4.4198 ; 3.3918 ; 6.35636 ; 5.60798
6.26608 ; 5.43715 ; -6.28147 ; -6.2443
6.07724 ; 7.36933 ; -6.22611 ; 3.06059
5.47243 ; 4.90015 ; -5.91823 ; -5.94619
7.39107 ; 4.65415 ; -5.21945 ; 6.10546
7.90169 ; 7.07101 ; -3.95519 ; -4.6414
4.12742 ; 3.01741 ; -4.68721 ; -4.17176
6.02424 ; 4.6521 ; -6.19733 ; 6.16599
7.17236 ; 7.22036 ; -5.93027 ; 3.35396
6.55066 ; 5.74985 ; -6.32932 ; -6.31629
5.95216 ; 6.28568 ; -6.27418 ; -5.77206
8.36696 ; 7.57881 ; 0.625827 ; 1.82765
6.36781 ; 4.39464 ; -6.28303 ; 6.26459
6.64303 ; 4.02038 ; -5.99584 ; -5.37209
5.92325 ; 4.96905 ; -6.12033 ; 6.04399
5.54913 ; 5.14962 ; -5.94975 ; 5.92074
4.58762 ; 6.01882 ; 6.26317 ; -6.267
8.23457 ; 7.30849 ; 2.15781 ; 2.20471
6.38536 ; 5.46277 ; -6.284 ; -6.26927
3.81887 ; 6.31304 ; 4.89739 ; -6.26303
7.80204 ; 6.42008 ; -4.00378 ; -6.23861
3.99461 ; 6.79765 ; 5.69725 ; -5.26802
7.12624 ; 4.19583 ; -5.75715 ; 6.39854
8.17613 ; 3.22715 ; 1.61388 ; 5.65621
6.42071 ; 5.78429 ; -6.35716 ; -6.27871
4.15177 ; 2.70511 ; 6.22264 ; 2.86036
4.76156 ; 3.91464 ; 6.40401 ; 6.22849
5.0515 ; 5.62303 ; 6.29295 ; -6.24831
7.28583 ; 7.55421 ; -6.1108 ; 0.214872
8.14318 ; 3.32602 ; -1.47886 ; 5.91807
5.44763 ; 5.31174 ; 6.08595 ; 5.86426
4.15552 ; 3.39354 ; 6.01887 ; 5.75964
6.30066 ; 6.05792 ; -6.38829 ; -6.11898
4.88413 ; 5.08809 ; 6.14488 ; -6.11281
6.15698 ; 4.48649 ; -6.2551 ; 6.2146
4.55741 ; 3.01243 ; 6.5052 ; 4.31688
3.64551 ; 2.66067 ; -3.49693 ; -3.2775
5.34936 ; 5.38194 ; -5.87092 ; -6.07856
4.62767 ; 6.70959 ; 6.44382 ; -5.15386
6.03674 ; 5.25412 ; -6.20836 ; -6.15895
6.14183 ; 5.26108 ; -6.23099 ; -6.17678
5.42118 ; 4.80443 ; 6.169 ; 6.12973
5.19071 ; 4.07357 ; 6.06557 ; -5.40075
5.28353 ; 4.66543 ; 6.23225 ; 6.19627
5.76928 ; 4.8518 ; 5.96755 ; -5.92588
8.00542 ; 6.16782 ; -2.60251 ; -6.44987
4.15016 ; 5.89085 ; 5.60368 ; -6.40165
6.77112 ; 3.84494 ; -6.31189 ; 6.17537
8.14298 ; 7.19488 ; -2.29367 ; -4.28698
4.83755 ; 3.92191 ; 6.41526 ; 6.20725
5.21373 ; 4.09585 ; 6.33493 ; 6.18812
8.24996 ; 3.18076 ; 0.0836544 ; 5.6242
6.59009 ; 3.86305 ; 5.37605 ; -5.20667
6.43781 ; 3.43957 ; -6.44046 ; 5.26874
5.80136 ; 5.12055 ; 5.96436 ; 5.94551
5.63272 ; 3.83644 ; -6.06697 ; 5.79469
6.46152 ; 5.27866 ; -6.22681 ; -6.21955
7.84803 ; 3.72314 ; -3.55637 ; 6.36008
7.48457 ; 6.2027 ; -5.16609 ; -6.36014
4.86349 ; 4.44082 ; 6.29191 ; 6.31674
6.03651 ; 4.55542 ; -6.21692 ; 6.18297
5.07209 ; 4.5251 ; 6.29014 ; 6.26578
5.99926 ; 4.73863 ; -6.17632 ; 6.14206
5.0452 ; 5.60938 ; 6.09616 ; 5.67097
3.30564 ; 3.80266 ; 2.09689 ; 6.45242
7.36009 ; 7.69249 ; 4.40174 ; -0.653746
3.41539 ; 4.16931 ; 2.86097 ; 6.49985
7.88643 ; 4.64044 ; 3.60889 ; 6.12205
4.44772 ; 3.58497 ; 6.32742 ; 5.98169
4.31728 ; 5.82703 ; 5.88504 ; -6.38131
4.13859 ; 7.19449 ; 6.13536 ; -3.4427
7.04813 ; 7.51718 ; -6.25756 ; 1.86873
4.70753 ; 5.77738 ; 6.25723 ; -6.31277
4.31596 ; 3.61525 ; 6.17492 ; 6.08273
5.4435 ; 4.75181 ; 6.17052 ; 6.14241
7.5802 ; 6.45396 ; -4.98893 ; -6.13281
5.51645 ; 4.83329 ; 6.13176 ; 6.10449
7.06514 ; 6.19847 ; 4.8974 ; -5.84286
4.19955 ; 3.9106 ; 5.87139 ; 6.38554
4.3416 ; 3.53366 ; 6.23667 ; 5.93073
5.14677 ; 3.73401 ; 6.39427 ; 5.90822
7.13778 ; 3.70792 ; 4.83157 ; 5.81418
5.41986 ; 4.75492 ; 6.17768 ; 6.14567
5.03514 ; 5.08219 ; 6.17794 ; -6.10102
5.07882 ; 5.45817 ; 6.25945 ; -6.23079
4.91844 ; 5.83798 ; 6.33668 ; -6.24619
4.69064 ; 4.61314 ; 6.15042 ; 6.28568
3.56259 ; 5.3197 ; -3.84362 ; -6.0923
4.61343 ; 4.0092 ; 6.31814 ; 6.33055
5.31761 ; 7.19962 ; -5.7962 ; 3.57111
6.90702 ; 2.61489 ; -6.4638 ; 1.9167
3.11588 ; 4.07242 ; -0.176504 ; 6.46371
5.76119 ; 4.92765 ; -6.07179 ; 6.04299
7.7253 ; 6.66543 ; -4.54728 ; -5.81288
6.65906 ; 6.45501 ; -6.45436 ; -5.75567
4.38052 ; 7.15619 ; 6.3917 ; -3.49872
4.95076 ; 5.79652 ; -5.53516 ; 5.47837
3.15061 ; 6.44505 ; -1.30236 ; -6.15444
8.37018 ; 6.83111 ; -0.96588 ; 4.14966
5.2905 ; 4.61297 ; 6.24077 ; 6.20804
4.17337 ; 7.28535 ; 6.20743 ; -2.83351
4.74501 ; 3.98392 ; 6.38276 ; 6.27914
5.21595 ; 4.52915 ; 6.2726 ; 6.23746
6.78908 ; 5.42373 ; -6.04989 ; -6.30367
6.15302 ; 4.41282 ; -6.26774 ; 6.21433
6.67566 ; 5.69301 ; -6.26366 ; -6.34478
5.41214 ; 2.38661 ; 6.2753 ; -0.0758479
5.52514 ; 4.88061 ; 6.1217 ; 6.08702
5.21393 ; 4.55141 ; 6.26866 ; 6.23434
5.3563 ; 7.34834 ; 6.30415 ; -2.02612
5.06633 ; 5.38604 ; 6.24247 ; -6.21847
7.74236 ; 3.77762 ; -4.08104 ; 6.37943
6.00912 ; 4.72559 ; -6.18077 ; 6.14699
4.84014 ; 5.36523 ; -5.49023 ; -6.02533
6.64617 ; 2.46379 ; -6.47433 ; -0.37435
3.20932 ; 2.37619 ; 2.93232 ; -0.102494
4.20066 ; 4.01656 ; 5.82613 ; 6.42405
5.62851 ; 5.09488 ; -5.99464 ; 5.95614
5.62916 ; 4.86596 ; -5.99857 ; -5.94616
5.28359 ; 5.45729 ; 6.23394 ; -6.19223
5.28368 ; 5.48323 ; 6.23758 ; -6.1944
7.63872 ; 6.49632 ; -4.813 ; -6.08115
6.33236 ; 5.66119 ; -6.33335 ; -6.27443
5.90682 ; 4.77258 ; -6.14554 ; 6.11613
5.80595 ; 6.85714 ; 5.88306 ; 4.38398
4.98978 ; 4.25003 ; 6.35387 ; 6.29547
6.75493 ; 6.13151 ; -6.33407 ; -6.21447
5.58583 ; 4.92728 ; 6.09116 ; 6.06005
3.71738 ; 3.54192 ; 4.69594 ; 6.181
4.56099 ; 3.56599 ; 6.3964 ; 5.90995
5.06651 ; 5.52976 ; 6.27541 ; -6.24271
8.30226 ; 7.61445 ; -1.38629 ; -0.556368
6.51593 ; 5.53655 ; -6.27943 ; -6.30394
6.02398 ; 4.72107 ; -6.18445 ; 6.15066
6.47507 ; 5.90037 ; -6.37739 ; -6.25945
5.17698 ; 5.20375 ; 6.20315 ; -6.14497
4.14844 ; 5.96549 ; 5.63408 ; -6.38793
7.33362 ; 7.38999 ; -6.05517 ; -2.03012
3.45442 ; 3.3702 ; 3.49785 ; 5.98119
5.02409 ; 3.95062 ; 6.40154 ; 6.16465
4.08207 ; 2.70954 ; 6.11791 ; 3.00765
8.17646 ; 2.88952 ; 0.52584 ; 4.71294
7.86699 ; 7.18584 ; -4.26467 ; -3.95422
4.29823 ; 7.26182 ; 6.0761 ; 3.26876
3.4349 ; 6.9174 ; -2.88316 ; -5.15692
3.96336 ; 2.65947 ; 5.69096 ; -2.70806
3.1766 ; 7.41692 ; -2.13524 ; 2.86468
5.92433 ; 4.42575 ; -6.19191 ; 6.16576
3.37241 ; 3.3597 ; 3.22574 ; 4.94627
5.82097 ; 4.29447 ; -6.15376 ; 6.12794
8.30752 ; 5.12393 ; 1.61947 ; 5.96127
