5.93156 ; 3.4349 ; -5.72606 ; -4.87676
6.02179 ; 5.41847 ; -5.76236 ; 5.6546
6.33115 ; 4.53621 ; -5.90828 ; 5.92523
6.14118 ; 5.44525 ; 5.6208 ; 5.60517
4.74577 ; 4.30713 ; -5.35741 ; -5.4602
6.12442 ; 5.49701 ; 5.62122 ; 5.58917
5.58561 ; 4.75068 ; -5.75973 ; -5.70427
5.11565 ; 5.97198 ; -5.5225 ; 5.33882
7.62574 ; 4.85111 ; -3.75537 ; 5.99401
5.97176 ; 5.10541 ; -5.88258 ; -5.84898
6.33219 ; 3.98719 ; -5.674 ; -5.3212
7.07775 ; 4.35301 ; 5.02806 ; -5.45415
4.00598 ; 2.33206 ; 5.48457 ; 0.0227922
3.08258 ; 4.44602 ; -2.61113 ; 5.99216
8.37018 ; 3.01938 ; 1.05702 ; 4.70437
7.54185 ; 5.73927 ; 4.4551 ; -5.6879
4.83757 ; 3.21373 ; 6.14961 ; 4.51438
5.96753 ; 5.79426 ; -5.98824 ; -5.7686
5.36223 ; 4.17402 ; -5.6263 ; -5.42965
3.50828 ; 5.85731 ; -3.96129 ; -5.74732
5.30542 ; 4.54666 ; -5.64502 ; -5.60307
5.95851 ; 4.703 ; 5.69386 ; -5.65422
5.88955 ; 5.08893 ; -5.87158 ; -5.83347
6.92544 ; 4.67688 ; 5.15039 ; -5.58085
4.43793 ; 5.65961 ; 5.51693 ; -6.01421
7.97712 ; 5.19356 ; -2.34379 ; 5.8307
4.61771 ; 5.03281 ; -5.27463 ; 5.66133
4.80779 ; 5.23683 ; -5.39983 ; 5.62058
6.26094 ; 5.60072 ; 5.55629 ; 5.53567
7.48906 ; 2.72086 ; 4.48334 ; -3.91211
6.35319 ; 5.1586 ; -5.85736 ; -5.91169
5.41564 ; 4.29465 ; -5.75417 ; 5.66369
6.2616 ; 5.37484 ; -5.9305 ; -5.92992
5.76802 ; 6.76297 ; -5.73311 ; 4.6509
4.41364 ; 3.52797 ; 5.81899 ; 5.41096
5.77928 ; 4.91809 ; -5.8278 ; 5.80488
3.54137 ; 3.0594 ; 3.81932 ; 4.65214
5.12266 ; 4.55074 ; 5.95737 ; 5.95324
5.54483 ; 4.92835 ; 5.8187 ; -5.76941
2.9881 ; 6.42648 ; 0.888452 ; 4.86935
5.96081 ; 5.79453 ; 5.64718 ; 5.45577
5.57077 ; 4.9683 ; 5.81987 ; -5.77581
6.9059 ; 5.89871 ; 5.15857 ; 5.33837
5.70631 ; 4.29652 ; 5.89724 ; 5.76084
5.62913 ; 4.30139 ; 5.72627 ; -5.49797
5.1517 ; 4.44065 ; 5.98246 ; 5.93873
5.37796 ; 5.254 ; -5.67754 ; 5.67119
5.09419 ; 4.56974 ; 5.94944 ; 5.95344
4.18924 ; 2.86826 ; 5.69944 ; 3.57076
5.24918 ; 5.46422 ; -5.61034 ; 5.59252
4.94755 ; 4.15261 ; 6.01057 ; 5.90243
5.25702 ; 5.42915 ; -5.61708 ; 5.6047
5.59684 ; 4.85785 ; 5.86787 ; 5.84083
5.97849 ; 4.64163 ; 5.6803 ; -5.63343
4.29163 ; 2.48944 ; -4.87648 ; -3.45247
5.30716 ; 4.59815 ; 5.76848 ; -5.65911
5.58073 ; 5.27176 ; -5.73225 ; 5.69032
5.34193 ; 5.03971 ; 5.85066 ; -5.82207
5.48372 ; 5.25027 ; -5.70967 ; 5.68691
6.21251 ; 5.37496 ; -5.93702 ; -5.92134
4.12046 ; 5.43027 ; -4.8779 ; 5.54532
5.84655 ; 5.14103 ; 5.76135 ; 5.73912
5.51521 ; 4.95472 ; 5.82629 ; -5.77969
7.99983 ; 4.19861 ; -2.40794 ; 6.13726
5.05505 ; 4.27949 ; -5.518 ; -5.47192
3.02951 ; 5.37947 ; -0.379846 ; -6.04827
6.13038 ; 4.38638 ; -5.95937 ; 5.86843
5.89529 ; 4.90967 ; -5.84538 ; 5.82563
5.07113 ; 4.61333 ; 5.93374 ; 5.96179
5.37156 ; 3.78088 ; 5.72041 ; -5.1516
8.20349 ; 4.11989 ; -1.14449 ; 6.12888
3.21965 ; 3.46613 ; -2.96308 ; 5.36693
5.74412 ; 4.96843 ; -5.81273 ; 5.79041
2.87567 ; 2.75346 ; 0.399378 ; -3.54874
4.83403 ; 6.59042 ; 6.07632 ; -4.84165
5.39814 ; 4.62742 ; -5.68752 ; -5.64199
5.90986 ; 4.42675 ; -5.92656 ; 5.82351
6.53057 ; 4.17785 ; -5.92773 ; 5.89143
5.71953 ; 4.69201 ; -5.8453 ; 5.81375
5.78048 ; 5.95256 ; -5.94958 ; -5.61866
6.04102 ; 3.16037 ; -5.77619 ; -4.56404
5.73016 ; 4.81522 ; -5.80076 ; -5.74321
5.11603 ; 5.27347 ; 5.88094 ; -5.8983
5.5951 ; 4.96404 ; 5.85188 ; 5.82185
5.75679 ; 5.03808 ; -5.8417 ; -5.80309
8.35106 ; 3.46162 ; 0.892272 ; 5.6017
6.39199 ; 5.09505 ; -5.826 ; -5.90069
7.53774 ; 6.02031 ; -4.43498 ; -5.95966
7.41772 ; 4.11504 ; -4.39466 ; -5.40019
5.98723 ; 4.61228 ; 5.67409 ; -5.62366
5.54267 ; 4.86973 ; 5.80882 ; -5.7529
4.5653 ; 2.41579 ; 5.75423 ; 1.04675
5.8979 ; 4.42151 ; -5.92432 ; 5.81773
5.19676 ; 5.20113 ; -5.60918 ; 5.66546
6.8967 ; 5.53543 ; 5.1814 ; 5.51165
5.34427 ; 4.58453 ; -5.66395 ; -5.62073
3.20702 ; 7.65062 ; 2.87625 ; 1.98672
4.96975 ; 5.34758 ; 5.73118 ; 5.73252
7.72618 ; 4.42793 ; 4.22346 ; 5.7889
5.63002 ; 5.00936 ; -5.8084 ; -5.77761
5.84344 ; 4.69414 ; 5.72528 ; -5.66476
5.86088 ; 4.98557 ; -5.82795 ; 5.80477
7.53901 ; 4.14815 ; 4.44336 ; 5.70422
6.94794 ; 6.8226 ; -5.42356 ; 4.45247
4.60278 ; 7.5972 ; 6.1008 ; -0.481344
5.75528 ; 5.16259 ; 5.78326 ; 5.74659
8.40731 ; 4.54428 ; 1.10429 ; -5.65841
5.48071 ; 6.02485 ; 5.97285 ; -5.54897
6.23441 ; 7.45047 ; -6.15988 ; -1.64358
6.46648 ; 7.47892 ; -6.19301 ; -1.42228
7.43867 ; 5.868 ; -4.78857 ; -5.64204
3.03417 ; 6.63434 ; 0.0634713 ; -5.47451
5.85776 ; 5.50115 ; -5.92743 ; -5.83946
6.08107 ; 4.14777 ; -5.99201 ; 5.75339
3.56065 ; 5.52115 ; -4.10565 ; -5.79347
6.26912 ; 5.6222 ; -5.98256 ; -5.91213
5.60839 ; 5.13072 ; -5.75905 ; 5.7361
5.40573 ; 3.53136 ; 6.06883 ; 5.03915
5.67213 ; 6.25515 ; -5.68208 ; 5.14099
5.27283 ; 6.3207 ; 6.05316 ; -5.24896
6.0851 ; 5.03948 ; -5.87048 ; -5.85011
3.66003 ; 6.48409 ; 4.02516 ; -5.5883
7.55716 ; 7.79474 ; 4.22987 ; -0.330914
3.36623 ; 3.73549 ; -3.85395 ; -5.01192
3.52512 ; 7.61654 ; 4.16451 ; -1.02478
5.38427 ; 6.32268 ; 5.73361 ; 5.09537
5.68457 ; 5.25475 ; -5.85158 ; -5.81678
6.0933 ; 5.42238 ; 5.64128 ; 5.61865
5.29004 ; 5.57281 ; 5.76888 ; 5.6002
5.06416 ; 4.82881 ; 5.76084 ; -5.77573
5.62054 ; 5.14415 ; -5.75953 ; 5.7345
5.54025 ; 7.10514 ; -5.69978 ; 4.21096
5.85117 ; 4.67607 ; 5.72084 ; -5.65828
6.0026 ; 5.09879 ; 5.70565 ; -5.73427
8.09571 ; 4.42258 ; -1.72859 ; 6.13051
8.19534 ; 3.0518 ; 2.70934 ; 4.64634
5.66734 ; 4.98364 ; 5.80728 ; -5.76474
6.04741 ; 5.05274 ; -5.87446 ; -5.84869
5.75872 ; 4.98172 ; -5.83293 ; -5.79238
5.27199 ; 4.7635 ; -5.65211 ; -5.66988
6.17868 ; 3.97803 ; -6.02623 ; 5.65411
5.15268 ; 4.59539 ; -5.58565 ; -5.60408
7.46388 ; 6.04305 ; -4.69159 ; -6.00344
6.15235 ; 7.21582 ; -5.85605 ; 3.92901
5.5386 ; 4.9125 ; -5.7663 ; 5.76457
6.03083 ; 3.29907 ; -5.76932 ; -4.72229
3.02048 ; 5.66519 ; -1.88697 ; -6.03062
5.44124 ; 5.38064 ; 5.90692 ; -5.84474
5.95544 ; 5.52979 ; 5.67859 ; 5.58861
6.17039 ; 5.46044 ; 5.60761 ; 5.59703
3.7294 ; 3.03446 ; 4.56166 ; 4.48782
7.14126 ; 2.30081 ; -5.7941 ; -0.538308
6.14001 ; 5.50941 ; 5.61447 ; 5.58314
7.03514 ; 3.25568 ; 5.00049 ; -4.66081
5.71728 ; 4.99848 ; -5.82826 ; -5.78934
5.70444 ; 5.35108 ; -5.86836 ; -5.82009
6.03413 ; 5.40634 ; 5.66449 ; 5.62828
6.8094 ; 3.84262 ; -5.83845 ; 5.73479
5.3243 ; 5.31584 ; -5.65353 ; 5.64787
5.3557 ; 3.96632 ; 6.04108 ; 5.64945
5.44741 ; 4.62243 ; -5.70227 ; -5.64557
4.87513 ; 5.74087 ; 5.64986 ; 5.50837
5.87947 ; 2.89614 ; -5.7841 ; -4.20556
6.45556 ; 5.46097 ; -5.89909 ; -5.9657
6.7586 ; 5.39436 ; -5.67823 ; -6.00693
4.52984 ; 5.68207 ; -5.21142 ; -5.44004
6.79697 ; 6.72304 ; 5.17029 ; 4.72114
5.32708 ; 4.97282 ; 5.83657 ; -5.80612
4.96017 ; 3.98367 ; -5.45014 ; -5.30597
7.09505 ; 6.11334 ; 4.99849 ; 5.19614
6.72359 ; 4.89849 ; 5.2915 ; -5.64083
5.34671 ; 4.57926 ; -5.664 ; -5.61952
6.50217 ; 4.55261 ; -5.83788 ; 5.96368
8.02457 ; 2.5065 ; -3.28846 ; 2.08311
5.71049 ; 4.93681 ; -5.81665 ; -5.77473
3.63766 ; 3.2607 ; 3.91399 ; 5.14064
3.92434 ; 4.01624 ; 4.70174 ; 6.05617
5.9404 ; 4.70181 ; 5.69909 ; -5.65597
3.57991 ; 4.23684 ; 3.45666 ; 6.14856
3.09342 ; 7.42808 ; -2.88894 ; 3.36046
5.6677 ; 5.59489 ; 5.87307 ; -5.75947
5.79275 ; 5.43693 ; 5.73624 ; 5.64049
6.37415 ; 4.18459 ; -5.9784 ; 5.85637
5.51358 ; 5.14217 ; -5.73286 ; 5.71905
6.04302 ; 4.42248 ; -5.94733 ; 5.85607
3.66311 ; 6.23928 ; 3.93417 ; 4.93908
5.20687 ; 4.02789 ; 6.05599 ; 5.74808
5.66464 ; 5.18619 ; 5.83468 ; -5.79506
5.52975 ; 4.8069 ; 5.88942 ; 5.85988
6.24884 ; 4.79593 ; -5.86003 ; 5.8984
6.79787 ; 4.82223 ; 5.2415 ; -5.62372
7.44231 ; 5.92452 ; -4.65736 ; -6.05309
5.45471 ; 4.63958 ; 5.93072 ; 5.88661
6.1613 ; 4.24824 ; -5.98409 ; 5.82783
4.96371 ; 2.90734 ; 5.81014 ; -4.12061
3.51889 ; 3.87388 ; 3.30576 ; 6.03594
5.26641 ; 5.42908 ; -5.6198 ; 5.6058
5.49362 ; 5.65499 ; -5.67141 ; 5.52
6.02951 ; 4.63959 ; 5.66362 ; -5.62727
5.95407 ; 5.18149 ; 5.72053 ; 5.71351
4.81425 ; 5.87789 ; -5.38215 ; 5.37884
6.09094 ; 4.48147 ; 5.62507 ; -5.56612
5.35864 ; 3.37154 ; 5.74374 ; -4.78284
8.02103 ; 5.59999 ; -2.25691 ; -6.14318
6.07769 ; 5.42214 ; 5.64684 ; 5.62066
5.71239 ; 4.87937 ; 5.83561 ; 5.81736
6.28708 ; 4.31201 ; 5.5312 ; -5.48164
5.52568 ; 5.02963 ; 5.83831 ; -5.79524
4.7078 ; 4.32195 ; -5.33626 ; -5.46304
2.9594 ; 4.18855 ; -0.012631 ; -5.38795
5.47287 ; 5.30119 ; -5.69993 ; 5.67015
7.97467 ; 2.29109 ; -3.70607 ; -1.26295
6.95026 ; 4.9 ; -5.30193 ; 5.93635
6.55062 ; 3.16996 ; -6.11759 ; 4.31879
4.63846 ; 5.11167 ; 5.54373 ; 5.86398
3.34346 ; 4.22424 ; 2.32744 ; 6.16572
5.52561 ; 5.08473 ; 5.84264 ; 5.7998
5.85184 ; 4.67544 ; 5.72084 ; -5.65834
5.96265 ; 5.29445 ; 5.70345 ; 5.67846
5.47297 ; 4.72452 ; 5.9133 ; 5.87959
5.87058 ; 5.18986 ; 5.7475 ; 5.72329
8.26706 ; 5.67316 ; -0.599392 ; -6.13747
5.25412 ; 5.4032 ; -5.61881 ; 5.61207
7.67458 ; 4.02302 ; -3.92337 ; 6.06105
6.09434 ; 5.54395 ; -5.9715 ; -5.88545
6.11831 ; 4.79153 ; -5.87773 ; 5.88054
8.35879 ; 4.35645 ; 0.963562 ; 6.09038
5.2066 ; 5.50634 ; 5.94207 ; -5.88573
6.03233 ; 4.81596 ; -5.87461 ; 5.86275
7.81114 ; 5.49065 ; -3.18265 ; -6.11949
3.83636 ; 7.78397 ; -4.3156 ; -0.543028
4.70852 ; 6.64098 ; 5.61474 ; 4.74679
4.25129 ; 7.32272 ; 5.79449 ; -2.5833
8.21923 ; 4.18395 ; -0.69123 ; 6.12731
4.19992 ; 7.67106 ; 5.74156 ; 0.627183
3.62563 ; 7.60235 ; 4.50117 ; -0.775057
6.05449 ; 4.57311 ; 5.6481 ; -5.60318
3.05471 ; 5.62715 ; -0.0325102 ; -6.10383
3.30614 ; 5.79355 ; -3.41425 ; -5.87419
5.59002 ; 5.08867 ; 5.83198 ; 5.79029
5.07113 ; 5.61159 ; -5.52873 ; 5.5213
6.03533 ; 4.53464 ; 5.65002 ; -5.59121
5.5288 ; 4.73693 ; -5.74224 ; -5.69385
4.93839 ; 7.68349 ; -5.48536 ; -0.41153
3.87739 ; 4.30421 ; -4.48627 ; 5.75256
5.41968 ; 5.06093 ; 5.85398 ; -5.81662
5.4199 ; 7.76888 ; -5.78322 ; 1.39101
5.79942 ; 4.86366 ; 5.75949 ; -5.71894
5.07809 ; 5.63387 ; -5.52953 ; 5.5138
3.8776 ; 4.46835 ; 4.08576 ; -5.61192
7.43143 ; 6.36599 ; -4.92037 ; -5.69758
3.04707 ; 6.1795 ; -1.4888 ; -5.90393
5.74467 ; 4.98394 ; 5.7896 ; -5.75278
6.75154 ; 6.16557 ; 5.24567 ; -5.24309
4.13978 ; 6.22878 ; -4.82818 ; -5.3063
5.23541 ; 5.16637 ; -5.66002 ; -5.73774
6.15169 ; 4.43984 ; 5.59742 ; -5.54419
3.53715 ; 3.15368 ; 3.62093 ; -4.32592
4.67914 ; 7.14615 ; 6.10858 ; -3.203
5.5189 ; 6.12488 ; 5.72265 ; 5.25091
6.67842 ; 5.24385 ; -5.69877 ; -5.97001
7.81463 ; 5.23064 ; -3.48646 ; -5.62752
5.65342 ; 5.10706 ; -5.77213 ; 5.74812
5.74957 ; 5.01731 ; 5.79233 ; -5.75778
5.45382 ; 4.75175 ; -5.72132 ; -5.68878
6.40618 ; 5.34817 ; -5.88792 ; -5.95159
6.45995 ; 5.23023 ; -5.82966 ; -5.94093
5.23505 ; 5.44874 ; -5.60766 ; 5.59578
6.29269 ; 5.6679 ; 5.5371 ; 5.50515
5.66036 ; 4.43353 ; 5.90193 ; 5.81621
7.60349 ; 3.37858 ; -4.4276 ; 5.31743
3.0932 ; 3.22243 ; -2.29157 ; 5.05506
5.99267 ; 4.61018 ; 5.67263 ; -5.62248
5.3467 ; 5.39981 ; -5.65072 ; 5.62419
7.87423 ; 5.77326 ; 3.89367 ; -5.78268
4.98388 ; 5.39142 ; 5.87329 ; -5.93082
3.39905 ; 4.27768 ; -3.69197 ; 5.844
4.85958 ; 2.22778 ; -5.37914 ; -0.388769
5.38357 ; 6.17384 ; 5.72684 ; 5.21281
5.57515 ; 3.32966 ; -5.87498 ; 4.42398
6.54305 ; 5.32325 ; -5.81881 ; -5.96597
6.31797 ; 5.66187 ; 5.52646 ; 5.50572
5.51581 ; 5.0153 ; 5.856 ; 5.82077
4.57865 ; 3.90905 ; -5.22735 ; -5.23351
5.81164 ; 4.80965 ; -5.85174 ; 5.82451
4.17695 ; 3.872 ; 5.34726 ; 5.90967
6.21182 ; 4.61539 ; -5.90968 ; 5.91161
6.93978 ; 5.40151 ; 5.1177 ; -5.66524
6.12618 ; 5.73545 ; 5.6009 ; 5.48203
4.7264 ; 7.59281 ; 6.13865 ; -0.358055
6.89356 ; 7.13644 ; -5.87291 ; 1.51064
6.63126 ; 4.43032 ; 5.37468 ; 5.66923
5.13831 ; 5.60972 ; -5.55521 ; 5.5274
5.09158 ; 5.59958 ; -5.53766 ; 5.52754
6.00226 ; 5.31729 ; 5.68701 ; 5.66565
5.73217 ; 5.07096 ; -5.84161 ; -5.80493
3.00423 ; 4.3135 ; -0.815696 ; 6.11054
6.12788 ; 5.47803 ; 5.62207 ; 5.5954
5.44557 ; 4.81629 ; -5.72585 ; -5.70602
7.54248 ; 3.38421 ; 4.51441 ; -4.76131
5.0461 ; 4.32045 ; -5.51746 ; -5.4892
5.58115 ; 5.06622 ; 5.83676 ; -5.79309
5.18686 ; 4.12798 ; 6.03196 ; 5.45735
5.1802 ; 2.70074 ; 5.85384 ; -3.75311
5.48959 ; 5.2609 ; -5.70965 ; 5.68474
5.68668 ; 7.57553 ; -5.96612 ; -0.789066
5.7812 ; 4.87774 ; -5.83498 ; 5.81129
6.05132 ; 4.50338 ; 5.64107 ; -5.57823
6.97804 ; 4.73182 ; -5.32172 ; 5.99254
5.7805 ; 5.69376 ; -5.92651 ; -5.76601
5.57383 ; 4.58771 ; 5.76421 ; -5.64223
5.85141 ; 4.95093 ; 5.78001 ; 5.78361
5.19313 ; 5.06942 ; -5.63405 ; -5.72436
8.4157 ; 5.58694 ; 2.30752 ; 5.49436
5.26208 ; 4.89823 ; 5.82103 ; -5.78655
4.24292 ; 3.61361 ; 5.53349 ; 5.60542
4.75409 ; 3.70327 ; -5.31653 ; -5.1047
5.43976 ; 5.84896 ; -5.64331 ; 5.41577
6.16801 ; 7.39394 ; 5.55741 ; 3.70791
7.23664 ; 5.92754 ; -5.19494 ; -6.01968
7.45573 ; 3.29909 ; 4.60371 ; -4.68722
5.19225 ; 4.43638 ; -5.58855 ; -5.54851
6.06862 ; 4.55504 ; 5.64112 ; -5.5956
5.54767 ; 5.22725 ; 5.86661 ; -5.81904
5.22071 ; 5.51824 ; -5.5948 ; 5.56973
3.533 ; 4.94986 ; 3.0514 ; 5.98958
6.2854 ; 7.78982 ; 5.54206 ; 1.50844
4.88977 ; 4.925 ; 5.70411 ; -5.82615
5.30485 ; 5.00306 ; 5.87666 ; 5.84095
4.47185 ; 4.1499 ; 5.22276 ; -5.40154
5.80996 ; 4.78126 ; 5.746 ; -5.69579
5.62224 ; 4.9625 ; -5.78609 ; 5.77098
5.78675 ; 5.198 ; 5.77005 ; 5.73228
6.35321 ; 5.76976 ; 5.53471 ; -5.5579
4.12422 ; 6.66516 ; 5.00865 ; 4.66605
6.935 ; 5.31496 ; 5.12189 ; -5.68664
8.39668 ; 5.71069 ; 2.49973 ; 5.436
5.00377 ; 3.61161 ; 5.66514 ; -4.9911
5.39563 ; 5.29909 ; -5.67744 ; 5.66169
5.89604 ; 5.21136 ; 5.73678 ; 5.71358
8.11367 ; 6.8567 ; -2.28457 ; -4.97751
6.16223 ; 4.98466 ; -5.83043 ; 5.84029
5.68231 ; 5.04867 ; -5.78781 ; 5.76486
3.35931 ; 6.19514 ; 2.39462 ; -5.9671
6.00577 ; 2.73593 ; -6.08835 ; 2.42871
7.05736 ; 2.3843 ; -5.75051 ; -2.36291
4.31925 ; 5.31525 ; -5.05145 ; -5.68386
5.829 ; 5.22621 ; 5.75459 ; 5.71826
5.96036 ; 5.37736 ; 5.69373 ; 5.64973
6.17997 ; 5.02846 ; -5.86064 ; -5.85824
6.23717 ; 4.37311 ; 5.55704 ; -5.5106
5.16353 ; 4.4163 ; -5.57493 ; -5.53793
5.33193 ; 2.4118 ; -5.64487 ; -3.13492
3.18397 ; 2.27022 ; 2.68405 ; -0.229615
5.14574 ; 7.58183 ; 5.99773 ; 2.83252
7.8501 ; 5.49556 ; -3.05501 ; -6.12304
5.74093 ; 4.96938 ; -5.81251 ; 5.78975
5.6533 ; 5.2703 ; -5.84445 ; -5.81182
5.62737 ; 5.10114 ; -5.7677 ; 5.7457
6.44483 ; 3.2598 ; -5.70379 ; -4.65485
7.7695 ; 4.79266 ; -3.25272 ; 6.01835
2.99604 ; 2.47591 ; 1.55155 ; -2.69082
4.93506 ; 6.56101 ; 6.09613 ; -4.94611
5.9944 ; 4.7359 ; -5.88863 ; 5.86628
5.50206 ; 5.11904 ; 5.8572 ; -5.81465
5.84819 ; 5.43935 ; -5.75582 ; 5.63731
5.62331 ; 4.62553 ; 5.89304 ; 5.84956
5.79796 ; 5.10536 ; 5.78047 ; 5.75575
4.89304 ; 5.99402 ; 5.9863 ; -5.76654
5.75256 ; 4.97154 ; 5.81167 ; 5.79479
5.70912 ; 4.81482 ; 5.77374 ; -5.71752
6.09067 ; 5.39544 ; 5.64531 ; 5.62791
6.81858 ; 4.97758 ; 5.22339 ; -5.65139
4.0866 ; 2.59792 ; -4.68215 ; -3.68984
8.41785 ; 7.79109 ; 0.912608 ; 0.999068
3.82867 ; 4.59347 ; 4.19034 ; 6.10538
5.12676 ; 6.20589 ; 6.05537 ; -5.47193
5.17453 ; 5.50071 ; -5.57918 ; 5.57139
4.95382 ; 4.96241 ; 5.80971 ; 5.89999
3.23142 ; 7.34213 ; 2.83023 ; 3.34764
5.39936 ; 4.9808 ; 5.8392 ; -5.8005
5.75222 ; 4.25825 ; 5.70043 ; -5.47255
5.05666 ; 3.11735 ; 6.17413 ; 4.1229
5.7868 ; 5.86534 ; 5.69251 ; 5.42019
4.83195 ; 4.51593 ; 5.87187 ; 6.00452
5.76927 ; 5.07277 ; -5.84937 ; -5.81104
5.52286 ; 5.14114 ; -5.73522 ; 5.72076
5.60109 ; 4.88618 ; -5.78356 ; -5.74595
6.83469 ; 4.87156 ; 5.21453 ; -5.63305
5.26766 ; 4.17847 ; -5.68168 ; 5.56467
5.80206 ; 5.31782 ; -5.89088 ; -5.84014
5.66953 ; 4.79867 ; 5.77811 ; -5.71709
6.8381 ; 4.46713 ; -5.60078 ; 6.01594
3.0658 ; 5.58197 ; 0.218629 ; -6.10562
4.48675 ; 4.12445 ; 5.71609 ; 5.99912
5.97883 ; 5.15469 ; -5.89269 ; -5.8581
8.4498 ; 2.42387 ; 1.96939 ; -2.81915
8.09693 ; 5.17031 ; -1.75493 ; 5.84227
5.07197 ; 4.422 ; -5.53651 ; -5.53243
5.15045 ; 4.6736 ; -5.59011 ; -5.62936
5.87989 ; 5.14646 ; 5.75045 ; 5.733
5.68359 ; 4.74696 ; 5.76849 ; -5.69908
7.13514 ; 6.61525 ; -5.63272 ; -5.16685
5.01664 ; 4.26765 ; 5.70373 ; -5.4682
3.6839 ; 5.056 ; 3.50772 ; -5.94501
5.15348 ; 3.45477 ; 6.13182 ; 4.97456
5.89932 ; 4.70019 ; -5.88457 ; 5.84981
6.01994 ; 4.61525 ; 5.66447 ; -5.6209
4.62142 ; 3.64468 ; 5.97547 ; 5.52318
5.56415 ; 4.97863 ; 5.82515 ; -5.77812
4.25573 ; 5.02041 ; -4.98587 ; 5.67571
5.19156 ; 7.54193 ; -5.58423 ; 3.28336
5.2042 ; 4.72328 ; 5.92328 ; 5.92856
5.35027 ; 5.22101 ; -5.67127 ; 5.67664
6.8387 ; 3.78889 ; -5.83018 ; 5.68689
5.49456 ; 4.74784 ; -5.73396 ; -5.69001
6.11666 ; 5.19541 ; -5.90365 ; -5.88678
6.30657 ; 6.91547 ; -5.77499 ; 4.40926
5.231 ; 5.46446 ; -5.60437 ; 5.59044
5.77748 ; 5.12051 ; 5.78367 ; 5.75509
6.75525 ; 4.6353 ; -5.63532 ; 5.98879
5.01121 ; 4.41731 ; 5.97278 ; 5.81149
6.24404 ; 3.06553 ; 5.51003 ; -4.48363
6.30184 ; 2.3718 ; -6.15204 ; 0.134575
7.10927 ; 6.79931 ; -5.70818 ; -4.69999
5.60331 ; 5.01344 ; -5.77444 ; 5.75897
5.08362 ; 4.14459 ; 6.03678 ; 5.86012
3.64095 ; 5.40745 ; 3.35496 ; -6.07152
5.03488 ; 3.84603 ; 6.08381 ; 5.63328
6.54233 ; 5.03559 ; -5.73581 ; -5.89653
5.45832 ; 4.57378 ; -5.69953 ; -5.62862
5.4608 ; 4.31109 ; 5.7369 ; -5.50581
5.41652 ; 4.22367 ; 5.72944 ; -5.45567
8.38478 ; 5.04085 ; 0.94577 ; -5.9296
5.55557 ; 5.06942 ; -5.75447 ; 5.7412
4.31465 ; 7.21734 ; 5.49395 ; 3.81075
7.34143 ; 5.89867 ; -4.93053 ; -6.04963
5.20598 ; 5.05628 ; 5.84444 ; -5.84219
5.37175 ; 5.28348 ; -5.67249 ; 5.66281
5.69532 ; 4.59079 ; -5.76069 ; -5.65512
3.03722 ; 5.49946 ; 0.518376 ; 5.66433
4.86314 ; 3.31449 ; 5.67215 ; -4.67545
4.63647 ; 5.41037 ; 5.4822 ; 5.71341
5.86522 ; 5.11443 ; -5.87329 ; -5.83342
3.26957 ; 7.33864 ; 3.01222 ; 3.36556
5.46391 ; 5.16478 ; 5.86755 ; -5.82748
5.37634 ; 5.27828 ; -5.67424 ; 5.66456
5.60199 ; 4.86126 ; 5.86667 ; 5.83958
6.35524 ; 5.25446 ; -5.88031 ; -5.93156
5.54895 ; 4.83336 ; -5.7617 ; -5.72475
8.20278 ; 2.63328 ; -2.09367 ; 3.13609
6.33398 ; 4.79054 ; 5.56001 ; 5.73019
5.44112 ; 6.4986 ; 5.77461 ; 4.91831
5.42621 ; 4.5491 ; 5.95005 ; 5.8889
6.00484 ; 4.9121 ; -5.846 ; -5.80404
6.73968 ; 3.35729 ; -4.83185 ; 5.02462
5.84977 ; 4.93638 ; -5.83952 ; -5.79353
6.05588 ; 4.64868 ; 5.65494 ; -5.6274
4.48589 ; 7.83827 ; -5.08511 ; 1.06508
2.99472 ; 4.42379 ; -0.751836 ; 6.11161
5.35028 ; 5.34051 ; -5.65911 ; 5.64413
5.70197 ; 5.01989 ; -5.79643 ; 5.77367
5.59755 ; 5.10796 ; 5.82756 ; 5.78385
6.55026 ; 4.70429 ; -5.77101 ; 5.95378
8.19966 ; 7.56871 ; -2.42206 ; -0.299276
5.08799 ; 5.18238 ; -5.58031 ; -5.72895
3.2141 ; 5.35433 ; 1.44299 ; 5.76201
6.22952 ; 5.76157 ; 5.55918 ; -5.66547
5.31567 ; 5.24678 ; -5.65648 ; 5.66604
6.41924 ; 5.06373 ; -5.80559 ; -5.89449
5.18469 ; 5.54075 ; -5.57912 ; 5.55802
5.48615 ; 4.62072 ; -5.71359 ; -5.64899
7.06736 ; 4.82502 ; -5.14496 ; 5.97132
8.49413 ; 6.00749 ; 1.6565 ; 5.21664
6.42651 ; 2.44821 ; -6.11353 ; -1.01649
6.00629 ; 6.4775 ; 5.75724 ; -4.77986
5.03489 ; 5.64468 ; -5.51064 ; 5.50586
5.39375 ; 3.44846 ; 6.07889 ; 4.87382
5.6924 ; 4.91973 ; -5.81038 ; -5.76816
5.51951 ; 4.70531 ; -5.73514 ; -5.68264
5.91458 ; 4.654 ; 5.70084 ; -5.64475
4.97852 ; 2.96343 ; 5.7972 ; -4.21477
4.45136 ; 4.75321 ; -5.17096 ; -5.60324
6.04705 ; 5.41662 ; -5.94623 ; -5.88804
4.97094 ; 3.55249 ; 6.1232 ; 5.23869
6.25605 ; 6.82729 ; -5.77229 ; 4.528
5.67714 ; 5.25958 ; -5.85061 ; -5.8155
7.02278 ; 4.73713 ; 5.07246 ; -5.59894
4.70016 ; 3.55242 ; 3.826 ; -4.91789
5.69988 ; 4.70412 ; -5.778 ; -5.70109
6.70637 ; 2.33747 ; -6.11088 ; -0.329095
8.49542 ; 6.25617 ; 1.71545 ; 4.99349
6.21193 ; 4.6555 ; -5.90415 ; 5.8899
5.42208 ; 4.75635 ; -5.71119 ; -5.68608
5.96739 ; 4.59432 ; 5.67789 ; -5.61978
4.61235 ; 6.68376 ; 5.60874 ; 4.66016
3.04581 ; 3.89551 ; -2.03512 ; 5.92269
5.05529 ; 4.56584 ; -5.55254 ; 5.68969
5.86456 ; 4.82115 ; 5.7356 ; -5.69978
4.84207 ; 5.71813 ; 5.89883 ; -5.92483
4.74101 ; 6.26156 ; 5.97925 ; -5.49247
5.79916 ; 5.16616 ; 5.77125 ; 5.73969
5.81376 ; 4.84169 ; -5.83596 ; 5.82339
5.07595 ; 4.34416 ; -5.53246 ; -5.50159
4.90047 ; 4.48505 ; 5.91399 ; 5.99286
6.16934 ; 4.09668 ; -5.74537 ; -5.38615
5.37252 ; 4.6217 ; -5.67844 ; -5.63699
5.87125 ; 4.8949 ; 5.74183 ; -5.71591
4.40357 ; 4.32002 ; 5.54942 ; 6.0651
5.72294 ; 4.59175 ; 5.74063 ; -5.63623
3.1154 ; 4.93036 ; 0.501424 ; 5.98547
5.74557 ; 4.80227 ; 5.76425 ; -5.70982
5.77974 ; 4.9442 ; -5.82307 ; 5.80084
5.22174 ; 5.03096 ; 5.86326 ; 5.84858
6.11457 ; 5.44991 ; 5.62993 ; 5.6067
5.07473 ; 4.98475 ; 5.79917 ; -5.83367
5.34206 ; 5.01088 ; 5.87045 ; 5.84368
5.33449 ; 5.41765 ; -5.64487 ; 5.61694
7.79729 ; 2.55911 ; 3.8593 ; 2.717
6.12418 ; 4.4263 ; -5.75589 ; -5.59488
3.52567 ; 7.85418 ; -3.807 ; 1.46735
4.89088 ; 3.44161 ; 6.12808 ; 5.05383
7.08882 ; 6.1106 ; 5.00331 ; 5.19785
3.31371 ; 4.41618 ; -3.50761 ; 5.88764
4.80827 ; 4.37338 ; -5.39686 ; 5.60916
5.80517 ; 5.55777 ; 5.71806 ; 5.5847
6.03978 ; 6.04474 ; -5.71876 ; 5.28178
5.40194 ; 5.46932 ; 5.9254 ; -5.84719
5.25661 ; 6.32835 ; 5.73959 ; 5.08396
4.6818 ; 3.53382 ; 6.01034 ; 5.32321
7.53364 ; 6.00795 ; -4.45 ; -6.03455
4.67999 ; 3.93605 ; 5.92291 ; 5.83733
5.41032 ; 4.65907 ; -5.69537 ; -5.65337
3.93995 ; 3.58506 ; 4.90371 ; 5.65848
5.57562 ; 5.86921 ; 5.92797 ; -5.64931
6.41239 ; 5.46958 ; -5.91075 ; -5.95629
6.93204 ; 5.4494 ; -5.50993 ; -6.03641
5.84297 ; 4.90485 ; 5.7517 ; -5.72205
3.00901 ; 4.18042 ; -0.650069 ; 6.11283
3.65492 ; 5.80372 ; 3.6737 ; -6.1008
4.54221 ; 3.87445 ; 5.85106 ; 5.82407
6.08351 ; 5.20002 ; -5.90345 ; -5.88215
4.21178 ; 5.03836 ; 5.012 ; 5.92162
6.51338 ; 4.97826 ; 5.42862 ; -5.66582
8.22839 ; 4.00453 ; -0.886228 ; 6.0942
6.5866 ; 4.00668 ; -5.93854 ; 5.80571
5.14961 ; 5.50728 ; -5.56887 ; 5.56651
4.34168 ; 6.0052 ; 5.51949 ; -5.90244
4.86662 ; 5.61372 ; 5.8845 ; -5.94293
5.67403 ; 4.91444 ; -5.80593 ; 5.78683
8.15442 ; 6.79008 ; 2.91467 ; -4.90479
5.85197 ; 4.75532 ; 5.79904 ; 5.80599
8.01862 ; 3.35647 ; -2.88285 ; -4.63765
4.03182 ; 4.62902 ; 4.75215 ; 6.0811
3.91924 ; 2.57667 ; 5.17087 ; -0.996587
5.943 ; 5.05448 ; -5.87081 ; -5.83496
6.57526 ; 4.32762 ; -5.86398 ; 5.95646
5.64433 ; 5.57127 ; -5.71224 ; 5.56616
5.70196 ; 5.501 ; 5.74822 ; 5.61752
5.25801 ; 5.42007 ; -5.61837 ; 5.60731
5.19865 ; 5.46459 ; -5.59236 ; 5.58643
5.99491 ; 4.6768 ; 5.67905 ; -5.64227
5.89766 ; 4.6622 ; 5.70649 ; -5.64903
5.62085 ; 4.68175 ; -5.758 ; -5.68542
5.76734 ; 5.72952 ; -5.92571 ; -5.74701
6.25975 ; 5.04586 ; 5.59084 ; 5.70669
6.05817 ; 7.73849 ; 5.71098 ; 0.550883
8.36353 ; 5.65219 ; 0.631307 ; -6.10375
6.01277 ; 4.43101 ; -5.94148 ; 5.85186
6.32238 ; 4.2842 ; 5.51348 ; -5.46703
3.66631 ; 4.22633 ; 3.7576 ; 6.146
8.49723 ; 6.73994 ; 2.00273 ; 4.46333
7.83637 ; 3.59147 ; -3.42307 ; -4.92104
6.30107 ; 5.62838 ; -5.97909 ; -5.91764
5.73655 ; 5.25955 ; -5.76655 ; 5.70765
5.84704 ; 4.7675 ; 5.80085 ; 5.80552
5.7482 ; 4.98931 ; -5.83254 ; -5.79221
5.9582 ; 4.25827 ; 5.64963 ; -5.4685
5.75258 ; 4.40864 ; 5.71543 ; -5.551
5.24055 ; 5.39802 ; -5.61472 ; 5.61223
5.89155 ; 4.75715 ; 5.72036 ; -5.67874
8.36665 ; 7.29517 ; 1.16664 ; -3.64142
6.10301 ; 5.03783 ; 5.66933 ; 5.72841
7.99602 ; 4.69316 ; 3.71806 ; 5.84344
5.68439 ; 5.15271 ; -5.84076 ; -5.80852
5.98474 ; 5.83652 ; -5.71974 ; 5.42211
6.44265 ; 6.05262 ; -6.03912 ; -5.73557
4.49133 ; 6.94266 ; -2.75075 ; -4.35092
4.62694 ; 3.27124 ; 6.05739 ; 4.77145
3.8533 ; 4.29549 ; -4.60651 ; -5.40372
7.21146 ; 5.6878 ; -5.14382 ; -6.07748
5.48591 ; 4.49498 ; -5.69779 ; -5.59814
6.17827 ; 5.50878 ; 5.59964 ; 5.57912
4.94292 ; 4.92627 ; 5.73767 ; -5.82218
5.98608 ; 4.61654 ; 5.67489 ; -5.62469
5.48009 ; 5.14059 ; -5.7234 ; 5.7139
7.22302 ; 5.44185 ; -5.01372 ; -6.06804
5.94806 ; 4.66518 ; 5.69244 ; -5.64443
8.37883 ; 5.09835 ; 0.71434 ; -5.96027
6.70365 ; 4.58079 ; -5.69277 ; 5.99084
6.39588 ; 4.2421 ; -5.95941 ; 5.88863
5.24927 ; 4.40304 ; 5.73349 ; -5.55998
3.52329 ; 6.06214 ; -3.96099 ; -5.64885
5.24634 ; 4.56623 ; 5.9625 ; 5.92928
8.38143 ; 4.56252 ; 0.957739 ; -5.67281
6.29851 ; 4.32738 ; 5.5274 ; -5.48729
6.93393 ; 2.21428 ; 5.03619 ; 0.0409702
5.11645 ; 4.3858 ; -5.55286 ; -5.52179
4.979 ; 4.24917 ; -5.48015 ; -5.45226
5.74506 ; 5.20676 ; 5.77939 ; 5.73454
5.7837 ; 4.9689 ; -5.83497 ; -5.79314
5.91369 ; 4.8258 ; 5.7215 ; -5.6949
7.98168 ; 3.59408 ; -2.88214 ; -4.91503
6.00873 ; 4.66848 ; 5.73806 ; 5.7762
6.46178 ; 4.17477 ; -5.95579 ; 5.87564
5.28049 ; 4.48712 ; 5.97687 ; 5.91591
4.8766 ; 6.10599 ; 6.00192 ; -5.67626
5.87845 ; 4.41715 ; -5.92143 ; 5.81167
8.28589 ; 5.63031 ; -0.868061 ; 5.53961
5.67393 ; 4.93363 ; -5.8089 ; -5.76839
5.89577 ; 5.17979 ; 5.74116 ; 5.72215
3.59924 ; 7.54805 ; 4.34551 ; 2.59994
5.26653 ; 4.56124 ; -5.63153 ; -5.60397
5.43828 ; 5.68442 ; -5.65414 ; 5.50396
6.01775 ; 3.9692 ; -5.99786 ; 5.60398
3.64828 ; 6.59815 ; -4.11058 ; -4.9508
6.31204 ; 6.66395 ; -6.1383 ; -4.70973
5.58448 ; 5.0937 ; -5.75872 ; 5.74086
5.80239 ; 3.15671 ; 5.68594 ; -4.57263
5.57018 ; 4.88088 ; -5.77436 ; -5.74002
5.82026 ; 4.74914 ; -5.8622 ; 5.8318
7.57812 ; 7.52134 ; -4.86095 ; 2.19943
4.6821 ; 2.38591 ; 6.15809 ; 0.509889
6.18312 ; 4.44763 ; 5.58571 ; -5.54466
5.93096 ; 4.69299 ; 5.70066 ; -5.65469
6.23124 ; 5.58131 ; 5.57056 ; 5.54612
5.64133 ; 4.94678 ; 5.84488 ; 5.81814
7.96055 ; 4.0164 ; -2.76296 ; -5.30739
6.50633 ; 7.53819 ; -5.9891 ; 2.83254
7.53004 ; 5.12141 ; -4.04345 ; -5.99139
4.86197 ; 7.6796 ; 6.09001 ; 1.66753
5.27658 ; 4.38235 ; 5.99548 ; 5.8974
6.00586 ; 4.55907 ; 5.66218 ; -5.60356
5.11092 ; 5.56742 ; -5.54827 ; 5.5411
5.56056 ; 3.21267 ; -5.789 ; 4.2889
5.58303 ; 4.83402 ; 5.87451 ; 5.84622
5.64126 ; 4.76982 ; 5.86934 ; 5.84285
3.32224 ; 4.17562 ; -3.77885 ; -5.33113
3.06806 ; 3.65089 ; -2.12463 ; 5.71915
7.92628 ; 5.88713 ; 3.98261 ; 5.30291
6.41152 ; 3.51703 ; -5.67289 ; -4.92968
3.04392 ; 4.28866 ; -1.98194 ; 6.04795
5.91489 ; 4.89876 ; 5.72772 ; -5.71115
7.64843 ; 5.38068 ; 4.34286 ; -5.75969
3.23654 ; 6.69214 ; 2.03506 ; -5.3455
5.06213 ; 5.63786 ; -5.52299 ; 5.51094
5.82471 ; 4.07975 ; 5.67484 ; -5.36781
5.76217 ; 2.25911 ; 5.91436 ; -0.683931
5.02014 ; 4.41914 ; 5.969 ; 5.96444
5.25353 ; 4.51133 ; -5.62111 ; -5.5844
5.70338 ; 4.92633 ; 5.79138 ; -5.7472
4.73604 ; 6.12281 ; -5.36497 ; -5.30755
5.07958 ; 5.38805 ; 5.90017 ; -5.91458
6.23953 ; 5.75103 ; -6.00809 ; -5.86371
4.83728 ; 5.10905 ; -5.41802 ; 5.65671
8.11422 ; 2.42167 ; -3.09054 ; -2.41471
8.35136 ; 7.01239 ; -1.4243 ; 4.02466
5.12409 ; 5.65527 ; -5.54637 ; 5.50766
8.35914 ; 2.78477 ; 1.21203 ; 3.95078
5.80071 ; 4.43339 ; -5.89917 ; 5.7957
5.38983 ; 4.55077 ; -5.67532 ; -5.61334
8.14951 ; 7.65826 ; -2.79063 ; -0.89376
7.04353 ; 3.92325 ; -5.11207 ; -5.25935
5.68457 ; 5.01637 ; 5.80832 ; -5.76772
6.92497 ; 6.33159 ; -5.27175 ; 5.01707
7.09219 ; 4.26167 ; -5.11789 ; -5.48216
5.97446 ; 5.2917 ; 5.70006 ; 5.67763
4.75584 ; 3.17309 ; 5.68462 ; -4.4745
5.49904 ; 3.71875 ; 6.02305 ; 5.31324
6.42526 ; 5.19631 ; -5.83954 ; -5.92981
5.8201 ; 4.54131 ; 5.71351 ; -5.60965
5.76392 ; 7.54838 ; -5.87043 ; 3.09041
5.94443 ; 4.45656 ; -5.92899 ; 5.84019
7.87108 ; 7.6673 ; 0.366679 ; -0.986741
8.03103 ; 6.91146 ; -2.86268 ; -4.75949
5.39661 ; 5.04044 ; 5.85069 ; -5.8155
5.44759 ; 4.9032 ; 5.88483 ; 5.85716
3.53151 ; 6.08524 ; 2.17784 ; -5.98398
6.06042 ; 4.90849 ; -5.84384 ; -5.80848
3.79834 ; 5.43487 ; -4.52243 ; 5.55555
4.87606 ; 4.99303 ; -5.45476 ; -5.67705
7.06582 ; 3.41848 ; -5.68745 ; 5.18494
5.89027 ; 4.82556 ; 5.72845 ; -5.6977
6.53251 ; 4.47187 ; -5.84717 ; 5.96762
5.22592 ; 5.251 ; -5.61938 ; 5.65523
5.5337 ; 5.00746 ; -5.75535 ; 5.7491
5.9031 ; 5.50111 ; 5.69752 ; 5.60445
7.02984 ; 4.8014 ; 5.06539 ; -5.61426
5.9166 ; 4.61124 ; 5.69494 ; -5.63031
5.12692 ; 5.56969 ; -5.55403 ; 5.54161
6.08128 ; 4.49001 ; 5.62926 ; -5.57016
7.06169 ; 7.14942 ; -5.36169 ; 3.91851
7.86518 ; 3.82735 ; 4.09763 ; -5.11151
5.30616 ; 7.16253 ; 5.84293 ; 4.06998
5.69276 ; 5.0482 ; 5.81692 ; 5.78683
5.47053 ; 5.16518 ; -5.71731 ; 5.707
6.58036 ; 6.28284 ; 5.37651 ; -5.08526
6.31714 ; 3.96585 ; 5.58969 ; 5.42227
5.34838 ; 5.32581 ; -5.66025 ; 5.64801
5.12744 ; 5.57753 ; -5.55352 ; 5.5391
5.84415 ; 5.08193 ; -5.80889 ; 5.77736
5.73824 ; 4.88921 ; -5.81409 ; -5.76646
5.37764 ; 5.73697 ; 5.96408 ; -5.78386
4.43265 ; 3.86354 ; 5.74006 ; 5.82804
6.10024 ; 6.446 ; -6.08661 ; -5.08457
4.27642 ; 6.53501 ; -4.9744 ; 4.83629
5.07283 ; 4.65168 ; -5.55125 ; -5.61466
5.9941 ; 6.9579 ; -5.79071 ; 4.38291
5.38238 ; 4.64735 ; -5.68492 ; -5.64635
5.65702 ; 5.10372 ; 5.8266 ; -5.78646
4.40742 ; 5.91337 ; 5.57843 ; -5.94849
5.33462 ; 5.27814 ; 5.89889 ; -5.86246
5.54106 ; 4.583 ; 5.92098 ; 5.86549
5.74926 ; 4.68139 ; -5.78306 ; -5.6967
8.43234 ; 2.44623 ; 2.13697 ; -2.91497
3.80056 ; 5.12628 ; -4.51125 ; -5.71185
5.78822 ; 4.85942 ; 5.81365 ; 5.80671
7.40674 ; 4.31256 ; -4.61945 ; 6.08907
4.67187 ; 2.55728 ; 5.87179 ; -3.22358
6.0479 ; 4.57477 ; 5.65018 ; -5.60442
5.5782 ; 5.61737 ; -5.69432 ; 5.5413
5.75642 ; 5.33939 ; 5.75815 ; 5.68452
5.31546 ; 5.97564 ; 6.00666 ; -5.64645
5.32839 ; 5.06002 ; -5.69662 ; -5.70348
5.04985 ; 5.74507 ; 5.97262 ; -5.85925
5.75334 ; 4.80746 ; 5.76364 ; -5.71006
5.18267 ; 4.63271 ; 5.94618 ; 5.93918
5.87503 ; 7.25999 ; 5.68849 ; 3.96388
5.36797 ; 5.29231 ; -5.67036 ; 5.66021
5.9067 ; 5.2882 ; -5.90742 ; -5.85978
4.14366 ; 5.63438 ; 4.9764 ; -6.05666
5.09444 ; 4.4999 ; -5.55196 ; -5.56391
5.86099 ; 5.61529 ; 5.79783 ; -5.70793
6.66549 ; 4.88443 ; 5.35042 ; 5.69096
4.65532 ; 7.3009 ; 5.84558 ; 3.52734
4.91872 ; 6.7526 ; -5.49374 ; -4.2574
5.3463 ; 5.64839 ; 5.95881 ; -5.81903
6.31523 ; 3.64772 ; 5.48059 ; -5.06725
3.71968 ; 2.85229 ; 4.34404 ; -3.83642
5.00466 ; 5.17474 ; 5.82411 ; -5.89553
3.60225 ; 4.0325 ; 3.38994 ; -5.28865
4.49998 ; 4.92449 ; -5.18682 ; 5.67377
5.08068 ; 5.61737 ; -5.53177 ; 5.52006
5.03442 ; 6.15506 ; 6.04238 ; -5.57367
5.2561 ; 5.13543 ; -5.63892 ; 5.68537
5.63909 ; 4.81426 ; -5.78185 ; -5.73153
5.44494 ; 3.7239 ; 6.0405 ; 5.34218
5.58568 ; 5.03548 ; -5.76697 ; 5.75236
5.44326 ; 5.63441 ; 5.76496 ; 5.56021
3.0605 ; 3.90112 ; 0.238004 ; 6.05611
5.64556 ; 4.74353 ; -5.77269 ; -5.70979
6.07783 ; 6.42599 ; -6.0803 ; -5.11632
5.37426 ; 4.84902 ; -5.70214 ; -5.70541
7.17463 ; 3.6955 ; 4.9181 ; -5.05993
7.493 ; 2.30113 ; -5.20623 ; -1.19005
5.55695 ; 4.79558 ; -5.75863 ; -5.71535
6.17905 ; 4.45801 ; 5.58817 ; -5.54864
5.70433 ; 2.48051 ; 5.66448 ; 1.57275
5.27737 ; 4.47858 ; 5.97833 ; 5.91525
5.52479 ; 5.21464 ; -5.72523 ; 5.70209
6.19609 ; 5.55478 ; 5.58771 ; 5.55998
8.06298 ; 2.36007 ; -3.26228 ; 1.07172
6.34141 ; 5.14634 ; -5.85369 ; -5.9081
5.12344 ; 7.51518 ; 5.9695 ; 3.12711
5.84025 ; 5.49566 ; 5.79924 ; -5.74859
5.56635 ; 3.73424 ; -5.83867 ; 5.2364
6.02256 ; 4.89718 ; -5.85724 ; 5.84684
5.29333 ; 5.94416 ; 6.00582 ; -5.67714
8.15876 ; 4.59451 ; 3.25057 ; 5.90286
8.35832 ; 5.42952 ; 0.354848 ; -6.08115
5.41599 ; 5.10187 ; 5.86162 ; -5.82507
6.75155 ; 7.75154 ; 5.17695 ; 0.39343
3.53551 ; 7.6444 ; -3.91643 ; 2.91757
5.67109 ; 4.33235 ; -5.72299 ; -5.52855
6.38539 ; 4.25954 ; -5.95874 ; 5.89334
6.22197 ; 4.3365 ; -5.96651 ; 5.87761
4.6567 ; 5.24628 ; 5.63199 ; -5.94813
6.99435 ; 5.43252 ; 5.10809 ; 5.54515
4.12758 ; 6.84895 ; 5.3261 ; -4.59982
5.45878 ; 5.23514 ; -5.70512 ; 5.68771
7.62996 ; 2.74349 ; -4.52475 ; -3.65103
5.62083 ; 7.26383 ; 5.98096 ; -2.42169
5.78178 ; 4.93276 ; 5.77322 ; -5.73702
5.27123 ; 6.78076 ; 6.09487 ; -4.25118
4.72026 ; 5.43755 ; 5.74083 ; -5.97414
6.24206 ; 5.71099 ; -6.00154 ; -5.87546
4.70134 ; 5.6214 ; 5.78384 ; -5.97337
7.97073 ; 4.03499 ; -2.62817 ; 6.10097
5.602 ; 4.15565 ; -5.84823 ; 5.62792
5.72407 ; 5.04082 ; -5.79667 ; 5.77326
3.9648 ; 4.6019 ; 4.57308 ; 6.09333
6.6582 ; 4.15444 ; 5.32631 ; -5.38105
7.00697 ; 4.70205 ; -5.14991 ; -5.7728
4.73592 ; 3.07018 ; 6.14058 ; 4.12751
5.61006 ; 4.9129 ; -5.78879 ; 5.77562
5.36609 ; 4.89812 ; 5.89223 ; 5.8704
6.28681 ; 5.72082 ; -5.99816 ; -5.85627
6.72411 ; 6.35009 ; -5.87921 ; -5.49512
5.47524 ; 5.60178 ; 5.93005 ; -5.80336
5.62485 ; 5.07934 ; -5.77035 ; 5.74982
5.66228 ; 4.90046 ; -5.80103 ; -5.7589
5.55368 ; 5.73885 ; 5.92388 ; -5.72969
7.99527 ; 7.69925 ; 3.51523 ; 2.57719
6.86778 ; 4.36688 ; -5.60371 ; 6.01585
5.1685 ; 6.75868 ; 6.1127 ; -4.32713
5.52704 ; 4.94087 ; 5.86749 ; 5.83706
3.9548 ; 2.72636 ; -4.46635 ; 3.0768
6.10272 ; 5.90734 ; -6.02594 ; -5.74173
5.23701 ; 4.56457 ; -5.61998 ; -5.60199
5.69259 ; 5.0698 ; -5.78588 ; 5.76254
5.49073 ; 4.5221 ; -5.70247 ; -5.60997
3.03657 ; 3.22135 ; -1.37809 ; 5.13804
5.66584 ; 5.23078 ; 5.79403 ; 5.73482
7.37837 ; 6.90899 ; -5.28092 ; -4.48952
5.24341 ; 5.4457 ; -5.61054 ; 5.59773
5.24113 ; 4.74663 ; 5.92505 ; 5.91943
5.53072 ; 5.0055 ; 5.85597 ; 5.82114
3.91923 ; 4.09763 ; 4.16507 ; -5.35263
5.23973 ; 5.79116 ; 5.99006 ; -5.79299
5.1903 ; 2.26729 ; -5.63123 ; -0.231853
5.79307 ; 4.74504 ; 5.74505 ; -5.6871
5.68983 ; 4.82538 ; 5.77845 ; -5.72266
7.01398 ; 5.52596 ; -5.4377 ; -6.03796
4.91011 ; 4.56068 ; 5.89794 ; 5.99106
5.36138 ; 5.43034 ; -5.6519 ; 5.61487
5.4881 ; 5.21006 ; -5.71627 ; 5.69825
5.53454 ; 5.04046 ; 5.83965 ; -5.79569
6.30392 ; 3.18268 ; -6.13067 ; 4.21627
5.481 ; 5.2294 ; -5.71175 ; 5.69223
5.68009 ; 5.05513 ; -5.78643 ; 5.76355
8.00433 ; 5.96058 ; 3.5632 ; -5.76801
5.4607 ; 5.17272 ; -5.71369 ; 5.70387
5.87841 ; 7.64564 ; 5.8318 ; -0.217029
5.46305 ; 4.14887 ; -5.65524 ; -5.41999
5.97095 ; 6.28554 ; -6.03854 ; -5.27194
5.88186 ; 5.06874 ; -5.86744 ; -5.82896
5.64068 ; 4.95416 ; 5.80815 ; -5.7627
5.72802 ; 5.08317 ; -5.84284 ; -5.80557
5.73845 ; 4.93291 ; 5.78444 ; -5.74365
5.05544 ; 3.9526 ; 6.06771 ; 5.72526
5.63794 ; 4.81272 ; -5.78156 ; -5.73132
5.45462 ; 7.67539 ; -5.76609 ; 2.52638
4.88061 ; 4.30553 ; -5.43421 ; -5.46944
6.86912 ; 5.2647 ; -5.45735 ; 5.66338
7.50617 ; 6.60687 ; -4.82443 ; -5.32525
3.6587 ; 2.60024 ; -4.1446 ; -3.61397
5.4045 ; 5.2687 ; -5.68387 ; 5.67101
6.57933 ; 7.55575 ; -5.96779 ; 2.79881
5.91773 ; 5.11822 ; -5.88034 ; -5.84255
5.32474 ; 5.70848 ; -5.73089 ; -5.66302
8.42954 ; 7.76158 ; -0.418257 ; 0.930288
5.73951 ; 5.0211 ; -5.80276 ; 5.77949
6.04345 ; 3.48317 ; -5.73241 ; -4.91696
5.31121 ; 5.57345 ; -5.62256 ; 5.55266
4.95415 ; 5.74169 ; -5.46462 ; 5.45666
5.21393 ; 5.39212 ; 5.91988 ; -5.89021
8.45035 ; 7.52896 ; 1.33585 ; 1.48878
5.75696 ; 4.83584 ; -5.8084 ; -5.75279
4.30861 ; 5.68674 ; 5.34169 ; -6.03176
7.40166 ; 5.79622 ; -4.74483 ; -6.08871
4.56433 ; 6.27084 ; 5.85895 ; -5.59825
6.55053 ; 4.83569 ; -5.7292 ; 5.92392
8.33752 ; 3.79277 ; 0.874646 ; 5.93901
5.785 ; 5.15642 ; -5.86526 ; -5.82575
4.77403 ; 2.99115 ; 6.16045 ; 3.77968
5.40196 ; 4.53749 ; 5.95541 ; 5.89333
5.6808 ; 4.9982 ; 5.8052 ; -5.76562
6.67475 ; 7.5757 ; -6.1502 ; -0.643423
7.99529 ; 3.91783 ; -2.46122 ; 6.04899
6.05623 ; 5.89817 ; 5.61418 ; 5.3967
4.7574 ; 3.96951 ; 5.97967 ; 5.84118
5.66183 ; 5.44602 ; -5.86376 ; -5.80543
5.49862 ; 4.47681 ; 5.75572 ; -5.5929
5.53147 ; 5.10795 ; -5.74253 ; 5.72935
5.20793 ; 3.44412 ; 6.12477 ; 4.92076
3.29582 ; 2.33292 ; -2.8915 ; -2.59483
4.76227 ; 4.77409 ; -5.38096 ; -5.62253
5.27206 ; 6.19421 ; 6.03951 ; -5.43242
5.4159 ; 4.63822 ; -5.69444 ; -5.64748
5.51873 ; 4.6434 ; -5.72596 ; -5.66071
6.03808 ; 5.4174 ; 5.66184 ; 5.62691
5.79727 ; 3.53349 ; 5.67034 ; -4.96397
5.90675 ; 5.28505 ; 5.72321 ; 5.68898
6.36604 ; 4.25922 ; 5.49117 ; -5.45263
7.74517 ; 5.52283 ; -3.507 ; -6.12238
4.71052 ; 5.25069 ; 5.6726 ; -5.94664
6.13993 ; 4.46247 ; -5.94534 ; 5.88768
7.91361 ; 6.76618 ; -3.38433 ; -5.13403
5.47907 ; 4.54263 ; 5.94105 ; 5.87602
5.84722 ; 4.71466 ; 5.80565 ; 5.8052
8.25832 ; 3.74318 ; -0.832324 ; 5.94895
7.12769 ; 3.34238 ; 4.92825 ; -4.76402
5.79376 ; 3.96645 ; -5.93614 ; 5.44721
6.3978 ; 5.7151 ; 5.48338 ; 5.47469
5.02603 ; 4.41591 ; -5.53707 ; 5.64462
5.83884 ; 4.6567 ; -5.79116 ; -5.69356
7.49239 ; 4.35915 ; -4.35346 ; 6.10031
6.96796 ; 5.56669 ; -5.50284 ; -6.04692
5.49268 ; 5.07249 ; 5.84876 ; 5.80735
5.41482 ; 5.17372 ; -5.69849 ; 5.69715
5.70111 ; 5.15167 ; 5.7983 ; 5.75691
5.38163 ; 5.35284 ; -5.66711 ; 5.64401
5.65482 ; 6.17648 ; 5.70288 ; 5.21641
3.51533 ; 4.4479 ; 3.02778 ; 6.14994
7.80026 ; 7.62712 ; 3.7981 ; -1.68098
3.70148 ; 4.81929 ; 3.71692 ; 6.03991
8.24732 ; 5.25264 ; 3.10453 ; 5.68786
5.08046 ; 4.18314 ; 6.02927 ; 5.87987
4.90578 ; 5.1889 ; 5.78404 ; -5.91031
4.75213 ; 6.85022 ; 6.09465 ; -4.27429
6.42237 ; 7.70405 ; -6.12778 ; 1.18817
5.33325 ; 5.1461 ; 5.8725 ; -5.84547
4.93345 ; 4.22353 ; 5.99011 ; 5.93626
6.06055 ; 5.36605 ; 5.65989 ; 5.64153
7.08131 ; 5.84068 ; -5.43734 ; -6.02353
6.12963 ; 5.44374 ; 5.62514 ; 5.60692
7.55488 ; 5.61418 ; 4.44144 ; -5.73297
4.78669 ; 4.54915 ; 5.83726 ; 6.01056
4.96527 ; 4.12674 ; 6.0207 ; 5.87617
5.78619 ; 4.32483 ; 5.86251 ; 5.75113
7.62093 ; 4.28934 ; 4.3667 ; 5.75037
6.03763 ; 5.36948 ; 5.66764 ; 5.64329
5.65293 ; 4.47208 ; 5.73961 ; -5.58548
5.70476 ; 4.83509 ; 5.77758 ; -5.72336
5.5521 ; 5.21336 ; 5.86393 ; -5.81747
5.30569 ; 5.2417 ; 5.81265 ; 5.7603
3.17823 ; 4.71047 ; -3.34843 ; -5.64999
5.24524 ; 4.64226 ; 5.94727 ; 5.92889
4.73799 ; 7.55673 ; -5.29694 ; 3.08429
6.26064 ; 2.80656 ; -6.15374 ; 2.8346
3.09823 ; 4.71879 ; 0.646658 ; 6.07572
5.15401 ; 5.53195 ; -5.56827 ; 5.55834
7.27058 ; 6.08414 ; -5.18524 ; -5.93659
6.01362 ; 5.87944 ; -6.00801 ; -5.73401
5.01969 ; 6.80632 ; 6.13151 ; -4.28506
4.39724 ; 6.34436 ; -5.08388 ; 5.05005
3.02037 ; 5.82961 ; -0.557361 ; -6.08651
8.27359 ; 7.24608 ; -2.05123 ; 3.53435
5.91458 ; 5.23377 ; 5.72785 ; 5.70434
4.79412 ; 7.002 ; 6.12862 ; -3.73348
5.38329 ; 4.61183 ; 5.94539 ; 5.90196
5.84321 ; 5.15289 ; 5.76065 ; 5.7369
6.18409 ; 4.79336 ; -5.78288 ; -5.77432
5.52625 ; 5.03425 ; -5.75023 ; 5.74343
6.04929 ; 5.05853 ; -5.87594 ; -5.84978
6.03967 ; 2.37903 ; 5.76791 ; 0.743182
6.13731 ; 5.48931 ; 5.61766 ; 5.59053
5.8408 ; 5.17484 ; 5.75831 ; 5.73139
5.98672 ; 7.14573 ; 5.77899 ; -2.87116
5.69058 ; 4.76419 ; 5.76966 ; -5.70407
7.33426 ; 4.41557 ; -4.76384 ; 6.08161
5.39104 ; 5.34029 ; -5.67133 ; 5.6488
4.29112 ; 4.7627 ; -5.04272 ; -5.60028
5.99873 ; 2.42635 ; -6.07557 ; 0.405891
3.50255 ; 2.36594 ; 4.10332 ; 0.939109
4.78327 ; 4.65897 ; 5.80324 ; 5.99872
5.02905 ; 5.69049 ; -5.50421 ; 5.48599
5.0293 ; 4.27134 ; -5.50584 ; -5.46632
5.90698 ; 4.83806 ; 5.72477 ; -5.69835
5.90744 ; 4.86379 ; 5.72711 ; -5.70425
7.15742 ; 5.8882 ; -5.33553 ; -6.01654
5.69903 ; 5.03374 ; -5.82951 ; -5.79311
5.29226 ; 5.38419 ; -5.63436 ; 5.62292
6.39425 ; 7.29554 ; 5.41814 ; 3.93183
5.62517 ; 4.87957 ; 5.85886 ; 5.83274
6.12152 ; 5.51006 ; -5.95693 ; -5.8991
6.19495 ; 5.53328 ; 5.59037 ; 5.56823
4.18698 ; 4.16002 ; 5.25317 ; 6.06779
5.20063 ; 4.15699 ; 6.03053 ; 5.8367
5.69405 ; 4.90549 ; 5.79019 ; -5.74388
8.16363 ; 7.55881 ; -2.58629 ; -1.6698
5.88798 ; 4.90615 ; -5.83824 ; -5.78962
5.40554 ; 5.33613 ; -5.67581 ; 5.6517
5.83734 ; 5.27443 ; -5.89278 ; -5.84597
5.79729 ; 4.58925 ; 5.72426 ; -5.63068
4.71185 ; 5.3267 ; 5.69656 ; -5.96114
6.7281 ; 7.18698 ; -6.12083 ; -2.99246
3.8042 ; 3.96832 ; 4.37431 ; 6.05157
5.66424 ; 4.56708 ; 5.88709 ; 5.83692
4.69386 ; 3.0103 ; 6.13185 ; 3.92828
8.22904 ; 3.36081 ; -0.346881 ; 5.43888
7.44052 ; 6.79042 ; -5.08518 ; -4.80937
4.90584 ; 7.5887 ; 6.00837 ; 2.71424
3.14658 ; 6.40171 ; -2.27623 ; -5.6342
4.53246 ; 2.38866 ; 5.93985 ; -2.08546
2.96307 ; 7.70339 ; -1.32245 ; 2.10747
5.30514 ; 5.04233 ; -5.66538 ; 5.71182
3.69498 ; 3.85433 ; 4.16119 ; 5.39157
5.2056 ; 4.90726 ; -5.62519 ; 5.71897
8.46947 ; 5.72006 ; 0.92831 ; 5.45525
