5.35896 ; 2.94722 ; -5.40285 ; -4.45433
5.44556 ; 5.98393 ; -5.41788 ; 5.27288
5.74033 ; 5.12874 ; -5.55301 ; 5.54999
6.70326 ; 6.00577 ; 5.24152 ; 5.23395
4.21003 ; 3.76111 ; -4.95444 ; -5.06384
6.68654 ; 6.05593 ; 5.24208 ; 5.2172
5.00964 ; 4.18025 ; -5.36321 ; -5.31519
4.5634 ; 6.50586 ; -5.13016 ; 4.95699
7.2502 ; 5.45051 ; -4.32958 ; 5.55631
5.3835 ; 4.52051 ; -5.47391 ; -5.43662
5.76479 ; 3.45507 ; -5.43598 ; -4.91776
7.58056 ; 3.80759 ; 4.61258 ; -5.05188
4.55444 ; 2.33433 ; 5.79918 ; 0.950537
2.82147 ; 5.04524 ; -1.99463 ; 5.69401
8.47589 ; 3.48982 ; 0.186809 ; 5.37502
7.98736 ; 5.17048 ; 4.00656 ; -5.51152
5.45253 ; 3.66517 ; 5.81739 ; 4.94153
5.36871 ; 5.2174 ; -5.55052 ; -5.49366
4.7996 ; 3.63106 ; -5.23996 ; -5.04365
3.11215 ; 5.28257 ; -3.44775 ; -5.59535
4.74092 ; 3.98635 ; -5.25457 ; -5.21987
6.5279 ; 4.13758 ; 5.31944 ; -5.27571
5.3024 ; 4.50558 ; -5.45738 ; -5.4248
7.44048 ; 4.1188 ; 4.75714 ; -5.20593
4.98962 ; 5.05819 ; 5.47569 ; -5.64575
7.74274 ; 5.77663 ; -3.1302 ; 5.37435
4.09024 ; 5.59894 ; -4.88607 ; 5.32426
4.26781 ; 5.79889 ; -5.01404 ; 5.26771
6.81657 ; 6.15429 ; 5.1748 ; 5.16063
7.93739 ; 2.32965 ; 3.89949 ; -3.26405
5.76745 ; 4.56743 ; -5.5228 ; -5.48518
4.84023 ; 4.86101 ; -5.32987 ; 5.42468
5.66855 ; 4.78185 ; -5.55231 ; -5.52467
5.19471 ; 7.22806 ; -5.37957 ; 4.22744
4.99554 ; 4.06907 ; 5.72867 ; 5.51729
5.1965 ; 5.49858 ; -5.42019 ; 5.42271
3.9233 ; 3.52461 ; 4.6211 ; 5.24466
5.7184 ; 5.14606 ; 5.57946 ; 5.56341
6.1267 ; 4.35141 ; 5.43452 ; -5.37176
3.07694 ; 6.91341 ; 1.8831 ; 4.31207
6.52553 ; 6.34011 ; 5.27519 ; 5.0815
6.15275 ; 4.39072 ; 5.43296 ; -5.37913
7.42175 ; 6.43254 ; 4.74021 ; 4.93547
6.29603 ; 4.8726 ; 5.46744 ; 5.47982
6.20176 ; 3.75159 ; 5.37657 ; -5.1186
5.74994 ; 5.03452 ; 5.59299 ; 5.5713
4.81021 ; 5.82112 ; -5.2897 ; 5.30658
5.68914 ; 5.16509 ; 5.57903 ; 5.56174
4.75919 ; 3.22534 ; 5.79723 ; 4.33628
4.68815 ; 6.02347 ; -5.22535 ; 5.22695
5.54861 ; 4.74286 ; 5.65925 ; 5.61453
4.69531 ; 5.98962 ; -5.23193 ; 5.23961
6.18363 ; 5.44194 ; 5.45925 ; 5.449
6.54652 ; 4.07829 ; 5.30695 ; -5.25519
3.80398 ; 2.1442 ; -4.32719 ; -2.78482
5.88401 ; 4.03224 ; 5.43906 ; -5.26165
5.00751 ; 5.84079 ; -5.34497 ; 5.32068
5.927 ; 4.45751 ; 5.47634 ; -5.41389
4.91275 ; 5.81896 ; -5.32117 ; 5.31964
5.6188 ; 4.78283 ; -5.54746 ; -5.51852
3.63267 ; 5.98481 ; -4.44854 ; 5.1667
6.42268 ; 5.71494 ; 5.37419 ; 5.3629
6.09784 ; 4.37675 ; 5.44154 ; -5.38024
7.75904 ; 4.81233 ; -3.2314 ; 5.82545
4.50325 ; 3.7323 ; -5.12303 ; -5.08115
2.99153 ; 4.77465 ; 0.391242 ; -5.65009
5.53445 ; 4.97323 ; -5.55158 ; 5.53449
5.31075 ; 5.49223 ; -5.44171 ; 5.43689
5.6645 ; 5.20951 ; 5.57263 ; 5.56084
5.9436 ; 3.26572 ; 5.42373 ; -4.75788
8.08904 ; 4.73278 ; -2.00898 ; 5.85991
2.92335 ; 4.00283 ; -2.32643 ; 5.63379
5.16285 ; 5.54747 ; -5.40837 ; 5.40981
2.91561 ; 2.39859 ; 1.53197 ; -2.80497
5.44167 ; 6.10626 ; 5.75988 ; -5.10897
4.82939 ; 4.06322 ; -5.29561 ; -5.25753
5.31721 ; 5.00911 ; -5.49912 ; 5.49559
5.9378 ; 4.767 ; -5.62116 ; 5.60577
5.135 ; 5.27338 ; -5.42685 ; 5.44992
5.18552 ; 5.39069 ; -5.5014 ; -5.43342
5.4634 ; 2.70397 ; -5.46521 ; -4.11306
5.15008 ; 4.2409 ; -5.401 ; -5.34612
5.70413 ; 4.68364 ; 5.53018 ; -5.48945
6.18029 ; 5.54623 ; 5.44977 ; 5.42872
5.17262 ; 4.45778 ; -5.42622 ; -5.40035
8.44029 ; 4.02179 ; 0.0780067 ; 5.8072
5.8094 ; 4.50498 ; -5.51127 ; -5.47065
7.09424 ; 5.42434 ; -4.9115 ; -5.74932
6.97826 ; 3.57502 ; -4.82297 ; -4.93772
6.55464 ; 4.04991 ; 5.30121 ; -5.24546
6.12355 ; 4.29444 ; 5.42908 ; -5.35634
5.14073 ; 2.52046 ; 5.74133 ; 1.96333
5.30547 ; 5.00328 ; -5.49641 ; 5.49279
4.63584 ; 5.76767 ; -5.22394 ; 5.30633
7.41484 ; 6.0866 ; 4.77802 ; 5.13115
4.77787 ; 4.02245 ; -5.27301 ; -5.23719
3.49465 ; 7.84929 ; 4.01124 ; 1.12968
5.54287 ; 5.92083 ; 5.46953 ; 5.32273
8.14853 ; 5.00682 ; 3.75179 ; 5.54718
5.04918 ; 4.4316 ; -5.39742 ; -5.38318
6.41596 ; 4.12767 ; 5.35092 ; -5.28394
5.27808 ; 5.56605 ; -5.42774 ; 5.41728
7.98335 ; 4.71857 ; 3.99182 ; 5.56074
6.40558 ; 7.26785 ; -5.49974 ; 3.98664
5.21286 ; 7.54906 ; 5.91911 ; -1.3327
6.33361 ; 5.73725 ; 5.39582 ; 5.36679
8.51774 ; 3.97843 ; 0.367386 ; -5.17323
6.078 ; 5.46995 ; 5.54425 ; -5.40749
5.61842 ; 7.28611 ; -5.76419 ; -2.48018
5.84718 ; 7.3367 ; -5.85489 ; -2.27202
6.95981 ; 5.30379 ; -5.13917 ; -5.51091
3.04051 ; 6.08689 ; 0.978791 ; -5.74753
5.26501 ; 4.9172 ; -5.49411 ; -5.47954
5.48187 ; 4.72311 ; -5.56955 ; 5.51177
3.15008 ; 4.94181 ; -3.61313 ; -5.52452
5.67086 ; 5.03099 ; -5.59203 ; -5.55459
5.03249 ; 5.70433 ; -5.36525 ; 5.36394
6.01261 ; 4.03528 ; 5.62489 ; 5.20247
5.10393 ; 6.76925 ; -5.32576 ; 4.7576
5.87815 ; 5.7958 ; 5.63386 ; -5.29393
5.49806 ; 4.45447 ; -5.48208 ; -5.43126
4.06254 ; 5.92526 ; 4.68868 ; -5.69003
7.98015 ; 7.76165 ; 3.59192 ; -1.36972
2.98083 ; 3.2343 ; -3.25194 ; -4.49675
3.94157 ; 7.51406 ; 5.01584 ; -2.0686
5.95763 ; 6.83222 ; 5.42693 ; 4.70268
5.09941 ; 4.67307 ; -5.42705 ; -5.42959
6.65743 ; 5.98425 ; 5.262 ; 5.24739
5.86693 ; 6.13283 ; 5.44615 ; 5.21565
5.64024 ; 4.25124 ; 5.46762 ; -5.35835
5.04459 ; 5.7176 ; -5.36645 ; 5.36184
4.97027 ; 7.52624 ; -5.30404 ; 3.73601
6.42326 ; 4.11024 ; 5.34709 ; -5.27777
6.57316 ; 4.52536 ; 5.32266 ; -5.36783
7.92285 ; 5.03563 ; -2.56105 ; 5.76012
8.46628 ; 3.51643 ; 2.01006 ; 5.29004
6.24806 ; 4.40717 ; 5.41776 ; -5.37341
5.45997 ; 4.46787 ; -5.47904 ; -5.43166
5.17543 ; 4.40249 ; -5.42101 ; -5.38951
4.70678 ; 4.19651 ; -5.26017 ; -5.28889
5.57606 ; 4.54344 ; -5.61216 ; 5.49377
4.59411 ; 4.03498 ; -5.19587 ; -5.22215
6.99472 ; 5.44271 ; -5.08724 ; -5.77491
5.56675 ; 7.60872 ; -5.56048 ; 3.43808
4.96197 ; 5.48896 ; -5.36477 ; 5.39901
5.45389 ; 2.82684 ; -5.45457 ; -4.28795
2.83178 ; 5.06213 ; -1.21579 ; -5.73028
6.03193 ; 4.79616 ; 5.50351 ; -5.46435
6.5233 ; 6.08865 ; 5.30172 ; 5.21651
6.73115 ; 6.02014 ; 5.22826 ; 5.22571
4.18557 ; 3.48324 ; 5.16105 ; 5.10218
6.56185 ; 2.24698 ; -5.88988 ; 0.323573
6.70146 ; 6.06773 ; 5.23531 ; 5.21107
7.53519 ; 2.7896 ; 4.52506 ; -4.16151
5.13446 ; 4.41954 ; -5.41571 ; -5.38919
5.1176 ; 4.76907 ; -5.43959 ; -5.44395
6.60058 ; 5.96917 ; 5.28502 ; 5.25753
6.22556 ; 4.4161 ; -5.66085 ; 5.61305
4.75894 ; 5.88062 ; -5.26721 ; 5.28371
5.95981 ; 4.53127 ; 5.60814 ; 5.48951
4.87718 ; 4.05787 ; -5.31035 ; -5.26052
5.44011 ; 6.29171 ; 5.45335 ; 5.10962
5.30106 ; 2.47559 ; -5.43565 ; -3.71779
5.86565 ; 4.8644 ; -5.57518 ; -5.5644
6.19078 ; 4.79367 ; -5.51366 ; -5.58619
4.0087 ; 5.13807 ; -4.80285 ; -5.29731
7.314 ; 7.19516 ; 4.72043 ; 4.24775
5.91074 ; 4.39221 ; 5.46994 ; -5.39747
4.41516 ; 3.45307 ; -5.0459 ; -4.90102
7.5949 ; 6.63296 ; 4.55417 ; 4.76906
7.25274 ; 4.3344 ; 4.91266 ; -5.28529
4.78031 ; 4.01731 ; -5.27313 ; -5.236
5.91838 ; 5.14898 ; -5.54756 ; 5.57437
7.69573 ; 2.71481 ; -4.30316 ; 3.17163
5.12882 ; 4.35934 ; -5.40837 ; -5.37565
4.02906 ; 3.77476 ; 4.63553 ; 5.50999
4.39452 ; 4.62185 ; 5.09183 ; 5.80076
6.51031 ; 4.13622 ; 5.32465 ; -5.27707
3.92558 ; 4.8517 ; 4.15887 ; 5.81292
2.80453 ; 7.76413 ; -2.06539 ; 2.59335
6.25501 ; 5.01894 ; 5.45649 ; -5.44585
6.36638 ; 6.00098 ; 5.36004 ; 5.26633
5.77631 ; 4.77022 ; -5.61557 ; 5.57627
4.9403 ; 5.71408 ; -5.34044 ; 5.35107
5.44828 ; 5.00809 ; -5.53003 ; 5.51838
4.05652 ; 6.73319 ; 4.58515 ; 4.50043
5.81247 ; 4.60269 ; 5.64079 ; 5.53976
6.24811 ; 4.60668 ; 5.43476 ; -5.40899
6.11869 ; 5.39289 ; 5.47856 ; 5.46616
5.66284 ; 5.38577 ; -5.50381 ; 5.49512
7.32202 ; 4.25986 ; 4.85838 ; -5.26125
6.97657 ; 5.31921 ; -5.04395 ; -5.76759
6.04778 ; 5.22824 ; 5.51459 ; 5.5031
5.5629 ; 4.83102 ; -5.5757 ; 5.53777
5.54472 ; 2.49528 ; 5.61081 ; -3.63141
3.84947 ; 4.47747 ; 4.07328 ; 5.86581
4.70443 ; 5.98966 ; -5.23463 ; 5.24064
4.92647 ; 6.20699 ; -5.29328 ; 5.15364
6.59587 ; 4.07686 ; 5.2904 ; -5.24971
6.52612 ; 5.75284 ; 5.33669 ; 5.34123
4.27604 ; 6.41577 ; -4.98015 ; 4.99166
6.65345 ; 3.92486 ; 5.25272 ; -5.18747
5.93302 ; 2.89326 ; 5.45155 ; -4.36053
7.79534 ; 4.98567 ; -3.07573 ; -5.76091
6.64237 ; 5.9842 ; 5.26759 ; 5.2493
6.29595 ; 5.46111 ; 5.43114 ; 5.433
6.8402 ; 3.76385 ; 5.15322 ; -5.0968
6.10951 ; 4.45011 ; 5.44794 ; -5.39612
4.17417 ; 3.77565 ; -4.93199 ; -5.06669
2.95814 ; 3.64975 ; 0.855906 ; -4.87654
4.90288 ; 5.8682 ; -5.31289 ; 5.30318
7.60406 ; 2.16479 ; -4.69443 ; -0.342475
6.42007 ; 5.49364 ; -5.31568 ; 5.50748
5.93887 ; 3.60184 ; -5.79202 ; 4.80113
5.19283 ; 5.69807 ; 5.42349 ; 5.43324
3.57621 ; 4.84081 ; 3.16829 ; 5.84092
6.10987 ; 5.66471 ; 5.45116 ; 5.40511
6.42393 ; 4.1096 ; 5.34715 ; -5.27786
6.53299 ; 5.86229 ; 5.32214 ; 5.30591
6.0643 ; 5.31248 ; 5.50021 ; 5.48805
6.44533 ; 5.76219 ; 5.36243 ; 5.34809
8.20712 ; 5.05942 ; -1.43499 ; -5.79306
4.69224 ; 5.96441 ; -5.23351 ; 5.24741
7.28224 ; 4.62912 ; -4.53466 ; 5.81353
5.49719 ; 4.9554 ; -5.5542 ; -5.51882
5.53053 ; 5.37958 ; -5.49197 ; 5.48378
8.45515 ; 4.96548 ; 0.232069 ; 5.77259
5.8008 ; 4.91777 ; 5.5576 ; -5.51305
5.44487 ; 5.40224 ; -5.47699 ; 5.46951
7.49287 ; 4.87871 ; -3.89017 ; -5.70839
3.4048 ; 7.72967 ; -3.67182 ; -1.59106
5.26999 ; 7.11566 ; 5.52583 ; 4.31007
4.83074 ; 7.06439 ; 5.84487 ; -3.45627
8.15011 ; 4.79668 ; -1.51968 ; 5.8395
4.77408 ; 7.73378 ; 5.87223 ; -0.196058
4.07574 ; 7.52484 ; 5.24083 ; -1.7741
6.6193 ; 4.0128 ; 5.27546 ; -5.22532
3.05146 ; 5.01677 ; 0.77034 ; -5.75641
2.96472 ; 5.20613 ; -2.86802 ; -5.66463
6.17322 ; 5.6677 ; 5.43934 ; 5.39983
4.51825 ; 6.16372 ; -5.14091 ; 5.15103
6.60033 ; 3.97552 ; 5.27782 ; -5.21314
4.95458 ; 4.16755 ; -5.34652 ; -5.30615
4.38985 ; 7.64234 ; -4.9723 ; -1.27626
3.42877 ; 4.87947 ; -4.04504 ; 5.5518
6.00508 ; 4.47927 ; 5.46878 ; -5.4125
4.84158 ; 7.90798 ; -5.30917 ; 0.666855
6.37537 ; 4.29176 ; 5.37873 ; -5.33515
4.52514 ; 6.18525 ; -5.14145 ; 5.14294
4.28618 ; 3.90716 ; 4.58315 ; -5.15454
6.93939 ; 5.79624 ; -5.27491 ; -5.69345
2.89819 ; 5.58911 ; -0.76967 ; -5.83244
6.32363 ; 4.40866 ; 5.40183 ; -5.36596
7.27611 ; 5.64126 ; 4.82665 ; -5.2825
3.65696 ; 5.69815 ; -4.37069 ; -5.37578
4.6694 ; 4.5926 ; -5.26189 ; -5.37866
6.71143 ; 3.88542 ; 5.22437 ; -5.16484
3.89924 ; 2.72109 ; 4.43383 ; -3.76281
5.29 ; 6.82585 ; 5.86064 ; -3.93872
6.09117 ; 6.64997 ; 5.39207 ; 4.86905
6.10854 ; 4.64685 ; -5.50161 ; -5.53721
7.46598 ; 4.66789 ; -4.16729 ; -5.3543
5.07621 ; 5.68187 ; -5.37705 ; 5.37356
6.3288 ; 4.44153 ; 5.4034 ; -5.37155
4.88168 ; 4.18288 ; -5.32613 ; -5.30302
5.81739 ; 4.75301 ; -5.55505 ; -5.53676
5.87698 ; 4.63613 ; -5.52938 ; -5.51403
4.67429 ; 6.00831 ; -5.22262 ; 5.2305
6.8464 ; 6.21841 ; 5.15397 ; 5.12769
6.25056 ; 5.01515 ; 5.4759 ; 5.48856
7.16073 ; 3.91032 ; -4.9877 ; 5.56763
2.86405 ; 3.72794 ; -1.56057 ; 5.53468
6.55993 ; 4.04794 ; 5.29978 ; -5.24433
4.78162 ; 5.96223 ; -5.26541 ; 5.25868
8.2636 ; 5.19499 ; 3.39495 ; -5.59839
5.57121 ; 4.79834 ; 5.5524 ; -5.52828
3.02986 ; 4.86208 ; -3.16786 ; 5.64178
4.32167 ; 2.18891 ; -4.86148 ; 0.468263
5.95625 ; 6.69512 ; 5.41963 ; 4.82739
4.98765 ; 3.77206 ; -5.41465 ; 4.79791
5.96117 ; 4.72666 ; -5.54347 ; -5.5446
6.87061 ; 6.21244 ; 5.14287 ; 5.12805
6.10141 ; 5.59737 ; 5.45899 ; 5.42336
4.05591 ; 3.3857 ; -4.79959 ; -4.80869
5.22647 ; 5.3921 ; -5.43835 ; 5.44461
4.71168 ; 4.46297 ; 5.4783 ; 5.73981
5.62086 ; 5.20655 ; -5.52932 ; 5.52679
7.45155 ; 4.83499 ; 4.72632 ; -5.39253
6.68627 ; 6.28366 ; 5.22102 ; 5.10606
5.34026 ; 7.557 ; 5.89649 ; -1.18471
6.30627 ; 7.2875 ; -5.78919 ; 1.04949
7.16873 ; 4.99724 ; 4.98101 ; 5.42611
4.58279 ; 6.16246 ; -5.16865 ; 5.15825
4.53782 ; 6.15234 ; -5.15041 ; 5.15795
6.57096 ; 5.88385 ; 5.30631 ; 5.29382
5.14801 ; 4.49047 ; -5.42457 ; -5.40407
2.92266 ; 4.92456 ; -0.057276 ; 5.80514
6.69009 ; 6.03757 ; 5.24287 ; 5.22366
4.87298 ; 4.24569 ; -5.32921 ; -5.3208
7.99392 ; 2.90808 ; 3.98013 ; -4.23618
4.49435 ; 3.77153 ; -5.12311 ; -5.09964
6.16483 ; 4.48691 ; 5.4427 ; -5.39742
5.79005 ; 4.67372 ; 5.62722 ; 5.33478
5.76558 ; 2.32543 ; 5.58587 ; -3.23044
4.91862 ; 5.82938 ; -5.32148 ; 5.31734
5.09007 ; 7.49662 ; -5.49925 ; -1.60938
5.1977 ; 5.45887 ; -5.42503 ; 5.43019
6.61543 ; 3.94556 ; 5.26906 ; -5.1998
6.44587 ; 5.33107 ; -5.33955 ; 5.57064
5.18785 ; 5.11716 ; -5.48557 ; -5.46866
6.15025 ; 4.02348 ; 5.40406 ; -5.2565
6.42941 ; 5.52929 ; 5.38675 ; 5.40791
4.62972 ; 4.49698 ; -5.2402 ; -5.35911
8.64645 ; 6.13638 ; 1.62597 ; 5.03562
5.84418 ; 4.31957 ; 5.4704 ; -5.37656
4.79627 ; 4.17415 ; 5.59991 ; 5.62946
4.22244 ; 3.1928 ; -4.89222 ; -4.67296
4.87543 ; 6.39054 ; -5.26547 ; 5.04587
6.72375 ; 7.76473 ; 5.1201 ; 3.15978
6.71715 ; 5.32557 ; -5.36668 ; -5.73579
7.9161 ; 2.83037 ; 4.07627 ; -4.15643
4.6334 ; 3.88153 ; -5.19816 ; -5.16432
6.63273 ; 3.99548 ; 5.26858 ; -5.21767
6.13433 ; 4.64534 ; 5.46553 ; -5.42843
4.66123 ; 6.07522 ; -5.20978 ; 5.20335
3.83814 ; 5.54882 ; 3.77278 ; 5.53867
6.83961 ; 7.94066 ; 5.05501 ; 0.767291
5.46019 ; 4.34239 ; 5.46591 ; -5.40012
5.89252 ; 5.58716 ; 5.49621 ; 5.4361
4.99412 ; 3.60974 ; 5.2828 ; -4.9754
6.38456 ; 4.21168 ; 5.36837 ; -5.31303
5.04363 ; 5.5396 ; -5.38372 ; 5.39865
6.36375 ; 5.77123 ; 5.38448 ; 5.35419
6.90668 ; 5.21397 ; 5.13626 ; -5.37166
4.62509 ; 7.13177 ; 5.30337 ; 4.18983
7.44719 ; 4.74629 ; 4.73341 ; -5.389
8.64665 ; 6.25429 ; 1.82404 ; 4.95897
5.57029 ; 3.1125 ; 5.4729 ; -4.57881
4.82789 ; 5.86526 ; -5.2903 ; 5.29626
6.46972 ; 5.78272 ; 5.35272 ; 5.33927
7.88521 ; 6.35895 ; -3.26916 ; -5.4752
5.57918 ; 5.56869 ; -5.4705 ; 5.43697
5.10353 ; 5.62516 ; -5.3892 ; 5.38848
3.59877 ; 5.59843 ; 3.26028 ; -5.84456
5.39694 ; 2.9788 ; -5.64687 ; 3.21101
6.48231 ; 2.14801 ; -5.82121 ; -1.67308
3.81411 ; 4.74686 ; -4.64265 ; -5.38487
6.40446 ; 5.79804 ; 5.37039 ; 5.34188
6.52973 ; 5.94233 ; 5.31398 ; 5.27726
5.5939 ; 4.44263 ; -5.49142 ; -5.43538
6.79287 ; 3.82205 ; 5.18156 ; -5.1286
4.60604 ; 3.8625 ; -5.18414 ; -5.15319
4.76744 ; 2.09831 ; -5.19448 ; -2.52264
3.45237 ; 2.24726 ; 3.85599 ; 0.834518
5.74552 ; 7.86508 ; 5.68322 ; 2.24302
7.5446 ; 4.88325 ; -3.78551 ; -5.71318
5.15968 ; 5.54836 ; -5.4082 ; 5.4094
5.06885 ; 4.68911 ; -5.4199 ; -5.42835
5.0506 ; 5.67571 ; -5.37223 ; 5.37237
5.87445 ; 2.79432 ; -5.51913 ; -4.20334
7.44422 ; 5.39449 ; -3.9299 ; 5.58645
3.1512 ; 2.20683 ; 2.75819 ; -1.85948
5.54468 ; 6.0664 ; 5.74343 ; -5.17033
5.40554 ; 5.32253 ; -5.48113 ; 5.48053
6.08778 ; 4.53758 ; 5.46245 ; -5.41592
5.2726 ; 6.00308 ; -5.39092 ; 5.26307
6.21261 ; 5.21048 ; 5.47393 ; 5.47994
6.376 ; 5.68093 ; 5.39107 ; 5.37716
5.49167 ; 5.41737 ; 5.6615 ; -5.55506
6.33373 ; 5.55102 ; 5.41462 ; 5.41229
6.2865 ; 4.24307 ; 5.39438 ; -5.33062
6.6552 ; 5.95823 ; 5.26585 ; 5.25681
7.34092 ; 4.41245 ; 4.84141 ; -5.30471
3.61839 ; 2.22894 ; -4.11278 ; -3.03171
8.50911 ; 7.891 ; -0.13088 ; -0.0508893
4.2477 ; 5.20401 ; 4.68496 ; 5.68465
5.73229 ; 5.6587 ; 5.66044 ; -5.41528
4.61661 ; 6.05785 ; -5.19401 ; 5.20516
5.53479 ; 5.55241 ; 5.51646 ; 5.47728
3.51444 ; 7.67689 ; 3.90336 ; 2.64821
5.98328 ; 4.40075 ; 5.46233 ; -5.39507
6.32226 ; 3.71099 ; 5.34376 ; -5.09404
5.67407 ; 3.52964 ; 5.77835 ; 4.64455
6.35605 ; 6.40736 ; 5.32945 ; 5.04603
5.41913 ; 5.11638 ; 5.58777 ; 5.60836
5.18433 ; 4.49167 ; -5.43218 ; -5.40828
4.94934 ; 5.71322 ; -5.34262 ; 5.35238
5.02274 ; 4.31159 ; -5.38033 ; -5.35402
7.35615 ; 4.30825 ; 4.83047 ; -5.27506
4.69949 ; 4.73494 ; -5.259 ; 5.39025
5.21298 ; 4.73381 ; -5.4632 ; -5.45235
6.24734 ; 4.22696 ; 5.40034 ; -5.32877
6.27802 ; 5.06873 ; -5.48951 ; 5.63065
3.08767 ; 4.97141 ; 1.0384 ; -5.74269
5.05836 ; 4.72436 ; 5.60138 ; 5.70279
5.38956 ; 4.56888 ; -5.48138 ; -5.44733
8.64674 ; 2.14195 ; 1.01599 ; -1.94723
7.92144 ; 5.75454 ; -2.57629 ; 5.38567
4.51832 ; 3.86876 ; -5.14438 ; -5.14665
4.59144 ; 4.11066 ; -5.20069 ; -5.2488
6.45493 ; 5.71976 ; 5.36416 ; 5.35816
6.26044 ; 4.17705 ; 5.39347 ; -5.31252
6.57187 ; 6.09857 ; -5.67733 ; -5.40327
5.58701 ; 3.72083 ; 5.46038 ; -5.07465
4.03468 ; 4.4615 ; 4.13665 ; -5.49115
5.76666 ; 3.95222 ; 5.71605 ; 5.18914
5.31087 ; 5.28517 ; -5.46846 ; 5.47283
6.58638 ; 4.05316 ; 5.29149 ; -5.24307
5.21897 ; 4.19699 ; 5.74957 ; 5.53702
6.14667 ; 4.40081 ; 5.43664 ; -5.38131
3.75714 ; 5.58798 ; -4.57891 ; 5.33553
4.63313 ; 7.87027 ; -5.12315 ; 2.69791
5.79653 ; 5.31614 ; 5.54173 ; 5.5229
4.78314 ; 5.78867 ; -5.28336 ; 5.31316
6.25568 ; 4.35758 ; -5.66799 ; 5.60099
4.92116 ; 4.17884 ; -5.33817 ; -5.30423
5.52629 ; 4.60673 ; -5.50833 ; -5.47164
5.72907 ; 7.3564 ; -5.54024 ; 3.96112
4.67056 ; 6.02351 ; -5.21938 ; 5.22491
6.35585 ; 5.69602 ; 5.39458 ; 5.37569
6.19172 ; 5.23418 ; -5.48363 ; 5.58115
5.60849 ; 4.99845 ; 5.6128 ; 5.50698
6.79504 ; 2.61717 ; 5.09464 ; -4.0042
5.68663 ; 2.38526 ; -5.7845 ; 0.952321
6.53846 ; 6.32931 ; -5.73243 ; -5.12654
5.02587 ; 5.58934 ; -5.37493 ; 5.38726
5.6873 ; 4.73061 ; 5.64788 ; 5.58496
3.97645 ; 4.80029 ; 4.01999 ; -5.65053
5.64326 ; 4.40936 ; 5.69762 ; 5.52305
5.96875 ; 4.44593 ; -5.48909 ; -5.46061
4.88837 ; 4.01092 ; -5.30879 ; -5.24393
6.03449 ; 3.76051 ; 5.40679 ; -5.12302
5.98947 ; 3.6781 ; 5.41074 ; -5.07238
8.47935 ; 4.44789 ; 0.216833 ; -5.48877
4.98013 ; 5.64354 ; -5.3585 ; 5.37161
4.86405 ; 7.59841 ; 5.62366 ; 3.27034
6.84837 ; 5.2937 ; -5.21192 ; -5.75186
5.79042 ; 4.47206 ; 5.49184 ; -5.42807
4.8045 ; 5.84976 ; -5.2852 ; 5.29805
5.11925 ; 4.02528 ; -5.3739 ; -5.26594
3.08906 ; 6.06589 ; 1.37871 ; 5.18196
5.43036 ; 2.84694 ; 5.52911 ; -4.23501
5.18469 ; 5.98171 ; 5.38975 ; 5.29197
5.27789 ; 4.53108 ; -5.45618 ; -5.42692
3.57079 ; 7.6752 ; 4.05982 ; 2.67254
6.05067 ; 4.58203 ; 5.47309 ; -5.42867
4.80892 ; 5.84474 ; -5.28682 ; 5.29974
6.18866 ; 5.44521 ; 5.45822 ; 5.44799
5.76721 ; 4.66131 ; -5.53832 ; -5.51013
4.97278 ; 4.26088 ; -5.36221 ; -5.3358
7.99341 ; 2.94689 ; -3.19467 ; 4.18197
6.88998 ; 5.36356 ; 5.17648 ; 5.39714
6.01858 ; 6.99043 ; 5.44366 ; 4.52071
6.02121 ; 5.13799 ; 5.53126 ; 5.51665
5.42025 ; 4.3317 ; -5.45586 ; -5.38959
6.25649 ; 3.85975 ; -4.9996 ; 5.28991
5.26581 ; 4.35703 ; -5.4335 ; -5.38613
6.62137 ; 4.08594 ; 5.28169 ; -5.25025
3.97738 ; 7.94478 ; -4.52694 ; 0.218751
2.91953 ; 5.03495 ; 0.0113638 ; 5.77112
4.78436 ; 5.90492 ; -5.27294 ; 5.27919
5.12233 ; 5.59726 ; -5.39565 ; 5.39593
6.18031 ; 5.68634 ; 5.43622 ; 5.3946
5.97316 ; 5.29967 ; -5.51491 ; 5.54502
7.95745 ; 7.53878 ; -3.56146 ; -1.30851
4.52996 ; 4.60949 ; -5.18789 ; -5.37716
3.3584 ; 5.93053 ; 2.28518 ; 5.29178
6.78544 ; 5.19503 ; 5.17556 ; -5.43201
4.75002 ; 5.81338 ; -5.26949 ; 5.30303
5.83868 ; 4.47428 ; -5.50444 ; -5.46298
4.62678 ; 6.09655 ; -5.19383 ; 5.19104
4.91479 ; 4.05582 ; -5.32169 ; -5.26335
6.55287 ; 5.42215 ; -5.24286 ; 5.54253
8.65978 ; 6.52915 ; 0.875856 ; 4.70227
5.81516 ; 2.34656 ; -5.79961 ; -0.341354
6.58202 ; 5.99951 ; 5.31661 ; -5.00271
4.48383 ; 6.19527 ; -5.12144 ; 5.1339
6.00164 ; 3.93585 ; 5.6349 ; 5.10886
5.11137 ; 4.34291 ; -5.40345 ; -5.37049
4.946 ; 4.13704 ; -5.34056 ; -5.29543
6.48466 ; 4.08953 ; 5.32745 ; -5.26556
5.55824 ; 2.54195 ; 5.59572 ; -3.73513
3.93426 ; 4.19289 ; -4.76654 ; -5.2292
5.45242 ; 4.82782 ; -5.52871 ; -5.49994
5.58326 ; 4.07636 ; 5.74873 ; 5.35363
5.67883 ; 7.28009 ; -5.52129 ; 4.09294
5.09208 ; 4.67803 ; -5.42588 ; -5.42928
7.53003 ; 4.17724 ; 4.67493 ; -5.22656
5.08276 ; 3.06063 ; 4.15747 ; -4.48777
5.12208 ; 4.13401 ; -5.385 ; -5.30884
6.09528 ; 2.30456 ; -5.9016 ; 0.489249
8.66697 ; 6.75552 ; 0.913733 ; 4.45184
5.62151 ; 5.24449 ; -5.52521 ; 5.50867
4.85096 ; 4.18774 ; -5.31644 ; -5.30121
6.53518 ; 4.03234 ; 5.30541 ; -5.24135
5.17322 ; 7.14977 ; 5.55247 ; 4.22117
2.8423 ; 4.48778 ; -1.34919 ; 5.83788
4.50004 ; 5.13481 ; -5.15743 ; 5.4076
6.43812 ; 4.25117 ; 5.35741 ; -5.31864
5.43195 ; 5.12564 ; 5.60874 ; -5.58829
5.33894 ; 5.71231 ; 5.70908 ; -5.46486
6.37628 ; 5.74013 ; 5.38447 ; 5.36171
5.23017 ; 5.42403 ; -5.42877 ; 5.4409
4.5227 ; 3.794 ; -5.13905 ; -5.11342
5.49187 ; 5.08434 ; 5.59871 ; 5.60454
5.5948 ; 3.55807 ; -5.44308 ; -4.99392
4.80468 ; 4.058 ; -5.28686 ; -5.25291
6.44543 ; 4.3233 ; 5.36133 ; -5.3355
4.95851 ; 4.92654 ; 5.51001 ; 5.69957
6.29701 ; 4.02813 ; 5.37274 ; -5.25436
3.16554 ; 5.52891 ; 1.30889 ; 5.54436
6.32199 ; 4.23128 ; 5.38554 ; -5.32464
5.19743 ; 5.52428 ; -5.41716 ; 5.4183
5.80807 ; 5.61581 ; 5.50044 ; 5.43743
6.67756 ; 6.01058 ; 5.2507 ; 5.23531
5.65465 ; 4.40138 ; 5.48718 ; -5.41388
5.92911 ; 5.59525 ; 5.48784 ; 5.43684
4.77 ; 5.97934 ; -5.25977 ; 5.25141
8.18322 ; 2.83081 ; 3.21505 ; 3.75153
5.54859 ; 3.86681 ; -5.43013 ; -5.19585
3.14497 ; 8.00092 ; -3.07896 ; 0.516461
5.50368 ; 3.947 ; 5.77731 ; 5.26473
7.58915 ; 6.63038 ; 4.55968 ; 4.7714
2.96295 ; 5.00494 ; -2.96841 ; 5.63177
4.26858 ; 4.9343 ; -4.99839 ; 5.40026
6.37698 ; 6.11624 ; 5.34589 ; 5.21206
5.4679 ; 6.57291 ; -5.41156 ; 4.90587
5.99447 ; 4.8846 ; 5.52063 ; -5.47949
5.83057 ; 6.83674 ; 5.45586 ; 4.68947
5.28284 ; 4.06614 ; 5.7608 ; 5.43571
7.08864 ; 5.4045 ; -4.92109 ; -5.78758
5.27228 ; 4.51978 ; 5.68423 ; 5.64412
4.84079 ; 4.09374 ; -5.30278 ; -5.26862
4.43032 ; 4.1509 ; 5.27535 ; 5.7
6.16842 ; 5.30428 ; 5.50198 ; -5.43305
5.82131 ; 4.87395 ; -5.57321 ; -5.55903
6.38105 ; 4.84576 ; -5.45705 ; -5.61911
6.41814 ; 4.33265 ; 5.37023 ; -5.34034
2.944 ; 4.7917 ; 0.129906 ; 5.84929
4.02229 ; 5.19364 ; 4.32497 ; -5.77275
5.12731 ; 4.45686 ; 5.68321 ; 5.66189
5.49316 ; 4.61181 ; -5.50334 ; -5.46883
4.71298 ; 5.63052 ; 5.18344 ; 5.47847
7.05624 ; 4.41168 ; 5.05489 ; -5.31404
8.13977 ; 4.61395 ; -1.75062 ; 5.88143
5.99274 ; 4.58725 ; -5.64989 ; 5.59832
4.59272 ; 6.06393 ; -5.18349 ; 5.20008
4.89362 ; 5.41495 ; 5.52585 ; -5.67142
5.45507 ; 5.01943 ; 5.59051 ; -5.57725
5.09343 ; 5.49313 ; -5.39956 ; 5.41186
8.44589 ; 6.2996 ; 2.25471 ; -5.39866
6.43188 ; 5.33592 ; 5.3958 ; 5.43982
7.73034 ; 2.8927 ; -3.79282 ; -4.07626
4.50703 ; 5.23713 ; 5.05807 ; 5.65636
4.43633 ; 2.47701 ; 5.59241 ; -0.283637
5.35591 ; 4.47098 ; -5.46283 ; -5.42285
5.98887 ; 4.92326 ; -5.58778 ; 5.61407
5.07311 ; 6.12789 ; -5.33949 ; 5.19882
6.27678 ; 6.06275 ; 5.37811 ; 5.24283
4.69618 ; 5.9808 ; -5.23315 ; 5.24234
4.63941 ; 6.02323 ; -5.20735 ; 5.22098
6.56282 ; 4.11258 ; 5.3052 ; -5.26436
6.46831 ; 4.09729 ; 5.33297 ; -5.26953
5.04505 ; 4.1132 ; -5.36482 ; -5.29602
5.17477 ; 5.15481 ; -5.48362 ; -5.46395
6.81883 ; 5.61653 ; 5.2107 ; 5.34876
6.62926 ; 7.79358 ; 5.23632 ; -0.23158
8.42666 ; 5.04181 ; -0.133067 ; -5.77391
5.41863 ; 5.0162 ; -5.52211 ; 5.51371
6.87372 ; 3.7375 ; 5.13391 ; -5.0805
4.04207 ; 4.84093 ; 4.39516 ; 5.809
8.6975 ; 7.18627 ; 1.15567 ; 3.84777
7.49407 ; 3.09937 ; -4.1946 ; -4.40106
5.70316 ; 5.03662 ; -5.596 ; -5.5603
5.15989 ; 5.83031 ; -5.38197 ; 5.3327
6.42712 ; 5.34805 ; 5.39755 ; 5.43828
5.16494 ; 4.41009 ; -5.42021 ; -5.3899
6.52317 ; 3.71142 ; 5.28192 ; -5.08874
6.32412 ; 3.85354 ; 5.3533 ; -5.17217
4.67908 ; 5.95924 ; -5.22946 ; 5.24777
6.46359 ; 4.18928 ; 5.34441 ; -5.29851
8.48332 ; 6.93103 ; 0.259639 ; -4.62573
6.66994 ; 5.61067 ; 5.28644 ; 5.36423
8.36782 ; 5.27751 ; 3.20527 ; 5.51767
5.10032 ; 4.57186 ; -5.42054 ; -5.4136
5.41276 ; 6.37873 ; -5.39706 ; 5.05007
5.83873 ; 5.47906 ; -5.67969 ; -5.55252
4.21626 ; 6.50756 ; -2.59845 ; -4.88295
5.23268 ; 3.74838 ; 5.82205 ; 5.13514
3.39265 ; 3.75512 ; -4.13048 ; -4.97578
6.69708 ; 5.08005 ; -5.30777 ; -5.70641
4.91613 ; 3.93516 ; -5.30954 ; -5.21427
6.73823 ; 6.06669 ; 5.22015 ; 5.20696
5.51669 ; 4.34405 ; 5.47562 ; -5.39839
6.55357 ; 4.05407 ; 5.30195 ; -5.24647
4.90775 ; 5.71198 ; -5.33153 ; 5.34728
6.72165 ; 4.83505 ; -5.20747 ; -5.64593
6.5173 ; 4.10074 ; 5.31874 ; -5.26574
8.45026 ; 4.50232 ; -0.0324542 ; -5.52356
6.13437 ; 5.17987 ; -5.50744 ; 5.59061
5.79994 ; 4.83096 ; -5.60652 ; 5.58424
5.82262 ; 3.84704 ; 5.4333 ; -5.16833
3.12719 ; 5.49725 ; -3.43883 ; -5.59723
5.84259 ; 5.15916 ; 5.56217 ; 5.54336
8.47721 ; 3.99524 ; 0.223147 ; -5.1888
6.85125 ; 3.77865 ; 5.14937 ; -5.10269
7.43755 ; 2.21838 ; 4.48447 ; 0.985777
4.56117 ; 3.83362 ; -5.16095 ; -5.13565
4.43098 ; 3.70394 ; -5.08311 ; -5.05876
6.323 ; 5.78021 ; 5.39411 ; 5.35503
5.2002 ; 4.38959 ; -5.42426 ; -5.38891
6.48584 ; 4.25631 ; 5.34394 ; -5.31553
7.69346 ; 3.10257 ; -3.74727 ; -4.3823
6.58254 ; 5.2461 ; 5.33941 ; 5.43554
5.8662 ; 4.76234 ; -5.62182 ; 5.59383
5.87818 ; 5.07871 ; 5.56821 ; 5.54585
5.47679 ; 5.53837 ; 5.67995 ; -5.52966
5.28631 ; 4.99832 ; -5.49229 ; 5.48964
8.19909 ; 6.18427 ; -1.73568 ; 5.05794
5.09304 ; 4.35679 ; -5.40128 ; -5.37161
6.46988 ; 5.752 ; 5.35618 ; 5.34786
4.03379 ; 7.80804 ; 5.11977 ; 1.87336
4.70337 ; 4.00084 ; -5.24111 ; -5.22104
4.87287 ; 6.23482 ; -5.27448 ; 5.13716
5.41797 ; 4.5296 ; -5.5666 ; 5.45964
3.23723 ; 6.10307 ; -3.57005 ; -5.29825
5.69821 ; 6.19297 ; -5.73511 ; -5.02462
5.00861 ; 5.66779 ; -5.36338 ; 5.36975
6.37098 ; 2.69944 ; 5.3174 ; -4.12321
4.99274 ; 4.30688 ; -5.37224 ; -5.3498
5.23404 ; 5.33232 ; -5.44633 ; 5.45517
7.09202 ; 7.74128 ; -5.42648 ; 1.50699
5.29791 ; 2.4369 ; 5.93249 ; 1.38323
6.74169 ; 3.89316 ; 5.21223 ; -5.16522
6.50102 ; 4.12752 ; 5.32641 ; -5.27563
6.7883 ; 6.13592 ; 5.18986 ; 5.17199
6.22582 ; 5.5286 ; 5.44193 ; 5.42792
7.68425 ; 3.48566 ; -3.58121 ; -4.8067
5.90742 ; 7.82145 ; -5.76087 ; 2.24783
7.1257 ; 4.52227 ; -4.54287 ; -5.53917
5.47097 ; 7.84635 ; 5.83104 ; 0.984214
5.87613 ; 4.97209 ; 5.58292 ; 5.55242
6.57208 ; 3.99871 ; 5.28997 ; -5.22529
4.55609 ; 6.12153 ; -5.16183 ; 5.17273
4.98166 ; 3.64156 ; -5.3596 ; 4.73053
6.17048 ; 5.41865 ; 5.46456 ; 5.45454
6.2282 ; 5.3541 ; 5.45684 ; 5.45856
2.94436 ; 3.6425 ; -3.20241 ; -4.85999
2.8556 ; 4.22281 ; -1.4287 ; 5.80488
8.32454 ; 6.41742 ; 3.44087 ; 4.84604
5.84423 ; 3.02406 ; -5.47702 ; -4.50242
2.84572 ; 4.89345 ; -1.32345 ; 5.77646
6.48766 ; 4.32765 ; 5.34833 ; -5.33255
8.08271 ; 4.80471 ; 3.88943 ; -5.46895
3.44004 ; 6.15759 ; 3.00608 ; -5.66106
4.50983 ; 6.18895 ; -5.1345 ; 5.13966
6.3922 ; 3.54297 ; 5.31568 ; -4.98599
6.35361 ; 2.19072 ; 5.45646 ; 0.0981239
5.61704 ; 5.01558 ; 5.6091 ; 5.59506
4.69142 ; 3.95289 ; -5.23106 ; -5.20118
6.28252 ; 4.35161 ; 5.40577 ; -5.35833
4.19955 ; 5.59206 ; -4.93606 ; -5.30365
5.6696 ; 4.79659 ; 5.55016 ; -5.51609
5.63872 ; 5.16466 ; -5.60633 ; -5.54961
4.29548 ; 5.67473 ; -5.03408 ; 5.31009
7.80517 ; 2.1802 ; -4.17613 ; -1.59983
8.20893 ; 7.41486 ; -2.51583 ; 3.38078
4.56945 ; 6.20604 ; -5.15899 ; 5.137
8.48034 ; 3.17984 ; 0.324739 ; 4.87099
5.21079 ; 5.01296 ; -5.46891 ; 5.47669
4.8223 ; 3.98944 ; -5.28495 ; -5.22958
7.87045 ; 7.56889 ; -3.91717 ; -2.00031
6.53233 ; 3.39732 ; -5.25319 ; -4.81622
6.2654 ; 4.4396 ; 5.41711 ; -5.37766
6.39779 ; 6.8333 ; -5.3498 ; 4.59054
6.5804 ; 3.71346 ; -5.2514 ; -5.04842
6.54447 ; 5.85946 ; 5.31878 ; 5.30534
5.3243 ; 2.72564 ; 5.57548 ; -4.01708
6.10134 ; 4.25008 ; 5.57756 ; 5.3348
5.84131 ; 4.60332 ; -5.52736 ; -5.50211
6.39146 ; 3.98035 ; 5.34454 ; -5.23002
5.17688 ; 7.85742 ; -5.46681 ; 2.52152
5.35153 ; 5.04058 ; -5.50472 ; 5.50124
7.90774 ; 7.56863 ; -0.410289 ; -2.06146
7.74476 ; 6.43552 ; -3.81348 ; -5.32567
5.98168 ; 4.45889 ; 5.46949 ; -5.40994
6.03608 ; 5.48892 ; 5.48355 ; 5.45565
3.74929 ; 5.48684 ; 2.94982 ; -5.80232
5.47604 ; 4.32764 ; -5.46233 ; -5.39176
3.3461 ; 5.99042 ; -4.057 ; 5.1613
4.33059 ; 4.42532 ; -5.06681 ; -5.31985
6.49708 ; 3.93698 ; -5.68218 ; 5.40883
6.46311 ; 4.25579 ; 5.35051 ; -5.3175
5.94779 ; 5.06863 ; -5.56246 ; 5.59155
4.66398 ; 5.81652 ; -5.23389 ; 5.29417
4.95817 ; 5.58237 ; -5.35753 ; 5.38128
6.47285 ; 6.06156 ; 5.32127 ; 5.23212
7.53638 ; 4.23997 ; 4.66876 ; -5.24824
6.48609 ; 4.04821 ; 5.32255 ; -5.2513
4.57152 ; 6.12385 ; -5.16779 ; 5.17336
6.6442 ; 3.93299 ; 5.25699 ; -5.19159
6.52552 ; 7.54127 ; -5.52848 ; 3.39261
8.27495 ; 3.3162 ; 3.54357 ; -4.61768
5.89045 ; 7.56953 ; 5.53208 ; 3.58746
6.27445 ; 5.62689 ; 5.42189 ; 5.4018
4.8988 ; 5.73588 ; -5.32626 ; 5.34053
7.11801 ; 5.77431 ; 4.95254 ; -5.19437
6.87611 ; 4.50807 ; 5.16959 ; 5.3541
4.78236 ; 5.89061 ; -5.27387 ; 5.28327
4.57209 ; 6.13144 ; -5.1672 ; 5.17067
5.26326 ; 5.65967 ; -5.4157 ; 5.39163
5.15684 ; 4.31257 ; -5.40908 ; -5.3668
5.97405 ; 5.15859 ; 5.55084 ; -5.48957
5.00666 ; 4.44635 ; 5.6491 ; 5.67514
5.49158 ; 5.93754 ; -5.64885 ; -5.21959
3.77898 ; 7.01864 ; -4.49903 ; 4.38029
4.5177 ; 4.09021 ; -5.1623 ; -5.23435
5.41503 ; 7.39619 ; -5.47158 ; 3.93499
4.81389 ; 4.08272 ; -5.29278 ; -5.26207
6.23969 ; 4.52507 ; 5.43074 ; -5.39593
4.96526 ; 5.31852 ; 5.5378 ; -5.66986
5.92451 ; 4.6919 ; 5.50844 ; -5.46467
6.13316 ; 5.16955 ; 5.50012 ; 5.49607
5.17095 ; 4.11172 ; -5.39301 ; -5.30331
8.64604 ; 2.15473 ; 1.20383 ; -2.05638
3.34944 ; 4.55509 ; -4.05581 ; -5.3696
6.36959 ; 5.44009 ; 5.41189 ; 5.42907
6.9448 ; 4.92147 ; -4.9857 ; 5.73208
5.25905 ; 2.23493 ; 5.76195 ; -2.64274
6.61292 ; 4.01433 ; 5.27755 ; -5.22652
5.00877 ; 6.1715 ; -5.31944 ; 5.17477
6.33223 ; 5.90784 ; 5.37883 ; 5.3081
5.91612 ; 5.41099 ; 5.59026 ; -5.46002
4.75873 ; 4.48967 ; -5.29824 ; -5.34461
5.64711 ; 5.15915 ; 5.61006 ; -5.54597
6.3297 ; 4.23646 ; 5.38466 ; -5.32512
5.77728 ; 5.22663 ; 5.56063 ; 5.54184
6.44388 ; 7.65638 ; 5.28838 ; 3.45641
4.80094 ; 5.85833 ; -5.28327 ; 5.29545
5.31595 ; 4.70222 ; -5.48432 ; -5.4621
4.6413 ; 5.02872 ; 5.19506 ; -5.67751
4.53925 ; 3.94351 ; -5.1614 ; -5.18042
6.44077 ; 5.0445 ; 5.38561 ; -5.41987
7.20053 ; 5.45353 ; 4.96685 ; 5.3625
5.23988 ; 7.65363 ; 5.73221 ; 3.00846
4.36934 ; 6.32686 ; -5.02859 ; -4.70076
5.94218 ; 5.06649 ; 5.55068 ; -5.49427
6.86328 ; 3.141 ; 5.08538 ; -4.64828
4.15408 ; 2.46865 ; 5.01404 ; -3.23732
5.58707 ; 4.58519 ; 5.51557 ; -5.47587
3.94124 ; 3.50363 ; 4.10198 ; -4.80844
3.9813 ; 5.49187 ; -4.7938 ; 5.35106
4.5275 ; 6.16938 ; -5.14404 ; 5.14977
5.63866 ; 5.59769 ; 5.67027 ; -5.47069
4.69221 ; 5.70397 ; -5.25208 ; 5.32733
5.0609 ; 4.24111 ; -5.38207 ; -5.33884
6.04899 ; 4.25812 ; 5.59725 ; 5.35381
5.00898 ; 5.61071 ; -5.3688 ; 5.38135
6.01976 ; 6.19043 ; 5.42328 ; 5.18239
3.0843 ; 4.50673 ; 1.10086 ; 5.90956
5.06829 ; 4.17255 ; -5.37676 ; -5.31853
5.4698 ; 5.91436 ; -5.64006 ; -5.23515
4.80405 ; 4.27848 ; -5.30656 ; -5.32312
7.66644 ; 3.18951 ; 4.45663 ; -4.59904
6.97238 ; 2.18213 ; -5.65984 ; -0.341474
4.98109 ; 4.22405 ; -5.36045 ; -5.32638
6.73787 ; 3.90314 ; 5.21478 ; -5.16939
6.27077 ; 2.63779 ; 5.32577 ; 2.44146
5.8752 ; 5.07011 ; 5.56973 ; 5.54675
4.95226 ; 5.78485 ; -5.33554 ; 5.33351
6.75486 ; 6.11078 ; 5.20777 ; 5.18686
7.73675 ; 2.46725 ; -4.32201 ; 2.18462
5.75604 ; 4.55553 ; -5.5183 ; -5.48136
5.72039 ; 7.82789 ; 5.67105 ; 2.56059
6.42017 ; 4.9208 ; 5.39101 ; -5.42424
4.98249 ; 4.25788 ; -5.39536 ; 5.27704
5.43684 ; 5.48186 ; -5.46487 ; 5.45096
5.89392 ; 5.37644 ; 5.59268 ; -5.47219
8.48382 ; 5.1848 ; 2.69468 ; 5.58537
8.39381 ; 4.8214 ; -0.422864 ; -5.69163
6.00215 ; 4.51936 ; 5.47397 ; -5.42158
7.26924 ; 7.79088 ; 4.65277 ; -0.454615
3.14386 ; 7.93615 ; -3.21249 ; 2.12487
5.09879 ; 3.7795 ; -5.34745 ; -5.14423
5.78951 ; 4.84888 ; -5.60323 ; 5.58316
5.62532 ; 4.92426 ; -5.57315 ; 5.55233
5.2199 ; 4.65146 ; 5.47616 ; -5.52193
7.50515 ; 5.98704 ; 4.70265 ; 5.16925
4.66019 ; 6.38897 ; 5.54259 ; -5.07871
4.88827 ; 5.80392 ; -5.31625 ; 5.32116
7.17749 ; 2.37839 ; -5.15389 ; -3.02551
6.21893 ; 7.02166 ; 5.52915 ; -3.18534
6.3591 ; 4.35906 ; 5.38915 ; -5.35237
5.88072 ; 6.35564 ; 5.67163 ; -4.69001
5.29434 ; 4.84014 ; 5.5324 ; -5.56804
5.6419 ; 5.12344 ; -5.6016 ; -5.54877
5.27972 ; 5.02406 ; 5.56963 ; -5.60287
7.70792 ; 4.64509 ; -3.45083 ; 5.85459
5.01717 ; 4.71844 ; -5.41119 ; 5.4275
5.1444 ; 5.61814 ; -5.39724 ; 5.39427
4.4221 ; 5.21124 ; 4.94435 ; 5.67136
7.19083 ; 3.61633 ; 4.92926 ; -4.98066
6.49198 ; 4.12477 ; -5.23026 ; -5.32725
5.34998 ; 3.48293 ; 5.85112 ; 4.68763
5.03118 ; 5.49046 ; -5.38431 ; 5.40549
5.95531 ; 5.48516 ; 5.49787 ; 5.4647
5.68699 ; 5.1352 ; -5.6081 ; -5.54123
6.13619 ; 5.80057 ; -5.67801 ; -5.50274
6.06825 ; 5.02145 ; 5.51543 ; -5.47463
5.04781 ; 5.65432 ; -5.37376 ; 5.37651
5.08218 ; 4.32457 ; -5.39575 ; -5.36347
6.14607 ; 5.16588 ; 5.50217 ; -5.45505
8.34679 ; 7.95696 ; 2.76814 ; 1.73086
6.30741 ; 4.96846 ; -5.50379 ; 5.65231
5.77977 ; 6.32597 ; 5.70506 ; -4.7481
6.11379 ; 5.52458 ; 5.46469 ; 5.43967
3.50817 ; 3.03404 ; -3.9057 ; 3.96834
5.50012 ; 5.33317 ; -5.59733 ; -5.50575
4.67501 ; 4.00437 ; -5.22987 ; -5.21926
5.114 ; 5.64606 ; -5.38858 ; 5.38565
4.92048 ; 3.9611 ; -5.31341 ; -5.22578
2.89876 ; 3.73516 ; -0.572168 ; 5.60182
6.24524 ; 5.80426 ; 5.4105 ; 5.3528
6.85028 ; 6.46004 ; -5.56631 ; -5.03351
4.68235 ; 6.00547 ; -5.22548 ; 5.23246
5.83364 ; 5.33857 ; 5.53666 ; 5.51373
6.11632 ; 5.58762 ; 5.45773 ; 5.4244
4.33574 ; 3.56237 ; 4.65594 ; -4.89356
5.83873 ; 5.21186 ; 5.58848 ; -5.50963
4.62718 ; 2.24411 ; -5.13635 ; 0.599718
6.36757 ; 4.17633 ; 5.36879 ; -5.30423
6.26768 ; 4.25312 ; 5.39872 ; -5.33467
6.47021 ; 4.92216 ; -5.43699 ; -5.63878
5.49991 ; 5.15979 ; 5.58475 ; 5.59067
4.79619 ; 5.99183 ; -5.2671 ; 5.24908
4.91648 ; 5.77988 ; -5.32649 ; 5.33091
6.11851 ; 4.46089 ; 5.44821 ; -5.39706
5.69085 ; 3.60431 ; -5.73161 ; 4.69717
4.90982 ; 5.79862 ; -5.32263 ; 5.32506
5.10145 ; 5.63148 ; -5.38821 ; 5.38734
8.36065 ; 5.38378 ; 3.02743 ; -5.65544
4.88933 ; 5.74311 ; -5.32311 ; 5.33778
6.46159 ; 7.62394 ; 5.36698 ; -1.02089
4.89752 ; 3.60687 ; -5.27319 ; -5.03435
5.3671 ; 5.75835 ; -5.59122 ; -5.29763
5.29512 ; 4.48584 ; -5.45392 ; -5.42016
6.2215 ; 4.37789 ; 5.4203 ; -5.36984
5.14374 ; 4.50262 ; -5.42511 ; -5.40538
6.31689 ; 4.35854 ; 5.39911 ; -5.35671
5.66221 ; 4.52512 ; 5.67937 ; 5.55096
5.05978 ; 4.23959 ; -5.3819 ; -5.33871
4.87802 ; 7.92803 ; -5.31162 ; 1.9
4.33719 ; 3.75859 ; -5.03572 ; -5.07619
6.32339 ; 5.83104 ; -5.39944 ; 5.27937
7.02373 ; 6.07435 ; -5.25647 ; -5.54585
3.24424 ; 2.23884 ; -3.49548 ; -2.90792
4.83612 ; 5.8358 ; -5.29606 ; 5.30561
5.98255 ; 7.83563 ; -5.77401 ; 2.20047
5.3297 ; 4.53397 ; -5.46606 ; -5.43341
4.75166 ; 5.14217 ; -5.30451 ; -5.41157
8.38772 ; 7.85461 ; -1.59208 ; -0.11036
5.15923 ; 5.59905 ; -5.40198 ; 5.39952
5.4702 ; 2.99148 ; -5.42978 ; -4.49739
4.74896 ; 6.12871 ; -5.23865 ; 5.18591
4.40769 ; 6.28736 ; -5.0714 ; 5.07965
5.80592 ; 4.8031 ; 5.53973 ; -5.4992
8.58394 ; 7.67784 ; 0.354491 ; 0.620898
5.17612 ; 4.26056 ; -5.40761 ; -5.35358
4.84278 ; 5.08356 ; 5.40029 ; -5.66786
6.92718 ; 5.18735 ; -5.08787 ; -5.75047
5.15023 ; 5.71102 ; 5.68766 ; -5.54705
5.97761 ; 5.42808 ; -5.48774 ; 5.50744
8.42498 ; 4.38667 ; 0.102857 ; 5.87982
5.19847 ; 4.57385 ; -5.44426 ; -5.42512
5.39008 ; 3.36912 ; 5.85656 ; 4.41612
5.9975 ; 5.12682 ; 5.53763 ; 5.52136
6.26132 ; 4.42164 ; 5.41556 ; -5.37507
6.05973 ; 7.51135 ; -5.90791 ; -1.49284
7.74917 ; 4.52273 ; -3.30454 ; 5.86592
6.61765 ; 6.43784 ; 5.23628 ; 5.01775
5.35537 ; 4.55363 ; 5.69521 ; 5.63293
5.07545 ; 4.86548 ; -5.43223 ; -5.44905
6.07419 ; 3.91752 ; 5.40986 ; -5.20844
4.95722 ; 5.68089 ; -5.34855 ; 5.36079
5.82041 ; 3.9362 ; 5.70051 ; 5.15099
3.00667 ; 2.07344 ; -2.13071 ; -1.73508
4.22417 ; 4.21183 ; -4.99048 ; -5.25114
5.87601 ; 5.65097 ; 5.62254 ; -5.38108
4.84646 ; 4.07347 ; -5.30224 ; -5.26271
4.94613 ; 4.07733 ; -5.33349 ; -5.27417
6.60426 ; 5.98009 ; 5.2825 ; 5.25528
6.36431 ; 3.0371 ; 5.31266 ; -4.55302
6.47907 ; 5.85395 ; 5.34135 ; 5.3151
6.91515 ; 3.71395 ; 5.10969 ; -5.06428
7.39447 ; 4.9106 ; -4.16563 ; -5.7156
5.27778 ; 4.65602 ; 5.48845 ; -5.52089
5.5454 ; 5.05124 ; -5.54237 ; 5.53381
7.57518 ; 6.25278 ; -4.23535 ; -5.52325
6.07318 ; 5.13024 ; 5.51979 ; 5.50895
6.42779 ; 5.29518 ; 5.39933 ; 5.44374
8.17509 ; 4.33808 ; -1.7317 ; 5.89571
7.62052 ; 2.86598 ; 4.44885 ; -4.26444
5.20015 ; 4.51117 ; -5.49269 ; 5.35592
6.94614 ; 6.26257 ; 5.09671 ; 5.09415
4.47232 ; 4.98037 ; -5.13622 ; 5.40512
5.25972 ; 4.08735 ; -5.40787 ; -5.29763
7.05705 ; 4.96918 ; -4.80304 ; 5.73104
6.41767 ; 4.962 ; -5.46771 ; -5.65011
6.07756 ; 5.65322 ; 5.45764 ; 5.41022
4.84497 ; 5.74344 ; -5.30877 ; 5.3325
6.28094 ; 5.72737 ; 5.41005 ; 5.37455
4.81492 ; 5.91724 ; -5.28109 ; 5.27847
6.2251 ; 6.69812 ; 5.35628 ; 4.8321
3.8181 ; 5.06289 ; 3.77141 ; 5.75892
8.18007 ; 7.45902 ; 3.13142 ; -2.77322
4.07317 ; 5.42328 ; 4.32017 ; 5.59751
8.55777 ; 5.82143 ; 2.51583 ; 5.26649
5.68339 ; 4.77113 ; 5.6426 ; 5.5885
5.48418 ; 4.59787 ; 5.51163 ; -5.48753
5.36159 ; 6.42279 ; 5.80935 ; -4.76255
5.80959 ; 7.82287 ; -5.82056 ; 0.462869
5.9205 ; 4.56156 ; 5.49102 ; -5.43939
5.53246 ; 4.81715 ; 5.64697 ; 5.61973
6.62654 ; 5.93021 ; 5.28008 ; 5.27029
6.53758 ; 5.23833 ; -5.47435 ; -5.70588
6.69214 ; 6.00443 ; 5.24587 ; 5.23566
7.99902 ; 5.04088 ; 3.99714 ; -5.50746
5.37042 ; 5.15021 ; 5.57637 ; 5.60766
5.56734 ; 4.71435 ; 5.66273 ; 5.60397
6.37244 ; 4.89995 ; 5.43634 ; 5.46888
8.05761 ; 4.86438 ; 3.90599 ; 5.55554
6.60439 ; 5.93381 ; 5.28777 ; 5.2717
6.22689 ; 3.91354 ; 5.38061 ; -5.20446
6.28252 ; 4.26275 ; 5.39709 ; -5.3359
6.1385 ; 4.63162 ; 5.46337 ; -5.4261
5.88695 ; 5.81773 ; 5.46075 ; 5.36092
2.84339 ; 4.14547 ; -2.76598 ; -5.21755
5.83997 ; 5.23515 ; 5.5514 ; 5.5329
4.20829 ; 7.86516 ; -4.78964 ; 2.47436
5.64526 ; 3.09002 ; -5.75064 ; 3.59273
3.16289 ; 5.32636 ; 1.48016 ; 5.65714
4.59719 ; 6.08778 ; -5.18274 ; 5.19133
6.75205 ; 5.49048 ; -5.38274 ; -5.73418
5.41282 ; 5.30604 ; -5.57133 ; -5.49209
5.63284 ; 6.37781 ; 5.75444 ; -4.73817
3.88886 ; 6.84936 ; -4.63238 ; 4.61
2.96463 ; 5.22096 ; 0.224565 ; -5.81495
8.06847 ; 7.59951 ; -3.16968 ; 2.84508
6.48737 ; 5.8042 ; 5.34468 ; 5.33059
5.40698 ; 6.62865 ; 5.82627 ; -4.35604
5.97783 ; 5.20203 ; 5.53216 ; 5.51718
6.41928 ; 5.72658 ; 5.37388 ; 5.36057
5.6058 ; 4.21593 ; -5.44679 ; -5.35658
4.95123 ; 5.6086 ; -5.35378 ; 5.37574
5.4617 ; 4.47355 ; -5.48015 ; -5.43277
6.61646 ; 2.45334 ; 5.28667 ; 1.60468
6.69908 ; 6.04837 ; 5.23848 ; 5.21866
6.41663 ; 5.74798 ; 5.37233 ; 5.35517
6.56462 ; 6.85862 ; 5.31602 ; -3.58388
6.26755 ; 4.19378 ; 5.39356 ; -5.31735
6.85787 ; 5.02373 ; -5.06544 ; 5.69933
4.82391 ; 5.90517 ; -5.28504 ; 5.28318
3.78685 ; 4.20267 ; -4.62829 ; -5.22568
5.39118 ; 2.46694 ; -5.64654 ; 1.2094
3.91289 ; 2.45985 ; 4.98583 ; 2.00856
5.36359 ; 5.25884 ; 5.55373 ; 5.58257
4.47863 ; 6.23909 ; -5.11405 ; 5.11234
4.47872 ; 3.72471 ; -5.11023 ; -5.07473
6.47946 ; 4.26823 ; 5.34675 ; -5.31885
6.48015 ; 4.29337 ; 5.34841 ; -5.32501
6.62387 ; 5.28655 ; -5.43397 ; -5.71865
5.11608 ; 4.45443 ; -5.41503 ; -5.39407
4.72883 ; 5.94648 ; -5.24885 ; 5.25816
6.93607 ; 7.68872 ; 4.96829 ; 3.39197
6.21106 ; 5.46285 ; 5.45166 ; 5.4422
5.52583 ; 4.92015 ; -5.54893 ; -5.5222
6.75399 ; 6.09011 ; 5.21059 ; 5.19555
4.71229 ; 4.7668 ; 5.39067 ; 5.75101
5.80368 ; 4.74066 ; 5.62294 ; 5.56386
6.27307 ; 4.3311 ; 5.40566 ; -5.35486
7.905 ; 7.39183 ; -3.70569 ; -2.7816
5.30416 ; 4.32719 ; -5.43687 ; -5.38081
4.83796 ; 5.90131 ; -5.28943 ; 5.28585
5.24806 ; 4.68983 ; -5.46755 ; -5.45083
6.36972 ; 4.02618 ; 5.3542 ; -5.25022
5.2815 ; 4.73058 ; 5.50441 ; -5.5417
6.11602 ; 6.88774 ; -5.8782 ; -3.76089
4.24163 ; 4.57348 ; 4.88276 ; 5.82126
6.25295 ; 5.15077 ; 5.46624 ; 5.48011
5.30704 ; 3.40313 ; 5.86334 ; 4.54461
8.19436 ; 3.9047 ; -1.2286 ; 5.72887
6.932 ; 6.30948 ; -5.44106 ; -5.24055
5.50668 ; 7.86012 ; 5.76556 ; 2.10954
2.91896 ; 5.83829 ; -1.62299 ; -5.74302
5.12644 ; 2.18012 ; 5.86448 ; -1.41368
2.83083 ; 7.91414 ; -0.329492 ; 1.18226
4.7386 ; 5.61351 ; -5.2761 ; 5.35453
4.1111 ; 4.39349 ; 4.76043 ; 5.46349
4.64308 ; 5.47916 ; -5.23591 ; 5.37502
8.5623 ; 6.26558 ; 0.129056 ; 4.96391
