4.81867 ; 2.50179 ; -5.06377 ; -3.90527
4.90377 ; 6.51122 ; -5.10881 ; 4.88891
5.18502 ; 5.68374 ; -5.25444 ; 5.2413
7.22741 ; 6.52916 ; 4.83185 ; 4.83184
3.71459 ; 3.25473 ; -4.46612 ; -4.59855
7.21075 ; 6.57765 ; 4.83322 ; 4.80899
4.47332 ; 3.64874 ; -4.99209 ; -4.9271
4.05039 ; 7.00156 ; -4.68288 ; 4.48088
6.81724 ; 6.00614 ; -4.7115 ; 5.16005
4.83611 ; 3.97685 ; -5.1437 ; -5.08346
5.2212 ; 2.9633 ; -5.18948 ; -4.45893
8.04182 ; 3.30241 ; 4.06324 ; -4.57045
5.13436 ; 2.42939 ; 5.78511 ; 1.93767
2.622 ; 5.61464 ; -1.20769 ; 5.33481
8.49457 ; 4.02732 ; -0.782464 ; 5.68628
8.38802 ; 4.61933 ; 3.43989 ; -5.26196
6.03427 ; 4.15932 ; 5.46952 ; 5.1235
4.81366 ; 4.66803 ; -5.19203 ; -5.23984
4.2756 ; 3.12669 ; -4.83545 ; -4.58343
2.76737 ; 4.72304 ; -2.79573 ; -5.35615
4.21547 ; 3.46436 ; -4.84941 ; -4.80524
7.05984 ; 3.61001 ; 4.93589 ; -4.88209
4.75666 ; 3.9631 ; -5.11854 ; -5.07187
7.91619 ; 3.5982 ; 4.25171 ; -4.78442
5.53719 ; 4.49362 ; 5.32929 ; -5.31143
7.42972 ; 6.31407 ; -3.84774 ; 4.93294
3.60164 ; 6.13137 ; -4.41084 ; 4.96756
3.76641 ; 6.32566 ; -4.55535 ; 4.88631
7.33405 ; 6.67035 ; 4.7467 ; 4.73523
8.32734 ; 2.00325 ; 3.13042 ; -2.37719
5.21517 ; 4.01891 ; -5.24105 ; -5.12501
4.30724 ; 5.40348 ; -4.94723 ; 5.20539
5.11332 ; 4.22938 ; -5.24327 ; -5.18635
4.65675 ; 7.6508 ; -4.99447 ; 3.65721
5.5684 ; 4.6208 ; 5.50487 ; 5.42342
4.65448 ; 6.04085 ; -5.07117 ; 5.08711
4.38541 ; 4.04908 ; 5.09042 ; 5.4735
6.27634 ; 5.7024 ; 5.27012 ; 5.24716
6.67015 ; 3.81423 ; 5.10044 ; -5.00578
3.26525 ; 7.34462 ; 2.98444 ; 3.66053
7.05305 ; 6.84826 ; 4.88239 ; 4.64041
6.69605 ; 3.85281 ; 5.09569 ; -5.01736
7.89578 ; 6.92609 ; 4.20493 ; 4.43973
6.84278 ; 5.42058 ; 5.09855 ; 5.23934
6.73942 ; 3.23973 ; 5.03147 ; -4.68824
6.30924 ; 5.59165 ; 5.27363 ; 5.27016
4.28124 ; 6.35178 ; -4.89524 ; 4.93071
6.24704 ; 5.72126 ; 5.27446 ; 5.24311
5.33891 ; 3.65897 ; 5.64699 ; 4.82924
4.16561 ; 6.54617 ; -4.81225 ; 4.82378
6.11453 ; 5.30431 ; 5.34652 ; 5.34515
4.17212 ; 6.51358 ; -4.82062 ; 4.84084
6.72955 ; 5.98684 ; 5.10997 ; 5.11738
7.07722 ; 3.55277 ; 4.92027 ; -4.85418
3.37126 ; 1.86571 ; -3.63627 ; -1.86266
6.42791 ; 3.50608 ; 5.14447 ; -4.86677
4.47301 ; 6.37286 ; -4.97327 ; 4.94508
6.47463 ; 3.91612 ; 5.16601 ; -5.05745
4.38063 ; 6.35093 ; -4.9383 ; 4.94528
5.06406 ; 4.23098 ; -5.23228 ; -5.1826
3.18781 ; 6.50147 ; -3.87431 ; 4.72687
6.9601 ; 6.25123 ; 4.99919 ; 4.99908
6.64199 ; 3.83873 ; 5.11092 ; -5.01687
7.4359 ; 5.39488 ; -3.93011 ; 5.48068
3.99095 ; 3.22418 ; -4.67795 ; -4.62337
3.03065 ; 4.20964 ; 1.28513 ; -5.23377
4.97929 ; 5.52667 ; -5.22133 ; 5.25648
4.76658 ; 6.03592 ; -5.10631 ; 5.10059
6.22176 ; 5.7656 ; 5.27438 ; 5.23533
6.48598 ; 2.78993 ; 5.11115 ; -4.27052
7.88814 ; 5.31877 ; -2.86506 ; 5.52884
2.6907 ; 4.5662 ; -1.56375 ; 5.64757
4.62201 ; 6.08845 ; -5.05572 ; 5.06842
3.06881 ; 2.11809 ; 2.81735 ; -1.88799
6.01765 ; 5.59536 ; 5.43836 ; -5.16229
4.29983 ; 3.53746 ; -4.90242 ; -4.854
4.76729 ; 5.55866 ; -5.15191 ; 5.22487
5.37568 ; 5.32757 ; -5.32969 ; 5.33683
4.59232 ; 5.81837 ; -5.06953 ; 5.14593
4.63538 ; 4.84735 ; -5.12515 ; -5.23538
4.91688 ; 2.29266 ; -5.12796 ; -3.51751
4.60998 ; 3.70628 ; -5.04729 ; -4.96546
6.25715 ; 4.1347 ; 5.24011 ; -5.14768
6.72527 ; 6.0891 ; 5.10234 ; 5.08451
4.63 ; 3.91774 ; -5.07386 ; -5.04443
8.44809 ; 4.60251 ; -0.829275 ; 5.74768
5.25827 ; 3.95791 ; -5.24111 ; -5.10449
6.6031 ; 4.84941 ; -5.11351 ; -5.45776
6.49596 ; 3.08125 ; -5.06485 ; -4.46038
7.08476 ; 3.52536 ; 4.91306 ; -4.84094
6.66646 ; 3.75881 ; 5.09604 ; -4.98442
5.71486 ; 2.7168 ; 5.53798 ; 2.88029
4.75582 ; 5.55256 ; -5.1483 ; 5.22393
4.11345 ; 6.29831 ; -4.81136 ; 4.93532
7.89264 ; 6.59971 ; 4.26438 ; 4.69429
4.25057 ; 3.49874 ; -4.87305 ; -4.82779
3.89577 ; 7.96226 ; 4.95616 ; 0.126109
6.08982 ; 6.4531 ; 5.23436 ; 4.93863
8.52371 ; 5.56154 ; 3.14102 ; 5.25804
4.50943 ; 3.89328 ; -5.03134 ; -5.02499
6.95106 ; 3.59927 ; 4.98016 ; -4.89075
4.73531 ; 6.10778 ; -5.08938 ; 5.07307
8.38253 ; 5.27464 ; 3.42695 ; 5.34794
5.85561 ; 7.66651 ; -5.41885 ; 3.42424
5.80477 ; 7.41579 ; 5.6254 ; -2.22345
6.87319 ; 6.27393 ; 5.03092 ; 5.00032
8.55448 ; 3.46111 ; -0.558159 ; -4.63713
6.63242 ; 4.9292 ; 5.18369 ; -5.22848
5.042 ; 7.03809 ; -5.35707 ; -3.28488
5.26169 ; 7.10949 ; -5.47573 ; -3.09794
6.44589 ; 4.7527 ; -5.2347 ; -5.27939
3.13839 ; 5.51213 ; 1.9449 ; -5.72042
4.7156 ; 4.36925 ; -5.13995 ; -5.17954
4.92491 ; 5.27428 ; -5.22411 ; 5.2835
2.78877 ; 4.38936 ; -2.96858 ; -5.20772
5.11166 ; 4.47553 ; -5.26841 ; -5.24625
4.49596 ; 6.24072 ; -4.9972 ; 5.00375
6.5751 ; 4.55552 ; 5.23811 ; 5.21242
4.57135 ; 7.24501 ; -4.95101 ; 4.26655
6.44153 ; 5.26641 ; 5.27356 ; -5.21517
4.94985 ; 3.91134 ; -5.16819 ; -5.06953
4.53141 ; 5.35626 ; 5.04802 ; -5.5595
8.33934 ; 7.62467 ; 2.82394 ; -2.5665
2.65564 ; 2.78462 ; -2.42193 ; -3.8426
4.44316 ; 7.3072 ; 5.49455 ; -3.09027
6.50033 ; 7.30249 ; 5.10973 ; 4.20916
4.5567 ; 4.13011 ; -5.0645 ; -5.10215
7.18363 ; 6.50899 ; 4.85813 ; 4.84892
6.41155 ; 6.65439 ; 5.15312 ; 4.81204
6.18701 ; 3.7154 ; 5.21079 ; -4.98247
4.50794 ; 6.25378 ; -4.99978 ; 5.00024
4.43986 ; 7.89984 ; -4.8613 ; 3.07958
6.95797 ; 3.58246 ; 4.97527 ; -4.88254
7.10543 ; 3.98858 ; 4.93939 ; -5.02596
7.66674 ; 5.61164 ; -3.34827 ; 5.38236
8.66729 ; 4.04543 ; 1.19105 ; 5.61695
6.78984 ; 3.86983 ; 5.06835 ; -5.01379
4.91206 ; 3.9247 ; -5.15982 ; -5.07192
4.63333 ; 3.86353 ; -5.06955 ; -5.02714
4.18077 ; 3.66762 ; -4.85461 ; -4.90069
5.01485 ; 5.09282 ; -5.26537 ; 5.30169
4.07452 ; 3.51277 ; -4.77328 ; -4.81104
6.48599 ; 4.86522 ; -5.21121 ; -5.47473
5.0107 ; 7.95252 ; -5.21331 ; 2.7871
4.4255 ; 6.02886 ; -4.99 ; 5.06687
4.90844 ; 2.39805 ; -5.12054 ; -3.71966
2.7102 ; 4.4891 ; -0.387398 ; -5.37338
6.58228 ; 4.24973 ; 5.17021 ; -5.14813
7.05347 ; 6.6103 ; 4.91234 ; 4.80773
7.25398 ; 6.54272 ; 4.81493 ; 4.82112
4.70167 ; 3.99346 ; 5.39666 ; 5.36473
5.97286 ; 2.27934 ; -5.74414 ; 1.27936
7.22499 ; 6.58884 ; 4.82437 ; 4.80094
7.9877 ; 2.37345 ; 3.90551 ; -3.47454
4.59289 ; 3.88062 ; -5.05928 ; -5.02902
4.57364 ; 4.22467 ; -5.07704 ; -5.12897
7.12909 ; 6.49492 ; 4.88801 ; 4.86246
5.65947 ; 4.97741 ; -5.41164 ; 5.40911
4.23222 ; 6.409 ; -4.86591 ; 4.89983
6.52062 ; 5.08022 ; 5.24583 ; 5.30334
4.34615 ; 3.53182 ; -4.92289 ; -4.85697
5.98545 ; 6.80267 ; 5.24838 ; 4.69285
4.75749 ; 2.10381 ; -5.05519 ; -3.05757
5.30814 ; 4.30796 ; -5.2885 ; -5.22471
5.63941 ; 4.23505 ; -5.30562 ; -5.22493
3.52841 ; 4.60834 ; -4.33073 ; -5.10847
7.78605 ; 7.61993 ; 4.15469 ; 3.60194
6.45773 ; 3.85246 ; 5.16384 ; -5.03495
3.91057 ; 2.96297 ; -4.57564 ; -4.39468
8.05031 ; 7.10986 ; 3.97161 ; 4.22504
7.74401 ; 3.80587 ; 4.4468 ; -4.90631
4.253 ; 3.49371 ; -4.87337 ; -4.82603
5.36362 ; 5.70641 ; -5.28028 ; 5.25305
7.26541 ; 3.03197 ; -5.02469 ; 4.12889
4.58798 ; 3.82178 ; -5.05155 ; -5.00833
4.49261 ; 4.32576 ; 5.0398 ; 5.55663
4.9037 ; 5.20193 ; 5.21754 ; 5.49577
7.04278 ; 3.60851 ; 4.94304 ; -4.88351
4.34146 ; 5.43299 ; 4.64381 ; 5.45664
2.59799 ; 8.02347 ; -0.985771 ; 1.58822
6.80066 ; 4.47436 ; 5.09953 ; -5.17488
6.90238 ; 6.52761 ; 4.99136 ; 4.87065
5.21475 ; 5.32785 ; -5.3004 ; 5.31673
4.40625 ; 6.24918 ; -4.96173 ; 4.98923
4.89528 ; 5.55993 ; -5.19371 ; 5.24006
4.51504 ; 7.18323 ; 5.03549 ; 4.00539
6.37655 ; 5.15667 ; 5.29203 ; 5.32148
6.79159 ; 4.06578 ; 5.08421 ; -5.07507
6.66655 ; 5.9395 ; 5.13526 ; 5.13875
5.11245 ; 5.93528 ; -5.21006 ; 5.16253
7.80786 ; 3.73373 ; 4.37898 ; -4.8676
6.47218 ; 4.74245 ; -5.17204 ; -5.44281
6.59924 ; 5.77855 ; 5.17343 ; 5.1931
5.00533 ; 5.3848 ; -5.24135 ; 5.28214
6.1058 ; 2.13214 ; 5.3357 ; -2.99557
4.2568 ; 5.06405 ; 4.60877 ; 5.58417
4.18097 ; 6.51372 ; -4.82436 ; 4.8421
4.39715 ; 6.72236 ; -4.90701 ; 4.73489
7.12491 ; 3.55189 ; 4.89795 ; -4.8476
7.05979 ; 6.28696 ; 4.95042 ; 4.97288
3.77802 ; 6.91494 ; -4.49329 ; 4.51443
7.17872 ; 3.40611 ; 4.84981 ; -4.76495
6.47817 ; 2.45721 ; 5.12521 ; -3.80799
7.48776 ; 4.40958 ; -3.7964 ; -5.36559
7.16913 ; 6.50913 ; 4.86545 ; 4.85111
6.83906 ; 6.00441 ; 5.06984 ; 5.10101
7.35552 ; 3.25417 ; 4.71955 ; -4.64457
6.6543 ; 3.9105 ; 5.11486 ; -5.04064
3.68097 ; 3.26898 ; -4.43856 ; -4.60234
3.04373 ; 3.1621 ; 1.88478 ; -4.30837
4.37159 ; 6.39852 ; -4.92837 ; 4.92312
7.13462 ; 2.13055 ; -5.36975 ; 0.708285
5.8885 ; 6.04439 ; -5.22564 ; 5.14035
5.35966 ; 4.08195 ; -5.45034 ; 5.03833
5.73518 ; 6.24139 ; 5.26927 ; 5.05581
3.89303 ; 5.4249 ; 3.89558 ; 5.47979
6.65499 ; 6.20522 ; 5.11393 ; 5.04712
6.95864 ; 3.58182 ; 4.97528 ; -4.88257
7.06521 ; 6.39289 ; 4.93414 ; 4.92415
6.61432 ; 5.86128 ; 5.16025 ; 5.16838
6.98157 ; 6.29699 ; 4.98485 ; 4.97872
8.06362 ; 4.48011 ; -2.31503 ; -5.40644
4.16889 ; 6.48915 ; -4.82251 ; 4.8517
6.82878 ; 5.21048 ; -4.88655 ; 5.5104
4.94177 ; 4.40352 ; -5.21722 ; -5.21132
4.98134 ; 5.92796 ; -5.17965 ; 5.15534
8.47836 ; 5.54274 ; -0.627224 ; 5.4106
6.35656 ; 4.36646 ; 5.24295 ; -5.2007
4.89717 ; 5.94919 ; -5.15509 ; 5.14096
7.10386 ; 4.30787 ; -4.42131 ; -5.30791
3.03762 ; 7.57056 ; -2.89763 ; -2.78386
5.82258 ; 7.54666 ; 5.35452 ; 3.77778
5.41523 ; 6.71876 ; 5.67408 ; -4.15644
7.99814 ; 5.38063 ; -2.37831 ; 5.49936
5.3613 ; 7.71417 ; 5.75412 ; -1.10753
4.59983 ; 7.34743 ; 5.59802 ; -2.77192
7.14684 ; 3.49026 ; 4.87892 ; -4.81485
3.1285 ; 4.44112 ; 1.66589 ; -5.37443
2.67792 ; 4.63967 ; -2.16832 ; -5.37823
6.71716 ; 6.20768 ; 5.09396 ; 5.04145
4.00416 ; 6.67882 ; -4.70135 ; 4.72318
7.12811 ; 3.4542 ; 4.8827 ; -4.79863
4.41992 ; 3.63693 ; -4.96891 ; -4.91602
3.89262 ; 7.51471 ; -4.41425 ; -2.26953
3.02426 ; 5.43465 ; -3.48361 ; 5.29355
6.55196 ; 3.93802 ; 5.14802 ; -5.05903
4.31066 ; 7.97467 ; -4.79619 ; -0.253317
6.91324 ; 3.75825 ; 5.01392 ; -4.96153
4.01099 ; 6.69954 ; -4.70189 ; 4.71237
4.74449 ; 3.39171 ; 4.90025 ; -4.7115
6.4119 ; 5.22689 ; -5.33792 ; -5.50693
2.82122 ; 5.00586 ; 0.0732265 ; -5.60706
6.86381 ; 3.87207 ; 5.04357 ; -5.00682
7.75877 ; 5.11301 ; 4.37665 ; -5.21603
3.21989 ; 5.16057 ; -3.83909 ; -5.31643
4.14322 ; 4.05473 ; -4.85751 ; -5.04654
7.23386 ; 3.36894 ; 4.81278 ; -4.73519
4.34263 ; 2.34481 ; 5.04024 ; -3.1047
5.87606 ; 6.43197 ; 5.54637 ; -4.47089
6.63037 ; 7.13688 ; 5.05771 ; 4.3989
5.55838 ; 4.09313 ; -5.28448 ; -5.16798
7.04925 ; 4.13246 ; -4.6519 ; -5.02961
4.5385 ; 6.21923 ; -5.01424 ; 5.01616
6.86914 ; 3.90437 ; 5.0445 ; -5.01667
4.34907 ; 3.65257 ; -4.94013 ; -4.91422
5.26189 ; 4.19933 ; -5.2685 ; -5.189
5.32404 ; 4.08473 ; -5.26268 ; -5.1544
4.15203 ; 6.53136 ; -4.80834 ; 4.82884
7.3618 ; 6.73118 ; 4.71942 ; 4.69176
6.79814 ; 5.56401 ; 5.11289 ; 5.21929
6.66196 ; 4.46708 ; -5.22193 ; 5.54041
2.70799 ; 4.2814 ; -0.706433 ; 5.69528
7.08991 ; 3.5235 ; 4.911 ; -4.83947
4.25508 ; 6.4881 ; -4.865 ; 4.86533
8.60309 ; 4.63515 ; 2.75707 ; -5.32874
6.12645 ; 4.24551 ; 5.27566 ; -5.19138
2.71307 ; 5.42626 ; -2.49252 ; 5.35961
3.83552 ; 2.23573 ; -4.28706 ; 1.5157
6.49821 ; 7.17786 ; 5.10779 ; 4.35468
4.44619 ; 4.25185 ; -5.00626 ; 4.99748
5.40683 ; 4.1722 ; -5.28471 ; -5.18854
7.3849 ; 6.72524 ; 4.70516 ; 4.69211
6.64731 ; 6.13971 ; 5.12192 ; 5.07268
3.57595 ; 2.90483 ; -4.26377 ; -4.26983
4.68263 ; 5.93656 ; -5.09128 ; 5.12212
5.25951 ; 5.03695 ; 5.39836 ; 5.48648
5.06792 ; 5.75923 ; -5.22043 ; 5.21383
7.92418 ; 4.29574 ; 4.24954 ; -5.09634
7.20837 ; 6.79426 ; 4.80638 ; 4.66677
5.92991 ; 7.43853 ; 5.57328 ; -2.06401
5.72735 ; 7.39245 ; -5.56982 ; 0.500437
7.66683 ; 5.53985 ; 4.53929 ; 5.18147
4.06592 ; 6.67829 ; -4.73767 ; 4.73318
4.02278 ; 6.66813 ; -4.71389 ; 4.73247
7.10159 ; 6.41323 ; 4.91384 ; 4.90907
4.60555 ; 3.95006 ; -5.06926 ; -5.05221
2.91694 ; 5.50507 ; 0.827369 ; 5.4405
7.21438 ; 6.55994 ; 4.83401 ; 4.81771
4.34006 ; 3.71361 ; -4.94272 ; -4.93945
8.39194 ; 2.48446 ; 3.257 ; -3.53306
3.98204 ; 3.26156 ; -4.67824 ; -4.64742
6.7091 ; 3.94717 ; 5.10241 ; -5.04673
6.35277 ; 5.2072 ; 5.28778 ; 5.17483
6.32417 ; 2.00238 ; 5.25265 ; -2.53691
4.38648 ; 6.36111 ; -4.93918 ; 4.94188
4.54015 ; 7.33569 ; -5.03025 ; -2.49754
4.6552 ; 6.00189 ; -5.07573 ; 5.09953
7.14233 ; 3.42558 ; 4.87142 ; -4.78104
5.91191 ; 5.88813 ; -5.24397 ; 5.21201
4.6393 ; 4.57029 ; -5.11981 ; -5.20796
6.69065 ; 3.49783 ; 5.06782 ; -4.85665
6.96808 ; 6.07008 ; 5.01168 ; 5.06798
4.1057 ; 3.96107 ; -4.83059 ; -5.01254
8.80905 ; 6.63994 ; 0.720736 ; 4.50657
6.39122 ; 3.78192 ; 5.1754 ; -5.00773
5.35626 ; 4.7371 ; 5.46477 ; 5.47928
3.73322 ; 2.72551 ; -4.37566 ; -4.10745
4.34888 ; 6.89513 ; -4.86773 ; 4.60129
7.23576 ; 8.08071 ; 4.61812 ; 2.39885
6.18048 ; 4.752 ; -5.32551 ; -5.42041
8.32373 ; 2.41473 ; 3.36702 ; -3.44
4.11358 ; 3.3651 ; -4.7766 ; -4.73304
7.15959 ; 3.47372 ; 4.87002 ; -4.80473
6.68089 ; 4.1025 ; 5.12597 ; -5.0967
4.14025 ; 6.59555 ; -4.79188 ; 4.79271
4.21541 ; 6.10269 ; 4.35289 ; 5.11191
7.34511 ; 8.01739 ; 4.51202 ; -0.188474
6.00678 ; 3.80238 ; 5.24188 ; -5.02769
6.44214 ; 6.13077 ; 5.18498 ; 5.08585
5.5224 ; 3.1122 ; 5.23517 ; -4.53679
6.9214 ; 3.68038 ; 5.00208 ; -4.92991
4.50526 ; 6.07946 ; -5.01732 ; 5.0589
6.9022 ; 6.30665 ; 5.01614 ; 4.98389
7.4203 ; 4.6768 ; 4.72849 ; -5.16817
5.15542 ; 7.55075 ; 5.39981 ; 3.63644
7.92053 ; 4.20739 ; 4.25529 ; -5.07247
8.82906 ; 6.75019 ; 0.918291 ; 4.40429
6.11758 ; 2.65462 ; 5.23426 ; -4.07529
4.29886 ; 6.39489 ; -4.89705 ; 4.91536
7.00499 ; 6.31665 ; 4.97237 ; 4.96743
7.55829 ; 5.81143 ; -4.08735 ; -5.60727
5.03213 ; 6.11238 ; -5.1727 ; 5.09019
4.56461 ; 6.164 ; -5.0296 ; 5.03766
3.9248 ; 5.01397 ; 3.98431 ; -5.58515
4.83225 ; 3.29991 ; -5.23113 ; 3.90506
5.90019 ; 1.98071 ; -5.68255 ; -0.842816
3.34984 ; 4.20837 ; -4.13395 ; -5.07052
6.9415 ; 6.33223 ; 4.99736 ; 4.9685
7.06113 ; 6.47006 ; 4.92555 ; 4.88596
5.04476 ; 3.89909 ; -5.19105 ; -5.07061
7.31103 ; 3.30919 ; 4.75685 ; -4.68696
4.08763 ; 3.34718 ; -4.75834 ; -4.7184
4.24799 ; 1.84605 ; -4.69093 ; -1.68259
3.83797 ; 2.33071 ; 4.83162 ; 2.00012
6.31384 ; 8.08938 ; 5.32109 ; 1.48026
7.16605 ; 4.31194 ; -4.34896 ; -5.31151
4.61886 ; 6.0893 ; -5.05517 ; 5.06793
4.52686 ; 4.14628 ; -5.05435 ; -5.10389
4.51338 ; 6.21295 ; -5.0064 ; 5.01559
5.32254 ; 2.37398 ; -5.27759 ; -3.63553
7.05123 ; 5.95314 ; -4.44185 ; 5.18762
3.42702 ; 2.02088 ; 3.97555 ; -0.854363
6.11902 ; 5.54937 ; 5.40705 ; -5.19422
4.85743 ; 5.87058 ; -5.15215 ; 5.16185
6.63402 ; 3.99598 ; 5.13038 ; -5.06999
4.73351 ; 6.52939 ; -5.05523 ; 4.8748
6.76001 ; 5.75848 ; 5.11793 ; 5.17933
6.91511 ; 6.21865 ; 5.02117 ; 5.01735
6.05782 ; 4.86186 ; 5.36065 ; -5.31292
6.87519 ; 6.09225 ; 5.04924 ; 5.06889
6.82594 ; 3.71 ; 5.0402 ; -4.95196
7.18179 ; 6.48391 ; 4.86272 ; 4.86166
7.82506 ; 3.88197 ; 4.36629 ; -4.93564
3.20711 ; 1.92577 ; -3.38057 ; -2.12548
8.49603 ; 7.88591 ; -1.36172 ; -1.29765
4.7162 ; 5.77248 ; 4.9583 ; 5.29725
6.29834 ; 5.11717 ; 5.31812 ; -5.26691
4.09721 ; 6.57837 ; -4.77108 ; 4.79535
6.08644 ; 6.10014 ; 5.26287 ; 5.11928
3.90477 ; 7.94171 ; 4.82605 ; 1.81332
6.52951 ; 3.86124 ; 5.14611 ; -5.03384
6.85664 ; 3.20159 ; 4.98081 ; -4.65503
6.25191 ; 3.9941 ; 5.39887 ; 4.9394
6.88899 ; 6.91196 ; 4.9587 ; 4.60117
5.97791 ; 5.67722 ; 5.32325 ; 5.27926
4.64111 ; 3.95084 ; -5.08068 ; -5.05604
4.41508 ; 6.24846 ; -4.96491 ; 4.99069
4.4847 ; 3.77619 ; -5.01101 ; -4.98091
7.83919 ; 3.78075 ; 4.34828 ; -4.88803
4.17359 ; 5.27396 ; -4.86509 ; 5.20847
4.66666 ; 4.18857 ; -5.10972 ; -5.12885
6.78737 ; 3.69409 ; 5.05103 ; -4.94873
5.72907 ; 5.63179 ; -5.30614 ; 5.30024
3.19151 ; 4.39714 ; 1.93861 ; -5.35245
5.61849 ; 5.29464 ; 5.39605 ; 5.40701
4.84143 ; 4.02415 ; -5.15022 ; -5.09866
8.74834 ; 1.94723 ; -0.190852 ; -0.829625
7.66381 ; 6.2931 ; -3.38421 ; 4.93701
4.00388 ; 3.35409 ; -4.70656 ; -4.70994
4.07137 ; 3.58578 ; -4.77961 ; -4.84793
6.99135 ; 6.25557 ; 4.98567 ; 4.99383
6.79979 ; 3.6458 ; 5.04243 ; -4.92704
6.00414 ; 5.55824 ; -5.51665 ; -5.38028
6.13305 ; 3.21337 ; 5.21791 ; -4.65512
4.44834 ; 3.91239 ; 4.59422 ; -5.07384
6.33827 ; 4.47114 ; 5.3424 ; 5.22069
4.76402 ; 5.83245 ; -5.12825 ; 5.16187
7.11553 ; 3.52886 ; 4.89969 ; -4.83827
5.79393 ; 4.7507 ; 5.46809 ; 5.40077
6.69033 ; 3.86268 ; 5.09943 ; -5.02071
3.29925 ; 6.12154 ; -4.05193 ; 4.96495
4.12082 ; 8.14006 ; -4.5936 ; 1.88955
6.3507 ; 5.86843 ; 5.23267 ; 5.1927
4.2548 ; 6.31999 ; -4.88651 ; 4.94101
5.68888 ; 4.91768 ; -5.42344 ; 5.41329
4.38735 ; 3.64842 ; -4.95669 ; -4.91577
4.97546 ; 4.05957 ; -5.19126 ; -5.12256
5.17504 ; 7.75251 ; -5.24925 ; 3.38083
4.14862 ; 6.546 ; -4.8042 ; 4.82123
6.89531 ; 6.23359 ; 5.02698 ; 5.01399
5.64336 ; 5.79229 ; -5.28731 ; 5.24033
6.16977 ; 5.54915 ; 5.30819 ; 5.23473
7.30451 ; 2.21675 ; 4.60337 ; -3.33586
5.10818 ; 2.48049 ; -5.39075 ; 1.85904
5.96521 ; 5.81666 ; -5.5528 ; -5.2561
4.48838 ; 6.12806 ; -5.00646 ; 5.0411
6.25209 ; 5.2891 ; 5.31727 ; 5.3283
4.37845 ; 4.23524 ; 4.50792 ; -5.25719
6.21302 ; 4.96166 ; 5.35552 ; 5.34436
5.41984 ; 3.89987 ; -5.25529 ; -5.08545
4.35749 ; 3.48652 ; -4.92231 ; -4.83505
6.57517 ; 3.2482 ; 5.08837 ; -4.69783
6.53054 ; 3.17086 ; 5.09924 ; -4.63889
8.50104 ; 3.89901 ; -0.670721 ; -5.01836
4.44428 ; 6.1807 ; -4.98475 ; 5.01862
5.42641 ; 7.92545 ; 5.56331 ; 2.60944
6.32718 ; 4.71852 ; -5.25422 ; -5.42573
6.3396 ; 3.92925 ; 5.20006 ; -5.07104
4.27598 ; 6.37957 ; -4.88963 ; 4.91864
4.58186 ; 3.49868 ; -5.01689 ; -4.86198
3.22693 ; 6.58409 ; 2.34885 ; 4.66855
5.98327 ; 2.42344 ; 5.31081 ; -3.68425
5.72366 ; 6.5109 ; 5.25519 ; 4.89783
4.73227 ; 3.98839 ; -5.11397 ; -5.07709
3.97678 ; 7.94245 ; 4.93284 ; 1.84696
6.59798 ; 4.03916 ; 5.14466 ; -5.08694
4.28023 ; 6.37471 ; -4.8918 ; 4.92099
6.73448 ; 5.99001 ; 5.10846 ; 5.1161
5.21338 ; 4.11029 ; -5.2505 ; -5.15707
4.43656 ; 3.7273 ; -4.98707 ; -4.95648
7.67394 ; 3.36509 ; -4.15147 ; 4.96297
7.40762 ; 5.90328 ; 4.75891 ; 5.08522
6.56295 ; 7.4425 ; 5.10158 ; 4.00307
6.57434 ; 5.68965 ; 5.18961 ; 5.21726
4.87466 ; 3.79274 ; -5.13626 ; -5.01826
5.75653 ; 4.38874 ; -4.9892 ; 5.3222
4.72246 ; 3.81842 ; -5.09339 ; -5.01829
7.14954 ; 3.56092 ; 4.88646 ; -4.84882
3.52468 ; 7.96665 ; -3.86776 ; -0.855396
2.92067 ; 5.61206 ; 0.904272 ; 5.38526
4.25707 ; 6.43284 ; -4.87404 ; 4.89282
4.58276 ; 6.13685 ; -5.03833 ; 5.04849
6.72393 ; 6.2258 ; 5.09009 ; 5.03412
5.42167 ; 5.85417 ; -5.26975 ; 5.20837
7.6013 ; 7.40793 ; -4.541 ; -2.37263
4.01117 ; 4.07177 ; -4.77018 ; -5.04656
3.58692 ; 6.45971 ; 3.15356 ; 4.81101
7.303 ; 4.65183 ; 4.78908 ; -5.20288
4.22308 ; 6.34368 ; -4.86856 ; 4.9274
5.28823 ; 3.92798 ; -5.24199 ; -5.09386
4.1074 ; 6.61565 ; -4.77088 ; 4.77646
4.38262 ; 3.52949 ; -4.93883 ; -4.86009
6.02858 ; 5.97641 ; -5.20364 ; 5.17441
8.74737 ; 6.99938 ; -0.136145 ; 4.09577
5.2352 ; 2.31243 ; -5.43978 ; 0.461917
7.11368 ; 5.49924 ; 4.91231 ; -5.07743
3.97168 ; 6.70866 ; -4.67588 ; 4.7002
6.56513 ; 4.44673 ; 5.2449 ; 5.17084
4.57102 ; 3.80586 ; -5.0446 ; -5.00123
4.41194 ; 3.6075 ; -4.96185 ; -4.90177
7.0174 ; 3.56297 ; 4.94811 ; -4.86703
6.11781 ; 2.16844 ; 5.32174 ; -3.11204
3.45761 ; 3.66997 ; -4.25518 ; -4.82308
4.89955 ; 4.27782 ; -5.1937 ; -5.17778
6.15813 ; 4.61172 ; 5.39836 ; 5.30289
5.1267 ; 7.68938 ; -5.22275 ; 3.52934
4.54949 ; 4.13511 ; -5.06252 ; -5.10269
7.99752 ; 3.65458 ; 4.1578 ; -4.81005
5.4985 ; 2.61185 ; 4.37566 ; -3.96981
4.58358 ; 3.60312 ; -5.02801 ; -4.91645
5.50512 ; 2.35348 ; -5.58989 ; 1.4041
8.75834 ; 7.2007 ; -0.128164 ; 3.79712
5.06899 ; 5.79535 ; -5.21763 ; 5.1959
4.31932 ; 3.65762 ; -4.92698 ; -4.91279
7.06572 ; 3.50821 ; 4.91925 ; -4.83518
5.72847 ; 7.57189 ; 5.39958 ; 3.68606
2.70738 ; 5.07156 ; -0.524723 ; 5.60564
3.9843 ; 5.67557 ; -4.74329 ; 5.13794
6.97387 ; 3.71931 ; 4.98513 ; -4.93982
5.99282 ; 4.56681 ; 5.33455 ; -5.28382
5.90985 ; 5.16582 ; 5.42257 ; -5.31408
6.91473 ; 6.2763 ; 5.01461 ; 4.9949
4.68729 ; 5.96812 ; -5.08485 ; 5.11395
4.00879 ; 3.28266 ; -4.69908 ; -4.66565
6.05174 ; 5.64479 ; 5.3182 ; 5.28269
5.05049 ; 3.05868 ; -5.1564 ; -4.54797
4.27599 ; 3.53271 ; -4.89064 ; -4.84839
6.98157 ; 3.78975 ; 4.98897 ; -4.96555
5.50951 ; 5.49649 ; 5.35745 ; 5.36756
6.83428 ; 3.50269 ; 5.01643 ; -4.85229
3.29643 ; 6.08334 ; 2.20079 ; 5.09487
6.86054 ; 3.69882 ; 5.02694 ; -4.9443
4.65572 ; 6.06611 ; -5.06855 ; 5.07949
6.35811 ; 6.15956 ; 5.20295 ; 5.08162
7.20263 ; 6.53411 ; 4.84392 ; 4.83312
6.20337 ; 3.85999 ; 5.22088 ; -5.0491
6.47789 ; 6.13893 ; 5.17291 ; 5.08449
4.24403 ; 6.50448 ; -4.85763 ; 4.85576
8.50473 ; 3.20596 ; 2.45582 ; 4.67358
5.00558 ; 3.34723 ; -5.13996 ; -4.78069
2.83708 ; 8.05256 ; -2.15895 ; -0.693621
6.08142 ; 4.47347 ; 5.43195 ; 5.27459
8.04512 ; 7.10752 ; 3.97845 ; 4.22832
2.66611 ; 5.56812 ; -2.26639 ; 5.30936
3.76874 ; 5.47433 ; -4.56262 ; 5.17582
6.91157 ; 6.63744 ; 4.97542 ; 4.80303
4.92675 ; 7.0635 ; -5.10235 ; 4.45718
6.54654 ; 4.33665 ; 5.18796 ; -5.17341
6.37616 ; 7.30569 ; 5.16043 ; 4.19913
5.85892 ; 4.60971 ; 5.46498 ; 5.36304
6.59653 ; 4.82574 ; -5.11836 ; -5.47625
5.8407 ; 5.08419 ; 5.41115 ; 5.40481
4.31051 ; 3.56688 ; -4.91126 ; -4.86887
4.95785 ; 4.7209 ; 5.35049 ; 5.54429
6.71862 ; 4.76097 ; 5.14291 ; -5.21652
5.26399 ; 4.31805 ; -5.28031 ; -5.22288
5.83535 ; 4.28385 ; -5.30564 ; -5.25442
6.95516 ; 3.79861 ; 5.00089 ; -4.97162
2.957 ; 5.37663 ; 1.02327 ; 5.5086
4.45479 ; 4.61636 ; 4.74723 ; -5.42585
5.69563 ; 5.02305 ; 5.43789 ; 5.43037
4.94283 ; 4.06492 ; -5.18263 ; -5.12124
5.23132 ; 6.17837 ; 5.20388 ; 5.08272
7.56173 ; 3.88027 ; 4.6177 ; -4.95224
7.96471 ; 5.20209 ; -2.62256 ; 5.57809
5.42775 ; 5.14708 ; -5.35902 ; 5.3637
4.07437 ; 6.58394 ; -4.7574 ; 4.78869
5.44621 ; 4.84781 ; 5.38665 ; -5.39828
6.01412 ; 4.4617 ; 5.31871 ; -5.25914
4.55348 ; 6.03431 ; -5.03868 ; 5.07801
8.67136 ; 5.75974 ; 1.47643 ; -5.59027
6.97146 ; 5.8799 ; 5.02096 ; 5.1269
7.35105 ; 2.48507 ; -4.58148 ; -3.42633
5.01284 ; 5.80277 ; 5.16003 ; 5.27591
4.99557 ; 2.44864 ; 5.68886 ; 0.519576
4.80963 ; 3.9287 ; -5.13097 ; -5.06546
5.43009 ; 5.48467 ; -5.31671 ; 5.31565
4.53916 ; 6.64777 ; -4.97467 ; 4.79335
6.81459 ; 6.58704 ; 5.0213 ; 4.84164
4.17286 ; 6.50504 ; -4.82217 ; 4.84468
4.11868 ; 6.54533 ; -4.78839 ; 4.81643
7.09334 ; 3.58614 ; 4.91728 ; -4.86721
7.00161 ; 3.57034 ; 4.95561 ; -4.87214
4.50857 ; 3.5836 ; -4.99806 ; -4.90066
4.62641 ; 4.60842 ; -5.11575 ; -5.21176
7.3399 ; 6.1514 ; 4.79581 ; 4.99893
7.1529 ; 7.77042 ; 4.73136 ; -1.18225
8.41336 ; 4.46442 ; -1.01318 ; -5.39058
4.86641 ; 5.56757 ; -5.18384 ; 5.23569
7.38712 ; 3.22945 ; 4.69446 ; -4.62285
4.48159 ; 5.42183 ; 4.79716 ; 5.45572
8.81307 ; 7.57105 ; 0.0517741 ; 3.07371
7.07461 ; 2.65926 ; -4.79986 ; -3.81644
5.14356 ; 4.48059 ; -5.27591 ; -5.25078
4.6217 ; 6.36358 ; -5.02991 ; 4.96009
6.96688 ; 5.89188 ; 5.02289 ; 5.12382
4.62292 ; 3.8711 ; -5.06743 ; -5.02849
7.05136 ; 3.20254 ; 4.89056 ; -4.64246
6.85945 ; 3.33633 ; 4.99199 ; -4.75026
4.15613 ; 6.48402 ; -4.8171 ; 4.85241
6.99803 ; 3.65943 ; 4.96864 ; -4.91196
8.50928 ; 6.46846 ; -0.759199 ; -5.30867
7.19859 ; 6.14709 ; 4.88663 ; 5.01514
8.68835 ; 5.82927 ; 2.52295 ; 5.15381
4.55826 ; 4.0305 ; -5.05931 ; -5.07276
4.87305 ; 6.88374 ; -5.08296 ; 4.62404
5.27077 ; 4.92381 ; -5.35191 ; -5.32155
3.95641 ; 6.01927 ; -2.37538 ; -5.17994
5.81488 ; 4.2619 ; 5.51888 ; 5.24253
2.9796 ; 3.25754 ; -3.48069 ; -4.46442
6.1663 ; 4.50941 ; -5.2782 ; -5.35324
4.38518 ; 3.41374 ; -4.92593 ; -4.79682
7.26025 ; 6.58739 ; 4.80474 ; 4.796
6.06425 ; 3.80421 ; 5.23817 ; -5.02737
7.08376 ; 3.52942 ; 4.914 ; -4.84243
4.3746 ; 6.2467 ; -4.94924 ; 4.98557
6.2009 ; 4.27046 ; -5.2159 ; -5.2668
7.04917 ; 3.57417 ; 4.93581 ; -4.86795
8.44702 ; 3.94996 ; -0.926309 ; -5.06023
5.58363 ; 5.73893 ; -5.29181 ; 5.25647
5.23929 ; 5.38939 ; -5.29814 ; 5.31201
6.36595 ; 3.33021 ; 5.15136 ; -4.75623
2.78331 ; 4.93753 ; -2.7889 ; -5.42361
6.39881 ; 5.71349 ; 5.23884 ; 5.23192
8.49952 ; 3.47636 ; -0.692381 ; -4.65757
7.36619 ; 3.26838 ; 4.71479 ; -4.65217
7.88599 ; 2.31695 ; 3.84292 ; 2.11024
4.04507 ; 3.32006 ; -4.72793 ; -4.6952
3.92267 ; 3.19807 ; -4.62626 ; -4.59366
6.86241 ; 6.31572 ; 5.03058 ; 4.98385
4.65777 ; 3.8507 ; -5.07583 ; -5.02493
7.02023 ; 3.72476 ; 4.96655 ; -4.93701
7.31874 ; 2.66434 ; -4.4985 ; -3.77948
7.11648 ; 5.78965 ; 4.95116 ; 5.13922
5.30402 ; 5.32172 ; -5.31838 ; 5.32956
6.435 ; 5.63329 ; 5.23712 ; 5.24661
6.04478 ; 4.9854 ; 5.37611 ; -5.31928
4.73708 ; 5.54728 ; -5.14251 ; 5.22265
8.02552 ; 6.69007 ; -2.68588 ; 4.54566
4.55291 ; 3.81963 ; -5.04027 ; -5.00399
7.0055 ; 6.28679 ; 4.97596 ; 4.97965
4.54577 ; 7.99538 ; 5.56604 ; 1.01929
4.17926 ; 3.47874 ; -4.83153 ; -4.80751
4.34542 ; 6.74853 ; -4.8803 ; 4.71317
4.86131 ; 5.07556 ; -5.20932 ; 5.28335
2.88022 ; 5.57324 ; -2.9274 ; -5.42094
5.12469 ; 5.69051 ; -5.36035 ; -5.12404
4.47227 ; 6.20476 ; -4.99268 ; 5.01377
6.90272 ; 2.28712 ; 4.90257 ; -3.50682
4.45552 ; 3.7719 ; -4.99946 ; -4.97605
4.6894 ; 5.87784 ; -5.09924 ; 5.14023
6.54937 ; 7.89198 ; -5.65296 ; 0.698901
5.89116 ; 2.57522 ; 5.60503 ; 2.30326
7.26291 ; 3.37664 ; 4.79697 ; -4.73561
7.03366 ; 3.59996 ; 4.94574 ; -4.88119
7.30729 ; 6.65312 ; 4.76612 ; 4.75009
6.77001 ; 6.07139 ; 5.08904 ; 5.08635
7.32613 ; 3.00499 ; -4.30277 ; -4.26731
5.33133 ; 8.04623 ; -5.44603 ; 1.50771
6.67141 ; 3.96835 ; -4.84377 ; -5.12419
6.05407 ; 7.94477 ; 5.49999 ; 0.156008
6.43442 ; 5.52734 ; 5.2471 ; 5.26843
7.10108 ; 3.47618 ; 4.89877 ; -4.81423
4.03991 ; 6.63881 ; -4.72896 ; 4.75221
4.4457 ; 4.11462 ; -4.96288 ; 4.9854
6.71693 ; 5.9641 ; 5.1163 ; 5.12546
6.77388 ; 5.89996 ; 5.10181 ; 5.13907
2.62412 ; 3.1565 ; -2.40371 ; -4.29177
2.71273 ; 4.80329 ; -0.602691 ; 5.67757
8.66863 ; 6.90203 ; 2.68923 ; 4.28937
5.29653 ; 2.57382 ; -5.23912 ; -3.97892
2.71338 ; 5.4711 ; -0.510649 ; 5.43408
7.02249 ; 3.79439 ; 4.9715 ; -4.96304
8.47166 ; 4.25782 ; 3.29285 ; -5.12989
3.74065 ; 5.59149 ; 3.84952 ; -5.65834
3.99638 ; 6.70292 ; -4.69274 ; 4.70794
6.92377 ; 3.04437 ; 4.93803 ; -4.52221
6.89925 ; 2.20053 ; 4.97214 ; 1.04971
6.17795 ; 5.57509 ; 5.30458 ; 5.28825
4.16832 ; 3.43278 ; -4.81891 ; -4.78114
6.8231 ; 3.81578 ; 5.05226 ; -4.99213
3.70594 ; 5.06169 ; -4.48471 ; -5.21703
6.22462 ; 4.24498 ; 5.25866 ; -5.18302
5.07808 ; 4.6097 ; -5.27239 ; -5.26465
3.79207 ; 6.20573 ; -4.58369 ; 4.94698
7.38756 ; 2.02022 ; -5.04832 ; -0.633781
7.95735 ; 7.75294 ; -3.65042 ; 2.60891
4.05355 ; 6.71974 ; -4.72461 ; 4.70534
8.51282 ; 3.66694 ; -0.672911 ; 5.46723
4.6639 ; 5.56063 ; -5.114 ; 5.21157
4.2938 ; 3.46648 ; -4.88995 ; -4.81694
7.47873 ; 7.36886 ; -4.81861 ; -3.10805
6.00701 ; 2.9157 ; -5.2558 ; -4.33992
6.80711 ; 3.90184 ; 5.06567 ; -5.02199
5.86281 ; 7.29235 ; -5.29529 ; 4.10686
6.05526 ; 3.20862 ; -5.24946 ; -4.61123
7.07634 ; 6.38999 ; 4.92954 ; 4.92381
5.88185 ; 2.32394 ; 5.37281 ; -3.44257
6.6591 ; 4.78356 ; 5.19507 ; 5.2567
5.28857 ; 4.05311 ; -5.25583 ; -5.14156
6.92591 ; 3.45734 ; 4.97558 ; -4.82087
4.6302 ; 8.10957 ; -5.02105 ; 1.75643
4.80106 ; 5.5907 ; -5.16129 ; 5.22341
7.86672 ; 7.36248 ; -1.27968 ; -3.17691
7.36341 ; 5.90295 ; -4.52772 ; -5.52251
6.52862 ; 3.9179 ; 5.15215 ; -5.05418
6.58443 ; 6.03448 ; 5.15186 ; 5.11568
4.04427 ; 4.90661 ; 3.62064 ; -5.52381
4.9298 ; 3.78847 ; -5.15042 ; -5.01955
2.9404 ; 6.50655 ; -3.41907 ; 4.70049
3.82391 ; 3.89334 ; -4.62209 ; -4.96164
5.92886 ; 4.47786 ; -5.4988 ; 5.39055
6.99816 ; 3.72404 ; 4.97553 ; -4.93907
5.39155 ; 5.62779 ; -5.29405 ; 5.27691
4.14059 ; 6.34594 ; -4.82331 ; 4.9171
4.42242 ; 6.12049 ; -4.98182 ; 5.03629
7.00498 ; 6.58477 ; 4.93862 ; 4.82767
8.00326 ; 3.71515 ; 4.15403 ; -4.84221
7.01835 ; 3.52308 ; 4.94252 ; -4.84795
4.05474 ; 6.64119 ; -4.7368 ; 4.7531
7.1699 ; 3.41383 ; 4.85544 ; -4.77038
5.97267 ; 7.88053 ; -5.4926 ; 2.75165
8.6293 ; 2.85443 ; 2.77759 ; -3.98747
6.44366 ; 7.92828 ; 5.18358 ; 2.94281
6.81664 ; 6.16707 ; 5.06372 ; 5.04826
4.36618 ; 6.26993 ; -4.94275 ; 4.97582
7.61326 ; 5.25488 ; 4.51695 ; -5.18243
7.39307 ; 5.04348 ; 4.75536 ; 5.23771
4.25497 ; 6.41893 ; -4.87502 ; 4.89857
4.05537 ; 6.6485 ; -4.736 ; 4.74943
4.72169 ; 6.19883 ; -5.07652 ; 5.03757
4.61593 ; 3.77589 ; -5.05587 ; -4.9941
6.52913 ; 4.60963 ; 5.20982 ; -5.226
5.57157 ; 5.01386 ; 5.4404 ; 5.44349
4.92669 ; 5.41558 ; -5.26632 ; -5.19722
3.32908 ; 7.45667 ; -3.87648 ; 3.75904
4.00147 ; 3.56677 ; -4.73148 ; -4.82944
4.86787 ; 7.78969 ; -5.1139 ; 3.33632
4.28461 ; 3.55651 ; -4.89799 ; -4.86067
6.78276 ; 3.98548 ; 5.08158 ; -5.05113
5.51904 ; 4.75153 ; 5.37749 ; -5.37677
6.47536 ; 4.14543 ; 5.19064 ; -5.13142
6.68317 ; 5.71916 ; 5.1496 ; 5.19763
4.63165 ; 3.58139 ; -5.04258 ; -4.90906
8.76642 ; 1.94909 ; 0.0151832 ; -0.951054
2.94386 ; 4.01813 ; -3.4484 ; -4.99545
6.91078 ; 5.983 ; 5.04274 ; 5.10093
6.44622 ; 5.49468 ; -5.11836 ; 5.39082
5.83524 ; 1.97065 ; 5.52451 ; -1.90949
7.14067 ; 3.49168 ; 4.88178 ; -4.81638
4.47683 ; 6.68898 ; -4.9452 ; 4.76266
6.87011 ; 6.43865 ; 5.0145 ; 4.92305
6.47515 ; 4.86499 ; 5.24247 ; -5.25001
4.22891 ; 3.95521 ; -4.90209 ; -5.00416
6.20812 ; 4.60455 ; 5.30056 ; -5.26149
6.86817 ; 3.70394 ; 5.02512 ; -4.94528
6.33335 ; 5.78081 ; 5.2483 ; 5.22015
6.97271 ; 8.00202 ; 4.84153 ; 2.75594
4.27261 ; 6.38788 ; -4.88715 ; 4.91497
4.76752 ; 4.15601 ; -5.14094 ; -5.1307
5.1608 ; 4.46097 ; 5.21969 ; -5.32719
4.02311 ; 3.42547 ; -4.72898 ; -4.75526
6.97934 ; 4.50251 ; 5.01542 ; -5.16289
7.69722 ; 5.98978 ; 4.5126 ; 5.03424
5.8131 ; 7.95448 ; 5.51038 ; 2.35059
3.86648 ; 5.85678 ; -4.56549 ; -4.96978
6.49724 ; 4.51706 ; 5.21555 ; -5.21379
7.37182 ; 2.67617 ; 4.61775 ; -4.09162
4.65549 ; 2.14492 ; 5.40793 ; -2.52564
6.13863 ; 4.0376 ; 5.25035 ; -5.12201
4.35144 ; 3.02279 ; 4.66274 ; -4.30199
3.50192 ; 6.02698 ; -4.30685 ; 5.00854
4.0131 ; 6.68436 ; -4.70546 ; 4.72152
6.20569 ; 5.05062 ; 5.34139 ; -5.29129
4.167 ; 6.2367 ; -4.84702 ; 4.96589
4.52269 ; 3.70723 ; -5.01718 ; -4.95764
6.60872 ; 4.7935 ; 5.21756 ; 5.26675
4.4721 ; 6.14885 ; -4.99843 ; 5.03251
6.56209 ; 6.70867 ; 5.10479 ; 4.77131
3.19439 ; 5.09769 ; 2.01818 ; 5.63063
4.53062 ; 3.64069 ; -5.01283 ; -4.92978
4.90579 ; 5.39084 ; -5.25689 ; -5.20286
4.27339 ; 3.74617 ; -4.91281 ; -4.94576
8.1121 ; 2.7296 ; 3.84214 ; -3.99228
6.4064 ; 2.14798 ; -5.76623 ; 0.621138
4.44505 ; 3.69141 ; -4.98609 ; -4.94287
7.25935 ; 3.3862 ; 4.80033 ; -4.74125
6.80335 ; 2.88193 ; 4.93573 ; 3.31537
6.43217 ; 5.62478 ; 5.23855 ; 5.24844
4.41871 ; 6.3182 ; -4.95753 ; 4.96348
7.27564 ; 6.62947 ; 4.78907 ; 4.76948
7.30455 ; 2.68571 ; -5.09341 ; 3.28418
5.20421 ; 4.00739 ; -5.2364 ; -5.12065
6.2875 ; 8.08395 ; 5.32187 ; 1.82303
6.95927 ; 4.37837 ; 5.0235 ; -5.1429
4.44295 ; 4.78558 ; -5.01087 ; 5.22353
4.89035 ; 6.02696 ; -5.14457 ; 5.11419
6.45318 ; 4.82922 ; 5.24814 ; -5.2516
8.75329 ; 5.74333 ; 1.96649 ; 5.22444
8.35152 ; 4.25224 ; -1.31499 ; -5.27102
6.54955 ; 3.9772 ; 5.15262 ; -5.07211
7.73452 ; 7.74542 ; 4.05213 ; -1.48949
2.82261 ; 8.14864 ; -2.29691 ; 1.06846
4.56405 ; 3.26507 ; -4.98726 ; -4.71209
5.22919 ; 5.40719 ; -5.2945 ; 5.30847
5.06801 ; 5.4795 ; -5.24941 ; 5.27602
5.76752 ; 4.09927 ; 5.28677 ; -5.15953
7.97542 ; 6.50396 ; 4.17919 ; 4.74484
5.21445 ; 5.8811 ; 5.49594 ; -5.2494
4.35665 ; 6.33603 ; -4.93077 ; 4.94825
6.6621 ; 2.07583 ; -5.49287 ; -2.28029
6.77184 ; 6.70313 ; 5.10192 ; -3.8693
6.89801 ; 3.82383 ; 5.02658 ; -4.987
6.44788 ; 5.88664 ; 5.29143 ; -4.92249
5.84758 ; 4.28333 ; 5.30858 ; -5.22289
5.08174 ; 4.56857 ; -5.26993 ; -5.25763
5.83668 ; 4.46377 ; 5.33457 ; -5.27668
7.36283 ; 5.23055 ; -4.11655 ; 5.54121
4.47606 ; 5.26119 ; -5.03875 ; 5.23344
4.60468 ; 6.15757 ; -5.04268 ; 5.04433
4.91654 ; 5.77837 ; 5.10092 ; 5.28963
7.68376 ; 3.11826 ; 4.43503 ; -4.48825
5.96895 ; 3.59205 ; -5.19398 ; -4.91607
5.93509 ; 3.95169 ; 5.51553 ; 4.99164
4.49275 ; 6.03101 ; -5.01671 ; 5.0726
6.5051 ; 6.03163 ; 5.17573 ; 5.1234
5.12618 ; 4.58107 ; -5.28096 ; -5.25463
5.56839 ; 5.2503 ; -5.41103 ; -5.3582
6.61979 ; 4.47398 ; 5.17188 ; -5.19384
4.51044 ; 6.19198 ; -5.00768 ; 5.02224
4.5426 ; 3.78822 ; -5.03345 ; -4.99199
6.69629 ; 4.62037 ; 5.14884 ; -5.20637
8.62361 ; 8.13005 ; 1.80642 ; 0.625107
5.75703 ; 5.53369 ; -5.32099 ; 5.3316
6.35028 ; 5.85116 ; 5.33433 ; -4.95724
6.66026 ; 6.06855 ; 5.12483 ; 5.09715
3.1176 ; 3.43088 ; -3.26263 ; 4.7231
4.94039 ; 4.78259 ; -5.24235 ; -5.26629
4.15202 ; 3.48244 ; -4.81677 ; -4.80562
4.57514 ; 6.18462 ; -5.03036 ; 5.03242
4.38914 ; 3.43853 ; -4.93056 ; -4.81149
2.84154 ; 4.29534 ; 0.342368 ; 5.73157
6.78629 ; 6.33954 ; 5.05677 ; 4.97942
6.29365 ; 5.95669 ; -5.54346 ; -5.2502
4.1598 ; 6.52872 ; -4.81221 ; 4.83136
6.38731 ; 5.88994 ; 5.22313 ; 5.1827
6.66209 ; 6.13006 ; 5.11865 ; 5.07492
4.80133 ; 3.07301 ; 4.96622 ; -4.42041
6.39758 ; 4.6609 ; 5.25596 ; -5.24707
4.11354 ; 2.30408 ; -4.61024 ; 1.59838
6.90445 ; 3.6459 ; 5.00436 ; -4.91727
6.80755 ; 3.71965 ; 5.04689 ; -4.95726
5.92651 ; 4.35828 ; -5.31085 ; -5.28056
6.05838 ; 5.71885 ; 5.30852 ; 5.26153
4.26947 ; 6.51674 ; -4.86784 ; 4.85258
4.38383 ; 6.31297 ; -4.94444 ; 4.96107
6.66333 ; 3.92119 ; 5.11378 ; -5.04289
5.11769 ; 4.07402 ; -5.35962 ; 4.95674
4.37756 ; 6.33113 ; -4.93964 ; 4.95298
4.56263 ; 6.17021 ; -5.02839 ; 5.0358
8.66339 ; 4.81824 ; 2.35408 ; -5.42598
4.35702 ; 6.27689 ; -4.93846 ; 4.97213
6.99829 ; 7.52185 ; 4.89064 ; -1.94137
4.3702 ; 3.10344 ; -4.88215 ; -4.57417
4.80797 ; 5.22858 ; -5.20807 ; -5.2119
4.74973 ; 3.94383 ; -5.1147 ; -5.06536
6.76353 ; 3.84091 ; 5.07402 ; -5.0068
4.60123 ; 3.96208 ; -5.06916 ; -5.05507
6.8568 ; 3.82287 ; 5.04151 ; -4.99124
6.23014 ; 5.08022 ; 5.34089 ; 5.34141
4.52159 ; 3.70572 ; -5.01691 ; -4.95735
4.34685 ; 8.11803 ; -4.8095 ; 1.06124
3.83362 ; 3.25097 ; -4.56691 ; -4.61591
5.78344 ; 6.35897 ; -5.27212 ; 4.9216
6.49808 ; 5.51976 ; -5.36549 ; -5.49237
2.89469 ; 1.94805 ; -2.64232 ; -1.95177
4.30651 ; 6.36636 ; -4.90421 ; 4.92831
5.40515 ; 8.05568 ; -5.47888 ; 1.44951
4.78309 ; 3.99063 ; -5.12947 ; -5.08279
4.2212 ; 4.60102 ; -4.90876 ; -5.17937
8.22851 ; 7.84357 ; -2.86923 ; -1.31856
4.61903 ; 6.139 ; -5.04917 ; 5.05182
4.92723 ; 2.54174 ; -5.1115 ; -3.96054
4.22509 ; 6.6473 ; -4.83041 ; 4.77127
3.90055 ; 6.79532 ; -4.61099 ; 4.62906
6.35989 ; 4.25318 ; 5.23058 ; -5.17305
8.61939 ; 7.73993 ; -0.835138 ; -0.444845
4.63536 ; 3.7252 ; -5.05712 ; -4.9752
5.38281 ; 4.51678 ; 5.31141 ; -5.33103
6.41839 ; 4.6123 ; -5.1874 ; -5.40379
5.71899 ; 5.15631 ; 5.4461 ; -5.37081
5.42883 ; 5.97882 ; -5.25442 ; 5.16124
8.43527 ; 4.97465 ; -0.76908 ; 5.66173
4.65404 ; 4.03134 ; -5.09282 ; -5.08221
5.97573 ; 3.81073 ; 5.51171 ; 4.81522
6.55126 ; 5.67896 ; 5.19771 ; 5.22225
6.80287 ; 3.88413 ; 5.06491 ; -5.01713
5.46894 ; 7.36207 ; -5.5733 ; -2.37244
7.41872 ; 5.10932 ; -4.0018 ; 5.58225
7.14127 ; 6.93961 ; 4.82671 ; 4.55887
5.92489 ; 5.11692 ; 5.40298 ; 5.3908
4.53223 ; 4.32057 ; -5.06461 ; -5.14983
6.61518 ; 3.39668 ; 5.08509 ; -4.79903
4.42236 ; 6.21696 ; -4.972 ; 5.00307
6.39046 ; 4.4513 ; 5.32218 ; 5.19834
2.7936 ; 1.89993 ; -1.1412 ; -0.615824
3.72513 ; 3.68672 ; -4.5248 ; -4.85792
6.43826 ; 5.11286 ; 5.26796 ; -5.24314
4.31623 ; 3.5472 ; -4.91118 ; -4.86062
4.41278 ; 3.54991 ; -4.95458 ; -4.87378
7.13251 ; 6.50562 ; 4.88493 ; 4.85825
6.89557 ; 2.58179 ; 4.91906 ; -4.00808
7.01321 ; 6.38546 ; 4.95953 ; 4.93482
7.42612 ; 3.20753 ; 4.6633 ; -4.60119
6.97791 ; 4.33904 ; -4.62071 ; -5.32082
5.82663 ; 4.10393 ; 5.2847 ; -5.16037
4.99116 ; 5.60462 ; -5.21702 ; 5.24341
7.15164 ; 5.70045 ; -4.80086 ; -5.57326
6.62516 ; 5.68113 ; 5.1733 ; 5.21315
6.96772 ; 5.83956 ; 5.02479 ; 5.13711
8.00192 ; 4.92765 ; -2.63221 ; 5.67362
8.0654 ; 2.43954 ; 3.81705 ; -3.58569
4.65088 ; 5.04676 ; -5.12341 ; 5.22164
7.45581 ; 6.77199 ; 4.64659 ; 4.64798
3.9587 ; 5.52088 ; -4.72144 ; 5.16873
4.71894 ; 3.55758 ; -5.06974 ; -4.9016
6.57674 ; 5.54228 ; -5.01617 ; 5.38041
5.8709 ; 4.39699 ; -5.31984 ; -5.29495
6.62333 ; 6.19425 ; 5.12443 ; 5.05342
4.31409 ; 6.27669 ; -4.91934 ; 4.9665
6.82194 ; 6.26482 ; 5.05141 ; 5.00927
4.28681 ; 6.44508 ; -4.88547 ; 4.89124
6.76073 ; 7.18133 ; 4.99894 ; 4.35002
4.19524 ; 5.63879 ; 4.34925 ; 5.37241
8.49321 ; 7.1817 ; 2.33713 ; -3.87956
4.50519 ; 5.98304 ; 4.73003 ; 5.18837
8.80936 ; 6.34808 ; 1.71871 ; 4.79422
6.24765 ; 5.32998 ; 5.31478 ; 5.32404
6.03535 ; 4.04912 ; 5.26486 ; -5.13107
5.94253 ; 5.94653 ; 5.48986 ; -5.00022
5.22754 ; 7.86916 ; -5.44981 ; -0.398806
6.46961 ; 4.01762 ; 5.17832 ; -5.09253
6.09716 ; 5.37912 ; 5.34123 ; 5.33625
7.15455 ; 6.45724 ; 4.88069 ; 4.8791
5.99014 ; 4.66774 ; -5.35223 ; -5.3825
7.21673 ; 6.528 ; 4.83751 ; 4.83394
8.39873 ; 4.49014 ; 3.42743 ; -5.22282
5.92806 ; 5.71097 ; 5.3244 ; 5.27267
6.13361 ; 5.27475 ; 5.34585 ; 5.34309
6.91608 ; 5.44683 ; 5.06313 ; 5.22746
8.4482 ; 5.41993 ; 3.3201 ; 5.30437
7.13317 ; 6.46098 ; 4.89084 ; 4.88037
6.76495 ; 3.39309 ; 5.03328 ; -4.7915
6.82223 ; 3.72916 ; 5.04343 ; -4.95943
6.68483 ; 4.089 ; 5.12364 ; -5.09281
6.43303 ; 6.35383 ; 5.16124 ; 4.98819
2.56679 ; 3.62372 ; -1.97018 ; -4.73044
6.39511 ; 5.78844 ; 5.23212 ; 5.21279
3.72933 ; 8.1126 ; -4.18149 ; 1.62582
5.0702 ; 3.44929 ; -5.35969 ; 4.20996
3.31091 ; 5.89207 ; 2.37893 ; 5.22824
4.07891 ; 6.60692 ; -4.75637 ; 4.77689
6.21378 ; 4.91706 ; -5.34857 ; -5.45468
4.85569 ; 4.75683 ; -5.21145 ; -5.25379
6.20829 ; 5.904 ; 5.39637 ; -4.965
3.42562 ; 7.31036 ; -4.04689 ; 4.02749
2.98709 ; 4.63946 ; 1.11579 ; -5.47384
7.7515 ; 7.88402 ; -4.24358 ; 2.01975
7.02183 ; 6.33726 ; 4.96225 ; 4.95613
5.98961 ; 6.19305 ; 5.49306 ; -4.74731
6.53104 ; 5.75374 ; 5.19692 ; 5.20735
6.95667 ; 6.26264 ; 4.99923 ; 4.99537
5.06112 ; 3.68027 ; -5.16351 ; -4.97389
4.41585 ; 6.14617 ; -4.97711 ; 5.02725
4.91369 ; 3.93028 ; -5.16084 ; -5.0735
7.14513 ; 2.61381 ; 4.78575 ; 2.56081
7.22293 ; 6.57023 ; 4.82831 ; 4.81111
6.95387 ; 6.2835 ; 4.99795 ; 4.98753
7.09622 ; 6.50023 ; 4.87174 ; -4.19012
6.8069 ; 3.66205 ; 5.04167 ; -4.93353
6.35133 ; 5.59366 ; -5.1513 ; 5.34926
4.29541 ; 6.43349 ; -4.89067 ; 4.89753
3.32402 ; 3.6801 ; -4.09201 ; -4.81531
4.82652 ; 2.58788 ; -5.2172 ; 2.09831
4.41147 ; 2.66071 ; 5.49062 ; 3.06882
5.91897 ; 5.81709 ; 5.31257 ; 5.2378
3.96722 ; 6.75032 ; -4.66588 ; 4.6721
3.9677 ; 3.21724 ; -4.66131 ; -4.61481
7.01413 ; 3.73634 ; 4.97016 ; -4.94185
7.01499 ; 3.76087 ; 4.97202 ; -4.95115
6.08047 ; 4.71468 ; -5.34646 ; -5.40073
4.57457 ; 3.91502 ; -5.05648 ; -5.03823
4.20394 ; 6.4723 ; -4.84256 ; 4.86554
7.4329 ; 8.02792 ; 4.43605 ; 2.63932
6.75622 ; 6.00707 ; 5.0997 ; 5.10858
4.97094 ; 4.36793 ; -5.21842 ; -5.20764
7.27505 ; 6.60966 ; 4.79259 ; 4.78101
5.25136 ; 5.3419 ; 5.33566 ; 5.43089
6.36598 ; 5.29704 ; 5.28326 ; 5.31369
6.81363 ; 3.79562 ; 5.05322 ; -4.98627
7.53443 ; 7.11367 ; -4.62328 ; -3.81144
4.76047 ; 3.78911 ; -5.10212 ; -5.00974
4.30901 ; 6.42989 ; -4.89675 ; 4.9009
4.7013 ; 4.14475 ; -5.1183 ; -5.12047
6.90514 ; 3.50116 ; 4.98842 ; -4.84656
5.83194 ; 4.17641 ; 5.29359 ; -5.18665
5.5282 ; 6.51165 ; -5.55313 ; -4.34021
4.72991 ; 5.1556 ; 5.11363 ; 5.52235
6.79957 ; 5.69878 ; 5.10582 ; 5.18971
5.89338 ; 3.85759 ; 5.5345 ; 4.9079
8.0715 ; 4.47759 ; -2.13573 ; 5.72218
6.38789 ; 5.78542 ; -5.47661 ; -5.35293
6.08323 ; 8.07107 ; 5.44961 ; 1.34452
2.75666 ; 5.26398 ; -0.843394 ; -5.63834
5.71289 ; 2.03875 ; 5.63199 ; -0.599019
2.79788 ; 8.03236 ; 0.891467 ; 0.0277905
4.21099 ; 6.14897 ; -4.8774 ; 5.00532
4.58714 ; 4.93984 ; 5.07069 ; 5.34729
4.11949 ; 6.01666 ; -4.83009 ; 5.04547
8.5752 ; 6.76197 ; -0.867423 ; 4.4119
