4.31229 ; 2.11126 ; -4.61765 ; -3.1166
4.39289 ; 7.00011 ; -4.71347 ; 4.36694
4.65958 ; 6.20787 ; -4.91927 ; 4.87792
7.71059 ; 7.01235 ; 4.27735 ; 4.28103
3.26798 ; 2.79487 ; -3.78723 ; -3.95346
7.69407 ; 7.05855 ; 4.28012 ; 4.24798
3.97411 ; 3.15603 ; -4.51072 ; -4.41045
3.5821 ; 7.44964 ; -4.07291 ; 3.80534
6.34609 ; 6.52214 ; -4.96806 ; 4.71642
4.32174 ; 3.4685 ; -4.74278 ; -4.64199
4.70225 ; 2.5174 ; -4.86278 ; -3.8162
8.44814 ; 2.84536 ; 3.28301 ; -3.90891
5.71287 ; 2.62315 ; 5.58834 ; 2.99938
2.50123 ; 6.14812 ; -0.146264 ; 4.87832
8.41632 ; 4.59594 ; -1.88841 ; 5.71838
8.73201 ; 4.09313 ; 2.63813 ; -4.90566
6.58123 ; 4.67167 ; 5.1078 ; 5.1939
4.29445 ; 4.14405 ; -4.78574 ; -4.94584
3.79206 ; 2.66835 ; -4.29209 ; -3.93775
2.4878 ; 4.18742 ; -1.88965 ; -5.01261
3.73052 ; 2.98384 ; -4.30604 ; -4.23852
7.55343 ; 3.1218 ; 4.41962 ; -4.34984
4.2448 ; 3.45592 ; -4.70174 ; -4.62695
8.34137 ; 3.11976 ; 3.53203 ; -4.20909
6.07012 ; 3.96247 ; 5.14356 ; -4.95375
7.04494 ; 6.80736 ; -4.48412 ; 4.42001
3.16055 ; 6.62813 ; -3.7412 ; 4.48083
3.31087 ; 6.81429 ; -3.91585 ; 4.36206
7.80872 ; 7.14387 ; 4.16139 ; 4.14638
8.64038 ; 1.76553 ; 2.09528 ; -1.16566
4.69106 ; 3.50641 ; -4.91811 ; -4.69349
3.81252 ; 5.92402 ; -4.45497 ; 4.91102
4.58899 ; 3.71074 ; -4.89589 ; -4.79336
4.1573 ; 8.01652 ; -4.48861 ; 2.83337
6.11889 ; 5.16314 ; 5.25142 ; 5.27513
4.14737 ; 6.54956 ; -4.63051 ; 4.65121
4.89446 ; 4.59643 ; 5.30711 ; 5.48869
6.80336 ; 6.22712 ; 4.91655 ; 4.87901
7.18019 ; 3.31365 ; 4.66992 ; -4.52928
3.5637 ; 7.71067 ; 4.12398 ; 2.84687
7.54129 ; 7.3123 ; 4.35426 ; 4.02306
7.20562 ; 3.35107 ; 4.66095 ; -4.54808
8.31627 ; 7.37007 ; 3.45473 ; 3.75004
7.35263 ; 5.94452 ; 4.64577 ; 4.94083
7.24257 ; 2.77091 ; 4.57135 ; -4.08768
6.8366 ; 6.11867 ; 4.91209 ; 4.92372
3.79171 ; 6.84485 ; -4.36945 ; 4.41971
6.77448 ; 6.24557 ; 4.92675 ; 4.87172
5.90361 ; 4.14189 ; 5.40964 ; 5.12808
3.68439 ; 7.02854 ; -4.25353 ; 4.26594
6.64918 ; 5.83882 ; 5.01325 ; 5.05144
3.69006 ; 6.99767 ; -4.26489 ; 4.29044
7.24055 ; 6.49858 ; 4.67203 ; 4.69562
7.56925 ; 3.06735 ; 4.39816 ; -4.30869
3.00764 ; 1.67945 ; -2.72259 ; -0.598306
6.94236 ; 3.0194 ; 4.76103 ; -4.33537
3.97568 ; 6.86737 ; -4.48659 ; 4.43647
6.99123 ; 3.41037 ; 4.77662 ; -4.60502
3.8868 ; 6.84545 ; -4.433 ; 4.43803
4.54083 ; 3.71272 ; -4.87518 ; -4.79026
2.80038 ; 6.97416 ; -3.05734 ; 4.12451
7.46002 ; 6.75114 ; 4.50979 ; 4.51739
7.15308 ; 3.33704 ; 4.68661 ; -4.546
7.04289 ; 5.94295 ; -4.52107 ; 5.10056
3.52315 ; 2.76185 ; -4.06949 ; -3.98635
3.15917 ; 3.68626 ; 2.34985 ; -4.74625
4.45716 ; 6.05232 ; -4.84498 ; 4.92607
4.25595 ; 6.54598 ; -4.68856 ; 4.66756
6.7492 ; 6.28913 ; 4.9326 ; 4.85492
6.99709 ; 2.36288 ; 4.69023 ; -3.57269
7.60164 ; 5.87165 ; -3.72354 ; 5.14803
2.53433 ; 5.13096 ; -0.574916 ; 5.48443
4.11644 ; 6.59529 ; -4.60745 ; 4.62217
3.35054 ; 1.92929 ; 4.15784 ; -0.738122
6.56149 ; 5.07913 ; 5.09691 ; -5.13004
3.80959 ; 3.05206 ; -4.38047 ; -4.30719
4.2521 ; 6.08115 ; -4.73796 ; 4.89077
4.84271 ; 5.86126 ; -5.02486 ; 5.03826
4.08537 ; 6.33296 ; -4.621 ; 4.75599
4.12286 ; 4.32381 ; -4.68917 ; -4.99109
4.40409 ; 1.94091 ; -4.68801 ; -2.66367
4.10526 ; 3.20974 ; -4.59636 ; -4.4649
6.78116 ; 3.61993 ; 4.89485 ; -4.73883
7.2355 ; 6.59755 ; 4.66384 ; 4.64195
4.12261 ; 3.4133 ; -4.6312 ; -4.58876
8.36517 ; 5.17728 ; -1.88493 ; 5.53484
4.73416 ; 3.44746 ; -4.92887 ; -4.66229
6.09174 ; 4.30363 ; -5.18524 ; -5.13609
5.98947 ; 2.63521 ; -5.17634 ; -3.85586
7.57607 ; 3.04127 ; 4.38826 ; -4.28917
7.17606 ; 3.26036 ; 4.66526 ; -4.49675
6.26866 ; 3.00482 ; 5.23242 ; 3.8
4.24099 ; 6.07496 ; -4.73248 ; 4.89143
3.63231 ; 6.79184 ; -4.25256 ; 4.43032
8.31908 ; 7.06914 ; 3.53962 ; 4.09302
3.76327 ; 3.01596 ; -4.33889 ; -4.27033
4.39139 ; 7.97487 ; 5.58226 ; -1.06115
6.61326 ; 6.94697 ; 4.93152 ; 4.43716
8.83781 ; 6.08735 ; 2.27731 ; 4.86489
4.0063 ; 3.39078 ; -4.56367 ; -4.56195
7.44907 ; 3.1102 ; 4.48587 ; -4.36026
4.22637 ; 6.61509 ; -4.66411 ; 4.62534
8.72523 ; 5.80944 ; 2.63244 ; 5.03574
5.31372 ; 8.00893 ; -5.2153 ; 2.64819
6.36731 ; 7.19345 ; 5.26718 ; -3.17985
7.37628 ; 6.77396 ; 4.55851 ; 4.51615
8.49866 ; 2.9974 ; -1.72885 ; -3.97556
7.15079 ; 4.40635 ; 4.76918 ; -5.0033
4.50629 ; 6.70961 ; -4.90978 ; -4.06359
4.71412 ; 6.7997 ; -5.05753 ; -3.91103
5.92242 ; 4.22476 ; -5.2293 ; -4.99304
3.33288 ; 4.94009 ; 2.97906 ; -5.52958
4.20161 ; 3.85129 ; -4.71709 ; -4.81922
4.4025 ; 5.80263 ; -4.83671 ; 5.01064
2.49191 ; 3.86858 ; -2.0599 ; -4.78507
4.58482 ; 3.95091 ; -4.91651 ; -4.9015
3.99624 ; 6.7411 ; -4.51916 ; 4.52296
7.09891 ; 5.07676 ; 4.81812 ; 5.15857
4.07625 ; 7.67166 ; -4.45259 ; 3.5601
6.96889 ; 4.74489 ; 4.88189 ; -5.08398
4.43303 ; 3.40439 ; -4.79044 ; -4.61653
5.03621 ; 4.8003 ; 5.2196 ; -5.34831
8.62173 ; 7.36802 ; 1.86222 ; -3.85717
2.41345 ; 2.40036 ; -1.27477 ; -2.96292
4.99261 ; 6.99818 ; 5.65297 ; -4.03545
7.0113 ; 7.7234 ; 4.6885 ; 3.50476
4.05025 ; 3.6199 ; -4.61046 ; -4.691
7.66944 ; 6.99388 ; 4.31388 ; 4.30447
6.92686 ; 7.1356 ; 4.77374 ; 4.26334
6.70809 ; 3.21716 ; 4.88384 ; -4.49768
4.00797 ; 6.75381 ; -4.5238 ; 4.51718
3.95373 ; 8.2078 ; -4.28372 ; 2.13813
7.45549 ; 3.09421 ; 4.47897 ; -4.34822
7.59937 ; 3.48598 ; 4.42739 ; -4.57698
7.33191 ; 6.14988 ; -4.09485 ; 4.9618
8.78639 ; 4.60713 ; 0.171536 ; 5.68015
7.29668 ; 3.36845 ; 4.61468 ; -4.5458
4.39608 ; 3.41751 ; -4.77431 ; -4.62109
4.12637 ; 3.36082 ; -4.62667 ; -4.56017
3.69531 ; 3.17755 ; -4.31135 ; -4.37928
4.48831 ; 5.62299 ; -4.89066 ; 5.07172
3.5972 ; 3.03166 ; -4.19978 ; -4.24985
5.96487 ; 4.31775 ; -5.22238 ; -5.15223
4.48937 ; 8.23123 ; -4.762 ; 1.8631
3.9265 ; 6.53555 ; -4.50401 ; 4.62914
4.39638 ; 2.02608 ; -4.68531 ; -2.90325
2.67146 ; 3.95177 ; 0.691279 ; -4.93313
7.09931 ; 3.73491 ; 4.7615 ; -4.76246
7.54471 ; 7.09107 ; 4.3925 ; 4.24589
7.73547 ; 7.02483 ; 4.25403 ; 4.2661
5.24134 ; 4.52993 ; 5.42331 ; 5.42223
5.39844 ; 2.40727 ; -5.4739 ; 2.37458
7.70743 ; 7.06893 ; 4.26769 ; 4.23672
8.37825 ; 2.02599 ; 3.05523 ; -2.51114
4.08696 ; 3.37772 ; -4.60839 ; -4.56481
4.06594 ; 3.71178 ; -4.62734 ; -4.73827
7.61789 ; 6.98117 ; 4.35599 ; 4.32364
5.11831 ; 5.51832 ; -5.1522 ; 5.17598
3.74563 ; 6.89898 ; -4.32768 ; 4.37478
7.04521 ; 5.61055 ; 4.8427 ; 5.08042
3.85386 ; 3.04612 ; -4.41082 ; -4.31056
6.51029 ; 7.27196 ; 4.9675 ; 4.12516
4.25197 ; 1.79805 ; -4.56284 ; -2.11409
4.77929 ; 3.78549 ; -4.97935 ; -4.84406
5.10885 ; 3.71256 ; -5.07717 ; -4.82683
3.09534 ; 4.09749 ; -3.67388 ; -4.81807
8.20152 ; 7.98012 ; 3.38118 ; 2.69315
6.97411 ; 3.34897 ; 4.77772 ; -4.57056
3.45301 ; 2.5235 ; -3.93102 ; -3.68144
8.44747 ; 7.53237 ; 3.15677 ; 3.46882
8.18869 ; 3.31524 ; 3.78683 ; -4.39199
3.76566 ; 3.01111 ; -4.33952 ; -4.26756
4.83559 ; 6.23172 ; -4.98395 ; 4.88301
6.76294 ; 3.44486 ; -5.42266 ; 4.86986
4.08283 ; 3.32094 ; -4.59844 ; -4.53156
4.99659 ; 4.88142 ; 5.22867 ; 5.45575
5.42545 ; 5.75151 ; 5.23093 ; 5.17057
7.53708 ; 3.12016 ; 4.43017 ; -4.35158
4.80584 ; 5.97865 ; 4.97851 ; 5.07248
2.49941 ; 8.18229 ; 0.412535 ; 0.277139
7.31061 ; 3.95687 ; 4.65558 ; -4.83915
7.40152 ; 7.01467 ; 4.5067 ; 4.33259
4.68471 ; 5.85952 ; -4.96436 ; 5.02277
3.91008 ; 6.74811 ; -4.4651 ; 4.50397
4.37591 ; 6.08393 ; -4.80241 ; 4.904
5.01859 ; 7.58377 ; 5.30353 ; 3.36503
6.90575 ; 5.68882 ; 4.91153 ; 5.07262
7.30001 ; 3.55828 ; 4.63457 ; -4.64904
7.18008 ; 6.45338 ; 4.70993 ; 4.727
4.59145 ; 6.45153 ; -4.86335 ; 4.75233
8.24576 ; 3.24697 ; 3.69807 ; -4.33223
5.95497 ; 4.19817 ; -5.1926 ; -5.09945
7.11658 ; 6.29786 ; 4.7613 ; 4.81365
4.48119 ; 5.91301 ; -4.86835 ; 4.98163
6.63937 ; 1.83258 ; 4.95465 ; -2.09636
4.71767 ; 5.62247 ; 4.97442 ; 5.26027
3.69853 ; 6.99793 ; -4.27047 ; 4.29209
3.90645 ; 7.19585 ; -4.39232 ; 4.14834
7.61471 ; 3.06713 ; 4.36591 ; -4.29995
7.55483 ; 6.78425 ; 4.43994 ; 4.48109
3.32869 ; 7.36638 ; -3.81897 ; 3.8431
7.6637 ; 2.92961 ; 4.29978 ; -4.18185
6.99069 ; 2.07641 ; 4.68635 ; -3.01245
7.10812 ; 3.87302 ; -4.43019 ; -4.93199
7.65568 ; 6.99424 ; 4.32427 ; 4.30722
7.34605 ; 6.51451 ; 4.6105 ; 4.6744
7.82748 ; 2.78971 ; 4.12097 ; -4.01452
7.16579 ; 3.40643 ; 4.68917 ; -4.58405
3.23711 ; 2.80875 ; -3.75133 ; -3.95912
3.23221 ; 2.73126 ; 3.07164 ; -3.60543
3.87875 ; 6.89083 ; -4.41957 ; 4.40568
6.59764 ; 2.20138 ; -5.69697 ; 1.91162
5.36594 ; 6.55842 ; -5.08431 ; 4.71363
4.81463 ; 4.58579 ; -5.09829 ; 5.15374
6.26211 ; 6.74698 ; 5.05699 ; 4.59367
4.28259 ; 5.97288 ; 4.52046 ; 5.08033
7.16638 ; 6.70994 ; 4.6879 ; 4.58247
7.45617 ; 3.09356 ; 4.47886 ; -4.34811
7.55862 ; 6.8853 ; 4.41908 ; 4.4094
7.13035 ; 6.37812 ; 4.74522 ; 4.7724
7.48005 ; 6.79487 ; 4.48987 ; 4.48692
7.83212 ; 3.93947 ; -3.2636 ; -4.96364
3.68664 ; 6.97432 ; -4.26725 ; 4.30648
6.34012 ; 5.76152 ; -5.08517 ; 5.18063
4.42004 ; 3.88239 ; -4.83496 ; -4.85534
4.46337 ; 6.4435 ; -4.80588 ; 4.7456
8.41563 ; 6.0838 ; -1.68524 ; 4.97638
6.88086 ; 3.84639 ; 4.87569 ; -4.83758
4.38166 ; 6.46328 ; -4.76424 ; 4.72656
6.66173 ; 3.77708 ; -4.82226 ; -4.87356
2.74786 ; 7.29218 ; -1.93006 ; -4.04719
6.35803 ; 7.92444 ; 5.08481 ; 3.03132
5.98264 ; 6.30312 ; 5.41713 ; -4.70207
7.76031 ; 5.93056 ; -3.29084 ; 5.10632
5.93671 ; 7.60342 ; 5.50241 ; -2.15826
5.15963 ; 7.07024 ; 5.66386 ; -3.73472
7.63473 ; 3.00878 ; 4.33963 ; -4.25251
3.29509 ; 3.90368 ; 2.6935 ; -4.93144
2.46108 ; 4.10184 ; -1.20263 ; -4.99337
7.22655 ; 6.71182 ; 4.65509 ; 4.57482
3.53403 ; 7.15114 ; -4.09915 ; 4.1261
7.61638 ; 2.97434 ; 4.34575 ; -4.22911
3.92303 ; 3.14533 ; -4.47589 ; -4.39507
3.4512 ; 7.28776 ; -3.73937 ; -3.38148
2.6759 ; 5.964 ; -2.68594 ; 4.9324
7.06676 ; 3.43212 ; 4.74307 ; -4.60969
3.83104 ; 7.94933 ; -4.1727 ; -1.43891
7.41463 ; 3.2621 ; 4.53229 ; -4.46637
3.5408 ; 7.17078 ; -4.10002 ; 4.11081
5.23452 ; 2.92056 ; 5.08645 ; -4.17097
5.87811 ; 4.6762 ; -5.28912 ; -5.26857
2.82855 ; 4.44516 ; 1.12253 ; -5.28167
7.36817 ; 3.37139 ; 4.57519 ; -4.53752
8.19644 ; 4.59141 ; 3.76531 ; -5.04871
2.83598 ; 4.62893 ; -3.11256 ; -5.1456
3.65746 ; 3.55008 ; -4.31951 ; -4.61302
7.71514 ; 2.89542 ; 4.24864 ; -4.14045
4.84665 ; 2.03434 ; 5.40557 ; -2.26419
6.4307 ; 5.98489 ; 5.20047 ; -4.85496
7.13614 ; 7.57677 ; 4.61429 ; 3.73144
5.02993 ; 3.57633 ; -5.04095 ; -4.74832
6.58406 ; 3.6295 ; -4.9926 ; -4.62718
4.03708 ; 6.72085 ; -4.54551 ; 4.54104
7.37359 ; 3.4027 ; 4.57589 ; -4.55424
3.85506 ; 3.16115 ; -4.43254 ; -4.39454
4.73503 ; 3.68043 ; -4.95231 ; -4.7893
4.79777 ; 3.56929 ; -4.96325 ; -4.73435
3.67119 ; 7.01425 ; -4.24747 ; 4.27357
7.83374 ; 7.20036 ; 4.12419 ; 4.08643
7.30943 ; 6.08594 ; 4.66683 ; 4.88723
6.13977 ; 5.02112 ; -5.28306 ; 5.40314
2.63735 ; 4.85093 ; 0.352604 ; 5.62452
7.58101 ; 3.03956 ; 4.3851 ; -4.28707
3.76858 ; 6.97463 ; -4.32818 ; 4.32419
8.8788 ; 4.10228 ; 1.86491 ; -4.95116
6.65402 ; 3.72637 ; 4.95577 ; -4.80259
2.46382 ; 5.96222 ; -1.55323 ; 4.9711
3.40681 ; 2.3873 ; -3.58107 ; 2.76924
7.00899 ; 7.61333 ; 4.69355 ; 3.68319
3.94556 ; 4.7516 ; -4.53829 ; 5.09749
4.87835 ; 3.65334 ; -5.00129 ; -4.78327
7.85541 ; 7.19445 ; 4.10474 ; 4.08696
7.1595 ; 6.64698 ; 4.69839 ; 4.62128
3.14958 ; 2.47785 ; -3.51951 ; -3.51456
4.1735 ; 6.44878 ; -4.658 ; 4.70809
5.79935 ; 5.5856 ; 5.25943 ; 5.21024
4.54588 ; 6.28061 ; -4.86283 ; 4.83586
8.34913 ; 3.7861 ; 3.57123 ; -4.69262
7.68901 ; 7.26094 ; 4.24408 ; 4.05426
6.48724 ; 7.23213 ; 5.19204 ; -3.02783
5.17037 ; 7.44249 ; -5.26763 ; -0.227534
8.12076 ; 6.058 ; 3.92817 ; 4.84812
3.59216 ; 7.15161 ; -4.14976 ; 4.13982
3.55139 ; 7.14138 ; -4.11661 ; 4.13899
7.59298 ; 6.90414 ; 4.39057 ; 4.3887
4.09862 ; 3.44484 ; -4.62223 ; -4.60298
2.99967 ; 6.04912 ; 1.90299 ; 5.00166
7.69778 ; 7.04171 ; 4.28093 ; 4.26052
3.84579 ; 3.21966 ; -4.43509 ; -4.43292
8.71764 ; 2.13116 ; 2.25726 ; -2.56628
3.51421 ; 2.79682 ; -4.06965 ; -4.01951
7.21934 ; 3.4425 ; 4.66649 ; -4.59669
6.88155 ; 5.72468 ; 4.91443 ; 4.95889
6.84944 ; 1.74869 ; 4.81028 ; -1.55901
3.89256 ; 6.8553 ; -4.43472 ; 4.43275
4.03712 ; 7.08593 ; -4.4926 ; -3.45986
4.14763 ; 6.51184 ; -4.63594 ; 4.67158
7.62947 ; 2.94747 ; 4.33016 ; -4.20425
5.38752 ; 6.40934 ; -5.10265 ; 4.80817
4.12732 ; 4.0495 ; -4.68433 ; -4.89479
7.19744 ; 3.01217 ; 4.62576 ; -4.31428
7.46925 ; 6.57688 ; 4.52557 ; 4.62498
3.62264 ; 3.45982 ; -4.28155 ; -4.55651
8.88113 ; 7.0906 ; -0.489451 ; 3.83027
6.90876 ; 3.28114 ; 4.8026 ; -4.53144
5.90274 ; 5.28503 ; 5.27837 ; 5.2823
3.29565 ; 2.31476 ; -3.66507 ; -3.30819
3.86211 ; 7.35526 ; -4.33475 ; 3.97151
7.69757 ; 8.32059 ; 3.96395 ; 1.32826
5.64793 ; 4.20995 ; -5.22368 ; -5.08973
8.66043 ; 2.07073 ; 2.38907 ; -2.45168
3.63592 ; 2.89179 ; -4.20538 ; -4.13812
7.64659 ; 2.99324 ; 4.32729 ; -4.23808
7.19348 ; 3.59283 ; 4.69762 ; -4.67961
3.66106 ; 7.07482 ; -4.2252 ; 4.22247
4.6507 ; 6.61388 ; 4.81225 ; 4.62786
7.79631 ; 7.99854 ; 3.83681 ; -1.42173
6.53096 ; 3.29961 ; 4.95733 ; -4.56118
6.96064 ; 6.63935 ; 4.80255 ; 4.64047
6.04592 ; 2.65852 ; 5.09099 ; -3.94576
7.42161 ; 3.18739 ; 4.51651 ; -4.41787
4.00353 ; 6.58535 ; -4.54568 ; 4.61194
7.40382 ; 6.80504 ; 4.53701 ; 4.49224
7.89315 ; 4.15998 ; 4.17748 ; -4.88156
5.69541 ; 7.91439 ; 5.34636 ; 2.89342
8.34606 ; 3.70015 ; 3.57369 ; -4.64526
8.92089 ; 7.19062 ; -0.300316 ; 3.69278
6.641 ; 2.24709 ; 4.89615 ; -3.35796
3.80915 ; 6.88642 ; -4.37318 ; 4.39593
7.50222 ; 6.81339 ; 4.47208 ; 4.47084
7.14956 ; 5.2507 ; -4.71627 ; -5.52733
4.51486 ; 6.6214 ; -4.80978 ; 4.64713
4.06165 ; 6.66777 ; -4.56771 ; 4.57447
4.32323 ; 4.45546 ; 4.58026 ; -5.27049
4.30914 ; 3.69041 ; -4.77823 ; 4.51776
5.33194 ; 1.89642 ; -5.41478 ; 0.225771
2.93645 ; 3.70132 ; -3.41226 ; -4.64729
7.44124 ; 6.82908 ; 4.50955 ; 4.47046
7.55369 ; 6.95865 ; 4.40874 ; 4.3547
4.52566 ; 3.39203 ; -4.83323 ; -4.61625
7.78671 ; 2.84049 ; 4.1719 ; -4.07335
3.61179 ; 2.87534 ; -4.18012 ; -4.11781
3.7789 ; 1.67779 ; -4.05075 ; -0.515195
4.32113 ; 2.53072 ; 5.47848 ; 3.22426
6.84595 ; 8.23741 ; 4.86717 ; 0.438069
6.73115 ; 3.78078 ; -4.78446 ; -4.87528
4.11334 ; 6.59609 ; -4.60627 ; 4.62144
4.02143 ; 3.63589 ; -4.59493 ; -4.69599
4.01274 ; 6.71451 ; -4.53271 ; 4.54102
4.79478 ; 2.01043 ; -4.94284 ; -2.83087
6.60705 ; 6.4719 ; -4.82779 ; 4.74248
3.82457 ; 1.93545 ; 5.04027 ; 0.37193
6.65973 ; 5.02995 ; 5.05095 ; -5.14113
4.34221 ; 6.38677 ; -4.75377 ; 4.76224
7.14706 ; 3.48899 ; 4.70975 ; -4.6311
4.22799 ; 7.01687 ; -4.62135 ; 4.34336
7.2718 ; 6.27641 ; 4.67687 ; 4.80496
7.41723 ; 6.72038 ; 4.5416 ; 4.54361
6.59389 ; 4.33057 ; 5.03658 ; -5.04669
7.38012 ; 6.59914 ; 4.58073 ; 4.62303
7.32996 ; 3.21481 ; 4.57504 ; -4.44926
7.66806 ; 6.97008 ; 4.3199 ; 4.32284
8.26169 ; 3.38841 ; 3.69042 ; -4.43566
2.86905 ; 1.71322 ; -2.40423 ; -0.884326
8.35985 ; 7.75615 ; -2.75464 ; -2.71916
5.21203 ; 6.3022 ; 5.11093 ; 4.87849
6.83015 ; 4.59048 ; 4.94898 ; -5.08017
3.6201 ; 7.0579 ; -4.19571 ; 4.22678
6.61273 ; 6.61206 ; 4.95669 ; 4.68073
4.38738 ; 8.12304 ; 5.479 ; 0.77847
7.04412 ; 3.35786 ; 4.74509 ; -4.56983
7.35472 ; 2.73609 ; 4.49344 ; -4.03999
6.7918 ; 4.48804 ; 4.99998 ; 5.11241
7.38486 ; 7.37208 ; 4.46494 ; 3.97658
6.51024 ; 6.20514 ; 5.02992 ; 4.91099
4.13305 ; 3.44523 ; -4.64068 ; -4.60738
3.91858 ; 6.74753 ; -4.47007 ; 4.50586
3.9836 ; 3.2781 ; -4.53537 ; -4.49187
8.27402 ; 3.29194 ; 3.66225 ; -4.36248
3.68709 ; 5.79481 ; -4.35112 ; 4.94889
4.15569 ; 3.67568 ; -4.67697 ; -4.73024
7.29248 ; 3.19921 ; 4.59336 ; -4.44394
5.19845 ; 6.16181 ; -5.09715 ; 4.93768
3.38537 ; 3.86189 ; 2.94922 ; -4.90334
6.1581 ; 5.83534 ; 5.16967 ; 5.09523
4.3264 ; 3.51428 ; -4.75048 ; -4.66655
8.72925 ; 1.86426 ; -1.68276 ; 0.587195
7.32539 ; 6.7868 ; -4.16161 ; 4.4147
3.53323 ; 2.8831 ; -4.10845 ; -4.10678
3.59341 ; 3.10099 ; -4.20857 ; -4.30384
7.48991 ; 6.75496 ; 4.48991 ; 4.51046
7.30403 ; 3.1531 ; 4.58094 ; -4.41186
5.45247 ; 5.02021 ; -5.30634 ; -5.26934
6.65484 ; 2.74785 ; 4.8933 ; -4.07445
4.90776 ; 3.405 ; 4.92113 ; -4.60024
6.87251 ; 4.99321 ; 4.94997 ; 5.18269
4.2512 ; 6.34864 ; -4.71183 ; 4.76968
7.6055 ; 3.04503 ; 4.36866 ; -4.28593
6.34073 ; 5.29077 ; 5.1719 ; 5.22778
7.20028 ; 3.36061 ; 4.66567 ; -4.55362
2.89406 ; 6.61803 ; -3.29988 ; 4.46271
3.66146 ; 8.32901 ; -3.91351 ; 0.761028
6.87397 ; 6.3877 ; 4.8679 ; 4.79487
3.76615 ; 6.81409 ; -4.35651 ; 4.43592
5.14654 ; 5.45901 ; -5.16729 ; 5.19366
3.89168 ; 3.15684 ; -4.45709 ; -4.39666
4.45633 ; 3.54731 ; -4.81812 ; -4.69782
4.65012 ; 8.09059 ; -4.85705 ; 2.5525
3.6682 ; 7.02812 ; -4.24187 ; 4.26259
7.398 ; 6.73498 ; 4.55103 ; 4.53759
5.11463 ; 6.31633 ; -5.06149 ; 4.85387
6.70059 ; 6.07263 ; 4.97201 ; 4.91233
7.76484 ; 1.88316 ; 3.9459 ; -2.38189
4.56911 ; 2.6664 ; -4.94639 ; 2.89161
5.40993 ; 5.29105 ; -5.32079 ; -5.2534
3.98773 ; 6.63217 ; -4.5301 ; 4.58348
6.78382 ; 5.82193 ; 4.95943 ; 5.04335
4.82924 ; 3.70952 ; 4.86397 ; -4.82526
6.74857 ; 5.4961 ; 4.99526 ; 5.13841
4.89431 ; 3.39133 ; -4.98211 ; -4.63364
3.86526 ; 3.00302 ; -4.41127 ; -4.279
7.08401 ; 2.77842 ; 4.66565 ; -4.10634
7.04047 ; 2.70697 ; 4.68426 ; -4.03205
8.43396 ; 3.39717 ; -1.77957 ; -4.45369
3.9458 ; 6.68257 ; -4.498 ; 4.5488
5.98274 ; 8.18639 ; 5.36492 ; 1.7172
5.80176 ; 4.17595 ; -5.21254 ; -5.08335
6.85961 ; 3.42215 ; 4.83896 ; -4.62309
3.78702 ; 6.87143 ; -4.36169 ; 4.40157
4.08017 ; 3.01249 ; -4.5554 ; -4.31648
3.46181 ; 7.05094 ; 3.42022 ; 4.0488
6.51435 ; 2.05501 ; 4.98914 ; -2.90228
6.24918 ; 7.00069 ; 5.05122 ; 4.38941
4.22087 ; 3.48068 ; -4.69243 ; -4.63705
4.47006 ; 8.12715 ; 5.52459 ; 0.822307
7.11244 ; 3.53047 ; 4.73169 ; -4.6573
3.79105 ; 6.86681 ; -4.36491 ; 4.40509
7.24533 ; 6.50162 ; 4.66955 ; 4.69366
4.68833 ; 3.59459 ; -4.92573 ; -4.74166
3.93786 ; 3.23165 ; -4.50004 ; -4.45555
7.25879 ; 3.86138 ; -4.87808 ; 5.426
7.88352 ; 6.4118 ; 4.19026 ; 4.67156
7.07311 ; 7.84281 ; 4.65332 ; 3.25825
7.0933 ; 6.21138 ; 4.78189 ; 4.85573
4.36103 ; 3.29091 ; -4.74272 ; -4.54139
5.25761 ; 4.92096 ; -4.88487 ; 5.26762
4.21313 ; 3.31659 ; -4.66818 ; -4.54377
7.63819 ; 3.07603 ; 4.34964 ; -4.30218
3.13791 ; 7.88111 ; -3.03875 ; -2.19173
3.0111 ; 6.15058 ; 1.98861 ; 4.92586
3.76967 ; 6.92212 ; -4.33999 ; 4.36368
4.07893 ; 6.6417 ; -4.58089 ; 4.59135
7.23294 ; 6.72922 ; 4.64948 ; 4.56365
4.8947 ; 6.37501 ; -4.99016 ; 4.81284
7.1472 ; 7.17066 ; -5.24153 ; -3.44045
3.53415 ; 3.56711 ; -4.20524 ; -4.61309
3.90227 ; 6.94081 ; 4.02449 ; 4.24157
7.7819 ; 4.13154 ; 4.26659 ; -4.90018
3.73622 ; 6.83642 ; -4.33108 ; 4.41614
4.76403 ; 3.4186 ; -4.93715 ; -4.64649
3.63031 ; 7.0933 ; -4.19581 ; 4.19992
3.88874 ; 3.04348 ; -4.43463 ; -4.31448
5.50822 ; 6.49385 ; -5.10613 ; 4.75636
8.73375 ; 7.40896 ; -1.43679 ; 3.32323
4.69122 ; 2.35862 ; -5.01843 ; 1.47121
7.60491 ; 4.9915 ; 4.42333 ; -5.06133
3.5041 ; 7.17868 ; -4.06419 ; 4.0941
7.08962 ; 4.96382 ; 4.82316 ; 5.15905
4.06656 ; 3.30574 ; -4.58763 ; -4.52069
3.91575 ; 3.11732 ; -4.4663 ; -4.37422
7.51221 ; 3.07627 ; 4.43879 ; -4.32621
6.64998 ; 1.85724 ; 4.94195 ; -2.22862
3.03209 ; 3.18766 ; -3.53189 ; -4.27165
4.38018 ; 3.76005 ; -4.80447 ; -4.79639
6.69797 ; 5.14201 ; 5.03514 ; 5.19983
4.60442 ; 8.04232 ; -4.8236 ; 2.72191
4.04324 ; 3.62484 ; -4.60717 ; -4.69255
8.4133 ; 3.17358 ; 3.41912 ; -4.24365
5.93607 ; 2.21487 ; 4.45668 ; -3.25114
4.08078 ; 3.11148 ; -4.56918 ; -4.39329
4.94613 ; 2.49389 ; -5.21234 ; 2.46627
8.74552 ; 7.58041 ; -1.46413 ; 2.95707
4.54723 ; 6.31494 ; -4.86023 ; 4.81367
3.82662 ; 3.16634 ; -4.41326 ; -4.39332
7.55765 ; 3.02469 ; 4.39774 ; -4.28048
6.26843 ; 7.9405 ; 5.14701 ; 2.93703
2.65491 ; 5.63213 ; 0.532195 ; 5.26542
3.50997 ; 6.18936 ; -4.18133 ; 4.77323
7.47238 ; 3.22533 ; 4.49008 ; -4.43449
6.52628 ; 4.03843 ; 5.03336 ; -4.95221
6.4521 ; 4.63441 ; 5.1148 ; -5.12422
7.41619 ; 6.77579 ; 4.53368 ; 4.50916
4.17881 ; 6.47952 ; -4.65329 ; 4.69332
3.53889 ; 2.81609 ; -4.09827 ; -4.04464
6.58356 ; 6.17306 ; 5.00796 ; 4.9214
4.53485 ; 2.60388 ; -4.7875 ; -3.92298
3.78693 ; 3.04787 ; -4.36332 ; -4.29962
7.48046 ; 3.2932 ; 4.49472 ; -4.47523
6.04526 ; 6.03325 ; 5.17266 ; 5.017
7.33592 ; 3.01746 ; 4.54374 ; -4.30558
3.51651 ; 6.59283 ; 3.19099 ; 4.5703
7.36324 ; 3.20439 ; 4.55437 ; -4.43813
4.14886 ; 6.57406 ; -4.62767 ; 4.63847
6.87841 ; 6.66772 ; 4.83825 ; 4.63095
7.68702 ; 7.01742 ; 4.2945 ; 4.28228
6.72546 ; 3.35508 ; 4.88958 ; -4.59033
6.99518 ; 6.64738 ; 4.78373 ; 4.63597
3.75826 ; 6.99006 ; -4.31777 ; 4.31061
8.75031 ; 3.67332 ; 1.511 ; 5.36948
4.49158 ; 2.86916 ; -4.77084 ; -4.21661
2.62118 ; 7.9832 ; -0.983558 ; -2.18533
6.62461 ; 5.00093 ; 5.07526 ; 5.21547
8.44296 ; 7.53035 ; 3.16549 ; 3.47328
2.43947 ; 6.09905 ; -1.29041 ; 4.88118
3.31248 ; 5.99191 ; -3.96223 ; 4.85708
7.40911 ; 7.11775 ; 4.48579 ; 4.2408
4.41651 ; 7.50922 ; -4.69514 ; 3.81727
7.06533 ; 3.81931 ; 4.78616 ; -4.80585
6.8922 ; 7.7256 ; 4.76715 ; 3.50022
6.40542 ; 5.14602 ; 5.15314 ; 5.23872
6.08469 ; 4.27812 ; -5.18714 ; -5.14204
6.38182 ; 5.62467 ; 5.12413 ; 5.147
3.81938 ; 3.07999 ; -4.39262 ; -4.32893
5.4929 ; 5.27533 ; 5.30588 ; 5.33002
7.23291 ; 4.23932 ; 4.71531 ; -4.94912
4.73596 ; 3.79576 ; -4.96249 ; -4.84499
5.30478 ; 3.7584 ; -5.1275 ; -4.85967
7.45525 ; 3.30145 ; 4.51214 ; -4.48397
3.05932 ; 5.92749 ; 2.09 ; 5.09399
4.92951 ; 4.07378 ; 5.01853 ; -5.05278
6.23942 ; 5.56609 ; 5.17721 ; 5.17882
4.42457 ; 3.5528 ; -4.80322 ; -4.69746
5.75171 ; 6.68664 ; 5.15257 ; 4.62674
8.0235 ; 3.38505 ; 4.00558 ; -4.46396
7.70245 ; 5.7599 ; -3.51794 ; 5.21689
4.89185 ; 5.68345 ; -5.05921 ; 5.10232
3.59863 ; 7.06281 ; -4.17666 ; 4.21766
5.98487 ; 4.30798 ; 5.20436 ; -5.10212
6.54599 ; 3.93579 ; 5.01655 ; -4.90821
4.04961 ; 6.54212 ; -4.57779 ; 4.64163
8.819 ; 5.20071 ; 0.489 ; -5.55177
7.47355 ; 6.39259 ; 4.53888 ; 4.72529
6.89291 ; 2.14244 ; -5.17939 ; -2.61111
5.52884 ; 6.33036 ; 5.17342 ; 4.86517
5.56445 ; 2.5006 ; 5.57895 ; 1.47084
4.29653 ; 3.42215 ; -4.72457 ; -4.61431
4.89842 ; 6.01624 ; -5.02853 ; 4.98446
4.04169 ; 7.12711 ; -4.4943 ; 4.2296
7.31672 ; 7.0712 ; 4.55406 ; 4.29391
3.69064 ; 6.98951 ; -4.267 ; 4.29615
3.63984 ; 7.02697 ; -4.21954 ; 4.25644
7.58506 ; 3.09942 ; 4.39322 ; -4.32842
7.49717 ; 3.08313 ; 4.44983 ; -4.33352
4.00877 ; 3.09354 ; -4.52263 ; -4.37106
4.11484 ; 4.08724 ; -4.67822 ; -4.90788
7.81948 ; 6.6513 ; 4.23204 ; 4.53026
7.62603 ; 7.6522 ; 4.12123 ; -2.33864
8.31204 ; 3.92536 ; -2.0703 ; -4.93516
4.34803 ; 6.09114 ; -4.78756 ; 4.89826
7.85656 ; 2.76716 ; 4.08695 ; -3.98461
4.9613 ; 5.9674 ; 5.05125 ; 5.07794
8.81824 ; 7.87842 ; -1.36156 ; 2.071
6.59462 ; 2.27762 ; -5.21557 ; -3.08124
4.61596 ; 3.95551 ; -4.92984 ; -4.90624
4.1187 ; 6.85959 ; -4.57527 ; 4.45825
7.46917 ; 6.40426 ; 4.54123 ; 4.7198
4.11618 ; 3.36825 ; -4.62254 ; -4.5629
7.54042 ; 2.7383 ; 4.3596 ; -4.01732
7.35865 ; 2.8613 ; 4.50872 ; -4.16609
3.67442 ; 6.96926 ; -4.25938 ; 4.30776
7.49489 ; 3.16823 ; 4.46672 ; -4.39283
8.43336 ; 5.93759 ; -1.91132 ; -5.6497
7.68725 ; 6.64861 ; 4.35225 ; 4.55088
8.94064 ; 6.34465 ; 1.56177 ; 4.68009
4.05233 ; 3.52322 ; -4.6041 ; -4.64016
4.36476 ; 7.34614 ; -4.67114 ; 4.02287
4.73557 ; 4.39165 ; -5.01601 ; -5.07037
3.71887 ; 5.50128 ; -2.0188 ; -5.3154
6.36677 ; 4.78615 ; 5.19726 ; 5.24681
2.63153 ; 2.8111 ; -2.56096 ; -3.76923
5.63848 ; 3.97409 ; -5.19033 ; -4.98277
3.89259 ; 2.93405 ; -4.41871 ; -4.22541
7.74072 ; 7.06699 ; 4.24038 ; 4.23044
6.58807 ; 3.30147 ; 4.93901 ; -4.56054
7.57516 ; 3.04518 ; 4.38957 ; -4.29154
3.87967 ; 6.74526 ; -4.4463 ; 4.49986
5.67931 ; 3.74378 ; -5.16015 ; -4.86
7.54276 ; 3.08737 ; 4.42034 ; -4.32829
8.35439 ; 3.44394 ; -2.02376 ; -4.50837
5.05445 ; 6.26458 ; -5.04924 ; 4.87889
4.70948 ; 5.92059 ; -4.9682 ; 5.00432
6.88109 ; 2.85458 ; 4.77874 ; -4.19049
2.50442 ; 4.39517 ; -1.89522 ; -5.13811
6.92269 ; 6.23669 ; 4.86278 ; 4.86329
8.43028 ; 3.0106 ; -1.8419 ; -4.00418
7.83767 ; 2.80316 ; 4.11453 ; -4.02504
8.27029 ; 2.52798 ; 3.04567 ; 3.39319
3.57228 ; 2.85054 ; -4.13804 ; -4.08565
3.46004 ; 2.7387 ; -3.99908 ; -3.94582
7.36546 ; 6.8141 ; 4.5594 ; 4.49141
4.15019 ; 3.3482 ; -4.63773 ; -4.55577
7.51689 ; 3.23106 ; 4.46249 ; -4.4314
6.86889 ; 2.28639 ; -5.08068 ; -3.02763
7.61159 ; 6.30358 ; 4.44342 ; 4.75656
4.77218 ; 5.85468 ; -4.99915 ; 5.03406
6.95871 ; 6.15795 ; 4.85364 ; 4.89445
6.58239 ; 4.45347 ; 5.05055 ; -5.08228
4.22283 ; 6.06955 ; -4.72338 ; 4.89151
7.75693 ; 7.14463 ; -3.69547 ; 3.92558
4.04888 ; 3.31923 ; -4.57988 ; -4.52594
7.5031 ; 6.78476 ; 4.47647 ; 4.48934
5.10237 ; 8.09731 ; 5.71385 ; -0.0352958
3.69611 ; 2.99799 ; -4.28056 ; -4.24258
3.85739 ; 7.21985 ; -4.35294 ; 4.11809
4.34037 ; 5.6039 ; -4.81118 ; 5.06282
2.58748 ; 5.03115 ; -2.07594 ; -5.37075
4.58866 ; 5.17811 ; -4.97487 ; -5.13445
3.973 ; 6.70614 ; -4.51084 ; 4.5397
7.39298 ; 1.93644 ; 4.35127 ; -2.62003
3.95557 ; 3.27429 ; -4.51764 ; -4.48534
4.17948 ; 6.39186 ; -4.66815 ; 4.73836
5.98408 ; 7.96187 ; -5.63012 ; -0.301033
6.45166 ; 2.80555 ; 5.21525 ; 3.29363
7.74261 ; 2.90308 ; 4.22673 ; -4.14117
7.52824 ; 3.11184 ; 4.43438 ; -4.34776
7.7839 ; 7.12813 ; 4.18791 ; 4.16676
7.27892 ; 6.58002 ; 4.64197 ; 4.64675
6.89585 ; 2.57826 ; -4.89117 ; -3.60774
4.78673 ; 8.197 ; -5.03831 ; 0.503075
6.18703 ; 3.45593 ; -5.03019 ; -4.6598
6.60407 ; 7.96037 ; 5.09064 ; -0.906026
6.95913 ; 6.05418 ; 4.8624 ; 4.93777
7.59096 ; 2.99476 ; 4.36851 ; -4.25085
3.56701 ; 7.11403 ; -4.13736 ; 4.16659
3.94941 ; 4.61316 ; -4.50253 ; 5.12994
7.22856 ; 6.47665 ; 4.68108 ; 4.70843
7.28406 ; 6.41387 ; 4.65669 ; 4.73485
2.38375 ; 2.72733 ; -1.28921 ; -3.53571
2.65246 ; 5.37105 ; 0.445259 ; 5.41179
8.93755 ; 7.33097 ; 1.63637 ; 3.54479
4.77262 ; 2.17593 ; -4.9124 ; -3.23642
2.66231 ; 6.0145 ; 0.551285 ; 5.0035
7.51964 ; 3.29809 ; 4.46931 ; -4.47256
8.80094 ; 3.74483 ; 2.44075 ; -4.67631
4.1256 ; 5.02565 ; 4.54582 ; -5.4996
3.5271 ; 7.17371 ; -4.08725 ; 4.1047
7.41757 ; 2.59215 ; 4.4285 ; -3.86536
7.39647 ; 2.3055 ; 4.39639 ; 2.21974
6.70841 ; 6.10391 ; 4.96723 ; 4.94227
3.68643 ; 2.95466 ; -4.26349 ; -4.20503
7.32832 ; 3.31656 ; 4.59047 ; -4.51178
3.25747 ; 4.53999 ; -3.88007 ; -5.04213
6.75048 ; 3.72668 ; 4.91865 ; -4.79486
4.55084 ; 4.08323 ; -4.91172 ; -4.94915
3.3337 ; 6.70043 ; -3.95693 ; 4.45127
6.88272 ; 1.95684 ; -5.60128 ; 0.534226
7.59231 ; 8.01383 ; -4.70964 ; 1.64543
3.58109 ; 7.19027 ; -4.13155 ; 4.10141
8.44552 ; 4.21367 ; -1.80897 ; 5.72919
4.1525 ; 6.08179 ; -4.68194 ; 4.87839
3.80481 ; 2.98479 ; -4.36414 ; -4.25391
6.99687 ; 7.05805 ; -5.39544 ; -4.13191
5.48143 ; 2.4817 ; -5.15814 ; -3.70204
7.31368 ; 3.39964 ; 4.6094 ; -4.56036
5.33328 ; 7.70304 ; -5.13149 ; 3.44093
5.53031 ; 2.74749 ; -5.16367 ; -4.04002
7.5693 ; 6.88238 ; 4.41232 ; 4.40931
6.41913 ; 1.97968 ; 5.06462 ; -2.63099
7.17861 ; 5.30923 ; 4.76874 ; 5.12859
4.76299 ; 3.53896 ; -4.94863 ; -4.71606
7.42347 ; 2.97526 ; 4.48201 ; -4.26076
4.1281 ; 8.28521 ; -4.46277 ; 0.690388
4.28493 ; 6.11305 ; -4.75315 ; 4.88192
7.73875 ; 7.04479 ; -2.23433 ; -4.2406
6.91064 ; 5.3507 ; -5.00531 ; -5.49534
7.04384 ; 3.41248 ; 4.75173 ; -4.60125
7.09962 ; 6.54605 ; 4.74176 ; 4.68584
4.40634 ; 4.35422 ; 4.21421 ; -5.19894
4.41476 ; 3.28651 ; -4.76862 ; -4.54273
2.59849 ; 6.9766 ; -2.51067 ; 4.0774
3.3617 ; 3.39718 ; -4.00735 ; -4.4819
5.37898 ; 5.01692 ; -5.27767 ; 5.2912
7.49572 ; 3.23014 ; 4.47579 ; -4.434
4.86214 ; 6.15548 ; -5.00165 ; 4.9205
3.65826 ; 6.83765 ; -4.26831 ; 4.40251
3.92423 ; 6.62412 ; -4.49254 ; 4.57872
7.49884 ; 7.06754 ; 4.43019 ; 4.27345
8.41866 ; 3.23093 ; 3.41814 ; -4.29081
7.5126 ; 3.03828 ; 4.43156 ; -4.29847
3.58106 ; 7.1165 ; -4.14842 ; 4.16776
7.65544 ; 2.93679 ; 4.30769 ; -4.1895
5.42341 ; 8.1557 ; -5.30905 ; 1.88422
8.90706 ; 2.45569 ; 1.70849 ; -3.13659
6.96202 ; 8.22256 ; 4.72972 ; 2.02628
7.32301 ; 6.67189 ; 4.60533 ; 4.58767
3.8719 ; 6.76751 ; -4.43731 ; 4.48497
8.06496 ; 4.73663 ; 3.93821 ; -5.069
7.8686 ; 5.56726 ; 4.21108 ; 5.04483
3.76747 ; 6.90879 ; -4.34112 ; 4.3723
3.58177 ; 7.12345 ; -4.14735 ; 4.16246
4.21404 ; 6.70258 ; -4.64686 ; 4.5717
4.11034 ; 3.27648 ; -4.60764 ; -4.50832
7.05011 ; 4.08703 ; 4.81184 ; -4.91736
6.11561 ; 5.55821 ; 5.20914 ; 5.1893
4.40006 ; 4.89586 ; -4.86406 ; -5.1163
2.94143 ; 7.83257 ; -3.01715 ; 2.88397
3.52833 ; 3.08383 ; -4.14341 ; -4.27819
4.35648 ; 8.12333 ; -4.64629 ; 2.47601
3.79481 ; 3.07044 ; -4.37342 ; -4.31751
7.29092 ; 3.48037 ; 4.63193 ; -4.60799
6.05679 ; 4.21386 ; 5.18016 ; -5.06348
6.99442 ; 3.63229 ; 4.80178 ; -4.72417
7.19813 ; 6.23892 ; 4.7226 ; 4.83107
4.12739 ; 3.09049 ; -4.59371 ; -4.38273
8.76794 ; 1.85399 ; -1.46777 ; 0.457349
2.59902 ; 3.51859 ; -2.58174 ; -4.49811
7.41505 ; 6.49309 ; 4.56982 ; 4.67793
5.93439 ; 6.03376 ; -5.1494 ; 5.02871
6.38769 ; 1.7797 ; 5.17678 ; -0.910475
7.62885 ; 3.01004 ; 4.34382 ; -4.25464
3.98231 ; 7.16525 ; -4.44962 ; 4.18725
7.37156 ; 6.93095 ; 4.53889 ; 4.40481
6.9994 ; 4.33999 ; 4.85132 ; -5.00199
3.7387 ; 3.45479 ; -4.37902 ; -4.55412
6.73817 ; 4.0784 ; 4.957 ; -4.94478
7.37068 ; 3.20942 ; 4.55115 ; -4.43992
6.85818 ; 6.30283 ; 4.8851 ; 4.83824
7.45687 ; 8.27762 ; 4.26018 ; 1.76085
3.7839 ; 6.87937 ; -4.35819 ; 4.39603
4.25343 ; 3.64294 ; -4.72704 ; -4.72509
5.68277 ; 3.92825 ; 5.16579 ; -4.95333
3.55021 ; 2.94994 ; -4.1392 ; -4.17078
7.48088 ; 3.98622 ; 4.54113 ; -4.83455
8.14848 ; 6.4932 ; 3.87598 ; 4.59203
6.36414 ; 8.18954 ; 5.18724 ; 1.44161
3.40993 ; 5.3598 ; -3.99117 ; -5.11595
7.0188 ; 3.99568 ; 4.82261 ; -4.88464
7.8336 ; 2.26701 ; 3.97854 ; -3.29872
5.19628 ; 1.89236 ; 5.5478 ; -1.60825
6.66366 ; 3.5254 ; 4.93145 ; -4.69584
4.81771 ; 2.59259 ; 5.06341 ; -3.6722
3.07124 ; 6.52783 ; -3.61723 ; 4.54181
3.54255 ; 7.15651 ; -4.10498 ; 4.12367
6.73983 ; 4.52149 ; 4.98768 ; -5.07966
3.6823 ; 6.73329 ; -4.302 ; 4.47649
4.02098 ; 3.21146 ; -4.54776 ; -4.45478
7.13047 ; 5.32018 ; 4.79818 ; 5.13224
3.97226 ; 6.6521 ; -4.51823 ; 4.57013
7.07257 ; 7.1858 ; 4.69024 ; 4.20652
3.3962 ; 5.66075 ; 3.01883 ; 5.27363
4.02933 ; 3.14772 ; -4.54347 ; -4.41299
4.3801 ; 4.87056 ; -4.85252 ; -5.11407
3.78211 ; 3.2516 ; -4.39216 ; -4.4447
8.49631 ; 2.33038 ; 2.98425 ; -3.14932
5.82977 ; 2.21009 ; -5.65174 ; 1.7496
3.94644 ; 3.19712 ; -4.49989 ; -4.43438
7.73938 ; 2.91208 ; 4.23138 ; -4.14924
7.29692 ; 3.21347 ; 4.4584 ; 4.17562
6.95603 ; 6.14963 ; 4.85548 ; 4.89789
3.92296 ; 6.81455 ; -4.46114 ; 4.4643
7.75454 ; 7.10642 ; 4.21923 ; 4.19338
6.79521 ; 3.01413 ; -5.52149 ; 4.28328
4.68057 ; 3.49533 ; -4.91183 ; -4.68705
6.81968 ; 8.26625 ; 4.87817 ; 0.805545
7.46162 ; 3.86408 ; 4.55008 ; -4.78486
3.94186 ; 5.30794 ; -4.54916 ; 5.1018
4.3759 ; 6.53837 ; -4.75205 ; 4.68488
6.978 ; 4.30406 ; 4.86064 ; -4.99399
8.94994 ; 6.26578 ; 0.957259 ; 4.75998
8.22002 ; 3.72514 ; -2.37205 ; -4.77855
7.06481 ; 3.46999 ; 4.74847 ; -4.63052
8.13974 ; 7.59647 ; 3.30331 ; -2.72202
2.59292 ; 8.25549 ; -1.09796 ; -0.321434
4.06532 ; 2.79386 ; -4.51574 ; -4.11386
4.69974 ; 5.93804 ; -4.96298 ; 4.99734
4.54307 ; 6.0071 ; -4.88882 ; 4.9537
6.2962 ; 3.58332 ; 5.05515 ; -4.74424
8.39334 ; 6.97845 ; 3.43743 ; 4.16336
5.76404 ; 5.35616 ; 5.34684 ; -5.27196
3.86357 ; 6.83086 ; -4.42109 ; 4.44324
6.11281 ; 1.84781 ; -5.58552 ; -1.32339
7.28203 ; 6.3162 ; 4.61999 ; -4.47277
7.40067 ; 3.32512 ; 4.54996 ; -4.50636
6.97703 ; 5.39439 ; 4.88153 ; -5.04298
6.37844 ; 3.76105 ; 5.05044 ; -4.83779
4.55475 ; 4.0428 ; -4.91068 ; -4.93364
6.37014 ; 3.93611 ; 5.07148 ; -4.92182
6.95118 ; 5.78467 ; -4.65124 ; 5.19045
3.97218 ; 5.78454 ; -4.57761 ; 4.97396
4.10041 ; 6.662 ; -4.58926 ; 4.58357
5.42663 ; 6.30733 ; 5.15755 ; 4.87841
8.12726 ; 2.66944 ; 3.74403 ; -3.80119
5.44955 ; 3.10044 ; -5.09378 ; -4.41255
6.48665 ; 4.45086 ; 5.16103 ; 5.15705
3.99108 ; 6.53827 ; -4.54392 ; 4.63578
7.02267 ; 6.54397 ; 4.78126 ; 4.69486
4.59809 ; 4.05561 ; -4.92968 ; -4.93519
5.02728 ; 4.71448 ; -5.12821 ; -5.17612
7.13698 ; 3.9546 ; 4.75827 ; -4.8565
4.00967 ; 6.6942 ; -4.53401 ; 4.55187
4.03926 ; 3.28903 ; -4.57018 ; -4.50698
7.21117 ; 4.09973 ; 4.7237 ; -4.90393
8.80425 ; 8.19256 ; 0.562727 ; -0.798869
5.22493 ; 6.06685 ; -5.11445 ; 4.98429
6.88371 ; 5.35543 ; 4.93765 ; -5.0562
7.17274 ; 6.57826 ; 4.69952 ; 4.65968
2.79134 ; 3.90319 ; -2.45474 ; 5.27166
4.41615 ; 4.25596 ; -4.85564 ; -4.99548
3.67035 ; 3.00188 ; -4.25977 ; -4.24043
4.07211 ; 6.68786 ; -4.57012 ; 4.56538
3.89608 ; 2.95738 ; -4.425 ; -4.24582
2.87578 ; 4.8685 ; 1.42491 ; 5.6343
7.29197 ; 6.83749 ; 4.60092 ; 4.48415
5.7393 ; 5.43167 ; -5.40415 ; -5.29244
3.67858 ; 7.01185 ; -4.25311 ; 4.27705
6.90962 ; 6.40821 ; 4.85108 ; 4.78103
7.17396 ; 6.63755 ; 4.69226 ; 4.62518
5.29795 ; 2.63097 ; 5.13049 ; -3.81746
6.92318 ; 4.13619 ; 4.87875 ; -4.94738
3.65252 ; 2.46392 ; -3.97713 ; 2.78504
7.40489 ; 3.15418 ; 4.52122 ; -4.39847
7.31224 ; 3.22392 ; 4.58574 ; -4.45713
5.39543 ; 3.83023 ; -5.15346 ; -4.89663
6.58923 ; 6.24501 ; 4.99913 ; 4.88741
3.78269 ; 7.002 ; -4.33291 ; 4.3059
3.88938 ; 6.80908 ; -4.44108 ; 4.46177
7.17471 ; 3.4169 ; 4.68641 ; -4.58832
4.58173 ; 4.5697 ; -4.97304 ; 5.10075
3.8836 ; 6.82642 ; -4.43438 ; 4.44971
4.05979 ; 6.67379 ; -4.56593 ; 4.57132
8.8988 ; 4.27564 ; 1.42926 ; -5.08395
3.86317 ; 6.7741 ; -4.43092 ; 4.47953
7.48735 ; 7.32771 ; 4.32862 ; -2.9945
3.88199 ; 2.64602 ; -4.36005 ; -3.92756
4.28717 ; 4.70739 ; -4.79448 ; -5.07811
4.23826 ; 3.43729 ; -4.69634 ; -4.61654
7.27093 ; 3.34023 ; 4.62498 ; -4.53339
4.09431 ; 3.45657 ; -4.62142 ; -4.60833
7.36096 ; 3.32375 ; 4.57314 ; -4.51147
6.76423 ; 5.61436 ; 4.98136 ; 5.10611
4.0199 ; 3.20999 ; -4.54724 ; -4.45417
3.8659 ; 8.22415 ; -4.18421 ; -0.08391
3.37692 ; 2.78938 ; -3.91967 ; -3.97687
5.25623 ; 6.85113 ; -5.08768 ; 4.45841
5.96153 ; 4.97052 ; -5.33337 ; -5.33855
2.63046 ; 1.75287 ; -1.5069 ; -0.664023
3.81609 ; 6.85919 ; -4.38302 ; 4.41515
4.85727 ; 8.20063 ; -5.08756 ; 0.437015
4.27014 ; 3.48235 ; -4.71804 ; -4.64359
3.73033 ; 4.08308 ; -4.3999 ; -4.87807
7.94159 ; 7.71172 ; -4.13995 ; -2.67051
4.11412 ; 6.64419 ; -4.59915 ; 4.59516
4.41608 ; 2.14568 ; -4.69298 ; -3.19072
3.74205 ; 7.12443 ; -4.28024 ; 4.1935
3.43945 ; 7.25823 ; -3.9765 ; 3.99715
6.88295 ; 3.73587 ; 4.86378 ; -4.78712
8.53587 ; 7.69544 ; -2.23737 ; -1.72234
4.12964 ; 3.22768 ; -4.61196 ; -4.47931
5.91395 ; 3.98367 ; 5.17068 ; -4.97232
5.89965 ; 4.07192 ; -5.19102 ; -5.04008
6.2636 ; 4.61923 ; 5.17721 ; -5.16031
4.90339 ; 6.49494 ; -4.97996 ; 4.74502
8.35836 ; 5.54083 ; -1.80637 ; 5.34638
4.14476 ; 3.52311 ; -4.65631 ; -4.65048
6.5269 ; 4.29225 ; 5.14565 ; 5.06935
7.07103 ; 6.20118 ; 4.79401 ; 4.86262
7.30936 ; 3.38242 ; 4.60921 ; -4.55181
4.91161 ; 7.12483 ; -5.18356 ; -3.30726
7.01854 ; 5.66754 ; -4.57343 ; 5.25269
7.62395 ; 7.3955 ; 4.27314 ; 3.91365
6.46519 ; 5.656 ; 5.09818 ; 5.12965
4.02577 ; 3.80559 ; -4.60844 ; -4.78006
7.12368 ; 2.91677 ; 4.65715 ; -4.23801
3.92516 ; 6.71727 ; -4.47969 ; 4.52501
6.92268 ; 4.97113 ; 4.92249 ; 5.17342
2.67948 ; 1.83834 ; 0.133183 ; 0.820504
3.27265 ; 3.20093 ; -3.87528 ; -4.32431
6.96506 ; 4.58854 ; 4.87942 ; -5.06291
3.82512 ; 3.06114 ; -4.39309 ; -4.31655
3.91733 ; 3.06253 ; -4.45752 ; -4.33372
7.62101 ; 6.99144 ; 4.35176 ; 4.31665
7.38748 ; 2.18099 ; 4.39026 ; -3.22391
7.50916 ; 6.87894 ; 4.45545 ; 4.42339
7.89245 ; 2.74741 ; 4.04508 ; -3.95491
6.51584 ; 3.80695 ; -4.9384 ; -4.8955
6.3551 ; 3.5879 ; 5.03838 ; -4.74582
4.46946 ; 6.12896 ; -4.84347 ; 4.89653
6.67156 ; 5.14313 ; -5.13296 ; -5.45688
7.14249 ; 6.20245 ; 4.75665 ; 4.85393
7.4702 ; 6.35327 ; 4.54417 ; 4.74469
7.7387 ; 5.49501 ; -3.54458 ; 5.36797
8.44711 ; 2.08097 ; 2.94582 ; -2.63877
4.13854 ; 5.56892 ; -4.69225 ; 5.02727
7.92046 ; 7.23679 ; 4.02626 ; 4.02723
3.48655 ; 6.03775 ; -4.15942 ; 4.84232
4.21196 ; 3.06742 ; -4.63947 ; -4.37283
6.07513 ; 6.08032 ; -5.11203 ; 5.00683
5.33892 ; 3.86749 ; -5.1454 ; -4.91685
7.13577 ; 6.69959 ; 4.70504 ; 4.59165
3.82216 ; 6.77334 ; -4.40312 ; 4.47258
7.32708 ; 6.76575 ; 4.5897 ; 4.52828
3.79826 ; 6.93421 ; -4.35714 ; 4.36071
7.26063 ; 7.61633 ; 4.52337 ; 3.66398
4.63017 ; 6.17603 ; 4.79817 ; 4.9519
8.72692 ; 6.79374 ; 1.35098 ; -4.87279
4.97819 ; 6.50187 ; 5.01107 ; 4.73251
8.98123 ; 6.8275 ; 0.615994 ; 4.18803
6.77913 ; 5.86238 ; 4.95864 ; 5.03002
6.56183 ; 3.53601 ; 4.96915 ; -4.70736
6.49152 ; 5.44651 ; 5.14798 ; -5.10879
4.68256 ; 7.82928 ; -5.0069 ; -1.47533
6.98744 ; 3.50837 ; 4.79033 ; -4.65989
6.63128 ; 5.91275 ; 5.0137 ; 5.02634
7.64262 ; 6.94515 ; 4.34471 ; 4.34721
5.45492 ; 4.12949 ; -5.19514 ; -5.04441
7.70048 ; 7.01139 ; 4.28534 ; 4.28384
8.74148 ; 3.96786 ; 2.61674 ; -4.83137
6.4605 ; 6.23824 ; 5.04328 ; 4.89781
6.66819 ; 5.80906 ; 5.00824 ; 5.05745
7.42239 ; 5.96958 ; 4.59782 ; 4.92409
8.78022 ; 5.95037 ; 2.49361 ; 4.95182
7.62225 ; 6.94902 ; 4.35921 ; 4.34845
7.26828 ; 2.91394 ; 4.57238 ; -4.2239
7.32657 ; 3.23322 ; 4.57955 ; -4.4608
7.1972 ; 3.57972 ; 4.69439 ; -4.67285
6.94915 ; 6.85265 ; 4.78217 ; 4.49942
2.36977 ; 3.15067 ; -0.861686 ; -4.10043
6.91832 ; 6.30972 ; 4.85768 ; 4.82981
3.31118 ; 8.27518 ; -3.39252 ; 0.450405
4.53423 ; 3.87029 ; -4.94435 ; 4.71438
3.5488 ; 6.4149 ; 3.35432 ; 4.73482
3.60327 ; 7.08461 ; -4.17538 ; 4.20083
5.67892 ; 4.3716 ; -5.24651 ; -5.15447
4.33454 ; 4.23145 ; -4.8114 ; -4.97971
6.74792 ; 5.4075 ; 5.01616 ; -5.07392
3.02093 ; 7.71311 ; -3.23499 ; 3.20897
3.09867 ; 4.09208 ; 2.17424 ; -5.06442
7.32714 ; 8.086 ; -5.13458 ; 0.995942
7.51806 ; 6.83288 ; 4.45792 ; 4.45468
6.53891 ; 5.71832 ; 5.13572 ; -4.99414
7.05073 ; 6.27448 ; 4.79717 ; 4.83235
7.45659 ; 6.76218 ; 4.5102 ; 4.5114
4.54477 ; 3.18288 ; -4.81328 ; -4.47859
3.91814 ; 6.6489 ; -4.48571 ; 4.56401
4.3976 ; 3.42293 ; -4.7756 ; -4.62372
7.6237 ; 2.86989 ; 4.19536 ; 3.60119
7.70576 ; 7.05134 ; 4.27293 ; 4.25121
7.45366 ; 6.78225 ; 4.50892 ; 4.49933
7.58339 ; 6.08122 ; 4.35479 ; -4.69096
7.31107 ; 3.1687 ; 4.57915 ; -4.42147
5.8362 ; 6.12859 ; -5.14941 ; 4.9761
3.80634 ; 6.92324 ; -4.36458 ; 4.36979
2.91482 ; 3.19857 ; -3.32988 ; -4.25902
4.3048 ; 2.79771 ; -4.73322 ; 3.09904
4.96053 ; 2.96759 ; 5.6585 ; 4.0595
6.45022 ; 6.34088 ; 5.03724 ; 4.84544
3.50063 ; 7.21753 ; -4.05057 ; 4.05558
3.50157 ; 2.75576 ; -4.04668 ; -3.97465
7.51115 ; 3.24216 ; 4.46768 ; -4.43893
7.51219 ; 3.26575 ; 4.47021 ; -4.45354
5.54582 ; 4.17461 ; -5.21326 ; -5.06789
4.06892 ; 3.4112 ; -4.60254 ; -4.58104
3.71969 ; 6.95885 ; -4.29554 ; 4.32557
7.8765 ; 8.29185 ; 3.73328 ; 1.57985
7.26619 ; 6.51793 ; 4.65633 ; 4.68244
4.4491 ; 3.84717 ; -4.84297 ; -4.84364
7.7543 ; 7.08776 ; 4.22386 ; 4.20956
5.78493 ; 5.88499 ; 5.22219 ; 5.0958
6.8943 ; 5.82841 ; 4.90758 ; 5.03085
7.31895 ; 3.29699 ; 4.59281 ; -4.50189
7.0721 ; 6.73252 ; -5.24287 ; -4.65925
4.25026 ; 3.28814 ; -4.68453 ; -4.53004
3.81934 ; 6.91998 ; -4.37362 ; 4.37447
4.18947 ; 3.6327 ; -4.69177 ; -4.71265
7.40398 ; 3.0165 ; 4.50064 ; -4.29678
6.3613 ; 3.65775 ; 5.04351 ; -4.78406
4.97289 ; 6.07763 ; -5.19939 ; -4.77773
5.24127 ; 5.70784 ; 5.20556 ; 5.19858
7.31015 ; 6.21776 ; 4.6583 ; 4.82818
6.44683 ; 4.34838 ; 5.18337 ; 5.12318
7.85792 ; 5.0498 ; -3.08345 ; 5.55196
5.84023 ; 5.25013 ; -5.38265 ; -5.31642
6.62819 ; 8.20553 ; 5.04323 ; 0.312731
2.67232 ; 4.70015 ; 0.156775 ; -5.39812
6.27609 ; 1.97885 ; 5.29123 ; 0.455437
2.88703 ; 8.03514 ; 2.33921 ; -1.38748
3.72325 ; 6.6495 ; -4.3447 ; 4.53642
5.09421 ; 5.47456 ; 5.21529 ; 5.14227
3.63648 ; 6.52121 ; -4.28352 ; 4.60382
8.48846 ; 7.20316 ; -2.10086 ; 3.72436
