3.85053 ; 1.7996 ; -3.98579 ; -2.00332
3.92154 ; 7.43681 ; -4.14538 ; 3.6223
4.16765 ; 6.69566 ; -4.44471 ; 4.35863
8.13833 ; 7.44045 ; 3.49648 ; 3.49957
2.88925 ; 2.39953 ; -2.83771 ; -3.04849
8.12208 ; 7.48335 ; 3.50139 ; 3.45271
3.52304 ; 2.71498 ; -3.82949 ; -3.67636
3.17481 ; 7.83018 ; -3.22158 ; 2.8531
5.84929 ; 6.99378 ; -5.08681 ; 4.1343
3.84746 ; 3.0043 ; -4.17449 ; -4.01539
4.21597 ; 2.13578 ; -4.37341 ; -2.90478
8.77644 ; 2.45447 ; 2.19222 ; -2.99143
6.2717 ; 2.92309 ; 5.26008 ; 4.10092
2.48661 ; 6.63595 ; 1.25707 ; 4.266
8.22748 ; 5.16778 ; -3.13749 ; 5.54533
8.99582 ; 3.60256 ; 1.5089 ; -4.38157
7.09201 ; 5.19106 ; 4.65401 ; 5.14076
3.81588 ; 3.64946 ; -4.22554 ; -4.50946
3.36285 ; 2.27457 ; -3.52652 ; -3.02564
2.29884 ; 3.68616 ; -0.636171 ; -4.50647
3.29992 ; 2.55999 ; -3.53924 ; -3.43525
7.99539 ; 2.68682 ; 3.68892 ; -3.59452
3.77463 ; 2.99322 ; -4.11175 ; -3.99424
8.69457 ; 2.69885 ; 2.51805 ; -3.403
6.58447 ; 3.4671 ; 4.84262 ; -4.47107
6.59653 ; 7.24936 ; -4.99647 ; 3.75652
2.78643 ; 7.07621 ; -2.79625 ; 3.78509
2.91929 ; 7.2505 ; -3.01525 ; 3.61549
8.22486 ; 7.55851 ; 3.33938 ; 3.31443
8.84991 ; 1.64896 ; 0.723876 ; 0.441013
4.19925 ; 3.03706 ; -4.4518 ; -4.08771
3.36702 ; 6.41512 ; -3.76295 ; 4.45641
4.0994 ; 3.23141 ; -4.40458 ; -4.24001
3.70844 ; 8.29986 ; -3.78917 ; 1.67139
6.64403 ; 5.69065 ; 4.91032 ; 5.02625
3.68431 ; 7.01468 ; -4.00842 ; 4.02489
5.42517 ; 5.1453 ; 5.35407 ; 5.36047
7.29501 ; 6.71502 ; 4.41946 ; 4.35761
7.64718 ; 2.86072 ; 4.05684 ; -3.85141
3.97609 ; 7.99536 ; 5.14709 ; 1.80712
7.97671 ; 7.7146 ; 3.61033 ; 3.14994
7.67171 ; 2.89627 ; 4.04239 ; -3.87999
8.66174 ; 7.74507 ; 2.41251 ; 2.79149
7.81721 ; 6.4386 ; 4.01464 ; 4.49031
7.6997 ; 2.36214 ; 3.91651 ; -3.23554
7.32781 ; 6.61104 ; 4.40788 ; 4.43017
3.35477 ; 7.28682 ; -3.62869 ; 3.68993
7.26716 ; 6.73274 ; 4.43681 ; 4.34634
6.44457 ; 4.6547 ; 5.08255 ; 5.27121
3.25903 ; 7.45514 ; -3.46753 ; 3.47263
7.15051 ; 6.34397 ; 4.55673 ; 4.63104
3.26357 ; 7.42671 ; -3.48287 ; 3.50725
7.70775 ; 6.96814 ; 4.05415 ; 4.09128
8.00906 ; 2.63649 ; 3.65947 ; -3.53523
2.73538 ; 1.61962 ; -1.51774 ; 1.07178
7.41846 ; 2.58586 ; 4.20553 ; -3.58048
3.52702 ; 7.31102 ; -3.79976 ; 3.71023
7.4689 ; 2.94987 ; 4.21941 ; -3.96246
3.4435 ; 7.28926 ; -3.72072 ; 3.71351
4.05331 ; 3.23369 ; -4.37119 ; -4.23656
2.49465 ; 7.38661 ; -1.91618 ; 3.28579
7.911 ; 7.20288 ; 3.8195 ; 3.8305
7.62175 ; 2.88244 ; 4.08206 ; -3.87611
6.59078 ; 6.453 ; -4.98405 ; 4.61688
3.1162 ; 2.36321 ; -3.21567 ; -3.08907
3.39415 ; 3.21163 ; 3.55497 ; -4.11893
3.97266 ; 6.54493 ; -4.32033 ; 4.4441
3.78709 ; 7.01274 ; -4.09731 ; 4.04642
7.24246 ; 6.77462 ; 4.44884 ; 4.31833
7.46611 ; 2.00561 ; 4.08752 ; -2.58188
7.22928 ; 6.38646 ; -4.53509 ; 4.65928
2.47684 ; 5.6794 ; 0.726517 ; 5.15571
3.65569 ; 7.05751 ; -3.97461 ; 3.98162
3.76633 ; 1.85548 ; 5.33983 ; 0.690222
7.07118 ; 4.56612 ; 4.65502 ; -4.98184
3.37154 ; 2.62135 ; -3.64309 ; -3.53116
3.77831 ; 6.57023 ; -4.15975 ; 4.39841
4.34023 ; 6.36508 ; -4.59938 ; 4.60833
3.62327 ; 6.80856 ; -3.99006 ; 4.18917
3.65395 ; 3.82471 ; -4.08884 ; -4.60661
3.93528 ; 1.67454 ; -4.0699 ; -1.46274
3.64562 ; 2.76325 ; -3.95686 ; -3.7538
7.27064 ; 3.14605 ; 4.39932 ; -4.16061
7.70188 ; 7.06174 ; 4.04395 ; 4.00958
3.65949 ; 2.95442 ; -4.00513 ; -3.93931
8.17667 ; 5.73076 ; -3.10018 ; 5.1848
4.24127 ; 2.98123 ; -4.47386 ; -4.04177
5.57322 ; 3.79003 ; -5.14447 ; -4.72199
5.47184 ; 2.24963 ; -5.12514 ; -3.02219
8.01489 ; 2.61235 ; 3.64592 ; -3.50708
7.64259 ; 2.81069 ; 4.05126 ; -3.80343
6.7919 ; 3.38482 ; 4.81276 ; 4.66606
3.76775 ; 6.5641 ; -4.15164 ; 4.40069
3.20705 ; 7.23487 ; -3.46505 ; 3.70846
8.67304 ; 7.47844 ; 2.52565 ; 3.25109
3.32938 ; 2.58892 ; -3.58469 ; -3.47971
4.94962 ; 7.86875 ; 5.8522 ; -2.4471
7.10641 ; 7.39068 ; 4.47627 ; 3.72793
9.06554 ; 6.57383 ; 1.0711 ; 4.30136
3.54993 ; 2.93459 ; -3.903 ; -3.90111
7.89766 ; 2.67417 ; 3.78557 ; -3.60735
3.75996 ; 7.07762 ; -4.06192 ; 3.98386
8.98847 ; 6.31301 ; 1.51648 ; 4.56093
4.7922 ; 8.27375 ; -4.85617 ; 1.56056
6.89403 ; 6.87546 ; 4.80378 ; -4.15976
7.83213 ; 7.22557 ; 3.89139 ; 3.82639
8.32578 ; 2.59984 ; -3.12969 ; -3.12401
7.62771 ; 3.90603 ; 4.19574 ; -4.64321
4.01532 ; 6.30325 ; -4.3554 ; -4.7663
4.20837 ; 6.4086 ; -4.54085 ; -4.66313
5.39949 ; 3.72546 ; -5.11954 ; -4.59395
3.63079 ; 4.38713 ; 4.04674 ; -5.2069
3.7299 ; 3.36937 ; -4.12639 ; -4.29819
3.91883 ; 6.3037 ; -4.30272 ; 4.59664
2.28592 ; 3.39008 ; -0.796758 ; -4.18724
4.09317 ; 3.46075 ; -4.42673 ; -4.41246
3.54432 ; 7.19339 ; -3.84474 ; 3.83497
7.58073 ; 5.59262 ; 4.2607 ; 4.97491
3.63099 ; 8.02767 ; -3.75307 ; 2.55844
7.45708 ; 4.23649 ; 4.3546 ; -4.829
3.95399 ; 2.94274 ; -4.25137 ; -3.97547
5.55817 ; 4.26547 ; 5.24448 ; -5.04006
8.80795 ; 6.98231 ; 0.64744 ; -5.06594
2.28597 ; 2.10407 ; 0.262998 ; -1.78652
5.55791 ; 6.59463 ; 5.58905 ; -4.84719
7.48015 ; 8.07388 ; 4.08537 ; 2.50776
3.58921 ; 3.1508 ; -3.97137 ; -4.10007
8.10083 ; 7.42433 ; 3.5471 ; 3.53158
7.40423 ; 7.56193 ; 4.22318 ; 3.48471
7.19647 ; 2.76739 ; 4.40075 ; -3.81113
3.55559 ; 7.20552 ; -3.85215 ; 3.82612
3.52536 ; 8.42161 ; -3.50152 ; 0.826934
7.90339 ; 2.65938 ; 3.7759 ; -3.59001
8.04211 ; 3.02828 ; 3.70184 ; -3.93292
6.92243 ; 6.64606 ; -4.75483 ; 4.4261
8.80354 ; 5.17514 ; -1.12547 ; 5.52639
7.75814 ; 2.91387 ; 3.97092 ; -3.87879
3.91865 ; 2.9554 ; -4.22534 ; -3.98253
3.66371 ; 2.9048 ; -3.99962 ; -3.89539
3.26417 ; 2.73962 ; -3.54434 ; -3.63766
3.99924 ; 6.13016 ; -4.37984 ; 4.70894
3.17722 ; 2.60668 ; -3.39132 ; -3.45444
5.44263 ; 3.80252 ; -5.12821 ; -4.73927
4.01317 ; 8.41754 ; -4.14293 ; 0.576245
3.4761 ; 6.99846 ; -3.81931 ; 3.99803
3.92785 ; 1.73576 ; -4.07093 ; -1.75168
2.74059 ; 3.45845 ; 2.06308 ; -4.34904
7.57545 ; 3.25867 ; 4.18434 ; -4.20836
7.98396 ; 7.51566 ; 3.6594 ; 3.44895
8.16087 ; 7.45144 ; 3.46442 ; 3.47901
5.78367 ; 5.07215 ; 5.31374 ; 5.33777
4.85105 ; 2.64473 ; -5.08732 ; 3.59702
8.1342 ; 7.4926 ; 3.48409 ; 3.43719
8.68377 ; 1.77488 ; 1.89827 ; -1.19225
3.62612 ; 2.92124 ; -3.97068 ; -3.90336
3.6032 ; 3.23795 ; -3.99575 ; -4.17452
8.05349 ; 7.41353 ; 3.60604 ; 3.55817
4.60309 ; 6.03592 ; -4.79277 ; 4.83224
3.31286 ; 7.33646 ; -3.56962 ; 3.62592
7.52948 ; 6.11859 ; 4.29412 ; 4.72582
3.41278 ; 2.61507 ; -3.68702 ; -3.53513
7.00704 ; 7.68447 ; 4.53222 ; 3.3214
3.79569 ; 1.58664 ; -3.88616 ; -0.798559
4.28135 ; 3.30108 ; -4.53898 ; -4.31316
4.60113 ; 3.22987 ; -4.72782 ; -4.28133
2.72795 ; 3.61569 ; -2.74639 ; -4.35194
8.53963 ; 8.24944 ; 2.3267 ; 1.44328
7.45189 ; 2.89191 ; 4.22356 ; -3.91131
3.0599 ; 2.15536 ; -3.03197 ; -2.68212
8.76315 ; 7.87925 ; 2.03259 ; 2.42634
8.56737 ; 2.87604 ; 2.85221 ; -3.66347
3.33171 ; 2.58435 ; -3.58577 ; -3.47556
4.3372 ; 6.72002 ; -4.5561 ; 4.35997
6.22068 ; 3.93185 ; -5.56751 ; 5.3684
3.62298 ; 2.86779 ; -3.95709 ; -3.85296
5.51946 ; 5.427 ; 5.26403 ; 5.23969
5.94855 ; 6.26856 ; 5.1283 ; 4.75211
7.9801 ; 2.685 ; 3.70422 ; -3.5967
5.30369 ; 6.4859 ; 5.16932 ; 4.58982
2.54067 ; 8.21 ; 2.14643 ; -1.37891
7.77617 ; 3.47296 ; 4.03024 ; -4.34421
7.85219 ; 7.44793 ; 3.82137 ; 3.56839
4.18827 ; 6.3618 ; -4.49938 ; 4.59324
3.46357 ; 7.1985 ; -3.76505 ; 3.80947
3.89567 ; 6.57433 ; -4.25619 ; 4.41257
5.54894 ; 7.92027 ; 5.37186 ; 2.48598
7.3969 ; 6.19608 ; 4.39474 ; 4.69449
7.76347 ; 3.09337 ; 3.99781 ; -4.03818
7.65107 ; 6.92608 ; 4.10981 ; 4.13713
4.10511 ; 6.92677 ; -4.36697 ; 4.16761
8.61556 ; 2.81375 ; 2.73538 ; -3.57704
5.43571 ; 3.68822 ; -5.10503 ; -4.661
7.59271 ; 6.77923 ; 4.18216 ; 4.26824
3.99435 ; 6.41118 ; -4.35213 ; 4.53735
7.13484 ; 1.62294 ; 4.41227 ; -0.841043
5.21511 ; 6.1485 ; 5.18823 ; 4.84633
3.27148 ; 7.42714 ; -3.49101 ; 3.50939
3.46721 ; 7.61068 ; -3.66718 ; 3.31423
8.0513 ; 2.63714 ; 3.61338 ; -3.52364
7.99882 ; 7.23236 ; 3.72018 ; 3.77994
2.9468 ; 7.75069 ; -2.87921 ; 2.90096
8.09368 ; 2.51143 ; 3.52314 ; -3.35715
7.45933 ; 1.77516 ; 4.06624 ; -1.88835
6.6651 ; 3.37982 ; -4.94882 ; -4.38912
8.08811 ; 7.42497 ; 3.56173 ; 3.5351
7.8071 ; 6.98195 ; 3.96294 ; 4.06208
8.23957 ; 2.38826 ; 3.27907 ; -3.12775
7.63471 ; 2.94803 ; 4.08366 ; -3.93368
2.86198 ; 2.41284 ; -2.79038 ; -3.05705
3.53937 ; 2.37072 ; 4.31816 ; -2.70193
3.4368 ; 7.3314 ; -3.70239 ; 3.66715
6.02795 ; 2.39254 ; -5.73302 ; 3.25649
4.85751 ; 7.02978 ; -4.81332 ; 4.12014
4.3048 ; 5.10116 ; -4.65409 ; 5.13884
6.76781 ; 7.20634 ; 4.70775 ; 3.94887
4.73464 ; 6.48091 ; 5.01439 ; 4.57851
7.63517 ; 7.16818 ; 4.08331 ; 3.92061
7.90406 ; 2.65875 ; 3.77561 ; -3.5897
8.00053 ; 7.32624 ; 3.69277 ; 3.67715
7.60487 ; 6.85536 ; 4.16045 ; 4.20467
7.92904 ; 7.24356 ; 3.79164 ; 3.78618
7.50576 ; 3.4431 ; -4.23246 ; -4.40529
3.25991 ; 7.40497 ; -3.48575 ; 3.53034
5.83161 ; 6.27958 ; -5.15572 ; 4.75523
3.93655 ; 3.39686 ; -4.30211 ; -4.34619
3.98278 ; 6.91806 ; -4.27487 ; 4.15926
8.24711 ; 6.58144 ; -2.94722 ; 4.41113
7.36843 ; 3.36263 ; 4.3579 ; -4.31855
3.90523 ; 6.93594 ; -4.21037 ; 4.13243
6.1795 ; 3.28972 ; -5.09214 ; -4.32757
2.55485 ; 6.88746 ; -0.709131 ; -5.19952
6.86651 ; 8.22757 ; 4.65735 ; 1.97995
6.52435 ; 5.83291 ; 5.06337 ; -5.09211
7.43123 ; 6.4412 ; -4.21274 ; 4.60063
6.48695 ; 7.38759 ; 5.12614 ; -3.34719
5.72601 ; 6.69677 ; 5.53283 ; -4.61233
8.0687 ; 2.58353 ; 3.57732 ; -3.45611
3.56444 ; 3.41054 ; 3.81441 ; -4.3619
2.34082 ; 3.60251 ; 0.116688 ; -4.45097
7.69206 ; 7.16931 ; 4.03345 ; 3.90986
3.12411 ; 7.56375 ; -3.25424 ; 3.2808
8.05096 ; 2.55143 ; 3.58687 ; -3.42268
3.47544 ; 2.70582 ; -3.77862 ; -3.65492
3.07726 ; 6.94961 ; -2.88347 ; -4.51166
2.40731 ; 6.45725 ; -1.56285 ; 4.40239
7.54107 ; 2.97115 ; 4.16577 ; -3.97051
3.41377 ; 7.80544 ; -3.37542 ; -2.89102
7.86786 ; 2.81546 ; 3.84983 ; -3.76192
3.1308 ; 7.58186 ; -3.25579 ; 3.25939
5.74316 ; 2.50346 ; 5.10798 ; -3.42941
5.3492 ; 4.14934 ; -5.1432 ; -4.94317
2.9408 ; 3.91699 ; 2.41355 ; -4.82622
7.82569 ; 2.91763 ; 3.91132 ; -3.86821
8.57297 ; 4.08654 ; 2.90055 ; -4.72348
2.52472 ; 4.11437 ; -2.09633 ; -4.81244
3.22551 ; 3.08877 ; -3.55963 ; -3.98756
8.14001 ; 2.48137 ; 3.45286 ; -3.30033
5.38721 ; 1.80792 ; 5.51841 ; -1.14699
6.95075 ; 5.49939 ; 4.76288 ; -5.09722
7.59757 ; 7.94991 ; 3.98213 ; 2.78616
4.52584 ; 3.1015 ; -4.66986 ; -4.16776
6.0848 ; 3.16678 ; -5.19518 ; -4.08626
3.58253 ; 7.17495 ; -3.88394 ; 3.86095
7.83118 ; 2.94728 ; 3.91188 ; -3.8941
3.4118 ; 2.7217 ; -3.71521 ; -3.65583
4.2398 ; 3.2015 ; -4.49967 ; -4.23047
4.30145 ; 3.09585 ; -4.52712 ; -4.14765
3.24645 ; 7.4416 ; -3.4584 ; 3.48383
8.24616 ; 7.609 ; 3.28928 ; 3.23269
7.77612 ; 6.57466 ; 4.0432 ; 4.39722
5.61147 ; 5.56144 ; -5.22327 ; 5.16017
2.67261 ; 5.41338 ; 1.68098 ; 5.36953
8.01952 ; 2.61085 ; 3.64121 ; -3.50413
3.33576 ; 7.40705 ; -3.57235 ; 3.55338
9.06529 ; 3.60716 ; 0.624804 ; -4.41097
7.14959 ; 3.24611 ; 4.49533 ; -4.2555
2.3085 ; 6.45933 ; -0.259249 ; 4.41949
3.0487 ; 2.66423 ; -2.67886 ; 4.14288
7.47835 ; 7.98165 ; 4.09785 ; 2.73174
3.49173 ; 5.26135 ; -3.90462 ; 5.04626
4.37822 ; 3.17502 ; -4.58731 ; -4.22004
8.26589 ; 7.60315 ; 3.26271 ; 3.23368
7.62934 ; 7.1091 ; 4.09786 ; 3.97761
2.79763 ; 2.12639 ; -2.48858 ; -2.4651
3.7077 ; 6.91958 ; -4.04713 ; 4.11117
6.32529 ; 6.10662 ; 5.02127 ; 4.83907
4.0596 ; 6.7642 ; -4.35727 ; 4.29474
8.70625 ; 3.31684 ; 2.60731 ; -4.10524
8.11342 ; 7.66637 ; 3.45433 ; 3.18929
7.00644 ; 6.92935 ; 4.70291 ; -4.03693
4.64361 ; 7.41974 ; -4.84674 ; -1.19596
8.51357 ; 6.54281 ; 3.06344 ; 4.34357
3.17718 ; 7.56559 ; -3.32449 ; 3.29896
3.13973 ; 7.55528 ; -3.27836 ; 3.2984
8.03204 ; 7.34301 ; 3.65283 ; 3.6487
3.6364 ; 2.98455 ; -3.99055 ; -3.96194
3.18997 ; 6.54929 ; 3.16594 ; 4.43267
8.12587 ; 7.46776 ; 3.50213 ; 3.47042
3.40228 ; 2.77637 ; -3.71788 ; -3.71211
8.94336 ; 1.87453 ; 0.903776 ; -1.25992
3.10725 ; 2.39487 ; -3.2153 ; -3.13463
7.68599 ; 2.98283 ; 4.04748 ; -3.95468
7.37299 ; 6.22057 ; 4.40476 ; 4.59991
7.33046 ; 1.59279 ; 4.20162 ; -0.207308
3.44909 ; 7.29857 ; -3.72359 ; 3.70564
3.58786 ; 6.73995 ; -3.81475 ; -4.4272
3.68403 ; 6.979 ; -4.01546 ; 4.05591
8.06249 ; 2.52705 ; 3.56547 ; -3.38795
4.87725 ; 6.89015 ; -4.83651 ; 4.25044
3.65888 ; 3.56002 ; -4.07898 ; -4.43001
7.66001 ; 2.58074 ; 3.99529 ; -3.54428
7.92181 ; 7.03937 ; 3.84054 ; 3.98969
3.19449 ; 3.00417 ; -3.506 ; -3.90153
8.83218 ; 7.47363 ; -2.03951 ; 2.94357
7.38902 ; 2.828 ; 4.2645 ; -3.85559
6.43057 ; 5.81326 ; 4.99981 ; 4.99
2.92915 ; 1.98394 ; -2.68273 ; -2.19674
3.42864 ; 7.75241 ; -3.58584 ; 3.0781
8.09397 ; 8.45342 ; 3.09023 ; -0.130429
5.12556 ; 3.70098 ; -5.02367 ; -4.65935
8.89934 ; 1.82556 ; 1.06583 ; -1.11464
3.21539 ; 2.47798 ; -3.40088 ; -3.29681
8.07932 ; 2.56943 ; 3.56027 ; -3.43583
7.66325 ; 3.12487 ; 4.09104 ; -4.08228
3.23854 ; 7.49707 ; -3.42847 ; 3.41245
5.13193 ; 7.07666 ; 5.12846 ; 4.00962
8.17999 ; 7.85637 ; 2.96686 ; -2.92691
7.0267 ; 2.84349 ; 4.52596 ; -3.90353
7.44089 ; 7.1034 ; 4.25645 ; 4.00656
6.55502 ; 2.26395 ; 4.79369 ; -3.11139
7.87326 ; 2.7456 ; 3.82836 ; -3.69034
3.54896 ; 7.04655 ; -3.8809 ; 3.96936
7.85752 ; 7.25426 ; 3.86052 ; 3.79212
8.3109 ; 3.67183 ; 3.3952 ; -4.43326
6.23004 ; 8.20373 ; 5.12296 ; 1.86362
8.70343 ; 3.23562 ; 2.6053 ; -4.03003
8.89085 ; 7.5599 ; -1.8723 ; 2.76009
7.13062 ; 1.91129 ; 4.39178 ; -2.34003
3.37183 ; 7.32602 ; -3.63516 ; 3.65469
7.94943 ; 7.26048 ; 3.76643 ; 3.76347
6.67793 ; 4.69797 ; -5.16311 ; -5.3125
4.03389 ; 7.08612 ; -4.28877 ; 4.01497
3.60488 ; 7.12522 ; -3.91582 ; 3.91072
4.78125 ; 3.92841 ; 5.03034 ; -4.85731
3.83132 ; 4.14219 ; -4.20808 ; 5.01081
4.79046 ; 1.919 ; -5.01069 ; 1.60271
2.59522 ; 3.23659 ; -2.39439 ; -4.03432
7.89219 ; 7.27613 ; 3.82103 ; 3.76142
7.99456 ; 7.39412 ; 3.67994 ; 3.59989
4.04233 ; 2.93041 ; -4.31965 ; -3.97464
8.2039 ; 2.43316 ; 3.34806 ; -3.20835
3.19378 ; 2.46356 ; -3.36618 ; -3.26895
3.37383 ; 1.62627 ; -3.20561 ; 1.04833
4.86898 ; 2.85315 ; 5.76979 ; 4.40966
7.33266 ; 8.28122 ; 4.26078 ; -0.95637
6.25271 ; 3.29326 ; -5.08866 ; -4.32758
3.65272 ; 7.05823 ; -3.97256 ; 3.98053
3.56194 ; 3.16629 ; -3.94832 ; -4.10884
3.55947 ; 7.16861 ; -3.86441 ; 3.86154
4.30049 ; 1.72734 ; -4.44692 ; -1.69756
6.12427 ; 6.94615 ; -5.07825 ; 4.16733
4.3286 ; 1.97264 ; 5.76599 ; 1.84249
7.16482 ; 4.51583 ; 4.5889 ; -4.97261
3.86683 ; 6.86299 ; -4.19127 ; 4.18755
7.61803 ; 3.02588 ; 4.11232 ; -4.00527
3.76585 ; 7.45121 ; -4.00364 ; 3.58526
7.73949 ; 6.75691 ; 4.0576 ; 4.26238
7.87139 ; 7.17474 ; 3.86506 ; 3.86775
7.09754 ; 3.8259 ; 4.59346 ; -4.66021
7.83819 ; 7.06144 ; 3.92008 ; 3.98469
7.78746 ; 2.76988 ; 3.91489 ; -3.73479
8.10005 ; 7.40236 ; 3.55505 ; 3.5576
8.63073 ; 2.94484 ; 2.73275 ; -3.72661
2.62863 ; 1.62479 ; -1.11418 ; 0.759313
8.08439 ; 7.48423 ; -4.18712 ; -4.19342
5.72312 ; 6.79005 ; 5.12775 ; 4.34047
7.32505 ; 4.08247 ; 4.45191 ; -4.77251
3.20053 ; 7.48058 ; -3.38684 ; 3.41929
7.1084 ; 7.08014 ; 4.50649 ; 4.06345
4.93528 ; 8.20089 ; 5.79967 ; -0.524907
7.51863 ; 2.90088 ; 4.17172 ; -3.91043
7.80406 ; 2.33209 ; 3.80267 ; -3.16843
7.29179 ; 4.99928 ; 4.50093 ; 5.15162
7.83136 ; 7.76974 ; 3.76698 ; 3.09233
7.01323 ; 6.69624 ; 4.60914 ; 4.39856
3.66898 ; 2.9845 ; -4.01872 ; -3.96767
3.47158 ; 7.19811 ; -3.77249 ; 3.81198
3.53007 ; 2.82891 ; -3.86281 ; -3.79572
8.64025 ; 2.8557 ; 2.69184 ; -3.62052
3.25197 ; 6.2897 ; -3.62772 ; 4.53112
3.68799 ; 3.20266 ; -4.06899 ; -4.1582
7.75181 ; 2.75482 ; 3.94314 ; -3.72676
4.68874 ; 6.65558 ; -4.76955 ; 4.43575
3.68029 ; 3.37156 ; 4.02084 ; -4.32786
6.67507 ; 6.34486 ; 4.83768 ; 4.67117
3.85136 ; 3.04763 ; -4.18472 ; -4.05302
8.56098 ; 1.92298 ; -3.40438 ; 2.30671
6.90923 ; 7.22827 ; -4.84641 ; 3.74349
3.12238 ; 2.47242 ; -3.26741 ; -3.25505
3.17256 ; 2.67061 ; -3.40318 ; -3.53154
7.93891 ; 7.206 ; 3.79077 ; 3.82109
7.76212 ; 2.71191 ; 3.92535 ; -3.68019
4.92184 ; 4.49328 ; -5.01439 ; -5.06098
7.14417 ; 2.34041 ; 4.40816 ; -3.24753
5.39988 ; 2.94498 ; 5.1023 ; -3.98178
7.36751 ; 5.51148 ; 4.4412 ; 5.02153
3.78001 ; 6.82561 ; -4.12563 ; 4.20301
8.04237 ; 2.61644 ; 3.61763 ; -3.50313
6.85793 ; 5.81355 ; 4.78164 ; 4.95013
7.66684 ; 2.90525 ; 4.04877 ; -3.88852
2.56407 ; 7.0643 ; -2.24066 ; 3.75204
3.27011 ; 8.40512 ; -3.01682 ; -0.759723
7.36076 ; 6.86718 ; 4.35063 ; 4.23034
3.3305 ; 7.25768 ; -3.60976 ; 3.7141
4.62981 ; 5.97837 ; -4.81364 ; 4.86516
3.44597 ; 2.71717 ; -3.75082 ; -3.65868
3.97452 ; 3.07753 ; -4.28853 ; -4.09715
4.16441 ; 8.34584 ; -4.29941 ; 1.38543
3.24401 ; 7.45438 ; -3.45083 ; 3.46828
7.85311 ; 7.18874 ; 3.87934 ; 3.85828
4.60848 ; 6.80171 ; -4.71075 ; 4.31467
7.19779 ; 6.56386 ; 4.50256 ; 4.44329
8.15943 ; 1.64497 ; 3.0505 ; -1.0579
4.07447 ; 2.95556 ; -4.3863 ; 4.0038
4.87785 ; 4.76571 ; -5.009 ; -5.14135
3.53472 ; 7.09052 ; -3.85855 ; 3.9266
7.27976 ; 6.32627 ; 4.47055 ; 4.62813
5.31563 ; 3.227 ; 5.07999 ; -4.27172
7.2481 ; 6.00994 ; 4.5151 ; 4.81308
4.3961 ; 2.92796 ; -4.5717 ; -4.00199
3.42413 ; 2.57512 ; -3.68878 ; -3.49025
7.55057 ; 2.36779 ; 4.05892 ; -3.26611
7.50889 ; 2.30377 ; 4.08719 ; -3.16973
8.25601 ; 2.9518 ; -3.10204 ; -3.7298
3.496 ; 7.13745 ; -3.81184 ; 3.87531
6.51924 ; 8.35811 ; 5.00862 ; 0.496251
5.28051 ; 3.66761 ; -5.06786 ; -4.64267
7.34351 ; 2.95984 ; 4.3183 ; -3.98844
3.35085 ; 7.31159 ; -3.61795 ; 3.66353
3.62463 ; 2.58084 ; -3.89995 ; -3.54256
3.80384 ; 7.45582 ; 4.49808 ; 3.25587
7.01326 ; 1.76479 ; 4.50544 ; -1.79828
6.7543 ; 7.43963 ; 4.70343 ; 3.6755
3.75163 ; 3.01698 ; -4.09653 ; -4.01065
5.02252 ; 8.20938 ; 5.79048 ; -0.473223
7.58561 ; 3.06474 ; 4.14514 ; -4.04453
3.35456 ; 7.30732 ; -3.62262 ; 3.66865
7.71228 ; 6.97099 ; 4.0503 ; 4.08833
4.19576 ; 3.12042 ; -4.45973 ; -4.15928
3.48785 ; 2.7861 ; -3.81151 ; -3.74293
6.77099 ; 4.40398 ; -5.35535 ; 5.61753
8.30254 ; 6.87895 ; 3.38712 ; 4.07033
7.53844 ; 8.16864 ; 4.02114 ; 2.20446
7.57149 ; 6.69695 ; 4.21082 ; 4.33431
3.88676 ; 2.83677 ; -4.18057 ; -3.86545
4.76913 ; 5.44772 ; -4.651 ; 5.10037
3.74631 ; 2.86221 ; -4.06448 ; -3.86952
8.07315 ; 2.64582 ; 3.5904 ; -3.52733
2.83403 ; 7.66194 ; -1.97835 ; -3.73083
3.20996 ; 6.64317 ; 3.25464 ; 4.33311
3.33567 ; 7.35849 ; -3.58784 ; 3.60923
3.62084 ; 7.10083 ; -3.93523 ; 3.93586
7.69789 ; 7.18558 ; 4.02536 ; 3.89342
4.39568 ; 6.8563 ; -4.5775 ; 4.25524
6.62305 ; 6.82662 ; -5.6246 ; -4.42844
3.11363 ; 3.1058 ; -3.40661 ; -3.98736
4.30472 ; 7.36497 ; 4.82261 ; 3.51254
8.20856 ; 3.64152 ; 3.5209 ; -4.43997
3.30311 ; 7.27804 ; -3.57385 ; 3.68593
4.27032 ; 2.95395 ; -4.49022 ; -4.01895
3.21073 ; 7.51329 ; -3.38766 ; 3.38156
3.44527 ; 2.61203 ; -3.72159 ; -3.54019
4.9976 ; 6.96948 ; -4.88129 ; 4.18013
8.59008 ; 7.74128 ; -3.01278 ; 2.32249
4.18938 ; 2.50574 ; -4.47476 ; 2.70518
8.04724 ; 4.48536 ; 3.74755 ; -4.89961
3.09768 ; 7.58809 ; -3.20663 ; 3.23695
7.57194 ; 5.47972 ; 4.26779 ; 5.01621
3.6078 ; 2.85367 ; -3.94088 ; -3.83682
3.46912 ; 2.6799 ; -3.76541 ; -3.62493
7.95609 ; 2.64365 ; 3.7178 ; -3.55908
7.14418 ; 1.63438 ; 4.39965 ; -0.992496
2.6789 ; 2.76049 ; -2.51618 ; -3.4942
3.89974 ; 3.28041 ; -4.25881 ; -4.25283
7.20148 ; 5.662 ; 4.56439 ; 4.98105
4.12206 ; 8.31451 ; -4.25665 ; 1.58119
3.58252 ; 3.15558 ; -3.96629 ; -4.10283
8.75521 ; 2.74921 ; 2.37834 ; -3.45094
6.38174 ; 1.88976 ; 4.35094 ; -2.245
3.62386 ; 2.67215 ; -3.91815 ; -3.65069
4.4249 ; 2.74052 ; -4.72644 ; 3.65504
8.59911 ; 7.87612 ; -3.07546 ; 1.86985
4.0612 ; 6.79631 ; -4.35424 ; 4.2651
3.38529 ; 2.72701 ; -3.68742 ; -3.65478
7.99742 ; 2.59664 ; 3.65998 ; -3.49427
6.78313 ; 8.2342 ; 4.73966 ; 1.88226
2.70813 ; 6.15867 ; 1.87736 ; 4.78788
3.09184 ; 6.66668 ; -3.38685 ; 4.23036
7.92139 ; 2.78188 ; 3.78892 ; -3.71597
7.02961 ; 3.54321 ; 4.60749 ; -4.4876
6.96358 ; 4.12199 ; 4.70222 ; -4.82433
7.86956 ; 7.2267 ; 3.85492 ; 3.81704
3.71348 ; 6.94885 ; -4.04352 ; 4.08787
3.12906 ; 2.41163 ; -3.25425 ; -3.16881
7.08436 ; 6.6652 ; 4.56785 ; 4.41622
4.0561 ; 2.21158 ; -4.25004 ; -3.03528
3.35059 ; 2.6179 ; -3.61855 ; -3.52089
7.92994 ; 2.84568 ; 3.79471 ; -3.77702
6.56252 ; 6.53495 ; 4.87707 ; 4.54596
7.7903 ; 2.58691 ; 3.87256 ; -3.52985
3.83561 ; 7.04986 ; 4.21659 ; 3.89958
7.81868 ; 2.76058 ; 3.88408 ; -3.71883
3.68609 ; 7.03791 ; -4.00501 ; 4.0053
7.36223 ; 7.13081 ; 4.31416 ; 3.99136
8.11647 ; 7.44565 ; 3.52066 ; 3.50074
7.21441 ; 2.89605 ; 4.4044 ; -3.94175
7.47355 ; 7.11098 ; 4.22834 ; 3.99803
3.32649 ; 7.42112 ; -3.55776 ; 3.53436
8.90141 ; 4.21027 ; 0.303105 ; 5.75463
4.0145 ; 2.4475 ; -4.23342 ; -3.41668
2.52283 ; 7.76467 ; 0.494339 ; -3.87602
7.13214 ; 5.52248 ; 4.61814 ; 5.04085
8.75951 ; 7.87768 ; 2.04377 ; 2.43218
2.31043 ; 6.58717 ; 0.0466489 ; 4.28714
2.91626 ; 6.47762 ; -3.11189 ; 4.36691
7.85769 ; 7.54183 ; 3.79331 ; 3.44301
3.947 ; 7.89095 ; -4.11029 ; 2.905
7.54395 ; 3.33872 ; 4.22011 ; -4.27617
7.36892 ; 8.07563 ; 4.19865 ; 2.51028
6.92073 ; 5.66989 ; 4.74724 ; 5.00696
5.56598 ; 3.76391 ; -5.14372 ; -4.71757
6.89423 ; 6.13937 ; 4.73177 ; 4.7787
3.38012 ; 2.6471 ; -3.65985 ; -3.56237
6.02349 ; 5.80833 ; 5.15291 ; 5.02417
7.70444 ; 3.74441 ; 4.11793 ; -4.53823
4.23971 ; 3.31126 ; -4.51123 ; -4.31641
4.79203 ; 3.27244 ; -4.83481 ; -4.32674
7.90646 ; 2.85306 ; 3.81984 ; -3.78948
3.26832 ; 6.43689 ; 3.32089 ; 4.55508
5.43136 ; 3.5685 ; 5.1476 ; -4.57727
6.75714 ; 6.08397 ; 4.81763 ; 4.82252
3.94425 ; 3.08305 ; -4.26531 ; -4.09746
6.26697 ; 7.14932 ; 4.96587 ; 4.00445
8.42406 ; 2.93865 ; 3.13729 ; -3.76806
7.35066 ; 6.28159 ; -4.3908 ; 4.7484
4.38593 ; 6.19368 ; -4.64579 ; 4.71845
3.18097 ; 7.48458 ; -3.36037 ; 3.40698
6.50531 ; 3.79777 ; 4.91768 ; -4.70047
7.04765 ; 3.44497 ; 4.5855 ; -4.41686
3.59183 ; 7.00628 ; -3.92819 ; 4.0135
8.8679 ; 4.64553 ; -0.792586 ; -5.32096
7.92744 ; 6.86512 ; 3.86044 ; 4.14413
6.37497 ; 1.88133 ; -5.52737 ; -1.54186
6.04618 ; 6.81688 ; 5.05917 ; 4.32482
6.12235 ; 2.64769 ; 5.31399 ; 2.60228
3.82408 ; 2.96072 ; -4.14797 ; -3.97376
4.39556 ; 6.51468 ; -4.61761 ; 4.51547
3.59226 ; 7.55007 ; -3.81499 ; 3.42661
7.77213 ; 7.50059 ; 3.89165 ; 3.51628
3.26394 ; 7.41912 ; -3.48572 ; 3.5155
3.21789 ; 7.45262 ; -3.41944 ; 3.46043
8.02439 ; 2.66658 ; 3.65168 ; -3.56418
7.94215 ; 2.64978 ; 3.73372 ; -3.56941
3.5565 ; 2.65643 ; -3.84903 ; -3.61922
3.64702 ; 3.59646 ; -4.07054 ; -4.45391
8.24269 ; 7.10432 ; 3.43682 ; 3.85838
8.03816 ; 7.41833 ; 3.34175 ; -3.6543
8.10501 ; 3.43185 ; -3.29688 ; -4.35209
3.86927 ; 6.58096 ; -4.23409 ; 4.40443
8.26526 ; 2.3687 ; 3.23307 ; -3.0871
5.46643 ; 6.47519 ; 5.16648 ; 4.60195
8.68209 ; 8.08552 ; -3.06369 ; 0.779277
6.07306 ; 1.9695 ; -5.41351 ; -2.09851
4.12298 ; 3.46488 ; -4.44799 ; -4.41865
3.66118 ; 7.30542 ; -3.9316 ; 3.74167
7.92329 ; 6.87624 ; 3.86346 ; 4.13551
3.65393 ; 2.91196 ; -3.99287 ; -3.89987
7.97638 ; 2.33657 ; 3.61044 ; -3.13371
7.80952 ; 2.44469 ; 3.82317 ; -3.33785
3.24848 ; 7.40003 ; -3.47442 ; 3.53242
7.94157 ; 2.72895 ; 3.75598 ; -3.65545
8.24223 ; 5.37262 ; -3.18728 ; -5.69604
8.12247 ; 7.10369 ; 3.5989 ; 3.88549
9.09682 ; 6.81266 ; 0.237101 ; 4.02962
3.59192 ; 3.05921 ; -3.9621 ; -4.02076
3.89764 ; 7.74843 ; -4.07985 ; 3.16574
4.23397 ; 3.88462 ; -4.5646 ; -4.70127
3.51699 ; 4.96973 ; -1.45562 ; -5.28554
6.8865 ; 5.31083 ; 4.78991 ; 5.13574
2.37543 ; 2.43418 ; -1.28995 ; -2.81532
5.11945 ; 3.47581 ; -4.9972 ; -4.49909
3.45072 ; 2.51151 ; -3.70127 ; -3.41534
8.16476 ; 7.49003 ; 3.44629 ; 3.4293
7.08197 ; 2.84542 ; 4.49105 ; -3.90168
8.01412 ; 2.61603 ; 3.64774 ; -3.51067
3.43504 ; 7.19525 ; -3.73747 ; 3.8046
5.1633 ; 3.25778 ; -4.99006 ; -4.32412
7.98479 ; 2.65454 ; 3.69081 ; -3.56281
8.15201 ; 2.9931 ; -3.30734 ; -3.80284
4.54952 ; 6.75247 ; -4.68164 ; 4.35109
4.21266 ; 6.42102 ; -4.50915 ; 4.55873
7.35896 ; 2.43553 ; 4.23497 ; -3.38644
2.31489 ; 3.88136 ; -0.662111 ; -4.69302
7.40897 ; 6.72301 ; 4.33501 ; 4.33769
8.24609 ; 2.61018 ; -3.20608 ; -3.16368
8.24912 ; 2.40066 ; 3.27014 ; -3.14237
8.57485 ; 2.8673 ; 2.03021 ; 4.70068
3.15848 ; 2.44197 ; -3.30848 ; -3.22498
3.06013 ; 2.34412 ; -3.12023 ; -3.03467
7.8214 ; 7.26324 ; 3.89366 ; 3.79043
3.68642 ; 2.89263 ; -4.01704 ; -3.88825
7.96314 ; 2.78791 ; 3.74869 ; -3.71238
6.36082 ; 1.98363 ; -5.43737 ; -2.03656
8.05593 ; 6.77923 ; 3.72883 ; 4.19738
4.27227 ; 6.35808 ; -4.55603 ; 4.60568
7.44408 ; 6.6474 ; 4.31797 ; 4.38929
7.08745 ; 3.94524 ; 4.60973 ; -4.72943
3.75049 ; 6.5587 ; -4.13794 ; 4.40198
7.38738 ; 7.53719 ; -4.66559 ; 3.13078
3.5909 ; 2.86664 ; -3.92859 ; -3.84528
7.95074 ; 7.23369 ; 3.77202 ; 3.79048
5.67375 ; 8.09378 ; 5.61939 ; -1.35933
3.26805 ; 2.57373 ; -3.5033 ; -3.44186
3.4221 ; 7.63166 ; -3.61079 ; 3.27254
3.85926 ; 6.11018 ; -4.2655 ; 4.70605
2.37989 ; 4.49407 ; -0.914967 ; -5.14081
4.09117 ; 4.66466 ; -4.48556 ; -5.02653
3.52192 ; 7.16011 ; -3.83139 ; 3.86066
7.8281 ; 1.67444 ; 3.59334 ; -1.37762
3.50381 ; 2.82576 ; -3.83652 ; -3.7867
3.71266 ; 6.8657 ; -4.06098 ; 4.1576
5.42107 ; 7.93176 ; -5.41868 ; -1.55913
6.97318 ; 3.13491 ; 4.72312 ; 4.30402
8.16528 ; 2.48896 ; 3.42244 ; -3.30171
7.97168 ; 2.67706 ; 3.71056 ; -3.59081
8.20269 ; 7.5448 ; 3.37542 ; 3.34199
7.74311 ; 7.0447 ; 4.01069 ; 4.01783
6.40674 ; 2.21748 ; -5.29312 ; -2.73812
4.2829 ; 8.24731 ; -4.48857 ; -0.845969
5.68402 ; 2.98995 ; -5.08251 ; -4.05458
7.11313 ; 7.86977 ; 4.55155 ; -2.24044
7.44537 ; 6.54796 ; 4.32828 ; 4.46027
8.02781 ; 2.56968 ; 3.61877 ; -3.4528
3.15328 ; 7.53069 ; -3.3066 ; 3.33645
3.49916 ; 5.12615 ; -3.87643 ; 5.12207
7.69667 ; 6.94749 ; 4.06717 ; 4.11064
7.74973 ; 6.88735 ; 4.02989 ; 4.15327
2.25482 ; 2.37376 ; 0.217366 ; -2.5215
2.69698 ; 5.91223 ; 1.77625 ; 5.00265
9.10119 ; 7.68544 ; 0.204647 ; 2.54304
4.28138 ; 1.85228 ; -4.42332 ; -2.18665
2.71744 ; 6.51485 ; 1.91169 ; 4.43055
7.96657 ; 2.85083 ; 3.75812 ; -3.77398
9.04502 ; 3.2772 ; 1.24386 ; -4.04058
4.58019 ; 4.47569 ; 5.07645 ; -5.22038
3.11838 ; 7.58418 ; -3.23812 ; 3.25115
7.86042 ; 2.20562 ; 3.70958 ; -2.93601
7.8361 ; 2.52747 ; 3.66642 ; 3.57381
7.20513 ; 6.59814 ; 4.49535 ; 4.45364
3.26008 ; 2.53416 ; -3.48027 ; -3.38907
7.78737 ; 2.86538 ; 3.93539 ; -3.82784
2.86946 ; 4.03578 ; -3.03057 ; -4.71015
7.24235 ; 3.24719 ; 4.43292 ; -4.24595
4.05967 ; 3.58832 ; -4.41468 ; -4.496
2.93801 ; 7.14556 ; -3.0728 ; 3.74241
6.32259 ; 2.01026 ; -5.81606 ; 1.94207
7.12135 ; 8.17837 ; -5.52302 ; 0.425289
3.16794 ; 7.60041 ; -3.29963 ; 3.24635
8.26463 ; 4.78659 ; -3.08417 ; 5.71776
3.68431 ; 6.56963 ; -4.07765 ; 4.38444
3.36839 ; 2.5594 ; -3.62143 ; -3.45558
6.45733 ; 6.64486 ; -5.65843 ; -4.97699
4.96561 ; 2.1115 ; -4.90868 ; -2.80762
7.77462 ; 2.9436 ; 3.96227 ; -3.90181
4.82013 ; 8.04713 ; -4.81283 ; 2.50016
5.01395 ; 2.34349 ; -4.93426 ; -3.23936
8.01053 ; 7.32331 ; 3.68299 ; 3.67735
6.92559 ; 1.71658 ; 4.59831 ; -1.48902
7.65548 ; 5.82209 ; 4.19219 ; 4.86872
4.26813 ; 3.06735 ; -4.50245 ; -4.1206
7.87167 ; 2.54918 ; 3.78253 ; -3.46654
3.68182 ; 8.35425 ; -3.72767 ; -0.751537
3.80962 ; 6.60124 ; -4.18265 ; 4.38126
7.51532 ; 6.62073 ; -3.23562 ; -5.11842
6.41011 ; 4.80116 ; -5.29099 ; -5.32607
7.51901 ; 2.95236 ; 4.1801 ; -3.95736
7.57379 ; 7.01463 ; 4.16067 ; 4.07253
4.82776 ; 3.83433 ; 4.70439 ; -4.77191
3.9379 ; 2.83224 ; -4.22163 ; -3.86749
2.34743 ; 7.38434 ; -1.24892 ; 3.22031
2.96096 ; 2.94899 ; -3.13924 ; -3.79505
4.85121 ; 5.54604 ; -4.97085 ; 5.08429
7.9433 ; 2.78674 ; 3.76808 ; -3.71577
4.36198 ; 6.64753 ; -4.58106 ; 4.4168
3.23143 ; 7.2779 ; -3.48642 ; 3.66778
3.47498 ; 7.08199 ; -3.80303 ; 3.92138
7.94186 ; 7.49488 ; 3.7126 ; 3.4869
8.76047 ; 2.80185 ; 2.38032 ; -3.51778
7.95575 ; 2.60844 ; 3.70831 ; -3.51934
3.16622 ; 7.53327 ; -3.32213 ; 3.33787
8.08621 ; 2.51784 ; 3.53412 ; -3.36778
4.8925 ; 8.34412 ; -4.9653 ; 0.690781
9.07791 ; 2.14203 ; 0.25765 ; -1.99298
7.43499 ; 8.42519 ; 4.10282 ; 0.750636
7.78354 ; 7.13066 ; 3.9579 ; 3.93019
3.42817 ; 7.21601 ; -3.72495 ; 3.78274
8.45878 ; 4.22973 ; 3.1228 ; -4.80014
8.28971 ; 6.07174 ; 3.448 ; 4.69951
3.33336 ; 7.34602 ; -3.58914 ; 3.62176
3.16704 ; 7.53969 ; -3.32075 ; 3.33036
3.74935 ; 7.15975 ; -4.03779 ; 3.90517
3.64958 ; 2.82565 ; -3.97245 ; -3.81764
7.5313 ; 3.59529 ; 4.25635 ; -4.46312
6.63652 ; 6.07714 ; 4.88128 ; 4.83329
3.91365 ; 4.38423 ; -4.33554 ; -4.91261
2.63971 ; 8.12097 ; -1.84511 ; 1.68003
3.11399 ; 2.65601 ; -3.31453 ; -3.49636
3.89186 ; 8.37093 ; -3.99966 ; 1.26613
3.35747 ; 2.63869 ; -3.63243 ; -3.54649
7.75411 ; 3.01957 ; 3.99452 ; -3.97444
6.57481 ; 3.70751 ; 4.87609 ; -4.63992
7.4746 ; 3.15987 ; 4.24969 ; -4.14371
7.67039 ; 6.72203 ; 4.12376 ; 4.30035
3.66802 ; 2.65221 ; -3.95581 ; -3.63589
8.62116 ; 1.89972 ; -3.20424 ; 2.17874
2.34084 ; 3.06878 ; -1.37004 ; -3.80148
7.87203 ; 6.96088 ; 3.90372 ; 4.06949
5.41945 ; 6.53663 ; -5.06425 ; 4.55478
6.90537 ; 1.68866 ; 4.68294 ; 0.442903
8.06323 ; 2.58458 ; 3.58335 ; -3.45902
3.53734 ; 7.58397 ; -3.75003 ; 3.3682
7.82545 ; 7.37143 ; 3.86626 ; 3.66822
7.48453 ; 3.83979 ; 4.31292 ; -4.62147
3.3008 ; 2.99938 ; -3.64024 ; -3.90507
7.23387 ; 3.58392 ; 4.47826 ; -4.49071
7.8258 ; 2.76542 ; 3.87898 ; -3.72171
7.34669 ; 6.78665 ; 4.37291 ; 4.29641
7.88289 ; 8.4537 ; 3.47541 ; 0.388654
3.34808 ; 7.31898 ; -3.61304 ; 3.65545
3.78072 ; 3.17043 ; -4.14479 ; -4.14608
6.19935 ; 3.43291 ; 4.99103 ; -4.46118
3.13629 ; 2.53286 ; -3.30895 ; -3.34409
7.93499 ; 3.50277 ; 3.87125 ; -4.34504
8.53607 ; 6.9524 ; 2.97617 ; 3.95394
6.88286 ; 8.3337 ; 4.71671 ; 0.190896
3.01082 ; 4.84821 ; -3.20591 ; -5.09723
7.50106 ; 3.50722 ; 4.27273 ; -4.40532
8.23145 ; 1.93714 ; 3.09162 ; -2.18998
5.75106 ; 1.73153 ; 5.46071 ; -0.387729
7.15681 ; 3.05582 ; 4.46601 ; -4.09541
5.32405 ; 2.22537 ; 5.26938 ; -2.82158
2.70951 ; 6.98201 ; -2.64343 ; 3.87268
3.13205 ; 7.56888 ; -3.2625 ; 3.27726
7.2386 ; 4.01353 ; 4.51081 ; -4.74901
3.2521 ; 7.18094 ; -3.53373 ; 3.77536
3.5662 ; 2.76598 ; -3.88322 ; -3.74004
7.61029 ; 5.8334 ; 4.2326 ; 4.86773
3.52043 ; 7.10911 ; -3.84126 ; 3.90678
7.54159 ; 7.60645 ; 4.0953 ; 3.4048
3.69809 ; 6.18811 ; 4.06358 ; 4.80574
3.57499 ; 2.70642 ; -3.87853 ; -3.67907
3.89485 ; 4.35915 ; -4.3195 ; -4.90192
3.34289 ; 2.80713 ; -3.65678 ; -3.73095
8.79474 ; 2.01544 ; 1.80461 ; -1.99301
5.2646 ; 2.38505 ; -5.37862 ; 3.05876
3.49645 ; 2.75369 ; -3.81228 ; -3.71151
8.16252 ; 2.49715 ; 3.42878 ; -3.31306
7.74276 ; 3.63103 ; 3.8354 ; 4.9463
7.44158 ; 6.63942 ; 4.32062 ; 4.39492
3.47684 ; 7.26098 ; -3.76123 ; 3.7509
8.17647 ; 7.52575 ; 3.41794 ; 3.37808
6.24306 ; 3.44245 ; -5.66485 ; 5.0944
4.18939 ; 3.02662 ; -4.44286 ; -4.07806
7.3075 ; 8.3468 ; 4.2793 ; -0.571482
7.91663 ; 3.3856 ; 3.88092 ; -4.25939
3.48695 ; 5.81812 ; -3.90982 ; 4.83736
3.90069 ; 7.00686 ; -4.1945 ; 4.07025
7.46406 ; 3.80467 ; 4.32673 ; -4.60306
9.04567 ; 6.74177 ; -0.412988 ; 4.12865
7.98282 ; 3.24728 ; -3.56889 ; -4.1523
7.53966 ; 3.00694 ; 4.17288 ; -4.00211
8.47007 ; 7.32427 ; 2.34423 ; -4.06919
2.48313 ; 8.22334 ; 0.439856 ; -2.07129
3.61375 ; 2.38248 ; -3.84584 ; -3.26586
4.20344 ; 6.43777 ; -4.50136 ; 4.5472
4.05419 ; 6.50247 ; -4.38686 ; 4.48456
6.80171 ; 3.10889 ; 4.69225 ; -4.16744
8.73708 ; 7.39478 ; 2.39866 ; 3.3488
6.29873 ; 4.82897 ; 5.09164 ; -5.17424
3.42146 ; 7.27518 ; -3.70275 ; 3.72174
5.55426 ; 1.71547 ; -5.46523 ; -0.0572909
7.74403 ; 5.86892 ; 4.0074 ; -4.95735
7.85567 ; 2.87449 ; 3.87459 ; -3.82162
7.46518 ; 4.89009 ; 4.35145 ; -5.03324
6.88348 ; 3.27727 ; 4.66415 ; -4.30403
4.06368 ; 3.54944 ; -4.4142 ; -4.46974
6.87729 ; 3.44392 ; 4.68674 ; -4.43188
6.48605 ; 6.30371 ; -5.04741 ; 4.74168
3.51442 ; 6.28193 ; -3.93382 ; 4.56312
3.64148 ; 7.12036 ; -3.94884 ; 3.92335
5.94239 ; 6.79518 ; 5.08405 ; 4.34205
8.50166 ; 2.28932 ; 2.77793 ; -2.84193
4.94018 ; 2.65918 ; -4.85654 ; -3.71317
7.00275 ; 4.96656 ; 4.72062 ; 5.19106
3.53669 ; 7.00185 ; -3.87774 ; 4.00643
7.5008 ; 7.01345 ; 4.22098 ; 4.08447
4.10512 ; 3.56209 ; -4.44429 ; -4.47684
4.51446 ; 4.19687 ; -4.74946 ; -4.89264
7.6128 ; 3.46895 ; 4.17752 ; -4.3637
3.55627 ; 7.14939 ; -3.86583 ; 3.87806
3.58224 ; 2.83833 ; -3.91467 ; -3.81679
7.68354 ; 3.60934 ; 4.12806 ; -4.45216
8.86052 ; 8.11267 ; -1.00679 ; -2.54264
4.71348 ; 6.56528 ; -4.79301 ; 4.50474
7.37747 ; 4.84981 ; 4.42683 ; -5.02787
7.64269 ; 7.04423 ; 4.09757 ; 4.03497
2.54586 ; 4.43035 ; -1.39278 ; 5.55847
3.93059 ; 3.75641 ; -4.3273 ; -4.59107
3.24437 ; 2.57784 ; -3.47419 ; -3.4394
3.6151 ; 7.1444 ; -3.92031 ; 3.89646
3.45358 ; 2.53279 ; -3.70985 ; -3.44373
3.01827 ; 5.43193 ; 2.70302 ; 5.36598
7.75206 ; 7.2859 ; 3.95548 ; 3.77963
5.19889 ; 4.90242 ; -5.17267 ; -5.21354
3.25327 ; 7.43956 ; -3.46648 ; 3.48859
7.39473 ; 6.88632 ; 4.32382 ; 4.21028
7.64318 ; 7.10007 ; 4.08807 ; 3.98364
5.811 ; 2.24922 ; 5.11937 ; -2.98508
7.41105 ; 3.64145 ; 4.35528 ; -4.50817
3.2548 ; 2.74242 ; -3.16962 ; 4.08405
7.85701 ; 2.71433 ; 3.83629 ; -3.66169
7.77081 ; 2.77821 ; 3.93106 ; -3.74621
4.88008 ; 3.34056 ; -4.88595 ; -4.38202
7.08915 ; 6.73375 ; 4.55743 ; 4.36425
3.3494 ; 7.43259 ; -3.57976 ; 3.52746
3.44527 ; 7.25526 ; -3.73156 ; 3.74813
7.64335 ; 2.95807 ; 4.07881 ; -3.94061
4.08442 ; 5.07977 ; -4.48073 ; 5.10977
3.44016 ; 7.2714 ; -3.7222 ; 3.73063
3.60319 ; 7.13093 ; -3.91324 ; 3.90581
9.04172 ; 3.76725 ; 0.159409 ; -4.5862
3.42008 ; 7.22205 ; -3.71564 ; 3.7749
7.92022 ; 7.02826 ; 3.61308 ; -4.11272
3.44598 ; 2.25326 ; -3.62317 ; -3.01346
3.80772 ; 4.19958 ; -4.23973 ; -4.81602
3.76862 ; 2.97564 ; -4.10391 ; -3.9783
7.73343 ; 2.88689 ; 3.98728 ; -3.85919
3.63217 ; 2.99574 ; -3.98894 ; -3.97058
7.81827 ; 2.8726 ; 3.90911 ; -3.82815
7.26237 ; 6.12497 ; 4.49771 ; 4.74792
3.56517 ; 2.76457 ; -3.88236 ; -3.73897
3.44748 ; 8.21576 ; -3.3714 ; -1.58946
2.98496 ; 2.39169 ; -3.01306 ; -3.07852
4.74746 ; 7.29697 ; -4.76932 ; 3.79649
5.42819 ; 4.43667 ; -5.19926 ; -5.08969
2.47977 ; 1.68647 ; -0.0241812 ; 1.01435
3.37779 ; 7.30071 ; -3.64871 ; 3.68246
4.34851 ; 8.24433 ; -4.55585 ; -0.916893
3.79834 ; 3.01799 ; -4.13587 ; -4.01924
3.29034 ; 3.59527 ; -3.68507 ; -4.41692
7.52759 ; 7.44466 ; -5.21288 ; -4.06042
3.6542 ; 7.1037 ; -3.96348 ; 3.94061
3.94678 ; 1.82661 ; -4.09513 ; -2.10281
3.31403 ; 7.54378 ; -3.50659 ; 3.3726
3.0418 ; 7.65795 ; -3.08894 ; 3.10603
7.36933 ; 3.25716 ; 4.34349 ; -4.23788
8.31214 ; 7.52321 ; -3.76703 ; -3.16089
3.66845 ; 2.77975 ; -3.9804 ; -3.77481
6.43102 ; 3.48644 ; 4.91536 ; -4.49417
5.38055 ; 3.56792 ; -5.08637 ; -4.5748
6.78133 ; 4.1032 ; 4.80888 ; -4.84635
4.40539 ; 6.96945 ; -4.56928 ; 4.15763
8.17772 ; 6.07547 ; -3.01999 ; 4.90797
3.67913 ; 3.05807 ; -4.04039 ; -4.03398
7.04147 ; 4.79919 ; 4.69324 ; 5.18562
7.55043 ; 6.68744 ; 4.22886 ; 4.3443
7.77028 ; 2.92724 ; 3.96261 ; -3.88834
4.39326 ; 6.7941 ; -4.69509 ; -4.25497
6.56119 ; 6.19281 ; -5.00874 ; 4.82605
8.05126 ; 7.78686 ; 3.49643 ; 3.00349
6.97501 ; 6.16896 ; 4.68467 ; 4.75456
3.56492 ; 3.32758 ; -3.96874 ; -4.2426
7.5894 ; 2.49297 ; 4.04447 ; -3.44139
3.4772 ; 7.16977 ; -3.78571 ; 3.84032
7.41493 ; 5.48847 ; 4.40306 ; 5.02303
2.6928 ; 1.92039 ; 1.71314 ; 2.57301
2.88512 ; 2.76849 ; -2.96042 ; -3.56724
7.453 ; 4.08225 ; 4.35199 ; -4.75732
3.38581 ; 2.62949 ; -3.66106 ; -3.5443
3.47157 ; 2.62916 ; -3.75432 ; -3.56713
8.05618 ; 7.42311 ; 3.60023 ; 3.54757
7.8265 ; 1.85859 ; 3.65337 ; -2.11859
7.95471 ; 7.32128 ; 3.74435 ; 3.69577
8.29696 ; 2.35192 ; 3.17674 ; -3.04698
6.022 ; 3.3174 ; -5.12487 ; -4.36028
6.85894 ; 3.11331 ; 4.65917 ; -4.16892
3.98511 ; 6.61862 ; -4.32063 ; 4.3942
6.15826 ; 4.59744 ; -5.29712 ; -5.22621
7.61815 ; 6.68784 ; 4.17316 ; 4.33415
7.92462 ; 6.82774 ; 3.86817 ; 4.17524
7.38424 ; 6.03181 ; -4.42523 ; 4.95483
8.74169 ; 1.81709 ; 1.75855 ; -1.34484
3.66931 ; 6.07165 ; -4.09709 ; 4.68881
8.32309 ; 7.63951 ; 3.15763 ; 3.15371
3.07061 ; 6.52198 ; -3.36471 ; 4.34482
3.74801 ; 2.63014 ; -4.02601 ; -3.62286
5.56392 ; 6.581 ; -5.08676 ; 4.52162
4.82438 ; 3.37581 ; -4.86095 ; -4.40996
7.60627 ; 7.15875 ; 4.10934 ; 3.93395
3.38185 ; 7.22059 ; -3.67566 ; 3.76602
7.78605 ; 7.21858 ; 3.93708 ; 3.84311
3.36255 ; 7.37028 ; -3.61298 ; 3.60434
7.71296 ; 7.98273 ; 3.85063 ; 2.69399
5.10999 ; 6.67122 ; 5.1065 ; 4.42386
8.86202 ; 6.30646 ; 0.10898 ; -5.59322
5.4793 ; 6.97512 ; 5.14668 ; 4.1478
9.04283 ; 7.24631 ; -0.861095 ; 3.38172
7.27499 ; 6.36538 ; 4.47065 ; 4.60415
7.05875 ; 3.06527 ; 4.53172 ; -4.11247
7.00631 ; 4.93563 ; 4.71325 ; -5.0936
4.18186 ; 7.68174 ; -4.44024 ; -2.78559
7.46647 ; 3.04238 ; 4.23687 ; -4.04493
7.13265 ; 6.41538 ; 4.56167 ; 4.58687
8.07709 ; 7.37987 ; 3.58929 ; 3.59143
4.93541 ; 3.62505 ; -4.93833 ; -4.59827
8.12901 ; 7.43978 ; 3.50769 ; 3.50334
9.00315 ; 3.48472 ; 1.47418 ; -4.26807
6.96482 ; 6.72802 ; 4.63575 ; 4.37774
7.16902 ; 6.31481 ; 4.54716 ; 4.64548
7.88217 ; 6.46199 ; 3.9477 ; 4.4658
9.02958 ; 6.44555 ; 1.33573 ; 4.43289
8.05817 ; 7.38387 ; 3.60982 ; 3.59267
7.72552 ; 2.49155 ; 3.91662 ; -3.41847
7.78453 ; 2.78714 ; 3.9212 ; -3.75192
7.66664 ; 3.11244 ; 4.08636 ; -4.07165
7.42737 ; 7.30259 ; 4.23506 ; 3.80533
2.2836 ; 2.74063 ; 0.633013 ; -3.25784
7.40409 ; 6.7927 ; 4.32982 ; 4.28493
2.97193 ; 8.32022 ; -2.35532 ; -1.11283
4.03979 ; 4.34172 ; -4.42568 ; 5.08462
3.88423 ; 6.88838 ; 4.34245 ; 4.10695
3.18574 ; 7.50469 ; -3.35897 ; 3.38331
5.15427 ; 3.85615 ; -5.0496 ; -4.76086
3.8534 ; 3.73348 ; -4.26271 ; -4.5684
7.24954 ; 4.90011 ; 4.53149 ; -5.05769
2.69743 ; 8.03401 ; -2.12029 ; 2.07879
3.31609 ; 3.58564 ; 3.38572 ; -4.53065
6.81368 ; 8.18559 ; -5.70865 ; -0.289573
7.96385 ; 7.27834 ; 3.7466 ; 3.74064
7.05248 ; 5.2189 ; 4.68494 ; -5.10686
7.53045 ; 6.75771 ; 4.23569 ; 4.29453
7.90761 ; 7.21332 ; 3.82036 ; 3.82143
4.06344 ; 2.73502 ; -4.30267 ; -3.77804
3.46957 ; 7.1053 ; -3.79319 ; 3.89912
3.92004 ; 2.96055 ; -4.22715 ; -3.98668
8.04324 ; 3.23001 ; 3.44883 ; 4.63009
8.13305 ; 7.47646 ; 3.49102 ; 3.45749
7.90455 ; 7.23218 ; 3.81898 ; 3.80361
8.01887 ; 5.61212 ; 3.68015 ; -5.04831
7.76899 ; 2.72655 ; 3.92227 ; -3.69414
5.32126 ; 6.6262 ; -5.03037 ; 4.48276
3.36988 ; 7.36022 ; -3.62353 ; 3.61723
2.58183 ; 2.77267 ; -2.26113 ; -3.47729
3.83148 ; 3.10762 ; -4.12123 ; 4.15278
5.52638 ; 3.37354 ; 5.59564 ; 4.91162
6.95395 ; 6.82542 ; 4.63278 ; 4.30033
3.09558 ; 7.62309 ; -3.18855 ; 3.18441
3.0969 ; 2.35829 ; -3.18458 ; -3.07337
7.95792 ; 2.79827 ; 3.75612 ; -3.72358
7.95922 ; 2.8204 ; 3.75956 ; -3.74538
5.0245 ; 3.66782 ; -4.98197 ; -4.63131
3.60867 ; 2.9531 ; -3.96099 ; -3.92886
3.29013 ; 7.39141 ; -3.52546 ; 3.55649
8.24983 ; 8.44983 ; 2.7914 ; 0.134133
7.73183 ; 6.98617 ; 4.03084 ; 4.07182
3.9648 ; 3.3628 ; -4.31771 ; -4.32509
8.17669 ; 7.50872 ; 3.42395 ; 3.40055
6.30715 ; 6.39457 ; 5.00102 ; 4.65544
7.38506 ; 6.3315 ; 4.39267 ; 4.61413
7.77824 ; 2.8468 ; 3.93949 ; -3.81253
6.54782 ; 6.2666 ; -5.56823 ; -5.26255
3.78181 ; 2.83513 ; -4.09055 ; -3.84895
3.38198 ; 7.35743 ; -3.63668 ; 3.62367
3.7203 ; 3.16144 ; -4.09176 ; -4.12915
7.85404 ; 2.58682 ; 3.80907 ; -3.51694
6.86565 ; 3.17934 ; 4.6625 ; -4.22472
4.45295 ; 5.59985 ; -4.76328 ; -5.07861
5.76183 ; 6.22769 ; 5.17275 ; 4.78428
7.77598 ; 6.70057 ; 4.03069 ; 4.30127
6.96516 ; 4.8607 ; 4.74804 ; 5.20252
7.54958 ; 5.605 ; -4.04537 ; 5.24898
5.30197 ; 4.71849 ; -5.19197 ; -5.16882
7.13252 ; 8.2368 ; 4.49347 ; -1.0591
2.688 ; 4.16034 ; 1.44619 ; -5.01298
6.80521 ; 2.02439 ; 4.81923 ; 1.80949
3.12095 ; 7.89639 ; 3.91328 ; -3.02583
3.28878 ; 7.10314 ; -3.59368 ; 3.86269
5.61574 ; 5.98879 ; 5.22582 ; 4.82318
3.20813 ; 6.98159 ; -3.51222 ; 3.9654
8.27838 ; 7.5756 ; -3.52797 ; 2.8384
