3.45195 ; 1.59927 ; -3.1104 ; -0.488309
3.507 ; 7.79904 ; -3.34201 ; 2.5889
3.72318 ; 7.13152 ; -3.7619 ; 3.61753
8.48798 ; 7.79041 ; 2.4234 ; 2.42338
2.60548 ; 2.09468 ; -1.54736 ; -1.81691
8.47222 ; 7.82862 ; 2.43153 ; 2.35856
3.14009 ; 2.34734 ; -2.8818 ; -2.65869
2.85265 ; 8.11549 ; -2.0632 ; 1.55523
5.34061 ; 7.40721 ; -5.0062 ; 3.33789
3.43001 ; 2.60277 ; -3.3706 ; -3.13637
3.77863 ; 1.84531 ; -3.66238 ; -1.65098
8.99566 ; 2.15533 ; 0.717417 ; -1.75269
6.79771 ; 3.33319 ; 4.78857 ; 5.10472
2.61231 ; 7.06255 ; 2.99377 ; 3.45107
7.91373 ; 5.72232 ; -4.43396 ; 5.18454
9.14671 ; 3.16441 ; -0.0251554 ; -3.64071
7.55741 ; 5.70514 ; 4.0335 ; 4.90574
3.39333 ; 3.19852 ; -3.43861 ; -3.86321
3.01019 ; 1.97201 ; -2.47407 ; -1.77734
2.23522 ; 3.23552 ; 1.03104 ; -3.79072
2.946 ; 2.21646 ; -2.48237 ; -2.32902
8.36428 ; 2.32736 ; 2.67749 ; -2.55033
3.36346 ; 2.5938 ; -3.28041 ; -3.10695
8.94637 ; 2.35855 ; 1.13669 ; -2.30353
7.06873 ; 3.01999 ; 4.36435 ; -3.78738
6.09688 ; 7.62502 ; -5.28725 ; 2.86801
2.50681 ; 7.45472 ; -1.50349 ; 2.82259
2.61776 ; 7.61205 ; -1.78281 ; 2.58668
8.5588 ; 7.88995 ; 2.21383 ; 2.17403
8.9223 ; 1.69306 ; -1.03091 ; 2.45927
3.75407 ; 2.62829 ; -3.77412 ; -3.23822
2.99072 ; 6.86077 ; -2.8023 ; 3.7832
3.65894 ; 2.80741 ; -3.69941 ; -3.45637
3.32953 ; 8.467 ; -2.83911 ; 0.096686
7.13506 ; 6.19327 ; 4.4136 ; 4.61222
3.28347 ; 7.41717 ; -3.13817 ; 3.14594
5.96057 ; 5.68135 ; 5.22492 ; 5.07643
7.73696 ; 7.15078 ; 3.71223 ; 3.61525
8.05287 ; 2.47558 ; 3.19628 ; -2.90668
4.4908 ; 8.17607 ; 5.85788 ; 0.470764
8.33774 ; 8.0296 ; 2.58732 ; 1.95318
8.07595 ; 2.50827 ; 3.17481 ; -2.94786
8.90299 ; 8.02422 ; 1.00772 ; 1.49785
8.21867 ; 6.88763 ; 3.13732 ; 3.82563
8.09135 ; 2.03858 ; 3.00424 ; -2.06223
7.7686 ; 7.05406 ; 3.69331 ; 3.72166
2.9919 ; 7.65582 ; -2.6062 ; 2.67905
7.71084 ; 7.16738 ; 3.73819 ; 3.59922
6.95283 ; 5.18182 ; 4.62302 ; 5.22385
2.91228 ; 7.8024 ; -2.38755 ; 2.38007
7.60618 ; 6.80707 ; 3.90604 ; 4.01377
2.91528 ; 7.77744 ; -2.40777 ; 2.42777
8.11317 ; 7.37726 ; 3.19114 ; 3.24052
8.37501 ; 2.28296 ; 2.63799 ; -2.46761
2.5836 ; 1.7268 ; 0.0328274 ; 3.13161
7.83902 ; 2.22782 ; 3.41644 ; -2.53439
3.14705 ; 7.68204 ; -2.84721 ; 2.70321
7.89084 ; 2.55363 ; 3.42981 ; -3.06367
3.07143 ; 7.66061 ; -2.73521 ; 2.7091
3.61619 ; 2.81003 ; -3.65034 ; -3.45185
2.30303 ; 7.71519 ; -0.376634 ; 2.15173
8.29295 ; 7.58593 ; 2.86267 ; 2.87479
8.02995 ; 2.49483 ; 3.23236 ; -2.94169
6.09238 ; 6.91469 ; -5.25175 ; 3.97252
2.79464 ; 2.0543 ; -2.04912 ; -1.86351
3.74965 ; 2.79974 ; 4.76216 ; -3.2971
3.54062 ; 6.98934 ; -3.57701 ; 3.74662
3.37736 ; 7.41738 ; -3.26602 ; 3.17435
7.68734 ; 7.20645 ; 3.7571 ; 3.5577
7.87487 ; 1.74742 ; 3.24491 ; -1.22331
6.77577 ; 6.85239 ; -5.19287 ; 4.01293
2.54949 ; 6.19498 ; 2.3691 ; 4.64156
3.25823 ; 7.45567 ; -3.09065 ; 3.08458
4.30031 ; 1.9245 ; 6.11196 ; 2.40271
7.53668 ; 4.06794 ; 4.03922 ; -4.65822
3.00723 ; 2.26823 ; -2.62369 ; -2.45971
3.36233 ; 7.01007 ; -3.3477 ; 3.68551
3.88029 ; 6.82592 ; -3.98189 ; 3.97984
3.22426 ; 7.22748 ; -3.10883 ; 3.38423
3.24506 ; 3.36404 ; -3.25124 ; -4.01712
3.52829 ; 1.52827 ; -3.21793 ; 0.161238
3.24993 ; 2.38787 ; -3.06212 ; -2.76576
7.71058 ; 2.72999 ; 3.68838 ; -3.34563
8.10628 ; 7.4627 ; 3.1779 ; 3.12358
3.25898 ; 2.56049 ; -3.12787 ; -3.03012
7.86665 ; 6.24924 ; -4.37853 ; 4.67408
3.79388 ; 2.57706 ; -3.80885 ; -3.17359
5.05877 ; 3.31783 ; -4.93392 ; -4.14357
4.95932 ; 1.94741 ; -4.86619 ; -1.88373
8.37949 ; 2.26165 ; 2.61985 ; -2.42828
8.04772 ; 2.43035 ; 3.18946 ; -2.83867
7.27318 ; 3.85143 ; 4.24626 ; 5.35483
3.35258 ; 7.00417 ; -3.33618 ; 3.68955
2.86055 ; 7.60572 ; -2.38104 ; 2.70848
8.9256 ; 7.80355 ; 1.15076 ; 2.10609
2.97091 ; 2.24095 ; -2.54385 ; -2.38964
5.53483 ; 7.62404 ; 5.80372 ; -3.96751
7.55403 ; 7.76347 ; 3.80996 ; 2.74399
9.17265 ; 7.00397 ; -0.548774 ; 3.51808
3.15963 ; 2.54448 ; -2.98162 ; -2.97708
8.27621 ; 2.31344 ; 2.81356 ; -2.56579
3.35377 ; 7.47601 ; -3.21667 ; 3.08578
9.14012 ; 6.7691 ; 0.00352502 ; 3.87606
4.30658 ; 8.42981 ; -4.30349 ; 0.0827566
7.3744 ; 6.45949 ; 4.19078 ; -5.0376
8.22127 ; 7.60821 ; 2.96444 ; 2.86706
8.01281 ; 2.28744 ; -4.61893 ; -2.02707
8.04728 ; 3.4417 ; 3.39298 ; -4.08409
3.57978 ; 5.82662 ; -3.63932 ; -5.28863
3.75428 ; 5.94228 ; -3.87332 ; -5.24873
4.88754 ; 3.26606 ; -4.84297 ; -4.01496
4.03546 ; 3.86644 ; 5.01774 ; -4.72833
3.31726 ; 2.93955 ; -3.29693 ; -3.54961
3.48856 ; 6.76336 ; -3.55032 ; 3.97859
2.20625 ; 2.97135 ; 0.888827 ; -3.36278
3.6505 ; 3.01951 ; -3.72723 ; -3.70877
3.15985 ; 7.57689 ; -2.90777 ; 2.87736
8.0068 ; 6.09011 ; 3.49175 ; 4.60263
3.25568 ; 8.28352 ; -2.79242 ; 1.18881
7.89254 ; 3.75359 ; 3.61821 ; -4.38728
3.52885 ; 2.54519 ; -3.48346 ; -3.07858
6.08262 ; 3.76147 ; 5.09676 ; -4.58539
8.8727 ; 6.47571 ; -0.869476 ; -5.94429
2.31227 ; 1.92542 ; 2.21932 ; -0.253856
6.11681 ; 6.10991 ; 5.33313 ; -5.4318
7.88869 ; 8.32466 ; 3.24487 ; 1.14383
3.19207 ; 2.74079 ; -3.07822 ; -3.26388
8.45554 ; 7.77748 ; 2.49221 ; 2.46607
7.82655 ; 7.9104 ; 3.4424 ; 2.40841
7.63654 ; 2.38627 ; 3.70099 ; -2.85547
3.17037 ; 7.58814 ; -2.91875 ; 2.86455
3.17521 ; 8.5043 ; -2.45801 ; -0.920296
8.28098 ; 2.30038 ; 2.80039 ; -2.54158
8.41229 ; 2.63499 ; 2.69542 ; -3.03085
6.44695 ; 7.08867 ; -5.23548 ; 3.72121
8.691 ; 5.72778 ; -2.71459 ; 5.16673
8.15524 ; 2.52599 ; 3.07123 ; -2.94794
3.49612 ; 2.55715 ; -3.44522 ; -3.08865
3.26375 ; 2.51526 ; -3.12093 ; -2.96672
2.90974 ; 2.37586 ; -2.48608 ; -2.61081
3.56126 ; 6.60105 ; -3.65959 ; 4.15038
2.83809 ; 2.26123 ; -2.28034 ; -2.3592
4.92981 ; 3.3286 ; -4.86781 ; -4.1616
3.59888 ; 8.47517 ; -3.30598 ; -1.13735
3.09416 ; 7.39827 ; -2.86871 ; 3.11261
3.52076 ; 1.56059 ; -3.22059 ; -0.18789
2.9469 ; 3.02355 ; 3.67242 ; -3.57179
7.99389 ; 2.83783 ; 3.37168 ; -3.42081
8.3499 ; 7.86056 ; 2.64857 ; 2.35157
8.50732 ; 7.79934 ; 2.38001 ; 2.3958
6.31504 ; 5.60593 ; 5.0531 ; 5.09231
4.34232 ; 3.00443 ; -4.55127 ; 4.81545
8.48261 ; 7.83632 ; 2.40798 ; 2.33764
8.8736 ; 1.65565 ; 0.369179 ; 0.548516
3.22905 ; 2.5309 ; -3.07852 ; -2.97881
3.20363 ; 2.8205 ; -3.1127 ; -3.37211
8.41409 ; 7.76935 ; 2.57288 ; 2.50174
4.12381 ; 6.51914 ; -4.26124 ; 4.30957
2.9559 ; 7.69905 ; -2.52492 ; 2.59057
7.95889 ; 6.59117 ; 3.52908 ; 4.17576
3.04408 ; 2.26155 ; -2.68509 ; -2.46428
7.46026 ; 8.01661 ; 3.88706 ; 2.21146
3.40707 ; 1.50679 ; -2.97014 ; 0.956899
3.82745 ; 2.86977 ; -3.8972 ; -3.56066
4.12835 ; 2.80174 ; -4.19031 ; -3.51517
2.45331 ; 3.18049 ; -1.47348 ; -3.65767
8.7723 ; 8.39377 ; 0.925682 ; -0.217537
7.87424 ; 2.50078 ; 3.43738 ; -2.99095
2.75671 ; 1.88715 ; -1.81129 ; -1.32591
8.96641 ; 8.12188 ; 0.528637 ; 1.03009
8.85259 ; 2.5097 ; 1.57145 ; -2.65906
2.97313 ; 2.23679 ; -2.54553 ; -2.38367
3.88159 ; 7.15602 ; -3.9293 ; 3.61652
5.66393 ; 4.46869 ; -5.4886 ; 5.59757
3.22727 ; 2.48249 ; -3.0602 ; -2.90661
6.04586 ; 5.95097 ; 5.12677 ; 4.87755
6.46138 ; 6.74377 ; 4.85688 ; 4.16758
8.35052 ; 2.32533 ; 2.69898 ; -2.55299
5.82063 ; 6.94489 ; 5.16228 ; 3.94157
2.75531 ; 8.07211 ; 4.10329 ; -3.3281
8.1792 ; 3.03854 ; 3.15561 ; -3.62692
8.23433 ; 7.80477 ; 2.87151 ; 2.51265
3.73833 ; 6.82112 ; -3.83349 ; 3.96222
3.08707 ; 7.57945 ; -2.79506 ; 2.84368
3.47005 ; 7.01559 ; -3.48518 ; 3.70245
6.08612 ; 8.16887 ; 5.20942 ; 1.29205
7.83638 ; 6.66553 ; 3.67055 ; 4.12073
8.16325 ; 2.68956 ; 3.10726 ; -3.17832
8.06205 ; 7.33979 ; 3.26997 ; 3.30499
3.66842 ; 7.34353 ; -3.65435 ; 3.34361
8.8891 ; 2.45604 ; 1.41882 ; -2.5401
4.92521 ; 3.22212 ; -4.8476 ; -4.05105
8.01093 ; 7.20605 ; 3.37059 ; 3.49214
3.55914 ; 6.86491 ; -3.62116 ; 3.88538
7.57606 ; 1.53884 ; 3.66158 ; 0.84179
5.73394 ; 6.63313 ; 5.20778 ; 4.28563
2.92238 ; 7.77808 ; -2.41927 ; 2.4305
3.10049 ; 7.9421 ; -2.66735 ; 2.166
8.41263 ; 2.28477 ; 2.57391 ; -2.45258
8.37084 ; 7.61035 ; 2.72515 ; 2.80601
2.65888 ; 8.04078 ; -1.60495 ; 1.6211
8.44599 ; 2.17571 ; 2.45341 ; -2.22366
7.86595 ; 1.58633 ; 3.20912 ; -0.357786
6.17022 ; 2.94091 ; -5.27134 ; -3.67781
8.44428 ; 7.77848 ; 2.51235 ; 2.47048
8.20339 ; 7.38816 ; 3.06152 ; 3.20068
8.56748 ; 2.07548 ; 2.12664 ; -1.91558
8.04307 ; 2.55466 ; 3.23293 ; -3.02436
2.58294 ; 2.10713 ; -1.48503 ; -1.8297
3.97119 ; 2.10052 ; 5.42243 ; -1.53989
3.06656 ; 7.69812 ; -2.71071 ; 2.64459
5.45464 ; 2.71819 ; -5.53123 ; 4.63043
4.37617 ; 7.4418 ; -4.35583 ; 3.29072
3.83939 ; 5.61504 ; -4.04164 ; 4.9379
7.23858 ; 7.60123 ; 4.16319 ; 3.05292
5.23608 ; 6.93877 ; 5.30269 ; 3.91976
8.0435 ; 7.56024 ; 3.23631 ; 2.99722
8.28162 ; 2.29978 ; 2.79985 ; -2.54102
8.36981 ; 7.69395 ; 2.68962 ; 2.66333
8.02092 ; 7.27583 ; 3.34092 ; 3.40069
8.3082 ; 7.62218 ; 2.82457 ; 2.81272
7.08251 ; 3.00257 ; -5.09546 ; -3.67878
2.91134 ; 7.758 ; -2.41115 ; 2.46006
5.31603 ; 6.7551 ; -5.04657 ; 4.16535
3.50634 ; 2.96224 ; -3.54717 ; -3.61509
3.5553 ; 7.33398 ; -3.51949 ; 3.3324
7.95239 ; 7.02255 ; -4.31057 ; 3.66474
7.80422 ; 2.93078 ; 3.62176 ; -3.57711
3.4842 ; 7.34918 ; -3.42637 ; 3.29523
5.67029 ; 2.85696 ; -5.16185 ; -3.59862
2.48394 ; 6.36751 ; 0.818944 ; -6.00368
7.33224 ; 8.42557 ; 4.02569 ; 0.546425
7.03069 ; 5.3237 ; 4.57311 ; -5.28221
7.00995 ; 6.90126 ; -5.02655 ; 3.93196
6.99957 ; 7.05287 ; 4.59755 ; -4.56348
6.2793 ; 6.23554 ; 5.22485 ; -5.29826
8.42643 ; 2.23792 ; 2.52552 ; -2.35912
3.94588 ; 2.97435 ; 4.89076 ; -3.61212
2.35249 ; 3.15741 ; 1.83431 ; -3.70317
8.09541 ; 7.56029 ; 3.16483 ; 2.98242
2.79869 ; 7.89183 ; -2.09916 ; 2.12249
8.40964 ; 2.20916 ; 2.53984 ; -2.31252
3.09758 ; 2.34033 ; -2.81044 ; -2.62952
2.78891 ; 6.49845 ; -1.78008 ; -5.47702
2.25102 ; 6.89748 ; -0.0388196 ; 3.65418
7.95765 ; 2.5741 ; 3.35099 ; -3.07581
3.07623 ; 7.51634 ; -2.34992 ; -4.48146
8.25284 ; 2.43927 ; 2.90037 ; -2.78305
2.80522 ; 7.9078 ; -2.10186 ; 2.09308
6.25396 ; 2.16052 ; 4.92086 ; -2.41536
4.83488 ; 3.65502 ; -4.84184 ; -4.46448
3.18215 ; 3.43437 ; 3.87909 ; -4.19901
8.21682 ; 2.53081 ; 2.98573 ; -2.93435
8.86303 ; 3.61419 ; 1.70679 ; -4.19234
2.31509 ; 3.63312 ; -0.710973 ; -4.27156
2.86955 ; 2.69002 ; -2.50966 ; -3.10693
8.48529 ; 2.15134 ; 2.35868 ; -2.14728
5.93905 ; 1.69322 ; 5.37538 ; 0.328415
7.42704 ; 4.98967 ; 4.17556 ; -5.14777
7.99578 ; 8.22853 ; 3.10359 ; 1.49077
4.05885 ; 2.68472 ; -4.10497 ; -3.35479
5.56528 ; 2.75815 ; -5.19456 ; -3.34009
3.19413 ; 7.56105 ; -2.9634 ; 2.91343
8.22237 ; 2.55787 ; 2.9861 ; -2.97188
3.04028 ; 2.35612 ; -2.72128 ; -2.63235
3.78984 ; 2.77845 ; -3.84115 ; -3.44176
3.84874 ; 2.68109 ; -3.88642 ; -3.32391
2.90061 ; 7.78999 ; -2.37427 ; 2.39601
8.57509 ; 7.93227 ; 2.14789 ; 2.06463
8.18044 ; 7.01438 ; 3.17501 ; 3.68636
5.08914 ; 6.07745 ; -5.0042 ; 4.76664
2.84071 ; 5.95034 ; 3.26241 ; 4.92959
8.38364 ; 2.26044 ; 2.61316 ; -2.42424
2.97853 ; 7.76239 ; -2.53106 ; 2.48939
9.12777 ; 3.16607 ; -1.02975 ; -3.66165
7.59913 ; 2.82056 ; 3.82896 ; -3.48137
2.28257 ; 6.90128 ; 1.44554 ; 3.65927
2.78082 ; 3.07851 ; -1.52448 ; 5.41745
7.88813 ; 8.25482 ; 3.26454 ; 1.42734
3.10127 ; 5.76598 ; -3.03314 ; 4.79238
3.91949 ; 2.75301 ; -3.97451 ; -3.42745
8.59216 ; 7.92652 ; 2.11205 ; 2.06653
8.03912 ; 7.50686 ; 3.25629 ; 3.07759
2.54877 ; 1.87988 ; -1.10063 ; -1.05123
3.30299 ; 7.3307 ; -3.19141 ; 3.26931
6.82741 ; 6.59053 ; 4.62253 ; 4.30033
3.62387 ; 7.19367 ; -3.63518 ; 3.52553
8.96699 ; 2.90632 ; 1.2828 ; -3.27819
8.45885 ; 7.98529 ; 2.37214 ; 2.00482
7.47673 ; 6.52566 ; 4.05961 ; -4.96474
4.15894 ; 7.30014 ; -4.26321 ; -2.41057
8.81992 ; 6.97716 ; 1.87342 ; 3.61184
2.84473 ; 7.89548 ; -2.19494 ; 2.14566
2.81189 ; 7.88512 ; -2.1318 ; 2.14597
8.39732 ; 7.70788 ; 2.63494 ; 2.62503
3.23734 ; 2.58835 ; -3.10626 ; -3.06326
3.50657 ; 6.99255 ; 4.50044 ; 3.68533
8.47608 ; 7.81481 ; 2.43205 ; 2.38299
3.0305 ; 2.40516 ; -2.72398 ; -2.71161
9.03374 ; 1.74854 ; -0.862468 ; 0.448443
2.78572 ; 2.08141 ; -2.04761 ; -1.92516
8.09074 ; 2.58736 ; 3.17962 ; -3.05585
7.81347 ; 6.68056 ; 3.68864 ; 4.03702
7.75063 ; 1.57206 ; 3.37794 ; 1.57475
3.07673 ; 7.66914 ; -2.73961 ; 2.69787
3.20639 ; 6.29722 ; -2.94314 ; -5.26042
3.28249 ; 7.38459 ; -3.14732 ; 3.1904
8.41904 ; 2.18825 ; 2.51113 ; -2.26507
4.3936 ; 7.3152 ; -4.38725 ; 3.46875
3.25098 ; 3.11702 ; -3.23224 ; -3.74761
8.05954 ; 2.22631 ; 3.11277 ; -2.47915
8.30586 ; 7.43834 ; 2.8904 ; 3.09933
2.84389 ; 2.61402 ; -2.43569 ; -2.98418
8.62823 ; 7.76798 ; -3.85568 ; 1.79411
7.81547 ; 2.44244 ; 3.49806 ; -2.91356
6.93055 ; 6.31226 ; 4.56664 ; 4.53626
2.66087 ; 1.76427 ; -1.36078 ; -0.700492
3.07005 ; 8.06022 ; -2.5574 ; 1.85259
8.40299 ; 8.44038 ; 1.94063 ; -2.01623
4.6232 ; 3.23505 ; -4.65748 ; -4.0516
9.00592 ; 1.71409 ; -0.663097 ; 0.632915
2.8753 ; 2.1483 ; -2.29625 ; -2.14219
8.43535 ; 2.22585 ; 2.50248 ; -2.33134
8.07235 ; 2.71664 ; 3.23967 ; -3.23997
2.89569 ; 7.83831 ; -2.33503 ; 2.2984
5.64477 ; 7.47762 ; 5.2234 ; 3.18178
8.47668 ; 7.56368 ; 1.84892 ; -4.5633
7.47929 ; 2.45314 ; 3.88844 ; -2.98681
7.86654 ; 7.50406 ; 3.4838 ; 3.1195
7.03439 ; 1.95281 ; 4.29743 ; -1.9607
8.25609 ; 2.37657 ; 2.87172 ; -2.68163
3.16087 ; 7.44348 ; -2.95612 ; 3.06963
8.24357 ; 7.63348 ; 2.92154 ; 2.8194
8.65042 ; 3.2285 ; 2.31132 ; -3.76651
6.74234 ; 8.3901 ; 4.69846 ; 0.467076
8.96396 ; 2.83262 ; 1.27546 ; -3.16967
8.70362 ; 7.83591 ; -3.73428 ; 1.55266
7.5698 ; 1.67729 ; 3.66962 ; -0.944402
3.00832 ; 7.69149 ; -2.61644 ; 2.62892
8.32608 ; 7.63682 ; 2.7898 ; 2.78152
6.16162 ; 4.16672 ; -5.39888 ; -4.95259
3.60501 ; 7.48761 ; -3.54432 ; 3.12936
3.2133 ; 7.51629 ; -3.00762 ; 2.98412
5.28429 ; 3.44268 ; 5.27539 ; -4.29648
3.41051 ; 4.64327 ; -3.45135 ; 5.28583
4.28939 ; 2.07927 ; -4.43764 ; 3.26968
2.35578 ; 2.83316 ; -1.00432 ; -3.17429
8.27429 ; 7.65227 ; 2.86657 ; 2.77723
8.36255 ; 7.75411 ; 2.67384 ; 2.55699
3.61037 ; 2.53294 ; -3.58307 ; -3.07763
8.53871 ; 2.11232 ; 2.21826 ; -2.02385
2.85716 ; 2.13667 ; -2.24956 ; -2.10483
3.05327 ; 1.7311 ; -2.10092 ; 3.00275
5.44596 ; 3.29411 ; 5.7575 ; 5.40209
7.75874 ; 8.18558 ; 3.45447 ; -2.71056
5.74384 ; 2.8605 ; -5.19142 ; -3.59885
3.25546 ; 7.45629 ; -3.08749 ; 3.08303
3.1671 ; 2.75541 ; -3.04554 ; -3.27716
3.17303 ; 7.55477 ; -2.93523 ; 2.91484
3.8558 ; 1.55759 ; -3.73707 ; -0.156961
5.61645 ; 7.36288 ; -5.12286 ; 3.3869
4.9052 ; 2.15689 ; 6.06633 ; 3.51402
7.62371 ; 4.01857 ; 3.94573 ; -4.62758
3.44771 ; 7.28175 ; -3.39705 ; 3.37456
8.02927 ; 2.62535 ; 3.27223 ; -3.12729
3.36549 ; 7.80973 ; -3.13904 ; 2.53492
8.14525 ; 7.18315 ; 3.19411 ; 3.48805
8.25789 ; 7.56152 ; 2.926 ; 2.92618
7.55689 ; 3.35988 ; 3.9587 ; -4.08286
8.2302 ; 7.45991 ; 3.00161 ; 3.09063
8.17895 ; 2.3964 ; 2.99414 ; -2.74283
8.45555 ; 7.75812 ; 2.50247 ; 2.50192
8.90401 ; 2.57218 ; 1.42087 ; -2.74792
2.51721 ; 1.70072 ; 0.541399 ; 2.80656
7.66568 ; 7.06489 ; -5.42326 ; -5.47389
6.2359 ; 7.2241 ; 4.95348 ; 3.60692
7.77024 ; 3.60521 ; 3.75295 ; -4.27816
2.86184 ; 7.82251 ; -2.27746 ; 2.30895
7.55905 ; 7.48648 ; 3.85025 ; 3.20055
5.51525 ; 8.1484 ; 5.79308 ; -2.13647
7.9358 ; 2.50983 ; 3.36152 ; -2.98972
8.18433 ; 2.01524 ; 2.84512 ; -1.97046
7.74189 ; 5.51444 ; 3.82496 ; 4.9978
8.20805 ; 8.07897 ; 2.80358 ; 1.87929
7.47414 ; 7.1361 ; 3.9944 ; 3.6716
3.2671 ; 2.58773 ; -3.14685 ; -3.07086
3.09433 ; 7.57931 ; -2.8057 ; 2.84697
3.14379 ; 2.44934 ; -2.92617 ; -2.82681
8.90943 ; 2.49364 ; 1.36456 ; -2.60075
2.8892 ; 6.74281 ; -2.62568 ; 3.89855
3.28109 ; 2.78684 ; -3.21612 ; -3.34634
8.14613 ; 2.38214 ; 3.03528 ; -2.73108
4.21179 ; 7.09916 ; -4.25948 ; 3.72429
4.08237 ; 2.93877 ; 5.01344 ; -3.57193
7.15883 ; 6.81198 ; 4.33322 ; 4.06099
3.43288 ; 2.64232 ; -3.38437 ; -3.19063
8.22054 ; 2.15366 ; -5.12378 ; 4.20133
6.42459 ; 7.60262 ; -5.32345 ; 2.85507
2.79564 ; 2.14691 ; -2.1158 ; -2.08803
2.83224 ; 2.31745 ; -2.29566 ; -2.46592
8.31798 ; 7.58811 ; 2.82247 ; 2.86219
8.15466 ; 2.34389 ; 3.01065 ; -2.66565
4.4204 ; 3.98718 ; -4.57526 ; -4.69381
7.58498 ; 2.01565 ; 3.7056 ; -2.10413
5.91011 ; 2.5468 ; 5.07335 ; -3.14277
7.81163 ; 6.01363 ; 3.73965 ; 4.67665
3.36745 ; 7.24591 ; -3.30174 ; 3.39935
8.40413 ; 2.26612 ; 2.58025 ; -2.42361
7.33609 ; 6.30857 ; 4.22478 ; 4.50045
8.07172 ; 2.5164 ; 3.18344 ; -2.96023
2.34 ; 7.43951 ; -0.799411 ; 2.77672
2.96843 ; 8.32914 ; -1.84784 ; -2.68288
7.79582 ; 7.29022 ; 3.61606 ; 3.43302
2.96953 ; 7.62909 ; -2.5793 ; 2.71359
4.14845 ; 6.46489 ; -4.29035 ; 4.36027
3.07089 ; 2.35131 ; -2.77111 ; -2.63599
3.54567 ; 2.66782 ; -3.53381 ; -3.25208
3.73447 ; 8.48439 ; -3.52662 ; -0.195421
2.89893 ; 7.80121 ; -2.36427 ; 2.37454
8.24104 ; 7.57457 ; 2.94655 ; 2.91234
4.1374 ; 7.23318 ; -4.17175 ; 3.55378
7.64805 ; 7.00819 ; 3.83189 ; 3.76119
8.46448 ; 1.53918 ; 1.85629 ; 0.70597
3.63584 ; 3.35594 ; -3.65501 ; 5.04889
4.37695 ; 4.25158 ; -4.55457 ; -4.86683
3.14887 ; 7.48318 ; -2.92511 ; 3.00875
7.72682 ; 6.78908 ; 3.77991 ; 4.01413
5.82363 ; 2.79982 ; 5.09189 ; -3.52557
7.69961 ; 6.49125 ; 3.84144 ; 4.3014
3.93893 ; 2.52777 ; -3.95831 ; -3.12062
3.05525 ; 2.22609 ; -2.68868 ; -2.40207
7.95646 ; 2.04118 ; 3.20682 ; -2.10749
7.91761 ; 1.9868 ; 3.2475 ; -1.98151
7.9458 ; 2.57882 ; -4.51404 ; -2.7921
3.11482 ; 7.52498 ; -2.85963 ; 2.93632
7.0201 ; 8.40774 ; 4.46332 ; -1.11899
4.77372 ; 3.20334 ; -4.7551 ; -4.02606
7.77534 ; 2.561 ; 3.57428 ; -3.10037
2.98905 ; 7.67794 ; -2.59173 ; 2.642
3.23463 ; 2.22658 ; -2.98499 ; -2.47292
4.25364 ; 7.78141 ; 5.41748 ; 2.23102
7.46381 ; 1.58496 ; 3.81252 ; -0.29322
7.22464 ; 7.80718 ; 4.15674 ; 2.68776
3.34198 ; 2.61591 ; -3.25789 ; -3.1312
5.60157 ; 8.16205 ; 5.74355 ; -2.08196
8.00013 ; 2.66029 ; 3.31907 ; -3.18331
2.9923 ; 7.67419 ; -2.59827 ; 2.64917
8.11731 ; 7.37982 ; 3.18551 ; 3.23629
3.74978 ; 2.70449 ; -3.78372 ; -3.33989
3.1067 ; 2.41181 ; -2.85447 ; -2.75291
6.23545 ; 4.96574 ; -5.57362 ; 5.56249
8.64125 ; 7.28599 ; 2.28065 ; 3.22175
7.94055 ; 8.38908 ; 3.14921 ; 0.766793
7.99257 ; 7.13039 ; 3.41046 ; 3.58805
3.4687 ; 2.45023 ; -3.38305 ; -2.92319
4.30403 ; 5.95776 ; -4.23713 ; 4.7647
3.33986 ; 2.47526 ; -3.21511 ; -2.92899
8.43219 ; 2.29308 ; 2.54209 ; -2.45831
2.6362 ; 7.28886 ; -0.634543 ; -5.2526
3.53542 ; 7.07648 ; 4.5795 ; 3.55784
2.97688 ; 7.71941 ; -2.55097 ; 2.5665
3.22732 ; 7.49442 ; -3.03494 ; 3.0198
8.10042 ; 7.57492 ; 3.15354 ; 2.95921
3.93793 ; 7.28182 ; -3.96643 ; 3.46838
6.06059 ; 6.38378 ; -5.7108 ; -5.22548
2.77297 ; 2.70707 ; -2.30544 ; -3.10671
4.78698 ; 7.71622 ; 5.40629 ; 2.55484
8.56065 ; 3.19752 ; 2.4836 ; -3.76266
2.94573 ; 7.64663 ; -2.52983 ; 2.67472
3.8213 ; 2.55205 ; -3.83436 ; -3.1419
2.87196 ; 7.85145 ; -2.27959 ; 2.25701
3.07311 ; 2.25801 ; -2.73344 ; -2.47069
4.50948 ; 7.3875 ; -4.47299 ; 3.3756
8.2888 ; 7.97353 ; -4.70483 ; 1.04081
3.7419 ; 2.77626 ; -3.75518 ; 4.07802
8.422 ; 3.9954 ; 2.81245 ; -4.54017
2.77701 ; 7.91179 ; -2.03548 ; 2.06373
7.99872 ; 5.98134 ; 3.50361 ; 4.684
3.21371 ; 2.46999 ; -3.0371 ; -2.88369
3.09258 ; 2.31741 ; -2.79263 ; -2.58773
8.32787 ; 2.28774 ; 2.71921 ; -2.49935
7.58414 ; 1.53513 ; 3.64732 ; 0.66987
2.42728 ; 2.41107 ; -1.13427 ; -2.4288
3.47386 ; 2.85512 ; -3.48627 ; -3.47876
7.65792 ; 6.1601 ; 3.91007 ; 4.58312
3.6964 ; 8.47263 ; -3.47086 ; 0.0314692
3.18589 ; 2.7453 ; -3.07086 ; -3.26809
8.99304 ; 2.40412 ; 0.96127 ; -2.37028
6.81683 ; 1.66526 ; 4.0213 ; -0.874426
3.23205 ; 2.30708 ; -3.00877 ; -2.62189
3.95225 ; 3.10602 ; -4.08293 ; 4.83421
8.29156 ; 8.06311 ; -4.79072 ; 0.483675
3.62578 ; 7.22282 ; -3.63136 ; 3.48575
3.01655 ; 2.36153 ; -2.6825 ; -2.63157
8.36342 ; 2.24721 ; 2.64 ; -2.40999
7.2571 ; 8.42243 ; 4.13188 ; 0.444712
2.89586 ; 6.63746 ; 3.47401 ; 4.13461
2.75315 ; 7.08972 ; -2.29041 ; 3.45245
8.30028 ; 2.41028 ; 2.81537 ; -2.71905
7.49036 ; 3.09445 ; 3.98827 ; -3.81846
7.4338 ; 3.63956 ; 4.11259 ; -4.34685
8.25505 ; 7.60841 ; 2.91299 ; 2.85466
3.30913 ; 7.35764 ; -3.18866 ; 3.2354
2.80363 ; 2.09475 ; -2.09961 ; -1.97072
7.54114 ; 7.10682 ; 3.93086 ; 3.69724
3.6311 ; 1.90805 ; -3.48249 ; -1.8129
2.98874 ; 2.26582 ; -2.58968 ; -2.44604
8.30941 ; 2.46797 ; 2.82243 ; -2.80625
7.05023 ; 6.98954 ; 4.40664 ; 3.88043
8.17756 ; 2.23392 ; 2.93826 ; -2.45783
4.25727 ; 7.43982 ; 5.13911 ; 3.03303
8.20708 ; 2.38869 ; 2.95036 ; -2.72066
3.28559 ; 7.43844 ; -3.13396 ; 3.11769
7.79365 ; 7.52995 ; 3.56838 ; 3.09763
8.46854 ; 7.79572 ; 2.4568 ; 2.42424
7.65485 ; 2.50188 ; 3.70342 ; -3.03596
7.89639 ; 7.51078 ; 3.44384 ; 3.106
2.97071 ; 7.77455 ; -2.51118 ; 2.46334
8.93172 ; 4.78573 ; -1.23342 ; 5.80484
3.59115 ; 2.10583 ; -3.46447 ; -2.31195
2.57226 ; 7.37707 ; 2.27362 ; -5.49263
7.59395 ; 6.02656 ; 3.98514 ; 4.68909
8.96389 ; 8.1209 ; 0.542828 ; 1.03754
2.3151 ; 7.01589 ; 1.791 ; 3.48067
2.60507 ; 6.91431 ; -1.94042 ; 3.65078
8.23702 ; 7.88613 ; 2.83476 ; 2.34353
3.53597 ; 8.18145 ; -3.2895 ; 1.64905
7.96596 ; 2.91111 ; 3.42239 ; -3.51928
7.78878 ; 8.32665 ; 3.40042 ; 1.15478
7.39545 ; 6.17058 ; 4.17423 ; 4.60332
5.05161 ; 3.29216 ; -4.9303 ; -4.12883
7.36741 ; 6.61724 ; 4.16324 ; 4.22845
3.01413 ; 2.29086 ; -2.64629 ; -2.50312
6.53878 ; 6.31075 ; 4.84453 ; 4.56634
8.11623 ; 3.29058 ; 3.28196 ; -3.92039
3.78859 ; 2.87962 ; -3.85624 ; -3.56606
4.30855 ; 2.83976 ; -4.36055 ; -3.58026
8.28845 ; 2.47411 ; 2.85756 ; -2.82346
3.60041 ; 6.8924 ; 4.59549 ; 3.84484
5.94612 ; 3.11077 ; 5.08587 ; -3.9321
7.23891 ; 6.56622 ; 4.28932 ; 4.2896
3.51771 ; 2.67331 ; -3.50019 ; -3.25298
6.76356 ; 7.54976 ; 4.59062 ; 3.14509
8.73779 ; 2.56185 ; 1.94317 ; -2.80267
6.91158 ; 6.75643 ; -5.12812 ; 4.12443
3.92135 ; 6.66553 ; -4.04633 ; 4.14489
2.84493 ; 7.82528 ; -2.2414 ; 2.29274
6.99708 ; 3.32772 ; 4.46403 ; -4.12027
7.5062 ; 3.00328 ; 3.95822 ; -3.71452
3.19901 ; 7.40763 ; -3.02288 ; 3.13204
8.78864 ; 4.11344 ; -2.3996 ; -4.89829
8.31349 ; 7.27953 ; 2.91885 ; 3.32079
5.82223 ; 1.72714 ; -5.58567 ; -0.134087
6.5521 ; 7.24936 ; 4.76222 ; 3.58038
6.65375 ; 2.90791 ; 4.88811 ; 3.85454
3.40928 ; 2.56335 ; -3.33329 ; -3.07677
3.9338 ; 6.96623 ; -4.01468 ; 3.84059
3.21077 ; 7.89273 ; -2.87316 ; 2.31811
8.16129 ; 7.85222 ; 2.97122 ; 2.44259
2.91537 ; 7.77067 ; -2.41153 ; 2.43934
2.87594 ; 7.79866 ; -2.32112 ; 2.36477
8.38955 ; 2.31016 ; 2.62629 ; -2.5086
8.31552 ; 2.29283 ; 2.74141 ; -2.51354
3.1716 ; 2.29451 ; -2.91106 ; -2.57852
3.23996 ; 3.15106 ; -3.22105 ; -3.78406
8.58637 ; 7.49016 ; 2.34218 ; 2.92196
8.37233 ; 7.0529 ; 2.33776 ; -4.96356
7.77532 ; 2.99664 ; -4.57421 ; -3.59082
3.44587 ; 7.02141 ; -3.45369 ; 3.69105
8.58856 ; 2.05999 ; 2.06548 ; -1.86141
5.98308 ; 6.93539 ; 5.08999 ; 3.95819
8.37572 ; 8.16345 ; -4.86808 ; -0.841331
5.53171 ; 1.75965 ; -5.35821 ; -0.783689
3.67818 ; 3.02302 ; -3.75847 ; -3.71727
3.26802 ; 7.67958 ; -3.03401 ; 2.74655
8.30964 ; 7.28979 ; 2.92279 ; 3.30826
3.25464 ; 2.52198 ; -3.11089 ; -2.9734
8.33742 ; 2.02319 ; 2.57831 ; -1.92179
8.19184 ; 2.11091 ; 2.87134 ; -2.197
2.90104 ; 7.75327 ; -2.39524 ; 2.46327
8.31716 ; 2.3634 ; 2.77021 ; -2.63421
7.9235 ; 4.80302 ; -4.49095 ; -5.50273
8.48236 ; 7.49224 ; 2.55949 ; 2.95698
9.12053 ; 7.21562 ; -1.50432 ; 3.15183
3.19571 ; 2.65713 ; -3.06491 ; -3.14905
3.48966 ; 8.065 ; -3.24928 ; 1.98332
3.77751 ; 3.41449 ; -3.92156 ; -4.14239
3.37143 ; 4.44118 ; -0.636272 ; -5.0548
7.36549 ; 5.82441 ; 4.22505 ; 4.8512
2.24644 ; 2.15264 ; 0.402769 ; -1.54009
4.61973 ; 3.0259 ; -4.63153 ; -3.82362
3.08059 ; 2.16998 ; -2.7079 ; -2.29928
8.50939 ; 7.83296 ; 2.35638 ; 2.32788
7.53107 ; 2.45525 ; 3.83423 ; -2.98301
8.37889 ; 2.26496 ; 2.62232 ; -2.43347
3.0613 ; 7.57571 ; -2.75609 ; 2.83788
4.66429 ; 2.82536 ; -4.64142 ; -3.58093
8.35387 ; 2.29826 ; 2.6811 ; -2.50538
7.82128 ; 2.61282 ; -4.64444 ; -2.88871
4.08136 ; 7.18758 ; -4.12436 ; 3.60427
3.76174 ; 6.87689 ; -3.84947 ; 3.90929
7.78246 ; 2.09689 ; 3.46027 ; -2.27492
2.24868 ; 3.41206 ; 0.978365 ; -4.04495
7.84247 ; 7.15678 ; 3.58936 ; 3.58852
7.92548 ; 2.29381 ; -4.64219 ; -2.08006
8.57613 ; 2.08642 ; 2.11431 ; -1.93564
8.77787 ; 3.33737 ; 0.735795 ; 5.78199
2.82763 ; 2.11948 ; -2.17203 ; -2.04604
2.74811 ; 2.04065 ; -1.9218 ; -1.79205
8.21077 ; 7.64229 ; 2.9685 ; 2.81653
3.28471 ; 2.5038 ; -3.14636 ; -2.95617
8.33801 ; 2.41668 ; 2.75867 ; -2.71493
5.81708 ; 1.77998 ; -5.51654 ; -0.720828
8.42882 ; 7.19897 ; 2.73962 ; 3.40025
3.81667 ; 6.81865 ; -3.9171 ; 3.97775
7.87587 ; 7.08633 ; 3.5633 ; 3.66473
7.54842 ; 3.4723 ; 3.98046 ; -4.19113
3.3367 ; 6.9989 ; -3.31658 ; 3.69208
6.92082 ; 7.85027 ; -5.44049 ; 2.09253
3.19804 ; 2.48211 ; -3.01906 ; -2.89622
8.32794 ; 7.61274 ; 2.7969 ; 2.81944
6.23569 ; 7.95785 ; 5.30932 ; -2.95608
2.91772 ; 2.22954 ; -2.43288 ; -2.33913
3.06102 ; 7.95891 ; -2.58939 ; 2.10979
3.43271 ; 6.58079 ; -3.49993 ; 4.15146
2.28839 ; 3.97999 ; 0.630744 ; -4.70477
3.64262 ; 4.16201 ; -3.81134 ; -4.73582
3.13878 ; 7.54617 ; -2.88789 ; 2.91457
8.18744 ; 1.53668 ; 2.57019 ; 0.295269
3.12015 ; 2.44709 ; -2.88895 ; -2.81458
3.30657 ; 7.28146 ; -3.21015 ; 3.33596
4.8792 ; 7.77585 ; -5.02694 ; -3.07055
7.4455 ; 3.56531 ; 4.08349 ; 5.19486
8.50753 ; 2.15879 ; 2.31714 ; -2.1498
8.34273 ; 2.31798 ; 2.70814 ; -2.54439
8.54023 ; 7.879 ; 2.26206 ; 2.2106
8.14418 ; 7.44648 ; 3.13007 ; 3.136
5.87743 ; 1.94367 ; -5.43495 ; -1.57568
3.83404 ; 8.16271 ; -3.75221 ; -2.55654
5.17576 ; 2.58449 ; -4.93769 ; -3.22925
7.56829 ; 7.64573 ; 3.83719 ; -3.78545
7.8782 ; 6.99398 ; 3.5769 ; 3.76924
8.38969 ; 2.2244 ; 2.58345 ; -2.35335
2.82262 ; 7.86433 ; -2.16943 ; 2.19737
3.11151 ; 5.63836 ; -3.0136 ; 4.90993
8.10339 ; 7.35855 ; 3.20942 ; 3.26816
8.15272 ; 7.30268 ; 3.15573 ; 3.33053
2.27656 ; 2.12161 ; 2.14898 ; -1.19021
2.87461 ; 6.41249 ; 3.36295 ; 4.42046
9.12165 ; 7.93975 ; -1.65403 ; 1.22436
3.83905 ; 1.63362 ; -3.71707 ; -0.75127
2.90861 ; 6.95791 ; 3.52658 ; 3.66891
8.34238 ; 2.47343 ; 2.77125 ; -2.80279
9.1694 ; 2.87314 ; -0.371932 ; -3.17002
5.08783 ; 3.95365 ; 5.38562 ; -4.79473
2.79457 ; 7.9093 ; -2.07786 ; 2.08227
8.23138 ; 1.91201 ; 2.718 ; -1.66257
8.20275 ; 2.88486 ; 2.72554 ; 4.94601
7.65466 ; 7.0435 ; 3.8211 ; 3.75317
2.91205 ; 2.19525 ; -2.40248 ; -2.26672
8.18091 ; 2.4826 ; 3.02117 ; -2.87534
2.56641 ; 3.56476 ; -1.86215 ; -4.16831
7.68564 ; 2.8226 ; 3.73532 ; -3.46848
3.6182 ; 3.13872 ; -3.70814 ; -3.83494
2.63072 ; 7.5198 ; -1.8607 ; 2.76127
5.74099 ; 2.20447 ; -5.73343 ; 3.55866
6.56904 ; 8.2209 ; -5.95642 ; -1.10897
2.83797 ; 7.92505 ; -2.16198 ; 2.07474
7.95621 ; 5.35836 ; -4.40589 ; 5.47573
3.27654 ; 7.00807 ; -3.23179 ; 3.66838
3.00625 ; 2.21384 ; -2.59552 ; -2.35528
5.89149 ; 6.14716 ; -5.65293 ; -5.55663
4.47474 ; 1.83074 ; -4.45923 ; -1.58016
8.17085 ; 2.55342 ; 3.05822 ; -2.98172
4.33885 ; 8.29715 ; -4.29606 ; 1.20682
4.52052 ; 2.01955 ; -4.50927 ; -2.13709
8.37883 ; 7.69104 ; 2.67592 ; 2.66394
7.38542 ; 1.56768 ; 3.92895 ; 0.0615097
8.0747 ; 6.30896 ; 3.39342 ; 4.41729
3.81788 ; 2.65529 ; -3.8494 ; -3.28517
8.24992 ; 2.20253 ; 2.81227 ; -2.3708
3.30905 ; 8.2791 ; -2.76301 ; -2.58436
3.39135 ; 7.03936 ; -3.38031 ; 3.65876
7.19175 ; 6.10889 ; -4.20606 ; -5.69212
5.88101 ; 4.26856 ; -5.37568 ; -5.00733
7.93702 ; 2.55662 ; 3.37238 ; -3.05669
7.98986 ; 7.42189 ; 3.34447 ; 3.21147
5.2982 ; 3.35714 ; 5.0147 ; -4.19144
3.51573 ; 2.44549 ; -3.44287 ; -2.92635
2.22253 ; 7.70637 ; 0.436965 ; 2.07172
2.64704 ; 2.56948 ; -1.94755 ; -2.83874
4.35413 ; 6.05447 ; -4.51113 ; 4.71242
8.3201 ; 2.41516 ; 2.786 ; -2.71927
3.90387 ; 7.08921 ; -3.96418 ; 3.69804
2.88279 ; 7.64468 ; -2.41012 ; 2.65114
3.09468 ; 7.47413 ; -2.84634 ; 3.00292
8.31312 ; 7.84357 ; 2.72156 ; 2.40268
8.99851 ; 2.45007 ; 0.966121 ; -2.46204
8.32658 ; 2.2565 ; 2.70703 ; -2.44399
2.834 ; 7.86706 ; -2.19081 ; 2.19895
8.43962 ; 2.18107 ; 2.46832 ; -2.23809
4.39597 ; 8.4132 ; -4.43268 ; -0.899643
9.10367 ; 1.94273 ; -1.62321 ; -0.494573
7.84527 ; 8.50025 ; 3.25203 ; -0.950207
8.17933 ; 7.52368 ; 3.05636 ; 3.01218
3.05568 ; 7.59428 ; -2.73907 ; 2.8071
8.77106 ; 3.74972 ; 1.99607 ; -4.32772
8.63451 ; 6.54169 ; 2.39487 ; 4.14733
2.97444 ; 7.7082 ; -2.55241 ; 2.58411
2.83496 ; 7.87273 ; -2.18911 ; 2.18855
3.34557 ; 7.55027 ; -3.18368 ; 2.97479
3.25233 ; 2.44388 ; -3.08325 ; -2.85587
7.95693 ; 3.14898 ; 3.47425 ; -3.79779
7.12465 ; 6.56047 ; 4.38868 ; 4.30337
3.4801 ; 3.89297 ; -3.60252 ; -4.52233
2.4552 ; 8.28897 ; -0.292314 ; 0.0805801
2.78253 ; 2.30637 ; -2.17659 ; -2.41899
3.49189 ; 8.49754 ; -3.12013 ; -0.366506
2.99423 ; 2.28404 ; -2.60834 ; -2.48157
8.15356 ; 2.62212 ; 3.10309 ; -3.08605
7.06242 ; 3.24352 ; 4.40092 ; -4.03105
7.89957 ; 2.7455 ; 3.46815 ; -3.32418
8.08277 ; 7.15206 ; 3.2872 ; 3.54137
3.27244 ; 2.28862 ; -3.06297 ; -2.6015
8.30074 ; 2.1176 ; -4.98083 ; 4.09631
2.20384 ; 2.68863 ; 0.260674 ; -2.8499
8.26241 ; 7.36783 ; 2.97826 ; 3.21256
4.91302 ; 6.99211 ; -4.80388 ; 3.89306
7.37367 ; 1.73295 ; 4.00351 ; 2.18758
8.42157 ; 2.23867 ; 2.53396 ; -2.36303
3.16234 ; 7.92079 ; -2.78257 ; 2.23904
8.21208 ; 7.73826 ; 2.93245 ; 2.64824
7.91582 ; 3.37764 ; 3.55578 ; -4.04227
2.93677 ; 2.60887 ; -2.61803 ; -2.9938
7.6817 ; 3.13485 ; 3.79444 ; -3.83037
8.21369 ; 2.39325 ; 2.94283 ; -2.72498
7.78398 ; 7.21629 ; 3.64591 ; 3.52779
8.23043 ; 8.49257 ; 2.43222 ; -1.41757
2.98677 ; 7.68452 ; -2.585 ; 2.63063
3.36624 ; 2.75582 ; -3.32458 ; -3.32639
6.69845 ; 2.9868 ; 4.64175 ; -3.77338
2.80539 ; 2.19846 ; -2.17054 ; -2.20908
8.32211 ; 3.06826 ; 2.93776 ; -3.63234
8.83369 ; 7.3478 ; 1.74224 ; 3.0616
7.35453 ; 8.35279 ; 4.05643 ; -1.45589
2.69023 ; 4.33848 ; -2.13413 ; -4.86387
7.92833 ; 3.06668 ; 3.49722 ; -3.7103
8.54061 ; 1.71814 ; 1.89249 ; -0.690928
6.29713 ; 1.69276 ; 5.15473 ; 1.2056
7.60341 ; 2.64628 ; 3.79089 ; -3.25271
5.85099 ; 1.94321 ; 5.23481 ; -1.6724
2.44517 ; 7.36928 ; -1.31187 ; 2.94464
2.8058 ; 7.8966 ; -2.11065 ; 2.11739
7.68968 ; 3.53863 ; 3.83696 ; -4.23181
2.89873 ; 7.55848 ; -2.4746 ; 2.80157
3.17788 ; 2.39198 ; -2.95678 ; -2.74732
8.03355 ; 6.32017 ; 3.44852 ; 4.41262
3.13631 ; 7.49979 ; -2.90086 ; 2.98068
7.95112 ; 7.94693 ; 3.2601 ; 2.29824
4.10444 ; 6.66869 ; 5.02113 ; 4.18327
3.18713 ; 2.33851 ; -2.95156 ; -2.66159
3.4629 ; 3.86896 ; -3.57995 ; -4.50261
2.97721 ; 2.43403 ; -2.63931 ; -2.73947
8.9752 ; 1.81614 ; 0.233753 ; -0.453948
4.72674 ; 2.69093 ; -4.94251 ; 4.44773
3.11522 ; 2.38254 ; -2.85643 ; -2.70835
8.50539 ; 2.16585 ; 2.32558 ; -2.16539
8.1263 ; 4.12566 ; 3.01297 ; 5.49751
7.87364 ; 7.07891 ; 3.56707 ; 3.6731
3.10072 ; 7.63607 ; -2.79164 ; 2.76076
8.51826 ; 7.86356 ; 2.319 ; 2.25863
5.67657 ; 3.95189 ; -5.56784 ; 5.6292
3.7451 ; 2.61882 ; -3.76166 ; -3.22433
7.73543 ; 8.28966 ; 3.47789 ; -2.33402
8.30472 ; 2.95966 ; 2.9481 ; -3.50382
3.09597 ; 6.30185 ; -3.02263 ; 4.37503
3.48124 ; 7.41389 ; -3.40537 ; 3.20687
7.89673 ; 3.34436 ; 3.57509 ; -4.01235
9.00437 ; 7.15464 ; -2.17561 ; 3.28141
7.62593 ; 2.83205 ; -4.77214 ; -3.33851
7.95695 ; 2.60673 ; 3.36046 ; -3.12125
8.70449 ; 6.91735 ; 1.11808 ; -5.32133
2.52711 ; 8.01621 ; 2.31911 ; -4.07827
3.22916 ; 2.05589 ; -2.91318 ; -2.0991
3.75331 ; 6.89249 ; -3.83827 ; 3.89212
3.6155 ; 6.95092 ; -3.67263 ; 3.80394
7.27094 ; 2.69215 ; 4.13792 ; -3.3588
8.97695 ; 7.72966 ; 0.990274 ; 2.24012
6.80789 ; 4.31154 ; 4.69012 ; -4.91529
3.05119 ; 7.64735 ; -2.70933 ; 2.72132
5.00774 ; 1.70974 ; -5.13365 ; 1.5801
8.14477 ; 5.37319 ; 3.19194 ; -5.22945
8.24312 ; 2.49233 ; 2.93421 ; -2.86806
7.90032 ; 4.38677 ; 3.62465 ; -4.83482
7.3499 ; 2.84686 ; 4.08657 ; -3.55034
3.62226 ; 3.10246 ; -3.70775 ; -3.79576
7.34596 ; 3.00074 ; 4.11432 ; -3.7339
5.98131 ; 6.77788 ; -5.24887 ; 4.13792
3.12104 ; 6.73824 ; -3.03787 ; 3.94184
3.2466 ; 7.51269 ; -3.0552 ; 3.00124
6.45079 ; 7.22938 ; 4.82592 ; 3.60546
8.77946 ; 2.00513 ; 1.46729 ; -1.54139
4.45452 ; 2.28787 ; -4.42571 ; -2.74778
7.47481 ; 5.48567 ; 4.12324 ; 5.03882
3.14892 ; 7.40249 ; -2.95111 ; 3.12332
7.92289 ; 7.4219 ; 3.43116 ; 3.22765
3.66069 ; 3.11441 ; -3.75196 ; -3.80945
4.03952 ; 3.7076 ; -4.19974 ; -4.43615
8.03056 ; 3.03258 ; 3.36163 ; -3.6511
3.16969 ; 7.53719 ; -2.93679 ; 2.93863
3.19077 ; 2.45665 ; -2.99976 ; -2.85555
8.09635 ; 3.16413 ; 3.29344 ; -3.78727
8.75984 ; 7.85841 ; -2.87438 ; -4.45946
4.23418 ; 7.01576 ; -4.29191 ; 3.82215
7.82016 ; 4.34703 ; 3.72587 ; -4.81368
8.05245 ; 7.44773 ; 3.25457 ; 3.15901
2.40658 ; 4.9862 ; 0.00490308 ; 5.55505
3.49786 ; 3.29731 ; -3.58328 ; -3.98434
2.89695 ; 2.2339 ; -2.39302 ; -2.33644
3.22307 ; 7.53405 ; -3.01474 ; 2.96325
3.0826 ; 2.18842 ; -2.71931 ; -2.33804
3.28857 ; 5.96852 ; 4.10164 ; 4.92465
8.14761 ; 7.66386 ; 3.05643 ; 2.80105
4.68162 ; 4.38107 ; -4.80363 ; -4.9753
2.90662 ; 7.78842 ; -2.38552 ; 2.40237
7.82711 ; 7.30734 ; 3.57672 ; 3.40473
8.05199 ; 7.49843 ; 3.24189 ; 3.08628
6.32294 ; 1.95072 ; 4.89549 ; -1.84823
7.84658 ; 3.19064 ; 3.61528 ; -3.8625
2.93784 ; 3.15083 ; -2.13235 ; 5.30124
8.24064 ; 2.34816 ; 2.88388 ; -2.64091
8.16392 ; 2.40359 ; 3.01732 ; -2.75889
4.39149 ; 2.90236 ; -4.44051 ; -3.66045
7.54489 ; 7.17017 ; 3.91724 ; 3.62263
2.99142 ; 7.78533 ; -2.54216 ; 2.4534
3.07212 ; 7.63007 ; -2.74952 ; 2.75778
8.05123 ; 2.56401 ; 3.22547 ; -3.03464
3.63635 ; 5.59075 ; -3.80553 ; 4.92579
3.06794 ; 7.64446 ; -2.73676 ; 2.73329
3.21187 ; 7.52151 ; -3.004 ; 2.97696
9.05766 ; 3.30863 ; -1.51221 ; -3.89072
3.04852 ; 7.59954 ; -2.72599 ; 2.7962
8.28152 ; 6.61699 ; 2.68937 ; -5.14216
3.08367 ; 1.95192 ; -2.60739 ; -1.76161
3.38375 ; 3.71798 ; -3.46799 ; -4.36219
3.35823 ; 2.57781 ; -3.26938 ; -3.08394
8.13216 ; 2.50097 ; 3.09535 ; -2.91917
3.23327 ; 2.59868 ; -3.1037 ; -3.07602
8.20918 ; 2.48979 ; 2.98334 ; -2.87644
7.71214 ; 6.59976 ; 3.81731 ; 4.19936
3.17694 ; 2.39067 ; -2.95546 ; -2.74566
3.11034 ; 8.05681 ; -2.31721 ; -3.41869
2.68365 ; 2.08384 ; -1.77817 ; -1.8536
4.27053 ; 7.67662 ; -4.26031 ; 2.86951
4.90827 ; 3.9277 ; -4.91477 ; -4.69308
2.47735 ; 1.78791 ; 1.83139 ; 3.06392
3.01292 ; 7.66895 ; -2.63468 ; 2.66775
3.89293 ; 8.15264 ; -3.84086 ; -2.62684
3.38475 ; 2.61607 ; -3.3146 ; -3.14275
2.92183 ; 3.15358 ; -2.69454 ; -3.73423
7.0063 ; 7.03862 ; -5.90718 ; -5.28755
3.25785 ; 7.49776 ; -3.07588 ; 3.02576
3.53727 ; 1.61633 ; -3.26038 ; -0.619334
2.96337 ; 7.88104 ; -2.4436 ; 2.24345
2.73291 ; 7.96855 ; -1.88006 ; 1.88997
7.80368 ; 2.83337 ; 3.60294 ; -3.45872
7.93543 ; 7.20712 ; -5.1976 ; -4.59903
3.27041 ; 2.40227 ; -3.09571 ; -2.79527
6.92255 ; 3.03702 ; 4.4865 ; -3.81932
4.87191 ; 3.11044 ; -4.80995 ; -3.92945
7.26221 ; 3.61857 ; 4.27217 ; -4.35993
3.94847 ; 7.38521 ; -3.95856 ; 3.3321
7.87572 ; 6.56626 ; -4.3143 ; 4.30747
3.27509 ; 2.65467 ; -3.17659 ; -3.16649
7.51079 ; 5.31775 ; 4.0846 ; 5.10782
7.97332 ; 7.12187 ; 3.43619 ; 3.60213
8.16654 ; 2.5384 ; 3.05922 ; -2.96201
3.92375 ; 6.3686 ; -4.05995 ; -5.0927
6.06032 ; 6.67542 ; -5.2508 ; 4.2489
8.4009 ; 8.08721 ; 2.4328 ; 1.75948
7.44348 ; 6.64442 ; 4.09076 ; 4.19447
3.16805 ; 2.90332 ; -3.07567 ; -3.47206
7.99385 ; 2.14883 ; 3.18452 ; -2.34083
3.09862 ; 7.5538 ; -2.82347 ; 2.88706
7.85524 ; 5.99077 ; 3.68757 ; 4.68726
2.86411 ; 2.1777 ; 3.52348 ; 4.4899
2.58908 ; 2.41177 ; -1.70933 ; -2.52363
7.8882 ; 3.60652 ; 3.61278 ; -4.26193
3.0197 ; 2.27506 ; -2.64851 ; -2.47769
3.09614 ; 2.27245 ; -2.7787 ; -2.50753
8.41621 ; 7.77786 ; 2.56508 ; 2.48668
8.19184 ; 1.64674 ; 2.64757 ; -0.615745
8.32914 ; 7.69086 ; 2.76085 ; 2.68778
8.61464 ; 2.04722 ; 1.99079 ; -1.80832
5.50951 ; 2.88138 ; -5.1155 ; -3.64084
7.32485 ; 2.69642 ; 4.08625 ; -3.3596
3.55305 ; 7.05804 ; -3.57866 ; 3.67215
5.62855 ; 4.07482 ; -5.27835 ; -4.85509
8.03547 ; 7.12125 ; 3.35682 ; 3.58924
8.31143 ; 7.24526 ; 2.92984 ; 3.36621
6.94172 ; 6.52729 ; -5.16207 ; 4.39228
8.91754 ; 1.68261 ; 0.189232 ; 0.363617
3.2596 ; 6.54053 ; -3.2671 ; 4.14822
8.63885 ; 7.95488 ; 1.97335 ; 1.96138
2.73414 ; 6.95647 ; -2.2676 ; 3.62009
3.34541 ; 2.26785 ; -3.16377 ; -2.58429
5.05525 ; 7.03317 ; -4.88187 ; 3.8483
4.33828 ; 2.93481 ; -4.39812 ; -3.69788
8.01721 ; 7.55215 ; 3.27365 ; 3.01599
3.01428 ; 7.5972 ; -2.67014 ; 2.78492
8.17976 ; 7.60289 ; 3.02883 ; 2.88976
3.00125 ; 7.73071 ; -2.58654 ; 2.55893
8.09803 ; 8.25213 ; 2.9222 ; 1.36745
5.62064 ; 7.1136 ; 5.2071 ; 3.72106
8.87292 ; 5.74714 ; -1.44093 ; -5.93236
5.99397 ; 7.3899 ; 5.07663 ; 3.35635
8.95672 ; 7.58448 ; -2.71869 ; 2.3225
7.72206 ; 6.8258 ; 3.7805 ; 3.97772
7.51192 ; 2.65403 ; 3.89038 ; -3.27768
7.47764 ; 4.42627 ; 4.11597 ; -4.90084
3.73784 ; 7.40318 ; -3.70148 ; -4.23495
7.89016 ; 2.63788 ; 3.45263 ; -3.18166
7.58882 ; 6.87407 ; 3.91504 ; 3.94733
8.43602 ; 7.73901 ; 2.54877 ; 2.54773
4.44157 ; 3.16522 ; -4.51157 ; -3.96601
8.47978 ; 7.79011 ; 2.4388 ; 2.42829
9.15057 ; 3.05791 ; -0.0767322 ; -3.4821
7.4284 ; 7.16579 ; 4.03583 ; 3.64187
7.62373 ; 6.77935 ; 3.89141 ; 4.03744
8.27694 ; 6.90857 ; 3.04498 ; 3.79104
9.16315 ; 6.88884 ; -0.22785 ; 3.69898
8.41916 ; 7.74313 ; 2.57714 ; 2.54883
8.11718 ; 2.1497 ; 3.00235 ; -2.30705
8.17665 ; 2.41195 ; 3.00278 ; -2.76727
8.07527 ; 2.70527 ; 3.23308 ; -3.22446
7.85087 ; 7.68312 ; 3.459 ; 2.84019
2.3469 ; 2.41484 ; 2.53096 ; -2.14798
7.83707 ; 7.22119 ; 3.58318 ; 3.51187
2.7364 ; 8.20893 ; -1.01307 ; -3.04942
3.59723 ; 4.85019 ; -3.73421 ; 5.24118
4.31848 ; 7.29908 ; 5.20588 ; 3.29557
2.84984 ; 7.84302 ; -2.24008 ; 2.26016
4.64931 ; 3.38006 ; -4.6908 ; -4.19867
3.42713 ; 3.27664 ; -3.49184 ; -3.95208
7.70269 ; 4.39434 ; 3.86764 ; -4.85838
2.4854 ; 8.24189 ; -0.633243 ; 0.568176
3.65467 ; 3.13257 ; 4.6255 ; -3.8218
6.24282 ; 8.15663 ; -5.91184 ; -1.88022
8.33851 ; 7.65241 ; 2.76267 ; 2.75012
7.52098 ; 4.70822 ; 4.07432 ; -5.03336
7.95402 ; 7.18717 ; 3.44693 ; 3.52863
8.28965 ; 7.59546 ; 2.86413 ; 2.86179
3.63317 ; 2.35722 ; -3.56674 ; -2.8043
3.09025 ; 7.49521 ; -2.83268 ; 2.97108
3.49733 ; 2.56189 ; -3.44774 ; -3.09477
8.38812 ; 3.69302 ; 2.48115 ; 5.48138
8.48215 ; 7.82221 ; 2.41697 ; 2.36543
8.28645 ; 7.61255 ; 2.86263 ; 2.83658
8.38689 ; 5.10729 ; 2.76987 ; -5.18165
8.16121 ; 2.35713 ; 3.00586 ; -2.6853
4.81822 ; 7.07447 ; -4.73541 ; 3.79372
3.00753 ; 7.72194 ; -2.60106 ; 2.57673
2.35571 ; 2.42494 ; -0.810883 ; -2.40904
3.41936 ; 3.52289 ; -3.32552 ; 5.11599
6.08594 ; 3.8647 ; 5.34484 ; 5.52276
7.41723 ; 7.25545 ; 4.03438 ; 3.5326
2.77672 ; 7.94153 ; -2.01222 ; 1.99313
2.77844 ; 2.05096 ; -2.00745 ; -1.8429
8.33353 ; 2.42591 ; 2.76897 ; -2.73084
8.33517 ; 2.44586 ; 2.77351 ; -2.76189
4.5263 ; 3.20469 ; -4.58311 ; -4.01308
3.21257 ; 2.56021 ; -3.06405 ; -3.01598
2.93759 ; 7.74706 ; -2.46557 ; 2.49511
8.52897 ; 8.46325 ; 1.55184 ; -1.74514
8.13491 ; 7.39335 ; 3.1579 ; 3.213
3.53303 ; 2.93029 ; -3.57157 ; -3.58294
8.51909 ; 7.84877 ; 2.32663 ; 2.28916
6.80725 ; 6.86012 ; 4.61142 ; 4.0345
7.82433 ; 6.79291 ; 3.66868 ; 3.99629
8.17218 ; 2.46555 ; 3.02755 ; -2.85309
5.99099 ; 5.74035 ; -5.62713 ; -5.58992
3.37275 ; 2.45024 ; -3.25326 ; -2.89972
3.01831 ; 7.71979 ; -2.61954 ; 2.58542
3.31112 ; 2.74852 ; -3.24886 ; -3.30331
8.23495 ; 2.23513 ; 2.84872 ; -2.43992
7.3319 ; 2.75687 ; 4.08883 ; -3.43815
3.97662 ; 5.09199 ; -4.18449 ; -5.18509
6.2791 ; 6.70612 ; 4.96679 ; 4.20985
8.17905 ; 7.1307 ; 3.15651 ; 3.54565
7.43997 ; 5.38095 ; 4.15971 ; 5.09229
7.14504 ; 6.1299 ; -4.91277 ; 4.79167
4.78277 ; 4.20161 ; -4.85893 ; -4.86721
7.58186 ; 8.13089 ; 3.75552 ; -2.77549
2.83262 ; 3.65904 ; 3.01619 ; -4.45038
7.28714 ; 2.20534 ; 4.17997 ; 3.4318
3.51227 ; 7.59381 ; 5.35981 ; -4.70702
2.92941 ; 7.48941 ; -2.55676 ; 2.92364
6.13832 ; 6.47111 ; 5.06385 ; 4.34153
2.8569 ; 7.37813 ; -2.4479 ; 3.07083
7.92558 ; 7.85944 ; -4.96843 ; 1.70119
