3.14091 ; 1.55044 ; -1.9479 ; 1.47934
3.1728 ; 8.05793 ; -2.25577 ; 1.20947
3.34699 ; 7.49328 ; -2.82237 ; 2.60754
8.73032 ; 8.03274 ; 0.99992 ; 0.995367
2.45075 ; 1.91299 ; 0.143441 ; -0.201401
8.71538 ; 8.06447 ; 1.01271 ; 0.907654
2.85191 ; 2.08148 ; -1.61249 ; -1.30025
2.64633 ; 8.27101 ; -0.541462 ; -0.146404
4.83999 ; 7.741 ; -4.69472 ; 2.27111
3.09295 ; 2.28913 ; -2.27977 ; -1.95167
3.41239 ; 1.68021 ; -2.68865 ; 0.010175
9.06741 ; 1.98006 ; -1.19257 ; -0.139833
7.27657 ; 3.84366 ; 4.15468 ; 5.80935
2.91169 ; 7.40766 ; 4.8813 ; 2.40044
7.47034 ; 6.24077 ; -5.55064 ; 4.63883
9.1442 ; 2.80034 ; -1.99964 ; -2.64801
7.96076 ; 6.19571 ; 3.19231 ; 4.45529
3.04947 ; 2.81219 ; -2.37078 ; -2.96292
2.76279 ; 1.79428 ; -1.07938 ; -0.130883
2.33832 ; 2.85644 ; 3.09784 ; -2.83366
2.69776 ; 1.98356 ; -1.07744 ; -0.860952
8.63203 ; 2.07233 ; 1.32979 ; -1.15984
3.03542 ; 2.2831 ; -2.15539 ; -1.91185
9.06004 ; 2.1282 ; -0.671516 ; -0.858439
7.50517 ; 2.64125 ; 3.66541 ; -2.85231
5.56816 ; 7.91182 ; -5.2913 ; 1.69663
2.35646 ; 7.73698 ; 0.199239 ; 1.54641
2.43948 ; 7.87071 ; -0.156841 ; 1.22488
8.78018 ; 8.10736 ; 0.726503 ; 0.666797
8.81921 ; 1.93899 ; -3.12801 ; 4.71944
3.37666 ; 2.30447 ; -2.83769 ; -2.09162
2.71049 ; 7.23909 ; -1.51428 ; 2.85278
3.289 ; 2.46177 ; -2.73102 ; -2.39178
3.04562 ; 8.47666 ; -1.5938 ; -1.92807
7.57642 ; 6.6545 ; 3.71308 ; 3.99189
2.96966 ; 7.73177 ; -1.96666 ; 1.96403
6.48307 ; 6.18899 ; 4.90153 ; 4.61077
8.10818 ; 7.51231 ; 2.74517 ; 2.60325
8.3725 ; 2.18491 ; 2.03716 ; -1.63949
5.07659 ; 8.22315 ; 6.12016 ; -1.20894
8.59648 ; 8.22491 ; 1.23134 ; 0.371213
8.39343 ; 2.21348 ; 2.00674 ; -1.69669
9.00376 ; 8.174 ; -0.813913 ; -0.185225
8.53241 ; 7.27019 ; 1.95708 ; 2.90444
8.39178 ; 1.83236 ; 1.78481 ; -0.505346
8.13793 ; 7.42622 ; 2.7179 ; 2.75092
2.73128 ; 7.92372 ; -1.24489 ; 1.3333
8.08466 ; 7.5273 ; 2.78155 ; 2.58142
7.41513 ; 5.7042 ; 3.98631 ; 4.95461
2.67352 ; 8.04041 ; -0.955757 ; 0.932418
7.99679 ; 7.20845 ; 3.01175 ; 3.15503
2.67451 ; 8.02022 ; -0.981745 ; 0.99654
8.43228 ; 7.70132 ; 2.02947 ; 2.09283
8.63881 ; 2.0362 ; 1.27813 ; -1.04768
2.58689 ; 2.03996 ; 1.93635 ; 5.33
8.18066 ; 1.97438 ; 2.34661 ; -1.13712
2.86233 ; 7.95236 ; -1.57422 ; 1.36074
8.23382 ; 2.24726 ; 2.35838 ; -1.85411
2.79791 ; 7.93152 ; -1.42055 ; 1.37071
3.25116 ; 2.46485 ; -2.66279 ; -2.38574
2.26537 ; 7.93037 ; 1.60584 ; 0.673775
8.57922 ; 7.87341 ; 1.58376 ; 1.59631
8.35319 ; 2.20066 ; 2.0867 ; -1.68745
5.5672 ; 7.31194 ; -5.2568 ; 3.11662
2.58972 ; 1.86795 ; -0.510923 ; -0.249877
4.22586 ; 2.47003 ; 5.73268 ; -2.24634
3.18292 ; 7.364 ; -2.56398 ; 2.78909
3.05076 ; 7.73481 ; -2.14317 ; 2.00086
8.06305 ; 7.56223 ; 2.80855 ; 2.52341
8.19936 ; 1.62509 ; 2.11834 ; 0.565072
6.25648 ; 7.25368 ; -5.56298 ; 3.16966
2.7864 ; 6.65913 ; 4.24322 ; 3.92744
2.94917 ; 7.76413 ; -1.90212 ; 1.88008
4.91151 ; 2.16477 ; 6.35933 ; 4.28349
7.9406 ; 3.60212 ; 3.19568 ; -4.11941
2.74486 ; 2.02226 ; -1.26513 ; -1.03461
3.02756 ; 7.37862 ; -2.24902 ; 2.7085
3.4821 ; 7.2239 ; -3.12365 ; 3.10823
2.91338 ; 7.5659 ; -1.92302 ; 2.29445
2.91994 ; 2.96233 ; -2.11973 ; -3.18147
3.2065 ; 1.54439 ; -2.09096 ; 2.23838
2.94372 ; 2.11129 ; -1.85873 ; -1.44403
8.07941 ; 2.39543 ; 2.71362 ; -2.24156
8.42407 ; 7.77506 ; 2.01264 ; 1.93178
2.9462 ; 2.25748 ; -1.94555 ; -1.80764
7.4288 ; 6.71665 ; -5.49676 ; 3.98334
3.413 ; 2.2597 ; -2.8872 ; -2.00336
4.56538 ; 2.90347 ; -4.51493 ; -3.34907
4.47271 ; 1.75903 ; -4.37611 ; -0.375011
8.64147 ; 2.01882 ; 1.25445 ; -0.994293
8.36666 ; 2.14648 ; 2.02898 ; -1.54611
7.6978 ; 4.38691 ; 3.49989 ; 5.72637
3.01896 ; 7.37312 ; -2.23321 ; 2.7146
2.62244 ; 7.87656 ; -0.94123 ; 1.37809
9.04068 ; 8.01416 ; -0.64335 ; 0.604421
2.71652 ; 2.00199 ; -1.15869 ; -0.941526
6.11521 ; 7.22729 ; 5.49158 ; -5.39116
7.93503 ; 8.03787 ; 2.88982 ; 1.42627
9.11777 ; 7.35578 ; -2.59476 ; 2.47968
2.86147 ; 2.24677 ; -1.74402 ; -1.73633
8.55757 ; 2.05686 ; 1.5158 ; -1.17774
3.0321 ; 7.78458 ; -2.0766 ; 1.87957
9.14047 ; 7.15671 ; -1.94279 ; 2.94896
3.87623 ; 8.43808 ; -3.53004 ; -1.82486
7.79348 ; 5.95573 ; 3.39688 ; -5.64035
8.51772 ; 7.89492 ; 1.72342 ; 1.58353
7.55092 ; 2.08473 ; -5.89884 ; -0.640319
8.38658 ; 3.0333 ; 2.30635 ; -3.28494
3.21584 ; 5.29775 ; -2.70572 ; -5.50811
3.36695 ; 5.41741 ; -3.0054 ; -5.53642
4.40324 ; 2.86457 ; -4.35973 ; -3.20822
4.53724 ; 3.39361 ; 5.706 ; -4.07546
2.98757 ; 2.58459 ; -2.17485 ; -2.52624
3.13353 ; 7.16122 ; -2.52696 ; 3.11527
2.29513 ; 2.63507 ; 2.98995 ; -2.27521
3.27777 ; 2.64863 ; -2.7671 ; -2.74218
2.86907 ; 7.86463 ; -1.65342 ; 1.5973
8.35597 ; 6.55038 ; 2.45581 ; 4.00817
2.97644 ; 8.4024 ; -1.5221 ; -0.608134
8.25436 ; 3.31486 ; 2.61835 ; -3.71974
3.1805 ; 2.23733 ; -2.43695 ; -1.87143
6.5923 ; 3.30293 ; 4.74873 ; -3.94223
8.78575 ; 5.88128 ; -2.68687 ; -6.31592
2.5342 ; 1.90003 ; 4.45929 ; 1.6552
6.65013 ; 5.56673 ; 4.89891 ; -5.70328
8.21318 ; 8.43904 ; 2.12264 ; -0.648023
2.88425 ; 2.4144 ; -1.87549 ; -2.13246
8.70476 ; 8.02409 ; 1.09145 ; 1.05104
8.17079 ; 8.15124 ; 2.38488 ; 0.973253
8.00664 ; 2.10073 ; 2.73881 ; -1.57299
2.87849 ; 7.87459 ; -1.66898 ; 1.57939
2.92941 ; 8.41227 ; -1.10851 ; -3.0907
8.56102 ; 2.04623 ; 1.49834 ; -1.14488
8.68183 ; 2.33191 ; 1.35062 ; -1.81943
5.9234 ; 7.46079 ; -5.42956 ; 2.79616
8.41954 ; 6.24446 ; -4.46453 ; 4.60478
8.46236 ; 2.23119 ; 1.86292 ; -1.69872
3.15159 ; 2.24828 ; -2.3837 ; -1.88529
2.95165 ; 2.21859 ; -1.93697 ; -1.71978
2.66113 ; 2.11477 ; -1.07742 ; -1.24298
3.1953 ; 7.01609 ; -2.67744 ; 3.35665
2.61005 ; 2.02531 ; -0.806981 ; -0.906557
4.44303 ; 2.91244 ; -4.40131 ; -3.36685
3.26828 ; 8.36143 ; -2.21288 ; -3.25402
2.80729 ; 7.70953 ; -1.59598 ; 1.92335
3.1987 ; 1.5418 ; -2.09224 ; 1.83077
3.31414 ; 2.66637 ; 5.2854 ; -2.56669
8.33106 ; 2.49575 ; 2.27175 ; -2.34996
8.61475 ; 8.09571 ; 1.30481 ; 0.894553
8.74532 ; 8.03892 ; 0.942391 ; 0.959273
6.82035 ; 6.11516 ; 4.61318 ; 4.65727
3.88719 ; 3.48598 ; -3.8407 ; 5.78662
8.72341 ; 8.07008 ; 0.981422 ; 0.880096
8.91051 ; 1.71051 ; -1.56368 ; 2.71147
2.9212 ; 2.23302 ; -1.87766 ; -1.73716
2.89236 ; 2.48329 ; -1.92263 ; -2.28238
8.67138 ; 8.01952 ; 1.19946 ; 1.09756
3.69769 ; 6.9501 ; -3.50844 ; 3.56503
2.70341 ; 7.95811 ; -1.13608 ; 1.21434
8.3118 ; 7.00875 ; 2.49363 ; 3.39016
2.77557 ; 2.01513 ; -1.34854 ; -1.03959
7.84896 ; 8.23776 ; 2.99318 ; 0.732234
3.11006 ; 1.60248 ; -1.77329 ; 3.1397
3.43773 ; 2.5137 ; -3.00544 ; -2.53572
3.70932 ; 2.45022 ; -3.41914 ; -2.47561
2.30597 ; 2.81472 ; 0.209703 ; -2.6993
8.86487 ; 8.37201 ; -0.865568 ; -2.30825
8.21798 ; 2.20168 ; 2.37017 ; -1.75406
2.57558 ; 1.75456 ; -0.212044 ; 0.445455
9.01927 ; 8.22489 ; -1.39903 ; -0.768768
9.00974 ; 2.24379 ; -0.118436 ; -1.32841
2.71858 ; 1.99843 ; -1.16117 ; -0.93326
3.48866 ; 7.51767 ; -3.05678 ; 2.60452
5.11507 ; 5.02844 ; -5.20357 ; 5.54848
2.92126 ; 2.19183 ; -1.85361 ; -1.63757
6.55854 ; 6.43872 ; 4.79156 ; 4.33416
6.94706 ; 7.16053 ; 4.38213 ; 3.36681
8.62042 ; 2.07003 ; 1.35914 ; -1.16297
6.33685 ; 7.33904 ; 4.92354 ; 3.07508
3.16564 ; 7.7393 ; 5.91201 ; -5.29838
8.49476 ; 2.67584 ; 1.97681 ; -2.64152
8.52148 ; 8.05604 ; 1.60348 ; 1.10702
3.35499 ; 7.21735 ; -2.91673 ; 3.08614
2.80756 ; 7.86382 ; -1.49918 ; 1.55388
3.12153 ; 7.38584 ; -2.4379 ; 2.72931
6.60707 ; 8.29807 ; 4.80778 ; -0.276177
8.20343 ; 7.0776 ; 2.68614 ; 3.30985
8.47397 ; 2.37172 ; 1.90964 ; -2.01794
8.38905 ; 7.67029 ; 2.13736 ; 2.18049
3.30298 ; 7.67789 ; -2.67791 ; 2.23021
9.03098 ; 2.20203 ; -0.313891 ; -1.17013
4.44045 ; 2.81702 ; -4.38105 ; -3.21691
8.34799 ; 7.55527 ; 2.27357 ; 2.43711
3.19702 ; 7.25345 ; -2.62408 ; 2.98247
7.94222 ; 1.62302 ; 2.66694 ; 2.94901
6.25472 ; 7.06169 ; 4.99827 ; 3.52909
2.68046 ; 8.02113 ; -0.99747 ; 0.999925
2.83376 ; 8.1587 ; -1.33874 ; 0.644973
8.67003 ; 2.03951 ; 1.19127 ; -1.02879
8.64336 ; 7.89095 ; 1.39805 ; 1.50527
2.49838 ; 8.20289 ; 0.0612475 ; -0.0525894
8.69134 ; 1.95335 ; 1.0343 ; -0.721769
8.18686 ; 1.55055 ; 2.07306 ; 1.6263
5.64309 ; 2.57313 ; -5.3176 ; -2.74244
8.69551 ; 8.02552 ; 1.11856 ; 1.05642
8.50954 ; 7.70822 ; 1.85149 ; 2.03989
8.78014 ; 1.88392 ; 0.605999 ; -0.318135
8.36637 ; 2.25222 ; 2.08582 ; -1.80179
2.43444 ; 1.92416 ; 0.224221 ; -0.220152
4.51343 ; 1.94653 ; 6.12596 ; -0.0615453
2.79549 ; 7.96258 ; -1.38865 ; 1.28329
4.90152 ; 3.18123 ; -5.12074 ; 5.77306
3.94059 ; 7.77087 ; -3.6727 ; 2.17194
3.43523 ; 6.10883 ; -3.20625 ; 4.51818
7.6549 ; 7.90652 ; 3.38483 ; 1.84884
5.76635 ; 7.33074 ; 5.3176 ; 3.05345
8.36713 ; 7.85996 ; 2.0952 ; 1.75812
8.5616 ; 2.04568 ; 1.49749 ; -1.144
8.63877 ; 7.96029 ; 1.35319 ; 1.31239
8.35501 ; 7.61589 ; 2.23381 ; 2.31122
8.59066 ; 7.90345 ; 1.53301 ; 1.512
6.57297 ; 2.6347 ; -5.67142 ; -2.74525
2.67022 ; 8.00401 ; -0.98548 ; 1.04046
4.81138 ; 7.17164 ; -4.72246 ; 3.36186
3.15162 ; 2.60073 ; -2.51842 ; -2.61409
3.20335 ; 7.66722 ; -2.49084 ; 2.21547
7.52133 ; 7.38903 ; -5.53504 ; 2.70365
8.16639 ; 2.57307 ; 2.61728 ; -2.56382
3.14156 ; 7.6787 ; -2.36239 ; 2.1653
5.1541 ; 2.4971 ; -4.98506 ; -2.62885
2.56583 ; 5.76714 ; 2.65661 ; -6.30512
7.73481 ; 8.48021 ; 3.1583 ; -1.32175
7.488 ; 4.79548 ; 3.90835 ; -5.22339
6.5073 ; 7.29445 ; -5.56828 ; 3.06468
7.45932 ; 6.59652 ; 3.8961 ; -5.58282
6.80178 ; 5.70571 ; 4.7453 ; -5.67803
8.67898 ; 2.002 ; 1.128 ; -0.902803
4.43496 ; 2.61314 ; 5.70719 ; -2.64993
2.53592 ; 2.78709 ; 3.87612 ; -2.71724
8.41189 ; 7.85853 ; 1.99672 ; 1.73843
2.58877 ; 8.10408 ; -0.575179 ; 0.594599
8.66363 ; 1.97791 ; 1.14877 ; -0.839382
2.81654 ; 2.07738 ; -1.51549 ; -1.26166
2.6109 ; 5.95075 ; -0.368492 ; -6.04425
2.24714 ; 7.2629 ; 1.92291 ; 2.65435
8.29275 ; 2.26652 ; 2.24859 ; -1.87149
2.84124 ; 7.0682 ; -1.05499 ; -5.90232
8.54288 ; 2.16096 ; 1.62996 ; -1.47398
2.59504 ; 8.11711 ; -0.579634 ; 0.555061
6.74605 ; 1.91898 ; 4.50403 ; -1.06589
4.35069 ; 3.20857 ; -4.34241 ; -3.7834
3.57006 ; 3.01447 ; 5.29326 ; -3.37186
8.51539 ; 2.23738 ; 1.74477 ; -1.68165
9.0337 ; 3.19495 ; 0.118743 ; -3.4241
2.24399 ; 3.20597 ; 1.10037 ; -3.49547
2.61858 ; 2.37932 ; -1.10824 ; -1.92203
8.72116 ; 1.93661 ; 0.90929 ; -0.621603
6.47659 ; 1.72606 ; 4.98962 ; 2.18996
7.84459 ; 4.47489 ; 3.38615 ; -4.96209
8.30614 ; 8.37761 ; 1.93158 ; -0.217716
3.64836 ; 2.34924 ; -3.30117 ; -2.25566
5.04582 ; 2.42414 ; -4.95342 ; -2.3353
2.89779 ; 7.85239 ; -1.7296 ; 1.64585
8.52098 ; 2.26068 ; 1.74473 ; -1.73381
2.76816 ; 2.09288 ; -1.39384 ; -1.26741
3.40572 ; 2.43428 ; -2.92854 ; -2.37169
3.46009 ; 2.3487 ; -2.99423 ; -2.21017
2.66318 ; 8.02959 ; -0.937091 ; 0.954502
8.78988 ; 8.13873 ; 0.641758 ; 0.523216
8.49794 ; 7.38302 ; 2.00631 ; 2.7102
4.58872 ; 6.55412 ; -4.59067 ; 4.18378
3.16695 ; 6.4433 ; 4.91512 ; 4.29894
8.64495 ; 2.01801 ; 1.24527 ; -0.988917
2.72542 ; 8.01133 ; -1.14735 ; 1.07679
9.0248 ; 2.7999 ; -3.08523 ; -2.66963
7.98202 ; 2.47242 ; 2.90851 ; -2.42887
2.42712 ; 7.26721 ; 3.51771 ; 2.65942
2.62837 ; 3.62026 ; -0.0621207 ; 6.27902
8.21459 ; 8.39755 ; 2.1487 ; -0.293005
2.79796 ; 6.24521 ; -1.8653 ; 4.30879
3.52204 ; 2.41027 ; -3.11586 ; -2.35319
8.80336 ; 8.13317 ; 0.594205 ; 0.526604
8.36475 ; 7.81462 ; 2.12177 ; 1.86797
2.43871 ; 1.77476 ; 0.697161 ; 0.77934
2.98385 ; 7.65763 ; -2.0379 ; 2.13372
7.28967 ; 7.02056 ; 4.02217 ; 3.54697
3.26035 ; 7.54623 ; -2.6476 ; 2.48066
9.09527 ; 2.5785 ; -0.465199 ; -2.16941
8.69606 ; 8.18578 ; 0.941262 ; 0.440419
7.88269 ; 6.02918 ; 3.22921 ; -5.62727
3.73261 ; 7.05909 ; -3.4849 ; -3.78207
9.00726 ; 7.33835 ; 0.293468 ; 2.61362
2.62524 ; 8.11005 ; -0.702838 ; 0.623068
2.59871 ; 8.09971 ; -0.618285 ; 0.625126
8.66081 ; 7.97038 ; 1.28005 ; 1.262
2.92672 ; 2.28203 ; -1.91506 ; -1.85398
3.95661 ; 7.36109 ; 5.65614 ; 2.72984
8.71929 ; 8.0531 ; 1.01273 ; 0.940624
2.7581 ; 2.134 ; -1.39614 ; -1.37571
8.94749 ; 1.79338 ; -3.02001 ; 2.55815
2.58096 ; 1.88889 ; -0.507336 ; -0.331607
8.4087 ; 2.28178 ; 2.01099 ; -1.84656
8.18233 ; 7.08426 ; 2.71404 ; 3.2318
8.08842 ; 1.72953 ; 2.3024 ; 3.73087
2.80277 ; 7.93892 ; -1.42695 ; 1.35517
2.91207 ; 5.77118 ; -1.81917 ; -5.76128
2.96776 ; 7.70363 ; -1.97836 ; 2.02535
8.67015 ; 1.96175 ; 1.11117 ; -0.776104
3.95487 ; 7.66207 ; -3.71454 ; 2.41108
2.92776 ; 2.74225 ; -2.08842 ; -2.80357
8.37082 ; 1.9784 ; 1.92807 ; -1.05926
8.5949 ; 7.74828 ; 1.61881 ; 1.90278
2.60032 ; 2.3156 ; -1.0091 ; -1.75407
8.24266 ; 7.9474 ; -5.63996 ; 0.342325
8.16528 ; 2.15109 ; 2.45515 ; -1.64891
7.38722 ; 6.76588 ; 3.93482 ; 3.87735
2.5248 ; 1.69422 ; 0.353601 ; 1.22924
2.81431 ; 8.24548 ; -1.19575 ; 0.235235
8.59706 ; 8.23876 ; 0.472276 ; -4.22515
4.15745 ; 2.82989 ; -4.08182 ; -3.21448
8.93961 ; 1.77739 ; -2.78715 ; 2.78168
2.64567 ; 1.93408 ; -0.83276 ; -0.614846
8.68559 ; 1.99272 ; 1.09758 ; -0.865715
8.39632 ; 2.39264 ; 2.09135 ; -2.10125
2.66219 ; 8.06815 ; -0.886968 ; 0.824016
6.16711 ; 7.7958 ; 5.05863 ; 2.08727
8.66157 ; 7.10735 ; 0.441481 ; -5.99785
7.86814 ; 2.15446 ; 3.00034 ; -1.75403
8.21492 ; 7.81601 ; 2.43495 ; 1.92565
7.46413 ; 1.75674 ; 3.56964 ; -0.428999
8.54327 ; 2.1084 ; 1.59275 ; -1.33492
2.86526 ; 7.75045 ; -1.71625 ; 1.86217
8.53572 ; 7.91542 ; 1.66552 ; 1.51912
8.88155 ; 2.85185 ; 0.862333 ; -2.84224
7.21218 ; 8.4368 ; 4.05567 ; -1.34691
9.0915 ; 2.51565 ; -0.478474 ; -2.02062
8.3302 ; 7.99117 ; -5.59375 ; 0.032155
7.93676 ; 1.58285 ; 2.69077 ; 0.88852
2.74667 ; 7.95438 ; -1.26026 ; 1.26419
8.60506 ; 7.91498 ; 1.48627 ; 1.47025
5.62173 ; 3.67146 ; -5.38187 ; -4.42263
3.25058 ; 7.80055 ; -2.52892 ; 1.93809
2.91253 ; 7.8147 ; -1.78902 ; 1.74272
5.81183 ; 3.01303 ; 5.2656 ; -3.54559
3.06537 ; 5.17185 ; -2.45086 ; 5.27556
3.84563 ; 2.40624 ; -3.66978 ; 5.02876
2.25535 ; 2.51573 ; 0.818247 ; -2.02479
8.56095 ; 7.92999 ; 1.59119 ; 1.4627
8.62994 ; 8.00981 ; 1.33451 ; 1.16924
3.25206 ; 2.22518 ; -2.57485 ; -1.87036
8.76054 ; 1.90994 ; 0.725006 ; -0.460054
2.63221 ; 1.92618 ; -0.771409 ; -0.565985
2.84317 ; 2.03138 ; -0.695398 ; 5.13327
6.02171 ; 3.83432 ; 5.49666 ; 6.01398
8.10419 ; 7.91452 ; 2.41192 ; -4.66899
5.2247 ; 2.50061 ; -5.0435 ; -2.63092
2.94671 ; 7.76459 ; -1.89757 ; 1.87796
2.86255 ; 2.42769 ; -1.83059 ; -2.15134
2.8795 ; 7.84625 ; -1.69052 ; 1.64841
3.4821 ; 1.54189 ; -2.7772 ; 1.83343
5.10416 ; 7.70157 ; -4.92345 ; 2.3456
5.51183 ; 2.50829 ; 5.98071 ; 5.17626
8.01828 ; 3.55582 ; 3.06719 ; -4.06628
3.108 ; 7.6192 ; -2.32031 ; 2.27512
8.35649 ; 2.31262 ; 2.13822 ; -1.94398
3.05159 ; 8.06322 ; -1.97714 ; 1.13505
8.46466 ; 7.53195 ; 2.0315 ; 2.43486
8.55049 ; 7.85413 ; 1.66939 ; 1.66526
7.95276 ; 2.9516 ; 3.08215 ; -3.26886
8.53036 ; 7.76898 ; 1.77041 ; 1.88915
8.47836 ; 2.12212 ; 1.76021 ; -1.41671
8.7058 ; 8.00831 ; 1.10437 ; 1.09929
9.0461 ; 2.29739 ; -0.30821 ; -1.45086
2.57135 ; 1.98138 ; 2.54851 ; 5.04632
7.12335 ; 6.5175 ; -6.20456 ; -6.28476
6.73124 ; 7.58479 ; 4.55943 ; 2.62292
8.14554 ; 3.1774 ; 2.7993 ; -3.55523
2.6341 ; 8.05341 ; -0.809159 ; 0.839816
7.94407 ; 7.80654 ; 2.94276 ; 2.03765
6.09455 ; 7.93475 ; 5.50177 ; -3.97368
8.27195 ; 2.21086 ; 2.26473 ; -1.75254
8.46884 ; 1.8182 ; 1.56966 ; -0.383718
8.12438 ; 6.01422 ; 2.91641 ; 4.61879
8.48841 ; 8.2669 ; 1.5228 ; 0.275114
7.87358 ; 7.50326 ; 3.13932 ; 2.68076
2.95242 ; 2.28064 ; -1.97122 ; -1.86389
2.81376 ; 7.86401 ; -1.51386 ; 1.55811
2.85117 ; 2.16666 ; -1.67 ; -1.52982
9.04589 ; 2.23357 ; -0.381874 ; -1.25288
2.62663 ; 7.13267 ; -1.28431 ; 3.01555
2.95948 ; 2.45221 ; -2.06423 ; -2.24514
8.44965 ; 2.10904 ; 1.81764 ; -1.40001
3.78584 ; 7.47159 ; -3.52268 ; 2.75402
4.58372 ; 2.58158 ; 5.72397 ; -2.60215
7.59216 ; 7.21808 ; 3.61165 ; 3.21706
3.09445 ; 2.32326 ; -2.29803 ; -2.0268
7.70816 ; 2.57379 ; -6.41531 ; 5.90687
5.89224 ; 7.88813 ; -5.49044 ; 1.69119
2.58406 ; 1.93811 ; -0.593975 ; -0.546779
2.60267 ; 2.07086 ; -0.82573 ; -1.05054
8.60023 ; 7.87433 ; 1.52905 ; 1.57989
8.45572 ; 2.07733 ; 1.78471 ; -1.31076
3.96287 ; 3.5178 ; -3.93832 ; -4.12388
7.95554 ; 1.80524 ; 2.74289 ; -0.58089
6.41744 ; 2.23252 ; 4.80646 ; -2.02541
8.18559 ; 6.48129 ; 2.79116 ; 4.11352
3.03728 ; 7.58584 ; -2.18804 ; 2.31135
8.66216 ; 2.02376 ; 1.20051 ; -0.988996
7.75857 ; 6.75861 ; 3.45136 ; 3.83722
8.39006 ; 2.22037 ; 2.01822 ; -1.71388
2.26006 ; 7.71718 ; 1.07923 ; 1.49155
2.78364 ; 8.06085 ; -0.365027 ; -4.83249
8.15743 ; 7.63352 ; 2.61441 ; 2.35246
2.7116 ; 7.90045 ; -1.2076 ; 1.38113
3.71941 ; 6.90092 ; -3.54806 ; 3.63629
2.79378 ; 2.08771 ; -1.4616 ; -1.27171
3.19229 ; 2.34261 ; -2.504 ; -2.11039
3.38181 ; 8.46484 ; -2.50106 ; -2.21833
2.6625 ; 8.03866 ; -0.924214 ; 0.925627
8.5357 ; 7.8658 ; 1.69793 ; 1.64583
3.72023 ; 7.58856 ; -3.40087 ; 2.5209
8.03124 ; 7.38431 ; 2.91089 ; 2.82042
8.65011 ; 1.60978 ; 0.316323 ; 2.9083
3.27034 ; 3.86083 ; -2.71635 ; 5.80403
3.9215 ; 3.76489 ; -3.90612 ; -4.38916
2.85636 ; 7.78406 ; -1.67455 ; 1.77866
8.10481 ; 7.19049 ; 2.83646 ; 3.15765
6.33282 ; 2.44727 ; 4.86704 ; -2.52983
8.08375 ; 6.92139 ; 2.92244 ; 3.56301
3.5431 ; 2.2157 ; -3.09714 ; -1.93399
2.78639 ; 1.98589 ; -1.35481 ; -0.955386
8.27715 ; 1.83043 ; 2.06173 ; -0.567819
8.24236 ; 1.78864 ; 2.11851 ; -0.404031
7.4944 ; 2.29961 ; -5.74772 ; -1.59996
2.82885 ; 7.81861 ; -1.58569 ; 1.67996
7.46643 ; 8.29584 ; 3.70805 ; -3.11166
4.29821 ; 2.80074 ; -4.23334 ; -3.18095
8.13276 ; 2.25096 ; 2.55865 ; -1.90423
2.72988 ; 7.94214 ; -1.22593 ; 1.28282
2.93614 ; 1.97929 ; -1.75765 ; -1.04792
4.79539 ; 8.00451 ; 5.95809 ; 0.91633
7.84506 ; 1.55564 ; 2.87442 ; 1.65912
7.64032 ; 8.07595 ; 3.37478 ; 1.36549
3.01619 ; 2.30279 ; -2.12376 ; -1.94592
6.17592 ; 7.95386 ; 5.42429 ; -3.92566
8.33203 ; 2.34196 ; 2.20246 ; -2.02094
2.73247 ; 7.9391 ; -1.23481 ; 1.29256
8.43586 ; 7.70345 ; 2.02161 ; 2.08701
3.37141 ; 2.3705 ; -2.84974 ; -2.23128
2.82125 ; 2.13652 ; -1.57295 ; -1.42962
5.67809 ; 5.52199 ; -5.52626 ; 5.28554
8.86932 ; 7.60816 ; 0.808635 ; 2.07972
8.25547 ; 8.46576 ; 1.99256 ; -1.11024
8.33362 ; 7.48919 ; 2.32761 ; 2.56965
3.1304 ; 2.15791 ; -2.30003 ; -1.65854
3.88031 ; 6.43423 ; -3.60422 ; 4.22419
3.01835 ; 2.18236 ; -2.06784 ; -1.66687
8.6864 ; 2.04725 ; 1.14814 ; -1.03735
2.57274 ; 6.7636 ; 1.03097 ; -6.38093
3.99337 ; 7.43227 ; 5.709 ; 2.56984
2.72179 ; 7.97606 ; -1.17224 ; 1.18072
2.92382 ; 7.7964 ; -1.82614 ; 1.79157
8.41578 ; 7.87084 ; 1.9815 ; 1.70669
3.54129 ; 7.62866 ; -3.1117 ; 2.40203
5.48951 ; 5.86123 ; -5.53464 ; -5.70028
2.54242 ; 2.3964 ; -0.838833 ; -1.92293
5.32761 ; 7.9717 ; 5.64901 ; 1.31244
8.80901 ; 2.82126 ; 1.09327 ; -2.82735
2.69274 ; 7.9141 ; -1.14118 ; 1.32908
3.43786 ; 2.23786 ; -2.92343 ; -1.96044
2.644 ; 8.07715 ; -0.813468 ; 0.769878
2.79977 ; 2.01095 ; -1.41423 ; -1.04739
4.06218 ; 7.72506 ; -3.84314 ; 2.28948
7.81831 ; 8.07761 ; -6.14474 ; -0.556498
3.36638 ; 3.18406 ; -2.82552 ; 5.36198
8.70324 ; 3.54139 ; 1.55739 ; -3.95178
2.57347 ; 8.11816 ; -0.491966 ; 0.517739
8.34908 ; 6.44974 ; 2.47506 ; 4.13024
2.91 ; 2.18162 ; -1.82196 ; -1.60619
2.81332 ; 2.05863 ; -1.4921 ; -1.20502
8.5998 ; 2.0378 ; 1.38819 ; -1.08885
7.94887 ; 1.60211 ; 2.64893 ; 2.76485
2.31385 ; 2.16819 ; 0.673817 ; -1.02449
3.12523 ; 2.50725 ; -2.4352 ; -2.42499
8.04893 ; 6.61841 ; 3.01943 ; 3.96845
3.34931 ; 8.47577 ; -2.42744 ; -1.96384
2.87881 ; 2.41849 ; -1.86526 ; -2.13847
9.08917 ; 2.16709 ; -0.88974 ; -0.950747
7.21896 ; 1.57781 ; 3.44755 ; 0.91945
2.93117 ; 2.04489 ; -1.78768 ; -1.24869
3.54396 ; 3.58944 ; -3.25053 ; 5.76637
7.81249 ; 8.11147 ; -6.22255 ; -1.22615
3.26264 ; 7.5714 ; -2.64281 ; 2.42782
2.7483 ; 2.09837 ; -1.34119 ; -1.26717
8.62742 ; 2.00622 ; 1.28247 ; -0.968865
7.67028 ; 8.4669 ; 3.29376 ; -1.42541
3.24326 ; 7.05092 ; 5.11359 ; 3.27988
2.52411 ; 7.43497 ; -0.829404 ; 2.39785
8.58182 ; 2.13838 ; 1.51474 ; -1.38757
7.88919 ; 2.71261 ; 3.12714 ; -2.89615
7.84506 ; 3.20487 ; 3.29475 ; -3.64753
8.54635 ; 7.89388 ; 1.65308 ; 1.56752
2.99026 ; 7.68118 ; -2.03605 ; 2.08663
2.59367 ; 1.89767 ; -0.575169 ; -0.390824
7.93423 ; 7.47655 ; 3.0495 ; 2.71573
3.28285 ; 1.72676 ; -2.44068 ; -0.191309
2.72977 ; 2.02121 ; -1.21925 ; -1.01685
8.59165 ; 2.18735 ; 1.52286 ; -1.50781
7.49089 ; 7.37759 ; 3.72044 ; 2.9703
8.47138 ; 1.98814 ; 1.68879 ; -1.03021
4.77118 ; 7.74312 ; 5.74542 ; 1.92157
8.50212 ; 2.11663 ; 1.70016 ; -1.38688
2.9722 ; 7.75021 ; -1.96151 ; 1.92493
8.15049 ; 7.83971 ; 2.55249 ; 1.89542
8.71422 ; 8.03815 ; 1.04502 ; 0.995563
8.0252 ; 2.19828 ; 2.73986 ; -1.81721
8.24077 ; 7.82138 ; 2.38025 ; 1.90614
2.71959 ; 8.02089 ; -1.12096 ; 1.04198
8.80838 ; 5.36621 ; -3.08189 ; 5.54961
3.24471 ; 1.87463 ; -2.41782 ; -0.839697
2.79962 ; 6.8278 ; 4.22342 ; -6.6029
7.99247 ; 6.49547 ; 3.12313 ; 4.12327
9.01817 ; 8.22465 ; -1.3816 ; -0.759646
2.4942 ; 7.36395 ; 3.87064 ; 2.42896
2.41103 ; 7.27938 ; -0.38359 ; 2.67173
8.52049 ; 8.12048 ; 1.55683 ; 0.882398
3.20702 ; 8.34635 ; -2.18798 ; -0.0128336
8.3082 ; 2.55918 ; 2.34121 ; -2.48621
8.12882 ; 8.44213 ; 2.32993 ; -0.627469
7.81288 ; 6.63092 ; 3.38334 ; 3.98806
4.55858 ; 2.87927 ; -4.50813 ; -3.32313
7.78373 ; 7.04009 ; 3.37014 ; 3.45205
2.74951 ; 2.04055 ; -1.29484 ; -1.09334
7.02324 ; 6.76738 ; 4.34335 ; 3.91148
8.44443 ; 2.89855 ; 2.15249 ; -3.05327
3.40296 ; 2.52301 ; -2.94868 ; -2.54341
3.8725 ; 2.48174 ; -3.66085 ; -2.56704
8.5742 ; 2.19176 ; 1.57063 ; -1.53082
4.05996 ; 7.27688 ; 5.67042 ; 2.9347
6.45471 ; 2.71756 ; 4.80228 ; -3.06303
7.66784 ; 6.99518 ; 3.54469 ; 3.53551
3.1677 ; 2.34801 ; -2.45754 ; -2.11191
7.22262 ; 7.86427 ; 3.99617 ; 1.99156
8.9321 ; 2.28158 ; 0.36006 ; -1.51739
6.39877 ; 7.16887 ; -5.58397 ; 3.31063
3.51672 ; 7.08002 ; -3.21135 ; 3.33861
2.62079 ; 8.05455 ; -0.761152 ; 0.819015
7.44348 ; 2.9157 ; 3.79858 ; -3.31215
7.90202 ; 2.63183 ; 3.08639 ; -2.7515
2.89672 ; 7.72083 ; -1.80734 ; 1.94728
8.54868 ; 3.62361 ; -4.22684 ; -4.27714
8.60537 ; 7.61161 ; 1.65721 ; 2.20758
5.26367 ; 1.71374 ; -5.35355 ; 1.65632
7.02832 ; 7.6074 ; 4.2516 ; 2.57766
7.14256 ; 3.29337 ; 4.28818 ; 5.03974
3.07595 ; 2.25567 ; -2.22902 ; -1.86946
3.53233 ; 7.35029 ; -3.17223 ; 2.91349
2.92345 ; 8.12454 ; -1.61624 ; 0.845849
8.45841 ; 8.09648 ; 1.74054 ; 1.01341
2.67422 ; 8.0146 ; -0.986557 ; 1.01228
2.64383 ; 8.03514 ; -0.866275 ; 0.913793
8.65218 ; 2.0593 ; 1.26113 ; -1.10403
8.58966 ; 2.04148 ; 1.41825 ; -1.10779
2.88049 ; 2.03666 ; -1.65434 ; -1.19072
2.91786 ; 2.77266 ; -2.07381 ; -2.85482
8.82059 ; 7.78236 ; 0.887331 ; 1.67051
8.60611 ; 6.55655 ; 1.06159 ; -5.98063
7.3179 ; 2.63755 ; -5.66077 ; -2.61654
3.1005 ; 7.39051 ; -2.39467 ; 2.71387
8.79511 ; 1.87385 ; 0.526355 ; -0.247775
6.49207 ; 7.33121 ; 4.79046 ; 3.09411
7.88891 ; 8.07932 ; -6.34783 ; -2.76152
4.99589 ; 1.68128 ; -5.04217 ; 0.921505
3.30234 ; 2.65129 ; -2.81056 ; -2.75372
2.96462 ; 7.95424 ; -1.8299 ; 1.41806
8.60191 ; 7.62062 ; 1.66239 ; 2.19021
2.94355 ; 2.22464 ; -1.92279 ; -1.72926
8.59525 ; 1.83102 ; 1.20946 ; -0.319965
8.47897 ; 1.89121 ; 1.60139 ; -0.682286
2.66152 ; 7.9996 ; -0.963735 ; 1.04524
8.59418 ; 2.09998 ; 1.45458 ; -1.2722
7.4744 ; 4.25275 ; -5.59701 ; -5.10026
8.73831 ; 7.78794 ; 1.17482 ; 1.71415
8.9701 ; 7.53081 ; -3.612 ; 2.00888
2.88922 ; 2.34223 ; -1.8573 ; -1.9735
3.16473 ; 8.26334 ; -2.13302 ; 0.414009
3.38536 ; 3.00025 ; -3.03416 ; -3.34824
3.3078 ; 3.9357 ; 0.467197 ; -4.60529
7.78799 ; 6.30953 ; 3.451 ; 4.35732
2.28671 ; 1.99864 ; 2.53062 ; 0.103933
4.15658 ; 2.64354 ; -4.05173 ; -2.90317
2.8098 ; 1.94005 ; -1.38317 ; -0.81715
8.74503 ; 8.06575 ; 0.912465 ; 0.868482
7.91449 ; 2.15695 ; 2.92344 ; -1.74773
8.64112 ; 2.02161 ; 1.25771 ; -1.00148
2.78569 ; 7.85949 ; -1.44586 ; 1.54712
4.20015 ; 2.46727 ; -4.07503 ; -2.57592
8.62198 ; 2.04772 ; 1.33591 ; -1.09808
7.35683 ; 2.32395 ; -5.77465 ; -1.72656
3.66892 ; 7.54801 ; -3.33293 ; 2.58891
3.37679 ; 7.26782 ; -2.93981 ; 3.01126
8.12848 ; 1.8694 ; 2.40909 ; -0.793767
2.34652 ; 3.00756 ; 3.01642 ; -3.16539
8.20141 ; 7.51563 ; 2.57477 ; 2.56739
7.46127 ; 2.08581 ; -5.86387 ; -0.707825
8.78757 ; 1.89286 ; 0.589153 ; -0.345142
8.85145 ; 3.91557 ; -0.887987 ; 6.37202
2.61042 ; 1.91487 ; -0.669598 ; -0.489351
2.55593 ; 1.86145 ; -0.34468 ; -0.158619
8.50762 ; 7.92394 ; 1.72996 ; 1.51451
2.97008 ; 2.20819 ; -1.97243 ; -1.70487
8.61387 ; 2.14518 ; 1.43707 ; -1.3831
5.26543 ; 1.70789 ; -5.30622 ; 0.976009
8.70278 ; 7.53899 ; 1.41682 ; 2.31957
3.42495 ; 7.21643 ; -3.03316 ; 3.1062
8.2322 ; 7.4528 ; 2.53787 ; 2.67357
7.94647 ; 3.05319 ; 3.11201 ; -3.42236
3.00504 ; 7.3681 ; -2.20618 ; 2.71855
6.37678 ; 8.05952 ; -5.84906 ; 0.751445
2.89613 ; 2.19249 ; -1.79666 ; -1.6239
8.60763 ; 7.89468 ; 1.49504 ; 1.52194
6.76663 ; 7.66224 ; 4.79725 ; -4.67243
2.67444 ; 1.99563 ; -1.01077 ; -0.875831
2.80208 ; 8.16989 ; -1.23412 ; 0.571146
3.08271 ; 6.99593 ; -2.46083 ; 3.36093
2.35146 ; 3.50952 ; 2.57334 ; -4.0477
3.26148 ; 3.68843 ; -2.89557 ; -4.22545
2.84999 ; 7.83763 ; -1.62508 ; 1.64915
8.44446 ; 1.5662 ; 1.23629 ; 2.42084
2.83126 ; 2.16563 ; -1.61906 ; -1.51369
2.98555 ; 7.61506 ; -2.06271 ; 2.22554
4.3765 ; 7.4688 ; -4.45067 ; -4.68052
7.85384 ; 4.0848 ; 3.26021 ; 5.77716
8.73924 ; 1.94381 ; 0.853615 ; -0.62595
8.61355 ; 2.06354 ; 1.37193 ; -1.15086
8.76644 ; 8.10006 ; 0.789708 ; 0.714256
8.45719 ; 7.76008 ; 1.94645 ; 1.94953
5.33393 ; 1.7861 ; -5.28527 ; -0.0576366
3.45882 ; 7.90706 ; -2.7952 ; -4.49248
4.68199 ; 2.26157 ; -4.56341 ; -2.12615
7.95201 ; 7.26718 ; 2.91437 ; -5.30917
8.23589 ; 7.37091 ; 2.55603 ; 2.81881
8.64803 ; 1.98906 ; 1.2069 ; -0.893428
2.60568 ; 8.08407 ; -0.667181 ; 0.692973
2.81015 ; 6.12935 ; -1.8563 ; 4.46705
8.42433 ; 7.68537 ; 2.05434 ; 2.13079
8.46829 ; 7.63573 ; 1.97983 ; 2.21772
2.49146 ; 2.00259 ; 4.38358 ; 0.496428
3.2109 ; 6.85454 ; 5.01022 ; 3.64437
8.95625 ; 8.06218 ; -3.86649 ; -0.451885
3.46734 ; 1.55849 ; -2.75588 ; 1.12682
3.26127 ; 7.3248 ; 5.17765 ; 2.68715
8.61951 ; 2.19316 ; 1.45309 ; -1.5041
9.13221 ; 2.55613 ; -2.42719 ; -2.02498
5.62639 ; 3.47418 ; 5.42921 ; -4.19712
2.58678 ; 8.11753 ; -0.547796 ; 0.541273
8.50318 ; 1.74576 ; 1.40254 ; 0.0175031
8.4753 ; 3.37946 ; 1.53265 ; 6.03864
8.03677 ; 7.41882 ; 2.89528 ; 2.79321
2.6718 ; 1.96858 ; -0.971646 ; -0.778959
8.48303 ; 2.19507 ; 1.79487 ; -1.59901
2.38019 ; 3.14793 ; -0.30895 ; -3.38444
8.05917 ; 2.47575 ; 2.77733 ; -2.41135
3.24739 ; 2.75522 ; -2.74033 ; -2.91922
2.44465 ; 7.79593 ; -0.258432 ; 1.45868
5.16765 ; 2.56033 ; -5.39775 ; 5.17441
5.9734 ; 8.11 ; -5.9832 ; -2.94743
2.62178 ; 8.13252 ; -0.660426 ; 0.529406
7.51562 ; 5.90594 ; -5.54613 ; 5.02752
2.95336 ; 7.37491 ; -2.09041 ; 2.6872
2.7467 ; 1.97831 ; -1.22943 ; -0.893901
5.32619 ; 5.5915 ; -5.41601 ; -5.80134
4.02882 ; 1.67272 ; -3.77981 ; 0.0457356
8.47667 ; 2.25525 ; 1.84429 ; -1.74609
3.90924 ; 8.41783 ; -3.55184 ; -0.50057
4.06959 ; 1.80584 ; -3.85602 ; -0.668423
8.64642 ; 7.95744 ; 1.33449 ; 1.31361
7.77832 ; 1.57383 ; 3.02252 ; 2.05535
8.41404 ; 6.75069 ; 2.31715 ; 3.73868
3.43294 ; 2.32678 ; -2.94246 ; -2.15658
8.53115 ; 1.96545 ; 1.51791 ; -0.913803
3.03275 ; 8.02066 ; -1.52784 ; -4.65453
3.05332 ; 7.40524 ; -2.2938 ; 2.67027
6.77115 ; 5.53968 ; -4.99272 ; -5.88884
5.34344 ; 3.76782 ; -5.23215 ; -4.51421
8.27426 ; 2.25095 ; 2.27862 ; -1.84485
8.32431 ; 7.74303 ; 2.24149 ; 2.05079
5.79967 ; 2.93799 ; 5.07656 ; -3.41412
3.17145 ; 2.15285 ; -2.3829 ; -1.66303
2.26623 ; 7.91355 ; 2.56056 ; 0.585697
2.45229 ; 2.28561 ; -0.3685 ; -1.56309
3.90301 ; 6.52571 ; -3.84956 ; 4.13643
8.5987 ; 2.14323 ; 1.4745 ; -1.38851
3.50746 ; 7.45901 ; -3.10403 ; 2.71679
2.64178 ; 7.90979 ; -0.980629 ; 1.29948
2.81004 ; 7.77443 ; -1.56642 ; 1.77235
8.58528 ; 8.08384 ; 1.4024 ; 0.961823
9.09512 ; 2.20387 ; -0.882457 ; -1.07353
8.59729 ; 2.0121 ; 1.37297 ; -1.01371
2.61492 ; 8.08695 ; -0.695927 ; 0.694553
8.68646 ; 1.95726 ; 1.05408 ; -0.740878
3.95271 ; 8.32324 ; -3.68916 ; -2.88396
8.94135 ; 1.89327 ; -3.85982 ; 1.38799
8.17047 ; 8.40523 ; 2.13809 ; -3.06521
8.48497 ; 7.8249 ; 1.8468 ; 1.78046
2.78177 ; 7.87499 ; -1.42332 ; 1.50516
8.97066 ; 3.31695 ; 0.492936 ; -3.6217
8.874 ; 6.95642 ; 0.988324 ; 3.35419
2.7192 ; 7.96661 ; -1.17373 ; 1.20479
2.61605 ; 8.09158 ; -0.693914 ; 0.680524
3.0272 ; 7.84775 ; -2.03295 ; 1.7278
2.94401 ; 2.1583 ; -1.88648 ; -1.5673
8.30436 ; 2.7692 ; 2.41308 ; -2.87577
7.56352 ; 6.9908 ; 3.68532 ; 3.55457
3.11985 ; 3.44074 ; -2.60841 ; -3.90759
2.42597 ; 8.29703 ; 1.6734 ; -1.93963
2.56487 ; 2.06448 ; -0.668745 ; -0.989761
3.17988 ; 8.46089 ; -1.96676 ; -2.44155
2.73339 ; 2.03589 ; -1.24371 ; -1.06483
8.46387 ; 2.31352 ; 1.90469 ; -1.89002
7.50251 ; 2.84041 ; 3.70979 ; -3.18773
8.24638 ; 2.41308 ; 2.40691 ; -2.21388
8.41149 ; 7.5062 ; 2.15868 ; 2.50711
2.96615 ; 2.02847 ; -1.86265 ; -1.22092
7.80265 ; 2.52723 ; -6.36705 ; 5.85179
2.22991 ; 2.40364 ; 2.33525 ; -1.60099
8.56023 ; 7.68909 ; 1.73767 ; 2.05757
4.43264 ; 7.38141 ; -4.33171 ; 2.99303
7.77402 ; 1.95171 ; 3.10746 ; 4.22044
8.67496 ; 2.00237 ; 1.13946 ; -0.907917
2.88408 ; 8.1447 ; -1.49407 ; 0.741222
8.50532 ; 8.00308 ; 1.68385 ; 1.28783
8.2714 ; 2.97341 ; 2.52699 ; -3.22151
2.67497 ; 2.30949 ; -1.25258 ; -1.76958
8.06114 ; 2.75182 ; 2.8555 ; -2.91642
8.50798 ; 2.12076 ; 1.68954 ; -1.39307
8.14857 ; 7.56907 ; 2.65407 ; 2.48295
8.47365 ; 8.35081 ; 1.08697 ; -3.60968
2.72827 ; 7.94759 ; -1.21699 ; 1.26734
3.03379 ; 2.42318 ; -2.21366 ; -2.21578
7.16263 ; 2.60946 ; 4.08058 ; -2.83822
2.58834 ; 1.97755 ; -0.664088 ; -0.707403
8.61589 ; 2.70503 ; 1.68336 ; -2.65248
9.00792 ; 7.65396 ; 0.110463 ; 1.86904
7.76017 ; 8.2072 ; 3.17676 ; -3.45719
2.47681 ; 3.8521 ; -0.710439 ; -4.39215
8.27806 ; 2.69565 ; 2.44422 ; -2.75276
8.72986 ; 1.64905 ; 0.328394 ; 1.24947
6.8126 ; 1.81332 ; 4.63545 ; 3.15419
7.9825 ; 2.32101 ; 2.85891 ; -2.11402
6.37447 ; 1.77597 ; 4.94594 ; -0.16012
2.31398 ; 7.66374 ; 0.438969 ; 1.71289
2.59474 ; 8.10834 ; -0.590786 ; 0.587413
8.07337 ; 3.11545 ; 2.9141 ; -3.48473
2.65127 ; 7.83863 ; -1.06573 ; 1.5035
2.8822 ; 2.11725 ; -1.71375 ; -1.42014
8.3784 ; 6.76143 ; 2.39107 ; 3.73071
2.84622 ; 7.79786 ; -1.64163 ; 1.74034
8.27713 ; 8.17675 ; 2.13624 ; 0.82543
4.60656 ; 7.08701 ; 5.70038 ; 3.37957
2.89198 ; 2.07235 ; -1.70825 ; -1.30306
3.10491 ; 3.4187 ; -2.57727 ; -3.87816
2.71328 ; 2.16008 ; -1.28145 ; -1.41542
8.99857 ; 1.77075 ; -1.76148 ; 1.5054
4.23249 ; 3.1357 ; -4.33066 ; 5.66073
2.82958 ; 2.1117 ; -1.5766 ; -1.36843
8.73795 ; 1.94931 ; 0.864574 ; -0.646807
8.4276 ; 4.67541 ; 1.93548 ; 5.70628
8.23035 ; 7.44622 ; 2.5431 ; 2.68529
2.82156 ; 7.91214 ; -1.49679 ; 1.44014
8.75016 ; 8.08942 ; 0.864361 ; 0.776772
5.11979 ; 4.51481 ; -5.25998 ; 5.82248
3.36894 ; 2.29639 ; -2.82087 ; -2.07233
8.08322 ; 8.05625 ; 2.43784 ; -4.36214
8.59953 ; 2.60927 ; 1.69513 ; -2.4723
2.7937 ; 6.73936 ; -1.82951 ; 3.68281
3.1407 ; 7.73457 ; -2.33508 ; 2.04401
8.25424 ; 2.94312 ; 2.55308 ; -3.17845
8.78681 ; 7.48278 ; -4.22378 ; 2.18204
7.14871 ; 2.4982 ; -5.74264 ; -2.30114
8.29299 ; 2.29461 ; 2.26092 ; -1.9342
8.8163 ; 6.38522 ; -0.427721 ; -6.17812
2.75902 ; 7.60839 ; 4.38557 ; -5.96466
2.93784 ; 1.84598 ; -1.66601 ; -0.551259
3.36948 ; 7.2817 ; -2.92428 ; 2.98725
3.24824 ; 7.33132 ; -2.69564 ; 2.86728
7.68473 ; 2.35627 ; 3.3484 ; -2.26437
9.07597 ; 7.95367 ; -0.844897 ; 0.785458
7.2769 ; 3.82001 ; 4.10232 ; -4.45861
2.78025 ; 7.91949 ; -1.38457 ; 1.38815
4.49437 ; 1.86775 ; -4.58996 ; 3.54447
8.46397 ; 4.85024 ; 2.11355 ; -5.22178
8.53655 ; 2.20552 ; 1.67485 ; -1.59078
8.26279 ; 3.90329 ; 2.64418 ; -4.41222
7.75856 ; 2.49183 ; 3.27168 ; -2.52491
3.25149 ; 2.72289 ; -2.73976 ; -2.86463
7.75739 ; 2.62735 ; 3.30734 ; -2.77793
5.45643 ; 7.19167 ; -5.19812 ; 3.33059
2.81725 ; 7.13243 ; -1.83256 ; 3.07234
2.94108 ; 7.81282 ; -1.85483 ; 1.76533
6.93338 ; 7.58993 ; 4.35309 ; 2.61428
8.92619 ; 1.85099 ; -0.24554 ; 0.157358
4.01195 ; 2.01309 ; -3.76548 ; -1.45531
7.88714 ; 5.98955 ; 3.31527 ; 4.66698
2.85381 ; 7.71482 ; -1.70868 ; 1.93667
8.26601 ; 7.74466 ; 2.36099 ; 2.07226
3.28549 ; 2.73346 ; -2.8013 ; -2.88607
3.61954 ; 3.26399 ; -3.42719 ; -3.76206
8.36672 ; 2.66747 ; 2.25757 ; -2.67179
2.87601 ; 7.83106 ; -1.69212 ; 1.68137
2.8908 ; 2.17109 ; -1.77075 ; -1.56797
8.42569 ; 2.7854 ; 2.16574 ; -2.86482
8.47241 ; 7.41246 ; -4.83218 ; -6.14182
3.80499 ; 7.39797 ; -3.56632 ; 2.88803
8.19274 ; 3.86566 ; 2.77814 ; -4.37738
8.37791 ; 7.76363 ; 2.11815 ; 1.97968
2.40707 ; 5.5417 ; 1.77758 ; 5.26937
3.13953 ; 2.89887 ; -2.5699 ; -3.13126
2.65765 ; 2.00025 ; -0.957401 ; -0.873152
2.92159 ; 7.83037 ; -1.79953 ; 1.71348
2.81067 ; 1.95462 ; -1.3979 ; -0.868973
3.69874 ; 6.46099 ; 5.39422 ; 4.30272
8.45325 ; 7.94397 ; 1.85083 ; 1.49266
4.20126 ; 3.88354 ; -4.25171 ; -4.53927
2.66807 ; 8.02866 ; -0.952288 ; 0.962793
8.18478 ; 7.64782 ; 2.55965 ; 2.31379
8.37618 ; 7.80706 ; 2.1016 ; 1.88003
6.81249 ; 1.76589 ; 4.44147 ; -0.341683
8.20811 ; 2.80439 ; 2.6072 ; -2.96463
2.72461 ; 3.68095 ; -0.807807 ; 6.14561
8.52903 ; 2.08407 ; 1.61049 ; -1.27882
8.46565 ; 2.1277 ; 1.79215 ; -1.43855
3.94744 ; 2.53632 ; -3.77357 ; -2.67907
7.93661 ; 7.53244 ; 3.03139 ; 2.61296
2.73721 ; 8.03067 ; -1.16343 ; 1.02789
2.79717 ; 7.90585 ; -1.43893 ; 1.43715
8.37378 ; 2.26054 ; 2.07508 ; -1.81631
3.2558 ; 6.08333 ; -2.89175 ; 4.51734
2.79426 ; 7.91779 ; -1.42203 ; 1.40385
2.91147 ; 7.8192 ; -1.78411 ; 1.73274
8.90644 ; 2.91955 ; -3.5402 ; -2.9671
2.77592 ; 7.87916 ; -1.40553 ; 1.49045
8.55046 ; 6.10277 ; 1.50172 ; -5.84932
2.82293 ; 1.77576 ; -1.25877 ; -0.109426
3.03695 ; 3.28176 ; -2.42269 ; -3.67795
3.0313 ; 2.26941 ; -2.14039 ; -1.87995
8.44169 ; 2.20905 ; 1.89692 ; -1.6583
2.9229 ; 2.29108 ; -1.91129 ; -1.8719
8.50751 ; 2.20214 ; 1.74245 ; -1.60128
8.09387 ; 7.0197 ; 2.88862 ; 3.41901
2.88139 ; 2.11611 ; -1.71186 ; -1.41774
2.87862 ; 7.71494 ; -0.979106 ; -5.32442
2.50583 ; 1.89848 ; -0.155146 ; -0.243709
3.8445 ; 7.96357 ; -3.52187 ; 1.62201
4.41679 ; 3.45839 ; -4.43856 ; -4.10371
2.66049 ; 2.0943 ; 3.95298 ; 5.23649
2.74945 ; 7.93573 ; -1.28418 ; 1.31694
3.50884 ; 7.88996 ; -2.90976 ; -4.55087
3.05329 ; 2.30179 ; -2.20216 ; -1.96119
2.65238 ; 2.78016 ; -1.36701 ; -2.78853
6.41559 ; 6.50987 ; -6.1454 ; -6.10796
2.95027 ; 7.80034 ; -1.88299 ; 1.7989
3.21123 ; 1.5544 ; -2.14627 ; 1.31367
2.71901 ; 8.10538 ; -1.03458 ; 0.748864
2.5449 ; 8.15755 ; -0.291387 ; 0.292034
8.16397 ; 2.4875 ; 2.59253 ; -2.39891
7.41567 ; 6.74722 ; -6.21472 ; -5.75787
2.96084 ; 2.12274 ; -1.90477 ; -1.48418
7.37121 ; 2.65509 ; 3.84234 ; -2.89724
4.39092 ; 2.71749 ; -4.32241 ; -3.05073
7.68943 ; 3.18257 ; 3.51733 ; -3.65501
3.55261 ; 7.71842 ; -3.10353 ; 2.21693
7.44429 ; 6.99701 ; -5.46473 ; 3.51782
2.95743 ; 2.33802 ; -2.01098 ; -1.99615
7.91925 ; 5.82853 ; 3.26557 ; 4.80204
8.31694 ; 7.48209 ; 2.36303 ; 2.58883
8.47247 ; 2.2422 ; 1.84615 ; -1.71854
3.51775 ; 5.85933 ; -3.24022 ; -5.64675
5.53524 ; 7.10031 ; -5.23805 ; 3.47605
8.64418 ; 8.26316 ; 1.02768 ; 0.120059
7.85255 ; 7.06387 ; 3.26739 ; 3.40543
2.86048 ; 2.55612 ; -1.87273 ; -2.42138
8.3123 ; 1.91475 ; 2.02846 ; -0.875297
2.81628 ; 7.84251 ; -1.53714 ; 1.61294
8.22399 ; 6.4595 ; 2.72154 ; 4.13237
3.21646 ; 2.62669 ; 5.29294 ; 6.1608
2.41814 ; 2.15941 ; -0.058955 ; -1.14091
8.24948 ; 3.18033 ; 2.60814 ; -3.53606
2.75485 ; 2.02729 ; -1.29848 ; -1.05858
2.81827 ; 2.0217 ; -1.47504 ; -1.0965
8.67272 ; 8.02653 ; 1.18925 ; 1.07688
8.4566 ; 1.58516 ; 1.32497 ; 1.3367
8.60523 ; 7.95964 ; 1.4492 ; 1.34372
8.81371 ; 1.86639 ; 0.429183 ; -0.179409
4.99796 ; 2.51729 ; -4.86978 ; -2.68018
7.73348 ; 2.36046 ; 3.27522 ; -2.26408
3.19518 ; 7.42525 ; -2.56704 ; 2.68494
5.10071 ; 3.58931 ; -5.04647 ; -4.307
8.37115 ; 7.48018 ; 2.25388 ; 2.57235
8.60442 ; 7.58188 ; 1.67223 ; 2.27057
6.42551 ; 6.96652 ; -5.61518 ; 3.6511
8.93647 ; 1.71897 ; -1.78964 ; 2.4954
2.93289 ; 6.95535 ; -2.14649 ; 3.37018
8.83619 ; 8.15102 ; 0.41439 ; 0.391453
2.50738 ; 7.31848 ; -0.805058 ; 2.62951
3.02904 ; 2.00943 ; -2.0016 ; -1.19788
4.56706 ; 7.418 ; -4.4627 ; 2.93591
3.89847 ; 2.56502 ; -3.71251 ; -2.72803
8.34457 ; 7.85375 ; 2.14661 ; 1.78366
2.74727 ; 7.87569 ; -1.32964 ; 1.47647
8.48264 ; 7.89186 ; 1.8113 ; 1.61352
2.7426 ; 7.98661 ; -1.2211 ; 1.16949
8.39025 ; 8.38888 ; 1.68933 ; -0.377763
6.14135 ; 7.48571 ; 5.05734 ; 2.78915
8.72883 ; 5.1539 ; -3.27087 ; -5.88666
6.50163 ; 7.72554 ; 4.77239 ; 2.30184
8.68485 ; 7.81673 ; -4.78558 ; 0.969434
8.10011 ; 7.22357 ; 2.83725 ; 3.1065
7.90096 ; 2.32626 ; 2.9987 ; -2.14918
7.88924 ; 3.93619 ; 3.30224 ; -4.4927
3.36769 ; 6.97969 ; -2.75535 ; -5.56859
8.23542 ; 2.31972 ; 2.38791 ; -2.01668
7.98032 ; 7.2688 ; 3.02485 ; 3.06211
8.69089 ; 7.99378 ; 1.16565 ; 1.15994
3.99042 ; 2.76862 ; -3.86974 ; -3.09583
8.72366 ; 8.03294 ; 1.0206 ; 1.0016
9.14289 ; 2.7097 ; -2.06948 ; -2.43644
7.83198 ; 7.52998 ; 3.19805 ; 2.6403
8.01287 ; 7.1831 ; 2.99124 ; 3.18928
8.58144 ; 7.28767 ; 1.83216 ; 2.85758
9.14036 ; 7.25874 ; -2.22469 ; 2.71624
8.67687 ; 7.99802 ; 1.204 ; 1.16069
8.41742 ; 1.919 ; 1.77886 ; -0.828801
8.47693 ; 2.13522 ; 1.77166 ; -1.45037
8.39858 ; 2.38283 ; 2.08238 ; -2.07967
8.19677 ; 7.96714 ; 2.40585 ; 1.54727
2.6 ; 2.20005 ; 4.67658 ; -0.729816
8.19539 ; 7.57238 ; 2.56702 ; 2.46129
2.63509 ; 7.90399 ; 0.668514 ; -5.13563
3.22381 ; 5.3743 ; -2.81381 ; 5.13304
4.83907 ; 7.62863 ; 5.75036 ; 2.25544
2.62583 ; 8.06904 ; -0.760254 ; 0.775187
4.18023 ; 2.9602 ; -4.12617 ; -3.4168
3.07795 ; 2.88143 ; -2.4446 ; -3.08713
8.08945 ; 3.9085 ; 2.96849 ; -4.43902
2.42208 ; 8.29871 ; 1.26902 ; -1.3639
4.11722 ; 2.75039 ; 5.65709 ; -2.90664
5.65163 ; 7.96861 ; -5.7726 ; -3.71614
8.61478 ; 7.92742 ; 1.45007 ; 1.4282
7.92841 ; 4.20488 ; 3.24944 ; -4.73487
8.29871 ; 7.54003 ; 2.37855 ; 2.4863
8.57606 ; 7.88164 ; 1.58604 ; 1.57834
3.2765 ; 2.07679 ; -2.55851 ; -1.49927
2.80698 ; 7.79232 ; -1.54806 ; 1.72854
3.15255 ; 2.25241 ; -2.38712 ; -1.89388
8.63624 ; 4.24116 ; 1.23341 ; 5.95031
8.72385 ; 8.05876 ; 0.992772 ; 0.917329
8.57271 ; 7.8962 ; 1.58452 ; 1.5438
8.66387 ; 4.58912 ; 1.56244 ; -5.04559
8.4618 ; 2.0886 ; 1.77767 ; -1.33767
4.34468 ; 7.45384 ; -4.22739 ; 2.85782
2.74742 ; 7.97962 ; -1.24052 ; 1.19342
2.27463 ; 2.18404 ; 1.07644 ; -1.00445
3.08681 ; 4.03449 ; -2.30097 ; 5.77081
6.62043 ; 4.41698 ; 4.9196 ; 5.80048
7.82066 ; 7.60871 ; 3.19739 ; 2.49115
2.5755 ; 8.14085 ; -0.462995 ; 0.424698
2.5777 ; 1.86666 ; -0.456265 ; -0.223622
8.61042 ; 2.15282 ; 1.45094 ; -1.40491
8.61252 ; 2.16967 ; 1.45669 ; -1.44765
4.06799 ; 2.80338 ; -3.97232 ; -3.16137
2.90617 ; 2.25861 ; -1.85709 ; -1.78899
2.69103 ; 7.99657 ; -1.05823 ; 1.08634
8.68415 ; 8.28873 ; -0.0280286 ; -3.9774
8.4507 ; 7.71465 ; 1.98379 ; 2.05528
3.17587 ; 2.572 ; -2.55337 ; -2.56868
8.75175 ; 8.07769 ; 0.873721 ; 0.817435
7.26839 ; 7.26357 ; 4.01495 ; 3.18301
8.1912 ; 7.19254 ; 2.68326 ; 3.13406
8.47494 ; 2.18024 ; 1.8042 ; -1.56799
5.42828 ; 5.18135 ; -5.44611 ; -5.62341
3.04743 ; 2.16026 ; -2.12106 ; -1.62649
2.75635 ; 7.97834 ; -1.26567 ; 1.20482
2.98623 ; 2.41819 ; -2.10945 ; -2.18487
8.51982 ; 1.99114 ; 1.56649 ; -1.00652
7.74079 ; 2.41305 ; 3.27753 ; -2.37144
3.55817 ; 4.57348 ; -3.40681 ; -5.04515
6.77578 ; 7.12711 ; 4.55551 ; 3.42516
8.4947 ; 7.48526 ; 1.98025 ; 2.51528
7.85594 ; 5.89018 ; 3.3651 ; 4.75922
6.65377 ; 6.60907 ; -5.52637 ; 4.16175
4.29688 ; 3.71489 ; -4.34018 ; -4.37127
7.95742 ; 7.85334 ; 2.79615 ; -4.67944
3.13423 ; 3.214 ; 4.70435 ; -3.68725
7.70513 ; 2.54852 ; 3.34259 ; 5.11275
4.04826 ; 7.12311 ; 6.33766 ; -6.07951
2.67374 ; 7.78177 ; -1.17531 ; 1.66877
6.64471 ; 6.90526 ; 4.69831 ; 3.65613
2.61211 ; 7.68521 ; -1.03041 ; 1.87215
7.42874 ; 8.02956 ; -6.10481 ; 0.264802
