2.94612 ; 1.69837 ; -0.470746 ; 3.825
2.94723 ; 8.17887 ; -0.851984 ; -0.554222
3.06475 ; 7.75403 ; -1.5913 ; 1.2941
8.83031 ; 8.13228 ; -0.809167 ; -0.817939
2.46509 ; 1.89285 ; 2.23793 ; 1.80994
8.81665 ; 8.15524 ; -0.790061 ; -0.93248
2.69066 ; 1.95145 ; 0.0184023 ; 0.437486
2.59218 ; 8.25637 ; 1.3653 ; -2.25394
4.37052 ; 7.96811 ; -4.14613 ; 0.892732
2.86498 ; 2.09396 ; -0.862184 ; -0.420531
3.14353 ; 1.68123 ; -1.42453 ; 2.0963
8.94815 ; 1.96608 ; -3.47963 ; 1.85186
7.69203 ; 4.42459 ; 3.34489 ; 6.07224
3.39982 ; 7.6477 ; 6.46077 ; 1.09726
6.91527 ; 6.70465 ; -6.22307 ; 3.9169
8.94423 ; 2.53554 ; -4.29532 ; -1.38282
8.27999 ; 6.64124 ; 2.09194 ; 3.77966
2.81239 ; 2.5159 ; -0.979144 ; -1.77778
2.65485 ; 1.78119 ; 0.689198 ; 1.92969
2.64811 ; 2.57308 ; 5.31395 ; -1.6181
2.59002 ; 1.89747 ; 0.710984 ; 1.00081
8.76501 ; 1.95635 ; -0.392673 ; 0.612455
2.81988 ; 2.09192 ; -0.696174 ; -0.36849
8.99289 ; 2.04236 ; -2.88678 ; 0.955425
7.87171 ; 2.35602 ; 2.72057 ; -1.6277
5.03903 ; 8.08148 ; -5.00637 ; 0.199845
2.37638 ; 7.89162 ; 2.31893 ; -0.0723723
2.4238 ; 7.9932 ; 1.88107 ; -0.499227
8.85283 ; 8.17404 ; -1.15287 ; -1.23496
8.50641 ; 2.41093 ; -5.28205 ; 6.66524
3.09289 ; 2.09531 ; -1.60781 ; -0.605415
2.55907 ; 7.52436 ; 0.144575 ; 1.63881
3.0159 ; 2.22259 ; -1.46161 ; -1.00694
2.88624 ; 8.28386 ; -0.0276154 ; -4.2829
7.94773 ; 7.05369 ; 2.77751 ; 3.14309
2.77299 ; 7.92817 ; -0.454156 ; 0.442409
6.97322 ; 6.65006 ; 4.3758 ; 3.94952
8.3827 ; 7.77263 ; 1.48137 ; 1.28438
8.57621 ; 2.02096 ; 0.54063 ; -0.0101628
5.68861 ; 8.10225 ; 5.96 ; -3.18469
8.71961 ; 8.26204 ; -0.492027 ; -1.61953
8.59411 ; 2.04381 ; 0.498823 ; -0.0870684
8.92237 ; 8.15548 ; -3.02027 ; -2.25325
8.72811 ; 7.56064 ; 0.429255 ; 1.6972
8.57026 ; 1.78183 ; 0.223643 ; 1.46419
8.40972 ; 7.70131 ; 1.4437 ; 1.48274
2.60679 ; 8.05705 ; 0.492659 ; -0.382157
8.36281 ; 7.78544 ; 1.53055 ; 1.2553
7.81376 ; 6.19967 ; 3.14147 ; 4.45987
2.57795 ; 8.13365 ; 0.861126 ; -0.900814
8.29796 ; 7.52395 ; 1.83728 ; 2.02315
2.57633 ; 8.11987 ; 0.829054 ; -0.81778
8.63523 ; 7.9106 ; 0.527871 ; 0.609426
8.76662 ; 1.93143 ; -0.457869 ; 0.758999
2.78052 ; 2.57296 ; 4.05464 ; 7.02688
8.41532 ; 1.86067 ; 0.963108 ; 0.651252
2.7049 ; 8.08843 ; 0.0574583 ; -0.353507
8.46966 ; 2.06185 ; 0.968656 ; -0.293306
2.65586 ; 8.06859 ; 0.261502 ; -0.33739
2.98488 ; 2.22628 ; -1.37008 ; -0.999088
2.42595 ; 7.99774 ; 3.94105 ; -1.16302
8.73759 ; 8.03304 ; -0.0579129 ; -0.0436494
8.56186 ; 2.03192 ; 0.606407 ; -0.0735866
5.04152 ; 7.6236 ; -4.98725 ; 2.01247
2.53863 ; 1.84296 ; 1.42272 ; 1.76841
4.79913 ; 2.2454 ; 6.22029 ; -0.936966
2.92652 ; 7.64291 ; -1.24309 ; 1.54013
2.83644 ; 7.9349 ; -0.689944 ; 0.488623
8.34391 ; 7.81457 ; 1.56745 ; 1.17701
8.41119 ; 1.6816 ; 0.679168 ; 2.77355
5.70019 ; 7.57064 ; -5.57941 ; 2.09467
3.21072 ; 7.05188 ; 5.98137 ; 3.01126
2.75895 ; 7.95214 ; -0.369358 ; 0.331219
5.54744 ; 2.59312 ; 6.16838 ; 5.96535
8.26017 ; 3.19018 ; 2.08704 ; -3.34823
2.61835 ; 1.9188 ; 0.470327 ; 0.778945
2.80266 ; 7.64947 ; -0.822672 ; 1.43618
3.16973 ; 7.53472 ; -1.99119 ; 1.96358
2.72108 ; 7.79535 ; -0.391326 ; 0.885716
2.70797 ; 2.64419 ; -0.649335 ; -2.07323
2.99741 ; 1.76823 ; -0.663792 ; 4.61713
2.75785 ; 1.96689 ; -0.306607 ; 0.251432
8.35077 ; 2.17127 ; 1.44099 ; -0.808995
8.62533 ; 7.96824 ; 0.507513 ; 0.394459
2.75164 ; 2.07672 ; -0.416885 ; -0.231861
6.87913 ; 7.11499 ; -6.18456 ; 3.10673
3.12428 ; 2.05936 ; -1.67535 ; -0.487997
4.11389 ; 2.56856 ; -3.87056 ; -2.30275
4.0351 ; 1.72153 ; -3.65119 ; 1.53438
8.76692 ; 1.91939 ; -0.487678 ; 0.828705
8.56956 ; 1.99187 ; 0.531428 ; 0.113985
8.04779 ; 4.95955 ; 2.54488 ; 5.72414
2.79564 ; 7.64458 ; -0.801551 ; 1.4448
2.52832 ; 8.01437 ; 0.88947 ; -0.316271
8.97634 ; 8.0746 ; -2.83876 ; -1.27378
2.60065 ; 1.90783 ; 0.607334 ; 0.897884
6.66436 ; 6.68818 ; 4.9718 ; -6.36192
8.22401 ; 8.1805 ; 1.68594 ; -0.268322
8.8583 ; 7.60375 ; -4.87926 ; 1.1651
2.68707 ; 2.07314 ; -0.148492 ; -0.139484
8.70915 ; 1.93908 ; -0.146574 ; 0.593246
2.82444 ; 7.97254 ; -0.602994 ; 0.327595
8.94619 ; 7.45161 ; -4.21089 ; 1.76105
3.52323 ; 8.2556 ; -2.52208 ; -4.06225
8.13317 ; 5.39169 ; 2.39083 ; -5.8412
8.69006 ; 8.05327 ; 0.127937 ; -0.0635353
6.96103 ; 2.0207 ; -6.59735 ; 1.05794
8.61722 ; 2.7048 ; 0.893244 ; -2.22013
2.94527 ; 4.74694 ; -1.51161 ; -5.38848
3.06641 ; 4.86377 ; -1.89601 ; -5.47461
3.96727 ; 2.54375 ; -3.65063 ; -2.14012
5.10784 ; 2.98606 ; 5.98055 ; -3.23824
2.77008 ; 2.33197 ; -0.717155 ; -1.19262
2.88083 ; 7.47275 ; -1.19299 ; 1.97975
2.59413 ; 2.40755 ; 5.26482 ; -0.903632
3.00106 ; 2.37441 ; -1.50774 ; -1.47717
2.70373 ; 8.02436 ; -0.0424978 ; -0.0421102
8.60155 ; 6.95119 ; 1.10853 ; 3.1772
2.82423 ; 8.34158 ; 0.0878421 ; -2.81701
8.5162 ; 2.94289 ; 1.3137 ; -2.80571
2.93681 ; 2.05019 ; -1.07382 ; -0.312155
7.06717 ; 2.90871 ; 4.18667 ; -3.08043
8.51706 ; 5.24969 ; -4.63488 ; -6.20723
2.98013 ; 2.06555 ; 6.48136 ; 3.82644
7.14002 ; 4.9964 ; 4.29269 ; -5.64183
8.42544 ; 8.37424 ; 0.689234 ; -2.85392
2.6967 ; 2.20116 ; -0.320326 ; -0.668059
8.8139 ; 8.1292 ; -0.691486 ; -0.747928
8.40928 ; 8.24857 ; 1.01731 ; -0.859042
8.28052 ; 1.94343 ; 1.48384 ; 0.0787483
2.7116 ; 8.03253 ; -0.0637324 ; -0.0663006
2.81856 ; 8.1032 ; 0.566008 ; -5.41474
8.71085 ; 1.93174 ; -0.168937 ; 0.636232
8.8169 ; 2.14996 ; -0.373828 ; -0.262541
5.38044 ; 7.74041 ; -5.30602 ; 1.6122
7.97309 ; 6.70493 ; -6.01061 ; 3.84982
8.64865 ; 2.06132 ; 0.30562 ; -0.0923539
2.91322 ; 2.05976 ; -1.00219 ; -0.330852
2.75796 ; 2.04661 ; -0.406761 ; -0.114321
2.55339 ; 1.99048 ; 0.719085 ; 0.501493
2.92756 ; 7.35176 ; -1.39444 ; 2.30328
2.52935 ; 1.93466 ; 1.06131 ; 0.93457
4.0029 ; 2.57575 ; -3.70952 ; -2.31941
3.04699 ; 8.03603 ; -0.840798 ; -5.49219
2.6477 ; 7.90186 ; 0.0394448 ; 0.395003
2.98948 ; 1.72488 ; -0.659627 ; 4.19702
3.84268 ; 2.4097 ; 6.48144 ; -1.31718
8.55823 ; 2.26076 ; 0.844629 ; -0.959456
8.74524 ; 8.18517 ; -0.409024 ; -0.955503
8.83956 ; 8.13484 ; -0.882846 ; -0.863422
7.28167 ; 6.58089 ; 3.9759 ; 4.02007
3.50312 ; 4.06464 ; -2.94147 ; 6.27595
8.82155 ; 8.15809 ; -0.830137 ; -0.967431
8.75415 ; 1.98165 ; -3.79897 ; 5.06682
2.73343 ; 2.0593 ; -0.326784 ; -0.138437
2.7001 ; 2.25505 ; -0.382308 ; -0.868648
8.79132 ; 8.12928 ; -0.551568 ; -0.689634
3.34684 ; 7.3066 ; -2.50361 ; 2.57266
2.5898 ; 8.07954 ; 0.633134 ; -0.536535
8.56116 ; 7.34777 ; 1.14507 ; 2.34383
2.64071 ; 1.91117 ; 0.360739 ; 0.774245
8.14828 ; 8.31098 ; 1.82431 ; -1.15259
2.93273 ; 1.91645 ; -0.272435 ; 5.47608
3.13719 ; 2.26013 ; -1.82914 ; -1.19947
3.3674 ; 2.20266 ; -2.3863 ; -1.1215
2.32694 ; 2.54479 ; 2.31387 ; -1.45456
8.77831 ; 8.14119 ; -3.00191 ; -4.65591
8.455 ; 2.02628 ; 0.986142 ; -0.159708
2.55437 ; 1.7991 ; 1.77826 ; 2.62034
8.87937 ; 8.14802 ; -3.67274 ; -2.93336
8.99789 ; 2.11095 ; -2.22655 ; 0.358444
2.60246 ; 1.9051 ; 0.603845 ; 0.908863
3.18298 ; 7.77812 ; -1.9065 ; 1.28859
4.59471 ; 5.58329 ; -4.72351 ; 5.24466
2.73589 ; 2.02807 ; -0.296355 ; -0.00577629
7.03769 ; 6.87214 ; 4.24831 ; 3.58902
7.38528 ; 7.49721 ; 3.68827 ; 2.31551
8.75633 ; 1.95373 ; -0.353907 ; 0.609013
6.82921 ; 7.64655 ; 4.45115 ; 1.95193
3.75684 ; 7.20946 ; 7.01324 ; -6.74669
8.69244 ; 2.41169 ; 0.450824 ; -1.35588
8.68183 ; 8.16674 ; -0.0211104 ; -0.685409
3.06331 ; 7.52596 ; -1.71345 ; 1.93576
2.65764 ; 8.01921 ; 0.161655 ; -0.0962548
2.87774 ; 7.65877 ; -1.07474 ; 1.46139
7.08784 ; 8.27046 ; 4.17872 ; -2.22518
8.47204 ; 7.40859 ; 1.401 ; 2.23416
8.66494 ; 2.16993 ; 0.363504 ; -0.519595
8.60278 ; 7.88834 ; 0.671055 ; 0.72498
3.03519 ; 7.90091 ; -1.40249 ; 0.789694
8.99959 ; 2.08502 ; -2.46279 ; 0.560898
4.00235 ; 2.49533 ; -3.68722 ; -2.12144
8.57535 ; 7.79898 ; 0.850017 ; 1.06633
2.93462 ; 7.5517 ; -1.32248 ; 1.79965
8.20892 ; 1.91792 ; 1.40881 ; 5.24312
6.75454 ; 7.4146 ; 4.55692 ; 2.54252
2.58071 ; 8.12113 ; 0.808394 ; -0.813768
2.69989 ; 8.2232 ; 0.353246 ; -1.27684
8.78915 ; 1.93664 ; -0.571725 ; 0.781611
8.78316 ; 8.04148 ; -0.301161 ; -0.160197
2.50451 ; 8.19764 ; 2.12443 ; -2.12277
8.79477 ; 1.88117 ; -0.768667 ; 1.17779
8.39417 ; 1.71318 ; 0.632418 ; 3.97632
5.11133 ; 2.29888 ; -5.07302 ; -1.54173
8.80737 ; 8.13117 ; -0.656202 ; -0.741662
8.69469 ; 7.91221 ; 0.290815 ; 0.541385
8.84074 ; 1.85211 ; -1.30892 ; 1.68326
8.57495 ; 2.07204 ; 0.603022 ; -0.226564
2.45686 ; 1.90215 ; 2.33739 ; 1.78366
5.12603 ; 1.94038 ; 6.29797 ; 1.74371
2.65662 ; 8.09091 ; 0.301533 ; -0.452009
4.38945 ; 3.75854 ; -4.52599 ; 6.40622
3.57332 ; 7.98806 ; -2.74284 ; 0.723402
3.1146 ; 6.56065 ; -2.11001 ; 3.87264
7.99338 ; 8.09141 ; 2.34721 ; 0.29238
6.29811 ; 7.63609 ; 5.05348 ; 1.94147
8.57665 ; 8.03578 ; 0.620759 ; 0.162574
8.71135 ; 1.93128 ; -0.170167 ; 0.637499
8.77409 ; 8.09153 ; -0.355614 ; -0.412962
8.57839 ; 7.84702 ; 0.798316 ; 0.898283
8.74396 ; 8.05465 ; -0.123365 ; -0.154489
6.00582 ; 2.36017 ; -5.83813 ; -1.56744
2.57167 ; 8.10805 ; 0.825308 ; -0.76021
4.33913 ; 7.50782 ; -4.17073 ; 2.3114
2.89978 ; 2.33932 ; -1.17523 ; -1.30721
2.95426 ; 7.88877 ; -1.15185 ; 0.771166
6.96783 ; 7.65939 ; -6.30284 ; 1.50874
8.42812 ; 2.31669 ; 1.30728 ; -1.24267
2.90532 ; 7.89523 ; -0.980451 ; 0.705455
4.65559 ; 2.23421 ; -4.55638 ; -1.37613
2.83149 ; 5.13663 ; 4.63294 ; -6.14383
8.05064 ; 8.34804 ; 2.03579 ; -3.56809
7.87883 ; 4.27314 ; 3.03705 ; -4.90506
5.95047 ; 7.60092 ; -5.72572 ; 1.96475
7.84893 ; 6.03824 ; 3.00951 ; -6.16182
7.27631 ; 5.13791 ; 4.09494 ; -5.70343
8.79178 ; 1.91172 ; -0.651418 ; 0.945095
5.00567 ; 2.34814 ; 6.07263 ; -1.44577
2.92353 ; 2.51537 ; 5.88837 ; -1.47518
8.61156 ; 8.03238 ; 0.489298 ; 0.137536
2.53126 ; 8.16354 ; 1.34365 ; -1.32651
8.7785 ; 1.89397 ; -0.622376 ; 1.02828
2.66499 ; 1.95121 ; 0.145921 ; 0.486511
2.57405 ; 5.34632 ; 1.37414 ; -6.11797
2.43943 ; 7.52834 ; 4.21087 ; 1.3837
8.5176 ; 2.07937 ; 0.820434 ; -0.317675
2.73574 ; 6.47796 ; 0.534663 ; -6.72585
8.70588 ; 2.01356 ; -0.00161469 ; 0.203277
2.53707 ; 8.17262 ; 1.33676 ; -1.3775
7.19645 ; 1.81239 ; 3.85395 ; 0.660661
3.91645 ; 2.83023 ; -3.62175 ; -2.86959
4.09939 ; 2.67728 ; 6.29884 ; -2.3352
8.68987 ; 2.06921 ; 0.147612 ; -0.0718362
9.04558 ; 2.85254 ; -1.88669 ; -2.40292
2.35403 ; 2.85642 ; 3.30002 ; -2.472
2.50776 ; 2.18712 ; 0.685067 ; -0.39712
8.81209 ; 1.87445 ; -0.927857 ; 1.30366
6.97555 ; 1.94506 ; 4.38207 ; 4.31023
8.18321 ; 3.97868 ; 2.35628 ; -4.5306
8.4993 ; 8.35583 ; 0.4343 ; -2.34595
3.31824 ; 2.12368 ; -2.22972 ; -0.827772
4.55048 ; 2.19061 ; -4.46864 ; -1.03175
2.72483 ; 8.01697 ; -0.14328 ; 0.0210942
8.69545 ; 2.0873 ; 0.146716 ; -0.141784
2.62877 ; 1.96614 ; 0.306601 ; 0.476305
3.11287 ; 2.19711 ; -1.72722 ; -0.979759
3.16067 ; 2.12768 ; -1.81754 ; -0.764281
2.56947 ; 8.12504 ; 0.886299 ; -0.871386
8.85405 ; 8.19105 ; -1.25729 ; -1.416
8.69857 ; 7.65404 ; 0.493355 ; 1.43639
4.12965 ; 6.97249 ; -3.96361 ; 3.38928
3.65846 ; 6.87319 ; 6.24732 ; 3.48233
8.76948 ; 1.91912 ; -0.49978 ; 0.83558
2.61069 ; 8.11901 ; 0.614441 ; -0.717236
8.71627 ; 2.53294 ; -5.29282 ; -1.41591
8.27287 ; 2.22954 ; 1.70179 ; -1.05927
2.77889 ; 7.53315 ; 5.64863 ; 1.40314
2.62216 ; 4.24816 ; 1.72014 ; 6.53431
8.42946 ; 8.36825 ; 0.719853 ; -2.43343
2.61143 ; 6.67609 ; -0.355114 ; 3.59254
3.21046 ; 2.17495 ; -1.9794 ; -0.955961
8.86278 ; 8.18583 ; -1.31808 ; -1.4104
8.57693 ; 8.00142 ; 0.654782 ; 0.308259
2.50842 ; 1.85269 ; 2.87621 ; 2.99185
2.78006 ; 7.871 ; -0.546517 ; 0.668386
7.69188 ; 7.37526 ; 3.19572 ; 2.54865
2.99559 ; 7.79429 ; -1.35817 ; 1.12463
9.04875 ; 2.36156 ; -2.63308 ; -0.751209
8.79019 ; 8.22982 ; -0.870629 ; -1.52786
8.20562 ; 5.46645 ; 2.17936 ; -5.87807
3.38412 ; 6.68088 ; -2.4956 ; -5.07538
9.0366 ; 7.59971 ; -1.70463 ; 1.3221
2.55495 ; 8.17236 ; 1.18021 ; -1.29354
2.53688 ; 8.16223 ; 1.28909 ; -1.2885
8.78882 ; 8.09658 ; -0.450392 ; -0.477159
2.73521 ; 2.09663 ; -0.375321 ; -0.294442
4.52222 ; 7.63407 ; 6.32809 ; 1.54684
8.82056 ; 8.14717 ; -0.790952 ; -0.889557
2.61848 ; 1.99643 ; 0.305669 ; 0.333386
8.64549 ; 2.0492 ; -5.29688 ; 4.8569
2.53022 ; 1.85573 ; 1.42965 ; 1.66483
8.6098 ; 2.09712 ; 0.501486 ; -0.287984
8.45374 ; 7.40744 ; 1.44122 ; 2.15836
8.31866 ; 2.10262 ; 0.954467 ; 5.90649
2.66007 ; 8.07444 ; 0.252565 ; -0.358167
2.73015 ; 5.19505 ; -0.401182 ; -5.83472
2.76992 ; 7.90617 ; -0.468635 ; 0.524257
8.78127 ; 1.88414 ; -0.669836 ; 1.10944
3.58342 ; 7.90318 ; -2.79686 ; 1.03893
2.71892 ; 2.4619 ; -0.603321 ; -1.56615
8.56363 ; 1.87247 ; 0.404526 ; 0.753168
8.75678 ; 7.93855 ; -0.0162084 ; 0.362093
2.49941 ; 2.14019 ; 0.812588 ; -0.175182
7.67867 ; 7.98163 ; -6.87192 ; -1.41363
8.41079 ; 1.9862 ; 1.10158 ; -0.0201735
7.7807 ; 7.15362 ; 3.07657 ; 2.98829
2.56016 ; 1.81714 ; 2.44741 ; 3.52825
2.69474 ; 8.269 ; 0.531309 ; -1.79213
8.64428 ; 7.81624 ; -1.3204 ; -6.30831
3.74927 ; 2.50844 ; -3.27365 ; -2.11231
8.6609 ; 2.05555 ; -5.06686 ; 5.08961
2.5624 ; 1.8726 ; 1.02094 ; 1.31206
8.79535 ; 1.90615 ; -0.690183 ; 0.992698
8.60545 ; 2.18252 ; 0.605542 ; -0.628491
2.57349 ; 8.15055 ; 0.947713 ; -1.03949
6.67298 ; 8.00453 ; 4.6393 ; 0.682594
8.70572 ; 6.50756 ; -1.27443 ; -6.7995
8.16817 ; 1.97905 ; 1.8338 ; -0.162357
8.45841 ; 8.00857 ; 1.07282 ; 0.383626
7.8211 ; 1.71384 ; 2.59454 ; 1.51455
8.70254 ; 1.97491 ; -0.0481514 ; 0.387366
2.69364 ; 7.93666 ; -0.121175 ; 0.310892
8.70228 ; 8.06733 ; 0.05226 ; -0.147806
8.96779 ; 2.56763 ; -0.990887 ; -1.63462
7.61775 ; 8.30211 ; 3.18851 ; -3.52266
9.04366 ; 2.31359 ; -2.65175 ; -0.554382
7.77082 ; 7.99439 ; -6.90576 ; -1.79385
8.20584 ; 1.6717 ; 1.4321 ; 3.13102
2.62065 ; 8.0808 ; 0.470546 ; -0.474095
8.75368 ; 8.062 ; -0.184249 ; -0.208605
5.08355 ; 3.2292 ; -5.10683 ; -3.70301
2.99769 ; 7.99436 ; -1.20717 ; 0.402074
2.73363 ; 7.98897 ; -0.220536 ; 0.149512
6.33839 ; 2.65847 ; 4.99147 ; -2.57162
2.82029 ; 5.69941 ; -1.16293 ; 4.97697
3.47865 ; 2.90912 ; -2.69649 ; 6.4392
2.33718 ; 2.31325 ; 3.05041 ; -0.558557
8.72007 ; 8.07626 ; -0.045184 ; -0.22088
8.76339 ; 8.12673 ; -0.376535 ; -0.599716
2.99458 ; 2.03814 ; -1.25838 ; -0.310385
8.83304 ; 1.86393 ; -1.16069 ; 1.50578
2.55507 ; 1.86958 ; 1.09855 ; 1.37316
2.77363 ; 2.5447 ; 1.02045 ; 6.86228
6.57137 ; 4.43572 ; 5.03546 ; 6.16789
8.34538 ; 7.44762 ; 1.11203 ; -6.38089
4.72035 ; 2.23752 ; -4.63946 ; -1.38172
2.75695 ; 7.95239 ; -0.363126 ; 0.328416
2.67949 ; 2.21256 ; -0.2604 ; -0.693978
2.71045 ; 8.01109 ; -0.0909576 ; 0.0253177
3.20438 ; 1.72524 ; -1.54516 ; 4.1695
4.61181 ; 7.93613 ; -4.47584 ; 1.00213
6.1099 ; 3.02592 ; 5.60962 ; 6.41337
8.325 ; 3.14919 ; 1.91492 ; -3.27095
2.87597 ; 7.84671 ; -0.922308 ; 0.852914
8.57031 ; 2.11822 ; 0.670798 ; -0.416498
2.85387 ; 8.17673 ; -0.481957 ; -0.65104
8.66781 ; 7.77544 ; 0.527048 ; 1.06718
8.71743 ; 8.02066 ; 0.054325 ; 0.0459695
8.26097 ; 2.62471 ; 1.92877 ; -2.18801
8.7074 ; 7.95789 ; 0.184782 ; 0.341449
8.65438 ; 1.98045 ; 0.17356 ; 0.282074
8.81624 ; 8.11824 ; -0.675879 ; -0.685208
9.01528 ; 2.1523 ; -2.45588 ; 0.194143
2.8262 ; 2.48601 ; 4.70092 ; 6.87293
6.5029 ; 5.88902 ; -6.41716 ; -6.50367
7.18719 ; 7.84708 ; 3.93887 ; 1.34717
8.42547 ; 2.82188 ; 1.55167 ; -2.57939
2.55318 ; 8.13739 ; 1.04905 ; -1.0168
8.23835 ; 8.0103 ; 1.75204 ; 0.532224
6.64473 ; 7.53739 ; 4.98199 ; -5.71542
8.49843 ; 2.03561 ; 0.844283 ; -0.158402
8.6258 ; 1.77983 ; -0.0582495 ; 1.61721
8.41602 ; 6.4761 ; 1.73444 ; 4.00955
8.64069 ; 8.29441 ; -0.109755 ; -1.74253
8.18751 ; 7.77133 ; 2.0114 ; 1.38799
2.7553 ; 2.09425 ; -0.450435 ; -0.306885
2.66237 ; 8.01982 ; 0.142131 ; -0.0909829
2.68417 ; 2.01367 ; -0.0533017 ; 0.134574
9.0077 ; 2.10828 ; -2.54462 ; 0.451442
2.4982 ; 7.43422 ; 0.439471 ; 1.85869
2.75305 ; 2.22769 ; -0.57082 ; -0.816888
8.63142 ; 1.96903 ; 0.251063 ; 0.305159
3.43357 ; 7.74699 ; -2.53278 ; 1.49007
5.15612 ; 2.32136 ; 5.9968 ; -1.385
7.95332 ; 7.53978 ; 2.64379 ; 2.10604
2.86464 ; 2.12058 ; -0.885645 ; -0.521141
7.06663 ; 3.16448 ; -6.93136 ; 6.91911
5.3432 ; 8.05725 ; -5.32964 ; 0.210511
2.52466 ; 1.88343 ; 1.32514 ; 1.39289
2.5201 ; 1.96581 ; 1.04001 ; 0.747506
8.75313 ; 8.03232 ; -0.130097 ; -0.0643166
8.6342 ; 1.94625 ; 0.208656 ; 0.422865
3.56904 ; 3.10541 ; -3.07213 ; -3.32827
8.22983 ; 1.74715 ; 1.49293 ; 1.3553
6.89809 ; 2.02998 ; 4.29871 ; -0.585033
8.46471 ; 6.89265 ; 1.55397 ; 3.31804
2.81847 ; 7.81698 ; -0.744624 ; 0.903657
8.78221 ; 1.92486 ; -0.558655 ; 0.834243
8.1037 ; 7.14233 ; 2.42726 ; 2.93751
8.59188 ; 2.04899 ; 0.513722 ; -0.110034
2.36798 ; 7.86633 ; 3.35225 ; -0.128805
2.74714 ; 7.57761 ; 1.43499 ; -6.67312
8.41887 ; 7.86877 ; 1.3086 ; 0.949341
2.59084 ; 8.03856 ; 0.542784 ; -0.318029
3.36461 ; 7.26454 ; -2.55609 ; 2.66806
2.64762 ; 1.96054 ; 0.217379 ; 0.471781
2.94189 ; 2.13157 ; -1.1604 ; -0.631174
3.1317 ; 8.24301 ; -1.1999 ; -4.53671
2.57008 ; 8.13122 ; 0.902249 ; -0.908759
8.70549 ; 8.03039 ; 0.0927463 ; 0.0195583
3.38014 ; 7.84065 ; -2.37083 ; 1.17927
8.32233 ; 7.66635 ; 1.7036 ; 1.5872
8.68174 ; 1.90061 ; -1.57333 ; 5.29859
2.9987 ; 4.44123 ; -1.53384 ; 6.09205
3.53088 ; 3.32598 ; -3.03063 ; -3.69013
2.6889 ; 7.96192 ; -0.067045 ; 0.200014
8.38845 ; 7.50626 ; 1.60174 ; 2.02804
6.81953 ; 2.19428 ; 4.40005 ; -1.24223
8.376 ; 7.27769 ; 1.71886 ; 2.57314
3.23339 ; 2.02231 ; -1.95792 ; -0.398153
2.6509 ; 1.89035 ; 0.350495 ; 0.884238
8.48332 ; 1.77365 ; 0.590493 ; 1.3843
8.45421 ; 1.74824 ; 0.66815 ; 1.59063
6.91963 ; 2.13962 ; -6.45646 ; -0.126897
2.67029 ; 7.9866 ; 0.0494865 ; 0.0698321
7.83724 ; 7.98467 ; 2.73217 ; -5.23932
3.87487 ; 2.48264 ; -3.48225 ; -2.07052
8.38863 ; 2.06054 ; 1.23728 ; -0.358987
2.60729 ; 8.07043 ; 0.516528 ; -0.448539
2.76037 ; 1.8745 ; -0.179487 ; 0.769862
5.3912 ; 8.09615 ; 6.03368 ; -0.718291
8.1325 ; 1.72155 ; 1.67139 ; 3.97128
7.9778 ; 8.2125 ; 2.3339 ; -0.334989
2.80381 ; 2.1082 ; -0.65326 ; -0.414694
6.71835 ; 7.56129 ; 4.88322 ; -5.68768
8.55228 ; 2.13986 ; 0.756106 ; -0.518811
2.60899 ; 8.06836 ; 0.504957 ; -0.435814
8.63803 ; 7.91215 ; 0.517288 ; 0.601674
3.08644 ; 2.14737 ; -1.62256 ; -0.79185
2.66396 ; 1.99355 ; 0.0736239 ; 0.265735
5.12546 ; 6.05054 ; -5.23262 ; 4.80836
8.95018 ; 7.81613 ; -1.06646 ; 0.610987
8.45473 ; 8.35474 ; 0.52245 ; -3.38222
8.56638 ; 7.74616 ; 0.921148 ; 1.24363
2.90039 ; 1.99205 ; -0.893311 ; -0.0296172
3.51989 ; 6.85665 ; -2.72855 ; 3.4628
2.81156 ; 2.01567 ; -0.58268 ; -0.042254
8.80122 ; 1.94352 ; -0.62838 ; 0.769302
2.67584 ; 6.12551 ; 2.97879 ; -6.80688
4.56427 ; 7.68925 ; 6.34312 ; 1.34631
2.60456 ; 8.09414 ; 0.584683 ; -0.581859
2.74121 ; 7.97556 ; -0.269253 ; 0.214189
8.61393 ; 8.04151 ; 0.469474 ; 0.0955157
3.23012 ; 7.86886 ; -1.9827 ; 1.01881
4.93605 ; 5.2912 ; -5.13843 ; -5.79354
2.45854 ; 2.20411 ; 1.03055 ; -0.401446
5.89251 ; 8.10295 ; 5.52943 ; -0.252713
8.91834 ; 2.53852 ; -0.691298 ; -1.60641
2.57863 ; 8.04701 ; 0.628892 ; -0.385316
3.14552 ; 2.04182 ; -1.72455 ; -0.431195
2.56266 ; 8.15414 ; 1.04149 ; -1.10752
2.65835 ; 1.90621 ; 0.274406 ; 0.765392
3.67786 ; 7.95401 ; -2.97272 ; 0.882041
7.20384 ; 8.02196 ; -6.89951 ; -2.45141
3.08383 ; 3.72026 ; -1.66365 ; 6.21913
8.85898 ; 3.14621 ; -0.0633357 ; -3.12265
2.52427 ; 8.16993 ; 1.44779 ; -1.42273
8.59659 ; 6.86277 ; 1.13781 ; 3.34267
2.72781 ; 2.021 ; -0.254501 ; 0.03566
2.66411 ; 1.93813 ; 0.175534 ; 0.560612
8.73861 ; 1.92892 ; -0.313585 ; 0.707695
8.21377 ; 1.8786 ; 1.38447 ; 5.07947
2.38124 ; 2.06575 ; 2.88956 ; 0.744211
2.88171 ; 2.26475 ; -1.06489 ; -1.05378
8.35087 ; 7.01526 ; 1.85313 ; 3.11907
3.10657 ; 8.27939 ; -1.10256 ; -4.28516
2.69228 ; 2.20464 ; -0.306549 ; -0.676317
9.0002 ; 2.07202 ; -3.1419 ; 0.831085
7.56372 ; 1.66976 ; 2.62766 ; 3.10871
2.7524 ; 1.92002 ; -0.215494 ; 0.507918
3.21891 ; 4.16608 ; -2.20501 ; 6.21938
7.19024 ; 7.98886 ; -6.93961 ; -3.20267
2.99836 ; 7.81418 ; -1.35232 ; 1.05552
2.61418 ; 1.97165 ; 0.375844 ; 0.475458
8.75567 ; 1.90933 ; -0.450008 ; 0.862786
7.99966 ; 8.32436 ; 2.2071 ; -3.66347
3.75462 ; 7.37891 ; 6.3837 ; 2.21371
2.44117 ; 7.67475 ; 1.03332 ; 1.0382
8.73329 ; 1.99962 ; -0.152869 ; 0.315788
8.2019 ; 2.42299 ; 1.9919 ; -1.68558
8.17454 ; 2.84012 ; 2.21421 ; -2.70085
8.71166 ; 8.05063 ; 0.0347149 ; -0.0834277
2.78665 ; 7.88984 ; -0.545882 ; 0.605188
2.53616 ; 1.85859 ; 1.34495 ; 1.59153
8.23918 ; 7.74812 ; 1.89004 ; 1.43439
3.03878 ; 1.70763 ; -1.09368 ; 1.853
2.60784 ; 1.91953 ; 0.530121 ; 0.80107
8.74394 ; 2.03657 ; -0.144415 ; 0.155803
7.86294 ; 7.67462 ; 2.7918 ; 1.77886
8.64026 ; 1.88512 ; 0.0864375 ; 0.789265
5.34572 ; 7.93528 ; 5.91326 ; 0.527392
8.67213 ; 1.97794 ; 0.0938959 ; 0.320678
2.77605 ; 7.9427 ; -0.44809 ; 0.390067
8.40573 ; 8.02925 ; 1.23075 ; 0.342711
8.81872 ; 8.1377 ; -0.75033 ; -0.818952
8.29918 ; 2.01656 ; 1.48229 ; -0.243495
8.4788 ; 8.012 ; 1.0001 ; 0.357059
2.6075 ; 8.12509 ; 0.648178 ; -0.762103
8.50019 ; 5.92118 ; -5.0254 ; 5.04524
3.00293 ; 1.79066 ; -1.06009 ; 1.03772
3.22196 ; 6.16751 ; 5.96766 ; -6.93526
8.30478 ; 6.9078 ; 1.99346 ; 3.32772
8.88001 ; 8.14869 ; -3.65338 ; -2.9231
2.88126 ; 7.60685 ; 5.92505 ; 1.11422
2.37267 ; 7.54656 ; 1.58798 ; 1.40583
8.67618 ; 8.20872 ; -0.0778277 ; -0.974669
2.98822 ; 8.34507 ; -0.775289 ; -2.09446
8.54232 ; 2.31056 ; 0.936746 ; -1.14161
8.36182 ; 8.37938 ; 0.958738 ; -2.82449
8.15121 ; 7.02972 ; 2.33914 ; 3.14142
4.10776 ; 2.54696 ; -3.86028 ; -2.26392
8.12075 ; 7.38529 ; 2.31922 ; 2.42027
2.62002 ; 1.93121 ; 0.432711 ; 0.702502
7.45757 ; 7.15853 ; 3.6287 ; 3.03287
8.65968 ; 2.59322 ; 0.686422 ; -1.90874
3.1081 ; 2.26867 ; -1.75317 ; -1.21002
3.50641 ; 2.22503 ; -2.71073 ; -1.24615
8.73127 ; 2.03868 ; -0.0814708 ; 0.126137
4.627 ; 7.57035 ; 6.26913 ; 1.80576
6.93494 ; 2.41126 ; 4.28817 ; -1.93166
8.02231 ; 7.34873 ; 2.55234 ; 2.53152
2.92194 ; 2.13682 ; -1.09823 ; -0.633611
7.62223 ; 8.06343 ; 3.16627 ; 0.499388
8.96811 ; 2.12984 ; -1.63757 ; 0.120259
5.84037 ; 7.49994 ; -5.67129 ; 2.27507
3.19558 ; 7.41388 ; -2.10739 ; 2.27217
2.54467 ; 8.13645 ; 1.11056 ; -1.04239
7.82334 ; 2.58448 ; 2.8948 ; -2.24237
8.21066 ; 2.35668 ; 1.93822 ; -1.4914
2.71599 ; 7.91556 ; -0.241219 ; 0.423088
8.126 ; 3.1959 ; -5.92024 ; -3.45882
8.77109 ; 7.83237 ; 0.0323251 ; 0.768348
4.72831 ; 1.87937 ; -4.86463 ; 3.75157
7.45348 ; 7.86517 ; 3.51354 ; 1.27502
7.57138 ; 3.79734 ; 3.50964 ; 5.87949
2.85305 ; 2.06872 ; -0.795342 ; -0.310851
3.21511 ; 7.64164 ; -2.05833 ; 1.70176
2.76182 ; 8.20913 ; -0.00840569 ; -1.0225
8.63247 ; 8.19782 ; 0.161978 ; -0.807853
2.57556 ; 8.11583 ; 0.823147 ; -0.797182
2.5572 ; 8.12652 ; 0.977206 ; -0.9224
8.7783 ; 1.9489 ; -0.48173 ; 0.684331
8.73149 ; 1.9307 ; -0.274209 ; 0.683393
2.71506 ; 1.91759 ; -0.0394547 ; 0.58223
2.71048 ; 2.48718 ; -0.584388 ; -1.63523
8.90932 ; 7.94941 ; -0.964821 ; 0.0687364
8.71227 ; 5.95849 ; -0.521605 ; -6.43702
6.75182 ; 2.3759 ; -6.2722 ; -1.40513
2.86103 ; 7.6619 ; -1.01707 ; 1.44111
8.84775 ; 1.84907 ; -1.40835 ; 1.77016
6.97112 ; 7.64062 ; 4.26365 ; 1.97136
7.25413 ; 7.80316 ; -7.04968 ; -4.77971
4.49167 ; 1.77343 ; -4.48325 ; 2.99192
3.02128 ; 2.37592 ; -1.56612 ; -1.49251
2.78163 ; 8.09604 ; -0.281339 ; -0.281352
8.76815 ; 7.83964 ; 0.0391462 ; 0.745015
2.75127 ; 2.05171 ; -0.387491 ; -0.127264
8.7162 ; 1.79902 ; -0.529663 ; 1.69382
8.63911 ; 1.82298 ; -0.0226306 ; 1.23796
2.56514 ; 8.10413 ; 0.853953 ; -0.75337
8.73964 ; 1.97276 ; -0.230252 ; 0.467265
6.9147 ; 3.74272 ; -6.24597 ; -4.51197
8.8558 ; 7.95936 ; -0.595045 ; 0.120509
8.6089 ; 7.73169 ; -5.75676 ; 0.579275
2.70349 ; 2.14488 ; -0.29694 ; -0.455368
2.95143 ; 8.30474 ; -0.698848 ; -1.5685
3.08194 ; 2.66543 ; -1.86488 ; -2.29082
3.35452 ; 3.47517 ; 1.84108 ; -3.93853
8.13309 ; 6.74526 ; 2.43164 ; 3.64093
2.53978 ; 2.00903 ; 4.89745 ; 2.10715
3.7514 ; 2.35322 ; -3.23669 ; -1.69904
2.67148 ; 1.85834 ; 0.309959 ; 1.06393
8.83628 ; 8.1526 ; -0.919165 ; -0.980498
8.20684 ; 1.98218 ; 1.72981 ; -0.153128
8.76689 ; 1.92146 ; -0.483534 ; 0.819182
2.6411 ; 8.01421 ; 0.232242 ; -0.103792
3.79265 ; 2.20968 ; -3.27236 ; -1.26748
8.75557 ; 1.93792 ; -0.383006 ; 0.694215
6.77937 ; 2.15129 ; -6.38592 ; -0.286595
3.33563 ; 7.8069 ; -2.27884 ; 1.26894
3.08281 ; 7.56895 ; -1.74507 ; 1.83449
8.36939 ; 1.79002 ; 1.05046 ; 1.09338
2.64816 ; 2.69102 ; 5.21616 ; -2.04031
8.45888 ; 7.77237 ; 1.25267 ; 1.23754
6.87488 ; 2.01502 ; -6.5205 ; 0.976677
8.84648 ; 1.85834 ; -1.33119 ; 1.64843
8.76266 ; 4.55277 ; -2.81296 ; 6.40409
2.54346 ; 1.86594 ; 1.22702 ; 1.46852
2.52146 ; 1.84559 ; 1.63041 ; 1.87866
8.68062 ; 8.07539 ; 0.13803 ; -0.154968
2.77284 ; 2.0377 ; -0.454553 ; -0.0939224
8.75758 ; 2.00687 ; -0.255894 ; 0.320067
4.73481 ; 1.80549 ; -4.83365 ; 3.02533
8.84446 ; 7.77095 ; -0.283141 ; 0.921307
3.12164 ; 7.52705 ; -1.86968 ; 1.96147
8.48599 ; 7.72016 ; 1.20222 ; 1.3805
8.25767 ; 2.71095 ; 1.96884 ; -2.39483
2.78442 ; 7.63996 ; -0.76539 ; 1.45052
5.79187 ; 8.13467 ; -5.84069 ; -0.922931
2.71647 ; 2.0301 ; -0.220277 ; 0.011524
8.75714 ; 8.04688 ; -0.173861 ; -0.140389
7.24635 ; 7.19499 ; 4.09868 ; -6.12765
2.57336 ; 1.90805 ; 0.797885 ; 0.97972
2.67867 ; 8.22701 ; 0.488869 ; -1.3696
2.83663 ; 7.33203 ; -1.10739 ; 2.31104
2.6088 ; 3.10474 ; 4.73957 ; -3.16813
2.97193 ; 3.26589 ; -1.69636 ; -3.48121
2.68748 ; 8.00255 ; -0.00357533 ; 0.0277197
8.56809 ; 1.80829 ; -0.430101 ; 4.82019
2.66935 ; 2.01426 ; 0.0140872 ; 0.155054
2.77928 ; 7.83761 ; -0.578327 ; 0.790905
3.93144 ; 7.00074 ; -3.69021 ; -6.03136
8.17987 ; 4.66251 ; 2.22166 ; 5.93448
8.8246 ; 1.88122 ; -0.999969 ; 1.29662
8.75074 ; 1.94846 ; -0.336637 ; 0.625414
8.84541 ; 8.17149 ; -1.07308 ; -1.17583
8.65183 ; 7.95503 ; 0.418689 ; 0.419087
4.8054 ; 1.78034 ; -4.86232 ; 1.83568
3.1793 ; 7.45781 ; -1.59792 ; -6.23267
4.22565 ; 2.04895 ; -3.95189 ; -0.70027
8.24345 ; 6.73626 ; 1.76571 ; -6.41492
8.49149 ; 7.65279 ; 1.22582 ; 1.57551
8.76872 ; 1.89972 ; -0.54756 ; 0.959448
2.53896 ; 8.15337 ; 1.22822 ; -1.20254
2.62452 ; 6.57606 ; -0.359252 ; 3.79274
8.62976 ; 7.89845 ; 0.560642 ; 0.659884
8.66628 ; 7.8575 ; 0.460051 ; 0.777271
2.92982 ; 2.05223 ; 6.43714 ; 2.50613
3.71192 ; 7.21898 ; 6.3152 ; 2.66816
8.5696 ; 8.017 ; -6.03861 ; -2.45687
3.19175 ; 1.67117 ; -1.51595 ; 3.40466
3.77903 ; 7.59351 ; 6.441 ; 1.47154
8.76482 ; 2.04274 ; -0.236692 ; 0.159255
8.88949 ; 2.35364 ; -4.7508 ; -0.582365
6.16931 ; 3.05447 ; 5.20376 ; -3.40741
2.532 ; 8.17165 ; 1.37724 ; -1.39426
8.64343 ; 1.74751 ; -0.269315 ; 2.11668
8.62856 ; 3.98332 ; 0.0528733 ; 6.54455
8.3263 ; 7.69814 ; 1.68191 ; 1.53836
2.57464 ; 1.89068 ; 0.846128 ; 1.10438
8.66252 ; 2.03517 ; 0.216228 ; 0.0398055
2.3493 ; 2.80949 ; 1.65909 ; -2.34191
8.33691 ; 2.23461 ; 1.52474 ; -1.0363
2.97336 ; 2.4633 ; -1.47163 ; -1.71578
2.41881 ; 7.94179 ; 1.75632 ; -0.196055
4.62787 ; 3.07778 ; -4.85249 ; 6.38419
5.37508 ; 7.81526 ; -5.67767 ; -4.88943
2.55573 ; 8.18546 ; 1.23227 ; -1.41237
6.96101 ; 6.40869 ; -6.23578 ; 4.39698
2.74432 ; 7.64363 ; -0.611608 ; 1.41011
2.62376 ; 1.88892 ; 0.513583 ; 0.961651
4.78459 ; 5.01136 ; -4.9766 ; -5.71063
3.65084 ; 1.6773 ; -2.85736 ; 2.08787
8.6611 ; 2.08064 ; 0.279786 ; -0.156396
3.55406 ; 8.36777 ; -2.56498 ; -2.6176
3.68399 ; 1.739 ; -2.96004 ; 1.2035
8.77987 ; 8.0888 ; -0.380313 ; -0.41087
8.08057 ; 1.77936 ; 1.86106 ; 4.36642
8.64576 ; 7.12456 ; 0.918359 ; 2.8146
3.1387 ; 2.11112 ; -1.7481 ; -0.692409
8.68294 ; 1.87407 ; -0.137936 ; 0.938649
2.87997 ; 7.55521 ; -0.000461102 ; -6.48067
2.82394 ; 7.67227 ; -0.88253 ; 1.3839
6.27187 ; 4.95079 ; -5.44205 ; -5.73894
4.82023 ; 3.3164 ; -4.8564 ; -3.82808
8.50212 ; 2.06646 ; 0.861395 ; -0.281619
8.54846 ; 7.94811 ; 0.812287 ; 0.550422
6.30732 ; 2.59658 ; 4.86586 ; -2.40664
2.93316 ; 1.98655 ; -1.00426 ; -0.0353341
2.52229 ; 7.97212 ; 4.92499 ; -1.24741
2.41544 ; 2.1293 ; 1.62441 ; 0.0650238
3.51806 ; 6.93935 ; -2.95612 ; 3.33729
8.74615 ; 2.00438 ; -0.206289 ; 0.313681
3.19705 ; 7.73069 ; -1.96867 ; 1.43872
2.54371 ; 8.03974 ; 0.837343 ; -0.420579
2.6534 ; 7.95166 ; 0.0766789 ; 0.193869
8.72552 ; 8.18002 ; -0.282596 ; -0.87027
9.00687 ; 2.09651 ; -3.13362 ; 0.672537
8.73458 ; 1.91073 ; -0.33177 ; 0.806025
2.54533 ; 8.15641 ; 1.1911 ; -1.20127
8.79186 ; 1.88317 ; -0.743377 ; 1.15353
3.58379 ; 8.03484 ; -2.72457 ; -5.0471
8.55537 ; 2.03207 ; -6.0506 ; 3.56445
8.38428 ; 8.09871 ; 0.737885 ; -5.33987
8.66965 ; 8.00294 ; 0.288352 ; 0.195452
2.63944 ; 8.02551 ; 0.261109 ; -0.159067
9.01996 ; 2.95478 ; -1.4201 ; -2.66821
8.97283 ; 7.29184 ; -0.81413 ; 2.30095
2.60183 ; 8.08709 ; 0.583344 ; -0.550119
2.54666 ; 8.15964 ; 1.19333 ; -1.21943
2.82391 ; 8.02053 ; -0.547232 ; 0.126145
2.75536 ; 2.00157 ; -0.341597 ; 0.088329
8.54566 ; 2.48163 ; 1.03222 ; -1.66557
7.93205 ; 7.34626 ; 2.74158 ; 2.558
2.85901 ; 3.04998 ; -1.30991 ; -3.05101
2.59331 ; 8.10307 ; 3.94448 ; -4.24474
2.498 ; 1.9655 ; 1.23947 ; 0.822875
2.9832 ; 8.21673 ; -0.514999 ; -4.78283
2.60902 ; 1.9294 ; 0.499238 ; 0.738729
8.65434 ; 2.12452 ; 0.358347 ; -0.348201
7.87349 ; 2.52164 ; 2.77579 ; -2.07507
8.48707 ; 2.19169 ; 1.02806 ; -0.774702
8.62735 ; 7.75691 ; 0.695983 ; 1.16214
2.77988 ; 1.90638 ; -0.315871 ; 0.54505
7.16595 ; 3.11241 ; -6.96998 ; 6.9245
2.46343 ; 2.24354 ; 4.69098 ; -0.0318069
8.734 ; 7.89484 ; 0.139466 ; 0.566823
3.99946 ; 7.68072 ; -3.63158 ; 1.81925
8.08476 ; 2.37375 ; 1.97943 ; 6.13826
8.78891 ; 1.91158 ; -0.636427 ; 0.938681
2.73468 ; 8.21882 ; 0.150824 ; -1.15555
8.67371 ; 8.13186 ; 0.0813797 ; -0.451503
8.5241 ; 2.65126 ; 1.18587 ; -2.13156
2.54971 ; 2.13253 ; 0.497051 ; -0.195737
8.34669 ; 2.46018 ; 1.62562 ; -1.7157
8.67693 ; 1.98145 ; 0.0794529 ; 0.312171
8.41398 ; 7.81737 ; 1.36009 ; 1.12376
8.58235 ; 7.98984 ; -0.577993 ; -5.84176
2.60657 ; 8.07432 ; 0.527976 ; -0.468869
2.81242 ; 2.2016 ; -0.77056 ; -0.77554
7.57069 ; 2.32564 ; 3.28797 ; -1.61595
2.52193 ; 1.90681 ; 1.23967 ; 1.18841
8.78423 ; 2.43978 ; 0.0640619 ; -1.37452
9.01896 ; 7.84086 ; -1.93964 ; 0.344758
8.07785 ; 7.86148 ; 2.06028 ; -5.52273
2.40577 ; 3.41288 ; 1.10398 ; -3.68121
8.52248 ; 2.42038 ; 1.0738 ; -1.49965
8.7627 ; 1.77399 ; -1.61217 ; 3.5682
7.27615 ; 2.12874 ; 3.91142 ; 5.21759
8.26839 ; 2.1096 ; 1.63873 ; -0.638432
6.86907 ; 1.75996 ; 4.41452 ; 1.73842
2.35788 ; 7.83503 ; 2.60588 ; 0.149681
2.53566 ; 8.16708 ; 1.32332 ; -1.33622
8.36478 ; 2.76697 ; 1.70435 ; -2.48166
2.5447 ; 7.98898 ; 0.729802 ; -0.153098
2.71082 ; 1.97523 ; -0.113729 ; 0.280866
8.61751 ; 7.13451 ; 1.01573 ; 2.80319
2.68206 ; 7.97189 ; -0.0238626 ; 0.149393
8.49076 ; 8.2593 ; 0.688936 ; -1.04944
5.1766 ; 7.42497 ; 5.9563 ; 2.37033
2.72115 ; 1.94205 ; -0.108719 ; 0.435461
2.84718 ; 3.03088 ; -1.26797 ; -3.0109
2.58514 ; 2.01854 ; 0.456548 ; 0.278589
8.82243 ; 1.92129 ; -4.06551 ; 3.79084
3.79942 ; 3.70178 ; -3.54108 ; 6.38964
2.67192 ; 1.97486 ; 0.0674798 ; 0.346874
8.82441 ; 1.88463 ; -0.986321 ; 1.2699
8.62115 ; 5.24604 ; 0.563026 ; 5.55819
8.48466 ; 7.71475 ; 1.20923 ; 1.39633
2.67188 ; 8.05616 ; 0.161951 ; -0.247183
8.8366 ; 8.1671 ; -0.978737 ; -1.09756
4.59379 ; 5.09706 ; -4.76313 ; 5.68941
3.08685 ; 2.08915 ; -1.58568 ; -0.579535
8.32701 ; 7.62004 ; 1.1384 ; -6.23254
8.76905 ; 2.36204 ; 0.0783786 ; -1.13197
2.61075 ; 7.10764 ; -0.285523 ; 2.74534
2.9072 ; 7.93898 ; -0.945986 ; 0.543874
8.50955 ; 2.62528 ; 1.22042 ; -2.07304
8.36443 ; 7.70098 ; -6.15032 ; 0.809561
6.57445 ; 2.26809 ; -6.229 ; -1.00913
8.51908 ; 2.10119 ; 0.836037 ; -0.401634
8.77352 ; 5.76741 ; -2.28842 ; -6.44956
3.19758 ; 7.01192 ; 6.19851 ; -7.12287
2.77124 ; 1.79085 ; -0.0682021 ; 1.4074
3.07705 ; 7.58043 ; -1.72427 ; 1.8022
2.97867 ; 7.61805 ; -1.41893 ; 1.6436
8.01957 ; 2.12983 ; 2.29774 ; -0.842716
8.99148 ; 8.03222 ; -3.07767 ; -1.03723
7.68714 ; 3.37415 ; 3.29964 ; -3.78569
2.6418 ; 8.0583 ; 0.309759 ; -0.313397
4.03538 ; 2.22219 ; -3.84095 ; 5.54394
8.67532 ; 4.32806 ; 0.726802 ; -4.92557
8.70403 ; 2.04644 ; 0.0558674 ; 0.0483664
8.52721 ; 3.46207 ; 1.36767 ; -3.75564
8.08572 ; 2.23934 ; 2.19128 ; -1.18853
2.97751 ; 2.43643 ; -1.47083 ; -1.64243
8.08813 ; 2.34955 ; 2.2366 ; -1.52652
4.93661 ; 7.52473 ; -4.88523 ; 2.28505
2.63399 ; 7.43966 ; -0.274253 ; 1.93
2.75559 ; 7.98935 ; -0.308358 ; 0.178385
7.36869 ; 7.85135 ; 3.65412 ; 1.32709
8.90163 ; 1.86672 ; -2.35744 ; 2.25306
3.6354 ; 1.86756 ; -2.85797 ; 0.209212
8.21866 ; 6.45625 ; 2.25888 ; 4.06905
2.68294 ; 7.90849 ; -0.110052 ; 0.410779
8.50211 ; 7.95189 ; 0.972026 ; 0.577866
3.00536 ; 2.44485 ; -1.55369 ; -1.67302
3.27682 ; 2.88778 ; -2.39739 ; -2.84554
8.59247 ; 2.40029 ; 0.824118 ; -1.39273
2.7068 ; 7.99919 ; -0.0923961 ; 0.069435
2.71372 ; 2.0143 ; -0.186697 ; 0.0857549
8.64226 ; 2.49892 ; 0.70234 ; -1.65439
7.98919 ; 6.79828 ; -6.4104 ; -7.05959
3.44836 ; 7.68677 ; -2.58986 ; 1.66863
8.47056 ; 3.42792 ; 1.54237 ; -3.70804
8.58972 ; 7.9616 ; 0.648196 ; 0.457068
2.58483 ; 6.06864 ; 3.83876 ; 4.73883
2.88254 ; 2.58575 ; -1.24541 ; -2.00266
2.56191 ; 1.91294 ; 0.866979 ; 0.981833
2.74164 ; 8.00172 ; -0.235344 ; 0.109984
2.67088 ; 1.86772 ; 0.291753 ; 0.99711
4.23816 ; 6.89126 ; 6.25888 ; 3.50334
8.63834 ; 8.09324 ; 0.299228 ; -0.185365
3.77609 ; 3.42961 ; -3.48794 ; -3.88825
2.57284 ; 8.12493 ; 0.866576 ; -0.860973
8.44075 ; 7.8792 ; 1.23507 ; 0.89799
8.58634 ; 7.99506 ; 0.627437 ; 0.324559
7.25664 ; 1.73172 ; 3.75575 ; 1.56315
8.46883 ; 2.50792 ; 1.29203 ; -1.78325
2.64383 ; 4.29551 ; 0.832708 ; 6.42137
8.69008 ; 1.95619 ; -0.023174 ; 0.46203
8.64486 ; 1.98385 ; 0.216066 ; 0.2535
3.57008 ; 2.26841 ; -2.86121 ; -1.39785
8.23975 ; 7.79373 ; 1.86639 ; 1.29688
2.62086 ; 8.13346 ; 0.591961 ; -0.781507
2.65327 ; 8.04957 ; 0.238753 ; -0.249739
8.58128 ; 2.07891 ; 0.58818 ; -0.246324
2.96662 ; 6.53506 ; -1.69876 ; 3.87974
2.65206 ; 8.05817 ; 0.260379 ; -0.293492
2.73306 ; 7.99248 ; -0.214126 ; 0.136114
8.55242 ; 2.62284 ; -5.62034 ; -1.79882
2.63537 ; 8.02821 ; 0.284451 ; -0.17823
8.70063 ; 5.51784 ; 0.0104746 ; -6.08027
2.69705 ; 1.76481 ; 0.455536 ; 1.95925
2.79468 ; 2.91397 ; -1.05977 ; -2.74378
2.81726 ; 2.08142 ; -0.67645 ; -0.325799
8.63138 ; 2.04323 ; 0.352001 ; -0.0375458
2.73178 ; 2.10389 ; -0.369988 ; -0.318671
8.68176 ; 2.04201 ; 0.145934 ; 0.035779
8.38273 ; 7.3616 ; 1.67262 ; 2.37988
2.71021 ; 1.97433 ; -0.111155 ; 0.284159
2.78071 ; 7.1825 ; 0.656055 ; -6.78251
2.49032 ; 1.87411 ; 1.87013 ; 1.76575
3.49231 ; 8.12578 ; -2.53141 ; 0.0129333
3.97294 ; 3.04802 ; -3.74714 ; -3.29526
3.05579 ; 2.61795 ; 5.94053 ; 6.9155
2.62103 ; 8.06742 ; 0.440315 ; -0.404905
3.21786 ; 7.43487 ; -1.74391 ; -6.26296
2.83308 ; 2.10567 ; -0.758106 ; -0.434189
2.51568 ; 2.5013 ; 0.342536 ; -1.55147
5.80105 ; 5.89907 ; -5.99559 ; -6.38772
2.76197 ; 7.98023 ; -0.345414 ; 0.222838
2.9966 ; 1.68577 ; -0.725263 ; 3.63655
2.61555 ; 8.18027 ; 0.753665 ; -1.13954
2.51576 ; 8.18675 ; 1.69501 ; -1.70304
8.42322 ; 2.24761 ; 1.27566 ; -1.02099
6.7942 ; 6.17143 ; -6.59852 ; -6.35512
2.77036 ; 1.97433 ; -0.367518 ; 0.198759
7.75544 ; 2.36537 ; 2.95976 ; -1.68939
3.95868 ; 2.41242 ; -3.60584 ; -1.90011
8.04116 ; 2.81707 ; 2.51241 ; -2.70416
3.24226 ; 7.94011 ; -1.97424 ; 0.773087
6.89782 ; 7.34879 ; -6.1875 ; 2.52772
2.75633 ; 2.13841 ; -0.5018 ; -0.483654
8.24581 ; 6.30873 ; 2.19779 ; 4.26433
8.55324 ; 7.74097 ; 0.968515 ; 1.26897
8.65708 ; 2.07035 ; 0.282862 ; -0.11928
3.19373 ; 5.29466 ; -2.20082 ; -5.79828
5.01144 ; 7.44791 ; -4.95799 ; 2.4742
8.74695 ; 8.27517 ; -0.75071 ; -1.93024
8.17929 ; 7.40441 ; 2.17995 ; 2.35795
2.67321 ; 2.31398 ; -0.316131 ; -1.0554
8.51514 ; 1.82722 ; 0.541442 ; 0.991548
2.66256 ; 8.0038 ; 0.112572 ; -0.0184857
8.49615 ; 6.87274 ; 1.46256 ; 3.34502
3.74576 ; 3.24277 ; 6.55199 ; 7.06366
2.41225 ; 2.04532 ; 2.00601 ; 0.610895
8.51029 ; 2.82672 ; 1.29717 ; -2.55622
2.625 ; 1.92143 ; 0.427047 ; 0.748253
2.67077 ; 1.91205 ; 0.195394 ; 0.702376
8.79164 ; 8.13422 ; -0.564464 ; -0.71682
8.5891 ; 1.71883 ; -0.340712 ; 3.67347
8.75015 ; 8.09401 ; -0.230097 ; -0.374192
8.85663 ; 1.84844 ; -1.52949 ; 1.85367
4.51098 ; 2.24927 ; -4.38142 ; -1.43615
8.061 ; 2.13406 ; 2.19925 ; -0.841161
2.93848 ; 7.69375 ; -1.24799 ; 1.39975
4.59607 ; 3.15861 ; -4.59207 ; -3.55789
8.59654 ; 7.73741 ; 0.822549 ; 1.24835
8.77164 ; 7.80894 ; 0.0519141 ; 0.852654
5.864 ; 7.33163 ; -5.70171 ; 2.70527
8.7575 ; 1.96851 ; -4.05613 ; 4.8488
2.71824 ; 7.29237 ; -0.6923 ; 2.33353
8.87763 ; 8.19016 ; -1.54187 ; -1.57651
2.42687 ; 7.58143 ; 1.06049 ; 1.34701
2.82888 ; 1.88964 ; -0.501355 ; 0.576019
4.12079 ; 7.71159 ; -3.81531 ; 1.74794
3.52722 ; 2.29222 ; -2.77906 ; -1.46095
8.55923 ; 8.03211 ; 0.689277 ; 0.19607
2.6143 ; 8.02334 ; 0.384305 ; -0.194868
8.66377 ; 8.05322 ; 0.244266 ; -0.0253158
2.62049 ; 8.10355 ; 0.519911 ; -0.597887
8.55918 ; 8.3511 ; 0.120336 ; -2.54025
6.64708 ; 7.76462 ; 4.65756 ; 1.58809
8.40174 ; 4.56524 ; -5.14878 ; -5.53056
6.97887 ; 7.95572 ; 4.23371 ; 0.941371
8.20629 ; 7.91367 ; -6.5613 ; -0.691527
8.38383 ; 7.53422 ; 1.60273 ; 1.95921
8.20083 ; 2.11134 ; 1.82704 ; -0.685862
8.21946 ; 3.48692 ; 2.23426 ; -3.85632
3.09216 ; 6.42283 ; -1.58233 ; -6.42619
8.47421 ; 2.11805 ; 1.0056 ; -0.51056
8.28281 ; 7.57501 ; 1.85522 ; 1.89839
8.80746 ; 8.10978 ; -0.597467 ; -0.607591
3.60344 ; 2.45904 ; -2.98776 ; -1.95199
8.82572 ; 8.1331 ; -0.782341 ; -0.810345
8.93595 ; 2.46606 ; -4.37612 ; -1.10891
8.15179 ; 7.79401 ; 2.0908 ; 1.33433
8.312 ; 7.50202 ; 1.80967 ; 2.06996
8.76466 ; 7.57343 ; 0.264254 ; 1.63588
8.9179 ; 7.53036 ; -4.51214 ; 1.46464
8.79727 ; 8.11408 ; -0.547274 ; -0.6076
8.5953 ; 1.83612 ; 0.209952 ; 1.0509
8.65409 ; 1.99018 ; 0.188208 ; 0.237364
8.60682 ; 2.17486 ; 0.593742 ; -0.599512
8.43736 ; 8.12187 ; 1.04002 ; -0.115288
3.06766 ; 2.12706 ; 6.56401 ; 1.00654
8.45209 ; 7.81851 ; 1.24322 ; 1.09521
2.70194 ; 7.39043 ; 2.64902 ; -6.80798
2.94243 ; 5.88761 ; -1.62215 ; 4.7602
5.4141 ; 7.85418 ; 5.87185 ; 0.94819
2.54981 ; 8.14655 ; 1.1105 ; -1.09917
3.76762 ; 2.61852 ; -3.33179 ; -2.38162
2.83349 ; 2.57272 ; -1.07832 ; -1.94426
8.3863 ; 3.4646 ; 1.794 ; -3.78821
2.54898 ; 8.16231 ; 3.51595 ; -3.6371
4.68292 ; 2.45973 ; 6.22232 ; -1.76613
5.07437 ; 7.597 ; -5.36362 ; -5.51027
8.75979 ; 8.07024 ; -0.231051 ; -0.263201
8.25335 ; 3.73139 ; 2.17132 ; -4.20153
8.53657 ; 7.78866 ; 0.990187 ; 1.13086
8.73466 ; 8.03948 ; -0.054505 ; -0.0676626
3.02065 ; 1.92686 ; -1.24328 ; 0.179914
2.65217 ; 7.96517 ; 0.10041 ; 0.135602
2.91384 ; 2.06302 ; -1.00669 ; -0.342486
8.75958 ; 4.83619 ; -0.330824 ; 5.96989
8.82313 ; 8.15049 ; -0.816401 ; -0.919345
8.73116 ; 8.05058 ; -0.055789 ; -0.113494
8.82012 ; 4.08457 ; 0.0124415 ; -4.64117
8.63957 ; 1.95484 ; 0.198668 ; 0.387153
3.92194 ; 7.73963 ; -3.4896 ; 1.63891
2.62337 ; 8.09896 ; 0.494864 ; -0.566846
2.38227 ; 2.08359 ; 3.35619 ; 0.759798
2.85671 ; 4.61157 ; -1.00729 ; 5.97493
7.11239 ; 4.99702 ; 4.32227 ; 5.73197
8.1404 ; 7.85783 ; 2.09089 ; 1.13582
2.5292 ; 8.18332 ; 1.48194 ; -1.54032
2.53207 ; 1.8443 ; 1.49139 ; 1.80003
8.75552 ; 2.01233 ; -0.237889 ; 0.291255
8.75819 ; 2.0249 ; -0.231027 ; 0.234494
3.67076 ; 2.48724 ; -3.12541 ; -2.04057
2.72046 ; 2.07971 ; -0.298494 ; -0.208213
2.58521 ; 8.10521 ; 0.731531 ; -0.702312
8.68135 ; 7.89099 ; -1.9385 ; -6.14761
8.64908 ; 7.92018 ; 0.467097 ; 0.559811
2.92053 ; 2.31513 ; -1.22301 ; -1.24567
8.83912 ; 8.15943 ; -0.967789 ; -1.04536
7.66989 ; 7.58187 ; 3.1892 ; 2.06577
8.45952 ; 7.50594 ; 1.39665 ; 1.99733
8.65536 ; 2.02344 ; 0.229403 ; 0.0815424
4.88367 ; 4.61901 ; -5.05075 ; -5.3828
2.83532 ; 1.99762 ; -0.654508 ; 0.0119293
2.62979 ; 8.09882 ; 0.461855 ; -0.552431
2.77529 ; 2.1997 ; -0.631575 ; -0.73539
8.67647 ; 1.89049 ; -0.0755061 ; 0.818654
8.06854 ; 2.17591 ; 2.20124 ; -0.984133
3.21749 ; 4.06897 ; -2.39119 ; -4.65063
7.23133 ; 7.46962 ; 3.92644 ; 2.39585
8.69273 ; 7.73679 ; 0.458661 ; 1.17569
8.19245 ; 6.3661 ; 2.32662 ; 4.198
6.10113 ; 7.02524 ; -5.76341 ; 3.3486
3.86286 ; 3.27776 ; -3.60898 ; -3.66046
8.23703 ; 7.3854 ; 1.59621 ; -6.33419
3.60467 ; 2.84528 ; 6.13027 ; -2.71629
8.03939 ; 3.05979 ; 2.29526 ; 6.42352
4.68202 ; 6.51516 ; 6.63947 ; -6.76777
2.55621 ; 7.94865 ; 0.589101 ; 0.0635426
7.11454 ; 7.27087 ; 4.11853 ; 2.73992
2.50907 ; 7.87243 ; 0.778188 ; 0.336215
6.81825 ; 8.05604 ; -6.62664 ; -1.48548
