2.89905 ; 2.08087 ; 1.30456 ; 6.1202
2.86203 ; 8.12345 ; 0.870652 ; -2.66113
2.90563 ; 7.88344 ; -0.0543975 ; -0.33268
8.74939 ; 8.05049 ; -2.94689 ; -2.95522
2.68888 ; 2.07384 ; 4.54701 ; 4.07167
8.73764 ; 8.06199 ; -2.92071 ; -3.09295
2.6925 ; 1.9952 ; 1.99254 ; 2.51805
2.72871 ; 8.03098 ; 3.554 ; -4.57242
3.9559 ; 8.05739 ; -3.37541 ; -0.808246
2.77876 ; 2.05191 ; 0.888638 ; 1.45479
3.00107 ; 1.89086 ; 0.13196 ; 4.44413
8.60019 ; 2.15126 ; -5.77056 ; 4.06738
8.02652 ; 5.03182 ; 2.35076 ; 5.91754
4.0459 ; 7.75743 ; 7.19821 ; -0.44061
6.29296 ; 7.09634 ; -6.35067 ; 3.03205
8.5147 ; 2.39725 ; -6.41535 ; 0.148039
8.48918 ; 7.01921 ; 0.71019 ; 2.88403
2.71447 ; 2.33812 ; 0.749913 ; -0.296191
2.72377 ; 1.97416 ; 2.77653 ; 4.25146
3.1795 ; 2.41127 ; 7.02619 ; -0.150658
2.66111 ; 1.99755 ; 2.83013 ; 3.18463
8.72574 ; 2.01759 ; -2.45297 ; 2.71786
2.75026 ; 2.05507 ; 1.10089 ; 1.51891
8.70421 ; 2.1379 ; -5.23321 ; 3.0593
8.14377 ; 2.19325 ; 1.52014 ; -0.0976843
4.53839 ; 8.10146 ; -4.4706 ; -1.61814
2.60827 ; 7.88438 ; 4.66262 ; -2.00086
2.6119 ; 7.94328 ; 4.18596 ; -2.53617
8.73754 ; 8.05054 ; -3.34216 ; -3.43904
7.9782 ; 3.07746 ; -6.86458 ; 7.54877
2.93211 ; 2.03476 ; -0.0711584 ; 1.22482
2.57352 ; 7.68824 ; 2.15903 ; 0.137368
2.86974 ; 2.1219 ; 0.123035 ; 0.708545
2.88347 ; 7.85557 ; 1.82899 ; -6.45409
8.22548 ; 7.36799 ; 1.58959 ; 2.05815
2.72757 ; 7.97241 ; 1.39787 ; -1.41314
7.4108 ; 7.04502 ; 3.65211 ; 3.09087
8.53083 ; 7.90107 ; -0.0948219 ; -0.352366
8.63028 ; 2.01995 ; -1.29142 ; 1.96431
6.28461 ; 7.78379 ; 5.50039 ; -5.18426
8.67041 ; 8.10008 ; -2.54022 ; -3.89683
8.64399 ; 2.0351 ; -1.34645 ; 1.86663
8.62035 ; 7.93016 ; -5.31474 ; -4.50884
8.77104 ; 7.73036 ; -1.44975 ; 0.195169
8.59262 ; 1.92825 ; -1.66312 ; 3.73982
8.55409 ; 7.84959 ; -0.145345 ; -0.0949347
2.65606 ; 8.01884 ; 2.56783 ; -2.42952
8.51587 ; 7.91097 ; -0.030509 ; -0.390026
8.12791 ; 6.64565 ; 2.07178 ; 3.75557
2.66406 ; 8.04357 ; 3.00175 ; -3.05125
8.48169 ; 7.72627 ; 0.364206 ; 0.604826
2.65924 ; 8.03809 ; 2.96547 ; -2.95233
8.68801 ; 7.97154 ; -1.31599 ; -1.20912
8.72083 ; 2.00733 ; -2.52933 ; 2.89494
3.18598 ; 3.27565 ; 5.96533 ; 7.59022
8.51163 ; 1.92579 ; -0.73671 ; 2.78523
2.71065 ; 8.05308 ; 2.02839 ; -2.40452
8.56652 ; 2.03252 ; -0.746139 ; 1.61222
2.68201 ; 8.03485 ; 2.28357 ; -2.3802
2.84787 ; 2.12637 ; 0.241593 ; 0.718026
2.82005 ; 7.88144 ; 6.17816 ; -3.26187
8.7318 ; 8.02867 ; -2.04537 ; -2.02465
8.6225 ; 2.02456 ; -1.20824 ; 1.88539
4.5428 ; 7.82485 ; -4.47063 ; 0.643154
2.6809 ; 2.01981 ; 3.64541 ; 4.0526
5.42116 ; 2.1517 ; 6.19127 ; 0.640407
2.80222 ; 7.79692 ; 0.399688 ; -0.00983369
2.76745 ; 7.98376 ; 1.09708 ; -1.35842
8.50065 ; 7.93227 ; 0.018348 ; -0.4919
8.47911 ; 1.95895 ; -1.06259 ; 5.1469
5.14225 ; 7.78011 ; -5.27433 ; 0.771608
3.80886 ; 7.353 ; 7.02155 ; 1.90833
2.72202 ; 7.98526 ; 1.50378 ; -1.55324
6.16428 ; 3.18966 ; 5.69847 ; 6.92339
8.46888 ; 2.85535 ; 0.69394 ; -2.34277
2.66538 ; 1.99669 ; 2.54382 ; 2.92446
2.72039 ; 7.79309 ; 0.940075 ; -0.138876
2.97062 ; 7.73108 ; -0.568401 ; 0.534135
2.68194 ; 7.88392 ; 1.48487 ; -0.843512
2.64303 ; 2.43686 ; 1.16935 ; -0.682621
2.93103 ; 2.22994 ; 1.04935 ; 6.7209
2.72719 ; 1.99203 ; 1.58669 ; 2.29399
8.49487 ; 2.09037 ; -0.142236 ; 0.958285
8.67608 ; 8.00768 ; -1.33865 ; -1.48301
2.70995 ; 2.05353 ; 1.45542 ; 1.68815
6.26067 ; 7.42566 ; -6.32399 ; 2.0441
2.95674 ; 2.01056 ; -0.16039 ; 1.37477
3.72683 ; 2.33829 ; -3.0024 ; -0.98623
3.66998 ; 1.87497 ; -2.70267 ; 3.74668
8.71815 ; 2.00226 ; -2.56413 ; 2.97875
8.6227 ; 2.00327 ; -1.30065 ; 2.11989
8.30228 ; 5.53196 ; 1.36361 ; 5.39882
2.71549 ; 7.78906 ; 0.967237 ; -0.12721
2.61727 ; 7.98274 ; 3.05016 ; -2.33775
8.69247 ; 7.94723 ; -5.16866 ; -3.42758
2.66139 ; 1.99762 ; 2.70771 ; 3.0642
7.16154 ; 6.05198 ; 4.29129 ; -6.66937
8.39261 ; 8.15367 ; 0.188574 ; -2.31668
8.37037 ; 7.72026 ; -6.80525 ; -0.416262
2.67222 ; 2.05919 ; 1.79455 ; 1.8005
8.69449 ; 1.99841 ; -2.1479 ; 2.70044
2.76414 ; 8.0053 ; 1.20537 ; -1.56206
8.5251 ; 7.62771 ; -6.32724 ; 0.316895
3.27102 ; 7.84937 ; -1.28308 ; -6.18438
8.37225 ; 4.80757 ; 1.15305 ; -5.65187
8.70285 ; 8.04692 ; -1.81148 ; -2.05347
6.3013 ; 2.1265 ; -6.62306 ; 2.99649
8.70654 ; 2.48279 ; -0.858032 ; -0.880569
2.79411 ; 4.20809 ; -0.0349184 ; -4.9726
2.87681 ; 4.31631 ; -0.522113 ; -5.10282
3.60221 ; 2.32974 ; -2.7136 ; -0.793988
5.70589 ; 2.66224 ; 5.85322 ; -2.21036
2.69837 ; 2.2127 ; 1.08373 ; 0.459859
2.76153 ; 7.67072 ; 0.466521 ; 0.562889
3.12061 ; 2.31719 ; 7.04796 ; 0.738649
2.85029 ; 2.2267 ; 0.0672555 ; 0.0998459
2.69948 ; 8.02015 ; 1.91037 ; -2.0192
8.71241 ; 7.26891 ; -0.568103 ; 2.10933
2.83301 ; 8.05988 ; 2.00676 ; -5.17312
8.64757 ; 2.66232 ; -0.312912 ; -1.63949
2.82943 ; 2.01897 ; 0.614592 ; 1.59501
7.48584 ; 2.60066 ; 3.41503 ; -1.98602
8.05357 ; 4.62897 ; -6.25874 ; -5.77067
3.62827 ; 2.44819 ; 7.52595 ; 5.85176
7.56929 ; 4.43222 ; 3.51665 ; -5.29315
8.49436 ; 8.08884 ; -1.04715 ; -5.2097
2.66467 ; 2.13435 ; 1.58404 ; 1.12967
8.74476 ; 8.0544 ; -2.80704 ; -2.87422
8.51101 ; 8.16267 ; -0.664609 ; -3.0325
8.42891 ; 1.9513 ; -0.0729301 ; 2.08309
2.70522 ; 8.0259 ; 1.88298 ; -2.05003
2.87516 ; 7.56173 ; 2.50901 ; -7.17511
8.69396 ; 1.99536 ; -2.1747 ; 2.75252
8.77951 ; 2.12371 ; -2.44582 ; 1.62717
4.84984 ; 7.90163 ; -4.89939 ; 0.152691
7.37202 ; 7.08992 ; -6.87828 ; 2.92364
8.67921 ; 2.05209 ; -1.59318 ; 1.85645
2.813 ; 2.02667 ; 0.707116 ; 1.57069
2.71728 ; 2.03518 ; 1.46625 ; 1.83703
2.62529 ; 2.04063 ; 2.8523 ; 2.58002
2.78811 ; 7.58209 ; 0.20656 ; 0.982457
2.63548 ; 2.02812 ; 3.24938 ; 3.09562
3.63195 ; 2.34381 ; -2.79089 ; -1.00091
2.96291 ; 7.48681 ; 0.797331 ; -7.15324
2.65164 ; 7.94136 ; 2.02173 ; -1.46358
2.92351 ; 2.14458 ; 1.06418 ; 6.41467
4.49082 ; 2.27798 ; 6.91578 ; 0.170312
8.6427 ; 2.16481 ; -0.916958 ; 0.756959
8.70433 ; 8.08962 ; -2.45748 ; -3.12979
8.75127 ; 8.0485 ; -3.03389 ; -3.00781
7.67926 ; 6.98289 ; 3.13708 ; 3.18154
3.20898 ; 4.69223 ; -1.84217 ; 6.24929
8.73853 ; 8.06135 ; -2.968 ; -3.13354
8.37425 ; 2.48834 ; -5.91535 ; 6.94961
2.70076 ; 2.04546 ; 1.56876 ; 1.80515
2.66187 ; 2.16818 ; 1.50746 ; 0.872815
8.73617 ; 8.06032 ; -2.63869 ; -2.8071
3.09648 ; 7.56387 ; -1.23138 ; 1.32308
2.65311 ; 8.02589 ; 2.73604 ; -2.61618
8.67567 ; 7.58215 ; -0.533157 ; 1.02751
2.67679 ; 1.98859 ; 2.40917 ; 2.92137
8.33071 ; 8.19572 ; 0.374028 ; -3.37014
2.90549 ; 2.46405 ; 1.50782 ; 7.23505
2.95427 ; 2.14018 ; -0.352593 ; 0.461508
3.12877 ; 2.09051 ; -1.07847 ; 0.561379
2.55832 ; 2.39934 ; 4.65429 ; 0.074638
8.47812 ; 7.6756 ; -5.19239 ; -6.67308
8.55361 ; 2.01031 ; -0.721122 ; 1.78168
2.7322 ; 2.06114 ; 4.0179 ; 4.95756
8.5121 ; 7.85468 ; -5.8893 ; -5.17658
8.77524 ; 2.14679 ; -4.5675 ; 2.35856
2.66284 ; 1.99599 ; 2.70315 ; 3.07758
2.99233 ; 7.90698 ; -0.464507 ; -0.34223
4.12236 ; 6.10776 ; -4.05902 ; 4.7272
2.70626 ; 2.0275 ; 1.60487 ; 1.97205
7.46253 ; 7.23104 ; 3.50105 ; 2.63545
7.7541 ; 7.72877 ; 2.77349 ; 0.995974
8.72094 ; 2.01464 ; -2.40519 ; 2.71457
7.27432 ; 7.84174 ; 3.7607 ; 0.552678
4.45816 ; 6.53479 ; 7.16252 ; -7.21335
8.73752 ; 2.2761 ; -1.42319 ; 0.237892
8.67972 ; 8.0982 ; -1.98422 ; -2.81426
2.89197 ; 7.71954 ; -0.207143 ; 0.500017
2.67381 ; 8.00958 ; 2.16507 ; -2.08231
2.77027 ; 7.80491 ; 0.6163 ; -0.109864
7.50572 ; 8.04794 ; 3.34361 ; -4.3911
8.61214 ; 7.632 ; -0.202936 ; 0.882798
8.70129 ; 2.11797 ; -1.52672 ; 1.31376
8.66989 ; 7.96084 ; -1.13453 ; -1.06353
2.89494 ; 7.97988 ; 0.183598 ; -0.982039
8.75331 ; 2.14111 ; -4.81226 ; 2.59909
3.63363 ; 2.28318 ; -2.7653 ; -0.74555
8.66035 ; 7.90561 ; -0.909584 ; -0.627509
2.80237 ; 7.73166 ; 0.29894 ; 0.326822
8.3498 ; 2.44223 ; -0.106324 ; 7.05406
7.21023 ; 7.66885 ; 3.89954 ; 1.309
2.66155 ; 8.03975 ; 2.94053 ; -2.94798
2.73521 ; 8.09552 ; 2.37308 ; -3.50628
8.73198 ; 2.0148 ; -2.66826 ; 2.91941
8.75305 ; 8.02546 ; -2.34508 ; -2.1647
2.71695 ; 7.98536 ; 4.4066 ; -4.40712
8.7179 ; 1.99895 ; -2.89587 ; 3.38762
8.45741 ; 2.11081 ; -1.09834 ; 6.23653
4.60403 ; 2.14471 ; -4.57034 ; -0.055626
8.74175 ; 8.057 ; -2.76446 ; -2.8676
8.72377 ; 7.96635 ; -1.61663 ; -1.29205
8.70985 ; 2.02044 ; -3.51826 ; 3.95586
8.63525 ; 2.04939 ; -1.21576 ; 1.69179
2.6906 ; 2.08051 ; 4.65344 ; 4.03862
5.75583 ; 2.11475 ; 6.03486 ; 3.76018
2.68678 ; 8.0457 ; 2.33031 ; -2.52063
3.93685 ; 4.39916 ; -3.7712 ; 6.46918
3.29904 ; 8.0604 ; -1.56014 ; -1.06219
2.9036 ; 6.94792 ; -0.732347 ; 3.01108
8.2281 ; 8.12064 ; 1.04187 ; -1.61441
6.80345 ; 7.83023 ; 4.54493 ; 0.564808
8.63873 ; 8.05203 ; -1.18985 ; -1.77778
8.69433 ; 1.99503 ; -2.17631 ; 2.75416
8.73852 ; 8.05023 ; -2.4061 ; -2.47557
8.65822 ; 7.93684 ; -0.973832 ; -0.843181
8.73163 ; 8.0392 ; -2.12474 ; -2.16185
5.42201 ; 2.20343 ; -5.62014 ; -0.12853
2.6542 ; 8.03203 ; 2.96233 ; -2.88272
3.92206 ; 7.73896 ; -3.40056 ; 0.998323
2.78226 ; 2.2086 ; 0.496383 ; 0.317052
2.83908 ; 7.96589 ; 0.507631 ; -1.00335
6.33754 ; 7.81027 ; -6.46209 ; 0.0707536
8.55885 ; 2.19242 ; -0.321602 ; 0.396827
2.80728 ; 7.96578 ; 0.727799 ; -1.08544
4.19996 ; 2.0966 ; -3.89687 ; 0.179208
3.29479 ; 4.52224 ; 6.28532 ; -5.66978
8.25422 ; 7.99123 ; 0.658852 ; -5.8259
8.18254 ; 3.78263 ; 1.94117 ; -4.35188
5.3779 ; 7.7974 ; -5.51646 ; 0.616678
8.14988 ; 5.42206 ; 1.9294 ; -6.21827
7.68581 ; 4.56757 ; 3.27267 ; -5.41306
8.72664 ; 2.00623 ; -2.76089 ; 3.11447
5.61294 ; 2.20357 ; 5.98126 ; 0.0166165
3.51237 ; 2.36785 ; 7.20288 ; 0.0139229
8.66049 ; 8.04613 ; -1.35738 ; -1.80754
2.66562 ; 8.03089 ; 3.5588 ; -3.53946
8.71626 ; 1.9968 ; -2.72316 ; 3.21461
2.67958 ; 1.99986 ; 2.15053 ; 2.57569
2.71147 ; 4.73452 ; 3.36591 ; -5.79077
2.86052 ; 7.66671 ; 6.34643 ; -0.149331
8.59965 ; 2.0476 ; -0.938111 ; 1.57936
2.78921 ; 5.80538 ; 2.38029 ; -6.80432
8.70572 ; 2.03389 ; -1.97574 ; 2.22158
2.67075 ; 8.03486 ; 3.54939 ; -3.59886
7.58185 ; 1.87846 ; 2.98654 ; 2.72661
3.55428 ; 2.54328 ; -2.6742 ; -1.70881
4.72927 ; 2.44376 ; 6.6469 ; -1.08858
8.70463 ; 2.06203 ; -1.7932 ; 1.87907
8.85691 ; 2.61225 ; -4.17426 ; -1.13024
2.68403 ; 2.60922 ; 5.57149 ; -1.20548
2.57627 ; 2.14741 ; 2.82511 ; 1.45801
8.7193 ; 2.00482 ; -3.08242 ; 3.53066
7.41375 ; 2.37608 ; 3.58447 ; 6.23363
8.41883 ; 3.52562 ; 1.0647 ; -3.87295
8.54273 ; 8.12124 ; -1.37638 ; -4.69712
3.09527 ; 2.0409 ; -0.87763 ; 0.939239
4.10362 ; 2.08744 ; -3.75933 ; 0.58446
2.7105 ; 8.01908 ; 1.78439 ; -1.94178
8.71012 ; 2.07312 ; -1.79566 ; 1.79045
2.65943 ; 2.01377 ; 2.35 ; 2.55944
2.94015 ; 2.09913 ; -0.222162 ; 0.74488
2.97892 ; 2.05125 ; -0.342271 ; 1.0218
2.6581 ; 8.0379 ; 3.03286 ; -3.0152
8.72832 ; 8.04945 ; -3.45844 ; -3.64554
8.7479 ; 7.79768 ; -1.36808 ; -0.143511
3.73329 ; 7.31142 ; -3.12247 ; 2.3768
4.28319 ; 7.22142 ; 6.86539 ; 2.49708
8.7195 ; 2.00268 ; -2.57891 ; 2.98683
2.67213 ; 8.04729 ; 2.7084 ; -2.83648
8.18699 ; 2.39135 ; -7.00349 ; 0.0916455
8.44305 ; 2.12361 ; 0.194384 ; 0.637597
3.34376 ; 7.67346 ; 7.15841 ; -0.097734
2.79417 ; 4.90159 ; 3.70975 ; 6.2874
8.50144 ; 8.12491 ; -1.01578 ; -4.78739
2.57591 ; 7.03535 ; 1.50211 ; 2.65546
3.01252 ; 2.07935 ; -0.550525 ; 0.775515
8.73098 ; 8.04479 ; -3.52906 ; -3.63729
8.64241 ; 8.03225 ; -1.14869 ; -1.59431
2.79604 ; 2.15188 ; 5.15964 ; 5.28993
2.72541 ; 7.93784 ; 1.28405 ; -1.12571
8.01146 ; 7.63012 ; 2.13339 ; 1.28988
2.85978 ; 7.90676 ; 0.246056 ; -0.550391
8.78544 ; 2.28644 ; -4.98853 ; 0.966073
8.70313 ; 8.07703 ; -2.99995 ; -3.78452
8.42355 ; 4.87865 ; 0.889951 ; -5.71992
3.13456 ; 6.17334 ; -1.29331 ; -5.9479
8.86614 ; 7.73192 ; -4.00152 ; -0.262514
2.67298 ; 8.043 ; 3.36913 ; -3.5058
2.66579 ; 8.03338 ; 3.49643 ; -3.49679
8.74378 ; 8.04887 ; -2.52084 ; -2.5518
2.69768 ; 2.06718 ; 1.5095 ; 1.60785
5.15503 ; 7.78875 ; 6.41009 ; 0.127625
8.74146 ; 8.05821 ; -2.92297 ; -3.04157
2.64905 ; 2.02977 ; 2.35202 ; 2.38301
8.1158 ; 2.53489 ; -7.01221 ; 6.73538
2.67319 ; 2.02221 ; 3.65663 ; 3.9356
8.65995 ; 2.06832 ; -1.34717 ; 1.61185
8.59786 ; 7.62328 ; -0.147662 ; 0.807347
8.41411 ; 2.69327 ; -0.652515 ; 7.35609
2.68533 ; 8.03862 ; 2.27186 ; -2.40619
2.69004 ; 4.61158 ; 1.31519 ; -5.53344
2.72306 ; 7.95859 ; 1.38098 ; -1.30888
8.71428 ; 1.99508 ; -2.77847 ; 3.30962
3.30373 ; 8.00707 ; -1.62727 ; -0.659519
2.65859 ; 2.30528 ; 1.22983 ; -0.0255951
8.60408 ; 1.94779 ; -1.4496 ; 2.90447
8.75516 ; 7.97476 ; -2.00048 ; -1.51475
2.58067 ; 2.12267 ; 2.97579 ; 1.73613
6.99147 ; 7.84027 ; -7.19209 ; -3.37352
8.52095 ; 1.98418 ; -0.569772 ; 1.95805
8.08836 ; 7.45245 ; 1.97908 ; 1.85789
2.8049 ; 2.16997 ; 4.70203 ; 5.81233
2.74787 ; 8.08979 ; 2.57754 ; -4.08916
8.51224 ; 7.18541 ; -3.33141 ; -7.49844
3.4219 ; 2.29721 ; -2.22538 ; -0.726699
8.15421 ; 2.56451 ; -6.8611 ; 6.90284
2.66449 ; 2.0038 ; 3.1911 ; 3.54244
8.72633 ; 2.00542 ; -2.80654 ; 3.17036
8.66601 ; 2.11967 ; -1.2195 ; 1.17856
2.66826 ; 8.04661 ; 3.10157 ; -3.21392
7.13691 ; 8.07279 ; 3.99276 ; -1.04193
8.57828 ; 5.82761 ; -3.21627 ; -6.84942
8.35155 ; 1.96282 ; 0.378433 ; 1.78118
8.5657 ; 8.04693 ; -0.612605 ; -1.50254
8.08055 ; 1.86529 ; 1.37299 ; 3.76953
8.69773 ; 2.01365 ; -2.03002 ; 2.44956
2.68152 ; 7.96775 ; 1.81834 ; -1.57412
8.7075 ; 8.05255 ; -1.90497 ; -2.15723
8.8687 ; 2.40416 ; -3.18605 ; -0.140413
7.9366 ; 7.94985 ; 2.10557 ; -5.71312
8.77848 ; 2.25815 ; -5.00855 ; 1.21501
7.08025 ; 7.815 ; -7.26725 ; -3.79312
8.34905 ; 1.9848 ; -0.103967 ; 5.47925
2.6677 ; 8.03339 ; 2.53835 ; -2.54368
8.73526 ; 8.04114 ; -2.1993 ; -2.22775
4.57286 ; 2.8589 ; -4.59809 ; -2.78505
2.87697 ; 8.03457 ; 0.429915 ; -1.47468
2.71158 ; 8.00392 ; 1.68942 ; -1.78106
6.83753 ; 2.40131 ; 4.4786 ; -1.35529
2.70399 ; 6.1971 ; 0.431098 ; 4.4328
3.209 ; 3.55304 ; -1.52454 ; 7.05724
2.64222 ; 2.2574 ; 5.4011 ; 1.20984
8.71555 ; 8.05417 ; -2.02555 ; -2.24606
8.72574 ; 8.06676 ; -2.42703 ; -2.70285
2.86874 ; 2.00711 ; 0.376672 ; 1.59864
8.71697 ; 2.01451 ; -3.35116 ; 3.75787
2.66492 ; 2.0069 ; 3.28077 ; 3.61126
2.87568 ; 3.23093 ; 2.96317 ; 7.54815
7.07492 ; 5.05251 ; 4.40929 ; 5.94424
8.45658 ; 6.80953 ; -0.433327 ; -7.25319
4.2564 ; 2.09935 ; -4.00243 ; 0.168444
2.72064 ; 7.98523 ; 1.51182 ; -1.55675
2.65345 ; 2.14316 ; 1.66031 ; 1.09545
2.70136 ; 8.01362 ; 1.85069 ; -1.93539
3.04986 ; 2.14219 ; -0.0438024 ; 6.36888
4.16423 ; 8.03634 ; -3.80151 ; -0.655584
6.67086 ; 3.66725 ; 5.04107 ; 6.88985
8.51649 ; 2.82209 ; 0.469321 ; -2.23898
2.78374 ; 7.93201 ; 0.805141 ; -0.895253
8.63739 ; 2.07657 ; -1.13239 ; 1.45108
2.80568 ; 8.11163 ; 1.34095 ; -2.7757
8.72051 ; 7.88216 ; -1.32279 ; -0.621289
8.72286 ; 8.02526 ; -1.90655 ; -1.91476
8.45385 ; 2.40591 ; 0.481354 ; -0.827553
8.72588 ; 7.99203 ; -1.74771 ; -1.54471
8.67174 ; 2.00866 ; -1.75297 ; 2.32345
8.74865 ; 8.04972 ; -2.78979 ; -2.79877
8.76969 ; 2.17172 ; -4.80901 ; 2.15049
3.2963 ; 3.1733 ; 6.46744 ; 7.58725
5.86118 ; 5.23866 ; -6.19285 ; -6.27039
7.58107 ; 7.9818 ; 3.09881 ; -0.238098
8.58063 ; 2.56394 ; -0.00775278 ; -1.34176
2.65809 ; 8.03571 ; 3.22246 ; -3.18414
8.41355 ; 8.06353 ; 0.265481 ; -1.31727
7.14293 ; 6.96584 ; 4.28436 ; -6.83336
8.58285 ; 2.01977 ; -0.904321 ; 1.78174
8.61998 ; 1.94155 ; -2.01225 ; 3.9107
8.58947 ; 6.87705 ; 0.256251 ; 3.18213
8.62971 ; 8.12016 ; -2.06802 ; -4.04153
8.38865 ; 7.91013 ; 0.595118 ; -0.220116
2.71025 ; 2.06357 ; 1.41391 ; 1.5933
2.67659 ; 8.01072 ; 2.1407 ; -2.07616
2.67884 ; 2.02713 ; 1.90928 ; 2.14351
8.75324 ; 2.15342 ; -4.89771 ; 2.4637
2.54215 ; 7.62009 ; 2.51827 ; 0.425405
2.69597 ; 2.146 ; 1.26734 ; 0.942321
8.65652 ; 1.99955 ; -1.65388 ; 2.35361
3.18029 ; 7.896 ; -1.27843 ; -0.0814407
5.7558 ; 2.18286 ; 5.84743 ; 0.095823
8.2177 ; 7.75039 ; 1.41564 ; 0.711965
2.77608 ; 2.06847 ; 0.860047 ; 1.32648
6.37349 ; 3.85639 ; -6.77081 ; 7.05178
4.81024 ; 8.0783 ; -4.88777 ; -1.58275
2.65718 ; 2.02272 ; 3.54453 ; 3.62729
2.6241 ; 2.04056 ; 3.22891 ; 2.87099
8.74012 ; 8.02589 ; -2.13512 ; -2.049
8.65506 ; 1.98854 ; -1.70519 ; 2.49868
3.26183 ; 2.77258 ; -1.96216 ; -2.30004
8.37913 ; 1.88268 ; -0.0481398 ; 3.61263
7.32796 ; 1.97148 ; 3.57022 ; 1.18645
8.6201 ; 7.22445 ; 0.0069077 ; 2.29008
2.74401 ; 7.90734 ; 1.03431 ; -0.826941
8.72634 ; 2.00829 ; -2.651 ; 2.98363
8.34643 ; 7.43608 ; 1.13346 ; 1.79233
8.64326 ; 2.03798 ; -1.32799 ; 1.83774
2.70321 ; 7.85345 ; 5.67674 ; -2.04604
2.89064 ; 6.91029 ; 3.43617 ; -7.51559
8.54973 ; 7.9637 ; -0.315139 ; -0.783529
2.64511 ; 8.00676 ; 2.63084 ; -2.3488
3.109 ; 7.53135 ; -1.29921 ; 1.44691
2.66935 ; 2.00771 ; 2.2397 ; 2.55565
2.82585 ; 2.06845 ; 0.507807 ; 1.18906
3.01171 ; 7.78934 ; 0.37038 ; -6.60295
2.66031 ; 8.04035 ; 3.05099 ; -3.05963
8.71476 ; 8.03234 ; -1.8576 ; -1.94872
3.14306 ; 7.95858 ; -1.07047 ; -0.482934
8.49269 ; 7.82507 ; 0.192916 ; 0.0490937
8.52441 ; 2.43047 ; -3.684 ; 7.15637
2.84532 ; 5.05044 ; -0.0892799 ; 5.93328
3.22782 ; 2.95696 ; -1.912 ; -2.76853
2.6822 ; 7.98192 ; 1.88452 ; -1.71379
8.54863 ; 7.70906 ; 0.0575397 ; 0.612737
7.25953 ; 2.07006 ; 3.71053 ; 0.354925
8.54788 ; 7.535 ; 0.210838 ; 1.322
3.0376 ; 1.98249 ; -0.528382 ; 1.48814
2.68595 ; 1.97877 ; 2.39368 ; 3.05418
8.54237 ; 1.91208 ; -1.20033 ; 3.65082
8.52103 ; 1.9073 ; -1.09768 ; 3.88664
6.27398 ; 2.12693 ; -6.52573 ; 1.61446
2.67523 ; 7.99359 ; 2.02849 ; -1.87609
8.11045 ; 7.46074 ; 1.54246 ; -6.89163
3.52665 ; 2.27559 ; -2.49764 ; -0.675758
8.51236 ; 2.02464 ; -0.399561 ; 1.53154
2.65894 ; 8.02557 ; 2.59563 ; -2.51103
2.74242 ; 1.95148 ; 1.73611 ; 2.92695
5.99457 ; 8.02432 ; 5.7274 ; -2.62885
8.29964 ; 2.11868 ; 0.2067 ; 6.19894
8.21119 ; 8.179 ; 1.02794 ; -2.38971
2.73849 ; 2.06673 ; 1.1567 ; 1.45921
7.20667 ; 6.99252 ; 4.16609 ; -6.83425
8.62789 ; 2.08798 ; -1.02428 ; 1.32169
2.65949 ; 8.02478 ; 2.58164 ; -2.49555
8.68975 ; 7.97232 ; -1.32951 ; -1.21894
2.92418 ; 2.06819 ; -0.0880959 ; 0.986273
2.67132 ; 2.02013 ; 2.0656 ; 2.30439
4.6022 ; 6.53138 ; -4.72397 ; 4.15193
8.84354 ; 7.87723 ; -3.27623 ; -1.17792
8.50697 ; 8.01652 ; -1.24804 ; -5.70225
8.65849 ; 7.87052 ; -0.819934 ; -0.399146
2.81106 ; 1.98909 ; 0.842286 ; 1.95004
3.24704 ; 7.20293 ; -1.6011 ; 2.48065
2.7533 ; 2.01145 ; 1.24046 ; 1.93054
8.73838 ; 2.02045 ; -2.73757 ; 2.90301
2.97372 ; 5.44482 ; 4.96172 ; -6.61276
5.19858 ; 7.82388 ; 6.3939 ; -0.120777
2.66303 ; 8.03595 ; 2.67587 ; -2.673
2.71429 ; 7.99698 ; 1.62889 ; -1.70002
8.66088 ; 8.05107 ; -1.38192 ; -1.86019
3.03185 ; 7.97074 ; -0.566829 ; -0.690252
4.4222 ; 4.71185 ; -4.55803 ; -5.55261
2.56159 ; 2.16396 ; 3.23571 ; 1.44671
6.44546 ; 8.07768 ; 5.11287 ; -2.12136
8.84921 ; 2.37788 ; -2.82631 ; -0.0950457
2.64152 ; 8.00848 ; 2.73444 ; -2.42995
2.97306 ; 1.9987 ; -0.225061 ; 1.44701
2.6668 ; 8.04338 ; 3.21107 ; -3.29178
2.68579 ; 1.98275 ; 2.30279 ; 2.91267
3.38059 ; 8.04221 ; -1.85742 ; -0.856945
6.51389 ; 7.77682 ; -6.89623 ; -4.45107
2.91747 ; 4.34217 ; -0.258185 ; 6.4522
8.85265 ; 2.83394 ; -2.0402 ; -2.05603
2.66905 ; 8.02766 ; 3.6761 ; -3.64787
8.71037 ; 7.19703 ; -0.526727 ; 2.3233
2.70236 ; 2.02457 ; 1.65725 ; 2.0235
2.68166 ; 1.99419 ; 2.18558 ; 2.66593
8.70726 ; 1.99969 ; -2.35272 ; 2.83636
8.35221 ; 2.38655 ; -0.139687 ; 6.96814
2.67019 ; 2.14017 ; 5.24051 ; 2.81298
2.77522 ; 2.15937 ; 0.636467 ; 0.644003
8.53618 ; 7.32717 ; 0.389941 ; 2.03065
2.99631 ; 7.85087 ; 0.496904 ; -6.42894
2.66163 ; 2.13701 ; 1.60171 ; 1.1188
8.68601 ; 2.15512 ; -5.4809 ; 2.9036
7.82648 ; 1.98063 ; 1.57795 ; 5.40226
2.73085 ; 1.97081 ; 1.69657 ; 2.60901
2.99841 ; 4.78802 ; -0.928915 ; 6.16674
6.49628 ; 7.66859 ; -6.90097 ; -5.16329
2.86313 ; 7.91973 ; 0.252743 ; -0.638218
2.65177 ; 2.0192 ; 2.43538 ; 2.55672
8.71066 ; 1.99561 ; -2.51684 ; 3.02094
8.22037 ; 7.95801 ; 0.872993 ; -5.88967
4.39299 ; 7.60028 ; 6.90744 ; 0.945012
2.5445 ; 7.77857 ; 3.23277 ; -0.624037
8.718 ; 2.0312 ; -2.16255 ; 2.35848
8.40109 ; 2.25443 ; 0.566759 ; -0.172727
8.39596 ; 2.57004 ; 0.853488 ; -1.49686
8.71513 ; 8.04228 ; -1.92841 ; -2.07649
2.73207 ; 7.95036 ; 1.28287 ; -1.20681
2.67065 ; 2.01775 ; 3.56138 ; 3.85497
8.42818 ; 7.89156 ; 0.436242 ; -0.160014
2.92942 ; 1.89293 ; 0.559113 ; 4.18173
2.66086 ; 1.99963 ; 2.6164 ; 2.94972
8.7295 ; 2.05215 ; -2.15535 ; 2.15895
8.14212 ; 7.8525 ; 1.60991 ; 0.28922
8.6489 ; 1.96404 ; -1.85104 ; 2.94342
5.93705 ; 7.98802 ; 5.68517 ; -1.15105
8.68152 ; 2.01001 ; -1.85286 ; 2.36996
2.73124 ; 7.98171 ; 1.40455 ; -1.47987
8.52881 ; 8.06353 ; -0.407839 ; -1.55602
8.74368 ; 8.05581 ; -2.87591 ; -2.95805
8.44741 ; 1.99221 ; -0.079811 ; 1.67914
8.5788 ; 8.0477 ; -0.705824 ; -1.53634
2.67232 ; 8.04888 ; 2.74829 ; -2.88989
7.99765 ; 6.4257 ; -6.55241 ; 4.34928
2.89692 ; 1.89444 ; 0.61167 ; 3.2529
3.81873 ; 5.47399 ; 6.95375 ; -6.66638
8.50413 ; 7.24057 ; 0.574612 ; 2.3005
8.51467 ; 7.85638 ; -5.87233 ; -5.16703
3.47377 ; 7.71827 ; 7.26162 ; -0.447762
2.53147 ; 7.68714 ; 3.86616 ; -0.145085
8.66839 ; 8.11125 ; -2.04776 ; -3.15913
2.91069 ; 8.13562 ; 0.943257 ; -4.42826
8.636 ; 2.1964 ; -0.800195 ; 0.52296
8.45769 ; 8.09694 ; -0.709099 ; -5.17788
8.38513 ; 7.34386 ; 1.0218 ; 2.05729
3.72174 ; 2.32057 ; -2.98829 ; -0.932316
8.35267 ; 7.62732 ; 0.992559 ; 1.12001
2.66329 ; 2.00146 ; 2.4996 ; 2.83253
7.82044 ; 7.46182 ; 2.69511 ; 1.91832
8.72832 ; 2.40235 ; -1.12378 ; -0.477235
2.93278 ; 2.14767 ; -0.254018 ; 0.447423
3.23534 ; 2.10042 ; -1.49929 ; 0.398507
8.72312 ; 2.05129 ; -2.07733 ; 2.1232
5.25392 ; 7.75093 ; 6.31255 ; 0.447411
7.36375 ; 2.2181 ; 3.55703 ; -0.517547
8.27754 ; 7.60188 ; 1.29547 ; 1.26435
2.81212 ; 2.07346 ; 0.587958 ; 1.18522
7.93886 ; 8.11337 ; 2.09965 ; -1.33658
8.80435 ; 2.14187 ; -3.92821 ; 2.07971
5.27324 ; 7.72744 ; -5.4162 ; 1.00228
2.98484 ; 7.6411 ; -0.717954 ; 0.934834
2.65573 ; 8.03221 ; 3.29437 ; -3.21276
8.11282 ; 2.36025 ; 1.74233 ; -0.895533
8.40448 ; 2.20754 ; 0.498238 ; 0.0793402
2.69187 ; 7.95787 ; 1.66846 ; -1.43354
7.53397 ; 2.85001 ; -6.94337 ; -2.45847
8.77433 ; 7.9092 ; -1.94473 ; -0.99738
4.24185 ; 2.25452 ; -4.16522 ; 5.78712
7.80484 ; 7.99267 ; 2.54816 ; -0.344322
7.92234 ; 4.38529 ; 2.55643 ; 6.18336
2.77351 ; 2.03764 ; 0.972738 ; 1.59373
3.00928 ; 7.81182 ; -0.657925 ; 0.192875
2.76098 ; 8.10688 ; 1.93018 ; -3.2141
8.64867 ; 8.11703 ; -1.75189 ; -2.96447
2.65788 ; 8.03611 ; 2.9588 ; -2.92752
2.65492 ; 8.03428 ; 3.13993 ; -3.07381
8.73012 ; 2.01733 ; -2.56059 ; 2.80341
8.70407 ; 1.99904 ; -2.30448 ; 2.80765
2.71111 ; 1.97581 ; 1.91652 ; 2.69684
2.65204 ; 2.32365 ; 1.25382 ; -0.11547
8.81284 ; 7.95628 ; -3.15085 ; -1.86316
8.66011 ; 5.31478 ; -2.37839 ; -6.33584
6.1246 ; 2.23539 ; -6.31892 ; 0.0546999
2.75932 ; 7.80601 ; 0.690372 ; -0.135501
8.70691 ; 2.02609 ; -3.63022 ; 4.05081
7.39748 ; 7.83775 ; 3.52045 ; 0.570442
6.54916 ; 7.32519 ; -6.97115 ; -6.39389
4.04335 ; 2.07262 ; -3.71387 ; 5.16884
2.86467 ; 2.22667 ; -0.00852787 ; 0.0803384
2.75349 ; 8.06791 ; 1.60302 ; -2.3213
8.77207 ; 7.91414 ; -1.93603 ; -1.02743
2.71252 ; 2.03898 ; 1.49116 ; 1.82028
8.66323 ; 1.9684 ; -2.59119 ; 3.98866
8.63684 ; 1.94677 ; -1.97726 ; 3.47481
2.65054 ; 8.02879 ; 2.99712 ; -2.87367
8.71662 ; 2.01949 ; -2.25562 ; 2.54394
6.29011 ; 3.29152 ; -6.3527 ; -3.76184
8.79629 ; 7.97141 ; -2.70937 ; -1.80689
8.03322 ; 7.78962 ; -7.23502 ; -1.11641
2.6738 ; 2.09934 ; 1.61141 ; 1.40138
2.88155 ; 8.14789 ; 1.04839 ; -3.85013
2.89545 ; 2.43635 ; -0.393966 ; -0.95634
3.53863 ; 3.08132 ; 3.37988 ; -3.07166
8.37626 ; 7.10935 ; 1.1464 ; 2.703
3.02952 ; 2.21974 ; 6.87048 ; 4.28877
3.42773 ; 2.18332 ; -2.18002 ; -0.192082
2.70248 ; 1.96473 ; 2.33899 ; 3.2694
8.74436 ; 8.05455 ; -3.07392 ; -3.14655
8.37982 ; 1.96686 ; 0.242872 ; 1.79307
8.71854 ; 2.00338 ; -2.55924 ; 2.96721
2.66432 ; 8.00383 ; 2.25283 ; -2.08988
3.46541 ; 2.08293 ; -2.22931 ; 0.362162
8.71727 ; 2.00734 ; -2.43899 ; 2.81814
6.14078 ; 2.12263 ; -6.40276 ; 1.42415
3.10774 ; 7.93379 ; -0.949995 ; -0.367743
2.90831 ; 7.7524 ; -0.249045 ; 0.367593
8.47444 ; 1.89936 ; -0.617367 ; 3.31313
3.16978 ; 2.48699 ; 6.94824 ; -0.675265
8.58415 ; 7.89613 ; -0.391322 ; -0.411086
6.22283 ; 2.11269 ; -6.53365 ; 2.90791
8.71336 ; 2.02319 ; -3.54509 ; 3.91566
8.48136 ; 5.19318 ; -4.81552 ; 6.03346
2.66617 ; 2.01279 ; 3.42826 ; 3.71769
2.6845 ; 2.03345 ; 3.87819 ; 4.16916
8.69442 ; 8.05989 ; -1.79679 ; -2.16774
2.72738 ; 2.02831 ; 1.40488 ; 1.86357
8.73199 ; 2.03888 ; -2.2908 ; 2.36145
4.25144 ; 2.10803 ; -4.14338 ; 5.16687
8.81615 ; 7.86308 ; -2.33749 ; -0.7959
2.93467 ; 7.72319 ; -0.410289 ; 0.532108
8.60621 ; 7.85821 ; -0.45808 ; -0.225331
8.45455 ; 2.47147 ; 0.533409 ; -1.09684
2.70788 ; 7.78501 ; 1.01372 ; -0.11922
5.2078 ; 8.04237 ; -5.49003 ; -2.87659
2.69444 ; 2.03125 ; 1.70119 ; 1.99244
8.73975 ; 8.03284 ; -2.18796 ; -2.14306
7.65622 ; 6.58223 ; 3.23479 ; -6.87953
2.65315 ; 2.00602 ; 2.93515 ; 3.15712
2.72755 ; 8.09005 ; 2.53721 ; -3.61118
2.72589 ; 7.56313 ; 0.575546 ; 0.995122
3.08275 ; 2.78793 ; 6.59479 ; -2.07871
2.80229 ; 2.91776 ; -0.191489 ; -2.50457
2.68713 ; 8.00532 ; 1.96097 ; -1.93048
8.52508 ; 2.29031 ; -2.37728 ; 6.86745
2.67076 ; 2.02977 ; 1.99346 ; 2.16773
2.72145 ; 7.9167 ; 1.24538 ; -0.968999
3.56242 ; 6.39761 ; -2.75811 ; -6.72267
8.40203 ; 5.25596 ; 0.948806 ; 5.70554
8.7246 ; 2.01088 ; -3.16832 ; 3.52046
8.71708 ; 2.011 ; -2.38341 ; 2.7352
8.7381 ; 8.05391 ; -3.25034 ; -3.37228
8.6937 ; 7.99694 ; -1.45239 ; -1.45025
4.31917 ; 1.96391 ; -4.209 ; 3.9815
3.01951 ; 6.83454 ; -0.16893 ; -7.18162
3.83047 ; 1.97893 ; -3.11393 ; 1.05988
8.42002 ; 6.09477 ; 0.387618 ; -6.7983
8.61407 ; 7.81034 ; -0.42889 ; 0.0275923
8.71396 ; 1.99566 ; -2.63388 ; 3.13448
2.66178 ; 8.03311 ; 3.42797 ; -3.39815
2.5886 ; 6.95533 ; 1.48189 ; 2.90139
8.68583 ; 7.96444 ; -1.27485 ; -1.14503
8.71228 ; 7.93523 ; -1.40481 ; -0.993013
3.57353 ; 2.30284 ; 7.54124 ; 4.61571
4.34344 ; 7.48579 ; 6.88913 ; 1.50336
7.96574 ; 7.77131 ; -7.40593 ; -4.57138
3.04016 ; 2.01164 ; 0.00161731 ; 5.73471
4.42313 ; 7.74067 ; 6.93527 ; 0.0292469
8.74115 ; 2.05867 ; -2.27018 ; 2.16108
8.41441 ; 2.2954 ; -6.75513 ; 1.13902
6.68969 ; 2.71373 ; 4.73823 ; -2.41279
2.66972 ; 8.03223 ; 3.59579 ; -3.6171
8.6165 ; 1.95918 ; -2.26062 ; 4.46028
8.63385 ; 4.63777 ; -1.69967 ; 6.45897
8.49449 ; 7.85198 ; 0.163986 ; -0.0244601
2.65925 ; 2.00112 ; 2.98948 ; 3.30394
8.68414 ; 2.03915 ; -1.70404 ; 2.02116
2.5152 ; 2.5753 ; 3.93104 ; -1.04077
8.48938 ; 2.13098 ; -0.0363052 ; 0.666091
2.8262 ; 2.29173 ; 0.115177 ; -0.211039
2.59444 ; 7.92219 ; 4.05267 ; -2.16758
4.14262 ; 3.7162 ; -4.14004 ; 6.8607
4.80731 ; 7.32632 ; -5.13573 ; -6.44328
2.67896 ; 8.04422 ; 3.42662 ; -3.64224
6.33743 ; 6.84839 ; -6.37449 ; 3.60943
2.68316 ; 7.78464 ; 1.20972 ; -0.16925
2.67511 ; 1.98508 ; 2.59176 ; 3.14306
4.28693 ; 4.4403 ; -4.35788 ; -5.34435
3.3651 ; 1.88608 ; -1.6938 ; 4.3906
8.68908 ; 2.065 ; -1.62719 ; 1.77467
3.29756 ; 8.10601 ; -1.33731 ; -4.92118
3.38799 ; 1.85935 ; -1.82137 ; 3.40562
8.74184 ; 8.04771 ; -2.43662 ; -2.47239
8.26667 ; 2.216 ; 0.448069 ; 6.4825
8.73759 ; 7.40602 ; -0.818173 ; 1.64088
2.96389 ; 2.04188 ; -0.252501 ; 1.11392
8.66914 ; 1.96793 ; -2.12851 ; 3.11884
2.87992 ; 6.90714 ; 1.77889 ; -7.39964
2.73569 ; 7.81066 ; 0.862913 ; -0.207858
5.72767 ; 4.3769 ; -5.50232 ; -5.32818
4.33459 ; 2.9336 ; -4.26406 ; -2.94227
8.58826 ; 2.0383 ; -0.884526 ; 1.6258
8.62968 ; 8.00316 ; -0.950636 ; -1.28876
6.79391 ; 2.35592 ; 4.40347 ; -1.15033
2.83273 ; 1.98302 ; 0.699693 ; 1.94382
3.01479 ; 7.84737 ; 6.89492 ; -3.32388
2.57788 ; 2.1358 ; 3.91417 ; 2.01809
3.22245 ; 7.27308 ; -1.81719 ; 2.31222
8.72552 ; 2.03575 ; -2.22917 ; 2.35467
3.00019 ; 7.87456 ; -0.54371 ; -0.148052
2.62745 ; 7.99768 ; 2.98547 ; -2.46797
2.66107 ; 7.97105 ; 2.06497 ; -1.71834
8.69726 ; 8.09299 ; -2.30416 ; -3.03092
8.69351 ; 2.16377 ; -5.47497 ; 2.71399
8.70141 ; 1.99134 ; -2.37255 ; 2.95522
2.66444 ; 8.03628 ; 3.38447 ; -3.39765
8.71753 ; 1.99852 ; -2.86608 ; 3.35966
3.31133 ; 7.53013 ; -1.54508 ; -6.79663
7.95031 ; 2.38852 ; -7.41797 ; 5.65987
8.45807 ; 7.56472 ; -0.93525 ; -7.09192
8.69849 ; 8.02249 ; -1.61409 ; -1.73138
2.66555 ; 8.0096 ; 2.2874 ; -2.15833
8.87795 ; 2.68796 ; -3.65214 ; -1.46945
8.89142 ; 7.52194 ; -2.96654 ; 0.985178
2.66016 ; 8.03207 ; 2.67498 ; -2.63411
2.66599 ; 8.03769 ; 3.38661 ; -3.41898
2.76919 ; 8.03314 ; 1.27275 ; -1.8161
2.7212 ; 2.0104 ; 1.54547 ; 2.09106
8.64889 ; 2.31507 ; -0.680286 ; -0.156022
8.20621 ; 7.60206 ; 1.54224 ; 1.29984
2.72802 ; 2.74488 ; 0.313051 ; -1.94921
2.98776 ; 7.67859 ; 6.07459 ; -6.32851
2.62195 ; 2.04779 ; 3.46064 ; 2.95629
2.9317 ; 7.73845 ; 1.21766 ; -6.78988
2.65895 ; 2.00328 ; 2.58027 ; 2.87493
8.69017 ; 2.0897 ; -1.53075 ; 1.53245
8.15107 ; 2.31413 ; 1.5879 ; -0.677393
8.58988 ; 2.11422 ; -0.677607 ; 0.997741
8.69695 ; 7.87313 ; -1.10806 ; -0.501283
2.74829 ; 1.96089 ; 1.56874 ; 2.65601
6.46895 ; 3.80486 ; -6.84759 ; 7.09055
2.93253 ; 2.24036 ; 6.74349 ; 1.8244
8.74794 ; 7.95153 ; -1.80807 ; -1.25694
3.63631 ; 7.86264 ; -2.70511 ; 0.355714
8.28271 ; 2.98758 ; 0.626973 ; 7.27492
8.72527 ; 2.00545 ; -2.74275 ; 3.10712
2.74976 ; 8.10326 ; 2.12558 ; -3.36825
8.68185 ; 8.08671 ; -1.86147 ; -2.5322
8.64269 ; 2.43811 ; -0.482405 ; -0.761733
2.59942 ; 2.11296 ; 2.59484 ; 1.71318
8.50925 ; 2.28861 ; 0.0886436 ; -0.215103
8.68488 ; 2.01267 ; -1.87139 ; 2.35903
8.54999 ; 7.92974 ; -0.250684 ; -0.559106
8.52455 ; 7.40567 ; -2.50458 ; -7.35534
2.65937 ; 8.02743 ; 2.60925 ; -2.53586
2.73536 ; 2.12405 ; 1.0114 ; 0.998574
7.89949 ; 2.16404 ; 2.26235 ; -0.0891286
2.6459 ; 2.02565 ; 3.45125 ; 3.3913
8.79063 ; 2.30233 ; -1.90991 ; 0.207886
8.825 ; 7.87534 ; -4.26124 ; -1.49525
8.28388 ; 7.3092 ; 0.710885 ; -7.01668
2.51617 ; 3.04476 ; 3.24767 ; -2.7461
8.62986 ; 2.27041 ; -0.625947 ; 0.0600524
8.60149 ; 2.13081 ; -3.798 ; 5.87278
7.66729 ; 2.6505 ; 3.00471 ; 6.81076
8.43226 ; 2.04576 ; 0.117675 ; 1.17796
7.31052 ; 1.9338 ; 3.67003 ; 3.90736
2.61847 ; 7.85 ; 4.95973 ; -1.71873
2.66799 ; 8.03346 ; 3.53486 ; -3.55132
8.53522 ; 2.51881 ; 0.189779 ; -1.21231
2.61768 ; 7.97367 ; 2.86157 ; -2.13894
2.69945 ; 2.00332 ; 1.83004 ; 2.32702
8.71908 ; 7.41482 ; -0.693845 ; 1.62536
2.67967 ; 7.98683 ; 1.93792 ; -1.77705
8.55965 ; 8.15435 ; -1.08057 ; -3.25626
5.77223 ; 7.662 ; 5.80407 ; 1.14097
2.71028 ; 1.98559 ; 1.8329 ; 2.51816
2.72038 ; 2.72979 ; 0.36766 ; -1.89708
2.63079 ; 2.0464 ; 2.53848 ; 2.31159
8.41588 ; 2.30037 ; -6.20176 ; 5.97468
3.44531 ; 4.34074 ; -2.5757 ; 6.5169
2.67867 ; 2.00954 ; 2.05608 ; 2.40525
8.72578 ; 2.01162 ; -3.15283 ; 3.4895
8.67745 ; 5.80186 ; -1.11027 ; 5.11864
8.60558 ; 7.85438 ; -0.44905 ; -0.204748
2.68807 ; 8.03144 ; 2.16166 ; -2.27057
8.73872 ; 8.05734 ; -3.14131 ; -3.2832
4.11748 ; 5.666 ; -4.09174 ; 5.29498
2.92828 ; 2.0312 ; -0.0429803 ; 1.25791
8.44085 ; 6.99679 ; -0.409706 ; -7.2916
8.77688 ; 2.24885 ; -1.89155 ; 0.521956
2.5822 ; 7.38217 ; 1.61098 ; 1.56298
2.8126 ; 7.99336 ; 0.769328 ; -1.29166
8.63159 ; 2.41798 ; -0.437908 ; -0.685092
7.74939 ; 7.78194 ; -7.29013 ; -0.816607
5.95155 ; 2.16718 ; -6.19055 ; 0.546746
8.60269 ; 2.06102 ; -0.919412 ; 1.47257
8.54468 ; 5.12245 ; -4.29999 ; -6.22185
3.81743 ; 6.29963 ; 7.14506 ; -7.27105
2.76442 ; 1.9316 ; 1.86084 ; 3.67695
2.90462 ; 7.76065 ; -0.222108 ; 0.325586
2.83678 ; 7.78241 ; 0.172909 ; 0.122448
8.24934 ; 2.04556 ; 0.975133 ; 0.915428
8.68372 ; 7.9285 ; -5.40613 ; -3.14365
8.0171 ; 2.99558 ; 2.27066 ; -2.89466
2.67277 ; 8.02696 ; 2.34422 ; -2.34929
3.65128 ; 2.77659 ; -2.90505 ; 6.96687
8.748 ; 3.83551 ; -0.979924 ; -4.37768
8.70962 ; 2.05128 ; -1.90668 ; 2.02866
8.66397 ; 3.0865 ; -0.224244 ; -2.87289
8.30485 ; 2.12049 ; 0.832331 ; 0.471679
2.83043 ; 2.27218 ; 0.115975 ; -0.115722
8.31179 ; 2.1969 ; 0.888104 ; 0.0344054
4.44809 ; 7.75324 ; -4.33442 ; 0.984767
2.60657 ; 7.63266 ; 1.63649 ; 0.509408
2.72476 ; 8.00719 ; 1.57831 ; -1.74629
7.73411 ; 7.98406 ; 2.73118 ; -0.273464
8.66589 ; 2.09203 ; -4.65978 ; 4.54843
3.34961 ; 1.88848 ; -1.69987 ; 2.23005
8.44455 ; 6.86315 ; 0.931795 ; 3.25579
2.67193 ; 7.94957 ; 1.83409 ; -1.44652
8.59931 ; 8.00968 ; -0.745452 ; -1.25563
2.84999 ; 2.27755 ; 0.00821781 ; -0.156651
3.03709 ; 2.60323 ; -1.09206 ; -1.67621
8.67489 ; 2.26102 ; -0.947013 ; 0.195699
2.69756 ; 8.00614 ; 1.84982 ; -1.87967
2.69505 ; 2.02287 ; 1.7422 ; 2.08514
8.7125 ; 2.33348 ; -1.10385 ; -0.146197
7.34815 ; 6.09232 ; -7.1024 ; -7.0916
3.18937 ; 7.85364 ; -1.35083 ; 0.14973
8.62479 ; 3.05712 ; -0.0015825 ; -2.81191
8.65454 ; 8.0073 ; -1.1596 ; -1.40545
2.96871 ; 6.54252 ; 5.81887 ; 4.0113
2.758 ; 2.38548 ; 0.407158 ; -0.586018
2.64861 ; 2.01112 ; 3.01782 ; 3.15773
2.71811 ; 8.01272 ; 1.66968 ; -1.83155
2.70005 ; 1.96743 ; 2.3182 ; 3.19039
4.86405 ; 7.2416 ; 6.51495 ; 2.53708
8.66826 ; 8.0747 ; -1.59247 ; -2.20818
3.4273 ; 3.04079 ; -2.50016 ; -3.02193
2.6595 ; 8.03884 ; 3.0094 ; -3.00318
8.56425 ; 7.969 ; -0.410209 ; -0.848959
8.64908 ; 8.02752 ; -1.18403 ; -1.57326
7.63221 ; 1.88804 ; 2.85498 ; 3.76486
8.59803 ; 2.3296 ; -0.345044 ; -0.306295
2.7271 ; 4.93765 ; 2.73947 ; 6.20337
8.68776 ; 2.00239 ; -1.99681 ; 2.54231
8.66647 ; 2.0092 ; -1.69953 ; 2.28858
3.28396 ; 2.12862 ; -1.69336 ; 0.200524
8.42639 ; 7.92342 ; 0.406544 ; -0.33798
2.68006 ; 8.05531 ; 2.67909 ; -2.91482
2.67715 ; 8.02459 ; 2.25741 ; -2.27192
8.6401 ; 2.05428 ; -1.2353 ; 1.66633
2.79674 ; 6.92304 ; -0.205693 ; 3.02502
2.6781 ; 8.02882 ; 2.28327 ; -2.32576
2.71165 ; 8.00609 ; 1.69734 ; -1.79802
7.99039 ; 2.44296 ; -7.09517 ; -0.393005
2.66381 ; 8.01038 ; 2.31603 ; -2.18174
8.70168 ; 4.90982 ; -1.77494 ; -5.87318
2.74261 ; 1.96074 ; 2.49265 ; 4.28917
2.6887 ; 2.63959 ; 0.638126 ; -1.5536
2.74961 ; 2.04884 ; 1.12554 ; 1.57311
8.66658 ; 2.03947 ; -1.53309 ; 1.92647
2.69478 ; 2.07202 ; 1.51672 ; 1.57677
8.69635 ; 2.04559 ; -1.79322 ; 2.01476
8.54999 ; 7.59959 ; 0.150032 ; 1.07095
2.69909 ; 2.00275 ; 1.83331 ; 2.33119
2.84632 ; 6.50425 ; 2.53224 ; -7.29038
2.67733 ; 2.05069 ; 4.14949 ; 4.035
3.23917 ; 8.12707 ; -1.2829 ; -1.94572
3.59822 ; 2.71849 ; -2.83458 ; -2.25766
3.64984 ; 3.3095 ; 7.13341 ; 7.49124
2.66506 ; 8.02693 ; 2.50286 ; -2.45907
3.04347 ; 6.80858 ; -0.350994 ; -7.17842
2.75727 ; 2.06225 ; 1.02253 ; 1.43588
2.54993 ; 2.34616 ; 2.41031 ; -0.0168437
5.20149 ; 5.2603 ; -5.58072 ; -6.21577
2.72743 ; 8.00251 ; 1.53205 ; -1.69058
2.92407 ; 2.04942 ; 0.991778 ; 5.95614
2.69092 ; 8.06632 ; 2.86554 ; -3.33721
2.68527 ; 8.01644 ; 3.94789 ; -3.95887
8.55079 ; 2.14551 ; -0.360107 ; 0.683507
6.13435 ; 5.53592 ; -6.44712 ; -6.36651
2.73361 ; 1.9942 ; 1.51028 ; 2.22936
8.05142 ; 2.19643 ; 1.83164 ; -0.179198
3.59809 ; 2.22241 ; -2.65877 ; -0.458067
8.2924 ; 2.54666 ; 1.24155 ; -1.49623
3.04483 ; 8.01742 ; -0.559158 ; -1.00509
6.27907 ; 7.60156 ; -6.34608 ; 1.33014
2.70615 ; 2.09004 ; 1.35127 ; 1.36864
8.46559 ; 6.73517 ; 0.858707 ; 3.51082
8.65009 ; 7.86787 ; -0.759057 ; -0.366921
8.68537 ; 2.05842 ; -1.62251 ; 1.8219
2.97365 ; 4.71483 ; -0.920215 ; -5.56999
4.51564 ; 7.69533 ; -4.43553 ; 1.22768
8.67188 ; 8.08214 ; -2.8444 ; -4.23731
8.39728 ; 7.6402 ; 0.809934 ; 1.03909
2.6416 ; 2.20844 ; 1.59243 ; 0.631446
8.56929 ; 1.92638 ; -1.27058 ; 3.1913
2.67382 ; 8.00196 ; 2.10553 ; -1.98588
8.6424 ; 7.20724 ; -0.11018 ; 2.32594
4.40095 ; 3.94913 ; 6.95405 ; 7.08691
2.61285 ; 2.10641 ; 4.32777 ; 2.6781
8.64001 ; 2.5711 ; -0.336699 ; -1.31426
2.66771 ; 1.99625 ; 2.49147 ; 2.88828
2.69031 ; 1.98228 ; 2.20656 ; 2.83812
8.73519 ; 8.06254 ; -2.65375 ; -2.84002
8.55502 ; 2.08618 ; -2.30427 ; 5.98753
8.72714 ; 8.05659 ; -2.25216 ; -2.43103
8.70368 ; 2.03381 ; -3.76594 ; 4.14049
4.07284 ; 2.10566 ; -3.66684 ; 0.111083
8.28092 ; 2.04994 ; 0.846805 ; 0.918192
2.81368 ; 7.83372 ; 0.39195 ; -0.192564
4.13686 ; 2.80282 ; -3.92475 ; -2.59764
8.67879 ; 7.86225 ; -0.946788 ; -0.391614
8.77683 ; 7.8942 ; -1.92098 ; -0.8893
5.29383 ; 7.60215 ; -5.44848 ; 1.54128
8.35189 ; 2.45339 ; -6.14278 ; 6.79965
2.64901 ; 7.52573 ; 1.10515 ; 1.03399
8.72344 ; 8.03251 ; -3.77974 ; -3.81989
2.53292 ; 7.71613 ; 3.26307 ; -0.226905
2.77874 ; 1.94724 ; 1.33266 ; 2.69613
3.73926 ; 7.88638 ; -2.94484 ; 0.268103
3.24931 ; 2.14613 ; -1.58662 ; 0.120819
8.62816 ; 8.05172 ; -1.10265 ; -1.73637
2.65273 ; 8.00385 ; 2.43908 ; -2.19992
8.6882 ; 8.05068 ; -1.66541 ; -2.00783
2.67248 ; 8.04377 ; 2.596 ; -2.69416
8.57121 ; 8.09707 ; -1.76344 ; -4.89686
7.11284 ; 7.92343 ; 4.03152 ; 0.0988716
7.88686 ; 4.01218 ; -6.56751 ; -4.95105
7.40224 ; 8.04986 ; 3.4756 ; -0.739251
7.55016 ; 7.84452 ; -7.40842 ; -2.59083
8.54411 ; 7.73014 ; 0.0588726 ; 0.523023
8.38353 ; 2.04275 ; 0.36267 ; 1.1177
8.44289 ; 3.10129 ; 0.891704 ; -2.9968
2.93392 ; 5.78021 ; -0.171958 ; -6.61415
8.57477 ; 2.06699 ; -0.702317 ; 1.33592
8.46833 ; 7.76485 ; 0.387995 ; 0.44232
8.74771 ; 8.04902 ; -2.69678 ; -2.70676
3.30467 ; 2.26384 ; -1.85475 ; -0.516106
8.74749 ; 8.05207 ; -2.91476 ; -2.94677
8.49833 ; 2.35517 ; -6.48242 ; 0.490943
8.36087 ; 7.92744 ; 0.699167 ; -0.289399
8.49296 ; 7.70902 ; 0.328134 ; 0.666484
8.79108 ; 7.73702 ; -1.65796 ; 0.117886
8.46668 ; 7.67683 ; -6.5593 ; -0.0494757
8.74254 ; 8.05332 ; -2.63566 ; -2.70805
8.6163 ; 1.94121 ; -1.68947 ; 3.25814
8.67291 ; 2.01392 ; -1.73537 ; 2.2679
8.66619 ; 2.11491 ; -1.23425 ; 1.21564
8.54136 ; 8.11034 ; -0.645846 ; -2.12835
3.72406 ; 2.22772 ; 7.49663 ; 2.97281
8.57641 ; 7.92803 ; -0.402105 ; -0.595087
2.96684 ; 6.70963 ; 4.70649 ; -7.44858
2.78021 ; 6.36363 ; -0.137669 ; 4.15636
6.00129 ; 7.94899 ; 5.61805 ; -0.636013
2.66086 ; 8.03664 ; 3.29279 ; -3.28003
3.43444 ; 2.38035 ; -2.29974 ; -1.07586
2.72565 ; 2.37829 ; 0.622328 ; -0.511495
8.5657 ; 3.08578 ; 0.323297 ; -2.91224
2.90057 ; 7.7986 ; 5.73171 ; -5.84818
5.30516 ; 2.28311 ; 6.25633 ; -0.386332
4.53801 ; 7.04597 ; -4.75396 ; -6.73663
8.73668 ; 8.04392 ; -2.2561 ; -2.29427
8.47048 ; 3.31124 ; 0.818646 ; -3.44621
8.63559 ; 7.90174 ; -0.729707 ; -0.546101
8.72921 ; 8.03271 ; -2.0406 ; -2.0549
2.89632 ; 1.94486 ; 0.386915 ; 2.21333
2.66221 ; 7.97873 ; 2.09364 ; -1.79171
2.81317 ; 2.02877 ; 0.701478 ; 1.55581
8.7265 ; 5.43318 ; -2.18955 ; 5.62516
8.74149 ; 8.05856 ; -2.95284 ; -3.07653
8.72559 ; 8.03923 ; -2.04124 ; -2.1122
8.82136 ; 3.62045 ; -1.87397 ; -4.00116
8.65943 ; 1.99355 ; -1.71869 ; 2.45432
3.57298 ; 7.90352 ; -2.52188 ; 0.121089
2.67286 ; 8.04227 ; 2.56599 ; -2.65683
2.71789 ; 2.15957 ; 5.6824 ; 2.81712
2.75598 ; 5.20907 ; 0.569082 ; 5.76427
7.54461 ; 5.57022 ; 3.55663 ; 5.37809
8.34949 ; 7.97141 ; 0.700877 ; -0.545194
2.6774 ; 8.02928 ; 3.71174 ; -3.78144
2.68121 ; 2.02431 ; 3.72306 ; 4.08592
8.73173 ; 2.04146 ; -2.269 ; 2.32592
8.73509 ; 2.04835 ; -2.26162 ; 2.25528
3.35822 ; 2.28319 ; -2.03285 ; -0.632369
2.69061 ; 2.05889 ; 1.60593 ; 1.71611
2.65836 ; 8.03498 ; 2.85085 ; -2.81533
8.4875 ; 7.27623 ; -4.02061 ; -7.47126
8.69579 ; 7.97616 ; -1.39296 ; -1.27162
2.79823 ; 2.19056 ; 0.433516 ; 0.397519
8.74234 ; 8.0549 ; -3.12981 ; -3.22193
7.98881 ; 7.78844 ; 2.12636 ; 0.665115
8.59919 ; 7.70568 ; -0.208537 ; 0.574095
8.6783 ; 2.03159 ; -1.68644 ; 2.07398
4.37859 ; 4.08073 ; -4.46531 ; -4.91262
2.76987 ; 1.99881 ; 1.14759 ; 1.99962
2.67597 ; 8.04357 ; 2.52565 ; -2.63995
2.71213 ; 2.12617 ; 1.18885 ; 1.0481
8.66892 ; 1.97235 ; -2.05351 ; 2.97588
8.28866 ; 2.0775 ; 0.847861 ; 0.734694
2.97837 ; 3.60391 ; -1.11487 ; -4.02416
7.62398 ; 7.70921 ; 3.08148 ; 1.10433
8.7386 ; 7.85436 ; -1.41072 ; -0.480166
8.42511 ; 6.7859 ; 1.0222 ; 3.4223
5.52479 ; 7.3601 ; -5.62363 ; 2.34648
3.50196 ; 2.91171 ; -2.65567 ; -2.73046
8.39665 ; 6.75198 ; 0.163134 ; -7.17885
4.2177 ; 2.57365 ; 6.8591 ; -1.54669
8.26892 ; 3.70215 ; 1.04176 ; 6.96167
5.34597 ; 5.83838 ; 6.41835 ; -6.75404
2.61512 ; 7.955 ; 2.69488 ; -1.87131
7.52639 ; 7.54487 ; 3.32835 ; 1.58072
2.58689 ; 7.90605 ; 2.92686 ; -1.52325
6.15559 ; 7.90749 ; -6.53921 ; -3.45025
