5.77683 ; 4.8989 ; -0.0684742 ; -1.46999
6.80293 ; 5.52235 ; 1.31491 ; 0.42348
6.40245 ; 5.28965 ; 0.552257 ; -0.15464
4.57553 ; 4.03555 ; -0.334887 ; -1.10328
5.38606 ; 5.4218 ; -0.327014 ; -0.876059
4.03668 ; 4.53707 ; -1.0469 ; -0.412019
5.67608 ; 5.46495 ; -0.347074 ; -0.351903
5.66224 ; 5.74401 ; -0.255093 ; 0.952312
6.49636 ; 5.27448 ; 1.61104 ; 0.286801
6.58159 ; 6.50418 ; 1.5386 ; 1.147
6.60529 ; 5.1503 ; 1.03711 ; -1.04987
5.96284 ; 5.51946 ; 0.943866 ; -0.582154
4.53176 ; 5.00167 ; -1.55443 ; -1.16261
4.80574 ; 4.92234 ; -1.34952 ; -0.156826
6.19206 ; 4.95077 ; 1.14405 ; -0.656217
6.0298 ; 6.37769 ; 1.24646 ; 0.707827
4.73632 ; 4.72694 ; -0.691567 ; -1.2218
7.19231 ; 5.99698 ; 1.52743 ; 0.922343
5.43238 ; 5.2395 ; -0.281224 ; -0.466811
4.86599 ; 5.73536 ; -1.0655 ; -0.095987
6.5823 ; 6.78496 ; 0.720325 ; 0.811396
3.84481 ; 6.49705 ; -1.53408 ; 1.47509
5.92851 ; 7.12112 ; 0.474575 ; 1.74509
5.99203 ; 5.61907 ; 1.28281 ; -0.321818
5.04083 ; 6.84069 ; -0.855824 ; 1.71062
6.40807 ; 5.51933 ; 1.30765 ; 0.531806
5.2266 ; 5.11604 ; -0.467996 ; 0.104014
5.16451 ; 5.34193 ; -1.03296 ; 0.0330835
3.81181 ; 4.03867 ; -1.52131 ; -1.34111
5.74325 ; 4.87314 ; 0.608761 ; -1.45716
6.76485 ; 5.61517 ; 1.39734 ; -0.194336
5.45 ; 4.29694 ; -0.37915 ; -1.30127
6.60076 ; 6.26455 ; 1.59088 ; 0.938721
7.4223 ; 5.75538 ; 1.47145 ; 0.74977
4.52736 ; 4.88384 ; -1.82383 ; -1.22469
6.60013 ; 4.37103 ; 1.55976 ; -1.63758
5.04867 ; 4.56178 ; -0.811534 ; -1.57561
4.85156 ; 4.29363 ; -0.889602 ; -1.39997
4.71143 ; 7.05427 ; -1.38416 ; 1.6186
4.66039 ; 5.71673 ; -1.62665 ; 0.789782
5.48624 ; 5.78636 ; 0.220484 ; 0.876723
5.31866 ; 7.41523 ; -0.165314 ; 1.4022
5.85824 ; 5.47172 ; 0.9749 ; 0.458613
5.50881 ; 4.5425 ; 0.442727 ; -0.885494
4.08062 ; 5.31517 ; -1.07467 ; -0.632011
5.19742 ; 4.65869 ; -0.12922 ; -0.576429
7.26762 ; 4.56448 ; 1.45898 ; -1.41398
4.64557 ; 5.30486 ; -0.481512 ; -0.098926
4.52431 ; 5.04805 ; -1.22954 ; -0.710535
7.0139 ; 4.37816 ; 1.46987 ; -0.828311
4.78837 ; 4.45063 ; -1.08146 ; -1.76189
6.84793 ; 4.05101 ; 1.37821 ; -1.55686
4.76251 ; 4.30523 ; -0.595132 ; -1.27808
4.00893 ; 6.29779 ; -1.03844 ; 0.642447
5.24678 ; 4.92738 ; -0.557827 ; -0.881914
4.44722 ; 5.41349 ; -1.01286 ; -0.76854
7.21567 ; 5.22765 ; 1.79255 ; -0.037279
4.3956 ; 6.30432 ; -1.63737 ; 0.523987
7.07419 ; 4.71662 ; 1.79982 ; -0.713777
6.40484 ; 6.56666 ; 1.6516 ; 1.84456
4.98465 ; 5.30948 ; -1.21773 ; 0.230405
4.74422 ; 4.3701 ; -0.330709 ; -0.849475
4.60941 ; 6.87165 ; -1.51174 ; 1.39037
6.43497 ; 5.11373 ; 1.59837 ; -0.237026
6.90759 ; 7.24275 ; 1.35036 ; 1.09925
5.08231 ; 7.43194 ; -1.12318 ; 1.42204
6.72434 ; 4.73444 ; 1.72687 ; -1.46707
5.96855 ; 3.95438 ; 0.57181 ; -1.27133
4.73765 ; 4.23559 ; -1.60788 ; -1.82536
4.0271 ; 5.21191 ; -1.37134 ; -0.823319
6.39637 ; 5.07294 ; 1.672 ; -0.282779
5.14171 ; 4.36294 ; -1.05777 ; -1.75432
6.46202 ; 4.1996 ; 1.3804 ; -1.73107
4.85334 ; 5.0356 ; -1.1497 ; -1.12568
4.20065 ; 5.77112 ; -1.2799 ; 0.353042
6.24559 ; 7.31033 ; 0.729897 ; 1.56909
6.68925 ; 4.63655 ; 1.02343 ; -1.5062
6.70135 ; 5.07011 ; 1.45235 ; -0.569177
5.64257 ; 4.00411 ; -0.0246015 ; -1.58911
5.61787 ; 6.70613 ; -0.285814 ; 1.73225
7.13062 ; 5.12499 ; 1.27809 ; -0.988292
6.37951 ; 5.90661 ; 0.528033 ; -0.198432
4.35384 ; 5.82746 ; -1.27538 ; 0.0968196
4.4023 ; 4.30947 ; -1.64825 ; -1.5232
6.88469 ; 6.0907 ; 1.14994 ; 0.555987
5.95516 ; 4.41121 ; 0.935237 ; -1.45693
6.7349 ; 5.82595 ; 1.79646 ; -0.121177
5.89668 ; 5.51063 ; 0.21786 ; -0.177705
6.3716 ; 5.16374 ; 1.03601 ; -1.03816
4.44546 ; 6.3569 ; -0.542719 ; 0.349775
4.43283 ; 6.63824 ; -1.72635 ; 0.74906
5.51556 ; 4.51708 ; 0.0942733 ; -1.40585
5.67229 ; 4.99411 ; -0.150628 ; -0.297458
5.56759 ; 3.81648 ; -0.382298 ; -1.52437
5.87118 ; 5.26915 ; 0.747578 ; 0.417258
6.9865 ; 6.3159 ; 0.997992 ; 0.502169
4.72934 ; 5.88746 ; -1.71174 ; 1.17058
4.83398 ; 5.62698 ; -0.387996 ; 0.417838
6.04977 ; 4.45425 ; 1.23537 ; -0.709408
6.08056 ; 6.30967 ; 0.0210963 ; 0.505939
4.17035 ; 6.38693 ; -1.48849 ; 0.502471
6.68591 ; 4.58186 ; 1.76337 ; -0.824797
5.81624 ; 5.32978 ; 0.343634 ; 0.0342989
6.85017 ; 5.70298 ; 1.77748 ; 0.535086
4.49649 ; 6.08662 ; -1.26055 ; 1.52321
4.5788 ; 3.8436 ; -1.52174 ; -1.77953
5.81956 ; 5.18127 ; 0.278053 ; -0.777712
5.17452 ; 6.54366 ; 0.200844 ; 1.52191
5.52244 ; 6.3826 ; -0.150476 ; 1.12915
6.47811 ; 6.18345 ; 0.830478 ; 1.56517
6.74072 ; 5.45894 ; 1.5577 ; -0.175946
4.96189 ; 6.35944 ; -1.07749 ; 1.12645
6.76015 ; 6.37655 ; 1.06537 ; 1.69361
5.74481 ; 4.20302 ; 0.108284 ; -1.95857
4.96132 ; 6.43145 ; -1.19494 ; 0.515918
6.49674 ; 6.38312 ; 1.55661 ; 1.68942
6.54854 ; 4.08542 ; 1.63219 ; -1.65337
5.28492 ; 4.39862 ; 0.247055 ; -1.87637
5.84786 ; 5.94016 ; -0.0401289 ; 1.26451
4.68743 ; 6.34839 ; -0.39628 ; 1.40166
6.13179 ; 7.19021 ; 1.09724 ; 1.62191
4.63015 ; 5.99963 ; -1.66587 ; 0.682631
5.98588 ; 6.04886 ; 1.18381 ; 0.840862
5.2267 ; 5.1186 ; -0.447335 ; -1.19201
4.8654 ; 6.1176 ; -1.28849 ; 1.57394
5.14291 ; 5.86146 ; 0.125583 ; 0.561451
5.58652 ; 5.91212 ; -0.263346 ; -0.00305386
4.23818 ; 3.90982 ; -1.25776 ; -1.72164
4.12274 ; 5.54901 ; -1.76535 ; 0.745494
4.52343 ; 5.47125 ; -0.932277 ; -0.553989
7.0431 ; 4.90714 ; 1.75884 ; -0.499726
5.67274 ; 6.12768 ; -0.366883 ; 1.25627
4.10281 ; 6.27513 ; -1.5574 ; 0.338581
5.45589 ; 6.88222 ; 0.592674 ; 1.59927
6.17419 ; 5.32135 ; 0.729175 ; 0.0745182
5.87769 ; 4.45178 ; 1.0881 ; -1.91981
4.23148 ; 6.49858 ; -1.60015 ; 1.50306
6.11646 ; 7.0579 ; 0.900729 ; 1.36728
6.20458 ; 6.95834 ; 0.790099 ; 1.61928
5.75917 ; 6.7184 ; -0.476446 ; 0.883875
6.33066 ; 4.55173 ; 0.78737 ; -1.69765
5.67276 ; 7.25113 ; -0.411755 ; 1.3617
6.18046 ; 6.43898 ; 1.52713 ; 1.54401
5.64555 ; 6.17048 ; -0.150549 ; 1.15245
5.78642 ; 4.06108 ; -0.0904189 ; -1.66167
7.28461 ; 5.21158 ; 1.39343 ; -0.747522
5.05577 ; 6.83721 ; -0.894165 ; 0.960597
4.55959 ; 6.5439 ; -1.08886 ; 1.91365
3.83856 ; 5.34263 ; -1.31481 ; 0.392606
3.67276 ; 4.26093 ; -1.32245 ; -1.67103
4.9853 ; 4.61713 ; -1.06451 ; -1.83642
5.81675 ; 4.62617 ; 0.260792 ; -1.76867
4.02647 ; 4.22541 ; -1.39095 ; -0.789306
5.95543 ; 5.29518 ; 0.764529 ; -0.327998
6.66873 ; 6.32664 ; 0.928307 ; 0.806742
5.80326 ; 6.20659 ; -0.254661 ; 0.46727
5.65009 ; 5.51176 ; 0.532706 ; 0.151763
6.14869 ; 4.60386 ; 0.799312 ; -1.18732
7.3822 ; 4.67341 ; 1.34561 ; -1.13007
4.64554 ; 4.5245 ; -0.55426 ; -1.82145
6.50521 ; 7.25666 ; 1.4385 ; 1.56025
4.07645 ; 5.60598 ; -1.6695 ; 0.352423
5.67981 ; 4.82399 ; -0.236727 ; -1.207
6.27679 ; 6.63556 ; 1.63001 ; 1.89274
6.1361 ; 6.60754 ; 0.873308 ; 0.827748
5.03379 ; 5.48345 ; -0.812367 ; -0.199446
5.55544 ; 5.90339 ; 0.715807 ; 1.27381
4.87093 ; 7.31182 ; -1.28663 ; 1.63322
5.67417 ; 5.27796 ; -0.417107 ; -1.03891
5.86769 ; 5.50302 ; 1.14881 ; 0.542023
5.7751 ; 6.957 ; 1.01212 ; 1.20799
7.01934 ; 6.54443 ; 1.402 ; 0.875746
6.20664 ; 4.53669 ; 0.888143 ; -0.804037
6.14095 ; 5.04018 ; 0.698422 ; -0.579986
6.13947 ; 6.17083 ; 0.24332 ; 0.173715
5.28117 ; 4.66951 ; -0.209826 ; -0.821699
5.00677 ; 4.27647 ; -1.17997 ; -1.92801
4.32152 ; 6.60186 ; -0.800369 ; 1.06208
4.60717 ; 5.34097 ; -1.13943 ; -0.0405312
5.24542 ; 6.11229 ; -0.392615 ; 1.04984
5.53329 ; 6.05817 ; 0.350153 ; 0.238212
3.85178 ; 5.31442 ; -1.82819 ; 0.421077
6.36094 ; 4.54381 ; 1.33082 ; -1.77884
6.91742 ; 4.3744 ; 1.73718 ; -1.84302
6.05357 ; 4.53549 ; 0.343297 ; -1.04532
4.8036 ; 5.58793 ; -0.545254 ; 0.0767906
4.8247 ; 4.46795 ; -0.594537 ; -1.71936
5.25773 ; 6.72301 ; 0.0997366 ; 1.15792
4.50199 ; 4.40412 ; -1.121 ; -1.42476
6.17797 ; 3.9193 ; 1.45749 ; -1.81117
5.77288 ; 7.08782 ; 1.0199 ; 1.28899
5.98293 ; 5.85187 ; 0.404855 ; 0.0368722
4.04241 ; 4.80429 ; -1.76923 ; -1.16341
6.4137 ; 4.53174 ; 1.15217 ; -1.84889
4.47354 ; 4.96909 ; -0.940318 ; -1.45435
5.05263 ; 4.27961 ; -1.13751 ; -1.9331
7.27872 ; 4.58098 ; 1.66566 ; -0.924226
7.30116 ; 5.51471 ; 1.5906 ; 0.414361
4.55853 ; 6.95756 ; -0.483883 ; 1.65746
3.69779 ; 4.49017 ; -1.46321 ; -1.74493
7.27163 ; 3.95328 ; 1.05499 ; -0.784918
4.08919 ; 6.84285 ; -1.6367 ; 1.03741
5.05582 ; 4.91198 ; -0.0699944 ; -1.44485
6.20381 ; 6.60878 ; 1.6868 ; 1.00252
4.12316 ; 3.94073 ; -1.69424 ; -1.7373
4.95251 ; 4.10297 ; -0.233338 ; -1.77927
3.81289 ; 6.77342 ; -1.38912 ; 0.934981
4.99339 ; 6.71838 ; -0.423604 ; 0.816152
5.27587 ; 5.56572 ; -0.706229 ; -0.598731
4.88341 ; 5.19493 ; -0.8658 ; -1.01935
6.76646 ; 4.29462 ; 1.71333 ; -0.807291
5.87574 ; 4.83248 ; 0.358487 ; -0.951784
6.43611 ; 5.10266 ; 1.24994 ; 0.234324
6.26938 ; 4.69479 ; 0.708986 ; -1.35363
5.14509 ; 5.53072 ; -0.172993 ; 0.522688
4.576 ; 5.1426 ; -1.82901 ; -0.199146
4.32862 ; 4.50019 ; -1.85047 ; -0.569162
4.49865 ; 7.09542 ; -1.52925 ; 1.33874
4.19745 ; 4.08968 ; -1.54632 ; -1.71708
4.97019 ; 4.24885 ; -0.42076 ; -1.31565
4.24935 ; 4.17846 ; -1.49095 ; -1.74435
6.14949 ; 6.64576 ; 1.60298 ; 1.06191
6.78262 ; 4.20156 ; 0.815682 ; -1.36544
6.11523 ; 4.38987 ; 1.5414 ; -1.6776
6.84199 ; 6.00701 ; 1.31308 ; 0.646991
6.35349 ; 4.19744 ; 1.71084 ; -1.65979
5.95634 ; 3.77731 ; 1.30362 ; -1.71544
4.38587 ; 6.27885 ; -1.65484 ; 1.28812
6.84047 ; 5.15564 ; 1.35654 ; -0.289468
6.0031 ; 7.10141 ; 1.11621 ; 1.48102
5.20394 ; 6.21023 ; -1.18598 ; 1.49274
4.17206 ; 5.76641 ; -1.60386 ; 0.748826
4.62643 ; 6.0959 ; -1.29797 ; 1.22153
6.00463 ; 4.78567 ; 0.633013 ; -0.297578
4.36261 ; 5.87595 ; -1.67514 ; 0.862903
4.55438 ; 5.81932 ; -1.34714 ; 0.492583
4.28687 ; 6.82684 ; -0.915867 ; 1.31298
5.08182 ; 7.16084 ; -1.23166 ; 1.77733
5.17341 ; 6.76407 ; -0.604872 ; 0.939168
4.88594 ; 3.66104 ; -0.959835 ; -1.4904
6.7451 ; 3.9341 ; 0.818874 ; -1.14783
5.45367 ; 5.4594 ; 0.54048 ; -0.403601
6.96943 ; 6.06359 ; 1.12797 ; 0.262769
5.27537 ; 6.23874 ; -0.761348 ; 1.03402
5.35299 ; 3.78242 ; -0.388441 ; -1.82195
4.52775 ; 5.97606 ; -0.821417 ; 0.118091
5.57717 ; 6.30052 ; -0.660794 ; 1.74303
4.34439 ; 6.70886 ; -1.21992 ; 1.75866
7.17835 ; 4.52535 ; 1.14658 ; -0.474122
5.01953 ; 5.2284 ; -0.337211 ; -0.538258
6.03029 ; 6.50872 ; 0.997764 ; 1.75661
5.24302 ; 6.92361 ; -0.602875 ; 1.84633
4.49737 ; 6.71227 ; -0.854578 ; 1.8855
5.9109 ; 5.96087 ; 0.715867 ; 0.20554
5.12317 ; 6.45253 ; -0.891111 ; 0.981037
5.39906 ; 6.08477 ; -0.77756 ; 0.224821
3.63365 ; 6.15653 ; -1.36581 ; 0.342156
4.49346 ; 5.19906 ; -1.52437 ; -0.730165
4.54984 ; 6.13927 ; -1.10055 ; 1.24618
3.88701 ; 5.71233 ; -1.63402 ; 0.904815
6.17103 ; 6.87441 ; 1.13145 ; 1.06767
6.60396 ; 5.41281 ; 1.33961 ; -0.228858
6.79706 ; 4.61838 ; 1.56768 ; -0.785585
4.43948 ; 6.64201 ; -0.771517 ; 1.79326
7.18671 ; 6.37379 ; 1.4775 ; 1.14693
6.30259 ; 6.69138 ; 1.59501 ; 1.66851
5.99956 ; 6.97102 ; 0.716854 ; 1.13863
6.71732 ; 4.16999 ; 0.887641 ; -1.09694
3.69879 ; 4.49112 ; -1.31714 ; -0.382321
5.38721 ; 4.23111 ; 0.326611 ; -1.55779
5.80965 ; 4.33031 ; 0.514816 ; -1.95025
4.89328 ; 4.82538 ; -1.32961 ; -0.855432
4.958 ; 7.3873 ; -0.443591 ; 1.49693
6.90944 ; 4.35032 ; 1.6805 ; -0.745299
6.12101 ; 6.19386 ; 1.27759 ; 0.408667
4.71224 ; 6.6231 ; -1.77194 ; 1.7177
5.15495 ; 3.99323 ; -1.24436 ; -1.86137
5.29693 ; 4.84545 ; -0.420373 ; -0.775262
5.07418 ; 5.92134 ; -0.0112005 ; 0.868622
5.43128 ; 4.56669 ; -0.359708 ; -1.05801
6.04746 ; 5.55843 ; 0.263222 ; -0.243214
4.02661 ; 3.72768 ; -1.32745 ; -1.4285
4.58173 ; 4.03197 ; -1.70405 ; -1.4849
5.35305 ; 5.3375 ; -0.723168 ; -0.844257
7.04081 ; 4.99549 ; 1.39797 ; -0.68027
4.72428 ; 5.08945 ; -0.834768 ; -0.368986
6.63764 ; 5.0886 ; 1.09289 ; -0.373081
5.97001 ; 6.23019 ; 1.18321 ; 0.424257
5.30621 ; 5.59048 ; 0.308174 ; 0.744525
5.07951 ; 6.07442 ; -0.0861038 ; 0.686955
7.02375 ; 5.53272 ; 1.47234 ; 0.00415826
5.758 ; 4.10897 ; 0.956212 ; -1.67262
7.24297 ; 4.88428 ; 1.20338 ; -0.0959533
6.92093 ; 4.01355 ; 1.13784 ; -1.16388
4.16815 ; 4.26384 ; -1.06666 ; -1.279
5.77488 ; 7.15472 ; 0.124515 ; 1.83616
4.97031 ; 5.37029 ; -0.571705 ; 0.0813015
4.07926 ; 4.03126 ; -1.46104 ; -1.30043
5.73545 ; 7.01927 ; -0.105496 ; 1.08838
5.84191 ; 5.1738 ; 0.853689 ; -1.19271
6.69945 ; 7.06162 ; 0.534482 ; 1.06213
5.0112 ; 6.12169 ; -0.112323 ; 0.203483
3.58739 ; 5.4019 ; -1.38275 ; -0.152728
5.51991 ; 4.77549 ; 0.191713 ; -1.14928
6.78425 ; 4.31523 ; 1.71337 ; -0.997984
5.45899 ; 6.34779 ; -0.432653 ; 1.19303
6.10596 ; 4.10366 ; 0.625116 ; -1.61066
4.22164 ; 6.85009 ; -1.46205 ; 0.810771
6.43571 ; 4.61011 ; 1.87097 ; -0.435881
7.45235 ; 6.04892 ; 1.40026 ; 1.13599
3.94952 ; 5.44643 ; -1.53722 ; -0.501133
5.50036 ; 3.59593 ; 0.203628 ; -1.55776
5.46635 ; 6.98214 ; -0.645866 ; 1.60601
6.37679 ; 5.52982 ; 1.50004 ; 0.143062
4.33665 ; 5.46758 ; -0.886539 ; -0.305931
5.17309 ; 4.75025 ; -0.269509 ; -0.70023
5.40794 ; 5.05903 ; -0.354766 ; -0.936344
6.74009 ; 5.60781 ; 0.848906 ; 0.943435
5.52442 ; 6.16463 ; 0.635214 ; 1.42383
6.24261 ; 6.41384 ; 1.59361 ; 1.46838
5.93413 ; 5.23434 ; 1.24283 ; -0.810998
7.06279 ; 6.74347 ; 1.319 ; 1.01055
3.85409 ; 6.5659 ; -1.47762 ; 1.199
4.62217 ; 6.64064 ; -0.868517 ; 1.83867
7.19787 ; 4.86427 ; 1.26621 ; -0.234669
4.58599 ; 5.41502 ; -1.37369 ; 0.409434
5.71156 ; 6.12124 ; 0.918289 ; 0.931738
4.68033 ; 5.47072 ; -0.712023 ; -0.50523
3.84922 ; 5.45393 ; -1.45066 ; 0.0287361
4.79098 ; 5.13604 ; -0.69793 ; -1.09337
3.87288 ; 6.0692 ; -1.61666 ; 0.468771
6.00851 ; 4.02861 ; 0.325836 ; -1.76873
4.3889 ; 4.4015 ; -1.17445 ; -0.689742
5.74586 ; 6.38947 ; 1.08133 ; 0.920321
4.27791 ; 5.7017 ; -1.80222 ; 0.554994
5.8237 ; 5.92807 ; 0.459573 ; -0.127154
6.15757 ; 5.6509 ; 0.971767 ; 0.605183
4.26252 ; 5.16658 ; -1.52042 ; -1.24334
6.90521 ; 4.25601 ; 1.70565 ; -1.49299
3.85345 ; 4.52889 ; -1.80598 ; -1.29881
6.16333 ; 6.14032 ; 1.0185 ; 0.797863
6.5125 ; 5.05159 ; 1.09884 ; 0.0276437
6.5774 ; 4.43298 ; 1.20567 ; -1.03785
5.13128 ; 6.73619 ; -0.760617 ; 1.69904
5.73673 ; 4.76468 ; -0.329268 ; -0.927309
6.68761 ; 5.04737 ; 1.57048 ; -1.14747
5.10397 ; 6.55593 ; -1.03 ; 0.724522
4.44923 ; 3.87397 ; -1.77918 ; -1.7841
3.93027 ; 4.72982 ; -1.60987 ; -0.315191
6.35484 ; 6.87385 ; 1.47194 ; 1.0439
4.29999 ; 6.76672 ; -0.59221 ; 0.667561
6.49993 ; 7.19707 ; 0.673111 ; 1.17268
5.52746 ; 4.71661 ; -0.446438 ; -1.78349
4.79189 ; 5.01082 ; -1.69102 ; -1.34845
4.96579 ; 6.19472 ; 0.0255506 ; 1.35937
6.31672 ; 6.28509 ; 1.43736 ; 0.341953
6.56026 ; 4.46072 ; 1.1658 ; -1.13075
5.64233 ; 6.68014 ; -0.219184 ; 1.03909
6.3285 ; 4.05397 ; 1.01164 ; -1.3893
5.84742 ; 4.87775 ; 0.0620952 ; -1.18217
6.07055 ; 5.50235 ; 0.459831 ; 0.152755
4.75422 ; 5.11501 ; -1.7305 ; -1.18299
4.31164 ; 6.09369 ; -1.75236 ; 1.55391
6.74089 ; 4.73836 ; 1.6635 ; -1.02009
4.69562 ; 6.44284 ; -0.686172 ; 0.81215
6.82821 ; 5.46397 ; 1.38695 ; 0.522795
3.84294 ; 4.75617 ; -1.36406 ; -1.38384
4.40605 ; 4.33737 ; -0.952154 ; -1.22765
4.37691 ; 6.00172 ; -1.36143 ; 0.678811
5.30397 ; 3.91644 ; 0.0466652 ; -1.3655
3.8311 ; 5.80364 ; -1.78755 ; 0.0534918
4.02553 ; 4.30756 ; -0.950013 ; -1.2259
5.78509 ; 6.97653 ; 1.11403 ; 1.36547
5.31171 ; 4.84275 ; -0.568412 ; -1.36187
5.71696 ; 6.33416 ; 0.341838 ; 1.5486
4.66487 ; 4.6209 ; -1.7059 ; -0.423835
4.7582 ; 6.33696 ; -0.539361 ; 1.24107
6.84945 ; 3.99399 ; 1.12385 ; -1.55906
4.80387 ; 5.34329 ; -0.52322 ; 0.262516
4.86583 ; 6.00016 ; -0.901873 ; 1.04743
4.36005 ; 6.21424 ; -1.5651 ; 0.319706
4.91289 ; 5.24848 ; -0.169396 ; -1.02112
4.18206 ; 4.87456 ; -1.36012 ; -1.38425
4.97977 ; 5.77075 ; 0.0362284 ; 0.769056
4.77677 ; 4.84687 ; -0.743699 ; -0.408227
6.85445 ; 6.40246 ; 1.63117 ; 1.42195
7.03605 ; 4.54207 ; 1.72903 ; -1.40077
6.52844 ; 6.68733 ; 0.860897 ; 1.3407
5.76382 ; 7.13854 ; 1.06861 ; 1.48761
5.33998 ; 4.69889 ; -0.658584 ; -0.717
6.71627 ; 6.46836 ; 1.15896 ; 1.92619
4.35196 ; 6.58939 ; -1.68279 ; 0.694033
6.18297 ; 4.21608 ; 1.55772 ; -1.68224
4.76635 ; 6.33424 ; -1.64006 ; 0.399658
4.75814 ; 4.81694 ; -0.88469 ; -0.658235
6.7969 ; 6.25548 ; 1.88606 ; 0.977868
5.95492 ; 4.88135 ; 0.803175 ; -1.25812
6.47327 ; 5.47888 ; 1.66403 ; 0.472889
5.49526 ; 5.55906 ; -0.60766 ; -0.493542
5.55667 ; 7.14683 ; -0.479487 ; 1.19933
4.1449 ; 4.31046 ; -1.22898 ; -1.72758
4.1926 ; 5.6616 ; -1.01297 ; -0.274865
6.153 ; 6.35441 ; 1.10436 ; 1.72198
3.87691 ; 5.37586 ; -1.81969 ; -0.371245
4.57975 ; 5.61045 ; -1.44081 ; -0.60246
4.30649 ; 4.75799 ; -1.20228 ; -1.66115
6.5999 ; 4.47829 ; 1.55927 ; -1.91828
4.54736 ; 6.75138 ; -0.484325 ; 0.978585
4.58677 ; 4.81537 ; -1.21312 ; -1.0573
4.04556 ; 5.72011 ; -1.18564 ; 0.0138648
5.26382 ; 5.28823 ; -0.311243 ; 0.287093
5.47886 ; 6.19488 ; -0.582195 ; 1.35115
5.25337 ; 3.8462 ; -0.275574 ; -1.40991
5.90208 ; 4.06795 ; -0.0668616 ; -1.22408
6.28957 ; 4.65257 ; 1.60795 ; -1.88479
5.53052 ; 5.45243 ; -0.470456 ; -0.31976
6.7047 ; 6.25992 ; 1.88646 ; 0.866885
6.82772 ; 5.86874 ; 1.41725 ; 1.2982
6.78738 ; 4.08525 ; 1.19052 ; -1.18637
4.6644 ; 4.08893 ; -0.829562 ; -1.31531
6.62059 ; 5.31141 ; 1.28574 ; -0.0627765
3.79365 ; 5.42703 ; -1.6523 ; -0.088923
5.58553 ; 4.9147 ; 0.527008 ; -1.0402
6.01098 ; 4.80026 ; -0.0133341 ; -1.01026
5.82365 ; 6.44143 ; 0.30544 ; 1.25355
7.23189 ; 4.89498 ; 1.48204 ; -0.878739
4.74805 ; 4.49157 ; -0.923158 ; -1.63419
5.08595 ; 7.25822 ; -0.898662 ; 1.38285
4.42669 ; 4.84433 ; -1.08327 ; -1.0021
6.6221 ; 5.83758 ; 1.57255 ; -0.295455
7.28439 ; 5.77296 ; 1.72089 ; -0.244125
4.98544 ; 5.21434 ; -0.217632 ; -1.055
4.61811 ; 5.22502 ; -0.688258 ; -1.11308
5.98676 ; 5.40555 ; 0.501813 ; -0.675728
6.94504 ; 4.60895 ; 1.2101 ; -1.21278
4.60594 ; 5.97551 ; -1.13534 ; 1.3947
5.94661 ; 6.77963 ; 0.868325 ; 1.84323
4.37271 ; 6.03107 ; -1.5461 ; 0.0912657
6.50519 ; 4.21704 ; 0.637053 ; -1.24111
7.20967 ; 5.50393 ; 1.79898 ; -0.534393
4.71681 ; 5.57211 ; -1.31105 ; 0.791577
4.1694 ; 5.16154 ; -1.559 ; -0.956392
5.15806 ; 5.70591 ; -0.127893 ; 0.566055
6.79064 ; 6.341 ; 1.61099 ; 1.141
4.85169 ; 5.98073 ; -1.12056 ; 1.37505
5.30137 ; 6.04964 ; 0.0246431 ; -0.00786118
6.14273 ; 4.66022 ; 0.0418067 ; -0.39261
4.51082 ; 4.49809 ; -0.820548 ; -1.11251
6.44923 ; 6.13375 ; 1.08113 ; 0.317821
6.6996 ; 6.67583 ; 1.10727 ; 1.47127
6.2737 ; 4.94283 ; 1.66646 ; -1.09716
5.77549 ; 4.87511 ; 0.572823 ; -0.18485
5.4268 ; 5.65229 ; 0.429348 ; 0.133633
4.65425 ; 4.52565 ; -0.661117 ; -1.23397
6.24738 ; 7.2869 ; 1.43345 ; 1.43941
5.55374 ; 4.14171 ; 0.0490152 ; -1.84857
6.36936 ; 7.05377 ; 1.66837 ; 1.86266
5.04895 ; 6.80697 ; 0.170341 ; 0.908176
5.11761 ; 5.87928 ; -1.21034 ; 0.46862
4.90739 ; 4.2121 ; -1.56087 ; -0.973617
6.95888 ; 4.36315 ; 1.44413 ; -1.19838
6.54301 ; 4.23178 ; 1.49954 ; -1.62352
4.18084 ; 4.96423 ; -1.43662 ; -0.163222
6.77222 ; 5.21753 ; 1.90458 ; -0.1499
6.57211 ; 5.58779 ; 1.81284 ; 0.0985547
5.41335 ; 7.19783 ; -0.329321 ; 1.43659
5.17477 ; 5.65984 ; -0.217577 ; 0.294034
5.60962 ; 6.68258 ; 0.198745 ; 0.81157
6.0827 ; 4.16018 ; -0.0802026 ; -1.27283
6.39569 ; 6.80579 ; 1.7774 ; 0.887145
6.73936 ; 3.76233 ; 1.52826 ; -1.22132
6.53446 ; 7.27813 ; 1.66239 ; 1.40981
6.37607 ; 5.28462 ; 0.990278 ; 0.201931
6.36492 ; 5.59474 ; 1.72443 ; 0.427908
7.29534 ; 5.24995 ; 1.47011 ; -0.544744
5.60573 ; 6.60375 ; 0.637681 ; 1.65985
6.42628 ; 3.61652 ; 0.577219 ; -1.21921
5.12683 ; 4.45961 ; 0.172948 ; -1.85998
6.24021 ; 6.69091 ; 0.579128 ; 0.912011
6.59687 ; 7.0222 ; 1.55928 ; 1.57814
4.22087 ; 6.73783 ; -1.60801 ; 1.11742
4.81852 ; 4.90127 ; -0.369613 ; -1.19502
5.25317 ; 7.27762 ; -0.965418 ; 1.29685
6.91893 ; 5.91587 ; 1.36706 ; 0.456342
4.38181 ; 4.8081 ; -1.36124 ; -1.36505
6.86347 ; 5.81555 ; 1.12355 ; 0.709056
6.08722 ; 6.68132 ; 0.049673 ; 1.56779
5.78444 ; 7.35629 ; 1.05082 ; 1.43185
5.51561 ; 4.84464 ; 0.0674976 ; -1.37772
7.09744 ; 5.64128 ; 1.65897 ; -0.364379
6.936 ; 5.0678 ; 1.83725 ; -1.14928
5.99047 ; 5.75514 ; 0.53454 ; 0.416742
7.10135 ; 5.36654 ; 1.56678 ; -0.164637
6.71111 ; 6.74202 ; 0.77428 ; 1.61862
4.23661 ; 6.61236 ; -1.28813 ; 0.659591
4.18261 ; 5.67799 ; -1.31733 ; 0.350858
5.13705 ; 4.14846 ; -1.18339 ; -1.96506
5.45364 ; 4.13437 ; -0.855323 ; -1.98052
3.83223 ; 6.21587 ; -1.26736 ; 0.894892
4.88757 ; 6.46489 ; -0.736222 ; 1.07194
4.42904 ; 5.72634 ; -0.953101 ; 0.178087
4.65559 ; 3.91797 ; -1.02957 ; -1.53698
5.59425 ; 5.10059 ; -0.0381086 ; 0.131967
7.36943 ; 6.72588 ; 1.40115 ; 1.19736
4.52038 ; 4.63605 ; -1.91859 ; -1.16997
5.60935 ; 5.27641 ; -0.19838 ; -0.341763
7.03144 ; 6.34664 ; 1.11745 ; 0.656022
3.60115 ; 6.23518 ; -1.41409 ; 1.26217
4.52986 ; 4.83542 ; -1.88942 ; -0.750388
4.39602 ; 5.51077 ; -0.705617 ; -0.545674
5.16816 ; 5.57072 ; -0.25882 ; 0.374152
4.88313 ; 7.19059 ; -0.748251 ; 1.43121
6.19309 ; 4.25346 ; 0.701948 ; -1.0972
4.7034 ; 5.46549 ; -0.364679 ; 0.115027
4.22256 ; 3.89357 ; -1.28322 ; -1.62834
4.31973 ; 5.86431 ; -1.83607 ; -0.237454
4.2274 ; 5.08049 ; -1.62799 ; -0.0269348
6.86973 ; 4.44117 ; 1.44805 ; -0.520391
6.10624 ; 4.97225 ; 1.31615 ; -0.712977
6.74463 ; 5.32685 ; 1.28962 ; -0.888566
4.97745 ; 5.81614 ; -0.872376 ; 0.349379
4.36958 ; 4.84332 ; -1.49978 ; -1.36914
5.90678 ; 5.50297 ; 1.33041 ; 0.369042
4.86478 ; 4.84001 ; -1.31221 ; -0.296017
5.15103 ; 5.08625 ; -1.2248 ; -0.276467
5.29252 ; 5.62652 ; 0.205254 ; 0.557016
7.10966 ; 5.63235 ; 1.48738 ; 0.37876
5.13127 ; 6.71737 ; -0.174687 ; 1.48226
3.84497 ; 5.6943 ; -1.6092 ; 0.566977
5.38794 ; 4.73561 ; 0.0137371 ; -0.674339
6.0498 ; 6.57559 ; 0.959258 ; 1.36388
5.32397 ; 4.2648 ; -0.144203 ; -1.45574
6.87092 ; 6.84674 ; 1.6761 ; 1.81665
5.14176 ; 4.40817 ; -0.538258 ; -1.48159
5.5389 ; 6.04513 ; 0.318918 ; 0.268339
5.79124 ; 5.73035 ; 0.0701311 ; -0.152698
6.51758 ; 6.1104 ; 1.73783 ; 0.423456
3.67714 ; 6.24987 ; -1.50136 ; 1.27124
4.86812 ; 4.90138 ; -0.953624 ; -0.272165
4.55617 ; 5.86139 ; -1.71291 ; 0.163056
4.83373 ; 4.52099 ; -1.32313 ; -1.89681
5.80028 ; 7.18316 ; 0.347455 ; 1.68647
4.3389 ; 5.49029 ; -1.70189 ; 0.253394
5.84363 ; 5.95203 ; 0.745074 ; -0.0664202
6.17497 ; 4.95777 ; 0.908426 ; -0.330148
5.85478 ; 4.91464 ; 0.187381 ; -0.438854
6.62191 ; 3.99883 ; 0.570857 ; -1.37276
4.55239 ; 5.76326 ; -1.08637 ; 0.140104
4.53048 ; 6.28191 ; -1.86329 ; 1.21767
7.07136 ; 4.66574 ; 1.82345 ; -1.56865
6.25072 ; 5.78252 ; 1.63689 ; 0.209543
5.59534 ; 5.02171 ; 0.307458 ; -0.0428718
6.19023 ; 5.07116 ; 0.741563 ; -0.810797
4.5171 ; 5.38008 ; -1.24455 ; 0.0864831
4.29797 ; 5.3424 ; -1.45821 ; -0.281457
6.37505 ; 5.94695 ; 0.584891 ; 0.0450494
6.24908 ; 4.41982 ; 1.30144 ; -1.58004
6.58847 ; 5.48252 ; 0.852846 ; 0.738203
5.03987 ; 5.52806 ; -0.067649 ; 0.724935
6.33411 ; 3.71775 ; 0.723727 ; -1.64136
6.48286 ; 4.01425 ; 0.52265 ; -1.22746
4.60199 ; 6.73987 ; -0.318358 ; 1.13201
3.94122 ; 6.19305 ; -1.63095 ; 0.409048
7.07035 ; 5.72089 ; 1.50564 ; -0.292937
5.67363 ; 6.06547 ; -0.359763 ; 0.352569
5.60867 ; 3.95991 ; 0.776896 ; -1.43775
5.56776 ; 6.37352 ; 0.655026 ; 1.83124
6.24627 ; 6.21929 ; 1.39122 ; 0.303279
5.73815 ; 4.13858 ; 0.134752 ; -1.64114
3.79977 ; 6.9466 ; -1.46927 ; 1.2681
5.03635 ; 4.07022 ; -1.15878 ; -1.83775
6.15894 ; 5.77653 ; 1.30331 ; 0.900653
6.43101 ; 5.1539 ; 1.44579 ; -1.13279
6.5148 ; 6.27535 ; 1.24481 ; 1.083
7.01845 ; 5.22718 ; 1.91308 ; 0.159717
5.50956 ; 4.22941 ; 0.371348 ; -1.04998
6.13875 ; 6.72493 ; 0.484658 ; 0.993888
3.75877 ; 5.43867 ; -1.60849 ; -0.837809
3.783 ; 5.41098 ; -1.58281 ; -0.585707
6.52738 ; 3.97249 ; 0.558975 ; -1.7221
4.60078 ; 6.78484 ; -0.603008 ; 1.25601
5.94263 ; 6.35702 ; 0.958614 ; 1.47276
5.47618 ; 3.88831 ; 0.640962 ; -1.77205
5.91102 ; 3.62646 ; 1.12818 ; -1.33953
6.31866 ; 6.69771 ; 0.437122 ; 1.76827
6.18745 ; 5.7384 ; 0.243611 ; 0.488216
6.63428 ; 6.16129 ; 1.71002 ; 1.38715
5.47131 ; 6.6851 ; -0.0545926 ; 1.34823
4.7558 ; 4.66676 ; -1.09259 ; -1.74853
4.95244 ; 5.51923 ; -1.50339 ; -0.559153
6.29821 ; 6.43527 ; 1.69473 ; 1.20014
5.89762 ; 5.48563 ; -0.0442265 ; -0.774661
4.30841 ; 4.10765 ; -0.676021 ; -0.959587
4.42279 ; 5.44645 ; -1.02186 ; -0.388683
5.0093 ; 7.34282 ; -0.355753 ; 1.30436
7.03632 ; 4.61287 ; 1.14525 ; -1.20725
6.30214 ; 6.53059 ; 1.51431 ; 0.843918
3.96071 ; 6.45153 ; -1.51434 ; 1.00415
6.06313 ; 5.47647 ; 0.626682 ; -0.654899
6.24123 ; 4.48006 ; 1.0777 ; -0.792056
6.11725 ; 4.38376 ; 0.806897 ; -1.59646
4.37527 ; 5.33539 ; -1.21461 ; -0.955049
4.9751 ; 6.3606 ; -1.36972 ; 0.837941
4.85125 ; 4.20268 ; -0.970033 ; -1.91868
5.77756 ; 5.18093 ; 0.240661 ; -0.94499
4.63003 ; 7.25163 ; -0.343089 ; 1.10798
5.78298 ; 4.70247 ; 0.565814 ; -1.09854
6.52819 ; 7.10664 ; 0.504889 ; 1.08285
7.40739 ; 6.78392 ; 1.19395 ; 1.08859
4.08926 ; 4.73414 ; -1.76194 ; -0.380831
6.25299 ; 6.79049 ; 0.772719 ; 1.1133
5.28839 ; 6.91536 ; 0.161914 ; 1.0329
6.1634 ; 5.03356 ; 0.793525 ; -1.14089
5.54212 ; 4.1285 ; 0.665878 ; -1.61276
6.43108 ; 4.62478 ; 1.62176 ; -1.68152
4.1653 ; 4.84782 ; -1.76834 ; -1.04426
5.12537 ; 6.25896 ; -0.212284 ; 0.693854
5.95943 ; 4.79578 ; -0.0289507 ; -0.644805
6.49923 ; 5.5646 ; 1.87619 ; 0.411118
6.06429 ; 7.10763 ; 0.535513 ; 1.82908
4.30988 ; 4.28034 ; -0.91405 ; -1.42392
4.64517 ; 5.92715 ; -1.25315 ; 0.907387
7.17225 ; 6.69998 ; 1.38609 ; 1.61903
7.01244 ; 5.50599 ; 1.22059 ; 0.62878
5.58745 ; 4.20388 ; -0.0528598 ; -1.68537
5.08204 ; 5.62338 ; -0.516638 ; -0.0968237
6.08178 ; 6.43959 ; 0.385449 ; 1.83993
6.24847 ; 4.02158 ; 0.775609 ; -1.59986
5.33723 ; 4.86357 ; 0.317755 ; -1.4455
6.96734 ; 6.29694 ; 1.11667 ; 0.908203
5.77767 ; 4.00655 ; 0.180706 ; -1.59982
6.67964 ; 5.64692 ; 1.51364 ; 0.233781
4.82324 ; 4.72487 ; -0.645696 ; -1.75356
4.27746 ; 7.0171 ; -0.82957 ; 1.47128
4.05572 ; 6.3916 ; -1.16728 ; 0.84175
4.06929 ; 3.8731 ; -1.36872 ; -1.30346
4.55542 ; 4.48702 ; -0.767568 ; -0.958297
6.54132 ; 5.26893 ; 1.72605 ; -0.780658
5.9836 ; 5.93675 ; 0.0362853 ; 0.524093
5.85186 ; 5.36554 ; 0.201941 ; -0.476168
4.62378 ; 6.07176 ; -0.472554 ; 0.978289
4.24535 ; 4.82846 ; -1.36246 ; -1.01123
3.78909 ; 6.02808 ; -1.45251 ; 0.162667
6.51626 ; 4.04453 ; 0.493259 ; -0.878717
5.47858 ; 4.31193 ; -0.11352 ; -1.52067
4.79374 ; 4.68589 ; -0.304564 ; -0.632121
5.38893 ; 4.33671 ; 0.145136 ; -0.795384
4.89183 ; 5.37955 ; -1.21998 ; -0.798208
5.12515 ; 4.29395 ; -0.968726 ; -1.66094
5.77919 ; 5.75847 ; 0.368394 ; 0.907212
6.02968 ; 4.94613 ; 0.225886 ; -1.13979
5.17212 ; 3.87938 ; -0.765136 ; -1.49619
5.35769 ; 6.98547 ; 0.264978 ; 1.32851
5.97484 ; 6.74388 ; 1.44224 ; 1.0678
4.71175 ; 6.00409 ; -1.77065 ; 0.727754
6.97303 ; 4.27043 ; 0.951712 ; -0.675536
5.32363 ; 5.21006 ; 0.358417 ; -0.543911
5.52794 ; 4.63691 ; 0.619903 ; -1.5287
4.54374 ; 4.57947 ; -1.80596 ; -1.51864
6.55594 ; 7.00849 ; 0.724009 ; 1.19248
4.98109 ; 5.99691 ; -0.0364871 ; 0.0421953
5.14523 ; 6.19052 ; -1.09812 ; 0.599454
4.65339 ; 6.55389 ; -1.86396 ; 1.76471
5.90952 ; 6.34914 ; 0.193283 ; 0.752736
5.38041 ; 3.70209 ; -0.534125 ; -1.54932
6.4914 ; 5.15614 ; 1.74023 ; -0.801803
6.02539 ; 5.99382 ; 0.797109 ; 1.36963
7.26563 ; 4.90213 ; 1.41736 ; 0.101598
5.99758 ; 4.77172 ; 0.752219 ; -0.882791
7.25192 ; 4.91445 ; 1.28224 ; -1.09581
7.02546 ; 6.27106 ; 1.49574 ; 0.181493
6.07875 ; 6.16514 ; 1.05981 ; 1.45739
6.33652 ; 5.09478 ; 0.842727 ; -1.07087
5.21014 ; 7.07406 ; -0.112601 ; 1.62726
6.68689 ; 5.74007 ; 1.66364 ; 0.886203
6.70113 ; 5.32743 ; 1.26105 ; -0.399582
4.48767 ; 4.04197 ; -0.814706 ; -1.4197
4.28719 ; 5.19593 ; -1.07517 ; -0.609483
5.32279 ; 4.60442 ; 0.386993 ; -1.05079
6.56545 ; 6.12629 ; 1.48896 ; 0.273104
3.9676 ; 5.7211 ; -1.72055 ; -0.5481
5.53634 ; 6.043 ; -0.433251 ; 0.686288
5.96959 ; 4.37147 ; 0.246265 ; -1.37161
5.5981 ; 5.9417 ; 0.0730064 ; 0.293599
6.46933 ; 5.76314 ; 1.69421 ; 0.304788
4.53835 ; 6.67005 ; -1.65459 ; 1.18432
4.60088 ; 4.89405 ; -0.703208 ; -0.29185
5.38586 ; 7.04394 ; -0.204933 ; 1.83327
6.1114 ; 7.46327 ; 1.11264 ; 1.37232
5.13793 ; 5.38601 ; -0.530983 ; 0.564275
5.34506 ; 6.95365 ; -0.924634 ; 1.41552
6.43631 ; 4.83676 ; 1.60866 ; -1.28925
4.64407 ; 6.76598 ; -0.359657 ; 1.46675
6.49564 ; 4.68045 ; 1.72581 ; -1.04109
5.60462 ; 5.04984 ; -0.64296 ; -0.114393
6.38083 ; 4.21719 ; 0.47867 ; -1.8671
5.13336 ; 5.43178 ; 0.0904779 ; 0.619677
6.01531 ; 5.79003 ; 1.28636 ; -0.24001
4.55325 ; 7.2815 ; -1.4551 ; 1.40849
7.05633 ; 4.06508 ; 1.52028 ; -1.28185
4.09955 ; 6.48317 ; -1.1688 ; 0.447227
5.65403 ; 6.14627 ; 0.0164348 ; 1.02936
6.12961 ; 5.31693 ; 1.31785 ; -0.705041
4.00536 ; 5.9345 ; -1.13152 ; 1.36527
4.11953 ; 4.95518 ; -1.06737 ; -0.422438
6.65733 ; 4.24751 ; 0.990476 ; -1.6656
5.81769 ; 6.40757 ; 0.832056 ; 0.974042
5.84662 ; 4.95535 ; 1.05429 ; -0.436641
6.6601 ; 4.05353 ; 1.13009 ; -1.64928
6.84394 ; 4.03165 ; 1.18437 ; -0.959283
6.27876 ; 3.70093 ; 1.59205 ; -1.5985
6.20413 ; 7.02851 ; 0.840113 ; 1.29491
5.40414 ; 6.77979 ; 0.0935773 ; 1.52201
4.29864 ; 5.21937 ; -1.74321 ; -0.367008
6.74435 ; 6.239 ; 1.03461 ; 1.74172
4.98108 ; 5.54003 ; -1.20276 ; 0.0511949
5.50731 ; 7.29986 ; -0.538661 ; 1.39647
7.11211 ; 5.85085 ; 1.47251 ; 1.21631
7.03199 ; 6.7291 ; 1.73935 ; 1.76477
4.13722 ; 6.3266 ; -1.18882 ; 1.21576
4.6949 ; 6.31741 ; -1.74772 ; 1.35235
4.54686 ; 6.09785 ; -0.811754 ; 0.447012
4.00121 ; 4.6858 ; -1.69207 ; -1.77147
7.16301 ; 5.56077 ; 1.85515 ; -0.449791
6.125 ; 5.10699 ; 1.59415 ; -1.05646
5.14652 ; 7.21354 ; -1.24669 ; 1.43567
3.62387 ; 4.72799 ; -1.32893 ; -1.4342
6.17313 ; 4.31189 ; 1.45482 ; -1.36824
4.43915 ; 5.00804 ; -0.973073 ; -1.00226
4.6696 ; 6.83334 ; -0.408735 ; 0.865183
6.92367 ; 5.46176 ; 1.39894 ; 0.716092
4.18956 ; 5.23865 ; -1.07856 ; 0.289685
5.05228 ; 6.36167 ; -0.0482972 ; 0.993057
5.30472 ; 5.47252 ; -0.658285 ; -0.223595
4.79245 ; 5.83536 ; -0.382604 ; 0.16871
4.53956 ; 6.64113 ; -0.967457 ; 0.824628
4.48774 ; 5.22032 ; -0.735161 ; -0.17012
5.48638 ; 6.20003 ; 0.39793 ; 1.61441
7.03772 ; 4.31767 ; 1.60175 ; -1.73639
6.71994 ; 6.41819 ; 1.58076 ; 1.75076
5.04796 ; 5.97505 ; -0.412738 ; 0.0324389
5.7984 ; 7.16769 ; -0.412834 ; 1.1726
5.39789 ; 6.72508 ; 0.623343 ; 1.85827
5.7937 ; 4.18041 ; 1.1844 ; -1.17102
3.96252 ; 5.69031 ; -1.70623 ; 0.423496
5.32021 ; 6.51889 ; -0.836015 ; 1.53859
4.12972 ; 5.95574 ; -1.09341 ; 0.59198
5.47246 ; 5.16308 ; 0.711749 ; -0.653314
4.70691 ; 5.01885 ; -1.20548 ; -1.34823
4.45568 ; 5.88951 ; -1.27943 ; -0.016589
4.6185 ; 5.23884 ; -1.04345 ; -0.585142
5.25573 ; 3.97578 ; -0.740497 ; -1.23801
6.52139 ; 3.60463 ; 0.892152 ; -1.22857
5.29401 ; 6.67474 ; -0.0809131 ; 1.69396
5.46606 ; 5.2361 ; -0.713685 ; -0.0485757
6.50047 ; 6.99645 ; 1.51645 ; 1.7194
5.17395 ; 4.39436 ; 0.190872 ; -1.94336
7.18756 ; 4.78848 ; 1.55751 ; -1.07138
5.40642 ; 5.67709 ; 0.218839 ; 0.317287
5.04927 ; 4.25235 ; -1.28769 ; -1.77415
7.10694 ; 5.70408 ; 1.43934 ; -0.191087
6.30088 ; 6.41125 ; 0.431259 ; 1.9638
5.83637 ; 6.61364 ; -0.360041 ; 0.814345
5.84983 ; 5.24815 ; 0.842874 ; -0.883024
6.35595 ; 4.9333 ; 1.09055 ; -1.12331
6.20555 ; 6.79104 ; 0.473643 ; 0.889502
4.75822 ; 7.10793 ; -0.240068 ; 1.11281
5.57478 ; 4.42263 ; 0.166194 ; -1.62092
4.77197 ; 4.34554 ; -0.894896 ; -1.72899
6.61503 ; 4.26736 ; 1.31418 ; -1.01924
4.02088 ; 3.94423 ; -1.56772 ; -1.23986
6.15784 ; 4.83605 ; 1.27392 ; -1.53396
5.98268 ; 7.16388 ; 0.753819 ; 1.34136
5.0264 ; 6.20651 ; 0.0183739 ; 1.508
5.53715 ; 6.63922 ; 0.452192 ; 1.13162
5.46709 ; 4.3527 ; -0.162508 ; -1.21434
6.63669 ; 5.05112 ; 1.1343 ; -0.23512
4.04342 ; 6.08477 ; -1.48913 ; 1.15544
6.25634 ; 5.15582 ; 1.45545 ; 0.0677797
6.36026 ; 5.82908 ; 1.63365 ; -0.227803
4.84852 ; 6.96202 ; -1.00619 ; 1.74351
5.81769 ; 5.75047 ; 0.454657 ; 0.129766
5.06597 ; 5.8875 ; -1.33593 ; 0.862885
6.87188 ; 5.3475 ; 1.11927 ; -0.891093
6.20699 ; 4.42466 ; 0.992316 ; -1.64018
6.02908 ; 4.43815 ; 0.481664 ; -1.22764
4.23376 ; 5.53245 ; -1.73108 ; -0.231239
5.94836 ; 5.08809 ; 1.36195 ; 0.155482
5.36689 ; 6.49585 ; -0.0958109 ; 1.18504
6.83349 ; 4.49112 ; 1.23186 ; -0.999308
6.20081 ; 4.92966 ; 0.942201 ; -1.54904
5.53318 ; 6.51046 ; 0.414933 ; 1.67868
3.84013 ; 6.22131 ; -1.44054 ; 1.05184
5.28001 ; 6.51308 ; 0.178926 ; 1.69573
4.53873 ; 6.13328 ; -1.4384 ; 0.454852
6.85244 ; 5.83898 ; 1.30679 ; 0.36505
4.68165 ; 6.38669 ; -1.33696 ; 1.04576
6.31866 ; 4.77614 ; 1.69664 ; -0.778541
5.51109 ; 4.25337 ; -0.282029 ; -1.51311
6.60932 ; 4.31798 ; 1.65208 ; -1.29349
4.70904 ; 5.08084 ; -1.00324 ; 0.0147028
5.73328 ; 5.49178 ; 0.877022 ; -0.613567
5.87832 ; 5.24748 ; 0.188771 ; -0.683589
4.74917 ; 4.67626 ; -0.979635 ; -1.87028
7.35068 ; 4.90978 ; 1.3986 ; -0.978912
4.26362 ; 4.79754 ; -1.79143 ; -0.54133
5.95503 ; 5.60041 ; -0.000333205 ; -0.0917401
5.59352 ; 6.36682 ; 0.0139307 ; 0.685115
3.97995 ; 6.2082 ; -1.60217 ; 1.66648
5.93948 ; 3.71669 ; 0.494025 ; -1.70732
6.74672 ; 6.41748 ; 1.19693 ; 0.908352
5.27167 ; 6.29388 ; 0.302196 ; 0.729639
6.0928 ; 5.83428 ; 1.24612 ; 0.585517
6.22679 ; 4.37233 ; 1.41601 ; -1.44655
5.31325 ; 6.09112 ; 0.194912 ; 0.531703
4.61922 ; 4.58096 ; -0.81269 ; -0.624357
5.22757 ; 4.61854 ; -0.530654 ; -1.08969
6.70726 ; 6.21917 ; 1.10649 ; 1.25697
5.81871 ; 7.3583 ; -0.0718823 ; 1.27604
6.08158 ; 3.76295 ; 0.805967 ; -1.61627
5.79548 ; 5.40694 ; -0.199472 ; -0.606748
5.13839 ; 4.60291 ; -0.571066 ; -0.985063
4.13805 ; 5.00379 ; -1.55262 ; 0.0690182
6.43934 ; 6.02406 ; 1.71961 ; 1.06023
7.04485 ; 4.27528 ; 1.46188 ; -1.24601
4.31531 ; 4.75195 ; -1.88709 ; -0.794157
4.71834 ; 3.91837 ; -1.30125 ; -1.57783
5.23019 ; 5.03466 ; -0.170931 ; -1.14656
4.46568 ; 6.26943 ; -0.997249 ; 1.19
5.47993 ; 4.61015 ; -0.681128 ; -1.92894
4.28683 ; 6.67234 ; -1.68871 ; 1.01341
4.79303 ; 7.22199 ; -1.08821 ; 1.63934
6.42121 ; 5.4993 ; 0.8093 ; -0.207064
4.52779 ; 4.86529 ; -1.23325 ; -0.504312
7.05461 ; 4.74378 ; 1.76408 ; -0.183682
6.47395 ; 3.95936 ; 1.25363 ; -1.80641
4.44786 ; 6.54359 ; -1.39263 ; 1.20098
7.02745 ; 4.9795 ; 1.62309 ; -1.18708
6.88837 ; 4.40745 ; 1.68125 ; -1.19951
6.85146 ; 4.91828 ; 1.18257 ; -0.50111
6.18146 ; 5.99479 ; 1.71039 ; 0.294807
7.16862 ; 4.62672 ; 1.43368 ; -1.26969
5.59659 ; 6.33321 ; 0.659084 ; 1.32179
5.65099 ; 5.165 ; -0.251768 ; -0.776228
5.66062 ; 5.85155 ; -0.32191 ; 0.164979
6.69604 ; 6.44385 ; 1.63843 ; 1.16822
4.35507 ; 6.63929 ; -1.83512 ; 1.70119
6.25624 ; 6.27618 ; 0.257446 ; 0.56434
4.93876 ; 6.74708 ; -0.279404 ; 1.07466
4.31167 ; 5.04361 ; -1.05902 ; -0.614173
6.27611 ; 7.12876 ; 0.984547 ; 1.52788
5.41247 ; 5.89472 ; -0.724826 ; 0.412981
5.41207 ; 5.40668 ; -0.361955 ; -0.818341
5.99109 ; 5.51296 ; 0.13215 ; -0.000425401
6.15101 ; 6.28559 ; 0.969807 ; 1.13333
5.28711 ; 4.88032 ; -0.62734 ; -1.54969
6.69941 ; 4.34927 ; 0.943193 ; -1.13998
5.7338 ; 6.13896 ; -0.0454491 ; 0.897644
6.35036 ; 6.68492 ; 0.996718 ; 1.33256
5.47227 ; 6.72873 ; -0.680699 ; 1.66134
5.76624 ; 6.30748 ; 0.429063 ; 1.66571
6.80039 ; 4.80043 ; 1.39337 ; -0.625084
5.84595 ; 4.97836 ; -0.0696601 ; -0.905067
7.03463 ; 5.14332 ; 1.34957 ; 0.407183
6.82345 ; 3.69499 ; 1.0174 ; -1.06794
4.27331 ; 6.1533 ; -1.92067 ; 0.950753
6.28987 ; 5.55651 ; 1.04703 ; 0.00892442
6.14906 ; 7.29954 ; 0.939268 ; 1.39243
4.87701 ; 6.65864 ; -1.46743 ; 1.67684
6.15343 ; 6.5945 ; 1.38951 ; 1.48251
5.06962 ; 6.52009 ; -0.510741 ; 1.42602
6.56052 ; 4.76519 ; 1.96648 ; -0.318396
5.99039 ; 4.60778 ; 0.738534 ; -0.741115
6.2027 ; 6.19317 ; 0.208923 ; 0.461235
4.13234 ; 5.06789 ; -1.77286 ; -0.915707
4.63663 ; 4.43169 ; -0.865538 ; -1.57931
5.38336 ; 7.29892 ; -0.00584921 ; 1.47302
6.8116 ; 5.93883 ; 1.48762 ; 0.980972
5.91772 ; 4.15548 ; 0.948771 ; -1.91483
5.2441 ; 5.71311 ; 0.21694 ; 1.03824
4.83749 ; 4.49516 ; -0.982039 ; -1.5989
5.60799 ; 6.67551 ; -0.283536 ; 1.18854
4.19686 ; 5.38781 ; -1.29871 ; -0.755809
6.6474 ; 4.39884 ; 0.912028 ; -1.31662
3.95272 ; 4.92231 ; -1.53046 ; -1.29707
5.41941 ; 4.65545 ; -0.139531 ; -1.54643
5.29324 ; 6.87726 ; -0.968389 ; 0.946025
4.7494 ; 6.41304 ; -0.42079 ; 1.56962
6.66435 ; 6.95327 ; 1.3046 ; 1.42262
6.71312 ; 6.85346 ; 1.69538 ; 0.847884
4.00474 ; 4.34055 ; -1.62861 ; -0.810706
3.69288 ; 5.17968 ; -1.37905 ; -1.08468
4.83493 ; 3.69791 ; -0.699665 ; -1.31141
4.42473 ; 7.14907 ; -0.399816 ; 0.978836
6.19827 ; 6.7099 ; 1.64994 ; 1.1295
4.56382 ; 6.37058 ; -1.79099 ; 0.55622
6.32062 ; 4.47555 ; 0.96396 ; -1.43481
6.09123 ; 6.28626 ; 1.51314 ; 1.74493
4.44592 ; 4.5056 ; -0.977127 ; -1.64059
5.3946 ; 4.6398 ; 0.55396 ; -0.677173
6.36569 ; 5.0963 ; 1.47157 ; -0.375056
5.70476 ; 5.12475 ; 0.806539 ; -1.20909
5.47875 ; 5.2548 ; -0.3981 ; -0.156476
3.63623 ; 4.06135 ; -1.09012 ; -1.26224
5.2904 ; 4.82185 ; -1.07282 ; -0.577029
6.44202 ; 5.46594 ; 0.579295 ; -0.614103
6.15514 ; 4.22764 ; 1.54403 ; -1.43411
6.25358 ; 6.00857 ; 0.807378 ; 0.186772
3.99998 ; 5.209 ; -1.82675 ; -0.00835308
5.70276 ; 3.66829 ; 0.0255238 ; -1.4963
4.30663 ; 4.37579 ; -1.66137 ; -0.828719
6.93827 ; 4.60751 ; 1.38429 ; -0.58117
4.42978 ; 5.82588 ; -0.639848 ; 1.21868
5.01695 ; 3.91503 ; -1.09698 ; -1.42586
6.05131 ; 5.99947 ; 1.0569 ; 0.613401
4.6973 ; 5.47131 ; -0.901381 ; 0.241615
6.24494 ; 5.33444 ; 1.58421 ; 0.492423
4.33415 ; 4.88527 ; -1.34577 ; -0.89627
4.46856 ; 6.05312 ; -1.50398 ; 0.128736
4.87807 ; 6.30975 ; -0.559286 ; 1.27908
5.9333 ; 6.27862 ; 0.0680352 ; 1.46414
4.49254 ; 6.5341 ; -1.74074 ; 1.25426
4.84191 ; 4.73911 ; -0.599635 ; -0.74832
3.56619 ; 4.70976 ; -1.34642 ; -0.887876
5.96232 ; 6.77797 ; 0.882202 ; 1.95114
4.59478 ; 3.89864 ; -0.478488 ; -1.26707
5.91766 ; 5.60206 ; 0.507269 ; -0.263132
4.62084 ; 4.90094 ; -1.04172 ; -0.382719
4.74999 ; 5.10175 ; -0.462898 ; -0.349328
5.3996 ; 4.58198 ; 0.625879 ; -0.937667
5.83932 ; 3.92288 ; 1.00852 ; -1.81832
3.78281 ; 4.58113 ; -1.42462 ; -0.897243
3.94604 ; 5.41752 ; -1.52198 ; -0.621526
4.19218 ; 6.00261 ; -1.14752 ; 0.176718
4.32683 ; 6.34196 ; -1.04329 ; 1.13968
5.44844 ; 5.59892 ; 0.15729 ; 0.311945
4.85671 ; 5.46618 ; -1.09064 ; -0.688885
4.77201 ; 4.23496 ; -1.10386 ; -1.64813
5.10159 ; 5.61752 ; -0.839644 ; 0.0490371
5.99454 ; 4.72906 ; 0.036942 ; -1.07033
4.63179 ; 5.19685 ; -1.68902 ; 0.222313
6.33798 ; 3.64633 ; 0.656358 ; -1.32021
6.1212 ; 6.48878 ; 1.07791 ; 1.45144
7.12763 ; 6.088 ; 1.89374 ; 1.50469
5.05326 ; 6.46679 ; -0.244177 ; 1.94749
5.31849 ; 5.63592 ; -0.964886 ; 0.600022
5.06081 ; 6.89863 ; -1.09478 ; 1.51821
6.36645 ; 5.82441 ; 1.46356 ; 0.800129
3.92152 ; 4.4848 ; -1.62391 ; -1.24522
4.48106 ; 6.15314 ; -1.30355 ; 1.53064
4.97762 ; 4.2007 ; -0.504672 ; -1.61329
4.58755 ; 3.986 ; -0.958303 ; -1.84108
5.66219 ; 5.34817 ; -0.0101009 ; -0.732468
6.44664 ; 4.30119 ; 0.500036 ; -1.57293
6.47446 ; 6.02855 ; 0.895141 ; 0.0920782
5.64159 ; 4.52565 ; 0.439566 ; -1.56034
4.00581 ; 4.25959 ; -1.27385 ; -0.914487
5.24551 ; 5.26091 ; 0.363981 ; 0.0713393
5.70163 ; 6.14001 ; 0.846974 ; 0.699771
4.31339 ; 6.52436 ; -1.70058 ; 0.512124
6.38754 ; 4.71618 ; 1.65468 ; -0.65631
6.6812 ; 3.9916 ; 1.62357 ; -1.37542
5.01615 ; 5.6909 ; -1.07153 ; -0.357814
5.72937 ; 5.00282 ; -0.445807 ; -0.574674
4.9527 ; 4.76571 ; -0.937766 ; -1.54993
4.75436 ; 4.2391 ; -1.37787 ; -1.15087
7.14589 ; 4.17612 ; 1.46421 ; -0.655899
7.09678 ; 7.04732 ; 1.33967 ; 1.12144
4.94273 ; 6.96655 ; -0.059032 ; 1.78782
5.2314 ; 6.91639 ; 0.194631 ; 1.28275
6.54231 ; 5.75624 ; 1.34179 ; 0.120242
6.39972 ; 6.74115 ; 0.779327 ; 1.69321
6.95824 ; 4.21769 ; 1.39632 ; -1.51502
5.62261 ; 6.09365 ; 0.68336 ; 1.11199
4.01686 ; 4.73652 ; -1.55978 ; -1.08151
5.63062 ; 6.50295 ; 0.00317383 ; 0.591707
4.1 ; 3.98979 ; -1.16941 ; -1.28302
4.95233 ; 4.26824 ; -1.25688 ; -1.85128
5.42491 ; 4.12558 ; 0.0581312 ; -1.67698
4.07904 ; 6.15199 ; -1.43539 ; 0.595113
6.47947 ; 5.7289 ; 1.96452 ; 0.405677
6.2208 ; 7.12156 ; 1.06844 ; 1.21321
6.52963 ; 3.90979 ; 1.34141 ; -1.21901
6.80791 ; 6.40346 ; 1.54938 ; 1.84663
4.21392 ; 5.62482 ; -0.975214 ; -0.484196
4.80997 ; 5.75601 ; -0.602685 ; -0.160128
6.61244 ; 5.85902 ; 0.992394 ; 0.48834
4.80719 ; 4.57233 ; -1.63828 ; -1.36669
5.20406 ; 4.31139 ; 0.225434 ; -1.40099
4.4052 ; 4.89158 ; -1.61137 ; -1.43182
5.76815 ; 4.353 ; 0.417303 ; -1.36794
6.60609 ; 5.73898 ; 1.62327 ; 0.284859
4.96336 ; 6.20537 ; -0.164987 ; 1.4399
5.24722 ; 6.50057 ; -0.372681 ; 0.846737
5.30353 ; 5.11374 ; 0.0848375 ; -0.429466
5.35087 ; 6.27532 ; -0.199289 ; 1.26735
5.56453 ; 4.16744 ; -0.396356 ; -1.11563
4.32616 ; 5.43568 ; -1.69175 ; -0.0817464
5.51342 ; 3.94878 ; -0.567711 ; -1.93583
6.32362 ; 5.55132 ; 1.6835 ; 0.743176
