3.0295 ; 2.69289 ; 3.24645 ; 7.50761
2.94909 ; 7.85734 ; 2.81723 ; -4.8424
2.90019 ; 7.85017 ; 1.74576 ; -2.20978
8.4547 ; 7.75496 ; -5.10494 ; -5.10454
3.14358 ; 2.48101 ; 6.49446 ; 6.09534
8.44557 ; 7.7527 ; -5.07583 ; -5.2407
2.89175 ; 2.247 ; 4.1236 ; 4.69082
3.08411 ; 7.57373 ; 5.63018 ; -6.51279
3.61836 ; 7.97656 ; -2.41249 ; -2.7545
2.86762 ; 2.19739 ; 2.88261 ; 3.5404
3.01427 ; 2.33527 ; 1.91763 ; 6.4901
8.02313 ; 2.558 ; -7.27367 ; 6.02376
8.2616 ; 5.62357 ; 1.17737 ; 5.47117
4.76572 ; 7.71337 ; 7.08253 ; -2.14167
5.6579 ; 7.39955 ; -6.05983 ; 2.00331
7.87316 ; 2.41206 ; -7.53676 ; 1.87007
8.5602 ; 7.30761 ; -0.936619 ; 1.79025
2.78946 ; 2.30851 ; 2.73886 ; 1.44342
3.00142 ; 2.3993 ; 4.90117 ; 6.30292
3.88212 ; 2.3962 ; 7.58867 ; 1.50185
2.94413 ; 2.31601 ; 4.98833 ; 5.34431
8.48045 ; 2.28938 ; -4.60615 ; 4.87838
2.86035 ; 2.20696 ; 3.13137 ; 3.61068
8.18089 ; 2.44383 ; -6.9956 ; 5.13019
8.29578 ; 2.18348 ; 0.0817466 ; 1.69706
4.09133 ; 7.93965 ; -3.73974 ; -3.62405
3.07454 ; 7.68429 ; 6.62464 ; -4.04295
3.0305 ; 7.68966 ; 6.24324 ; -4.62979
8.40333 ; 7.70664 ; -5.47606 ; -5.56104
7.29174 ; 3.83233 ; -7.3182 ; 7.35901
2.925 ; 2.15725 ; 1.72701 ; 3.28626
2.78943 ; 7.70198 ; 4.33259 ; -1.59838
2.88204 ; 2.19275 ; 1.97296 ; 2.67573
3.06637 ; 7.21016 ; 3.79837 ; -7.58366
8.38444 ; 7.57381 ; 0.157701 ; 0.75101
2.86736 ; 7.8311 ; 3.4615 ; -3.46745
7.77601 ; 7.3541 ; 2.74672 ; 2.04871
8.52135 ; 7.86583 ; -1.93594 ; -2.24478
8.50113 ; 2.21638 ; -3.33396 ; 4.09791
6.83465 ; 7.26536 ; 4.85435 ; -6.63423
8.41639 ; 7.7104 ; -4.66208 ; -5.99527
8.50935 ; 2.22177 ; -3.40001 ; 3.98826
8.08887 ; 7.47927 ; -6.99088 ; -6.38958
8.62606 ; 7.74987 ; -3.55314 ; -1.55448
8.42631 ; 2.30223 ; -3.71484 ; 5.88369
8.53956 ; 7.8401 ; -2.00052 ; -1.93051
2.91284 ; 7.77588 ; 4.72374 ; -4.56602
8.51282 ; 7.87197 ; -1.85649 ; -2.29077
8.33509 ; 7.02121 ; 0.781249 ; 2.86932
2.96424 ; 7.73844 ; 5.14994 ; -5.1884
8.51811 ; 7.78675 ; -1.37732 ; -1.06978
2.95578 ; 7.74286 ; 5.11585 ; -5.09145
8.55642 ; 7.85063 ; -3.38124 ; -3.246
8.4679 ; 2.29683 ; -4.68185 ; 5.05671
3.78252 ; 4.03467 ; 7.0166 ; 7.25962
8.43796 ; 2.20431 ; -2.66191 ; 4.98116
2.91349 ; 7.81263 ; 4.14847 ; -4.55141
8.49191 ; 2.19374 ; -2.69874 ; 3.71211
2.91036 ; 7.79683 ; 4.427 ; -4.51967
2.87203 ; 2.19817 ; 2.11754 ; 2.68591
3.43787 ; 7.55525 ; 7.48006 ; -5.26842
8.52726 ; 7.82621 ; -4.18686 ; -4.1543
8.50167 ; 2.2131 ; -3.23884 ; 4.01175
4.09573 ; 7.88917 ; -3.75508 ; -0.969088
3.04544 ; 2.42507 ; 5.74287 ; 6.11327
6.04029 ; 2.21574 ; 5.79672 ; 2.41997
2.84218 ; 7.79594 ; 2.30345 ; -1.81041
2.87715 ; 7.84792 ; 3.1134 ; -3.40965
8.50249 ; 7.88308 ; -1.79508 ; -2.41476
8.37285 ; 2.47364 ; -2.99063 ; 6.97916
4.61481 ; 7.85727 ; -4.72852 ; -0.77927
4.51101 ; 7.54383 ; 7.14724 ; 0.65483
2.8724 ; 7.82994 ; 3.58021 ; -3.62559
6.73412 ; 3.882 ; 5.06939 ; 7.01237
8.53827 ; 2.62108 ; -0.962765 ; -1.121
2.91977 ; 2.28914 ; 4.7027 ; 5.09455
2.8144 ; 7.7792 ; 2.94789 ; -1.95966
2.91378 ; 7.78449 ; 1.11911 ; -1.14831
2.83043 ; 7.79957 ; 3.57083 ; -2.79885
2.75997 ; 2.3686 ; 3.23353 ; 0.958225
3.03596 ; 2.90203 ; 2.93134 ; 7.6932
2.88586 ; 2.22143 ; 3.6754 ; 4.46208
8.48065 ; 2.1862 ; -1.98039 ; 2.96261
8.54222 ; 7.85938 ; -3.40294 ; -3.56177
2.85549 ; 2.22234 ; 3.53855 ; 3.79693
5.62827 ; 7.63007 ; -6.03377 ; 0.809512
2.94071 ; 2.14804 ; 1.61457 ; 3.4608
3.42659 ; 2.23966 ; -1.92752 ; 0.586361
3.39971 ; 2.24964 ; -1.56033 ; 5.84926
8.46173 ; 2.30013 ; -4.7162 ; 5.13994
8.49264 ; 2.21525 ; -3.34087 ; 4.26884
8.43864 ; 6.07185 ; -0.0363804 ; 4.84246
2.81221 ; 7.77634 ; 2.98009 ; -1.94475
2.92228 ; 7.74897 ; 5.21833 ; -4.45417
8.1756 ; 7.60447 ; -6.9396 ; -5.47838
2.93216 ; 2.30404 ; 4.8678 ; 5.22946
7.59067 ; 5.38505 ; 3.48841 ; -6.44839
8.41146 ; 7.922 ; -1.557 ; -4.50033
7.68985 ; 7.67863 ; -7.61251 ; -2.17492
2.85168 ; 2.23924 ; 3.91981 ; 3.91688
8.4797 ; 2.26845 ; -4.28048 ; 4.86728
2.88468 ; 7.84909 ; 3.23554 ; -3.64078
7.89238 ; 7.6594 ; -7.489 ; -1.32405
3.14271 ; 7.23093 ; 0.150745 ; -7.40198
8.48756 ; 4.24238 ; -0.306139 ; -5.17752
8.5217 ; 7.84157 ; -3.9282 ; -4.19031
5.63899 ; 2.42614 ; -6.20939 ; 4.90124
8.62074 ; 2.39473 ; -2.86156 ; 0.703435
2.79062 ; 3.71083 ; 1.69314 ; -4.3359
2.8246 ; 3.80603 ; 1.09839 ; -4.50051
3.33084 ; 2.25034 ; -1.56347 ; 0.811334
6.29121 ; 2.4412 ; 5.4313 ; -0.998109
2.80674 ; 2.25869 ; 3.12642 ; 2.36376
2.80818 ; 7.72701 ; 2.38923 ; -1.10003
3.8254 ; 2.39106 ; 7.64616 ; 2.54763
2.85701 ; 2.23668 ; 1.9115 ; 1.94007
2.89052 ; 7.81822 ; 4.02863 ; -4.13885
8.6556 ; 7.47984 ; -2.51287 ; 0.826531
3.03369 ; 7.54257 ; 4.04385 ; -6.96713
8.61627 ; 2.49837 ; -2.20717 ; -0.242267
2.89088 ; 2.17847 ; 2.55302 ; 3.7045
7.82734 ; 2.40206 ; 2.45311 ; -0.667574
7.4277 ; 4.0519 ; -7.02253 ; -5.14437
4.38086 ; 3.03337 ; 7.44197 ; 7.03661
7.92095 ; 3.9029 ; 2.5811 ; -4.72876
8.38965 ; 7.56787 ; -2.97469 ; -7.00286
2.82307 ; 2.24732 ; 3.69414 ; 3.15127
8.46405 ; 7.76698 ; -4.9666 ; -5.02696
8.44455 ; 7.85942 ; -2.57711 ; -5.22846
8.42162 ; 2.15961 ; -1.87408 ; 4.2456
2.89352 ; 7.8209 ; 3.99743 ; -4.17295
3.12606 ; 6.84422 ; 4.46924 ; -7.67729
8.47649 ; 2.27061 ; -4.30819 ; 4.92022
8.53493 ; 2.28643 ; -4.62421 ; 3.69349
4.3599 ; 7.9169 ; -4.27595 ; -1.54715
6.6842 ; 7.38228 ; -6.94478 ; 1.86186
8.51989 ; 2.23773 ; -3.68327 ; 3.97228
2.88372 ; 2.18374 ; 2.66444 ; 3.67558
2.8639 ; 2.21888 ; 3.54826 ; 3.96385
2.91052 ; 2.29863 ; 5.02824 ; 4.73417
2.80877 ; 7.68033 ; 2.07641 ; -0.578686
2.96042 ; 2.33768 ; 5.40381 ; 5.24553
3.35286 ; 2.24372 ; -1.66019 ; 0.574438
3.04264 ; 6.77149 ; 2.596 ; -7.61009
2.85381 ; 7.795 ; 4.16204 ; -3.51104
3.02993 ; 2.78605 ; 2.96274 ; 7.61282
5.1824 ; 2.29501 ; 6.70679 ; 1.84605
8.551 ; 2.24051 ; -2.91765 ; 2.7128
8.45858 ; 7.77664 ; -4.59932 ; -5.29054
8.44788 ; 7.74772 ; -5.18981 ; -5.15483
7.99297 ; 7.30105 ; 2.10635 ; 2.15784
3.02476 ; 5.31716 ; -0.549386 ; 5.8621
8.44174 ; 7.748 ; -5.12194 ; -5.27928
7.78272 ; 3.1833 ; -7.16845 ; 7.59671
2.85763 ; 2.22598 ; 3.66594 ; 3.92655
2.81261 ; 2.25547 ; 3.61086 ; 2.85012
8.4723 ; 7.77961 ; -4.79762 ; -4.96286
2.97334 ; 7.69618 ; 0.294888 ; -0.165463
2.92672 ; 7.76427 ; 4.89279 ; -4.75726
8.62235 ; 7.6849 ; -2.47813 ; -0.532137
2.9177 ; 2.28073 ; 4.56136 ; 5.0951
8.36812 ; 7.85871 ; -1.31423 ; -5.55398
3.05627 ; 3.18756 ; 3.41441 ; 7.72626
2.91902 ; 2.18633 ; 1.39038 ; 2.38284
3.02093 ; 2.14665 ; 0.483324 ; 2.50585
3.02375 ; 2.4068 ; 6.63436 ; 1.82413
7.95889 ; 7.00829 ; -6.78117 ; -7.55431
8.4815 ; 2.18848 ; -2.66508 ; 3.9041
3.13399 ; 2.55689 ; 6.03324 ; 6.80026
7.92317 ; 7.33702 ; -7.27028 ; -6.82489
8.31849 ; 2.38265 ; -6.54961 ; 4.43795
2.93316 ; 2.30375 ; 4.86279 ; 5.24282
2.94588 ; 7.87276 ; 1.23836 ; -2.22548
3.71646 ; 6.58048 ; -3.22984 ; 4.04173
2.86675 ; 2.2247 ; 3.7037 ; 4.11114
7.81263 ; 7.49459 ; 2.56641 ; 1.48463
8.03145 ; 7.82836 ; 1.65204 ; -0.574787
8.48042 ; 2.28609 ; -4.55585 ; 4.87612
7.65039 ; 7.89701 ; 2.88211 ; -1.10026
5.17442 ; 5.81346 ; 6.75696 ; -6.9306
8.5952 ; 2.29989 ; -3.51448 ; 2.07715
8.48129 ; 7.81677 ; -4.09908 ; -4.9885
2.87125 ; 7.76954 ; 1.56668 ; -1.18734
2.89032 ; 7.80135 ; 4.30523 ; -4.20311
2.8319 ; 7.79392 ; 2.56316 ; -1.92979
7.84008 ; 7.60883 ; 2.33845 ; -6.27016
8.59185 ; 7.72028 ; -2.07736 ; -0.716938
8.54861 ; 2.24935 ; -3.6176 ; 3.35521
8.55643 ; 7.85448 ; -3.17276 ; -3.07917
2.9133 ; 7.88167 ; 2.02674 ; -2.98457
8.27209 ; 2.40102 ; -6.72394 ; 4.68203
3.3571 ; 2.20863 ; -1.63108 ; 0.892395
8.56939 ; 7.84286 ; -2.91508 ; -2.56619
2.83226 ; 7.76434 ; 2.1847 ; -1.39612
8.33916 ; 3.14764 ; -1.80219 ; 7.66301
7.60019 ; 7.79975 ; 3.05529 ; -0.160282
2.9556 ; 7.74495 ; 5.09134 ; -5.08739
2.97252 ; 7.74489 ; 4.48999 ; -5.64298
8.46515 ; 2.30674 ; -4.82524 ; 5.07795
8.51854 ; 7.80899 ; -4.50664 ; -4.29934
3.15761 ; 7.54465 ; 6.36523 ; -6.35652
8.42831 ; 2.33771 ; -5.04395 ; 5.5291
8.34758 ; 2.73446 ; -2.99743 ; 7.54207
4.14699 ; 2.13915 ; -3.86245 ; 1.68268
8.46531 ; 7.77024 ; -4.92407 ; -5.0211
8.56211 ; 7.83715 ; -3.72399 ; -3.33651
8.35803 ; 2.41602 ; -5.6258 ; 6.0272
8.51367 ; 2.21857 ; -3.25205 ; 3.79441
3.15595 ; 2.48437 ; 6.57598 ; 6.0627
6.35931 ; 2.49077 ; 5.5037 ; 5.611
2.91981 ; 7.79364 ; 4.4732 ; -4.66609
3.55973 ; 5.04608 ; -2.87861 ; 6.13456
3.14302 ; 7.95419 ; -0.144933 ; -3.08567
2.83037 ; 7.24903 ; 0.910518 ; 1.95947
8.33229 ; 7.9592 ; -0.5065 ; -3.72965
7.25795 ; 7.88671 ; 3.84117 ; -1.05521
8.51974 ; 7.87426 ; -3.22398 ; -3.89748
8.4767 ; 2.27044 ; -4.30995 ; 4.92193
8.49791 ; 7.80267 ; -4.56366 ; -4.62881
8.56084 ; 7.85253 ; -2.98776 ; -2.82227
8.51915 ; 7.82301 ; -4.27056 ; -4.30219
4.86 ; 2.19057 ; -5.12272 ; 1.54045
2.95044 ; 7.74376 ; 5.11392 ; -5.02263
3.582 ; 7.83879 ; -2.43567 ; -0.560251
2.83189 ; 2.2403 ; 2.4306 ; 2.1998
2.88984 ; 7.86555 ; 2.4195 ; -3.0054
5.69133 ; 7.81734 ; -6.1563 ; -1.56909
8.52669 ; 2.2321 ; -2.20768 ; 2.28888
2.88006 ; 7.85724 ; 2.68217 ; -3.09856
3.81027 ; 2.11452 ; -3.04193 ; 1.99473
3.92332 ; 3.95527 ; 7.06586 ; -5.01469
8.32011 ; 7.40864 ; -0.928973 ; -7.30718
8.37666 ; 3.34744 ; 0.625794 ; -3.60499
4.82625 ; 7.85907 ; -5.03371 ; -0.955849
8.34282 ; 4.80023 ; 0.662565 ; -5.87768
8.01307 ; 4.02626 ; 2.28712 ; -4.88753
8.45055 ; 2.31768 ; -4.91483 ; 5.26948
6.21106 ; 2.20523 ; 5.56266 ; 1.69859
4.23266 ; 2.36924 ; 7.4318 ; 1.68
8.52475 ; 7.86538 ; -3.4179 ; -3.9278
3.0215 ; 7.67694 ; 5.67064 ; -5.64159
8.44395 ; 2.31826 ; -4.87396 ; 5.3679
2.89463 ; 2.25743 ; 4.29432 ; 4.74741
3.04806 ; 4.15545 ; 5.28856 ; -5.21093
3.49516 ; 7.65177 ; 7.51254 ; -1.8689
8.50584 ; 2.20553 ; -2.92821 ; 3.67164
3.02723 ; 5.12495 ; 4.28344 ; -6.39622
8.50814 ; 2.25605 ; -4.10384 ; 4.36599
3.02569 ; 7.67498 ; 5.66094 ; -5.69593
7.8805 ; 2.15112 ; 1.93299 ; 4.87503
3.28686 ; 2.37239 ; -1.51129 ; -0.309771
5.39396 ; 2.3349 ; 6.43994 ; 0.347523
8.52531 ; 2.24993 ; -3.90838 ; 3.99328
8.43948 ; 2.49923 ; -6.2429 ; 0.356762
3.24118 ; 2.48867 ; 7.17379 ; 0.266053
2.85878 ; 2.29321 ; 5.02537 ; 3.50438
8.41106 ; 2.35789 ; -5.22431 ; 5.65826
7.7722 ; 2.99944 ; 2.63958 ; 7.26682
8.5253 ; 3.13833 ; -0.476739 ; -3.02315
8.40509 ; 7.65153 ; -3.36608 ; -6.65493
3.00751 ; 2.13482 ; 0.72987 ; 2.95549
3.72769 ; 2.14588 ; -2.85789 ; 2.45173
2.88894 ; 7.8249 ; 3.88977 ; -4.05595
8.53056 ; 2.25217 ; -3.91284 ; 3.89374
2.89443 ; 2.26971 ; 4.50772 ; 4.72619
2.91793 ; 2.17362 ; 1.54811 ; 2.72198
2.94469 ; 2.15343 ; 1.39514 ; 3.05074
2.96139 ; 7.73638 ; 5.18104 ; -5.15224
8.38248 ; 7.6849 ; -5.57875 ; -5.74723
8.6111 ; 7.78333 ; -3.45659 ; -1.97128
3.42104 ; 7.5491 ; -2.08281 ; 1.15902
4.96973 ; 7.47113 ; 6.78288 ; 1.3708
8.46161 ; 2.30136 ; -4.73127 ; 5.14768
2.94297 ; 7.76364 ; 4.86036 ; -4.98117
7.48664 ; 2.40051 ; -7.56797 ; 1.77649
8.46249 ; 2.18737 ; -1.57083 ; 2.58457
4.0596 ; 7.66369 ; 7.52537 ; -1.76472
3.16515 ; 5.53033 ; 5.54388 ; 5.75565
8.39987 ; 7.64617 ; -2.94928 ; -6.72219
2.72613 ; 7.30089 ; 3.58377 ; 1.52742
2.95746 ; 2.1569 ; 1.14034 ; 2.76028
8.37807 ; 7.68106 ; -5.64418 ; -5.73786
8.52754 ; 7.87282 ; -3.17964 ; -3.69143
3.31201 ; 2.68087 ; 6.87224 ; 6.96637
2.85381 ; 7.82527 ; 3.33528 ; -3.13625
8.2248 ; 7.75911 ; 0.844733 ; -0.213821
2.88438 ; 7.85172 ; 2.11035 ; -2.46997
8.28658 ; 2.38304 ; -6.86182 ; 2.87138
8.40313 ; 7.69858 ; -5.13336 ; -5.8848
8.51255 ; 4.30665 ; -0.624641 ; -5.26287
3.00523 ; 5.57855 ; 0.10316 ; -6.19667
8.46599 ; 7.70567 ; -6.12254 ; -2.06832
3.00989 ; 7.69242 ; 5.49468 ; -5.61424
3.01543 ; 7.6837 ; 5.61396 ; -5.60322
8.49169 ; 7.79369 ; -4.68147 ; -4.70561
2.84863 ; 2.22797 ; 3.60182 ; 3.70495
5.79604 ; 7.80152 ; 6.06623 ; -1.49071
8.44917 ; 7.75405 ; -5.07921 ; -5.1901
2.88425 ; 2.26807 ; 4.5144 ; 4.54024
7.41458 ; 3.20842 ; -7.50963 ; 7.45409
3.03885 ; 2.41577 ; 5.75683 ; 6.01254
8.52523 ; 2.22951 ; -3.40634 ; 3.70132
8.58309 ; 7.70401 ; -2.00616 ; -0.791754
8.34885 ; 3.42888 ; -2.41887 ; 7.59743
2.91252 ; 7.79801 ; 4.41373 ; -4.54731
2.82156 ; 4.05824 ; 3.22877 ; -4.97369
2.86115 ; 7.8277 ; 3.4439 ; -3.34756
8.43644 ; 2.32604 ; -4.92778 ; 5.45784
3.14101 ; 7.94112 ; -0.224352 ; -2.61
2.78157 ; 2.30272 ; 3.30119 ; 1.76973
8.45912 ; 2.23824 ; -3.49364 ; 5.09166
8.55512 ; 7.82329 ; -4.14853 ; -3.58407
2.87824 ; 2.29629 ; 5.17139 ; 3.81576
6.27226 ; 7.50291 ; -6.85942 ; -5.20981
8.46397 ; 2.17998 ; -2.47985 ; 4.10279
8.28627 ; 7.63824 ; 0.649949 ; 0.499269
3.2751 ; 2.7512 ; 6.52766 ; 7.28615
3.00562 ; 7.68087 ; 4.68747 ; -6.15299
8.1791 ; 6.43557 ; -5.22469 ; -7.5143
3.19936 ; 2.22454 ; -0.949438 ; 0.922444
7.4681 ; 3.2548 ; -7.47493 ; 7.50558
2.9836 ; 2.35805 ; 5.33407 ; 5.67379
8.44568 ; 2.32245 ; -4.95973 ; 5.32285
8.54406 ; 2.23753 ; -3.26599 ; 3.20438
2.97842 ; 7.72521 ; 5.24442 ; -5.34443
7.53618 ; 7.9686 ; 3.16027 ; -2.998
8.25665 ; 5.14267 ; -5.08581 ; -6.42805
8.38939 ; 2.14093 ; -1.32322 ; 3.91459
8.50444 ; 7.89668 ; -2.54587 ; -3.5943
8.21785 ; 2.24224 ; -0.0629559 ; 5.90637
8.49472 ; 2.25861 ; -4.15864 ; 4.6084
2.86335 ; 7.81034 ; 3.93444 ; -3.64301
8.517 ; 7.83683 ; -4.02978 ; -4.30122
8.55009 ; 2.39012 ; -5.38582 ; 1.58476
8.14716 ; 7.37853 ; 0.837653 ; -7.18131
8.27763 ; 2.37965 ; -6.87434 ; 3.15972
6.35352 ; 7.43569 ; -6.93817 ; -5.57813
8.33865 ; 2.53273 ; -1.84961 ; 7.17289
2.92154 ; 7.77902 ; 4.69139 ; -4.68601
8.51533 ; 7.81836 ; -4.34945 ; -4.3716
4.11305 ; 2.58039 ; -3.89544 ; -1.67673
2.91996 ; 7.8871 ; 2.31604 ; -3.55351
2.88052 ; 7.82582 ; 3.78645 ; -3.87924
7.28539 ; 2.26578 ; 3.77278 ; 0.0940391
2.7471 ; 6.64038 ; 2.2799 ; 3.70042
3.05654 ; 4.25876 ; -0.174962 ; 6.92315
3.18233 ; 2.37838 ; 7.12719 ; 3.15511
8.51299 ; 7.82957 ; -4.16068 ; -4.39427
8.48303 ; 7.79648 ; -4.57985 ; -4.8627
2.90641 ; 2.16697 ; 2.26627 ; 3.71169
8.38185 ; 2.3903 ; -5.47606 ; 5.85793
2.993 ; 2.36803 ; 5.41791 ; 5.73464
3.172 ; 3.98575 ; 4.85524 ; 7.29997
7.51585 ; 5.64693 ; 3.64789 ; 5.47374
8.41325 ; 6.08422 ; -2.15526 ; -7.19354
3.85616 ; 2.11619 ; -3.16968 ; 1.97767
2.87182 ; 7.82955 ; 3.58944 ; -3.62955
2.81948 ; 2.2527 ; 3.78125 ; 3.10969
2.88642 ; 7.82008 ; 3.96397 ; -4.04789
3.04548 ; 2.77907 ; 1.66396 ; 7.57717
3.78408 ; 7.97079 ; -2.937 ; -2.55958
7.17497 ; 4.35624 ; 4.34477 ; 6.72515
8.56343 ; 2.59819 ; -1.24357 ; -0.988471
2.86425 ; 7.84248 ; 2.77769 ; -2.87367
8.52415 ; 2.22168 ; -3.15959 ; 3.52168
2.93977 ; 7.83406 ; 3.36369 ; -4.95275
8.58823 ; 7.82003 ; -3.39849 ; -2.5508
8.53221 ; 7.83378 ; -4.03688 ; -4.03639
8.50199 ; 2.32315 ; -1.22961 ; 0.787104
8.55111 ; 7.83756 ; -3.86715 ; -3.62431
8.49644 ; 2.241 ; -3.85358 ; 4.47993
8.46967 ; 7.76985 ; -4.95117 ; -4.95161
8.28879 ; 2.38677 ; -6.72948 ; 4.20742
3.94304 ; 3.93203 ; 7.2132 ; 7.3174
5.24189 ; 4.61162 ; -5.71685 ; -5.7829
7.89095 ; 7.95799 ; 2.06237 ; -2.08473
8.57986 ; 2.42976 ; -1.83546 ; 0.136371
2.98033 ; 7.71729 ; 5.36163 ; -5.31332
8.4401 ; 7.9318 ; -1.47801 ; -3.39091
7.57137 ; 6.28251 ; 3.4601 ; -7.06237
8.49242 ; 2.19794 ; -2.88357 ; 3.90123
8.41875 ; 2.33262 ; -4.09791 ; 6.02758
8.61509 ; 7.19527 ; -1.49157 ; 2.163
8.42291 ; 7.716 ; -4.15527 ; -6.12993
8.44817 ; 7.88812 ; -1.08265 ; -2.08881
2.85164 ; 2.2229 ; 3.49261 ; 3.69018
2.89066 ; 7.8031 ; 4.27902 ; -4.19691
2.86977 ; 2.24148 ; 4.04054 ; 4.29322
8.26346 ; 2.39979 ; -6.78648 ; 4.53783
2.79398 ; 7.66263 ; 4.71391 ; -1.2377
2.82271 ; 2.24024 ; 3.33389 ; 2.937
8.49114 ; 2.23491 ; -3.74034 ; 4.51447
3.05245 ; 7.88785 ; 0.222445 ; -1.91172
6.34054 ; 2.19245 ; 5.39694 ; 1.79967
8.35927 ; 7.82158 ; -0.0597168 ; -0.939975
2.86208 ; 2.20112 ; 2.85104 ; 3.39299
5.69641 ; 4.56156 ; -6.28098 ; 6.66925
4.32146 ; 7.92003 ; -4.2362 ; -3.55907
3.01163 ; 2.38545 ; 5.66433 ; 5.74127
2.94699 ; 2.32766 ; 5.39085 ; 5.02193
8.52661 ; 7.82099 ; -4.28393 ; -4.17888
8.48454 ; 2.23841 ; -3.79477 ; 4.66771
3.06561 ; 2.54258 ; -0.615291 ; -1.05017
8.37431 ; 2.24395 ; -1.8191 ; 5.78102
7.68498 ; 2.09012 ; 2.65615 ; 3.1898
8.62079 ; 7.45346 ; -1.81386 ; 1.04997
2.84744 ; 7.82465 ; 3.04937 ; -2.78878
8.46124 ; 2.30665 ; -4.80573 ; 5.14291
8.45977 ; 7.61532 ; -0.417435 ; 0.417291
8.51046 ; 2.22176 ; -3.37938 ; 3.95626
3.27088 ; 7.64885 ; 7.26613 ; -4.0582
3.23425 ; 6.15873 ; 5.29702 ; -7.33725
8.51821 ; 7.88535 ; -2.19881 ; -2.76067
2.9082 ; 7.77188 ; 4.79183 ; -4.47801
2.97908 ; 7.67604 ; 0.210172 ; -0.00994635
2.89332 ; 2.26328 ; 4.39079 ; 4.72435
2.87663 ; 2.18736 ; 2.43243 ; 3.23838
3.04875 ; 7.12905 ; 2.1295 ; -7.59304
2.96541 ; 7.73439 ; 5.19829 ; -5.19534
8.529 ; 7.83747 ; -3.98205 ; -4.07468
3.03601 ; 7.91028 ; 0.478831 ; -2.39868
8.51198 ; 7.82998 ; -1.58462 ; -1.74808
8.15601 ; 3.14611 ; -5.60527 ; 7.72522
2.83639 ; 5.64376 ; 1.58506 ; 5.47128
3.03662 ; 2.68011 ; -0.556127 ; -1.63848
2.87065 ; 7.81054 ; 4.00542 ; -3.79997
8.55438 ; 7.77034 ; -1.7568 ; -1.05731
7.63058 ; 2.10555 ; 2.83357 ; 2.2097
8.56897 ; 7.6672 ; -1.56923 ; -0.169411
2.98476 ; 2.1313 ; 1.1575 ; 3.59282
2.92532 ; 2.28419 ; 4.54131 ; 5.22831
8.42234 ; 2.27716 ; -3.18753 ; 5.81053
8.41126 ; 2.29597 ; -3.0626 ; 6.0209
5.62141 ; 2.28837 ; -6.14843 ; 3.49358
2.87808 ; 7.80598 ; 4.1609 ; -3.97882
8.2647 ; 6.77157 ; 0.174962 ; -7.46391
3.27689 ; 2.20802 ; -1.29366 ; 0.982908
8.4724 ; 2.17779 ; -2.28299 ; 3.62535
2.9185 ; 7.77447 ; 4.75081 ; -4.65141
2.91603 ; 2.24418 ; 3.82768 ; 5.11779
6.56731 ; 7.76143 ; 5.17305 ; -4.58677
8.32031 ; 2.73857 ; -1.45974 ; 7.49931
8.31398 ; 7.94003 ; -0.515454 ; -4.57515
2.85416 ; 2.21265 ; 3.19773 ; 3.54149
7.62328 ; 6.3091 ; 3.32181 ; -7.08206
8.52546 ; 2.22015 ; -3.03489 ; 3.37439
2.91765 ; 7.77522 ; 4.73665 ; -4.63554
8.5568 ; 7.85043 ; -3.3968 ; -3.25729
2.91537 ; 2.16682 ; 1.70998 ; 3.00717
2.87788 ; 2.25057 ; 4.20836 ; 4.4632
4.1298 ; 6.94657 ; -4.03852 ; 3.34305
8.51591 ; 7.75944 ; -5.46736 ; -3.16554
8.38217 ; 7.44629 ; -3.19254 ; -7.27689
8.5765 ; 7.8306 ; -2.81177 ; -2.29209
2.89529 ; 2.1841 ; 2.81749 ; 4.09972
3.08693 ; 7.451 ; -0.234398 ; 1.29592
2.87734 ; 2.2045 ; 3.28569 ; 4.07163
8.46462 ; 2.31075 ; -4.89729 ; 5.05958
3.46989 ; 4.78354 ; 6.44714 ; -6.08427
5.83797 ; 7.8118 ; 6.03229 ; -1.78625
2.93062 ; 7.76865 ; 4.83056 ; -4.81639
2.87717 ; 7.82697 ; 3.71962 ; -3.7894
8.52268 ; 7.86505 ; -3.44507 ; -3.98605
2.97516 ; 7.90172 ; 1.10585 ; -2.64532
3.9664 ; 4.15658 ; -3.8264 ; -5.0689
2.88516 ; 2.30863 ; 5.42916 ; 3.48245
6.95674 ; 7.86554 ; 4.4841 ; -4.1176
8.56658 ; 2.36838 ; -5.02748 ; 1.65104
2.91496 ; 7.76548 ; 4.89678 ; -4.56148
2.95056 ; 2.1434 ; 1.53354 ; 3.54439
2.98791 ; 7.71421 ; 5.34888 ; -5.41644
2.91607 ; 2.27401 ; 4.44856 ; 5.08926
3.19485 ; 7.95652 ; -0.516418 ; -2.84269
5.82427 ; 7.33171 ; -6.45166 ; -6.08475
2.89165 ; 4.98739 ; 1.36013 ; 6.18528
8.64863 ; 2.62834 ; -4.19401 ; -0.778871
3.03666 ; 7.66287 ; 5.77493 ; -5.73804
8.65769 ; 7.42936 ; -2.46002 ; 1.09456
2.86808 ; 2.22692 ; 3.76195 ; 4.16685
2.90022 ; 2.26079 ; 4.32981 ; 4.84032
8.47198 ; 2.28332 ; -4.49751 ; 5.00175
8.33825 ; 3.08336 ; -1.84652 ; 7.66959
3.19424 ; 2.42147 ; 7.01243 ; 4.89451
2.83887 ; 2.22377 ; 2.595 ; 2.59246
8.57518 ; 7.53023 ; -1.34476 ; 0.721406
3.046 ; 7.20798 ; 2.28564 ; -7.55491
2.8218 ; 2.24889 ; 3.71448 ; 3.13818
8.13792 ; 2.44548 ; -7.14786 ; 4.96581
7.98428 ; 2.52086 ; 0.339963 ; 7.07737
2.90051 ; 2.23172 ; 3.79165 ; 4.79311
2.90551 ; 5.40469 ; 0.564207 ; 5.76241
5.80618 ; 7.15226 ; -6.43937 ; -6.54932
2.88841 ; 7.85591 ; 2.11716 ; -2.57409
2.89531 ; 2.27487 ; 4.59819 ; 4.72118
8.45898 ; 2.2977 ; -4.66576 ; 5.18326
8.30767 ; 7.36904 ; -0.668773 ; -7.31851
5.08374 ; 7.69478 ; 6.74973 ; -0.49901
2.86778 ; 7.71617 ; 5.42429 ; -2.50012
8.50175 ; 2.26705 ; -4.3044 ; 4.50904
8.45777 ; 2.23716 ; -1.11804 ; 1.60112
8.48131 ; 2.42035 ; -0.766745 ; -0.0522695
8.52229 ; 7.83463 ; -4.0578 ; -4.2131
2.86035 ; 7.82968 ; 3.33184 ; -3.23098
3.02679 ; 2.40324 ; 5.67266 ; 5.94489
8.47181 ; 7.87556 ; -1.28164 ; -2.01479
2.98533 ; 2.3111 ; 2.43619 ; 6.28036
2.9225 ; 2.29461 ; 4.77698 ; 5.11825
8.51396 ; 2.26804 ; -4.30129 ; 4.29323
8.30311 ; 7.88142 ; 0.18824 ; -1.46411
8.4638 ; 2.25838 ; -3.94652 ; 5.12265
6.50557 ; 7.87291 ; 5.18329 ; -3.01902
8.49624 ; 2.247 ; -3.96447 ; 4.52768
2.87169 ; 7.83372 ; 3.46799 ; -3.54378
8.48803 ; 7.90792 ; -2.29789 ; -3.65836
8.45609 ; 7.76 ; -5.03387 ; -5.10872
8.43943 ; 2.16012 ; -1.89019 ; 3.79674
8.50822 ; 7.89407 ; -2.65676 ; -3.63226
2.94714 ; 7.75989 ; 4.89985 ; -5.03404
7.34241 ; 6.86063 ; -7.15924 ; 3.52068
2.95808 ; 2.21973 ; 2.51599 ; 5.45436
4.5141 ; 4.80735 ; 7.03584 ; -6.11357
8.56159 ; 7.47062 ; -1.11314 ; 1.05973
7.92744 ; 7.33968 ; -7.26221 ; -6.81957
4.19993 ; 7.67349 ; 7.47555 ; -2.16713
2.91808 ; 7.67263 ; 6.0015 ; -1.91237
8.46362 ; 7.79534 ; -4.15913 ; -5.32931
3.00502 ; 7.6928 ; 2.8636 ; -6.45012
8.55598 ; 2.24869 ; -2.7822 ; 2.43431
8.38678 ; 7.57915 ; -2.58228 ; -6.98246
8.4873 ; 7.54959 ; -0.555377 ; 0.751549
3.42291 ; 2.22734 ; -1.90922 ; 0.656947
8.45192 ; 7.73932 ; -0.593638 ; -0.428571
2.91325 ; 2.28472 ; 4.65871 ; 5.00285
8.08995 ; 7.65365 ; 1.55257 ; 0.579035
8.61594 ; 2.35462 ; -3.17303 ; 1.20227
2.90738 ; 2.19241 ; 1.51231 ; 2.36503
3.08541 ; 2.14027 ; -0.043542 ; 2.30928
8.51539 ; 2.26361 ; -4.21713 ; 4.25621
5.88517 ; 7.79567 ; 5.95661 ; -1.11252
7.71946 ; 2.16634 ; 2.63665 ; 1.15551
8.40709 ; 7.72832 ; -0.213548 ; -0.248107
2.87091 ; 2.19198 ; 2.52884 ; 3.23284
8.14883 ; 7.97971 ; 0.815806 ; -3.40147
8.41153 ; 2.34984 ; -6.04038 ; 4.15801
4.73162 ; 7.82767 ; -4.90505 ; -0.491111
2.91305 ; 7.73458 ; 0.935535 ; -0.649111
2.98517 ; 7.71094 ; 5.42987 ; -5.33961
8.28705 ; 2.27069 ; 0.354811 ; 0.7075
8.4543 ; 2.21547 ; -1.20084 ; 1.91046
2.85871 ; 7.81452 ; 3.76898 ; -3.48533
6.83964 ; 2.60417 ; -7.08206 ; -1.30957
8.57985 ; 7.80946 ; -4.09656 ; -2.98498
3.82533 ; 2.83324 ; -3.30773 ; 7.0845
8.05965 ; 7.95824 ; 1.37331 ; -2.22613
8.17799 ; 5.00363 ; 1.44224 ; 6.00769
2.87079 ; 2.19701 ; 2.97935 ; 3.69792
2.94349 ; 7.8311 ; 1.00422 ; -1.5722
2.954 ; 7.78547 ; 4.01792 ; -5.37657
8.47348 ; 7.82059 ; -3.83728 ; -5.14466
2.95376 ; 7.74336 ; 5.10942 ; -5.06699
2.96892 ; 7.72689 ; 5.28435 ; -5.20795
8.47406 ; 2.29767 ; -4.71666 ; 4.96323
8.47362 ; 2.2798 ; -4.44667 ; 4.97358
2.90277 ; 2.24549 ; 4.03482 ; 4.87915
2.77742 ; 2.31211 ; 3.32959 ; 1.65882
8.49775 ; 7.76997 ; -5.33517 ; -3.94583
8.42227 ; 4.6812 ; -4.30925 ; -5.87674
5.49271 ; 2.24086 ; -5.95363 ; 1.72236
2.82836 ; 7.79246 ; 2.65146 ; -1.96007
8.34389 ; 2.43117 ; -5.72505 ; 6.10527
7.74953 ; 7.8948 ; 2.58649 ; -1.08585
5.85204 ; 6.6858 ; -6.4881 ; -7.06657
3.67196 ; 2.5895 ; -2.77741 ; 6.81914
2.86381 ; 2.2347 ; 1.81863 ; 1.91686
2.91379 ; 7.83578 ; 3.67492 ; -4.47279
8.57847 ; 7.8114 ; -4.08653 ; -3.02057
2.86164 ; 2.22101 ; 3.57717 ; 3.94471
8.40411 ; 2.36727 ; -4.71413 ; 6.08101
8.43912 ; 2.29426 ; -4.07207 ; 5.6354
2.95025 ; 7.74142 ; 5.14923 ; -5.01275
8.49105 ; 2.27388 ; -4.40077 ; 4.70292
5.65484 ; 2.91534 ; -6.05193 ; -2.87516
8.52535 ; 7.79072 ; -4.89649 ; -3.89521
7.30972 ; 7.67798 ; -7.54724 ; -2.95074
2.83494 ; 2.23948 ; 3.72098 ; 3.4665
2.98638 ; 7.76287 ; 2.99908 ; -5.97437
2.85606 ; 2.34071 ; 1.34964 ; 0.633706
3.87662 ; 2.77415 ; 4.82817 ; -2.03651
8.4909 ; 7.37965 ; -0.394588 ; 1.56199
3.71657 ; 2.64862 ; 7.65303 ; 6.13652
3.20973 ; 2.16411 ; -0.896003 ; 1.58469
2.93638 ; 2.29167 ; 4.47724 ; 5.44018
8.43697 ; 7.73989 ; -5.22554 ; -5.28944
8.40411 ; 2.14617 ; -1.49117 ; 3.92721
8.46262 ; 2.3001 ; -4.71134 ; 5.12843
2.88961 ; 7.79484 ; 4.3992 ; -4.20905
3.24248 ; 2.11915 ; -0.962689 ; 2.25937
8.47337 ; 2.28915 ; -4.58944 ; 4.98124
5.5005 ; 2.26505 ; -6.00701 ; 3.29109
3.01274 ; 7.89702 ; 0.631339 ; -2.25922
2.8834 ; 7.78916 ; 1.51368 ; -1.35254
8.4127 ; 2.23067 ; -2.50847 ; 5.50284
3.8646 ; 2.41947 ; 7.55875 ; 0.876568
8.54502 ; 7.85502 ; -2.29683 ; -2.31275
5.56946 ; 2.40348 ; -6.12038 ; 4.82308
8.35885 ; 2.41475 ; -5.65162 ; 5.99143
7.99981 ; 5.79652 ; -6.37691 ; 5.43688
3.00899 ; 2.38456 ; 5.55376 ; 5.82689
3.07232 ; 2.45037 ; 5.94532 ; 6.20379
8.51474 ; 7.84312 ; -3.90873 ; -4.31496
2.86787 ; 2.21466 ; 3.47718 ; 3.99443
8.50291 ; 2.27503 ; -4.44287 ; 4.50868
3.8371 ; 2.62471 ; -3.28704 ; 6.78076
8.5824 ; 7.78349 ; -4.52596 ; -2.73862
2.89364 ; 7.7764 ; 1.31555 ; -1.14962
8.56041 ; 7.83567 ; -2.37989 ; -2.08618
8.50789 ; 2.36178 ; -1.16581 ; 0.450361
2.80926 ; 7.77309 ; 3.03503 ; -1.93411
4.6588 ; 7.75471 ; -4.90712 ; -4.84697
2.86456 ; 2.2305 ; 3.81216 ; 4.13195
8.52096 ; 7.81853 ; -4.33891 ; -4.2803
7.9797 ; 5.89428 ; 2.2357 ; -6.87113
2.94666 ; 2.32173 ; 5.09419 ; 5.31499
2.98127 ; 7.72893 ; 4.6601 ; -5.73547
2.78345 ; 7.66264 ; 2.52185 ; -0.558237
3.74223 ; 2.58006 ; 7.44218 ; -0.816961
2.78314 ; 2.66731 ; 1.58967 ; -1.31451
2.88322 ; 7.81227 ; 4.0861 ; -4.04074
8.28735 ; 2.97705 ; -4.3671 ; 7.71622
2.87011 ; 2.24654 ; 4.13243 ; 4.31779
2.84599 ; 7.8198 ; 3.29308 ; -2.95285
3.28661 ; 5.72534 ; -1.6769 ; -6.70175
8.49691 ; 5.82652 ; -0.546475 ; 5.20725
8.40777 ; 2.36292 ; -5.30798 ; 5.64669
8.47873 ; 2.28452 ; -4.53256 ; 4.89778
8.41306 ; 7.71668 ; -5.39078 ; -5.50076
8.54846 ; 7.85192 ; -3.53437 ; -3.5223
3.89827 ; 2.36206 ; -3.3778 ; 5.94749
3.00262 ; 6.11638 ; 1.44236 ; -7.18168
3.51907 ; 2.08491 ; -2.07581 ; 3.0642
8.45878 ; 5.41494 ; -1.19072 ; -6.57079
8.57118 ; 7.8131 ; -2.34711 ; -1.77672
8.45058 ; 2.30911 ; -4.7845 ; 5.2923
3.00458 ; 7.6933 ; 5.55228 ; -5.51284
2.73679 ; 7.24547 ; 3.54697 ; 1.82418
8.55834 ; 7.84993 ; -3.33464 ; -3.17199
8.5718 ; 7.83593 ; -3.48712 ; -2.99118
4.32765 ; 2.76441 ; 7.49361 ; 6.28805
5.03236 ; 7.63613 ; 6.76796 ; 0.17391
7.22514 ; 7.31417 ; -7.55132 ; -6.26227
3.04032 ; 2.58511 ; 1.735 ; 7.3174
5.11666 ; 7.74359 ; 6.74818 ; -1.59268
8.51413 ; 2.27478 ; -4.42566 ; 4.29229
7.7389 ; 2.4093 ; -7.63416 ; 3.01045
7.16351 ; 2.47245 ; 4.07976 ; -1.21997
3.0293 ; 7.67052 ; 5.70314 ; -5.71184
8.39044 ; 2.4052 ; -4.3503 ; 6.4755
8.46389 ; 5.28367 ; -3.58999 ; 6.00399
8.51089 ; 7.84953 ; -1.62102 ; -1.84711
2.9582 ; 2.33151 ; 5.14386 ; 5.45535
8.51373 ; 2.24126 ; -3.80546 ; 4.15273
2.90831 ; 2.47122 ; 6.05365 ; 0.483641
8.48575 ; 2.19759 ; -1.85508 ; 2.61647
2.83771 ; 2.27062 ; 1.97245 ; 1.55684
2.99971 ; 7.70543 ; 6.14056 ; -4.24236
3.72862 ; 4.40227 ; -3.30008 ; 6.70471
4.29374 ; 6.68199 ; -4.43912 ; -7.09262
3.02162 ; 7.68 ; 5.5454 ; -5.73819
5.69998 ; 7.20933 ; -6.09288 ; 2.69144
2.80414 ; 7.76771 ; 3.26345 ; -1.99152
2.93429 ; 2.29939 ; 4.74633 ; 5.31054
3.85114 ; 3.90586 ; -3.58456 ; -4.77389
3.19572 ; 2.32514 ; -0.318561 ; 6.41563
8.52636 ; 2.24246 ; -3.72341 ; 3.87973
3.16383 ; 7.61389 ; 0.0983658 ; -6.77262
3.20585 ; 2.19991 ; -0.466173 ; 5.57493
8.49818 ; 7.80047 ; -4.59562 ; -4.62501
8.31148 ; 2.86425 ; -1.1616 ; 7.57074
8.65577 ; 7.5701 ; -2.81589 ; 0.240721
2.93864 ; 2.15327 ; 1.50507 ; 3.15835
8.45629 ; 2.27982 ; -4.24753 ; 5.2906
3.05781 ; 6.16718 ; 3.65556 ; -7.30521
2.82198 ; 7.78987 ; 2.85587 ; -2.0456
5.17744 ; 3.84408 ; -5.23738 ; -4.74007
3.90818 ; 2.63937 ; -3.48462 ; -1.86635
8.49981 ; 2.20088 ; -2.86352 ; 3.72538
8.53462 ; 7.87428 ; -2.95275 ; -3.34456
7.23426 ; 2.24089 ; 3.73775 ; 0.34281
2.9027 ; 2.1774 ; 2.64773 ; 4.09491
3.70428 ; 7.51499 ; 7.67237 ; -5.2799
2.96929 ; 2.33761 ; 6.03623 ; 4.10249
3.04073 ; 7.5043 ; -0.44051 ; 1.07724
8.50261 ; 2.27122 ; -4.37651 ; 4.50315
2.94582 ; 7.85976 ; 1.14251 ; -1.98966
2.926 ; 7.75088 ; 5.15041 ; -4.59456
2.86757 ; 7.79921 ; 4.204 ; -3.80033
8.46684 ; 7.7899 ; -4.43964 ; -5.19735
8.14601 ; 2.43517 ; -7.14778 ; 4.77469
8.46415 ; 2.28686 ; -4.51507 ; 5.12127
3.00289 ; 7.69652 ; 5.51163 ; -5.51275
8.43092 ; 2.33449 ; -5.01486 ; 5.5032
3.15682 ; 6.85047 ; -0.187905 ; -7.47197
7.20851 ; 2.9545 ; -7.54307 ; 6.97396
8.36455 ; 6.85553 ; -2.76888 ; -7.64055
8.53708 ; 7.84935 ; -3.71343 ; -3.83807
2.89429 ; 7.79377 ; 4.43474 ; -4.28281
8.51273 ; 2.54101 ; -5.79702 ; -0.0582793
8.59476 ; 7.62046 ; -5.17199 ; -0.557216
2.92766 ; 7.76866 ; 4.83004 ; -4.77712
3.00465 ; 7.6958 ; 5.51328 ; -5.53267
2.89646 ; 7.85153 ; 3.30793 ; -3.92594
2.87575 ; 2.2195 ; 3.63339 ; 4.24295
8.58086 ; 2.29947 ; -2.64598 ; 1.60729
8.36043 ; 7.73205 ; 0.0979269 ; -0.20288
2.75932 ; 2.54996 ; 2.21096 ; -0.62103
3.59522 ; 7.04574 ; 7.28706 ; -7.39217
2.96801 ; 2.34342 ; 5.60764 ; 5.10079
3.05347 ; 7.05946 ; 3.10072 ; -7.64825
2.91697 ; 2.29077 ; 4.74137 ; 5.04403
8.5371 ; 2.24294 ; -3.61832 ; 3.60706
8.30986 ; 2.24639 ; 0.161161 ; 0.9801
8.52212 ; 2.214 ; -2.62886 ; 3.00198
8.58615 ; 7.823 ; -3.15037 ; -2.41054
2.90517 ; 2.22649 ; 3.64586 ; 4.84478
5.78419 ; 4.51391 ; -6.36741 ; 6.71418
3.60688 ; 2.4228 ; 7.66512 ; 3.78757
8.56714 ; 7.82583 ; -3.94017 ; -3.29151
3.3658 ; 7.89822 ; -1.57062 ; -1.36699
8.3454 ; 3.71507 ; -0.901003 ; 7.36539
8.45099 ; 2.31616 ; -4.8966 ; 5.26254
2.96232 ; 7.76644 ; 4.2278 ; -5.51959
8.4957 ; 7.83349 ; -3.97111 ; -4.70128
8.59445 ; 2.36193 ; -2.41183 ; 0.857419
2.8589 ; 2.28428 ; 4.7846 ; 3.79628
8.51812 ; 2.2671 ; -1.71154 ; 1.54412
8.49774 ; 2.24857 ; -3.98553 ; 4.5156
8.52492 ; 7.87383 ; -2.12382 ; -2.4929
8.27409 ; 6.67013 ; -4.4493 ; -7.62332
2.9203 ; 7.77385 ; 4.76446 ; -4.67706
2.8365 ; 2.22391 ; 3.03465 ; 3.00796
8.12572 ; 2.15513 ; 1.02059 ; 1.70367
2.99102 ; 2.36478 ; 5.58533 ; 5.52461
8.59964 ; 2.32312 ; -4.06324 ; 2.03139
8.39887 ; 7.72581 ; -6.3265 ; -3.50287
8.35497 ; 6.60754 ; -0.823776 ; -7.42709
2.84093 ; 2.77015 ; 5.39346 ; -1.61833
8.56726 ; 2.27642 ; -2.57898 ; 1.87367
8.22169 ; 2.71809 ; -5.79426 ; 7.34728
7.96776 ; 3.33157 ; 1.95248 ; 7.37063
8.44403 ; 2.16356 ; -1.65669 ; 3.22307
7.67752 ; 2.32454 ; 2.75532 ; 5.91841
3.11444 ; 7.67813 ; 6.83799 ; -3.72259
3.02148 ; 7.67833 ; 5.64856 ; -5.65269
8.5542 ; 2.39758 ; -1.59213 ; 0.301877
2.90383 ; 7.75978 ; 5.03463 ; -4.24474
2.88246 ; 2.23602 ; 3.94871 ; 4.49209
8.6497 ; 7.57736 ; -2.66822 ; 0.220027
2.87346 ; 7.80913 ; 4.06329 ; -3.87002
8.45159 ; 7.82873 ; -3.06237 ; -5.44042
6.35263 ; 7.7761 ; 5.35892 ; -0.294537
2.89357 ; 2.23741 ; 3.94681 ; 4.69492
2.75715 ; 2.54008 ; 2.27754 ; -0.555685
2.88464 ; 2.27756 ; 4.71313 ; 4.45905
7.7957 ; 2.89784 ; -7.3744 ; 7.26765
3.18774 ; 4.99243 ; -1.44531 ; 6.20289
2.88427 ; 2.25007 ; 4.19607 ; 4.57047
8.41049 ; 2.36057 ; -5.2936 ; 5.61815
8.56643 ; 6.31372 ; -2.99595 ; 4.47301
8.56067 ; 7.83391 ; -2.36911 ; -2.06107
2.90424 ; 7.80438 ; 4.29813 ; -4.40558
8.42459 ; 7.72902 ; -5.28824 ; -5.41908
3.70831 ; 6.1955 ; -3.26487 ; 4.71182
2.92399 ; 2.15699 ; 1.76089 ; 3.32456
8.39987 ; 6.26763 ; -2.13249 ; -7.32624
8.58773 ; 2.30104 ; -4.03988 ; 2.4118
2.7433 ; 7.53847 ; 3.72436 ; 0.163681
2.88953 ; 7.8642 ; 2.72751 ; -3.33789
8.5878 ; 2.34947 ; -2.35768 ; 0.953746
7.02038 ; 7.70028 ; -7.37519 ; -2.59582
5.33249 ; 2.22185 ; -5.78093 ; 2.30663
8.51075 ; 2.20828 ; -2.90816 ; 3.54987
8.11468 ; 4.50026 ; -6.01289 ; -5.69776
4.53194 ; 5.57253 ; 7.12622 ; -6.83126
2.95051 ; 2.29929 ; 3.94627 ; 5.83123
2.88241 ; 7.79321 ; 1.5467 ; -1.40448
2.85407 ; 7.79465 ; 2.02936 ; -1.65081
8.34686 ; 2.1371 ; -0.592286 ; 2.91916
8.14311 ; 7.61413 ; -7.09321 ; -5.19835
8.24417 ; 2.70612 ; 1.02355 ; -1.80109
2.90719 ; 7.79203 ; 4.49213 ; -4.48649
3.36078 ; 3.47328 ; -1.819 ; 7.35771
8.65001 ; 3.39774 ; -2.92385 ; -3.63244
8.51895 ; 2.25415 ; -4.03168 ; 4.1567
8.64155 ; 2.79921 ; -2.08502 ; -1.7891
8.38809 ; 2.16765 ; -0.777569 ; 2.38921
2.84202 ; 2.26061 ; 1.9728 ; 1.67441
8.4006 ; 2.20034 ; -0.713249 ; 1.85774
4.01465 ; 7.85171 ; -3.58846 ; -0.553418
2.77022 ; 7.6836 ; 3.75755 ; -1.14809
2.88259 ; 7.83256 ; 3.66131 ; -3.84223
8.00722 ; 7.95672 ; 1.60332 ; -2.13671
8.19991 ; 2.54687 ; -6.55698 ; 6.46735
3.17962 ; 2.11148 ; -0.314727 ; 4.40648
8.53773 ; 7.18873 ; -0.65387 ; 2.25198
2.85534 ; 7.80492 ; 3.95445 ; -3.49621
8.52477 ; 7.88411 ; -2.70961 ; -3.3092
2.85081 ; 2.26189 ; 1.84071 ; 1.62347
2.92788 ; 2.43561 ; 0.475116 ; -0.267356
8.58018 ; 2.28059 ; -2.96016 ; 2.03452
2.88254 ; 7.81817 ; 3.96402 ; -3.98632
2.86927 ; 2.23139 ; 3.85631 ; 4.23276
8.60211 ; 2.31886 ; -3.14778 ; 1.6122
6.63791 ; 5.38316 ; -6.96914 ; -6.64189
3.05429 ; 7.86861 ; 0.134152 ; -1.62821
8.62464 ; 2.77592 ; -1.81544 ; -1.71286
8.53858 ; 7.86676 ; -3.1961 ; -3.47575
3.5506 ; 6.94366 ; 7.05895 ; 3.14099
2.79872 ; 2.32688 ; 2.32899 ; 1.08798
2.95039 ; 2.32689 ; 5.17637 ; 5.31327
2.88507 ; 7.82957 ; 3.76312 ; -3.93596
2.93187 ; 2.28647 ; 4.45719 ; 5.36422
5.51554 ; 7.4953 ; 6.27992 ; 1.42112
8.50901 ; 7.85388 ; -3.67735 ; -4.36313
3.17728 ; 2.7386 ; -1.2951 ; -1.95491
2.96044 ; 7.73852 ; 5.15832 ; -5.14067
8.52323 ; 7.8841 ; -2.31356 ; -2.83731
8.53068 ; 7.87019 ; -3.2215 ; -3.66697
7.91771 ; 2.26453 ; 1.77207 ; 5.84853
8.56353 ; 2.29897 ; -2.24287 ; 1.4263
3.00104 ; 5.55799 ; 4.67484 ; 5.6901
8.48808 ; 2.25662 ; -4.11957 ; 4.70662
8.49652 ; 2.23805 ; -3.79393 ; 4.4435
3.11462 ; 2.14868 ; -0.285568 ; 2.06768
8.46705 ; 7.88962 ; -1.31661 ; -2.23132
2.94797 ; 7.76383 ; 4.82811 ; -5.06167
2.90289 ; 7.7974 ; 4.4011 ; -4.40573
8.51657 ; 2.22091 ; -3.27544 ; 3.76519
2.77618 ; 7.22554 ; 1.55863 ; 1.98112
2.90642 ; 7.79625 ; 4.42793 ; -4.46233
2.88138 ; 7.82629 ; 3.79515 ; -3.89812
7.28087 ; 2.40366 ; -7.46457 ; 1.19015
2.89541 ; 7.79221 ; 4.46475 ; -4.30752
8.52418 ; 4.3225 ; -3.71294 ; -5.3718
2.99187 ; 2.38966 ; 4.60761 ; 6.34103
2.75251 ; 2.48423 ; 2.60442 ; -0.128199
2.86217 ; 2.20615 ; 3.1593 ; 3.67216
8.51327 ; 2.23212 ; -3.61336 ; 4.05143
2.84645 ; 2.2297 ; 3.61059 ; 3.66931
8.51703 ; 2.24707 ; -3.90579 ; 4.14396
8.565 ; 7.70668 ; -1.64414 ; -0.484209
2.88242 ; 2.23587 ; 3.95233 ; 4.49657
3.09954 ; 5.77521 ; 4.42789 ; -7.01307
3.09228 ; 2.45419 ; 6.17993 ; 6.08028
3.11088 ; 7.9325 ; 0.198995 ; -4.07896
3.31476 ; 2.49273 ; -1.71196 ; -0.999297
4.36318 ; 4.05862 ; 7.25064 ; 7.18427
2.91535 ; 7.78102 ; 4.65574 ; -4.59905
3.00837 ; 6.09074 ; 1.22465 ; -7.16226
2.85952 ; 2.20584 ; 3.04097 ; 3.51671
2.79096 ; 2.34447 ; 4.61124 ; 1.76151
4.64341 ; 4.63872 ; -4.99632 ; -5.76674
2.88063 ; 7.83345 ; 3.60977 ; -3.78045
3.02325 ; 2.64503 ; 2.89512 ; 7.43468
2.97747 ; 7.7326 ; 5.0064 ; -5.47062
3.08005 ; 7.62056 ; 6.00474 ; -6.00401
8.51478 ; 2.21386 ; -2.25073 ; 2.63362
5.48964 ; 4.89927 ; -5.99666 ; -5.99826
2.88464 ; 2.21714 ; 3.58984 ; 4.39394
8.23458 ; 2.17851 ; 0.474184 ; 1.59626
3.33221 ; 2.1766 ; -1.49729 ; 1.25075
8.41656 ; 2.39703 ; -0.279965 ; -0.0464381
2.98892 ; 7.91691 ; 1.1101 ; -3.01845
5.64446 ; 7.73458 ; -6.05954 ; -0.0576012
2.84128 ; 2.2269 ; 3.42446 ; 3.43393
8.55146 ; 7.08625 ; -0.738665 ; 2.56996
8.57419 ; 7.83117 ; -2.73962 ; -2.25392
8.52312 ; 2.24061 ; -3.71716 ; 3.93299
2.88163 ; 4.15783 ; 0.590826 ; -5.06587
4.07208 ; 7.8181 ; -3.71559 ; -0.249474
8.38744 ; 7.65841 ; -4.96272 ; -6.27372
8.47828 ; 7.74411 ; -0.823453 ; -0.529572
2.80084 ; 2.27158 ; 3.71069 ; 2.56078
8.44223 ; 2.24551 ; -3.28021 ; 5.3785
2.88437 ; 7.80337 ; 4.24268 ; -4.09871
8.63138 ; 7.43983 ; -1.9564 ; 1.09607
5.09636 ; 4.65782 ; 6.70781 ; 6.6419
3.04563 ; 2.37422 ; 6.36429 ; 4.78988
8.60634 ; 2.43967 ; -2.23672 ; 0.166763
2.91685 ; 2.28508 ; 4.64898 ; 5.05933
2.91096 ; 2.2661 ; 4.34757 ; 5.01632
8.46982 ; 7.77853 ; -4.81232 ; -4.99601
8.3246 ; 2.68493 ; -4.33905 ; 7.43634
8.50192 ; 7.81349 ; -4.40178 ; -4.58514
8.32709 ; 2.44786 ; -5.84361 ; 6.17642
3.70615 ; 2.11677 ; -2.75656 ; 1.92153
8.3656 ; 2.14176 ; -0.753004 ; 2.92237
2.85287 ; 7.81446 ; 2.292 ; -2.03456
3.74438 ; 2.54306 ; -3.06811 ; -1.43403
8.58411 ; 7.82309 ; -2.96222 ; -2.28078
8.58473 ; 7.80527 ; -4.07196 ; -2.85766
4.74898 ; 7.75628 ; -4.94096 ; 0.170359
7.73761 ; 3.13335 ; -7.28352 ; 7.55916
2.75953 ; 7.62912 ; 3.14817 ; -0.497759
8.34547 ; 7.65052 ; -5.86356 ; -5.89276
2.85923 ; 7.69344 ; 5.45509 ; -2.02218
2.91201 ; 2.21685 ; 3.37457 ; 4.8908
3.44477 ; 7.91319 ; -1.87225 ; -1.47112
3.09065 ; 2.15821 ; -0.150731 ; 1.97174
8.5179 ; 7.87808 ; -3.12271 ; -3.85243
2.89664 ; 7.78386 ; 4.59484 ; -4.32359
8.52166 ; 7.8499 ; -3.76507 ; -4.14337
2.93208 ; 7.77435 ; 4.74813 ; -4.83933
8.39487 ; 7.60739 ; -3.79451 ; -6.79211
7.51599 ; 7.93332 ; 3.21725 ; -1.64451
7.23011 ; 3.51707 ; -7.08352 ; -4.2247
7.7498 ; 7.97593 ; 2.52837 ; -2.66879
6.80932 ; 7.58544 ; -7.28368 ; -4.49029
8.54999 ; 7.78244 ; -1.75477 ; -1.16921
8.4198 ; 2.15452 ; -1.35418 ; 3.15467
8.53206 ; 2.80161 ; -0.709576 ; -1.93621
2.91673 ; 5.1188 ; 1.44468 ; -6.29541
8.50454 ; 2.20059 ; -2.65215 ; 3.39604
8.50713 ; 7.80908 ; -1.34681 ; -1.27232
8.47803 ; 7.77834 ; -4.85894 ; -4.86056
3.11919 ; 2.21223 ; -0.483286 ; 1.18663
8.45601 ; 7.75739 ; -5.07304 ; -5.09679
7.85009 ; 2.40426 ; -7.56256 ; 2.2735
8.43078 ; 7.8985 ; -0.95175 ; -2.17348
8.52578 ; 7.77567 ; -1.42236 ; -0.992102
8.62528 ; 7.74881 ; -3.78918 ; -1.64607
7.81075 ; 7.67188 ; -7.56637 ; -1.75361
8.47898 ; 7.78252 ; -4.79643 ; -4.86305
8.44735 ; 2.26702 ; -3.75725 ; 5.43575
8.49938 ; 2.24071 ; -3.83513 ; 4.4205
8.54277 ; 2.23647 ; -3.28259 ; 3.24747
8.47677 ; 7.8975 ; -2.57216 ; -4.29173
4.47372 ; 2.525 ; 7.38994 ; 4.87915
8.5362 ; 7.86852 ; -2.30758 ; -2.53455
3.43749 ; 5.96477 ; 6.31066 ; -7.18379
2.76644 ; 6.77927 ; 1.60988 ; 3.36915
6.56309 ; 7.88539 ; 5.10216 ; -2.43291
2.99014 ; 7.70863 ; 5.42725 ; -5.40363
3.20446 ; 2.27277 ; -1.04161 ; 0.486188
2.78789 ; 2.32714 ; 2.5875 ; 1.17806
8.59803 ; 2.79455 ; -1.41563 ; -1.83452
3.47374 ; 7.21379 ; 7.16177 ; -7.22118
5.93079 ; 2.24448 ; 5.90085 ; 1.20504
4.06261 ; 6.37231 ; -4.00621 ; -7.05987
8.51107 ; 7.81449 ; -4.40887 ; -4.44135
8.55235 ; 2.96662 ; -0.792414 ; -2.4967
8.56262 ; 7.84713 ; -2.70234 ; -2.47123
8.52515 ; 7.82722 ; -4.18115 ; -4.18761
2.93501 ; 2.16619 ; 2.26496 ; 4.39334
2.87158 ; 7.79956 ; 4.2338 ; -3.88241
2.88332 ; 2.18435 ; 2.65794 ; 3.65857
8.50754 ; 5.9957 ; -4.16374 ; 5.04332
8.4462 ; 7.7509 ; -5.10822 ; -5.22363
8.52146 ; 7.82801 ; -4.18098 ; -4.24992
8.63396 ; 3.22033 ; -3.94235 ; -3.17294
8.48757 ; 2.23899 ; -3.8112 ; 4.62037
3.32079 ; 7.91563 ; -1.34211 ; -1.65777
2.92946 ; 7.77659 ; 4.71792 ; -4.80191
3.28613 ; 2.44128 ; 7.26732 ; 4.87982
2.81289 ; 5.78549 ; 2.36979 ; 5.27232
7.90028 ; 6.10803 ; 2.63455 ; 4.81803
8.41958 ; 7.91689 ; -0.946701 ; -2.48254
3.04857 ; 7.65114 ; 5.80337 ; -5.85634
3.05351 ; 2.4329 ; 5.81165 ; 6.13918
8.50483 ; 2.27405 ; -4.42024 ; 4.47106
8.50893 ; 2.27388 ; -4.41399 ; 4.39497
3.15493 ; 2.21995 ; -0.706927 ; 1.04105
2.8512 ; 2.2305 ; 3.70956 ; 3.82572
2.94344 ; 7.75344 ; 5.00423 ; -4.95736
8.08544 ; 6.5291 ; -5.83398 ; -7.56529
8.5565 ; 7.849 ; -3.46906 ; -3.31734
2.84158 ; 2.23032 ; 2.35339 ; 2.29836
8.42936 ; 7.7327 ; -5.27837 ; -5.36084
8.20144 ; 7.85495 ; 0.838316 ; -0.994635
8.57833 ; 7.76309 ; -2.0828 ; -1.10296
8.50965 ; 2.23899 ; -3.78442 ; 4.21118
3.93206 ; 3.58947 ; -3.71724 ; -4.2616
2.88463 ; 2.19877 ; 3.17588 ; 4.14963
2.92854 ; 7.77958 ; 4.67634 ; -4.78523
2.83102 ; 2.23098 ; 3.2413 ; 3.06323
8.46357 ; 2.26994 ; -4.16943 ; 5.15054
8.37345 ; 2.15097 ; -0.754286 ; 2.70447
2.86688 ; 3.20149 ; 0.41376 ; -3.20298
7.93213 ; 7.81964 ; 2.03757 ; -0.434463
8.59752 ; 7.80635 ; -3.50185 ; -2.37926
8.52733 ; 7.12813 ; -0.537528 ; 2.45855
4.96242 ; 7.59475 ; -5.19548 ; 1.16635
3.23639 ; 2.63867 ; -1.48874 ; -1.59289
8.41296 ; 6.03409 ; -1.45612 ; -7.12877
4.90361 ; 2.41898 ; 6.84112 ; -0.204725
8.3731 ; 4.39831 ; -0.392721 ; 6.796
5.9878 ; 5.16298 ; 5.93283 ; -6.34382
2.8846 ; 7.76787 ; 4.87078 ; -3.95463
7.85923 ; 7.70294 ; 2.34569 ; 0.191161
2.87958 ; 7.75372 ; 5.11333 ; -3.55671
5.50167 ; 7.56247 ; -6.08141 ; -5.29839
