3.35415 ; 3.44365 ; 5.00113 ; 7.57543
3.23082 ; 7.3731 ; 4.68609 ; -6.47868
3.07476 ; 7.62919 ; 3.61973 ; -4.09626
7.94421 ; 7.24451 ; -6.64347 ; -6.62019
3.79303 ; 3.09054 ; 7.32689 ; 7.12805
7.93799 ; 7.22863 ; -6.61776 ; -6.71238
3.30411 ; 2.71609 ; 5.92137 ; 6.37232
3.64713 ; 6.92245 ; 6.88371 ; -7.32026
3.37711 ; 7.70111 ; -1.30864 ; -4.66897
3.15588 ; 2.55143 ; 4.80486 ; 5.42956
3.20603 ; 2.98428 ; 3.72602 ; 7.43293
7.29576 ; 3.16038 ; -7.46984 ; 7.00941
8.37934 ; 6.17069 ; -0.14124 ; 4.85394
5.47397 ; 7.4992 ; 6.56369 ; -3.81365
5.05191 ; 7.59988 ; -5.5306 ; 0.866337
7.11949 ; 2.59906 ; -7.46063 ; 3.5783
8.46654 ; 7.48663 ; -2.73965 ; 0.545911
3.06335 ; 2.45285 ; 4.69875 ; 3.2764
3.49154 ; 3.02959 ; 6.4533 ; 7.3053
4.64099 ; 2.54639 ; 7.25764 ; 3.1758
3.44296 ; 2.85044 ; 6.56318 ; 6.79781
8.01983 ; 2.77722 ; -6.28543 ; 6.4797
3.17348 ; 2.56803 ; 5.04733 ; 5.48914
7.48133 ; 2.95685 ; -7.48849 ; 6.53166
8.30396 ; 2.35319 ; -1.5163 ; 3.57907
3.71736 ; 7.57724 ; -2.88063 ; -5.43434
3.737 ; 7.28 ; 7.4367 ; -5.72298
3.65482 ; 7.22668 ; 7.28234 ; -6.21143
7.85572 ; 7.15053 ; -6.85932 ; -6.89193
6.55992 ; 4.56823 ; -6.96325 ; 6.77078
3.0977 ; 2.48587 ; 3.60021 ; 5.21333
3.22268 ; 7.54214 ; 6.13429 ; -3.38617
3.07934 ; 2.46033 ; 3.87913 ; 4.6059
3.44621 ; 6.45179 ; 5.46126 ; -7.46801
8.40021 ; 7.64891 ; -1.45507 ; -0.725526
3.21351 ; 7.48435 ; 5.33959 ; -5.31848
8.05068 ; 7.55897 ; 1.69226 ; 0.858261
8.32776 ; 7.64135 ; -3.83847 ; -4.15221
8.16774 ; 2.62617 ; -5.20997 ; 5.89799
7.32008 ; 6.60194 ; 4.11351 ; -7.07881
7.95018 ; 7.11087 ; -6.28638 ; -7.15625
8.16934 ; 2.62059 ; -5.27482 ; 5.80226
7.38978 ; 6.84032 ; -7.41355 ; -7.18187
8.27075 ; 7.59443 ; -5.4782 ; -3.37643
8.05483 ; 2.8906 ; -5.50711 ; 7.13257
8.3395 ; 7.64704 ; -3.91156 ; -3.81596
3.38521 ; 7.31928 ; 6.37828 ; -6.22638
8.32717 ; 7.64289 ; -3.75173 ; -4.20167
8.41321 ; 7.30814 ; -0.68793 ; 1.84514
3.47923 ; 7.2196 ; 6.65864 ; -6.66095
8.38038 ; 7.67977 ; -3.23494 ; -2.86801
3.46737 ; 7.23371 ; 6.63972 ; -6.59653
8.21829 ; 7.52603 ; -5.2873 ; -5.13478
7.99971 ; 2.8025 ; -6.33696 ; 6.60382
4.48418 ; 4.76063 ; 7.04647 ; 6.64202
8.17177 ; 2.70243 ; -4.52786 ; 6.59705
3.32834 ; 7.35749 ; 5.9213 ; -6.23252
8.22203 ; 2.56495 ; -4.59545 ; 5.5737
3.35306 ; 7.34486 ; 6.15021 ; -6.19996
3.08379 ; 2.46676 ; 4.03361 ; 4.61393
4.18588 ; 7.02841 ; 7.49142 ; -6.55244
8.10858 ; 7.41078 ; -5.98123 ; -5.93121
8.17779 ; 2.61427 ; -5.12129 ; 5.82617
3.72022 ; 7.79226 ; -2.90008 ; -2.71388
3.61973 ; 3.03639 ; 6.99086 ; 7.18457
6.61996 ; 2.45774 ; 5.20526 ; 4.18393
3.07253 ; 7.6149 ; 4.22197 ; -3.66034
3.18849 ; 7.50695 ; 5.01065 ; -5.2729
8.32298 ; 7.6416 ; -3.68253 ; -4.3331
8.07379 ; 3.17156 ; -4.77798 ; 7.54481
4.14196 ; 7.77935 ; -4.02748 ; -2.45966
5.22574 ; 7.60932 ; 6.7308 ; -0.691772
3.23042 ; 7.46738 ; 5.44568 ; -5.46138
7.24106 ; 4.58324 ; 4.3655 ; 6.6139
8.44199 ; 2.50898 ; -2.76506 ; 0.262058
3.39004 ; 2.79859 ; 6.36746 ; 6.64425
3.10919 ; 7.58323 ; 4.87954 ; -3.81
3.02569 ; 7.66966 ; 2.93441 ; -2.93902
3.18751 ; 7.51968 ; 5.45692 ; -4.6704
3.08332 ; 2.46442 ; 5.19077 ; 2.7185
3.3291 ; 3.67135 ; 4.67658 ; 7.48418
3.2534 ; 2.66764 ; 5.53731 ; 6.20667
8.28261 ; 2.48246 ; -3.85938 ; 4.8786
8.20193 ; 7.50321 ; -5.30082 ; -5.43013
3.20935 ; 2.60204 ; 5.428 ; 5.64832
5.02489 ; 7.71102 ; -5.49882 ; -0.550645
3.10216 ; 2.49412 ; 3.47274 ; 5.37985
3.23384 ; 2.2983 ; -0.68806 ; 2.32227
3.24368 ; 2.83456 ; -0.284706 ; 7.10794
7.99011 ; 2.81413 ; -6.36006 ; 6.66017
8.15855 ; 2.64214 ; -5.21235 ; 6.04086
8.435 ; 6.55609 ; -1.59453 ; 4.14183
3.11022 ; 7.58187 ; 4.9118 ; -3.79316
3.44412 ; 7.30355 ; 6.72999 ; -6.1225
7.48164 ; 7.05663 ; -7.46247 ; -6.74871
3.41894 ; 2.82699 ; 6.48306 ; 6.72866
7.93952 ; 4.74021 ; 2.60182 ; -5.94937
8.25576 ; 7.47197 ; -3.37884 ; -6.25866
6.92859 ; 7.46114 ; -7.36593 ; -3.88795
3.24366 ; 2.63092 ; 5.76794 ; 5.74627
8.05165 ; 2.75518 ; -6.0267 ; 6.48168
3.20823 ; 7.48502 ; 5.12319 ; -5.48399
7.14348 ; 7.527 ; -7.46181 ; -2.99642
3.15778 ; 6.49074 ; 1.67681 ; -7.42758
8.45694 ; 3.72463 ; -1.91412 ; -4.52989
8.12888 ; 7.42254 ; -5.76025 ; -5.96805
5.01805 ; 2.91627 ; -5.59203 ; 6.25881
8.33458 ; 2.46507 ; -4.81309 ; 2.41432
2.95993 ; 3.27724 ; 3.52055 ; -3.55541
2.93444 ; 3.35597 ; 2.85651 ; -3.74861
3.1745 ; 2.33147 ; -0.243911 ; 2.57006
6.83434 ; 2.34139 ; 4.8308 ; 0.359306
3.11938 ; 2.49506 ; 5.06773 ; 4.26575
3.04711 ; 7.61701 ; 4.32485 ; -2.86566
4.59002 ; 2.64582 ; 7.30614 ; 4.26785
3.04816 ; 2.43069 ; 3.82261 ; 3.83639
3.29338 ; 7.40434 ; 5.83185 ; -5.90182
8.40431 ; 7.5625 ; -4.47558 ; -0.608285
3.43808 ; 6.84586 ; 5.72769 ; -7.49643
8.39556 ; 2.47414 ; -4.14543 ; 1.3087
3.14619 ; 2.54892 ; 4.46881 ; 5.5864
8.07265 ; 2.3353 ; 1.34192 ; 0.82347
6.72545 ; 3.53746 ; -6.93611 ; -4.42915
5.12506 ; 3.73703 ; 6.88204 ; 7.11908
8.17906 ; 3.43003 ; 1.51643 ; -4.02041
8.09218 ; 6.86759 ; -4.77142 ; -7.53249
3.19249 ; 2.56245 ; 5.58408 ; 5.04625
7.96739 ; 7.26429 ; -6.55104 ; -6.57284
8.18684 ; 7.33657 ; -4.44962 ; -6.76516
8.23421 ; 2.58417 ; -3.71615 ; 6.04957
3.29327 ; 7.4036 ; 5.80412 ; -5.93125
3.57298 ; 6.07649 ; 5.96034 ; -7.25506
8.04567 ; 2.76263 ; -6.0478 ; 6.51942
8.07251 ; 2.65578 ; -6.32961 ; 5.51245
3.93231 ; 7.76218 ; -3.50878 ; -3.33919
5.98972 ; 7.56847 ; -6.53543 ; 0.710364
8.15157 ; 2.63496 ; -5.53603 ; 5.78148
3.15016 ; 2.5513 ; 4.58341 ; 5.55797
3.21873 ; 2.61527 ; 5.43332 ; 5.795
3.41335 ; 2.77204 ; 6.61321 ; 6.37479
3.01641 ; 7.62246 ; 4.00052 ; -2.26926
3.5008 ; 2.86223 ; 6.8391 ; 6.71567
3.18684 ; 2.30116 ; -0.359996 ; 2.31332
3.30224 ; 6.01048 ; 4.30646 ; -7.20073
3.27002 ; 7.4439 ; 5.96014 ; -5.34279
3.32621 ; 3.54733 ; 4.72103 ; 7.54115
5.85308 ; 2.47962 ; 6.18107 ; 3.5444
8.25924 ; 2.51179 ; -4.83616 ; 4.61189
7.99865 ; 7.24759 ; -6.2719 ; -6.76172
7.9289 ; 7.23224 ; -6.6983 ; -6.65074
8.2036 ; 7.51683 ; 0.915234 ; 0.985191
2.96982 ; 5.90337 ; 0.891487 ; 5.28042
7.92954 ; 7.22007 ; -6.64766 ; -6.73584
7.06587 ; 3.94297 ; -7.23667 ; 7.23624
3.22423 ; 2.61863 ; 5.54196 ; 5.76016
3.1737 ; 2.54048 ; 5.51466 ; 4.7523
7.99254 ; 7.28332 ; -6.43199 ; -6.53434
3.00283 ; 7.67963 ; 1.98878 ; -1.80941
3.416 ; 7.28854 ; 6.49706 ; -6.3667
8.37454 ; 7.63169 ; -4.4362 ; -2.22906
3.37384 ; 2.79024 ; 6.25991 ; 6.64923
8.23669 ; 7.30331 ; -3.08609 ; -6.97379
3.39771 ; 3.96018 ; 5.09926 ; 7.30855
3.05805 ; 2.42461 ; 3.24358 ; 4.31271
3.06926 ; 2.39724 ; 2.19881 ; 4.45257
3.68719 ; 2.58922 ; 7.47401 ; 3.59262
7.28077 ; 6.25286 ; -7.2102 ; -7.3097
8.21499 ; 2.57889 ; -4.55699 ; 5.74557
3.73731 ; 3.23692 ; 7.08865 ; 7.41684
7.19614 ; 6.65453 ; -7.39097 ; -7.27211
7.66352 ; 2.82644 ; -7.39943 ; 6.06177
3.41944 ; 2.82803 ; 6.47902 ; 6.73781
3.06972 ; 7.65021 ; 3.05457 ; -4.12219
3.39347 ; 6.98465 ; -2.26998 ; 3.2387
3.23712 ; 2.63582 ; 5.5717 ; 5.91794
8.06927 ; 7.64305 ; 1.47872 ; 0.174775
8.19666 ; 7.77088 ; 0.366159 ; -2.30231
8.02484 ; 2.7737 ; -6.24639 ; 6.47955
7.93861 ; 7.78699 ; 1.86109 ; -2.88794
5.85011 ; 5.1204 ; 6.17024 ; -6.36952
8.24375 ; 2.50761 ; -5.42244 ; 3.93836
8.07138 ; 7.31792 ; -5.88214 ; -6.57479
3.02792 ; 7.6508 ; 3.43424 ; -2.97971
3.32084 ; 7.38104 ; 6.06134 ; -5.9476
3.08822 ; 7.60094 ; 4.49064 ; -3.78525
8.07392 ; 6.98181 ; 1.22166 ; -7.18007
8.38412 ; 7.64859 ; -4.01022 ; -2.45098
8.18685 ; 2.58487 ; -5.49128 ; 5.22482
8.23916 ; 7.54657 ; -5.09183 ; -4.97797
3.11598 ; 7.58322 ; 3.90909 ; -4.88763
7.5997 ; 2.86922 ; -7.44468 ; 6.23757
3.19399 ; 2.29787 ; -0.328672 ; 2.68227
8.27788 ; 7.58624 ; -4.84968 ; -4.47115
3.05073 ; 7.62473 ; 4.10375 ; -3.20464
8.15895 ; 3.91394 ; -3.49219 ; 7.31348
7.90572 ; 7.78373 ; 2.06761 ; -1.79376
3.46474 ; 7.23621 ; 6.62281 ; -6.59445
3.42152 ; 7.18059 ; 6.15963 ; -6.96273
7.98263 ; 2.81453 ; -6.44312 ; 6.61359
8.06787 ; 7.37906 ; -6.23574 ; -6.04187
3.79413 ; 6.90899 ; 7.24573 ; -7.21848
7.92392 ; 2.89062 ; -6.57955 ; 6.89609
8.04783 ; 3.48867 ; -4.74149 ; 7.54799
3.76075 ; 2.30741 ; -3.01287 ; 3.51702
7.9729 ; 7.26813 ; -6.52108 ; -6.57048
8.18971 ; 7.5035 ; -5.60073 ; -5.21384
7.79545 ; 3.01874 ; -6.91821 ; 7.13703
8.18847 ; 2.59801 ; -5.13882 ; 5.63508
3.81354 ; 3.09064 ; 7.35633 ; 7.10677
6.90968 ; 3.05187 ; 4.83895 ; 6.71151
3.36713 ; 7.32703 ; 6.18219 ; -6.31161
3.27187 ; 5.65953 ; -1.88018 ; 5.59229
3.12853 ; 7.64562 ; 1.42412 ; -5.01414
2.92142 ; 7.44497 ; 2.70961 ; 0.765935
8.28164 ; 7.58624 ; -2.19358 ; -5.62501
7.64206 ; 7.78119 ; 2.99983 ; -2.80575
8.19734 ; 7.48451 ; -5.12399 ; -5.73496
8.04571 ; 2.76264 ; -6.04924 ; 6.52069
8.04155 ; 7.33979 ; -6.26927 ; -6.29891
8.26206 ; 7.5703 ; -4.91645 ; -4.72861
8.0921 ; 7.3928 ; -6.04678 ; -6.05147
4.34772 ; 2.34462 ; -4.45467 ; 3.29826
3.46183 ; 7.2415 ; 6.64098 ; -6.54854
3.33844 ; 7.78277 ; -1.31933 ; -2.27108
3.07495 ; 2.46028 ; 4.36982 ; 4.10584
3.13179 ; 7.56501 ; 4.32328 ; -4.8995
5.0757 ; 7.66043 ; -5.6023 ; -3.26364
8.30592 ; 2.46099 ; -4.11282 ; 4.18685
3.14827 ; 7.54738 ; 4.59038 ; -4.98512
3.50608 ; 2.314 ; -2.04455 ; 3.88351
4.6299 ; 3.4538 ; 6.98615 ; -4.27608
8.22721 ; 6.67792 ; -2.58819 ; -7.52405
8.43923 ; 2.98694 ; -0.861749 ; -2.7191
4.32288 ; 7.76348 ; -4.38119 ; -2.6451
8.40908 ; 4.21246 ; -0.746222 ; -5.31278
8.24179 ; 3.53751 ; 1.16857 ; -4.20864
7.95907 ; 2.84463 ; -6.5008 ; 6.73911
6.76733 ; 2.37509 ; 4.95878 ; 3.4463
4.97584 ; 2.53724 ; 7.00377 ; 3.35921
8.18296 ; 7.4726 ; -5.30656 ; -5.75729
3.58856 ; 7.11278 ; 6.96063 ; -6.91747
7.95655 ; 2.85505 ; -6.46713 ; 6.80405
3.32407 ; 2.73217 ; 6.06066 ; 6.40961
3.57692 ; 3.63435 ; 6.57295 ; -4.49932
4.24641 ; 7.46488 ; 7.4718 ; -3.56666
8.21302 ; 2.5727 ; -4.82659 ; 5.53195
3.45558 ; 4.48533 ; 5.81111 ; -5.77506
8.09776 ; 2.69265 ; -5.89491 ; 6.10127
3.59178 ; 7.10539 ; 6.95213 ; -6.94923
8.0738 ; 2.63862 ; 0.752914 ; 6.50596
3.13573 ; 2.34142 ; -0.171745 ; 1.26699
6.03796 ; 2.36965 ; 5.93442 ; 1.89814
8.13447 ; 2.64926 ; -5.73614 ; 5.79436
7.81519 ; 2.5349 ; -7.31065 ; 1.95049
3.95856 ; 2.51528 ; 7.53553 ; 1.83251
3.36132 ; 2.64365 ; 6.64096 ; 5.3468
7.88863 ; 2.92371 ; -6.69365 ; 6.96275
8.03616 ; 3.72612 ; 1.61171 ; 7.25679
8.47763 ; 2.83601 ; -2.18343 ; -2.03368
8.06849 ; 6.98603 ; -5.1621 ; -7.4478
3.08049 ; 2.43037 ; 2.47822 ; 4.90533
3.4419 ; 2.39106 ; -1.81614 ; 4.33769
3.27792 ; 7.41931 ; 5.71344 ; -5.83481
8.13927 ; 2.64154 ; -5.74248 ; 5.7076
3.34521 ; 2.74233 ; 6.23156 ; 6.38696
3.07274 ; 2.44582 ; 3.4135 ; 4.66009
3.0842 ; 2.45851 ; 3.23621 ; 4.99068
3.47949 ; 7.22116 ; 6.68134 ; -6.63538
7.82461 ; 7.11018 ; -6.90961 ; -6.9914
8.26544 ; 7.5862 ; -5.38287 ; -3.83438
3.21276 ; 7.665 ; -0.879985 ; -0.218981
5.64802 ; 7.60821 ; 6.32236 ; 0.145014
7.98849 ; 2.81613 ; -6.37132 ; 6.66518
3.42901 ; 7.26552 ; 6.46441 ; -6.52984
6.72984 ; 2.57816 ; -7.22572 ; 3.45754
8.30541 ; 2.44583 ; -3.41821 ; 4.50456
4.81214 ; 7.48722 ; 7.12126 ; -3.42336
3.71954 ; 6.1059 ; 6.65607 ; 5.09414
8.10494 ; 6.97395 ; -4.76237 ; -7.47275
3.0845 ; 7.45363 ; 5.4971 ; 0.268415
3.0715 ; 2.43293 ; 2.95414 ; 4.7049
7.81365 ; 7.10728 ; -6.9476 ; -6.98288
8.20958 ; 7.50367 ; -5.08544 ; -5.55272
3.99923 ; 3.37751 ; 7.36275 ; 7.3849
3.18734 ; 7.51165 ; 5.229 ; -5.00733
8.30927 ; 7.73773 ; -0.622116 ; -1.88078
3.09542 ; 7.60472 ; 4.00823 ; -4.36345
7.6004 ; 2.67018 ; -7.51212 ; 4.65305
7.8898 ; 7.1101 ; -6.62572 ; -7.08424
8.45008 ; 3.78037 ; -2.27774 ; -4.62661
3.01555 ; 4.95889 ; 1.62464 ; -5.94148
7.85374 ; 7.49884 ; -7.28019 ; -3.87352
3.55936 ; 7.131 ; 6.85851 ; -6.91044
3.57683 ; 7.12338 ; 6.9298 ; -6.89788
8.02355 ; 7.32313 ; -6.35622 ; -6.35253
3.20881 ; 2.59846 ; 5.48838 ; 5.56473
6.40267 ; 7.65245 ; 5.49806 ; -3.17039
7.94125 ; 7.23504 ; -6.62215 ; -6.67872
3.33569 ; 2.72209 ; 6.24229 ; 6.24469
6.66362 ; 3.95383 ; -7.11575 ; 7.1626
3.61454 ; 3.01703 ; 7.00456 ; 7.13584
8.1846 ; 2.59964 ; -5.28715 ; 5.54802
8.38248 ; 7.62484 ; -3.92956 ; -2.52176
8.10697 ; 4.18862 ; -4.11596 ; 7.12457
3.35389 ; 7.34327 ; 6.13874 ; -6.22198
3.14443 ; 3.56087 ; 5.02886 ; -4.26362
3.20554 ; 7.49295 ; 5.32617 ; -5.20677
7.94366 ; 2.87183 ; -6.5015 ; 6.85791
3.11857 ; 7.68012 ; 1.33707 ; -4.54065
3.11169 ; 2.4797 ; 5.24556 ; 3.62671
8.10976 ; 2.7474 ; -5.33303 ; 6.65883
8.14026 ; 7.46488 ; -5.96395 ; -5.4342
3.39538 ; 2.67786 ; 6.73326 ; 5.62271
5.58632 ; 6.98193 ; -6.26544 ; -6.39029
8.21599 ; 2.59026 ; -4.36264 ; 5.92007
8.35126 ; 7.68816 ; -0.861211 ; -1.0294
3.92787 ; 3.47982 ; 7.23191 ; 7.45264
3.47437 ; 7.06557 ; 6.28531 ; -7.21764
7.65663 ; 5.68414 ; -6.44204 ; -6.96759
3.10442 ; 2.31678 ; 0.504298 ; 2.71977
6.72061 ; 4.00536 ; -7.13557 ; 7.15186
3.51701 ; 2.92543 ; 6.77579 ; 6.97935
7.94971 ; 2.85474 ; -6.53049 ; 6.77193
8.21746 ; 2.55796 ; -5.16556 ; 5.08866
3.50286 ; 7.19077 ; 6.71421 ; -6.7584
7.85221 ; 7.66879 ; 2.19622 ; -4.88634
7.74807 ; 4.49987 ; -6.35529 ; -5.80651
8.25707 ; 2.53239 ; -3.11333 ; 5.77741
8.24985 ; 7.53725 ; -4.45688 ; -5.47689
8.21156 ; 2.83288 ; -1.61929 ; 7.15952
8.07886 ; 2.71944 ; -5.93433 ; 6.29158
3.2568 ; 7.44604 ; 5.76222 ; -5.469
8.11403 ; 7.4067 ; -5.84514 ; -6.0571
8.01151 ; 2.5486 ; -6.88165 ; 3.36276
8.23092 ; 6.6604 ; -0.540103 ; -7.44834
7.59019 ; 2.69562 ; -7.51193 ; 4.93183
5.6597 ; 6.87788 ; -6.34149 ; -6.59563
8.15369 ; 3.25002 ; -3.59719 ; 7.5706
3.39068 ; 7.31042 ; 6.35013 ; -6.31959
8.08038 ; 7.3812 ; -6.10904 ; -6.10533
3.72351 ; 2.41272 ; -3.04834 ; -0.411224
3.15156 ; 7.53175 ; 4.20359 ; -5.42486
3.25917 ; 7.43789 ; 5.62626 ; -5.68391
7.66267 ; 2.27519 ; 2.93 ; 1.70857
2.97509 ; 7.01043 ; 4.172 ; 2.84684
3.03905 ; 4.95108 ; 1.29383 ; 6.41987
3.89505 ; 2.69389 ; 7.56931 ; 4.92834
8.09692 ; 7.39014 ; -5.95324 ; -6.12896
8.02505 ; 7.31021 ; -6.27292 ; -6.47136
3.13303 ; 2.53814 ; 4.17065 ; 5.59854
7.83424 ; 2.97609 ; -6.84063 ; 7.05934
3.53479 ; 2.94149 ; 6.82471 ; 7.00928
3.65752 ; 4.71574 ; 6.19208 ; 6.70645
7.88064 ; 6.19431 ; 2.7852 ; 4.85877
8.19773 ; 5.36486 ; -3.85964 ; -6.6751
3.53919 ; 2.31396 ; -2.19563 ; 3.8613
3.23077 ; 7.4666 ; 5.45412 ; -5.46497
3.19761 ; 2.56367 ; 5.66325 ; 5.00424
3.28282 ; 7.41529 ; 5.77825 ; -5.82607
3.21188 ; 3.53679 ; 3.39037 ; 7.53576
3.49038 ; 7.71483 ; -1.93613 ; -4.45903
7.60945 ; 5.02875 ; 3.57613 ; 6.24955
8.43907 ; 2.49935 ; -3.08686 ; 0.422729
3.14202 ; 7.55511 ; 4.69086 ; -4.76142
8.20819 ; 2.57385 ; -5.05601 ; 5.38953
3.27614 ; 7.33878 ; 5.21215 ; -6.54732
8.24838 ; 7.56495 ; -5.31776 ; -4.44601
8.12852 ; 7.43014 ; -5.85788 ; -5.83552
8.37903 ; 2.40187 ; -3.05857 ; 2.54046
8.16439 ; 7.47513 ; -5.72167 ; -5.47729
8.11108 ; 2.68899 ; -5.67551 ; 6.19919
7.97456 ; 7.27468 ; -6.54307 ; -6.52057
7.61584 ; 2.80751 ; -7.45909 ; 5.86683
4.66436 ; 4.66376 ; 7.02528 ; 6.71199
4.67021 ; 4.03333 ; -5.11018 ; -5.16861
8.09719 ; 7.74951 ; 0.876185 ; -3.99133
8.39631 ; 2.4434 ; -3.74168 ; 1.76666
3.51649 ; 7.18596 ; 6.79119 ; -6.7328
8.2923 ; 7.59271 ; -3.31312 ; -5.30762
7.91738 ; 5.57627 ; 2.56222 ; -6.71136
8.20406 ; 2.58806 ; -4.77712 ; 5.73835
8.00896 ; 2.93537 ; -5.83193 ; 7.19591
8.46594 ; 7.41157 ; -3.36406 ; 1.002
8.00738 ; 7.10301 ; -5.88133 ; -7.2343
8.3399 ; 7.67924 ; -2.88964 ; -3.99806
3.20091 ; 2.59191 ; 5.38778 ; 5.55346
3.31856 ; 7.38341 ; 6.03993 ; -5.94303
3.27382 ; 2.6708 ; 5.86268 ; 6.06161
7.58482 ; 2.85358 ; -7.46551 ; 6.12459
3.26537 ; 7.53886 ; 6.43091 ; -2.97581
3.1561 ; 2.53394 ; 5.25528 ; 4.84398
8.1171 ; 2.68636 ; -5.57363 ; 6.22898
3.07469 ; 7.69668 ; 1.88157 ; -3.79895
6.88023 ; 2.37241 ; 4.77323 ; 3.56402
8.35329 ; 7.72759 ; -1.70824 ; -2.72744
3.14719 ; 2.54042 ; 4.77639 ; 5.29245
5.06832 ; 5.22849 ; -5.66584 ; 6.10335
3.89784 ; 7.56412 ; -3.45215 ; -5.34946
3.57806 ; 2.95958 ; 6.96874 ; 7.00008
3.48607 ; 2.82985 ; 6.83965 ; 6.56612
8.09822 ; 7.4031 ; -6.0609 ; -5.94927
8.10506 ; 2.70518 ; -5.61832 ; 6.34662
3.00408 ; 2.43756 ; 0.918514 ; 0.376099
8.1924 ; 2.82205 ; -3.6223 ; 7.09979
7.9506 ; 2.4091 ; 1.61213 ; 5.09488
8.43941 ; 7.55846 ; -3.73118 ; -0.345401
3.15238 ; 7.54577 ; 4.96168 ; -4.6714
7.98067 ; 2.82094 ; -6.42678 ; 6.65905
8.41803 ; 7.65705 ; -2.13777 ; -1.12575
8.17252 ; 2.61738 ; -5.25604 ; 5.77477
3.9975 ; 7.24303 ; 7.54679 ; -5.69255
3.76396 ; 5.42501 ; 6.46872 ; -6.74706
8.29833 ; 7.60928 ; -4.1109 ; -4.68117
3.38738 ; 7.32408 ; 6.4317 ; -6.1555
3.00009 ; 7.67505 ; 1.88972 ; -1.62577
3.3324 ; 2.73571 ; 6.13919 ; 6.38915
3.11987 ; 2.5112 ; 4.35401 ; 5.15411
3.2617 ; 6.36974 ; 3.85536 ; -7.4204
3.48524 ; 7.21485 ; 6.69101 ; -6.66372
8.1308 ; 7.43 ; -5.80978 ; -5.86943
3.0839 ; 7.67041 ; 2.17522 ; -4.316
8.35352 ; 7.65517 ; -3.45952 ; -3.6157
7.59548 ; 3.91863 ; -6.70951 ; 7.31384
2.9949 ; 6.19089 ; 3.34541 ; 4.84224
2.98101 ; 2.51626 ; 0.987117 ; -0.340077
3.27119 ; 7.43055 ; 5.81981 ; -5.60819
8.3787 ; 7.66461 ; -3.65702 ; -2.84894
7.91394 ; 2.32652 ; 1.82307 ; 4.1108
8.41204 ; 7.65026 ; -3.45807 ; -1.815
3.10051 ; 2.49059 ; 2.95752 ; 5.50771
3.37945 ; 2.80702 ; 6.2396 ; 6.73948
8.10358 ; 2.85821 ; -5.02224 ; 7.103
8.105 ; 2.89806 ; -4.89423 ; 7.2121
5.00657 ; 2.63773 ; -5.54898 ; 5.17359
3.29417 ; 7.4081 ; 5.94781 ; -5.76129
8.28219 ; 6.02518 ; -1.28957 ; -7.16385
3.14752 ; 2.30631 ; 0.0835054 ; 2.78849
8.2441 ; 2.54033 ; -4.16766 ; 5.5039
3.39358 ; 7.30933 ; 6.39616 ; -6.29156
3.2988 ; 2.75596 ; 5.65352 ; 6.6859
7.08461 ; 7.30275 ; 4.48295 ; -6.09976
8.17434 ; 3.4885 ; -3.1518 ; 7.53205
8.26243 ; 7.48252 ; -2.18997 ; -6.32162
3.17393 ; 2.5668 ; 5.11273 ; 5.42388
7.95546 ; 5.60089 ; 2.40274 ; -6.73567
8.22197 ; 2.55759 ; -4.93754 ; 5.25463
3.39132 ; 7.31167 ; 6.38579 ; -6.27961
8.21712 ; 7.5247 ; -5.30173 ; -5.14543
3.08637 ; 2.46753 ; 3.58696 ; 4.94275
3.29872 ; 2.69689 ; 5.99896 ; 6.19383
3.72595 ; 7.28088 ; -3.22218 ; 2.42079
7.96918 ; 7.44289 ; -6.92523 ; -5.00476
8.06292 ; 6.7186 ; -4.9622 ; -7.54535
8.29532 ; 7.60139 ; -4.75159 ; -4.18857
3.17704 ; 2.59407 ; 4.72837 ; 5.9274
3.06349 ; 7.58059 ; 1.30943 ; -0.0443422
3.20591 ; 2.61167 ; 5.18554 ; 5.89375
7.97489 ; 2.81671 ; -6.49603 ; 6.59833
4.11461 ; 4.17511 ; 6.97349 ; -5.41782
6.4412 ; 7.63318 ; 5.45468 ; -3.49036
3.41367 ; 7.28701 ; 6.44968 ; -6.41271
3.24914 ; 7.44803 ; 5.56847 ; -5.60584
8.17818 ; 7.46644 ; -5.33077 ; -5.80734
3.08575 ; 7.63719 ; 2.89599 ; -4.56288
3.58376 ; 3.64969 ; -2.98252 ; -4.43022
3.42808 ; 2.65688 ; 6.90281 ; 5.31461
7.40515 ; 7.45378 ; 3.72659 ; -5.80063
8.06383 ; 2.53348 ; -6.64517 ; 3.44811
3.40464 ; 7.30934 ; 6.50595 ; -6.21764
3.10391 ; 2.49784 ; 3.38124 ; 5.45857
3.5228 ; 7.17256 ; 6.77812 ; -6.79859
3.36092 ; 2.78294 ; 6.17216 ; 6.64901
3.14321 ; 7.67225 ; 0.98259 ; -4.77637
5.1791 ; 6.72324 ; -5.82661 ; -6.82352
3.02766 ; 5.60592 ; 3.06301 ; 5.65426
8.22923 ; 2.55045 ; -6.02634 ; 0.638366
3.61415 ; 7.08907 ; 7.01331 ; -6.96628
8.41169 ; 7.53882 ; -4.41938 ; -0.284797
3.24428 ; 2.6436 ; 5.62279 ; 5.96378
3.3332 ; 2.74482 ; 6.0865 ; 6.47714
8.02223 ; 2.7835 ; -6.19679 ; 6.57177
8.15359 ; 3.85032 ; -3.54303 ; 7.35506
3.89549 ; 2.91092 ; 7.51685 ; 6.38448
3.09837 ; 2.48302 ; 4.53271 ; 4.51103
8.4407 ; 7.60237 ; -3.21003 ; -0.748722
3.27457 ; 6.45249 ; 4.02406 ; -7.4615
3.19325 ; 2.56271 ; 5.6028 ; 5.03317
7.42313 ; 2.94206 ; -7.51424 ; 6.40807
8.01827 ; 3.22859 ; -0.998116 ; 7.5082
3.27967 ; 2.71103 ; 5.63183 ; 6.45716
2.96194 ; 5.98093 ; 2.1921 ; 5.16823
5.16224 ; 6.49733 ; -5.80961 ; -6.95028
3.10012 ; 7.5985 ; 4.01382 ; -4.47003
3.35512 ; 2.74699 ; 6.30169 ; 6.38026
7.9924 ; 2.81603 ; -6.32038 ; 6.69124
8.24079 ; 6.63719 ; -2.29269 ; -7.50111
5.75871 ; 7.64488 ; 6.24741 ; -2.03401
3.41021 ; 7.46616 ; 6.89625 ; -4.32322
8.07131 ; 2.71795 ; -6.05781 ; 6.20985
8.34597 ; 2.39727 ; -2.92557 ; 3.45907
8.40463 ; 2.41512 ; -2.53485 ; 1.55627
8.11651 ; 7.41332 ; -5.87117 ; -5.98375
3.19354 ; 7.50658 ; 5.22281 ; -5.09836
3.59406 ; 2.99773 ; 6.96226 ; 7.10691
8.34364 ; 7.67408 ; -3.11757 ; -3.91585
3.22895 ; 2.93914 ; 4.28059 ; 7.34872
3.40019 ; 2.80643 ; 6.42176 ; 6.65778
8.08383 ; 2.69737 ; -6.06102 ; 6.03642
8.32193 ; 7.73501 ; -1.40447 ; -3.3242
8.06915 ; 2.77065 ; -5.73749 ; 6.67017
7.0239 ; 7.57101 ; 4.52326 ; -4.78997
8.09979 ; 2.69977 ; -5.77121 ; 6.23419
3.21849 ; 7.47934 ; 5.34393 ; -5.38892
8.25824 ; 7.54209 ; -4.19743 ; -5.54044
7.95271 ; 7.24913 ; -6.59432 ; -6.62588
8.25041 ; 2.5398 ; -3.74363 ; 5.66568
8.24255 ; 7.53084 ; -4.56938 ; -5.50998
3.43713 ; 7.25648 ; 6.49095 ; -6.56558
6.62649 ; 7.2127 ; -6.97202 ; 2.62739
3.20968 ; 2.76516 ; 4.38891 ; 6.92434
5.21769 ; 4.19599 ; 6.62945 ; -5.45598
8.45027 ; 7.57659 ; -2.94652 ; -0.340778
7.20122 ; 6.65772 ; -7.3912 ; -7.27187
4.94748 ; 7.45678 ; 7.02309 ; -3.84047
3.51823 ; 7.48139 ; 7.21464 ; -3.68828
8.04771 ; 7.26241 ; -5.91991 ; -6.79904
3.29138 ; 7.04778 ; 4.67896 ; -7.37412
8.27776 ; 2.49212 ; -4.70582 ; 4.32959
8.12855 ; 6.8809 ; -4.38488 ; -7.53159
8.43177 ; 7.62475 ; -2.29932 ; -0.720246
3.23198 ; 2.29303 ; -0.665526 ; 2.40753
8.39256 ; 7.69646 ; -2.34124 ; -2.13224
3.37912 ; 2.785 ; 6.33739 ; 6.58179
8.24521 ; 7.71155 ; 0.239047 ; -0.930308
8.29864 ; 2.47485 ; -5.11315 ; 2.9808
3.05861 ; 2.42892 ; 3.37991 ; 4.29203
3.08106 ; 2.3712 ; 1.57845 ; 4.25161
8.09367 ; 2.68923 ; -5.9926 ; 6.00816
6.48083 ; 7.68442 ; 5.3846 ; -2.76094
7.98312 ; 2.28189 ; 1.57633 ; 2.96349
8.38573 ; 7.70351 ; -1.89688 ; -1.92053
3.1238 ; 2.51526 ; 4.45359 ; 5.14674
8.23041 ; 7.63956 ; -0.623942 ; -5.32464
7.80749 ; 2.76564 ; -7.20388 ; 5.86363
4.24111 ; 7.77856 ; -4.23173 ; -2.12063
3.0066 ; 7.66967 ; 2.72841 ; -2.37054
3.52815 ; 7.17698 ; 6.8327 ; -6.74626
8.32253 ; 2.34144 ; -1.20234 ; 2.45827
8.33422 ; 2.40652 ; -3.01492 ; 3.79712
3.23561 ; 7.46598 ; 5.61998 ; -5.3281
6.13143 ; 2.47321 ; -6.67715 ; -0.0615819
8.1702 ; 7.51097 ; -5.93254 ; -4.86734
3.49455 ; 3.54169 ; -2.36027 ; 7.28986
8.19699 ; 7.73562 ; 0.0393931 ; -4.15144
8.32221 ; 5.6044 ; 0.201824 ; 5.54179
3.16872 ; 2.5668 ; 4.89743 ; 5.57178
3.04391 ; 7.67388 ; 2.79969 ; -3.4148
3.35579 ; 7.24781 ; 5.78471 ; -6.8152
8.08975 ; 7.30612 ; -5.65212 ; -6.68745
3.4647 ; 7.23666 ; 6.63613 ; -6.57965
3.49735 ; 7.2061 ; 6.74688 ; -6.66792
8.0024 ; 2.79399 ; -6.36654 ; 6.53686
8.02895 ; 2.77716 ; -6.1574 ; 6.55327
3.30625 ; 2.73341 ; 5.84042 ; 6.51397
3.11038 ; 2.47799 ; 5.27395 ; 3.50442
7.96423 ; 7.37538 ; -6.82869 ; -5.7183
7.99134 ; 4.09353 ; -5.8656 ; -5.24106
4.89735 ; 2.41309 ; -5.36528 ; 3.44441
3.0935 ; 7.59645 ; 4.58068 ; -3.81642
7.77139 ; 3.0417 ; -6.96885 ; 7.16866
8.00818 ; 7.78621 ; 1.50614 ; -2.8785
5.20323 ; 5.97915 ; -5.85592 ; -6.89299
3.39422 ; 3.27142 ; -1.73827 ; 7.35185
3.04568 ; 2.42639 ; 3.72218 ; 3.81231
3.28129 ; 7.3885 ; 5.5115 ; -6.18268
8.16981 ; 7.50934 ; -5.92347 ; -4.90249
3.21935 ; 2.61548 ; 5.46037 ; 5.77771
7.9327 ; 2.97537 ; -6.31638 ; 7.20283
8.03191 ; 2.8578 ; -5.82723 ; 6.98907
3.46517 ; 7.24015 ; 6.66554 ; -6.5405
8.05098 ; 2.74418 ; -6.12999 ; 6.35655
5.04964 ; 2.62782 ; -5.51852 ; -1.88611
8.0357 ; 7.4012 ; -6.53644 ; -5.68972
6.555 ; 7.38291 ; -7.11365 ; -4.6371
3.20704 ; 2.58613 ; 5.60189 ; 5.34432
3.28629 ; 7.16544 ; 4.8317 ; -7.1674
2.99102 ; 2.40408 ; 3.21697 ; 2.37404
4.35944 ; 2.5705 ; 5.81901 ; -0.890968
8.45144 ; 7.53585 ; -2.10909 ; 0.264043
4.48187 ; 3.26227 ; 7.35473 ; 6.99099
3.12013 ; 2.32258 ; 0.561379 ; 3.46953
3.3841 ; 2.83569 ; 6.18143 ; 6.87635
7.91441 ; 7.21095 ; -6.71588 ; -6.73748
8.25499 ; 2.53889 ; -3.30168 ; 5.78619
7.99148 ; 2.81295 ; -6.35653 ; 6.65223
3.32953 ; 7.37393 ; 6.13719 ; -5.9497
3.14621 ; 2.34508 ; 0.471736 ; 4.20012
8.01443 ; 2.78728 ; -6.2691 ; 6.55424
4.8998 ; 2.59416 ; -5.40016 ; 5.00174
3.07588 ; 7.6711 ; 2.35591 ; -4.1673
3.03477 ; 7.6539 ; 3.37362 ; -3.16636
8.16185 ; 2.78096 ; -4.35704 ; 6.93803
4.62048 ; 2.50712 ; 7.2595 ; 2.48826
8.31534 ; 7.62374 ; -4.22159 ; -4.21839
4.95743 ; 2.88579 ; -5.50409 ; 6.2152
7.79369 ; 3.01389 ; -6.93487 ; 7.11779
7.36212 ; 6.34021 ; -6.99005 ; 4.73733
3.56437 ; 2.96725 ; 6.90085 ; 7.05215
3.66686 ; 3.07075 ; 7.09 ; 7.21353
8.12387 ; 7.41162 ; -5.74031 ; -6.07131
3.21559 ; 2.61411 ; 5.36691 ; 5.82311
8.05862 ; 2.72589 ; -6.16992 ; 6.20605
3.5084 ; 3.30279 ; -2.33239 ; 7.30143
8.1298 ; 7.50963 ; -6.28437 ; -4.61189
3.0252 ; 7.66144 ; 3.15472 ; -2.94005
8.32242 ; 7.62705 ; -4.31217 ; -3.97799
8.39131 ; 2.40682 ; -2.98973 ; 2.14865
3.11276 ; 7.57968 ; 4.96632 ; -3.78057
4.16808 ; 7.27002 ; -4.19246 ; -6.29945
3.24577 ; 2.64369 ; 5.66829 ; 5.9332
8.08707 ; 7.3905 ; -6.10304 ; -6.03158
8.20327 ; 5.20716 ; 1.14048 ; -6.43184
3.45608 ; 2.85323 ; 6.63689 ; 6.77436
3.44728 ; 7.15538 ; 6.2859 ; -7.00982
3.03563 ; 7.60682 ; 4.46983 ; -2.23779
4.48645 ; 2.49836 ; 7.29276 ; 0.540464
2.94211 ; 2.53586 ; 3.4904 ; 0.037473
3.29183 ; 7.4082 ; 5.88316 ; -5.81669
7.85064 ; 3.74867 ; -5.90714 ; 7.42781
3.28335 ; 2.67832 ; 5.93981 ; 6.07922
3.17529 ; 7.52452 ; 5.19317 ; -4.82947
3.11892 ; 5.05517 ; -0.482111 ; -6.26182
8.44227 ; 6.34724 ; -2.18384 ; 4.54975
7.87697 ; 2.92759 ; -6.74838 ; 6.95228
8.02548 ; 2.7743 ; -6.22753 ; 6.49606
7.87399 ; 7.1666 ; -6.81039 ; -6.86055
8.19503 ; 7.49969 ; -5.42421 ; -5.39113
3.56049 ; 2.95681 ; -2.4352 ; 7.05145
3.14685 ; 5.39821 ; 3.1004 ; -6.68305
3.31149 ; 2.39133 ; -0.889067 ; 4.99841
8.33971 ; 4.75786 ; -2.85082 ; -6.03532
8.33647 ; 7.63543 ; -4.28276 ; -3.64434
7.97213 ; 2.83834 ; -6.40497 ; 6.75911
3.55981 ; 7.14201 ; 6.89829 ; -6.84736
3.09149 ; 7.42789 ; 5.45196 ; 0.619041
8.22488 ; 7.53273 ; -5.24445 ; -5.06483
8.22309 ; 7.53681 ; -5.3915 ; -4.88614
5.07702 ; 3.39322 ; 6.94066 ; 6.95804
5.70915 ; 7.65352 ; 6.28381 ; -1.25891
6.47001 ; 6.68794 ; -7.04123 ; -6.95039
3.21382 ; 3.31685 ; 3.48764 ; 7.59107
5.79148 ; 7.58433 ; 6.22844 ; -3.24754
8.07157 ; 2.70401 ; -6.1615 ; 6.03236
6.97548 ; 2.71035 ; -7.39901 ; 4.71966
7.57149 ; 2.35045 ; 3.28358 ; 0.132876
3.59962 ; 7.09933 ; 6.97533 ; -6.95592
7.95541 ; 3.05275 ; -6.01476 ; 7.3782
8.10489 ; 5.88407 ; -5.26881 ; 5.37402
8.34879 ; 7.66482 ; -3.49995 ; -3.72983
3.47258 ; 2.87705 ; 6.66395 ; 6.8602
8.13319 ; 2.65654 ; -5.64137 ; 5.93289
3.51367 ; 2.51958 ; 7.24915 ; 2.1202
8.30024 ; 2.45924 ; -3.7304 ; 4.53214
3.03496 ; 2.42631 ; 3.8933 ; 3.41608
3.61377 ; 7.28119 ; 7.24836 ; -5.91304
3.39861 ; 5.07274 ; -2.37439 ; 6.22999
3.84983 ; 5.97273 ; -3.66168 ; -6.92673
3.57616 ; 7.10618 ; 6.88243 ; -6.97813
5.09069 ; 7.47847 ; -5.57272 ; 1.67928
3.13048 ; 7.56856 ; 5.18639 ; -3.83785
3.40892 ; 2.83044 ; 6.39137 ; 6.78611
3.49269 ; 3.42848 ; -2.69203 ; -4.06701
3.16387 ; 2.96671 ; 1.1864 ; 7.38327
8.15402 ; 2.63044 ; -5.57443 ; 5.6996
3.17367 ; 6.93663 ; 1.64572 ; -7.44937
3.15923 ; 2.75741 ; 1.03028 ; 6.98992
8.03862 ; 7.33797 ; -6.2941 ; -6.29497
8.19532 ; 3.62133 ; -2.81449 ; 7.46881
8.37418 ; 7.59418 ; -4.78446 ; -1.30862
3.08914 ; 2.4691 ; 3.35708 ; 5.09401
8.03154 ; 2.80888 ; -5.98614 ; 6.77425
3.42336 ; 5.43666 ; 5.27276 ; -6.74988
3.10757 ; 7.58531 ; 4.78596 ; -3.90451
4.6537 ; 3.37007 ; -4.75662 ; -4.04388
3.55972 ; 2.45273 ; -2.56003 ; -0.633322
8.21346 ; 2.57342 ; -4.76107 ; 5.58211
8.23935 ; 7.53982 ; -4.87141 ; -5.23703
7.60803 ; 2.27517 ; 2.92903 ; 1.9952
3.16747 ; 2.58689 ; 4.55704 ; 5.9266
4.47151 ; 6.987 ; 7.36596 ; -6.51279
3.57292 ; 2.74786 ; 7.21908 ; 5.83328
2.99668 ; 7.61203 ; 1.1174 ; -0.319487
8.06496 ; 2.72153 ; -6.11662 ; 6.20329
3.06007 ; 7.66079 ; 2.9502 ; -3.87065
3.44104 ; 7.29143 ; 6.68113 ; -6.23423
3.28797 ; 7.41918 ; 5.98821 ; -5.60371
8.02288 ; 7.27017 ; -6.1516 ; -6.70621
7.43124 ; 2.91263 ; -7.5204 ; 6.27297
8.01265 ; 2.79898 ; -6.20639 ; 6.65425
3.55405 ; 7.14524 ; 6.87363 ; -6.84912
7.92943 ; 2.88481 ; -6.5605 ; 6.88162
3.13803 ; 6.10327 ; 1.26513 ; -7.2076
6.45421 ; 3.6519 ; -7.01655 ; 7.14844
8.08766 ; 6.09147 ; -4.49056 ; -7.26605
8.16573 ; 7.46554 ; -5.57971 ; -5.67177
3.33776 ; 7.36549 ; 6.16353 ; -6.00959
7.93303 ; 2.53518 ; -7.10414 ; 1.47402
8.07757 ; 7.56473 ; -6.76082 ; -2.2128
3.41066 ; 7.29095 ; 6.4506 ; -6.38361
3.55598 ; 7.14253 ; 6.8738 ; -6.86124
3.22725 ; 7.45894 ; 5.18569 ; -5.73653
3.23909 ; 2.6438 ; 5.50483 ; 6.03
8.31626 ; 2.4602 ; -4.58265 ; 3.44471
8.37022 ; 7.71176 ; -1.52587 ; -1.86709
2.98042 ; 2.48785 ; 4.16596 ; 0.869156
4.32392 ; 6.30653 ; 7.29697 ; -7.27343
3.52877 ; 2.8535 ; 6.9654 ; 6.61003
3.36354 ; 6.29464 ; 4.81429 ; -7.38873
3.39111 ; 2.79517 ; 6.39808 ; 6.60784
8.17527 ; 2.60365 ; -5.48589 ; 5.45801
8.32598 ; 2.3444 ; -1.43232 ; 2.77231
8.25923 ; 2.51419 ; -4.53899 ; 4.90462
8.27111 ; 7.58194 ; -5.08381 ; -4.30591
3.26975 ; 2.71097 ; 5.49983 ; 6.49824
5.14745 ; 5.18533 ; -5.75525 ; 6.14759
4.37339 ; 2.80156 ; 7.44458 ; 5.44046
8.17312 ; 7.49668 ; -5.79269 ; -5.16674
3.20873 ; 7.76152 ; -0.275398 ; -3.2029
8.2553 ; 4.45161 ; -2.49493 ; 6.88859
7.96133 ; 2.84241 ; -6.48778 ; 6.73511
3.3851 ; 7.21448 ; 5.95482 ; -6.8976
8.09859 ; 7.36336 ; -5.78312 ; -6.37099
8.35326 ; 2.44768 ; -4.35109 ; 2.60081
3.33736 ; 2.66391 ; 6.4639 ; 5.61463
8.34696 ; 2.42151 ; -3.58718 ; 3.39065
8.09918 ; 2.70013 ; -5.78977 ; 6.22411
8.31254 ; 7.62454 ; -4.03582 ; -4.40865
7.82916 ; 5.9078 ; -5.93497 ; -7.14157
3.39674 ; 7.30614 ; 6.40571 ; -6.31083
3.13997 ; 2.5247 ; 4.96514 ; 4.91936
8.22778 ; 2.3255 ; -0.379875 ; 3.58986
3.54956 ; 2.91724 ; 6.93445 ; 6.88024
8.19332 ; 2.52626 ; -5.90879 ; 3.87762
7.76622 ; 7.37553 ; -7.34992 ; -5.28341
8.27259 ; 5.86483 ; -2.43155 ; -7.0592
3.38028 ; 2.60832 ; 6.8632 ; -0.358957
8.30937 ; 2.46379 ; -4.50901 ; 3.73772
7.64226 ; 3.45282 ; -6.90313 ; 7.49396
8.16301 ; 4.06863 ; 0.815135 ; 7.10051
8.27836 ; 2.48586 ; -3.50019 ; 5.13914
7.95305 ; 2.91638 ; 1.73251 ; 7.06753
3.79824 ; 7.30587 ; 7.50001 ; -5.43457
3.58633 ; 7.11306 ; 6.9472 ; -6.92496
8.39498 ; 2.42776 ; -3.47137 ; 1.9671
3.40729 ; 7.3353 ; 6.61146 ; -5.95993
3.27733 ; 2.68523 ; 5.77812 ; 6.22372
8.38288 ; 7.59936 ; -4.6354 ; -1.33543
3.27979 ; 7.42212 ; 5.86785 ; -5.66881
8.14535 ; 7.28469 ; -4.92663 ; -6.89057
6.88852 ; 7.74665 ; 4.73749 ; -1.86347
3.28825 ; 2.7069 ; 5.77056 ; 6.38022
2.9849 ; 2.48451 ; 4.23643 ; 0.947184
3.35595 ; 2.72346 ; 6.39594 ; 6.17481
7.05826 ; 3.62461 ; -7.32853 ; 7.32065
3.04321 ; 5.61272 ; -0.183136 ; 5.65973
3.30388 ; 2.70712 ; 5.98556 ; 6.27824
7.88113 ; 2.92238 ; -6.7404 ; 6.93623
8.26683 ; 6.76102 ; -4.80986 ; 3.70332
8.32376 ; 7.6278 ; -4.30115 ; -3.95131
3.33405 ; 7.36383 ; 6.04934 ; -6.11302
7.89577 ; 7.18712 ; -6.75 ; -6.8161
3.38182 ; 6.66668 ; -2.31556 ; 4.0062
3.10007 ; 2.48944 ; 3.63636 ; 5.24936
8.18663 ; 5.535 ; -3.83563 ; -6.82602
8.18374 ; 2.54222 ; -5.88301 ; 4.27992
3.11573 ; 7.55484 ; 5.63145 ; -1.36783
3.16228 ; 7.53041 ; 4.63144 ; -5.21437
8.35203 ; 2.44484 ; -4.293 ; 2.71266
6.28286 ; 7.4407 ; -6.89239 ; -4.28521
4.7544 ; 2.45251 ; -5.16908 ; 4.06575
8.21993 ; 2.56327 ; -4.80916 ; 5.42073
7.51339 ; 3.93049 ; -6.86319 ; -5.03295
5.24456 ; 4.8894 ; 6.65273 ; -6.20718
3.34513 ; 2.88241 ; 5.7295 ; 7.1137
3.03708 ; 7.65276 ; 3.40981 ; -3.22399
3.05701 ; 7.62957 ; 3.93283 ; -3.49041
8.28763 ; 2.42902 ; -2.29359 ; 4.85724
7.43378 ; 7.0943 ; -7.4983 ; -6.56295
8.34652 ; 2.52601 ; -0.396661 ; -0.547195
3.35641 ; 7.34338 ; 6.20305 ; -6.172
3.17888 ; 4.20905 ; -0.637513 ; 7.0211
8.35763 ; 3.03449 ; -4.81598 ; -2.7577
8.11578 ; 2.66982 ; -5.83894 ; 5.93052
8.43305 ; 2.6203 ; -4.01094 ; -0.558628
8.31033 ; 2.40657 ; -2.51951 ; 4.31443
3.0393 ; 2.42805 ; 3.89217 ; 3.54595
8.32927 ; 2.38612 ; -2.45448 ; 3.74666
3.6558 ; 7.79637 ; -2.70246 ; -2.24095
3.14597 ; 7.56879 ; 5.65419 ; -2.89386
3.24872 ; 7.44834 ; 5.51479 ; -5.6542
8.16756 ; 7.74305 ; 0.319027 ; -4.05394
7.54421 ; 3.19361 ; -7.30905 ; 7.26274
3.14815 ; 2.55213 ; 1.22168 ; 6.20249
8.47234 ; 7.41393 ; -2.40663 ; 1.10402
3.25079 ; 7.45529 ; 5.78321 ; -5.33392
8.25381 ; 7.55319 ; -4.62936 ; -5.20845
3.03489 ; 2.42423 ; 3.74912 ; 3.49042
2.97539 ; 2.40887 ; 2.21313 ; 1.31574
8.28417 ; 2.48404 ; -4.89215 ; 3.90409
3.27894 ; 7.41954 ; 5.77963 ; -5.77292
3.2549 ; 2.65466 ; 5.7049 ; 6.01665
8.28734 ; 2.48008 ; -5.08309 ; 3.44011
5.94099 ; 4.71897 ; -6.46982 ; -6.0269
3.06771 ; 7.70579 ; 1.78182 ; -3.48832
8.44309 ; 2.60464 ; -3.72057 ; -0.464696
8.21897 ; 7.51918 ; -5.1058 ; -5.35505
4.25649 ; 7.25775 ; 7.24192 ; 2.19685
3.03162 ; 2.43568 ; 4.28015 ; 2.88215
3.46802 ; 2.85822 ; 6.69193 ; 6.76968
3.26139 ; 7.43597 ; 5.60432 ; -5.73431
3.37759 ; 2.82289 ; 6.16869 ; 6.82953
6.14354 ; 7.63741 ; 5.77443 ; 0.193108
8.14128 ; 7.41757 ; -5.53413 ; -6.11571
3.04777 ; 2.5431 ; 0.0905992 ; -0.723784
3.47627 ; 7.22445 ; 6.66632 ; -6.62833
8.29187 ; 7.60037 ; -4.23066 ; -4.7562
8.20853 ; 7.50349 ; -5.1263 ; -5.52981
8.09492 ; 2.84938 ; 0.569467 ; 7.0848
8.33924 ; 2.4416 ; -4.16464 ; 3.25087
3.46853 ; 6.127 ; 6.14491 ; 5.035
8.07612 ; 2.72728 ; -5.89849 ; 6.36768
8.11712 ; 2.6824 ; -5.62334 ; 6.17132
3.08607 ; 2.35544 ; 1.29271 ; 3.99523
8.33539 ; 7.66649 ; -3.15348 ; -4.14722
3.43078 ; 7.25766 ; 6.4378 ; -6.5871
3.343 ; 7.35683 ; 6.13281 ; -6.11015
8.18903 ; 2.59743 ; -5.16184 ; 5.60841
2.93204 ; 7.42365 ; 3.44117 ; 0.799163
3.34922 ; 7.35001 ; 6.15267 ; -6.15462
3.2609 ; 7.43647 ; 5.6338 ; -5.70041
6.53441 ; 2.52268 ; -7.07187 ; 2.8169
3.34189 ; 7.36146 ; 6.18689 ; -6.02915
8.15289 ; 3.78532 ; -5.42721 ; -4.70927
3.45263 ; 3.02376 ; 6.2369 ; 7.33149
3.01295 ; 2.47141 ; 4.57468 ; 1.45347
3.1781 ; 2.57337 ; 5.0733 ; 5.54469
8.15194 ; 2.63726 ; -5.47063 ; 5.85147
3.20751 ; 2.59663 ; 5.49722 ; 5.53236
8.12645 ; 2.66146 ; -5.73021 ; 5.92309
8.40058 ; 7.65826 ; -3.5387 ; -2.18545
3.27766 ; 2.68552 ; 5.78126 ; 6.22718
3.54233 ; 5.07391 ; 5.89262 ; -6.41857
3.71027 ; 3.06221 ; 7.20587 ; 7.14267
3.13078 ; 7.5246 ; 1.82145 ; -5.90277
3.14357 ; 2.3928 ; -0.414666 ; 0.435462
5.08824 ; 4.77705 ; 6.79678 ; 6.58616
3.38092 ; 7.32112 ; 6.32575 ; -6.25413
3.13084 ; 5.37451 ; 2.86209 ; -6.66121
3.16362 ; 2.55751 ; 4.9612 ; 5.40418
3.25208 ; 2.52062 ; 6.36691 ; 3.59198
4.14378 ; 4.06205 ; -4.30918 ; -5.16846
3.24161 ; 7.45541 ; 5.46916 ; -5.60035
3.31276 ; 3.3885 ; 4.67303 ; 7.58749
3.47811 ; 7.18553 ; 6.54806 ; -6.84577
3.68053 ; 7.02016 ; 7.11397 ; -7.08944
8.28971 ; 2.47722 ; -4.15333 ; 4.54254
4.88997 ; 4.29944 ; -5.40568 ; -5.44576
3.24362 ; 2.65653 ; 5.46122 ; 6.15404
8.282 ; 2.33814 ; -1.04562 ; 3.47016
3.18249 ; 2.30168 ; -0.167473 ; 3.09302
8.38856 ; 2.39239 ; -1.96551 ; 1.57024
3.09993 ; 7.61507 ; 2.89331 ; -4.93709
5.03851 ; 7.72882 ; -5.52244 ; -1.56749
3.18373 ; 2.5703 ; 5.33005 ; 5.31966
8.47759 ; 7.34325 ; -2.49979 ; 1.49036
8.30022 ; 7.60578 ; -4.67943 ; -4.14963
8.1514 ; 2.63391 ; -5.56753 ; 5.74649
2.94071 ; 3.65124 ; 2.25111 ; -4.39264
3.70052 ; 7.79315 ; -2.8546 ; -1.88202
7.89117 ; 7.03104 ; -6.48848 ; -7.26954
8.39593 ; 7.69116 ; -2.60774 ; -2.24928
3.17191 ; 2.52766 ; 5.61054 ; 4.45773
8.11421 ; 2.78336 ; -5.12479 ; 6.85063
3.30864 ; 7.3935 ; 6.01272 ; -5.86163
8.43574 ; 7.54944 ; -3.88606 ; -0.287686
5.76714 ; 5.32201 ; 6.19038 ; 6.04317
3.68205 ; 2.8532 ; 7.33914 ; 6.35251
8.38266 ; 2.45635 ; -4.17406 ; 1.79585
3.38175 ; 2.79101 ; 6.32808 ; 6.62166
3.34572 ; 2.76773 ; 6.09443 ; 6.60195
7.98859 ; 7.27893 ; -6.4417 ; -6.55753
7.89069 ; 3.42857 ; -5.93397 ; 7.55002
8.06174 ; 7.35497 ; -6.14399 ; -6.27117
7.74273 ; 3.0655 ; -7.02738 ; 7.19425
3.4305 ; 2.30892 ; -1.70076 ; 3.81356
8.2903 ; 2.434 ; -2.48074 ; 4.85879
3.08207 ; 7.61101 ; 4.20586 ; -3.90253
3.43757 ; 2.39965 ; -2.06157 ; -0.10366
8.28789 ; 7.59501 ; -4.9022 ; -4.17377
8.17754 ; 7.51951 ; -5.91406 ; -4.7417
4.25488 ; 7.77332 ; -4.27116 ; -1.34731
7.00926 ; 3.88927 ; -7.24945 ; 7.25412
3.07435 ; 7.57935 ; 5.09615 ; -2.15212
7.75911 ; 7.06125 ; -7.05578 ; -7.05174
3.40474 ; 7.49122 ; 6.91972 ; -3.82108
3.24946 ; 2.70593 ; 5.24879 ; 6.53712
3.25755 ; 7.76608 ; -0.644062 ; -3.31754
3.07558 ; 2.35538 ; 1.45553 ; 3.8918
8.20563 ; 7.49284 ; -5.02735 ; -5.69739
3.35613 ; 7.3515 ; 6.28792 ; -6.03815
8.14515 ; 7.43556 ; -5.61805 ; -5.93298
3.40689 ; 7.29042 ; 6.38769 ; -6.43223
8.01542 ; 6.92818 ; -5.53948 ; -7.47657
7.83771 ; 7.76887 ; 2.26539 ; -3.48529
6.52176 ; 3.0946 ; -6.86494 ; -3.42456
8.00264 ; 7.70905 ; 1.44139 ; -4.58464
6.08095 ; 7.13641 ; -6.73298 ; -5.92169
8.37452 ; 7.66552 ; -3.65352 ; -2.97656
8.28438 ; 2.46999 ; -3.16408 ; 5.07812
8.4611 ; 2.60799 ; -2.46953 ; -0.723529
3.0612 ; 4.48925 ; 3.1371 ; -5.72164
8.23933 ; 2.54019 ; -4.55498 ; 5.28305
8.37245 ; 7.68185 ; -3.19964 ; -3.09742
7.99214 ; 7.29228 ; -6.48076 ; -6.45922
3.07086 ; 2.33089 ; 1.06652 ; 3.02145
7.94871 ; 7.24771 ; -6.62185 ; -6.61613
7.09384 ; 2.63161 ; -7.45305 ; 3.99892
8.33561 ; 7.68116 ; -2.73777 ; -4.09041
8.38354 ; 7.67646 ; -3.28597 ; -2.7784
8.24637 ; 7.5842 ; -5.68962 ; -3.47309
7.05412 ; 7.49652 ; -7.43072 ; -3.45442
7.99933 ; 7.29622 ; -6.43506 ; -6.46333
8.07163 ; 2.8106 ; -5.56144 ; 6.87707
8.11586 ; 2.68276 ; -5.66056 ; 6.15196
8.21451 ; 2.56122 ; -5.18065 ; 5.1296
8.21956 ; 7.46833 ; -4.46729 ; -6.07944
5.21272 ; 3.01291 ; 6.83799 ; 6.21011
8.30544 ; 7.61506 ; -4.22926 ; -4.44892
4.06856 ; 5.24639 ; 6.93933 ; -6.57838
2.92743 ; 7.11618 ; 3.46922 ; 2.4585
7.07331 ; 7.6421 ; 4.43134 ; -4.22087
3.53286 ; 7.16827 ; 6.82799 ; -6.78685
3.1003 ; 2.32139 ; 0.396246 ; 2.21248
3.04664 ; 2.44495 ; 4.54774 ; 2.98025
8.45647 ; 2.6111 ; -3.27748 ; -0.606961
4.18992 ; 6.49167 ; 7.34458 ; -7.33418
6.52087 ; 2.36499 ; 5.33188 ; 2.88978
3.66199 ; 5.66632 ; -3.18157 ; -6.74775
8.07018 ; 7.37036 ; -6.15456 ; -6.15905
8.47311 ; 2.71695 ; -2.55954 ; -1.40327
8.29238 ; 7.60001 ; -4.63758 ; -4.37723
8.10704 ; 7.40846 ; -5.97571 ; -5.95929
3.16151 ; 2.60552 ; 4.15319 ; 6.17865
3.29496 ; 7.41132 ; 6.01109 ; -5.67551
3.14911 ; 2.55021 ; 4.57701 ; 5.54251
8.09117 ; 6.50003 ; -5.81531 ; 4.33212
7.93538 ; 7.22854 ; -6.64075 ; -6.69993
8.10336 ; 7.40302 ; -5.97405 ; -6.01103
8.23973 ; 2.90304 ; -5.75588 ; -2.22117
8.10645 ; 2.70102 ; -5.6342 ; 6.30996
3.18658 ; 7.74985 ; -0.000458479 ; -3.52782
3.40125 ; 7.2964 ; 6.36623 ; -6.40556
4.01286 ; 2.92927 ; 7.54181 ; 6.35147
3.04987 ; 6.31272 ; 4.18111 ; 4.62397
8.16373 ; 6.58983 ; 1.58358 ; 4.12381
8.32491 ; 7.66864 ; -2.72672 ; -4.41578
3.62891 ; 7.06551 ; 7.02138 ; -7.028
3.63468 ; 3.04682 ; 7.02615 ; 7.19264
8.06281 ; 2.72116 ; -6.15263 ; 6.17671
8.06753 ; 2.71338 ; -6.1496 ; 6.11605
3.08424 ; 2.32406 ; 0.797757 ; 2.85569
3.22216 ; 2.61308 ; 5.58379 ; 5.67064
3.44387 ; 7.25771 ; 6.56802 ; -6.50739
7.50204 ; 5.77258 ; -6.78012 ; -7.03101
8.20959 ; 7.51727 ; -5.36824 ; -5.20131
3.07692 ; 2.46015 ; 4.28696 ; 4.21085
7.90153 ; 7.19662 ; -6.74656 ; -6.78027
8.28527 ; 7.75549 ; -0.623056 ; -2.79257
8.37005 ; 7.65279 ; -4.01113 ; -2.89612
8.13121 ; 2.66011 ; -5.62115 ; 5.9824
3.56034 ; 3.16331 ; -2.84406 ; -3.48196
3.20222 ; 2.61373 ; 5.07883 ; 5.96224
3.39617 ; 7.30106 ; 6.3352 ; -6.39438
3.15515 ; 2.5373 ; 5.16438 ; 4.96973
8.04663 ; 2.78499 ; -5.92607 ; 6.68361
8.29802 ; 2.42141 ; -2.48631 ; 4.63984
2.90826 ; 2.88119 ; 2.11852 ; -2.23824
8.13588 ; 7.77619 ; 0.835505 ; -2.13414
8.24734 ; 7.56842 ; -5.4176 ; -4.26632
8.47358 ; 7.37399 ; -2.26751 ; 1.35366
4.44288 ; 7.71138 ; -4.58476 ; -0.151213
3.08752 ; 2.47938 ; -0.143658 ; -0.285641
8.26735 ; 5.32122 ; -3.12301 ; -6.62388
5.58772 ; 2.39851 ; 6.39898 ; 1.2482
8.33382 ; 5.07791 ; -1.93128 ; 6.28161
6.58109 ; 4.52859 ; 5.33213 ; -5.76788
3.37168 ; 7.37241 ; 6.50276 ; -5.72058
8.0938 ; 7.72205 ; 1.20891 ; -1.36575
3.39091 ; 7.39805 ; 6.68016 ; -5.35988
4.89353 ; 7.03263 ; -5.45172 ; -6.48149
