3.85426 ; 4.20119 ; 6.08679 ; 7.00994
3.69942 ; 6.72523 ; 5.96463 ; -7.01431
3.43673 ; 7.21957 ; 5.18851 ; -5.56933
7.27986 ; 6.58249 ; -7.04062 ; -6.9988
4.52572 ; 3.80335 ; 7.09204 ; 7.03928
7.27621 ; 6.55739 ; -7.02411 ; -7.03001
3.89625 ; 3.35332 ; 6.7748 ; 6.97287
4.3355 ; 6.19043 ; 7.00369 ; -7.0577
3.24625 ; 7.23422 ; -0.150808 ; -6.0451
3.63637 ; 3.09438 ; 6.12976 ; 6.53641
3.57863 ; 3.72757 ; 5.16781 ; 7.24024
6.54878 ; 3.86132 ; -6.9448 ; 6.93191
8.36521 ; 6.65608 ; -1.52746 ; 4.16214
6.13034 ; 7.11784 ; 5.92398 ; -5.12322
4.49885 ; 7.68651 ; -4.89565 ; -0.319525
6.37343 ; 2.95689 ; -6.87764 ; 4.94649
8.19257 ; 7.54123 ; -4.42945 ; -0.7567
3.53322 ; 2.78049 ; 6.11227 ; 4.8589
4.13687 ; 3.76012 ; 6.92145 ; 7.15416
5.36675 ; 2.86397 ; 6.64475 ; 4.59106
4.09928 ; 3.53022 ; 7.01625 ; 7.0768
7.39129 ; 3.42519 ; -6.90913 ; 6.97151
3.67822 ; 3.11694 ; 6.29657 ; 6.56418
6.73248 ; 3.61001 ; -7.06255 ; 6.85507
8.15233 ; 2.7111 ; -3.09168 ; 5.18179
3.42929 ; 7.03381 ; -1.97587 ; -6.49331
4.48067 ; 6.7077 ; 7.16581 ; -6.50842
4.38306 ; 6.60554 ; 7.16291 ; -6.7623
7.16979 ; 6.46134 ; -7.0733 ; -7.05254
5.8636 ; 5.24531 ; -6.37098 ; 6.12023
3.45772 ; 3.00721 ; 5.16632 ; 6.43429
3.83611 ; 7.20353 ; 6.94353 ; -4.86993
3.46725 ; 2.92092 ; 5.42807 ; 6.00215
3.99234 ; 5.70499 ; 6.33476 ; -6.85691
8.2547 ; 7.57636 ; -3.08091 ; -2.23739
3.74747 ; 6.9525 ; 6.45971 ; -6.40691
8.21991 ; 7.6448 ; 0.547377 ; -0.409222
7.94391 ; 7.22613 ; -5.39391 ; -5.63697
7.64674 ; 3.21597 ; -6.35508 ; 6.76354
7.73143 ; 5.89406 ; 3.36359 ; -6.79064
7.32154 ; 6.39525 ; -6.86169 ; -7.13495
7.64186 ; 3.20082 ; -6.4014 ; 6.71044
6.64843 ; 6.12213 ; -6.98167 ; -6.95361
7.72293 ; 7.25678 ; -6.6211 ; -4.91564
7.50412 ; 3.60385 ; -6.46606 ; 7.17942
7.94835 ; 7.26545 ; -5.46495 ; -5.35189
4.02304 ; 6.69664 ; 6.95521 ; -6.84353
7.952 ; 7.22272 ; -5.31723 ; -5.67897
8.34442 ; 7.49266 ; -2.22443 ; 0.75
4.1451 ; 6.55351 ; 7.02582 ; -6.98958
8.05688 ; 7.39297 ; -4.87765 ; -4.49209
4.13134 ; 6.57406 ; 7.0252 ; -6.96959
7.68956 ; 7.01255 ; -6.45611 ; -6.32167
7.36602 ; 3.46288 ; -6.92156 ; 7.01328
5.18882 ; 5.42483 ; 6.5804 ; 5.98174
7.71898 ; 3.36213 ; -5.84054 ; 7.08232
3.92047 ; 6.73424 ; 6.74556 ; -6.87352
7.76249 ; 3.12232 ; -5.93774 ; 6.60682
3.96808 ; 6.72487 ; 6.85824 ; -6.84697
3.48715 ; 2.92815 ; 5.55842 ; 6.00462
4.93502 ; 6.37317 ; 6.91929 ; -6.78805
7.51045 ; 6.81766 ; -6.81525 ; -6.75581
7.66566 ; 3.19689 ; -6.29988 ; 6.72917
3.43022 ; 7.52087 ; -1.9812 ; -4.3322
4.31882 ; 3.75485 ; 7.07871 ; 7.10137
7.14049 ; 2.87613 ; 4.53922 ; 5.53646
3.49473 ; 7.24887 ; 5.71098 ; -5.18075
3.68956 ; 6.97966 ; 6.24674 ; -6.39178
7.95473 ; 7.20829 ; -5.25321 ; -5.78643
7.59599 ; 3.92604 ; -5.94224 ; 7.14399
3.73921 ; 7.53338 ; -3.25742 ; -4.04304
5.89882 ; 7.54014 ; 6.12943 ; -2.03065
3.77498 ; 6.92124 ; 6.51856 ; -6.49031
7.67761 ; 5.24463 ; 3.65451 ; 6.05303
8.16549 ; 2.53518 ; -4.44002 ; 1.68777
4.02678 ; 3.46302 ; 6.95778 ; 7.04527
3.59714 ; 7.20223 ; 6.20508 ; -5.29165
3.31913 ; 7.37576 ; 4.5789 ; -4.54246
3.73321 ; 7.05264 ; 6.55662 ; -5.95941
3.6024 ; 2.73627 ; 6.46078 ; 4.31141
3.79675 ; 4.41977 ; 5.84409 ; 6.86551
3.80713 ; 3.28831 ; 6.57426 ; 6.92125
7.89667 ; 2.97032 ; -5.37093 ; 6.18123
7.67184 ; 6.96019 ; -6.45369 ; -6.50907
3.75215 ; 3.16687 ; 6.53539 ; 6.6422
4.47501 ; 7.65596 ; -4.85831 ; -1.93979
3.44944 ; 3.0321 ; 5.04662 ; 6.54258
3.16503 ; 2.53053 ; 0.629128 ; 3.99521
3.21521 ; 3.54536 ; 1.00638 ; 7.22173
7.35411 ; 3.48014 ; -6.92677 ; 7.03114
7.63731 ; 3.24622 ; -6.3496 ; 6.83483
8.27555 ; 6.97027 ; -3.16007 ; 3.3799
3.6014 ; 7.20255 ; 6.22829 ; -5.27603
4.11712 ; 6.6913 ; 7.08387 ; -6.77391
6.73539 ; 6.38176 ; -7.05894 ; -6.91352
4.06724 ; 3.49986 ; 6.99489 ; 7.06318
8.1997 ; 4.14527 ; 1.67966 ; -5.3378
7.91788 ; 6.8461 ; -4.9163 ; -6.98529
6.192 ; 7.07234 ; -6.75598 ; -5.19841
3.82045 ; 3.20555 ; 6.72782 ; 6.68205
7.44898 ; 3.40335 ; -6.79011 ; 6.98768
3.72055 ; 6.93662 ; 6.31331 ; -6.51772
6.3973 ; 7.22735 ; -6.90315 ; -4.42595
3.32546 ; 5.74798 ; 3.12695 ; -6.88208
8.26553 ; 3.27164 ; -3.49321 ; -3.81009
7.55286 ; 6.82573 ; -6.69841 ; -6.78579
4.45885 ; 3.54215 ; -4.91585 ; 6.69808
7.85327 ; 2.70651 ; -6.18104 ; 3.99757
3.31199 ; 2.9217 ; 5.10574 ; -2.7168
3.22009 ; 2.98111 ; 4.48712 ; -2.93327
3.15011 ; 2.58848 ; 1.14685 ; 4.23137
7.31742 ; 2.37732 ; 4.14767 ; 1.77251
3.62615 ; 2.92164 ; 6.35076 ; 5.70408
3.47959 ; 7.33044 ; 5.81069 ; -4.43885
5.32063 ; 3.0726 ; 6.68248 ; 5.50953
3.43043 ; 2.81433 ; 5.39962 ; 5.3826
3.87657 ; 6.81416 ; 6.71821 ; -6.721
7.95675 ; 7.50167 ; -5.96355 ; -2.06144
4.01084 ; 6.09621 ; 6.53035 ; -7.07945
7.98101 ; 2.60501 ; -5.68314 ; 2.8429
3.59307 ; 3.10756 ; 5.87337 ; 6.64021
8.20684 ; 2.41765 ; 0.156444 ; 2.36441
6.03184 ; 3.09455 ; -6.46172 ; -3.71299
5.81326 ; 4.44894 ; 6.22814 ; 6.64592
8.33071 ; 3.02799 ; 0.37625 ; -3.24227
7.61504 ; 6.11434 ; -5.95285 ; -7.12055
3.75089 ; 3.06707 ; 6.6505 ; 6.26128
7.31229 ; 6.607 ; -7.01373 ; -6.99068
7.74187 ; 6.66005 ; -5.79381 ; -7.13695
7.86259 ; 3.18913 ; -5.20304 ; 6.88059
3.87368 ; 6.81048 ; 6.7017 ; -6.73775
4.16902 ; 5.35099 ; 6.55392 ; -6.59223
7.44089 ; 3.41458 ; -6.798 ; 7.00073
7.43955 ; 3.20702 ; -6.97244 ; 6.49994
3.58143 ; 7.42826 ; -2.68003 ; -4.90092
5.33617 ; 7.6395 ; -5.94701 ; -0.467509
7.59796 ; 3.21311 ; -6.56306 ; 6.68802
3.6085 ; 3.10709 ; 5.96219 ; 6.62055
3.76206 ; 3.19477 ; 6.53214 ; 6.72339
4.07467 ; 3.40952 ; 7.06351 ; 6.9313
3.41646 ; 7.39554 ; 5.55699 ; -3.84895
4.18471 ; 3.5338 ; 7.10157 ; 7.03018
3.15084 ; 2.5325 ; 1.01541 ; 3.98906
3.73289 ; 5.29041 ; 5.54046 ; -6.55018
3.86603 ; 6.90962 ; 6.80985 ; -6.39411
3.79831 ; 4.30145 ; 5.88707 ; 6.94709
6.47119 ; 2.83406 ; 5.54776 ; 4.94945
7.77562 ; 2.97297 ; -6.15002 ; 5.95811
7.37146 ; 6.57141 ; -6.89334 ; -7.06726
7.25907 ; 6.56716 ; -7.05515 ; -7.00416
8.29513 ; 7.61535 ; -0.367478 ; -0.26458
3.05897 ; 6.43141 ; 2.36994 ; 4.62231
7.26478 ; 6.54648 ; -7.03211 ; -7.03457
6.3422 ; 4.66659 ; -6.72363 ; 6.59982
3.77842 ; 3.19465 ; 6.59955 ; 6.70006
3.72516 ; 3.01571 ; 6.61916 ; 6.05799
7.34934 ; 6.62989 ; -6.97329 ; -6.98594
3.20171 ; 7.49869 ; 3.64067 ; -3.40617
4.0657 ; 6.65187 ; 6.99334 ; -6.89552
7.93092 ; 7.40878 ; -5.92234 ; -3.82528
3.99983 ; 3.45516 ; 6.91288 ; 7.05362
7.92808 ; 6.60593 ; -4.61241 ; -7.20483
3.90764 ; 4.69104 ; 6.10486 ; 6.65853
3.38241 ; 2.85589 ; 4.86684 ; 5.78949
3.28914 ; 2.84249 ; 3.83236 ; 5.9176
4.43459 ; 2.94848 ; 7.23155 ; 5.01122
6.55975 ; 5.52189 ; -6.83333 ; -6.6855
7.75929 ; 3.15344 ; -5.90207 ; 6.70517
4.44618 ; 3.9786 ; 7.03436 ; 7.05412
6.45704 ; 5.92732 ; -6.86317 ; -6.87448
6.92358 ; 3.43262 ; -7.1485 ; 6.7011
4.06734 ; 3.50181 ; 6.99269 ; 7.06659
3.37517 ; 7.23799 ; 4.66715 ; -5.60382
3.16647 ; 7.30852 ; -1.23522 ; 2.37303
3.79429 ; 3.22761 ; 6.60901 ; 6.78179
8.21714 ; 7.66053 ; 0.302174 ; -1.20806
8.23327 ; 7.54065 ; -0.991539 ; -3.96042
7.4002 ; 3.42166 ; -6.89201 ; 6.97365
8.12471 ; 7.49819 ; 0.769913 ; -4.53144
6.46714 ; 4.48345 ; 5.54787 ; -5.74699
7.70151 ; 2.90144 ; -6.55564 ; 5.40237
7.48317 ; 6.66044 ; -6.72746 ; -7.03211
3.37135 ; 7.35283 ; 5.04852 ; -4.57118
3.92697 ; 6.78628 ; 6.83147 ; -6.7314
3.53728 ; 7.22242 ; 5.9193 ; -5.28236
8.19609 ; 6.26381 ; 0.0889162 ; -7.08117
7.98309 ; 7.40349 ; -5.57527 ; -4.06151
7.63773 ; 3.10735 ; -6.55977 ; 6.35997
7.72997 ; 7.04877 ; -6.33409 ; -6.22309
3.50688 ; 7.09445 ; 5.41647 ; -6.16872
6.85523 ; 3.49298 ; -7.12232 ; 6.76701
3.16112 ; 2.5661 ; 1.04614 ; 4.36153
7.79291 ; 7.13912 ; -6.18389 ; -5.86245
3.46111 ; 7.30427 ; 5.62535 ; -4.76854
7.80973 ; 4.64529 ; -4.86665 ; 6.6807
8.11248 ; 7.60435 ; 1.0045 ; -3.41463
4.12702 ; 6.57677 ; 7.01919 ; -6.9702
4.03748 ; 6.48432 ; 6.8104 ; -7.09658
7.33832 ; 3.47589 ; -6.96346 ; 7.00956
7.4443 ; 6.77487 ; -6.92745 ; -6.79648
4.51871 ; 6.18715 ; 7.05125 ; -7.00825
7.26596 ; 3.58023 ; -6.98742 ; 7.08113
7.57369 ; 4.24347 ; -5.87962 ; 6.96809
3.45946 ; 2.65912 ; -2.10011 ; 5.10293
7.32079 ; 6.61108 ; -7.00323 ; -6.99225
7.62964 ; 6.98211 ; -6.64372 ; -6.36146
7.10363 ; 3.73245 ; -7.04658 ; 7.08743
7.67459 ; 3.16152 ; -6.32026 ; 6.62326
4.54918 ; 3.80132 ; 7.0897 ; 7.0304
7.39358 ; 3.72302 ; 4.14311 ; 6.85231
3.98535 ; 6.69587 ; 6.86568 ; -6.89339
3.08385 ; 6.21876 ; -0.824943 ; 4.96457
3.27094 ; 7.14421 ; 2.96793 ; -6.29498
3.19238 ; 7.52157 ; 4.39828 ; -0.478002
8.06228 ; 7.02374 ; -3.78157 ; -6.68935
7.94205 ; 7.50062 ; 2.09282 ; -4.42381
7.68495 ; 6.91101 ; -6.32625 ; -6.69174
7.44078 ; 3.41471 ; -6.79861 ; 7.00133
7.41462 ; 6.7099 ; -6.92556 ; -6.90822
7.77042 ; 7.09744 ; -6.22256 ; -6.05311
7.48742 ; 6.78765 ; -6.84093 ; -6.8121
3.90226 ; 2.67445 ; -3.7154 ; 4.83945
4.12593 ; 6.58664 ; 7.02915 ; -6.95208
3.2065 ; 7.55566 ; -0.132297 ; -3.91184
3.51194 ; 2.87087 ; 5.84445 ; 5.59534
3.56412 ; 7.07506 ; 5.75519 ; -6.1655
4.51547 ; 7.33407 ; -4.95244 ; -4.72013
7.89464 ; 2.87968 ; -5.60481 ; 5.64896
3.60731 ; 7.04887 ; 5.95778 ; -6.21631
3.30162 ; 2.70235 ; -0.982305 ; 5.44714
5.32852 ; 3.02619 ; 6.52091 ; -3.53936
7.96839 ; 5.92551 ; -4.07133 ; -7.02214
8.35306 ; 2.71503 ; -2.40317 ; -1.76753
3.88476 ; 7.49897 ; -3.65425 ; -4.20961
8.33446 ; 3.68119 ; -2.19289 ; -4.6538
8.35864 ; 3.11664 ; -0.0267677 ; -3.45699
7.30899 ; 3.51854 ; -6.97492 ; 7.04579
7.26321 ; 2.71972 ; 4.28047 ; 4.94089
5.67621 ; 2.87316 ; 6.38056 ; 4.75633
7.65231 ; 6.89687 ; -6.44338 ; -6.69687
4.28463 ; 6.42104 ; 7.08028 ; -7.02785
7.30984 ; 3.53545 ; -6.9565 ; 7.06698
3.93013 ; 3.37313 ; 6.84042 ; 6.98
4.23421 ; 3.18442 ; 6.88791 ; -3.7593
4.99359 ; 7.10822 ; 6.9048 ; -4.91812
7.73036 ; 3.12589 ; -6.10963 ; 6.57474
4.03669 ; 3.90782 ; 6.52 ; -5.09518
7.50827 ; 3.30278 ; -6.74671 ; 6.83306
4.287 ; 6.41046 ; 7.07467 ; -7.03595
8.14909 ; 3.28922 ; -0.454172 ; 7.0628
3.11856 ; 2.46812 ; 1.24712 ; 2.87082
6.6314 ; 2.55947 ; 5.31274 ; 3.39327
7.56086 ; 3.2287 ; -6.67703 ; 6.68579
7.08413 ; 2.72995 ; -7.23093 ; 3.42905
4.71211 ; 2.69853 ; 7.09939 ; 3.29868
4.02541 ; 3.17833 ; 7.11753 ; 6.40637
7.21927 ; 3.61999 ; -7.01498 ; 7.08518
8.19733 ; 4.4518 ; 0.574327 ; 6.75826
8.25929 ; 2.63264 ; -3.84438 ; -0.982004
7.55228 ; 6.24125 ; -6.23379 ; -7.16265
3.32831 ; 2.92091 ; 4.10668 ; 6.24611
3.26028 ; 2.82483 ; -0.713371 ; 5.79033
3.84926 ; 6.83583 ; 6.65663 ; -6.69138
7.56503 ; 3.2123 ; -6.68448 ; 6.63809
3.96836 ; 3.38103 ; 6.91944 ; 6.96109
3.41409 ; 2.91183 ; 5.01452 ; 6.05306
3.40782 ; 2.95757 ; 4.84124 ; 6.29251
4.14762 ; 6.55762 ; 7.03576 ; -6.97897
7.13364 ; 6.41104 ; -7.07201 ; -7.06536
7.72715 ; 7.20276 ; -6.55438 ; -5.32501
3.12476 ; 7.64311 ; 0.404665 ; -1.65285
6.28025 ; 7.62271 ; 5.7173 ; -1.10811
7.35135 ; 3.48265 ; -6.93133 ; 7.03233
4.07545 ; 6.61254 ; 6.96829 ; -6.95984
6.00727 ; 2.92391 ; -6.59839 ; 4.83109
7.96359 ; 2.89628 ; -4.99071 ; 5.91672
5.52426 ; 7.14488 ; 6.49445 ; -4.77602
4.38514 ; 6.61531 ; 6.82664 ; 4.41185
7.6287 ; 6.22668 ; -5.96084 ; -7.16544
3.63421 ; 7.48048 ; 6.63356 ; -1.01197
3.36691 ; 2.90342 ; 4.58177 ; 6.09489
7.11889 ; 6.40899 ; -7.08034 ; -7.05968
7.70103 ; 6.9484 ; -6.3076 ; -6.58982
4.73551 ; 4.116 ; 6.9728 ; 6.95327
3.71024 ; 7.01091 ; 6.40236 ; -6.20745
8.24706 ; 7.54965 ; -2.13901 ; -3.51609
3.49624 ; 7.16838 ; 5.51625 ; -5.77505
6.84919 ; 3.13549 ; -7.15461 ; 5.84267
7.22722 ; 6.40168 ; -6.99013 ; -7.10459
8.22231 ; 3.31771 ; -3.86228 ; -3.91695
3.17801 ; 4.36474 ; 3.11884 ; -5.43367
7.12572 ; 7.11148 ; -7.25075 ; -5.2687
4.24521 ; 6.43996 ; 7.05776 ; -7.03755
4.26981 ; 6.43359 ; 7.07561 ; -7.02686
7.38792 ; 6.68787 ; -6.95771 ; -6.92395
3.75765 ; 3.15494 ; 6.57567 ; 6.59148
6.95247 ; 7.33541 ; 4.84128 ; -4.63293
7.27903 ; 6.56717 ; -7.0285 ; -7.01917
3.95992 ; 3.34656 ; 6.93242 ; 6.9013
5.95205 ; 4.67009 ; -6.4847 ; 6.55996
4.31499 ; 3.73061 ; 7.08829 ; 7.09597
7.65588 ; 3.15444 ; -6.42083 ; 6.56687
7.98952 ; 7.37266 ; -5.50176 ; -4.1197
7.69537 ; 4.90108 ; -5.37757 ; 6.47283
3.96776 ; 6.72108 ; 6.85155 ; -6.85773
3.64732 ; 3.13451 ; 6.21869 ; -3.50289
3.73816 ; 6.97227 ; 6.45613 ; -6.33613
7.29351 ; 3.55762 ; -6.96407 ; 7.07825
3.25228 ; 7.22606 ; 2.88427 ; -5.95771
3.63625 ; 2.84237 ; 6.48192 ; 5.16001
7.57645 ; 3.41328 ; -6.39393 ; 7.07883
7.54387 ; 6.92146 ; -6.82941 ; -6.48311
4.06871 ; 3.24013 ; 7.13489 ; 6.56329
4.95978 ; 6.3429 ; -5.60413 ; -6.64893
7.77973 ; 3.18227 ; -5.74521 ; 6.80222
8.26514 ; 7.58522 ; -2.41766 ; -2.58283
4.65106 ; 4.22508 ; 6.96455 ; 6.92305
4.1029 ; 6.34381 ; 6.83804 ; -7.11775
7.01243 ; 4.98738 ; -6.70053 ; -6.29677
3.15485 ; 2.58876 ; 2.01075 ; 4.39683
6.00705 ; 4.72054 ; -6.51809 ; 6.53284
4.19459 ; 3.62336 ; 7.06048 ; 7.09915
7.29666 ; 3.53193 ; -6.9827 ; 7.05317
7.7009 ; 3.06683 ; -6.35992 ; 6.28284
4.17428 ; 6.51493 ; 7.03433 ; -7.01347
8.07183 ; 7.18016 ; 1.17783 ; -6.18836
7.11254 ; 3.91921 ; -6.70159 ; -5.1345
7.94574 ; 3.11013 ; -4.66524 ; 6.7548
7.80416 ; 6.98956 ; -5.8571 ; -6.56417
8.04963 ; 3.54883 ; -3.09447 ; 7.23325
7.48543 ; 3.3486 ; -6.75617 ; 6.91694
3.83302 ; 6.89914 ; 6.70106 ; -6.48065
7.52951 ; 6.80099 ; -6.73901 ; -6.82539
7.32335 ; 2.88487 ; -7.19409 ; 4.83713
8.17691 ; 5.91557 ; -1.90531 ; -6.99321
6.839 ; 3.18881 ; -7.14711 ; 6.03847
5.02555 ; 6.21832 ; -5.67933 ; -6.69129
7.79397 ; 4.00708 ; -4.99548 ; 7.11194
4.02569 ; 6.67846 ; 6.9374 ; -6.88609
7.46948 ; 6.77067 ; -6.86728 ; -6.834
3.41867 ; 2.3716 ; -2.12088 ; 0.938989
3.57192 ; 6.98926 ; 5.64048 ; -6.51236
3.82179 ; 6.8695 ; 6.61504 ; -6.61243
7.95567 ; 2.44604 ; 2.02332 ; 3.32016
3.39229 ; 7.29511 ; 5.6732 ; 1.95298
3.16843 ; 5.59306 ; 2.75179 ; 5.79606
4.65198 ; 3.18673 ; 7.13072 ; 6.03921
7.5016 ; 6.77724 ; -6.79053 ; -6.85364
7.39776 ; 6.66307 ; -6.91507 ; -6.97475
3.5501 ; 3.09799 ; 5.63752 ; 6.65549
7.15018 ; 3.68202 ; -7.04126 ; 7.08696
4.21726 ; 3.64242 ; 7.06924 ; 7.09975
4.27673 ; 5.38639 ; 6.62008 ; 6.04162
8.15916 ; 6.68018 ; 1.86622 ; 4.17656
7.81176 ; 4.69735 ; -5.19905 ; -6.02619
3.31963 ; 2.70009 ; -1.15738 ; 5.42493
3.77618 ; 6.9201 ; 6.52386 ; -6.49237
3.76393 ; 3.0641 ; 6.69748 ; 6.22972
3.86065 ; 6.83269 ; 6.69302 ; -6.68359
3.55091 ; 4.29037 ; 4.81992 ; 6.95834
3.29677 ; 7.26892 ; -0.880212 ; -5.87848
7.96706 ; 5.65371 ; 2.78808 ; 5.66029
8.13038 ; 2.54162 ; -4.75192 ; 1.86938
3.61111 ; 7.07897 ; 6.0404 ; -6.05504
7.70259 ; 3.1128 ; -6.27551 ; 6.48058
3.79735 ; 6.68405 ; 6.32146 ; -7.02298
7.71661 ; 7.12035 ; -6.49837 ; -5.82653
7.54273 ; 6.84659 ; -6.75738 ; -6.71299
8.07317 ; 2.65591 ; -4.70011 ; 4.16657
7.59223 ; 6.9274 ; -6.70133 ; -6.52008
7.54353 ; 3.30891 ; -6.62254 ; 6.88899
7.32025 ; 6.62263 ; -7.01502 ; -6.9729
6.86993 ; 3.39419 ; -7.13969 ; 6.59732
5.36689 ; 5.33496 ; 6.48723 ; 6.056
4.15919 ; 3.51646 ; -4.45177 ; -4.50915
8.18481 ; 7.35038 ; -0.373813 ; -5.5388
8.02214 ; 2.62006 ; -5.33744 ; 3.34806
4.19561 ; 6.51268 ; 7.0588 ; -6.99875
7.96099 ; 7.06195 ; -4.89056 ; -6.48759
8.1736 ; 4.90514 ; 1.64627 ; -6.14615
7.72635 ; 3.1619 ; -6.06545 ; 6.69431
7.42577 ; 3.65497 ; -6.63817 ; 7.17159
8.12953 ; 7.51177 ; -5.0213 ; -0.215635
7.41925 ; 6.37958 ; -6.67138 ; -7.16082
8.05094 ; 7.27944 ; -4.52417 ; -5.52783
3.73968 ; 3.14726 ; 6.51439 ; 6.58887
3.92255 ; 6.78911 ; 6.82111 ; -6.73024
3.86009 ; 3.27697 ; 6.76252 ; 6.8388
6.83827 ; 3.46604 ; -7.12091 ; 6.71471
3.90846 ; 7.24128 ; 7.07 ; -4.47419
3.68162 ; 3.01833 ; 6.45661 ; 6.13297
7.55974 ; 3.30926 ; -6.562 ; 6.90674
3.26285 ; 7.31678 ; 3.48907 ; -5.35081
7.35755 ; 2.72882 ; 4.08045 ; 5.05497
8.18247 ; 7.45484 ; -3.33381 ; -4.3782
3.62483 ; 3.06966 ; 6.11405 ; 6.45145
4.50173 ; 5.83883 ; -5.02368 ; 5.49559
3.55262 ; 7.02917 ; -2.62105 ; -6.41746
4.27494 ; 3.65959 ; 7.10018 ; 7.08247
4.17004 ; 3.48646 ; 7.11315 ; 6.98322
7.49213 ; 6.80817 ; -6.85333 ; -6.76094
7.54323 ; 3.33984 ; -6.58176 ; 6.95544
3.09594 ; 2.47517 ; 2.50501 ; 1.86045
7.83017 ; 3.53203 ; -5.07148 ; 7.21749
8.11181 ; 2.91859 ; 0.522002 ; 6.34859
8.06629 ; 7.52392 ; -5.35376 ; -1.77451
3.64855 ; 7.07863 ; 6.23676 ; -5.9795
7.33799 ; 3.48685 ; -6.95382 ; 7.02638
8.20425 ; 7.54447 ; -3.80981 ; -2.67891
7.64692 ; 3.19486 ; -6.3906 ; 6.69613
4.75218 ; 6.67377 ; 7.04762 ; -6.45239
4.41083 ; 4.7503 ; 6.70152 ; -6.07022
7.88724 ; 7.14116 ; -5.60846 ; -6.04226
4.03055 ; 6.70853 ; 6.98078 ; -6.80822
3.18907 ; 7.51247 ; 3.53818 ; -3.21018
3.94632 ; 3.37463 ; 6.87827 ; 6.96718
3.55527 ; 3.02661 ; 5.80068 ; 6.37602
3.64724 ; 5.6277 ; 5.19478 ; -6.80917
4.15434 ; 6.54848 ; 7.03633 ; -6.98765
7.54982 ; 6.84306 ; -6.72999 ; -6.73314
3.30142 ; 7.23881 ; 3.78557 ; -5.77503
8.00756 ; 7.2936 ; -5.06875 ; -5.17946
6.92453 ; 4.65001 ; -6.80079 ; 6.65483
3.32944 ; 6.67512 ; 4.88097 ; 4.15415
3.07972 ; 2.48225 ; 2.58442 ; 1.03149
3.85317 ; 6.86973 ; 6.72586 ; -6.5599
8.013 ; 7.37971 ; -5.26364 ; -4.46514
8.09625 ; 2.7376 ; 0.759113 ; 5.6276
8.06624 ; 7.46876 ; -5.09987 ; -3.40998
3.39626 ; 3.04136 ; 4.5613 ; 6.62845
4.00341 ; 3.48097 ; 6.89763 ; 7.08295
7.60136 ; 3.56851 ; -6.16335 ; 7.19129
7.61558 ; 3.61927 ; -6.06725 ; 7.20566
4.45167 ; 3.15509 ; -4.87464 ; 6.19136
3.88895 ; 6.83197 ; 6.78568 ; -6.63969
8.15324 ; 5.3088 ; -2.71602 ; -6.56438
3.15587 ; 2.58516 ; 1.525 ; 4.46621
7.82734 ; 3.09072 ; -5.60596 ; 6.57837
4.0332 ; 6.68017 ; 6.95867 ; -6.87103
3.86415 ; 3.42455 ; 6.61258 ; 7.09681
7.53291 ; 6.69278 ; 3.7529 ; -6.71027
7.85916 ; 4.24171 ; -4.57872 ; 6.9716
8.04344 ; 6.85036 ; -3.75372 ; -7.02362
3.6852 ; 3.10919 ; 6.34323 ; 6.5219
8.19574 ; 4.92732 ; 1.46428 ; -6.16988
7.72822 ; 3.08305 ; -6.19853 ; 6.39972
4.0299 ; 6.68371 ; 6.95492 ; -6.86623
7.68695 ; 7.01015 ; -6.46522 ; -6.32841
3.44507 ; 2.96181 ; 5.16323 ; 6.25279
3.89861 ; 3.31627 ; 6.82417 ; 6.89278
3.40373 ; 7.52295 ; -2.32924 ; 1.44035
7.27666 ; 6.94241 ; -7.18966 ; -6.15575
7.5667 ; 5.96407 ; -6.06816 ; -7.03917
7.82016 ; 7.18254 ; -6.12122 ; -5.64148
3.64988 ; 3.18681 ; 6.05447 ; 6.81792
3.19443 ; 7.57615 ; 2.8728 ; -1.43069
3.72447 ; 3.20104 ; 6.37124 ; 6.78518
7.32529 ; 3.47654 ; -6.98432 ; 7.00082
4.81195 ; 3.63333 ; 6.74816 ; -4.73146
6.98667 ; 7.28414 ; 4.79314 ; -4.92162
4.05864 ; 6.64574 ; 6.9718 ; -6.91764
3.80598 ; 6.88745 ; 6.58534 ; -6.57051
7.6451 ; 6.88571 ; -6.4564 ; -6.72298
3.37535 ; 7.1809 ; 4.50315 ; -5.95425
3.28551 ; 3.20667 ; -2.07508 ; -3.71231
4.11836 ; 3.18834 ; 7.18709 ; 6.37088
7.77781 ; 6.87372 ; 2.92695 ; -6.64381
7.39931 ; 2.87829 ; -7.12709 ; 4.92941
4.05523 ; 6.68757 ; 7.0057 ; -6.83158
3.44204 ; 3.04369 ; 4.96063 ; 6.59231
4.20061 ; 6.4927 ; 7.04865 ; -7.01853
3.97814 ; 3.44784 ; 6.87486 ; 7.05891
3.24147 ; 7.19461 ; 2.48651 ; -6.13287
4.59644 ; 6.04089 ; -5.15999 ; -6.71271
3.33396 ; 6.17134 ; 4.57605 ; 5.02654
7.6266 ; 2.61429 ; -6.90868 ; 2.05088
4.31548 ; 6.39244 ; 7.084 ; -7.0317
7.96975 ; 7.51034 ; -5.92034 ; -1.6941
3.80655 ; 3.23998 ; 6.63651 ; 6.8029
3.94185 ; 3.39253 ; 6.84823 ; 7.00465
7.40255 ; 3.44068 ; -6.86363 ; 7.01134
7.79929 ; 4.58582 ; -4.91284 ; 6.72666
4.64717 ; 3.54936 ; 7.10185 ; 6.81929
3.55164 ; 2.93412 ; 5.95998 ; 5.91247
8.1197 ; 7.5275 ; -4.88031 ; -2.24129
3.67697 ; 5.70634 ; 5.33791 ; -6.86429
3.75353 ; 3.06603 ; 6.66205 ; 6.25169
6.67171 ; 3.58287 ; -7.03853 ; 6.80074
7.91846 ; 3.97941 ; -2.29015 ; 7.09926
3.84286 ; 3.35674 ; 6.61455 ; 7.01965
3.18115 ; 6.49776 ; 3.75878 ; 4.50283
4.58128 ; 5.8023 ; -5.14487 ; -6.64968
3.5015 ; 7.1515 ; 5.51768 ; -5.85715
3.98529 ; 3.38502 ; 6.94956 ; 6.95415
7.36037 ; 3.48515 ; -6.90773 ; 7.04411
8.01152 ; 5.88708 ; -3.77782 ; -6.99495
6.38345 ; 7.44148 ; 5.6208 ; -3.48449
4.09983 ; 7.03383 ; 7.18423 ; -5.62905
7.46553 ; 3.33894 ; -6.82196 ; 6.87466
8.05341 ; 2.74318 ; -4.55271 ; 5.05036
8.15115 ; 2.57075 ; -4.19906 ; 3.14278
7.52939 ; 6.81495 ; -6.75648 ; -6.78808
3.71582 ; 6.99674 ; 6.39417 ; -6.26921
4.29028 ; 3.70842 ; 7.08544 ; 7.09839
8.03189 ; 7.28249 ; -4.74531 ; -5.45446
3.657 ; 3.67401 ; 5.6351 ; 7.24014
4.04237 ; 3.47221 ; 6.97808 ; 7.04588
7.47773 ; 3.30101 ; -6.83286 ; 6.79342
8.18148 ; 7.40259 ; -2.99377 ; -4.95324
7.4954 ; 3.43767 ; -6.6291 ; 7.06695
7.47622 ; 7.09201 ; 3.80356 ; -6.00256
7.52267 ; 3.32319 ; -6.67375 ; 6.9003
3.75288 ; 6.94045 ; 6.45924 ; -6.45078
7.83849 ; 6.98804 ; -5.64968 ; -6.60888
7.29327 ; 6.58654 ; -7.02361 ; -7.00466
7.87605 ; 3.10637 ; -5.24254 ; 6.6819
7.78561 ; 6.97984 ; -5.94175 ; -6.58126
4.08622 ; 6.59993 ; 6.97564 ; -6.97069
5.92928 ; 7.47543 ; -6.45434 ; 1.73436
3.64857 ; 3.4576 ; 5.74994 ; 7.19748
5.88063 ; 3.65039 ; 6.07151 ; -4.79155
8.15562 ; 7.54251 ; -4.63093 ; -1.78085
6.4621 ; 5.93053 ; -6.86588 ; -6.8762
5.64979 ; 7.07273 ; 6.38747 ; -5.13127
4.2397 ; 7.11257 ; 7.23753 ; -5.08352
7.45572 ; 6.58251 ; -6.73033 ; -7.09564
3.75927 ; 6.31037 ; 5.89869 ; -7.16863
7.80717 ; 2.92508 ; -6.06431 ; 5.74629
7.69006 ; 6.12774 ; -5.67044 ; -7.13032
8.20183 ; 7.55272 ; -3.98016 ; -2.22183
3.16543 ; 2.53378 ; 0.655317 ; 4.08512
8.15844 ; 7.48324 ; -4.0088 ; -3.76329
4.01286 ; 3.44318 ; 6.95007 ; 7.0256
8.26911 ; 7.61852 ; -1.15332 ; -2.47723
7.78732 ; 2.77293 ; -6.37856 ; 4.54833
3.3966 ; 2.85812 ; 4.99348 ; 5.77023
3.2389 ; 2.79636 ; 3.18003 ; 5.76806
7.49441 ; 3.29005 ; -6.80091 ; 6.78296
7.01929 ; 7.40832 ; 4.72402 ; -4.25786
8.14076 ; 2.57824 ; 0.454341 ; 4.61658
8.19604 ; 7.51146 ; -3.54723 ; -3.54652
3.56916 ; 3.02994 ; 5.87857 ; 6.36805
8.16801 ; 7.1071 ; -2.0853 ; -6.51647
7.08711 ; 3.352 ; -7.17562 ; 6.63304
3.81794 ; 7.5665 ; -3.48536 ; -3.69087
3.27944 ; 7.43262 ; 4.38836 ; -3.98034
4.21142 ; 6.50235 ; 7.06862 ; -6.99851
8.2023 ; 2.58727 ; -2.76723 ; 4.11331
8.03272 ; 2.78623 ; -4.63129 ; 5.34849
3.79761 ; 6.93317 ; 6.62757 ; -6.4005
5.46372 ; 2.46705 ; -6.07514 ; 1.21189
7.57694 ; 7.02423 ; -6.83379 ; -6.11358
3.25853 ; 4.27067 ; -1.40291 ; 6.87071
8.20092 ; 7.32048 ; -1.3474 ; -5.67638
8.34239 ; 6.15858 ; -1.09593 ; 4.94573
3.65847 ; 3.12398 ; 6.18973 ; 6.61846
3.32388 ; 7.3324 ; 4.43738 ; -4.99363
3.93427 ; 6.56629 ; 6.63955 ; -7.08147
7.52454 ; 6.63738 ; -6.59773 ; -7.07737
4.12831 ; 6.5787 ; 7.02512 ; -6.96359
4.17204 ; 6.53931 ; 7.05272 ; -6.98355
7.36575 ; 3.44768 ; -6.93869 ; 6.98751
7.41321 ; 3.43249 ; -6.84682 ; 7.00685
3.89029 ; 3.3848 ; 6.72432 ; 7.03113
3.63777 ; 2.82843 ; 6.5022 ; 5.04977
7.28136 ; 6.80355 ; -7.14266 ; -6.59498
7.40478 ; 3.56942 ; -6.58034 ; -4.55522
4.36082 ; 2.75753 ; -4.68957 ; 4.91012
3.55157 ; 7.21481 ; 5.98711 ; -5.3068
7.0745 ; 3.75857 ; -7.05075 ; 7.08358
8.15879 ; 7.49836 ; 0.354061 ; -4.52778
4.61764 ; 5.28985 ; -5.1979 ; -6.37704
3.2204 ; 4.0066 ; -0.685315 ; 7.04226
3.4179 ; 2.80762 ; 5.31253 ; 5.36387
3.83244 ; 6.77023 ; 6.52434 ; -6.86958
7.57747 ; 7.01909 ; -6.82822 ; -6.13893
3.76539 ; 3.19325 ; 6.54969 ; 6.71292
7.30106 ; 3.69565 ; -6.85836 ; 7.14491
7.44919 ; 3.5567 ; -6.65469 ; 7.14469
4.13173 ; 6.5861 ; 7.03827 ; -6.94731
7.43798 ; 3.37983 ; -6.84768 ; 6.93299
4.49779 ; 2.43921 ; -4.87739 ; -0.844054
7.38206 ; 6.83222 ; -7.05928 ; -6.59891
5.84363 ; 6.9192 ; -6.47314 ; -5.75814
3.76723 ; 3.12056 ; 6.65092 ; 6.45395
3.76946 ; 6.4487 ; 6.02635 ; -7.17112
3.31272 ; 2.64149 ; 4.88337 ; 4.01242
4.94134 ; 2.4814 ; 6.13976 ; 0.280978
8.24053 ; 7.56225 ; -3.78724 ; -1.09295
5.21734 ; 3.96137 ; 6.72549 ; 6.85889
3.17627 ; 2.66954 ; 2.06369 ; 5.10806
4.00224 ; 3.52332 ; 6.86177 ; 7.12269
7.24282 ; 6.5372 ; -7.05249 ; -7.02865
7.92482 ; 3.11751 ; -4.84124 ; 6.75637
7.35583 ; 3.47817 ; -6.9257 ; 7.02831
3.94325 ; 6.77896 ; 6.8671 ; -6.7277
3.19338 ; 2.7651 ; 1.94815 ; 5.73362
7.38752 ; 3.4427 ; -6.89676 ; 7.00043
4.35978 ; 3.09433 ; -4.72016 ; 6.09697
3.31147 ; 7.25437 ; 3.97491 ; -5.65296
3.37213 ; 7.33727 ; 4.98896 ; -4.75072
7.72615 ; 3.47476 ; -5.69016 ; 7.17912
5.34643 ; 2.75595 ; 6.65801 ; 3.94127
7.89318 ; 7.2019 ; -5.71271 ; -5.68127
4.40702 ; 3.50731 ; -4.82759 ; 6.69369
7.1002 ; 3.72567 ; -7.05246 ; 7.0832
6.66311 ; 6.81394 ; -6.80324 ; 4.03398
4.25445 ; 3.67246 ; 7.08091 ; 7.09855
4.37585 ; 3.7921 ; 7.08582 ; 7.08826
7.54984 ; 6.80449 ; -6.68216 ; -6.83698
3.75228 ; 3.19642 ; 6.48979 ; 6.74111
7.44163 ; 3.3465 ; -6.87535 ; 6.86713
3.27516 ; 4.03293 ; -1.36618 ; 7.00211
7.50137 ; 7.04844 ; -7.00141 ; -5.91329
3.34067 ; 7.36744 ; 4.78967 ; -4.53898
7.8912 ; 7.22926 ; -5.7919 ; -5.48027
8.09234 ; 2.62169 ; -4.6404 ; 3.76673
3.60939 ; 7.20162 ; 6.26673 ; -5.26343
3.74884 ; 6.64007 ; -3.4395 ; -6.79706
3.8126 ; 3.23701 ; 6.66422 ; 6.78523
7.47676 ; 6.78734 ; -6.86884 ; -6.79928
8.31732 ; 4.56398 ; 0.00483489 ; -5.83303
4.11977 ; 3.53067 ; 7.04187 ; 7.06424
4.07587 ; 6.4544 ; 6.86018 ; -7.09809
3.48261 ; 7.38304 ; 5.93347 ; -3.80562
5.21573 ; 2.55241 ; 6.74122 ; 1.88628
3.29115 ; 2.5396 ; 5.15232 ; 1.43954
3.88015 ; 6.82653 ; 6.7494 ; -6.67316
7.25993 ; 4.49146 ; -6.5417 ; 6.78702
3.87733 ; 3.28624 ; 6.80122 ; 6.84318
3.69461 ; 7.04157 ; 6.38603 ; -6.08501
3.0707 ; 4.42898 ; 0.762185 ; -5.65821
8.22388 ; 6.80222 ; -3.76906 ; 3.82846
7.20214 ; 3.62282 ; -7.03166 ; 7.07814
7.40273 ; 3.4239 ; -6.88237 ; 6.98131
7.19295 ; 6.48055 ; -7.06522 ; -7.05072
7.65261 ; 6.96058 ; -6.5322 ; -6.48062
3.31697 ; 3.66195 ; -1.47034 ; 7.10409
3.45689 ; 4.72991 ; 4.53874 ; -6.03662
3.22258 ; 2.89117 ; 0.35535 ; 6.31265
8.05462 ; 4.15433 ; -4.342 ; -5.39164
7.9082 ; 7.27099 ; -5.77633 ; -5.19248
7.33163 ; 3.51425 ; -6.93669 ; 7.05891
4.24963 ; 6.45728 ; 7.07434 ; -7.01839
3.63668 ; 7.48979 ; 6.59747 ; -0.612147
7.70043 ; 7.02625 ; -6.43119 ; -6.27653
7.68394 ; 7.0482 ; -6.53036 ; -6.14801
5.77108 ; 4.08902 ; 6.28171 ; 6.75952
6.33754 ; 7.52763 ; 5.66549 ; -2.66882
5.76589 ; 5.9929 ; -6.38205 ; -6.75278
3.56259 ; 4.07596 ; 4.92272 ; 7.09267
6.41432 ; 7.25957 ; 5.59403 ; -4.6554
7.45542 ; 3.30724 ; -6.88002 ; 6.78613
6.23558 ; 3.18231 ; -6.77712 ; 5.83575
7.89985 ; 2.36374 ; 2.41861 ; 1.55911
4.29715 ; 6.40374 ; 7.07871 ; -7.03459
7.35393 ; 3.79057 ; -6.70419 ; 7.15722
7.57801 ; 6.42147 ; -6.26537 ; 4.69479
7.99879 ; 7.29184 ; -5.10461 ; -5.28636
4.13898 ; 3.56307 ; 7.04225 ; 7.0845
7.56905 ; 3.24982 ; -6.61699 ; 6.76281
4.23859 ; 2.7316 ; 7.27147 ; 3.62988
7.9272 ; 2.91245 ; -5.26971 ; 5.93042
3.42429 ; 2.76791 ; 5.4693 ; 5.00738
4.3386 ; 6.68989 ; 7.1793 ; -6.6307
3.16117 ; 5.69574 ; -1.41177 ; 5.63653
3.48366 ; 5.28006 ; -2.87569 ; -6.416
4.2644 ; 6.40837 ; 7.05593 ; -7.04863
4.53342 ; 7.6464 ; -4.94553 ; 0.624567
3.64912 ; 7.18478 ; 6.41232 ; -5.30509
4.04806 ; 3.50906 ; 6.95579 ; 7.08654
3.22349 ; 3.02178 ; -1.72777 ; -3.28757
3.28251 ; 3.70503 ; 2.64991 ; 7.23978
7.59657 ; 3.2004 ; -6.58933 ; 6.64087
3.33824 ; 6.19169 ; 3.11143 ; -7.13515
3.26226 ; 3.4564 ; 2.50175 ; 7.23115
7.40921 ; 6.70847 ; -6.93653 ; -6.90498
7.91387 ; 4.36821 ; -4.25739 ; 6.88392
7.89574 ; 7.46331 ; -6.18971 ; -2.8363
3.42485 ; 2.9785 ; 4.95039 ; 6.36078
7.43293 ; 3.4863 ; -6.75087 ; 7.087
3.95064 ; 4.76167 ; 6.18877 ; -6.08156
3.58616 ; 7.19486 ; 6.13605 ; -5.37576
4.17804 ; 2.96568 ; -4.16198 ; -3.30287
3.30371 ; 2.3894 ; -1.55071 ; 0.684962
7.73735 ; 3.13163 ; -6.06015 ; 6.60654
7.7522 ; 7.01612 ; -6.17274 ; -6.4033
7.90093 ; 2.47469 ; 2.05378 ; 3.61676
3.62318 ; 3.17955 ; 5.92725 ; 6.82257
5.20811 ; 6.33572 ; 6.73257 ; -6.73405
4.29482 ; 3.33119 ; 7.20883 ; 6.63631
3.10842 ; 7.58008 ; 2.70944 ; -1.75892
7.4533 ; 3.34186 ; -6.85045 ; 6.86869
3.35509 ; 7.27373 ; 4.57327 ; -5.39465
4.10915 ; 6.668 ; 7.06336 ; -6.82708
3.88679 ; 6.85881 ; 6.81315 ; -6.54887
7.40772 ; 6.59955 ; -6.84602 ; -7.05854
6.6792 ; 3.53993 ; -7.0464 ; 6.74979
7.39201 ; 3.46441 ; -6.86188 ; 7.039
4.24141 ; 6.46033 ; 7.0678 ; -7.02122
7.27338 ; 3.57297 ; -6.98228 ; 7.07909
3.26455 ; 5.38251 ; 2.68156 ; -6.60775
5.75255 ; 4.36674 ; -6.35333 ; 6.69782
7.6386 ; 5.36487 ; -5.68628 ; -6.62415
7.60776 ; 6.89837 ; -6.61249 ; -6.63859
3.95411 ; 6.76453 ; 6.87585 ; -6.75604
7.22262 ; 2.68259 ; -7.23209 ; 2.93494
7.40148 ; 7.34345 ; -7.19738 ; -3.73585
4.05572 ; 6.65259 ; 6.97422 ; -6.90564
4.24336 ; 6.4564 ; 7.06666 ; -7.02456
3.74582 ; 6.88529 ; 6.34319 ; -6.65998
3.78957 ; 3.2468 ; 6.56397 ; 6.84074
7.858 ; 2.80467 ; -5.99396 ; 4.99711
8.21764 ; 7.52505 ; -3.14789 ; -3.49338
3.39701 ; 2.57477 ; 5.72789 ; 2.37433
5.05362 ; 5.57918 ; 6.76046 ; -6.6868
4.22532 ; 3.5145 ; 7.13594 ; 6.98608
3.84497 ; 5.55576 ; 5.9176 ; -6.7553
4.03092 ; 3.45596 ; 6.97268 ; 7.03066
7.62668 ; 3.14945 ; -6.54755 ; 6.50516
8.18274 ; 2.62163 ; -3.01573 ; 4.42519
7.80534 ; 3.00466 ; -5.92074 ; 6.17949
7.76273 ; 7.15135 ; -6.35054 ; -5.7252
3.81974 ; 3.36079 ; 6.53582 ; 7.04024
4.57192 ; 5.80009 ; -5.11523 ; 5.53932
5.11785 ; 3.3456 ; 6.83043 ; 6.30674
7.59385 ; 6.98001 ; -6.75173 ; -6.32303
3.18119 ; 7.44123 ; 1.07862 ; -4.8305
8.00581 ; 5.14047 ; -3.9437 ; 6.25192
7.31255 ; 3.51592 ; -6.97017 ; 7.04543
3.98058 ; 6.52472 ; 6.72017 ; -7.09338
7.52028 ; 6.72627 ; -6.68881 ; -6.964
7.91815 ; 2.70776 ; -5.83161 ; 4.19734
3.98375 ; 3.22537 ; 7.04779 ; 6.57183
7.98825 ; 2.76057 ; -5.17228 ; 4.97315
7.52021 ; 3.32254 ; -6.68468 ; 6.89492
7.90895 ; 7.18368 ; -5.55465 ; -5.83733
7.23566 ; 5.19364 ; -6.53297 ; -6.47777
4.03731 ; 6.67506 ; 6.96141 ; -6.87883
3.63648 ; 3.01664 ; 6.26079 ; 6.19646
8.18979 ; 2.68448 ; -1.81731 ; 5.2004
4.243 ; 3.60526 ; 7.10663 ; 7.06257
7.60244 ; 2.91402 ; -6.82624 ; 5.33248
7.03123 ; 6.84719 ; -7.21137 ; -6.29656
8.02944 ; 5.15891 ; -3.89932 ; -6.44255
4.0666 ; 2.57242 ; 7.20298 ; 0.912116
7.85846 ; 2.83756 ; -5.9315 ; 5.25988
6.95195 ; 4.20222 ; -6.92722 ; 6.94949
8.24452 ; 4.77869 ; -0.340531 ; 6.52997
7.92834 ; 2.99978 ; -5.04612 ; 6.36736
8.1263 ; 3.62313 ; 0.692976 ; 7.13352
4.54824 ; 6.76241 ; 7.15025 ; -6.33551
4.28105 ; 6.42056 ; 7.07624 ; -7.03106
8.04785 ; 2.62447 ; -5.0941 ; 3.5669
4.06844 ; 6.73931 ; 7.05518 ; -6.70422
3.85514 ; 3.3076 ; 6.70858 ; 6.91737
7.91934 ; 7.46582 ; -6.08086 ; -2.8689
3.86658 ; 6.85524 ; 6.74854 ; -6.59201
7.65269 ; 6.59563 ; -6.13296 ; -7.15415
7.36227 ; 7.5603 ; 4.03596 ; -3.39731
3.86531 ; 3.34492 ; 6.69564 ; 6.98356
3.40855 ; 2.57923 ; 5.78451 ; 2.46049
3.99555 ; 3.34094 ; 6.99862 ; 6.86177
6.32541 ; 4.35667 ; -6.75908 ; 6.78376
3.0249 ; 6.17869 ; 1.14007 ; 5.0267
3.90244 ; 3.33494 ; 6.81264 ; 6.93044
7.20709 ; 3.61601 ; -7.031 ; 7.07511
7.78584 ; 7.13135 ; -6.07383 ; 2.89541
7.89365 ; 7.23267 ; -5.78354 ; -5.45774
3.93899 ; 6.75252 ; 6.8156 ; -6.81262
7.22077 ; 6.50551 ; -7.05429 ; -7.04632
3.15026 ; 7.0673 ; -1.29601 ; 3.24064
3.46371 ; 3.01438 ; 5.1973 ; 6.45691
7.80306 ; 4.8524 ; -5.17462 ; -6.17791
7.59544 ; 2.97022 ; -6.8043 ; 5.66457
3.67888 ; 7.41805 ; 6.71251 ; -2.85274
3.62543 ; 7.00897 ; 5.97975 ; -6.36785
7.92273 ; 2.71611 ; -5.7837 ; 4.30981
5.59362 ; 7.01218 ; -6.25052 ; -5.50044
4.23749 ; 2.85909 ; -4.47992 ; 5.44382
7.73902 ; 3.10534 ; -6.10126 ; 6.50836
6.82707 ; 3.42719 ; -6.82037 ; -4.34232
5.90983 ; 4.26869 ; 6.06351 ; -5.55699
3.91808 ; 3.59378 ; 6.62143 ; 7.18768
3.37806 ; 7.33036 ; 5.02118 ; -4.80441
3.45029 ; 7.28053 ; 5.47591 ; -5.03659
8.05827 ; 2.91474 ; -3.88552 ; 6.19609
6.68396 ; 6.438 ; -7.04498 ; -6.84936
8.30685 ; 2.47129 ; -1.87982 ; 0.777889
3.97671 ; 6.72618 ; 6.88453 ; -6.83118
3.11513 ; 4.91116 ; 0.572631 ; 6.44006
7.87603 ; 2.75872 ; -6.14427 ; -1.83886
7.53189 ; 3.26287 ; -6.7261 ; 6.75202
8.03195 ; 2.56444 ; -5.5763 ; 0.7203
8.05838 ; 2.83802 ; -4.12982 ; 5.78653
3.42852 ; 2.78265 ; 5.46578 ; 5.12511
8.08383 ; 2.76078 ; -4.07768 ; 5.31519
3.38556 ; 7.57228 ; -1.74999 ; -3.86296
3.71139 ; 7.27941 ; 6.71226 ; -4.42605
3.8002 ; 6.88292 ; 6.55112 ; -6.60082
8.19946 ; 7.33765 ; -1.02372 ; -5.59533
6.81331 ; 3.91988 ; -7.03035 ; 7.01513
3.27031 ; 3.17238 ; 2.73723 ; 6.9949
8.23168 ; 7.52433 ; -4.0928 ; -0.107024
3.82911 ; 6.9219 ; 6.71807 ; -6.39661
7.79087 ; 7.03235 ; -5.99791 ; -6.39273
3.4098 ; 2.77328 ; 5.34263 ; 5.0768
3.1967 ; 2.54045 ; 3.90026 ; 2.90327
7.79495 ; 2.87445 ; -6.2094 ; 5.39186
3.8569 ; 6.84225 ; 6.69637 ; -6.65449
3.82539 ; 3.25633 ; 6.68039 ; 6.82527
7.77903 ; 2.82409 ; -6.35043 ; 4.97792
5.29401 ; 4.11628 ; -5.86948 ; -5.38319
3.24589 ; 7.35696 ; 3.38945 ; -5.07733
8.07104 ; 2.55817 ; -5.32983 ; 0.83314
7.70839 ; 6.98368 ; -6.32923 ; -6.46991
4.98068 ; 7.47744 ; 6.82246 ; 1.25735
3.45963 ; 2.72389 ; 5.79849 ; 4.49521
4.13722 ; 3.53519 ; 7.05885 ; 7.05839
3.82182 ; 6.86254 ; 6.60011 ; -6.64214
3.99446 ; 3.50585 ; 6.85977 ; 7.11165
6.72098 ; 7.65673 ; 5.15261 ; -1.07723
7.58786 ; 6.806 ; -6.56355 ; -6.8665
3.05683 ; 2.47073 ; 1.55988 ; 0.588458
4.1429 ; 6.56162 ; 7.03115 ; -6.97786
7.86881 ; 7.12475 ; -5.70431 ; -6.09421
7.6959 ; 6.95051 ; -6.33618 ; -6.57495
8.15186 ; 3.55786 ; -0.642937 ; 7.18901
7.92278 ; 2.76669 ; -5.67004 ; 4.83
4.08302 ; 6.6305 ; 6.71402 ; 4.34892
7.48627 ; 3.36405 ; -6.73325 ; 6.95074
7.55479 ; 3.29954 ; -6.59386 ; 6.87833
3.21534 ; 2.75497 ; 2.87369 ; 5.56033
8.02004 ; 7.25177 ; -4.77419 ; -5.64737
4.07456 ; 6.59895 ; 6.95373 ; -6.98178
3.95628 ; 6.74581 ; 6.85565 ; -6.80648
7.67284 ; 3.15827 ; -6.33668 ; 6.60682
3.27616 ; 7.50357 ; 5.08991 ; -0.428412
3.96448 ; 6.73455 ; 6.86215 ; -6.82606
3.82428 ; 6.86643 ; 6.61877 ; -6.62166
5.82723 ; 2.80437 ; -6.44404 ; 4.2467
3.96058 ; 6.75854 ; 6.88561 ; -6.76445
7.61017 ; 3.31439 ; -6.4111 ; -3.99766
4.07632 ; 3.75691 ; 6.83558 ; 7.16853
3.47042 ; 2.61676 ; 6.04256 ; 3.01048
3.68543 ; 3.12783 ; 6.3121 ; 6.59658
7.60487 ; 3.22241 ; -6.52065 ; 6.72852
3.75723 ; 3.14987 ; 6.58222 ; 6.57187
7.55343 ; 3.25377 ; -6.66768 ; 6.75373
8.04671 ; 7.43972 ; -5.16808 ; -3.79799
3.85578 ; 3.30824 ; 6.71039 ; 6.91909
4.13159 ; 4.43205 ; 6.51363 ; -5.74642
4.43086 ; 3.77648 ; 7.10182 ; 7.06589
3.31293 ; 6.93432 ; 3.37184 ; -6.80685
3.1021 ; 2.43635 ; 0.97021 ; 1.934
5.76792 ; 5.43566 ; 6.19788 ; 5.94421
4.0135 ; 6.69571 ; 6.93148 ; -6.85929
3.41705 ; 4.70839 ; 4.31732 ; -6.01505
3.65974 ; 3.09793 ; 6.24084 ; 6.51534
3.88877 ; 2.87982 ; 7.0641 ; 5.08847
3.71286 ; 3.5452 ; -3.57799 ; -4.50683
3.78852 ; 6.89537 ; 6.52635 ; -6.57178
3.78007 ; 4.14725 ; 5.86771 ; 7.04558
4.13292 ; 6.50096 ; 6.97332 ; -7.04892
4.39193 ; 6.31121 ; 7.07776 ; -7.03345
7.87437 ; 2.93148 ; -5.62779 ; 5.92729
4.3494 ; 3.75487 ; -4.76594 ; -4.82895
3.78974 ; 3.27194 ; 6.53162 ; 6.90084
8.17743 ; 2.68515 ; -2.57465 ; 5.08907
3.16574 ; 2.61098 ; 1.22927 ; 4.76082
8.19201 ; 2.54941 ; -3.60972 ; 3.16875
3.38926 ; 7.12136 ; 4.48975 ; -6.22477
4.48626 ; 7.57207 ; -4.8803 ; -3.05003
3.71673 ; 3.10226 ; 6.48801 ; 6.44926
8.22761 ; 7.49228 ; -4.18362 ; 0.348404
7.83228 ; 7.19082 ; -6.06915 ; -5.61185
7.59465 ; 3.20856 ; -6.58326 ; 6.66731
3.16582 ; 3.21198 ; 3.85856 ; -3.64671
3.41506 ; 7.60495 ; -1.9256 ; -3.48576
7.24232 ; 6.30409 ; -6.92141 ; -7.12207
8.13516 ; 7.46623 ; -4.27855 ; -3.88116
3.73296 ; 2.97343 ; 6.68277 ; 5.83471
7.60173 ; 3.46842 ; -6.24906 ; 7.13962
3.90991 ; 6.80733 ; 6.81267 ; -6.68987
8.04714 ; 7.52067 ; -5.48732 ; -1.70576
6.38618 ; 5.92633 ; 5.5966 ; 5.419
4.41597 ; 3.48846 ; 7.17562 ; 6.85142
7.96526 ; 2.63593 ; -5.70158 ; 3.36965
4.01456 ; 3.45318 ; 6.94336 ; 7.04011
3.95516 ; 3.42792 ; 6.84315 ; 7.04815
7.34442 ; 6.62318 ; -6.97542 ; -6.99386
7.29729 ; 4.18357 ; -6.59658 ; 6.99173
7.44734 ; 6.72785 ; -6.87285 ; -6.90488
7.03999 ; 3.78493 ; -7.05465 ; 7.0768
3.26042 ; 2.69028 ; -0.577989 ; 5.39545
8.04223 ; 2.91987 ; -4.07616 ; 6.1948
3.50266 ; 7.22075 ; 5.69174 ; -5.39166
3.23142 ; 2.38929 ; -0.96783 ; 1.30832
7.79767 ; 7.17763 ; -6.22963 ; -5.62477
7.58613 ; 7.04534 ; -6.82812 ; -6.0242
3.82776 ; 7.63859 ; -3.52584 ; -2.87182
6.28431 ; 4.61468 ; -6.70105 ; 6.63003
3.58396 ; 7.36414 ; 6.38136 ; -3.6974
7.05353 ; 6.35607 ; -7.08573 ; -7.05486
4.09671 ; 7.10911 ; 7.19843 ; -5.2162
3.77434 ; 3.35964 ; 6.37982 ; 7.06332
3.19314 ; 7.43433 ; 0.646167 ; -4.93628
3.22113 ; 2.74456 ; 3.05391 ; 5.47198
7.70289 ; 6.9231 ; -6.2626 ; -6.67432
3.98492 ; 6.74768 ; 6.92942 ; -6.76255
7.58335 ; 6.84226 ; -6.62128 ; -6.77486
4.04566 ; 6.64719 ; 6.94554 ; -6.92951
7.46147 ; 6.18052 ; -6.45304 ; -7.13416
8.06425 ; 7.42034 ; 1.24895 ; -5.07779
5.83526 ; 2.75215 ; -6.34382 ; -2.62122
8.14678 ; 7.25059 ; 0.294892 ; -5.99472
5.40766 ; 6.54424 ; -6.07485 ; -6.48511
8.00916 ; 7.36787 ; -5.25845 ; -4.58918
7.96797 ; 2.9778 ; -4.73786 ; 6.33342
8.21415 ; 2.53563 ; -4.14657 ; 0.54977
3.37491 ; 3.91709 ; 4.62967 ; -5.05555
7.78383 ; 3.0685 ; -5.919 ; 6.43113
8.05248 ; 7.37211 ; -4.8403 ; -4.71388
7.34406 ; 6.64636 ; -6.99739 ; -6.9554
3.17752 ; 2.63304 ; 2.64105 ; 4.6869
7.28653 ; 6.5861 ; -7.03374 ; -6.99914
6.34853 ; 3.0315 ; -6.85999 ; 5.29883
8.06183 ; 7.27212 ; -4.37322 ; -5.60723
8.05494 ; 7.39862 ; -4.92685 ; -4.40294
7.6774 ; 7.23689 ; -6.7402 ; -4.99611
6.31104 ; 7.15108 ; -6.84414 ; -4.83585
7.35583 ; 6.64988 ; -6.97984 ; -6.96027
7.51548 ; 3.4983 ; -6.51696 ; 7.13129
7.54981 ; 3.29796 ; -6.61655 ; 6.86774
7.69645 ; 3.07418 ; -6.36861 ; 6.30986
7.77283 ; 6.86038 ; -5.84042 ; -6.88439
5.89652 ; 3.63393 ; 6.18184 ; 6.61665
7.88252 ; 7.17017 ; -5.71242 ; -5.86366
4.76249 ; 4.58856 ; 6.74446 ; -5.90582
3.27435 ; 7.36203 ; 5.09196 ; 1.50286
7.51644 ; 7.22002 ; 3.69913 ; -5.5941
4.21566 ; 6.48959 ; 7.06336 ; -7.01046
3.13993 ; 2.54264 ; 1.89395 ; 3.88305
3.50141 ; 2.74298 ; 6.005 ; 4.58343
8.12872 ; 2.5504 ; -4.9315 ; 0.675054
4.92438 ; 5.75825 ; 6.84983 ; -6.80357
7.05406 ; 2.65396 ; 4.67645 ; 4.41024
3.34384 ; 4.99154 ; -2.34182 ; -6.19404
7.45473 ; 6.75445 ; -6.88492 ; -6.85581
8.21715 ; 2.57662 ; -4.23413 ; -0.24811
7.82863 ; 7.16229 ; -6.03187 ; -5.79599
7.50947 ; 6.81253 ; -6.81108 ; -6.77057
3.57683 ; 3.22339 ; 5.59876 ; 6.95209
3.89607 ; 6.84377 ; 6.82144 ; -6.5887
3.60681 ; 3.10446 ; 5.95772 ; 6.61123
7.50964 ; 6.93324 ; -6.63606 ; 3.5893
7.2713 ; 6.55855 ; -7.03307 ; -7.02436
7.50596 ; 6.80192 ; -6.80747 ; -6.79651
7.66414 ; 2.68092 ; -6.72324 ; -1.23287
7.54303 ; 3.33202 ; -6.59283 ; 6.93923
3.18654 ; 7.39707 ; 1.39265 ; -5.12771
4.03787 ; 6.65584 ; 6.9386 ; -6.92032
4.76704 ; 3.56441 ; 7.04283 ; 6.78496
3.46798 ; 6.77512 ; 5.59448 ; 3.92346
8.32209 ; 7.00221 ; 0.45298 ; 3.3625
8.05224 ; 7.22706 ; -4.3549 ; -5.86863
4.33104 ; 6.3627 ; 7.07687 ; -7.04049
4.33729 ; 3.76608 ; 7.08268 ; 7.09711
7.44754 ; 3.33883 ; -6.86889 ; 6.85457
7.45257 ; 3.32499 ; -6.87051 ; 6.82659
3.16402 ; 2.60963 ; 2.34219 ; 4.52854
3.78054 ; 3.18014 ; 6.62807 ; 6.64831
4.10067 ; 6.60697 ; 7.00797 ; -6.94369
6.82403 ; 5.06947 ; -6.77261 ; -6.36021
7.67277 ; 6.99713 ; -6.50497 ; -6.36253
3.50562 ; 2.88124 ; 5.77574 ; 5.68332
7.22687 ; 6.51859 ; -7.05692 ; -7.03735
8.22297 ; 7.47623 ; -2.12819 ; -4.45164
7.96894 ; 7.36318 ; -5.56877 ; -4.50379
7.5691 ; 3.25835 ; -6.60288 ; 6.78888
3.27593 ; 2.81511 ; -1.89509 ; -2.63022
3.7101 ; 3.20996 ; 6.29749 ; 6.82397
4.02969 ; 6.66162 ; 6.92625 ; -6.91789
3.67158 ; 3.03427 ; 6.3936 ; 6.2244
7.45402 ; 3.45336 ; -6.72711 ; 7.0628
8.04939 ; 2.8854 ; -4.08759 ; 6.03623
3.12011 ; 2.65737 ; 3.79686 ; -1.20535
8.21943 ; 7.56278 ; -0.443133 ; -3.78516
7.70558 ; 7.14179 ; -6.56508 ; -5.68158
8.24683 ; 7.50935 ; -3.94828 ; 0.184803
3.9844 ; 7.69626 ; -3.88566 ; -1.52182
3.07315 ; 2.45081 ; 1.28765 ; 1.09911
7.95505 ; 4.65883 ; -4.56347 ; -5.98193
6.22762 ; 2.52333 ; 5.79949 ; 2.68445
8.14069 ; 5.70608 ; -3.40592 ; 5.64922
7.1143 ; 3.95181 ; 4.69743 ; -5.14219
4.02196 ; 6.80035 ; 7.02835 ; -6.58674
8.21469 ; 7.58548 ; -0.00874496 ; -2.93906
4.05893 ; 6.86206 ; 7.10027 ; -6.36774
4.34836 ; 6.38448 ; -4.77553 ; -6.72882
