4.46294 ; 4.90219 ; 6.321 ; 6.35067
4.29589 ; 6.0238 ; 6.3536 ; -6.70016
3.95559 ; 6.66263 ; 6.0372 ; -6.22977
6.5758 ; 5.88261 ; -6.66536 ; -6.61814
5.23492 ; 4.50728 ; 6.50358 ; 6.49745
6.5738 ; 5.85439 ; -6.65588 ; -6.61928
4.57373 ; 4.05061 ; 6.67753 ; 6.69766
5.03587 ; 5.48466 ; 6.53864 ; -6.45594
3.23117 ; 6.62971 ; 0.964782 ; -6.54039
4.24935 ; 3.74802 ; 6.51169 ; 6.65369
4.09541 ; 4.4516 ; 5.89598 ; 6.64593
5.8543 ; 4.55451 ; -6.29725 ; 6.41741
8.21247 ; 7.0723 ; -2.86313 ; 3.47386
6.72274 ; 6.60551 ; 5.28945 ; -5.78644
4.00929 ; 7.65456 ; -4.25015 ; -1.4859
5.68566 ; 3.45154 ; -6.21894 ; 5.67625
7.74963 ; 7.46556 ; -5.63492 ; -2.01
4.14445 ; 3.26638 ; 6.58628 ; 5.79496
4.82901 ; 4.47554 ; 6.60536 ; 6.57429
6.03123 ; 3.32307 ; 5.99891 ; 5.44757
4.8009 ; 4.2379 ; 6.67059 ; 6.64603
6.70038 ; 4.12234 ; -6.65876 ; 6.64663
4.30787 ; 3.77336 ; 6.57698 ; 6.65213
6.02623 ; 4.29552 ; -6.42363 ; 6.49449
7.84316 ; 3.22928 ; -4.39386 ; 6.08728
3.23171 ; 6.38448 ; -1.12192 ; -6.64982
5.19725 ; 6.05686 ; 6.55708 ; -6.43609
5.09935 ; 5.92931 ; 6.59374 ; -6.50909
6.46246 ; 5.75608 ; -6.62238 ; -6.58034
5.2265 ; 5.85734 ; -5.77187 ; 5.51768
3.97435 ; 3.65063 ; 6.01059 ; 6.66558
4.53047 ; 6.71653 ; 6.79451 ; -5.69955
4.01006 ; 3.52113 ; 6.19308 ; 6.48169
4.62581 ; 5.0193 ; 6.37858 ; -6.19056
7.94661 ; 7.35262 ; -4.4783 ; -3.61272
4.39344 ; 6.31181 ; 6.60748 ; -6.5399
8.27464 ; 7.60388 ; -0.624803 ; -1.69135
7.40452 ; 6.66244 ; -6.17561 ; -6.28951
7.01123 ; 3.89232 ; -6.54147 ; 6.67486
8.06779 ; 5.21499 ; 2.67828 ; -6.26511
6.63537 ; 5.68175 ; -6.60385 ; -6.59006
7.00172 ; 3.87186 ; -6.5635 ; 6.65864
5.95026 ; 5.42677 ; -6.35511 ; -6.38173
7.06082 ; 6.76522 ; -6.75338 ; -5.7885
6.85751 ; 4.3218 ; -6.50537 ; 6.65189
7.40185 ; 6.73026 ; -6.22925 ; -6.125
4.71856 ; 6.01229 ; 6.67711 ; -6.59965
7.42027 ; 6.65483 ; -6.12774 ; -6.31488
8.12197 ; 7.56766 ; -3.6677 ; -0.351048
4.84768 ; 5.85455 ; 6.64328 ; -6.58971
7.56912 ; 6.94376 ; -5.88981 ; -5.57124
4.83386 ; 5.8771 ; 6.65009 ; -6.59133
7.04395 ; 6.38039 ; -6.63752 ; -6.54551
6.67386 ; 4.16421 ; -6.65004 ; 6.64503
5.84686 ; 6.02301 ; 6.01312 ; 5.37518
7.13493 ; 4.07037 ; -6.28473 ; 6.73697
4.59502 ; 6.04689 ; 6.63962 ; -6.63559
7.16872 ; 3.783 ; -6.38106 ; 6.65995
4.65391 ; 6.04017 ; 6.66476 ; -6.61735
4.04299 ; 3.52862 ; 6.26684 ; 6.47737
5.62695 ; 5.69436 ; 6.26741 ; -6.40592
6.82893 ; 6.14208 ; -6.69703 ; -6.64079
7.03567 ; 3.86981 ; -6.52411 ; 6.67054
3.2321 ; 7.08765 ; -1.07516 ; -5.48592
5.02669 ; 4.46499 ; 6.58686 ; 6.54893
7.59441 ; 3.42978 ; 3.89881 ; 6.1499
4.06582 ; 6.73079 ; 6.35258 ; -5.97904
4.31423 ; 6.34049 ; 6.53152 ; -6.55073
7.42941 ; 6.62965 ; -6.08382 ; -6.3735
7.00176 ; 4.64044 ; -6.25859 ; 6.50506
3.41347 ; 7.12908 ; -2.50388 ; -5.21929
6.51176 ; 7.33708 ; 5.49847 ; -3.22149
4.42684 ; 6.27221 ; 6.61947 ; -6.56298
8.04306 ; 5.84993 ; 2.98513 ; 5.46557
7.72148 ; 2.70396 ; -5.61645 ; 3.01384
4.72256 ; 4.16755 ; 6.68483 ; 6.66771
4.21765 ; 6.67307 ; 6.57681 ; -6.0214
3.77702 ; 6.92151 ; 5.66434 ; -5.5886
4.38887 ; 6.4567 ; 6.66882 ; -6.35223
4.24848 ; 3.16742 ; 6.73291 ; 5.3811
4.38116 ; 5.10632 ; 6.20239 ; 6.20611
4.46455 ; 3.98043 ; 6.63551 ; 6.71396
7.35958 ; 3.58844 ; -6.11067 ; 6.53893
7.02647 ; 6.30929 ; -6.62328 ; -6.61072
4.40569 ; 3.83109 ; 6.65366 ; 6.65745
3.98918 ; 7.46198 ; -4.21288 ; -3.21605
3.9541 ; 3.68636 ; 5.9272 ; 6.70548
3.22795 ; 2.93005 ; 1.92252 ; 5.28017
3.31584 ; 4.26753 ; 2.19987 ; 6.74568
6.66143 ; 4.18326 ; -6.64591 ; 6.64386
7.00235 ; 3.92971 ; -6.53182 ; 6.68975
7.95954 ; 7.30827 ; -4.49551 ; 2.63365
4.22423 ; 6.67495 ; 6.587 ; -6.01047
4.8255 ; 6.01391 ; 6.68476 ; -6.56275
6.0295 ; 5.69041 ; -6.42854 ; -6.47451
4.76673 ; 4.20617 ; 6.67878 ; 6.65585
8.36766 ; 3.61149 ; 0.763825 ; -4.71619
7.42625 ; 6.14757 ; -5.78969 ; -6.77857
5.5164 ; 6.5525 ; -6.1028 ; -5.81934
4.49323 ; 3.87376 ; 6.70475 ; 6.65115
6.76997 ; 4.10212 ; -6.63683 ; 6.66612
4.35188 ; 6.28485 ; 6.54669 ; -6.58799
5.70698 ; 6.78476 ; -6.2556 ; -5.31759
3.63816 ; 5.05977 ; 4.28225 ; -6.23357
7.91621 ; 2.89063 ; -4.77653 ; -3.10814
6.88302 ; 6.14716 ; -6.66739 ; -6.66069
3.96727 ; 4.21196 ; -4.28732 ; 6.47292
7.23517 ; 3.10626 ; -6.60174 ; 5.12859
3.82256 ; 2.65002 ; 6.05219 ; -1.91038
3.6688 ; 2.68779 ; 5.6286 ; -2.14237
3.26479 ; 3.01161 ; 2.48561 ; 5.45008
7.73219 ; 2.55457 ; 3.46268 ; 3.10919
4.26123 ; 3.49205 ; 6.64864 ; 6.28935
4.06066 ; 6.88656 ; 6.42928 ; -5.46419
5.98888 ; 3.62356 ; 6.03183 ; 6.00823
3.97039 ; 3.35259 ; 6.20518 ; 6.15927
4.54839 ; 6.14206 ; 6.65396 ; -6.61085
7.3604 ; 7.29552 ; -6.56558 ; -3.35211
4.66388 ; 5.38827 ; 6.47498 ; -6.43647
7.4127 ; 2.8893 ; -6.39491 ; 4.13225
4.1804 ; 3.77158 ; 6.38711 ; 6.69888
8.22249 ; 2.65409 ; -1.03715 ; 3.79045
5.38566 ; 2.72325 ; -5.88939 ; -3.05716
6.43608 ; 5.11353 ; 5.60654 ; 6.06784
8.36833 ; 2.70376 ; -0.79385 ; -2.461
7.01975 ; 5.40228 ; -6.28001 ; -6.47901
4.41595 ; 3.6932 ; 6.71533 ; 6.52127
6.61091 ; 5.90793 ; -6.67099 ; -6.62773
7.16249 ; 5.94636 ; -6.27659 ; -6.73279
7.34229 ; 3.87719 ; -5.95839 ; 6.75253
4.54385 ; 6.1367 ; 6.64773 ; -6.61672
4.82441 ; 4.69176 ; 6.40309 ; -5.93215
6.76109 ; 4.11465 ; -6.6358 ; 6.66566
6.7423 ; 3.85701 ; -6.71834 ; 6.54575
3.31342 ; 6.93817 ; -1.87546 ; -5.86242
4.74147 ; 7.59275 ; -5.32921 ; -1.59668
6.94166 ; 3.88191 ; -6.61874 ; 6.63965
4.20472 ; 3.76915 ; 6.43106 ; 6.68893
4.41528 ; 3.86711 ; 6.64504 ; 6.67935
4.78102 ; 4.10265 ; 6.70674 ; 6.64428
3.97216 ; 7.01064 ; 6.31306 ; -5.00858
4.89487 ; 4.23682 ; 6.66443 ; 6.62219
3.25238 ; 2.9314 ; 2.35087 ; 5.27584
4.28693 ; 4.63539 ; 6.03545 ; -5.89104
4.54702 ; 6.27021 ; 6.70491 ; -6.50359
4.38702 ; 4.99616 ; 6.2303 ; 6.28714
7.02596 ; 3.32901 ; 4.92259 ; 5.74006
7.16062 ; 3.56879 ; -6.51944 ; 6.40311
6.68213 ; 5.86469 ; -6.64822 ; -6.64482
6.55356 ; 5.86675 ; -6.66093 ; -6.61241
8.25838 ; 7.58889 ; -1.66809 ; -1.5264
3.29596 ; 6.89365 ; 3.709 ; 3.97559
6.56156 ; 5.84303 ; -6.65344 ; -6.61569
5.66984 ; 5.32657 ; -6.11486 ; 5.9681
4.43838 ; 3.86465 ; 6.66869 ; 6.66783
4.38708 ; 3.62151 ; 6.71828 ; 6.43964
6.65201 ; 5.93129 ; -6.67328 ; -6.63819
3.56578 ; 7.15807 ; 4.95112 ; -4.69177
4.76504 ; 5.96232 ; 6.67094 ; -6.59906
7.33868 ; 7.02625 ; -6.51816 ; -5.00394
4.69112 ; 4.16052 ; 6.67951 ; 6.67589
7.46684 ; 5.88545 ; -5.54585 ; -6.74334
4.51812 ; 5.35689 ; 6.29418 ; 6.005
3.8691 ; 3.43483 ; 5.84938 ; 6.40075
3.67238 ; 3.43425 ; 5.05714 ; 6.49382
5.15774 ; 3.4496 ; 6.62961 ; 5.75439
5.87642 ; 4.85334 ; -6.24812 ; -6.03787
7.16909 ; 3.82396 ; -6.35626 ; 6.68846
5.14961 ; 4.68401 ; 6.50834 ; 6.4357
5.77073 ; 5.23987 ; -6.22747 ; -6.26956
6.20873 ; 4.10273 ; -6.54093 ; 6.51177
4.76661 ; 4.20847 ; 6.67779 ; 6.65644
3.84189 ; 6.67761 ; 5.68786 ; -6.26762
3.04295 ; 7.54582 ; -0.16553 ; 1.50023
4.45519 ; 3.90579 ; 6.66247 ; 6.68607
8.24736 ; 7.53972 ; -0.894514 ; -2.57029
8.13412 ; 7.14461 ; -2.30448 ; -5.23104
6.711 ; 4.11903 ; -6.65596 ; 6.64942
8.20171 ; 7.04505 ; -0.309947 ; -5.66698
7.02192 ; 3.90875 ; 4.96034 ; -5.15721
7.04594 ; 3.44168 ; -6.69101 ; 6.08937
6.81042 ; 5.95723 ; -6.63601 ; -6.67822
3.8762 ; 6.89572 ; 5.98728 ; -5.59305
4.61012 ; 6.11314 ; 6.67666 ; -6.5988
4.12921 ; 6.69418 ; 6.45177 ; -6.03128
8.20498 ; 5.55569 ; -0.982767 ; -6.56073
7.42557 ; 6.99734 ; -6.33452 ; -5.21192
6.98175 ; 3.74335 ; -6.64466 ; 6.53923
7.09657 ; 6.42646 ; -6.60047 ; -6.51605
4.04853 ; 6.47758 ; 6.14293 ; -6.50989
6.14299 ; 4.16968 ; -6.50049 ; 6.51167
3.26573 ; 3.00225 ; 2.37395 ; 5.56796
7.17453 ; 6.55288 ; -6.5629 ; -6.3665
4.02364 ; 6.82741 ; 6.32292 ; -5.71055
7.32306 ; 5.31336 ; -5.62959 ; 6.02602
8.21293 ; 7.26289 ; -0.0618393 ; -4.76108
4.82893 ; 5.87975 ; 6.64957 ; -6.59291
4.71852 ; 5.77466 ; 6.60093 ; -6.60569
6.64197 ; 4.17685 ; -6.6538 ; 6.63643
6.75155 ; 6.09522 ; -6.70891 ; -6.63385
5.22383 ; 5.48632 ; 6.48088 ; -6.42943
6.56722 ; 4.28834 ; -6.62532 ; 6.61512
6.98572 ; 4.94028 ; -6.20232 ; 6.30683
3.24945 ; 3.16941 ; -1.20801 ; 6.04481
6.62047 ; 5.91186 ; -6.67093 ; -6.63063
6.96527 ; 6.34597 ; -6.69304 ; -6.54579
6.39897 ; 4.44119 ; -6.5695 ; 6.54581
7.04256 ; 3.82384 ; -6.5418 ; 6.64137
5.25815 ; 4.50436 ; 6.49331 ; 6.49404
7.80789 ; 4.40825 ; 3.51109 ; 6.47712
4.67191 ; 6.00653 ; 6.65806 ; -6.62235
3.00135 ; 6.71522 ; 0.238026 ; 4.33491
3.56774 ; 6.51471 ; 4.24187 ; -6.62411
3.63221 ; 7.47377 ; 5.60853 ; -1.68172
7.68413 ; 6.3548 ; -4.95549 ; -6.75893
8.15133 ; 7.05824 ; 1.19779 ; -5.55936
7.05232 ; 6.24184 ; -6.56236 ; -6.67159
6.76092 ; 4.11484 ; -6.63612 ; 6.66597
6.72207 ; 6.01908 ; -6.68968 ; -6.64787
7.14816 ; 6.49213 ; -6.56793 ; -6.4525
6.80332 ; 6.10644 ; -6.6948 ; -6.64941
3.53072 ; 3.15839 ; -2.99866 ; 5.80095
4.82884 ; 5.89144 ; 6.6544 ; -6.58976
3.19327 ; 7.16448 ; 1.04691 ; -5.17771
4.09638 ; 3.4304 ; 6.43601 ; 6.25914
4.13964 ; 6.45851 ; 6.32652 ; -6.49291
4.02023 ; 6.86206 ; -4.31625 ; -5.61134
7.33416 ; 3.44457 ; -6.27069 ; 6.27792
4.20309 ; 6.42724 ; 6.42145 ; -6.50279
3.20339 ; 3.24706 ; 0.057891 ; 6.27586
5.98061 ; 2.67225 ; 5.95713 ; -2.86655
7.56126 ; 5.2233 ; -5.08792 ; -6.37654
8.11274 ; 2.53828 ; -3.82995 ; -0.811659
3.51934 ; 7.07801 ; -2.94449 ; -5.32848
8.11517 ; 3.21581 ; -3.51602 ; -4.00037
8.35597 ; 2.77094 ; -1.24439 ; -2.70369
6.6115 ; 4.22312 ; -6.64288 ; 6.63053
7.69126 ; 3.21381 ; 3.62348 ; 5.8267
6.31427 ; 3.3488 ; 5.74177 ; 5.56782
7.00797 ; 6.22718 ; -6.60338 ; -6.66427
4.99265 ; 5.71825 ; 6.59804 ; -6.54172
6.61419 ; 4.24215 ; -6.63502 ; 6.63142
4.61417 ; 4.07113 ; 6.68769 ; 6.68904
4.923 ; 2.80849 ; 6.58542 ; -3.09676
5.68407 ; 6.61641 ; 6.25345 ; -5.6343
7.11939 ; 3.78337 ; -6.46142 ; 6.64094
4.68869 ; 3.3983 ; 6.47119 ; -4.46484
6.8336 ; 3.98608 ; -6.65225 ; 6.65338
4.99446 ; 5.70687 ; 6.59443 ; -6.54056
8.10367 ; 3.9955 ; -1.58023 ; 6.79578
3.24327 ; 2.7552 ; 2.62904 ; 4.28642
7.16267 ; 2.89879 ; 4.68697 ; 4.58513
6.89316 ; 3.89728 ; -6.6517 ; 6.62847
6.36104 ; 3.07286 ; -6.67227 ; 4.54933
5.42205 ; 3.0284 ; 6.47217 ; 4.43131
4.73716 ; 3.81896 ; 6.76287 ; 6.52095
6.51777 ; 4.3285 ; -6.61301 ; 6.5973
8.25476 ; 5.12763 ; -0.419378 ; 6.14893
7.87485 ; 2.53444 ; -5.15546 ; 0.0636051
6.9289 ; 5.52499 ; -6.41014 ; -6.54497
3.73898 ; 3.54552 ; 5.26402 ; 6.62868
3.18895 ; 3.40386 ; 0.357561 ; 6.43182
4.51493 ; 6.16669 ; 6.64084 ; -6.60974
6.89658 ; 3.87611 ; -6.65818 ; 6.61519
4.6603 ; 4.07714 ; 6.70163 ; 6.67555
3.91554 ; 3.51713 ; 5.93518 ; 6.52047
3.89195 ; 3.58682 ; 5.80558 ; 6.62527
4.8512 ; 5.85972 ; 6.64632 ; -6.58705
6.42644 ; 5.7045 ; -6.60347 ; -6.56186
7.07171 ; 6.67026 ; -6.72017 ; -6.05146
3.16523 ; 7.47782 ; 1.69624 ; -3.03169
6.85198 ; 7.5119 ; 5.08822 ; -2.29376
6.65822 ; 4.18588 ; -6.64645 ; 6.64323
4.77228 ; 5.91655 ; 6.65438 ; -6.60708
5.34743 ; 3.40702 ; -5.94318 ; 5.60072
7.46452 ; 3.48795 ; -5.8873 ; 6.43708
6.17371 ; 6.66728 ; 5.84852 ; -5.53897
5.06781 ; 7.0565 ; 6.47026 ; 3.80318
7.03262 ; 5.51013 ; -6.29582 ; -6.54324
4.29757 ; 7.37928 ; 6.792 ; -2.19113
3.82509 ; 3.51291 ; 5.63382 ; 6.55296
6.41086 ; 5.70302 ; -6.60015 ; -6.55816
7.07027 ; 6.28942 ; -6.56371 ; -6.64514
5.43279 ; 4.81133 ; 6.36384 ; 6.33388
4.35048 ; 6.39017 ; 6.60286 ; -6.46996
8.03316 ; 7.19804 ; -3.53133 ; -4.84233
4.04787 ; 6.59087 ; 6.22096 ; -6.32487
6.13373 ; 3.71975 ; -6.52248 ; 6.2015
6.52821 ; 5.69122 ; -6.6131 ; -6.57711
7.83608 ; 2.92601 ; -5.07955 ; -3.22768
3.4899 ; 3.82137 ; 4.35568 ; -4.86092
6.40064 ; 6.58461 ; -6.69915 ; -5.92353
4.95098 ; 5.7362 ; 6.60677 ; -6.55522
4.97737 ; 5.7309 ; 6.60291 ; -6.54717
6.69215 ; 5.99548 ; -6.68868 ; -6.64234
4.41522 ; 3.81409 ; 6.6709 ; 6.6396
7.4366 ; 6.87211 ; 4.19579 ; -5.55825
6.57618 ; 5.86525 ; -6.65937 ; -6.61938
4.65316 ; 4.03669 ; 6.71297 ; 6.66785
5.30358 ; 5.32609 ; -5.8592 ; 5.94767
5.02382 ; 4.44021 ; 6.59317 ; 6.55694
7.0138 ; 3.81113 ; -6.5836 ; 6.61736
7.43935 ; 6.96069 ; -6.28705 ; -5.24625
7.15761 ; 5.54836 ; -5.93517 ; 5.82396
4.65292 ; 6.0353 ; 6.66189 ; -6.62028
4.26919 ; 2.78422 ; 6.54944 ; -2.79712
4.38377 ; 6.33866 ; 6.612 ; -6.51501
6.5971 ; 4.26544 ; -6.62961 ; 6.62518
3.54071 ; 6.63029 ; 4.17931 ; -6.48677
4.28444 ; 3.35837 ; 6.71516 ; 5.97042
6.93706 ; 4.12117 ; -6.51372 ; 6.70382
6.86093 ; 6.27315 ; -6.72657 ; -6.56914
4.7822 ; 3.89646 ; 6.74524 ; 6.56429
4.39937 ; 5.67801 ; -4.98269 ; -6.33451
7.2052 ; 3.86249 ; -6.27077 ; 6.71751
8.02337 ; 7.32694 ; -3.83135 ; -3.96898
5.34751 ; 4.91739 ; 6.39128 ; 6.28228
4.7867 ; 5.63203 ; 6.57787 ; -6.55075
6.34238 ; 4.3577 ; -6.36868 ; -5.65344
3.35592 ; 3.02844 ; 3.40038 ; 5.58512
5.35524 ; 5.37383 ; -5.89555 ; 5.91679
4.90063 ; 4.33328 ; 6.63991 ; 6.609
6.59839 ; 4.23725 ; -6.63975 ; 6.62694
7.06491 ; 3.69511 ; -6.58263 ; 6.52511
4.87772 ; 5.81358 ; 6.63195 ; -6.58092
8.18962 ; 6.56132 ; 0.200231 ; -6.5985
6.44238 ; 3.40576 ; -6.43008 ; -4.51764
7.47922 ; 3.78561 ; -5.61233 ; 6.74646
7.21845 ; 6.33314 ; -6.37078 ; -6.66226
7.74018 ; 4.27216 ; -4.26528 ; 6.7234
6.80981 ; 4.0403 ; -6.64257 ; 6.66542
4.50312 ; 6.25107 ; 6.67314 ; -6.54328
6.85561 ; 6.11846 ; -6.67222 ; -6.66425
6.60394 ; 3.36859 ; -6.7625 ; 5.66964
7.98638 ; 5.21625 ; -3.11466 ; -6.36992
6.12429 ; 3.79265 ; -6.51349 ; 6.2889
4.45762 ; 5.54919 ; -5.05872 ; -6.3021
7.29442 ; 4.71827 ; -5.7319 ; 6.46631
4.71943 ; 5.98985 ; 6.66766 ; -6.6092
6.78275 ; 6.08727 ; -6.69606 ; -6.64949
3.20659 ; 2.4655 ; -1.17365 ; 2.29315
4.13597 ; 6.33803 ; 6.24397 ; -6.62389
4.4833 ; 6.20826 ; 6.63766 ; -6.59189
8.158 ; 2.77806 ; 1.11859 ; 4.67671
3.95961 ; 7.49041 ; 6.38731 ; 1.10064
3.44361 ; 6.17267 ; 3.99716 ; 5.17377
5.36505 ; 3.79065 ; 6.48957 ; 6.29314
6.82255 ; 6.09188 ; -6.6795 ; -6.663
6.70625 ; 5.9656 ; -6.67463 ; -6.6518
4.11385 ; 3.76354 ; 6.2668 ; 6.71429
6.44606 ; 4.39072 ; -6.58984 ; 6.56856
4.92418 ; 4.35239 ; 6.63234 ; 6.6
4.93874 ; 5.99055 ; 6.3886 ; 5.41676
8.34578 ; 7.09784 ; 0.932151 ; 3.49034
7.29186 ; 4.09473 ; -5.8693 ; -5.38841
3.20389 ; 3.24258 ; -0.140908 ; 6.26017
4.42856 ; 6.27086 ; 6.6214 ; -6.56346
4.43368 ; 3.68707 ; 6.73025 ; 6.50513
4.52995 ; 6.16433 ; 6.65158 ; -6.60406
4.0329 ; 4.9862 ; 5.6321 ; 6.30408
3.20874 ; 6.68108 ; 0.142344 ; -6.45822
8.24587 ; 6.21973 ; 2.02143 ; 5.0551
7.65519 ; 2.72856 ; -5.84047 ; 3.19682
4.21515 ; 6.47347 ; 6.46894 ; -6.43034
7.07504 ; 3.76086 ; -6.53689 ; 6.60085
4.4295 ; 5.98175 ; 6.496 ; -6.67875
7.06677 ; 6.53769 ; -6.68102 ; -6.32834
6.86699 ; 6.17529 ; -6.68993 ; -6.63825
7.60316 ; 3.07257 ; -5.75532 ; 5.32483
6.92209 ; 6.2754 ; -6.69585 ; -6.59348
6.88128 ; 3.99781 ; -6.61333 ; 6.67594
6.61875 ; 5.92534 ; -6.67597 ; -6.62802
6.15596 ; 4.05393 ; -6.51651 ; 6.48036
6.01561 ; 5.94056 ; 5.90226 ; 5.45034
3.71401 ; 3.06555 ; -3.80045 ; -3.86672
8.14743 ; 6.7965 ; -1.57852 ; -6.31989
7.4884 ; 2.95487 ; -6.19228 ; 4.61181
4.90149 ; 5.81281 ; 6.63194 ; -6.57307
7.47193 ; 6.41319 ; -5.81233 ; -6.67707
8.33823 ; 4.29052 ; 0.756229 ; -5.54108
7.11981 ; 3.83133 ; -6.43208 ; 6.67705
6.76195 ; 4.37212 ; -6.54737 ; 6.62343
7.6274 ; 7.4902 ; -6.04931 ; -1.39254
6.75211 ; 5.6635 ; -6.56645 ; -6.59735
7.59852 ; 6.72665 ; -5.60114 ; -6.25986
4.39112 ; 3.80615 ; 6.6514 ; 6.64355
4.60466 ; 6.11608 ; 6.67452 ; -6.59985
4.53634 ; 3.96085 ; 6.695 ; 6.68152
6.12618 ; 4.13751 ; -6.49391 ; 6.50024
4.61546 ; 6.79386 ; 6.80931 ; -5.40708
4.32728 ; 3.63163 ; 6.66368 ; 6.48324
6.90354 ; 3.99993 ; -6.59285 ; 6.68408
3.61176 ; 6.7817 ; 4.75657 ; -6.15625
7.7656 ; 3.23431 ; 3.41188 ; 5.91091
7.84909 ; 7.01702 ; -4.66148 ; -5.52878
4.23623 ; 3.7148 ; 6.51118 ; 6.62632
3.99936 ; 6.38838 ; -4.41884 ; 4.91261
3.29052 ; 6.38743 ; -1.84312 ; -6.59971
4.98496 ; 4.36783 ; 6.61807 ; 6.58341
4.88135 ; 4.18478 ; 6.67767 ; 6.62527
6.8068 ; 6.13208 ; -6.70369 ; -6.63739
6.88506 ; 4.03538 ; -6.59237 ; 6.68855
3.34644 ; 2.66122 ; 3.95571 ; 3.26039
7.32302 ; 4.25378 ; -5.82569 ; 6.71303
8.16401 ; 3.55345 ; -0.521392 ; 6.673
7.53091 ; 7.34646 ; -6.24846 ; -3.07768
4.27222 ; 6.48068 ; 6.55592 ; -6.38434
6.64261 ; 4.18948 ; -6.64925 ; 6.63844
7.82327 ; 7.27658 ; -5.11795 ; -4.03384
7.00786 ; 3.86447 ; -6.56099 ; 6.65553
5.45694 ; 6.02853 ; 6.39922 ; -6.38607
5.08098 ; 4.14328 ; 6.37113 ; -5.43391
7.3264 ; 6.53694 ; -6.27621 ; -6.48024
4.72863 ; 6.02771 ; 6.68467 ; -6.58958
3.54288 ; 7.19145 ; 4.86697 ; -4.5177
4.63415 ; 4.07135 ; 6.69564 ; 6.68228
4.13534 ; 3.66421 ; 6.37134 ; 6.61747
4.16672 ; 4.94678 ; 5.84823 ; -6.14574
4.85797 ; 5.84972 ; 6.6432 ; -6.58629
6.87682 ; 6.16975 ; -6.68109 ; -6.64594
3.67997 ; 6.66131 ; 4.99429 ; -6.38139
7.50069 ; 6.77565 ; -5.99167 ; -6.02842
6.24445 ; 5.31549 ; -6.37631 ; 6.00312
3.81754 ; 7.09053 ; 5.82364 ; 3.49878
3.33816 ; 2.5854 ; 4.0436 ; 2.37361
4.52576 ; 6.21374 ; 6.67222 ; -6.5654
7.48664 ; 6.9332 ; -6.14131 ; -5.53717
8.17216 ; 3.30036 ; -0.274058 ; 6.36114
7.55625 ; 7.12777 ; -6.06611 ; -4.67684
3.85239 ; 3.7042 ; 5.58739 ; 6.74516
4.69318 ; 4.18926 ; 6.67023 ; 6.67546
6.98502 ; 4.28764 ; -6.39855 ; 6.67598
7.00885 ; 4.33983 ; -6.35057 ; 6.65939
3.9642 ; 3.77423 ; -4.23504 ; 6.39835
4.56752 ; 6.168 ; 6.67857 ; -6.58199
7.88164 ; 4.65236 ; -3.91169 ; -5.92406
3.30837 ; 3.03178 ; 2.88895 ; 5.64265
7.26674 ; 3.74855 ; -6.21644 ; 6.66806
4.72907 ; 5.99307 ; 6.67312 ; -6.60327
4.52541 ; 4.13423 ; 6.61628 ; 6.71446
7.9082 ; 6.02175 ; 3.08159 ; -6.56997
7.40128 ; 4.93887 ; -5.4407 ; 6.31643
7.66807 ; 6.14799 ; -4.90516 ; -6.80507
4.31952 ; 3.76138 ; 6.59803 ; 6.63538
8.34216 ; 4.31034 ; 0.551159 ; -5.56324
7.10837 ; 3.72302 ; -6.51167 ; 6.57821
4.72539 ; 5.99708 ; 6.67319 ; -6.60294
7.04043 ; 6.37731 ; -6.64053 ; -6.54764
3.96139 ; 3.58709 ; 6.01978 ; 6.59878
4.58103 ; 4.00555 ; 6.6999 ; 6.68254
3.17081 ; 7.66699 ; -1.41946 ; 0.438197
6.55769 ; 6.32684 ; -6.73822 ; -6.39477
6.95988 ; 5.26015 ; -6.31638 ; -6.38416
7.20804 ; 6.61839 ; -6.54757 ; -6.25676
4.25533 ; 3.8686 ; 6.45547 ; 6.73257
3.48171 ; 7.43308 ; 4.24344 ; -2.74641
4.36159 ; 3.87956 ; 6.58462 ; 6.7059
6.62686 ; 4.17662 ; -6.65619 ; 6.63213
5.48677 ; 3.16019 ; 6.2603 ; -4.11933
7.46598 ; 6.79198 ; 4.14669 ; -5.75321
4.75582 ; 5.95398 ; 6.66517 ; -6.60591
4.46452 ; 6.2304 ; 6.63306 ; -6.58227
6.99946 ; 6.21341 ; -6.6053 ; -6.6698
3.82566 ; 6.58547 ; 5.55285 ; -6.44868
3.078 ; 2.83544 ; -1.15079 ; -2.98715
4.83707 ; 3.82543 ; 6.74372 ; 6.49307
8.07051 ; 6.20934 ; 2.18478 ; -6.64192
6.6866 ; 3.37123 ; -6.77613 ; 5.74634
4.7558 ; 6.00441 ; 6.68238 ; -6.58877
3.9381 ; 3.70293 ; 5.86734 ; 6.72336
4.90548 ; 5.79085 ; 6.62489 ; -6.57216
4.66562 ; 4.15373 ; 6.67454 ; 6.6825
3.49012 ; 6.58132 ; 3.78739 ; -6.56849
4.08044 ; 5.36961 ; -4.54807 ; -6.25191
3.79157 ; 6.674 ; 5.5601 ; 4.41308
6.93573 ; 2.81938 ; -6.82815 ; 3.29158
5.02388 ; 5.68927 ; 6.58524 ; -6.53022
7.37772 ; 7.34093 ; -6.54865 ; -2.97366
4.47021 ; 3.92027 ; 6.66813 ; 6.68823
4.62668 ; 4.093 ; 6.68417 ; 6.68916
6.71619 ; 4.14181 ; -6.64424 ; 6.65616
7.30801 ; 5.25849 ; -5.65966 ; 6.07057
5.35736 ; 4.23129 ; 6.467 ; 6.51178
4.14764 ; 3.52537 ; 6.47604 ; 6.41502
7.63167 ; 7.30337 ; -5.94293 ; -3.57156
4.21076 ; 5.01991 ; 5.93383 ; -6.20045
4.41973 ; 3.6912 ; 6.71942 ; 6.51653
5.96785 ; 4.26295 ; -6.39066 ; 6.48179
7.68945 ; 4.68934 ; -3.38064 ; 6.47865
4.50431 ; 4.05871 ; 6.63185 ; 6.7179
3.55702 ; 6.94804 ; 4.97356 ; 3.85786
4.06679 ; 5.13733 ; -4.53753 ; -6.1309
4.05327 ; 6.56578 ; 6.21751 ; -6.36475
4.68025 ; 4.08043 ; 6.70555 ; 6.66992
6.66959 ; 4.18956 ; -6.64059 ; 6.64717
7.63374 ; 5.18758 ; -4.85295 ; -6.35144
6.94553 ; 7.09303 ; 4.98748 ; -4.61039
4.81826 ; 6.47093 ; 6.74567 ; -6.11901
6.78333 ; 4.0264 ; -6.66188 ; 6.6514
7.59814 ; 3.24822 ; -5.61954 ; 5.96517
7.73124 ; 2.88503 ; -5.40629 ; 4.46159
6.85374 ; 6.13614 ; -6.68075 ; -6.65482
4.35523 ; 6.36982 ; 6.59492 ; -6.49481
4.99883 ; 4.41826 ; 6.60364 ; 6.5682
7.55736 ; 6.73705 ; -5.76379 ; -6.21163
4.22051 ; 4.39803 ; 6.17111 ; 6.66525
4.74018 ; 4.1768 ; 6.68523 ; 6.66297
6.79444 ; 3.98035 ; -6.67461 ; 6.63559
7.8821 ; 6.90727 ; -4.33124 ; -5.94512
6.83249 ; 4.14436 ; -6.58564 ; 6.68384
7.85658 ; 6.49176 ; 3.11883 ; -6.39471
6.8553 ; 4.01322 ; -6.62561 ; 6.67269
4.39881 ; 6.29537 ; 6.60361 ; -6.5551
7.27353 ; 6.32716 ; -6.26204 ; -6.68497
6.59091 ; 5.88608 ; -6.66486 ; -6.62296
7.35179 ; 3.77456 ; -5.99981 ; 6.71094
7.19143 ; 6.32172 ; -6.40996 ; -6.66375
4.78379 ; 5.90286 ; 6.65191 ; -6.60535
5.28385 ; 7.64887 ; -5.86059 ; 0.885445
4.22357 ; 4.17734 ; 6.25888 ; 6.74844
6.48778 ; 3.17124 ; 5.49553 ; -4.18827
7.69253 ; 7.36443 ; -5.77457 ; -3.10604
5.77551 ; 5.24291 ; -6.23046 ; -6.27149
6.28854 ; 6.55961 ; 5.74354 ; -5.76522
4.96345 ; 6.60421 ; 6.70422 ; -5.78355
6.78268 ; 5.87294 ; -6.61957 ; -6.66506
4.34914 ; 5.59351 ; 6.26594 ; -6.56804
7.20074 ; 3.49971 ; -6.49325 ; 6.30581
7.12302 ; 5.41471 ; -6.14728 ; -6.49139
7.80382 ; 7.33054 ; -5.26649 ; -3.57627
3.23096 ; 2.9423 ; 1.95052 ; 5.35536
7.75756 ; 7.10691 ; -5.25803 ; -5.01743
4.70787 ; 4.14574 ; 6.68924 ; 6.66955
8.15378 ; 7.3708 ; -2.51081 ; -3.8823
7.14947 ; 3.22776 ; -6.66196 ; 5.54166
3.89595 ; 3.43514 ; 5.93511 ; 6.38647
3.5569 ; 3.37316 ; 4.49278 ; 6.43583
6.81432 ; 3.96835 ; -6.66972 ; 6.63721
7.49169 ; 6.98254 ; 4.07212 ; -5.29781
8.18619 ; 3.0399 ; -0.651642 ; 5.74063
7.84132 ; 7.1568 ; -4.87344 ; -4.84261
4.15701 ; 3.66674 ; 6.41017 ; 6.6105
7.95948 ; 6.45545 ; -3.37953 ; -6.73393
6.36954 ; 4.01531 ; -6.62493 ; 6.52363
3.4694 ; 7.19741 ; -2.75225 ; -4.92241
3.71828 ; 7.03458 ; 5.5407 ; -5.15909
4.91828 ; 5.8025 ; 6.62839 ; -6.56781
7.92558 ; 2.9986 ; -4.12194 ; 5.3338
7.5696 ; 3.32108 ; -5.66513 ; 6.14715
4.46037 ; 6.29312 ; 6.65998 ; -6.5232
4.8562 ; 2.58824 ; -5.44229 ; 2.40758
6.89356 ; 6.41287 ; -6.75241 ; -6.43215
3.11824 ; 4.95774 ; -0.492116 ; 6.28908
8.06618 ; 6.75284 ; -2.64258 ; -6.39272
8.2328 ; 6.65315 ; -2.35389 ; 4.32925
4.27744 ; 3.78583 ; 6.53025 ; 6.67538
3.76761 ; 6.83304 ; 5.54416 ; -5.90777
4.59822 ; 5.85814 ; 6.57739 ; -6.64057
6.86476 ; 5.92964 ; -6.5961 ; -6.68726
4.83082 ; 5.88234 ; 6.6515 ; -6.59093
4.87731 ; 5.84095 ; 6.64126 ; -6.57977
6.67188 ; 4.14643 ; -6.65772 ; 6.64157
6.72853 ; 4.13317 ; -6.64251 ; 6.65855
4.56272 ; 4.08792 ; 6.65635 ; 6.70623
4.28799 ; 3.33341 ; 6.72534 ; 5.89899
6.5671 ; 6.14406 ; -6.71593 ; -6.54835
6.74675 ; 3.1139 ; -6.51735 ; -3.92401
3.89186 ; 3.24855 ; -4.03327 ; 5.77857
4.15028 ; 6.68413 ; 6.48244 ; -6.04265
6.36942 ; 4.46692 ; -6.55765 ; 6.53244
8.1942 ; 7.04558 ; -0.783476 ; -5.6687
4.09785 ; 4.65214 ; -4.59586 ; -5.80433
3.15186 ; 4.71083 ; 0.315913 ; 6.47292
3.94915 ; 3.34401 ; 6.15384 ; 6.1516
4.48487 ; 6.08327 ; 6.58367 ; -6.65615
6.89464 ; 6.4052 ; -6.74995 ; -6.44362
4.42036 ; 3.86455 ; 6.65192 ; 6.67516
6.61522 ; 4.41014 ; -6.58411 ; 6.59083
6.78372 ; 4.27117 ; -6.56984 ; 6.65756
4.83555 ; 5.89137 ; 6.65559 ; -6.58731
6.75321 ; 4.07313 ; -6.65752 ; 6.6546
4.01005 ; 2.35481 ; -4.22141 ; 0.205932
6.67613 ; 6.17233 ; -6.73402 ; -6.56956
5.19632 ; 6.34338 ; -5.82558 ; -6.10718
4.43232 ; 3.76596 ; 6.70337 ; 6.59042
4.3721 ; 5.73159 ; 6.33983 ; -6.62861
3.80105 ; 3.04273 ; 5.92496 ; 5.21406
5.55531 ; 2.5095 ; 5.95234 ; 1.39706
7.86181 ; 7.45296 ; -5.12004 ; -2.3935
5.88989 ; 4.64726 ; 6.07702 ; 6.34589
3.38264 ; 3.18034 ; 3.43251 ; 6.07884
4.68842 ; 4.23559 ; 6.65377 ; 6.67171
6.53758 ; 5.83434 ; -6.65094 ; -6.60804
7.4407 ; 3.79315 ; -5.73503 ; 6.7417
6.66326 ; 4.181 ; -6.64624 ; 6.6436
4.62996 ; 6.10619 ; 6.68331 ; -6.59263
3.3882 ; 3.33846 ; 3.29026 ; 6.43722
6.69784 ; 4.14274 ; -6.65099 ; 6.65012
3.88777 ; 3.70403 ; -4.07469 ; 6.38023
3.70896 ; 6.68907 ; 5.15619 ; -6.31363
3.87103 ; 6.8622 ; 5.94202 ; -5.72398
7.15713 ; 4.19267 ; -6.19049 ; 6.72007
6.01223 ; 3.15008 ; 6.0153 ; 4.96387
7.3219 ; 6.63378 ; -6.35076 ; -6.2992
3.92426 ; 4.17668 ; -4.19799 ; 6.48801
6.39496 ; 4.43399 ; -6.57057 ; 6.54676
5.98279 ; 7.21734 ; -6.31806 ; 3.40783
4.96254 ; 4.38232 ; 6.61904 ; 6.58504
5.08444 ; 4.50093 ; 6.56402 ; 6.52644
6.88162 ; 6.12079 ; -6.65716 ; -6.67214
4.40126 ; 3.87053 ; 6.62943 ; 6.68705
6.7541 ; 4.03321 ; -6.67279 ; 6.64349
3.13854 ; 4.73314 ; -0.451844 ; 6.44413
6.80122 ; 6.45711 ; -6.78371 ; -6.32555
3.81964 ; 6.91354 ; 5.81438 ; -5.57891
7.31201 ; 6.68123 ; -6.40088 ; -6.18508
7.6283 ; 2.99836 ; -5.7237 ; 5.00041
4.23607 ; 6.67528 ; 6.60291 ; -6.00063
3.40489 ; 5.96037 ; -2.75504 ; -6.57587
4.47903 ; 3.91553 ; 6.67803 ; 6.68163
6.78988 ; 6.10741 ; -6.70136 ; -6.64308
8.3178 ; 3.98068 ; -1.10749 ; -5.21323
4.82396 ; 4.23709 ; 6.67111 ; 6.63994
4.76189 ; 5.74459 ; 6.60323 ; -6.59175
4.07596 ; 7.00248 ; 6.50488 ; -4.95659
5.88985 ; 2.74104 ; 6.11293 ; 3.08332
3.80638 ; 2.68356 ; 6.14407 ; 2.7512
4.55509 ; 6.15921 ; 6.66669 ; -6.59514
6.60576 ; 5.17016 ; -6.40502 ; 6.12673
4.55745 ; 3.97056 ; 6.70259 ; 6.67775
4.33321 ; 6.43307 ; 6.60524 ; -6.42057
3.14692 ; 3.86316 ; 1.96909 ; -5.02966
7.84697 ; 7.18506 ; -5.01149 ; 3.12721
6.49897 ; 4.33063 ; -6.61186 ; 6.59273
6.71449 ; 4.12203 ; -6.65294 ; 6.65168
6.48643 ; 5.77548 ; -6.63053 ; -6.58911
6.99939 ; 6.31251 ; -6.65138 ; -6.59575
3.16994 ; 4.37236 ; -0.565128 ; 6.64601
3.91076 ; 4.12625 ; 5.45024 ; -5.39258
3.25812 ; 3.52244 ; 1.54371 ; 6.68962
7.62042 ; 3.61517 ; -5.35076 ; -4.76115
7.33056 ; 6.75175 ; -6.40484 ; -6.01405
6.63796 ; 4.22014 ; -6.63798 ; 6.63861
4.95707 ; 5.75544 ; 6.61214 ; -6.55469
4.29643 ; 7.42858 ; 6.77569 ; -1.76006
7.05732 ; 6.3986 ; -6.63194 ; -6.53005
7.0309 ; 6.43339 ; -6.67333 ; -6.47151
6.39925 ; 4.76497 ; 5.65068 ; 6.25138
6.90409 ; 7.26075 ; 5.03326 ; -3.87311
5.12768 ; 5.31763 ; -5.74311 ; -6.2357
4.05486 ; 4.78522 ; 5.71098 ; 6.44475
6.97373 ; 6.79403 ; 4.96275 ; -5.51509
6.76741 ; 3.98586 ; -6.68332 ; 6.62818
5.55787 ; 3.76589 ; -6.11483 ; 6.15988
8.14171 ; 2.51965 ; 1.54484 ; 2.94608
5.00502 ; 5.70028 ; 6.59146 ; -6.53683
6.68351 ; 4.5063 ; -6.5386 ; 6.55755
6.95147 ; 6.89095 ; -6.44727 ; 4.06357
7.48833 ; 6.7632 ; -6.01269 ; -6.10019
4.8432 ; 4.27152 ; 6.66093 ; 6.6326
6.90735 ; 3.92611 ; -6.62692 ; 6.6526
4.96573 ; 3.09459 ; 6.7439 ; 4.74361
7.40023 ; 3.50549 ; -6.06371 ; 6.43296
3.97122 ; 3.26865 ; 6.25943 ; 5.92273
5.05653 ; 6.02682 ; 6.62183 ; -6.48974
3.01999 ; 6.25939 ; -0.458291 ; 5.03077
3.19609 ; 4.63846 ; -2.1353 ; -5.82499
4.97 ; 5.7035 ; 6.59653 ; -6.54558
4.03887 ; 7.70886 ; -4.30499 ; -0.424725
4.29035 ; 6.65427 ; 6.65411 ; -6.01676
4.74364 ; 4.21771 ; 6.67157 ; 6.66191
3.05071 ; 2.69302 ; -0.736376 ; -2.50132
3.5475 ; 4.42901 ; 3.8735 ; 6.67304
6.93764 ; 3.86449 ; -6.6312 ; 6.62433
3.64938 ; 5.47818 ; 4.27624 ; -6.52229
3.51244 ; 4.17951 ; 3.7528 ; 6.787
6.71555 ; 6.01797 ; -6.69156 ; -6.64558
7.48813 ; 5.0566 ; -5.20477 ; 6.22976
7.27677 ; 7.17968 ; -6.65336 ; -4.1067
3.91989 ; 3.61458 ; 5.87549 ; 6.64737
6.75784 ; 4.195 ; -6.60803 ; 6.66656
4.56952 ; 4.15351 ; 6.31906 ; -5.43803
4.19977 ; 6.65728 ; 6.54489 ; -6.07567
3.76184 ; 2.6354 ; -3.53677 ; -2.57549
3.14864 ; 2.4579 ; -0.514365 ; 2.02006
7.13133 ; 3.79229 ; -6.43706 ; 6.65335
7.13493 ; 6.37579 ; -6.52466 ; -6.59381
8.10631 ; 2.83636 ; 1.18269 ; 4.92665
4.2159 ; 3.86181 ; 6.39715 ; 6.74014
5.88137 ; 5.66231 ; 6.08078 ; -6.36375
5.01571 ; 3.99482 ; 6.66427 ; 6.54352
3.37936 ; 7.40419 ; 4.13321 ; -3.10902
6.76825 ; 4.02873 ; -6.66801 ; 6.64693
3.81241 ; 6.73426 ; 5.62915 ; -6.15277
4.81549 ; 5.9853 ; 6.67941 ; -6.57542
4.5681 ; 6.20392 ; 6.693 ; -6.55266
6.72311 ; 5.89369 ; -6.64719 ; -6.65604
5.97456 ; 4.21491 ; -6.39796 ; 6.47858
6.70582 ; 4.16831 ; -6.63739 ; 6.65583
4.94819 ; 5.75821 ; 6.61306 ; -6.55736
6.57515 ; 4.28088 ; -6.62694 ; 6.61779
3.5327 ; 4.72173 ; 3.87364 ; -5.96004
5.11722 ; 5.03653 ; -5.71955 ; 6.12084
7.06997 ; 4.70245 ; -6.11022 ; -5.96685
6.94652 ; 6.23451 ; -6.66138 ; -6.63544
4.6417 ; 6.08893 ; 6.68091 ; -6.59753
6.49941 ; 2.97608 ; -6.74016 ; 4.11362
6.68175 ; 6.96987 ; -6.8265 ; -4.8407
4.75314 ; 5.96203 ; 6.66775 ; -6.60405
4.95003 ; 5.75395 ; 6.61169 ; -6.55706
4.38014 ; 6.21929 ; 6.54523 ; -6.62667
4.44597 ; 3.93087 ; 6.64235 ; 6.70218
7.2586 ; 3.30438 ; -6.49188 ; 5.87273
7.90285 ; 7.17571 ; -4.51486 ; -4.80428
3.9698 ; 2.8122 ; 6.45962 ; 3.69442
5.72967 ; 4.9105 ; 6.14392 ; -6.05385
4.93891 ; 4.21311 ; 6.66005 ; 6.61142
4.43673 ; 4.88023 ; 6.21665 ; -6.09008
4.72818 ; 4.15902 ; 6.6893 ; 6.66486
6.97192 ; 3.79997 ; -6.6304 ; 6.58858
7.88117 ; 3.06415 ; -4.34882 ; 5.57004
7.21326 ; 3.62261 ; -6.40367 ; 6.51183
7.12767 ; 6.57883 ; -6.63509 ; -6.28714
4.47332 ; 4.06481 ; 6.60611 ; 6.72544
4.0604 ; 6.35402 ; -4.51314 ; 4.95759
5.80089 ; 3.97628 ; 6.174 ; 6.35008
6.91868 ; 6.3477 ; -6.72271 ; -6.5225
3.28906 ; 6.95818 ; 2.37187 ; -5.86317
7.61144 ; 5.76566 ; -4.97855 ; 5.61249
6.61554 ; 4.22047 ; -6.64265 ; 6.63163
4.6526 ; 5.81538 ; 6.5899 ; -6.62459
6.8514 ; 6.02987 ; -6.64079 ; -6.68477
7.33499 ; 3.12749 ; -6.43966 ; 5.30435
4.68853 ; 3.88255 ; 6.75396 ; 6.58052
7.47102 ; 3.25789 ; -6.04459 ; 5.89263
6.85174 ; 4.01203 ; -6.62949 ; 6.67063
7.35349 ; 6.59994 ; -6.25768 ; -6.38629
6.58236 ; 4.54587 ; -6.38802 ; -5.82477
4.73345 ; 5.98717 ; 6.67216 ; -6.60407
4.26256 ; 3.63629 ; 6.58836 ; 6.5223
8.00806 ; 3.20452 ; -3.13372 ; 6.11918
4.95367 ; 4.31152 ; 6.63691 ; 6.60056
6.91982 ; 3.44727 ; -6.75828 ; 6.02769
6.3101 ; 6.21753 ; -6.62961 ; -6.41088
7.6395 ; 4.51465 ; -4.95184 ; -5.80061
4.7869 ; 2.66364 ; 6.815 ; 2.08566
7.26531 ; 3.36354 ; -6.45324 ; 6.0413
6.25923 ; 4.89716 ; -6.4454 ; 6.29999
8.21047 ; 5.43168 ; -1.4449 ; 5.9054
7.42373 ; 3.63651 ; -5.89851 ; 6.62253
8.1956 ; 4.33648 ; -0.284872 ; 6.66136
5.26327 ; 6.12886 ; 6.52489 ; -6.37365
4.98868 ; 5.71746 ; 6.59784 ; -6.54295
7.53844 ; 2.98116 ; -6.0371 ; 4.81396
4.77396 ; 6.06889 ; 6.69811 ; -6.55658
4.526 ; 3.99934 ; 6.67158 ; 6.69961
7.31125 ; 7.17893 ; -6.6074 ; -4.14257
4.54143 ; 6.19604 ; 6.67469 ; -6.57251
7.0394 ; 5.88021 ; -6.42262 ; -6.70361
7.76587 ; 7.22057 ; 3.33974 ; -4.64516
4.53487 ; 4.04328 ; 6.65842 ; 6.70782
3.987 ; 2.82528 ; 6.48723 ; 3.77782
4.69541 ; 4.02712 ; 6.7227 ; 6.65209
5.6495 ; 5.03505 ; -6.1257 ; 6.16303
3.1389 ; 6.68136 ; 2.42052 ; 4.39554
4.5837 ; 4.02799 ; 6.69195 ; 6.68884
6.50399 ; 4.32352 ; -6.61404 ; 6.59458
7.17846 ; 7.4209 ; -6.49971 ; 2.14275
7.3153 ; 6.68689 ; -6.39739 ; -6.17224
4.62054 ; 6.07126 ; 6.66204 ; -6.61729
6.51534 ; 5.80087 ; -6.64009 ; -6.59981
3.02066 ; 7.39137 ; -0.247344 ; 2.47493
3.98344 ; 3.66007 ; 6.02854 ; 6.67241
7.2856 ; 4.23461 ; -5.84709 ; -5.53618
6.91501 ; 3.53667 ; -6.74153 ; 6.21406
4.35013 ; 7.13278 ; 6.79772 ; -4.06706
4.2234 ; 6.37219 ; 6.42117 ; -6.55893
7.34436 ; 3.14709 ; -6.41255 ; 5.39376
4.96857 ; 6.46213 ; -5.61015 ; -5.98688
3.7895 ; 3.40347 ; -3.81809 ; 6.10729
7.12889 ; 3.75618 ; -6.46274 ; 6.62061
6.14504 ; 2.99296 ; -6.37914 ; -3.72365
6.51618 ; 3.71299 ; 5.48151 ; -4.96244
4.58023 ; 4.31255 ; 6.58518 ; 6.66848
3.88018 ; 6.84992 ; 5.96156 ; -5.7605
3.99788 ; 6.77687 ; 6.2305 ; -5.8979
7.66972 ; 3.53435 ; -5.04731 ; 6.59156
5.97946 ; 5.75307 ; -6.40434 ; -6.47042
8.11887 ; 2.54908 ; -3.29494 ; 2.09101
4.66517 ; 6.04306 ; 6.67185 ; -6.61081
3.17239 ; 5.55516 ; 1.72823 ; 5.82163
7.2616 ; 2.57484 ; -6.58822 ; -0.966017
6.85928 ; 3.93807 ; -6.65715 ; 6.63919
7.47432 ; 2.63647 ; -6.36021 ; 1.93886
7.6454 ; 3.41667 ; -5.26567 ; 6.40102
3.9751 ; 3.29516 ; 6.25331 ; 5.99897
7.67606 ; 3.2923 ; -5.24392 ; 6.14411
3.21056 ; 7.18598 ; -0.803134 ; -5.12225
4.38262 ; 6.8368 ; 6.76866 ; -5.40452
4.45531 ; 6.22284 ; 6.61953 ; -6.59463
8.09709 ; 6.77812 ; -2.29465 ; -6.35092
6.11027 ; 4.6214 ; -6.43532 ; 6.43268
3.54404 ; 3.87187 ; 4.00672 ; 6.84157
7.8224 ; 7.51363 ; -5.3748 ; -1.294
4.50092 ; 6.28224 ; 6.68413 ; -6.5134
7.19108 ; 6.39308 ; -6.4494 ; -6.60011
3.94406 ; 3.28096 ; 6.18222 ; 5.97163
3.58673 ; 2.83077 ; 5.20649 ; 4.26581
7.17401 ; 3.41364 ; -6.57001 ; 6.10504
4.52654 ; 6.1768 ; 6.65546 ; -6.59564
4.49343 ; 3.93886 ; 6.67753 ; 6.6884
7.14398 ; 3.32188 ; -6.6389 ; 5.84072
4.70706 ; 3.57796 ; -5.27822 ; -4.7879
3.58483 ; 6.84922 ; 4.67871 ; -5.99012
7.53805 ; 2.64148 ; -6.22097 ; 2.07019
7.07547 ; 6.33669 ; -6.58138 ; -6.60651
5.66293 ; 7.60317 ; 6.23548 ; 0.370278
4.03948 ; 3.17341 ; 6.45177 ; 5.5519
4.8431 ; 4.24103 ; 6.66951 ; 6.63485
4.48183 ; 6.19832 ; 6.63032 ; -6.60233
4.68044 ; 4.21701 ; 6.65741 ; 6.67569
7.23624 ; 7.549 ; 4.51292 ; -2.29604
6.93151 ; 6.11935 ; -6.6217 ; -6.68774
3.21282 ; 2.52957 ; 2.99894 ; 1.90068
4.84602 ; 5.86383 ; 6.64669 ; -6.58851
7.29838 ; 6.51533 ; -6.32487 ; -6.4988
7.06228 ; 6.29302 ; -6.57604 ; -6.63885
8.08757 ; 4.27676 ; -1.76905 ; 6.71145
7.35577 ; 3.24969 ; -6.33785 ; 5.77626
4.75442 ; 7.06539 ; 6.55176 ; 3.7291
6.81295 ; 4.05913 ; -6.6321 ; 6.67198
6.8954 ; 3.98737 ; -6.60597 ; 6.67657
3.5027 ; 3.311 ; 4.21601 ; 6.33204
7.54262 ; 6.68703 ; -5.77607 ; -6.31794
4.76993 ; 5.90077 ; 6.64821 ; -6.60999
4.64184 ; 6.06516 ; 6.67038 ; -6.61056
7.03918 ; 3.81895 ; -6.5496 ; 6.63519
3.78515 ; 7.46073 ; 6.08633 ; -1.60652
4.6507 ; 6.05195 ; 6.66861 ; -6.61314
4.48615 ; 6.20427 ; 6.63808 ; -6.59457
5.18282 ; 3.22904 ; -5.79417 ; 5.19565
4.64914 ; 6.0821 ; 6.68163 ; -6.59804
6.96906 ; 2.91462 ; -6.54403 ; -3.34215
4.75988 ; 4.47376 ; 6.59762 ; 6.58359
4.07468 ; 2.91781 ; 6.59873 ; 4.29282
4.31664 ; 3.78749 ; 6.58049 ; 6.66131
6.95281 ; 3.89526 ; -6.60142 ; 6.65357
4.41545 ; 3.80705 ; 6.67453 ; 6.6329
6.88666 ; 3.92915 ; -6.64223 ; 6.64574
7.52991 ; 7.05992 ; -6.10023 ; -5.01003
4.52682 ; 4.00015 ; 6.67215 ; 6.70007
4.78295 ; 3.85741 ; 6.40906 ; -5.11439
5.14104 ; 4.48307 ; 6.54758 ; 6.52207
3.65011 ; 6.25364 ; 4.58256 ; -6.7486
3.19912 ; 2.62975 ; 2.34358 ; 3.35888
6.38771 ; 6.03008 ; 5.60614 ; 5.35034
4.70665 ; 6.00978 ; 6.67179 ; -6.6064
3.84878 ; 4.10688 ; 5.29172 ; -5.37077
4.28382 ; 3.74947 ; 6.55895 ; 6.63994
4.59518 ; 3.38867 ; 6.82966 ; 5.87831
3.35507 ; 3.09452 ; -2.85807 ; -3.84743
4.44116 ; 6.2382 ; 6.61454 ; -6.58798
4.36684 ; 4.85181 ; 6.23259 ; 6.38895
4.83025 ; 5.79606 ; 6.6255 ; -6.59071
5.0997 ; 5.60787 ; 6.54752 ; -6.49412
7.3116 ; 3.52421 ; -6.26956 ; 6.41613
3.87281 ; 3.27197 ; -4.13986 ; -4.22254
4.4429 ; 3.96202 ; 6.62514 ; 6.71484
7.91997 ; 3.19406 ; -3.90464 ; 6.03904
3.28867 ; 3.08706 ; 2.56318 ; 5.85735
7.83104 ; 2.86629 ; -4.91856 ; 4.50337
3.83823 ; 6.49888 ; 5.52866 ; -6.56451
3.99823 ; 7.26706 ; -4.23865 ; -4.28512
4.36553 ; 3.74719 ; 6.65412 ; 6.60135
7.80925 ; 7.52712 ; -5.44487 ; -0.7755
7.22537 ; 6.62963 ; -6.52604 ; -6.24352
6.93632 ; 3.87529 ; -6.62694 ; 6.63226
3.55168 ; 2.84731 ; 5.10896 ; -2.9202
3.2225 ; 7.25638 ; -0.999434 ; -4.79906
6.55018 ; 5.59188 ; -6.58838 ; -6.54284
7.7073 ; 7.07811 ; -5.47058 ; -5.1091
4.40124 ; 3.5569 ; 6.74632 ; 6.3319
6.97682 ; 4.18238 ; -6.44908 ; 6.70236
4.59118 ; 6.13834 ; 6.67828 ; -6.59153
7.49841 ; 7.3501 ; -6.326 ; -3.00102
6.94584 ; 6.46823 ; 5.01344 ; 4.83525
5.13353 ; 4.1736 ; 6.59285 ; 6.56022
7.3951 ; 2.9729 ; -6.39431 ; 4.61658
4.7089 ; 4.15719 ; 6.68522 ; 6.67071
4.63948 ; 4.13274 ; 6.67349 ; 6.68887
6.64687 ; 5.92379 ; -6.67155 ; -6.63805
6.63764 ; 4.88274 ; -6.45281 ; 6.33297
6.76006 ; 6.03737 ; -6.68498 ; -6.6571
6.33453 ; 4.49261 ; -6.54344 ; 6.5178
3.20262 ; 3.22982 ; 0.522623 ; 6.25349
7.63461 ; 3.53935 ; -5.2028 ; 6.58662
4.07183 ; 6.68159 ; 6.33369 ; -6.10778
3.13463 ; 2.52012 ; 0.153273 ; 2.70575
7.17471 ; 6.61515 ; -6.59344 ; -6.24148
6.90332 ; 6.44292 ; -6.7561 ; -6.39369
3.47518 ; 7.35141 ; -2.78794 ; -4.19433
5.61421 ; 5.27768 ; -6.08334 ; 6.0005
4.2221 ; 6.9944 ; 6.6889 ; -4.84005
6.34496 ; 5.65059 ; -6.57127 ; -6.53098
4.81656 ; 6.58749 ; 6.75619 ; -5.88307
4.41232 ; 4.06598 ; 6.55253 ; 6.73768
3.25776 ; 6.9407 ; 1.89361 ; -5.93642
3.52652 ; 3.29176 ; 4.38873 ; 6.27982
7.07663 ; 6.25567 ; -6.5394 ; -6.67119
4.67786 ; 6.07143 ; 6.68756 ; -6.59075
6.92122 ; 6.16478 ; -6.64884 ; -6.66616
4.74021 ; 5.95424 ; 6.66045 ; -6.61207
6.81617 ; 5.4671 ; -6.47592 ; -6.50512
8.18915 ; 6.91256 ; 0.252111 ; -6.02921
5.20088 ; 2.49003 ; -5.749 ; -1.86034
8.17627 ; 6.65112 ; -0.810709 ; -6.5374
4.80017 ; 5.89573 ; -5.44009 ; -6.33575
7.48332 ; 6.90895 ; -6.13436 ; -5.62905
7.49419 ; 3.61114 ; -5.69257 ; 6.6206
7.79949 ; 2.59061 ; -5.40205 ; 1.79141
3.83787 ; 3.41153 ; 5.58882 ; -4.40961
7.19193 ; 3.71161 ; -6.38586 ; 6.60569
7.56845 ; 6.90072 ; -5.85706 ; -5.73338
6.64432 ; 5.95082 ; -6.68139 ; -6.63314
3.44162 ; 3.10173 ; 4.02379 ; 5.78701
6.58315 ; 5.88618 ; -6.66582 ; -6.6202
5.66253 ; 3.56139 ; -6.19958 ; 5.8897
7.62451 ; 6.71139 ; -5.48459 ; -6.30795
7.56226 ; 6.95833 ; -5.926 ; -5.50217
7.00338 ; 6.73728 ; -6.78077 ; -5.83314
5.62663 ; 6.66749 ; -6.19239 ; -5.59742
6.65784 ; 5.95386 ; -6.68003 ; -6.63736
6.86379 ; 4.21143 ; -6.53993 ; 6.68161
6.88815 ; 3.98473 ; -6.61428 ; 6.6726
7.05958 ; 3.70517 ; -6.58426 ; 6.53504
7.18879 ; 6.17195 ; -6.3344 ; -6.73504
6.5147 ; 4.29559 ; 5.54838 ; 6.36892
7.31127 ; 6.5838 ; -6.34164 ; -6.39212
5.43694 ; 3.99797 ; 6.25213 ; -5.28397
3.78355 ; 7.51232 ; 6.07116 ; 0.577453
7.88636 ; 6.66061 ; 2.99708 ; -6.21677
4.922 ; 5.78854 ; 6.62397 ; -6.56696
3.32932 ; 2.93094 ; 3.29311 ; 5.17982
4.10191 ; 3.20132 ; 6.5476 ; 5.60697
7.63557 ; 2.61791 ; -5.97286 ; 1.90921
5.60936 ; 5.07789 ; 6.23246 ; -6.17218
7.52171 ; 3.09499 ; 4.03395 ; 5.4392
3.10965 ; 4.37214 ; -1.5331 ; -5.58899
6.76623 ; 6.06887 ; -6.69521 ; -6.64997
7.79374 ; 2.55181 ; -5.4716 ; 0.892067
7.22544 ; 6.58269 ; -6.50052 ; -6.34233
6.82836 ; 6.13547 ; -6.69446 ; -6.64481
4.1367 ; 3.9186 ; 6.21788 ; 6.77458
4.57821 ; 6.1849 ; 6.69115 ; -6.56359
4.20259 ; 3.76558 ; 6.4295 ; 6.68598
6.84603 ; 7.29217 ; -6.63111 ; 2.91454
6.568 ; 5.85611 ; -6.65736 ; -6.61728
6.82521 ; 6.12227 ; -6.69053 ; -6.65079
6.99182 ; 2.55764 ; -6.76618 ; -0.300712
6.88374 ; 4.02594 ; -6.59787 ; 6.68558
3.3258 ; 6.8843 ; 2.70153 ; -6.05482
4.73173 ; 5.96381 ; 6.66161 ; -6.61255
5.47133 ; 4.24291 ; 6.39539 ; 6.48704
4.02743 ; 7.16747 ; 6.24957 ; 3.26462
8.36739 ; 7.33846 ; -0.708864 ; 2.59693
7.61675 ; 6.64019 ; -5.45961 ; -6.44259
5.03873 ; 5.65866 ; 6.57474 ; -6.52068
5.04556 ; 4.47579 ; 6.58012 ; 6.54202
6.76065 ; 4.02428 ; -6.67329 ; 6.64205
6.76552 ; 4.00764 ; -6.67703 ; 6.63695
3.39823 ; 3.06248 ; 3.73343 ; 5.6779
4.44334 ; 3.84497 ; 6.68186 ; 6.6514
4.80146 ; 5.9126 ; 6.6586 ; -6.59679
6.14677 ; 4.43345 ; -6.32329 ; -5.71653
7.02227 ; 6.36088 ; -6.65148 ; -6.55725
4.08319 ; 3.44957 ; 6.39714 ; 6.30961
6.52118 ; 5.81486 ; -6.64447 ; -6.60235
8.01015 ; 7.03107 ; -3.49718 ; -5.60504
7.41206 ; 6.9128 ; -6.31842 ; -5.55422
6.90881 ; 3.93724 ; -6.61987 ; 6.65981
3.08642 ; 2.55209 ; -0.917178 ; -1.76614
4.33985 ; 3.89235 ; 6.55353 ; 6.71912
4.72232 ; 5.96983 ; 6.66053 ; -6.61457
4.31094 ; 3.65671 ; 6.63644 ; 6.52508
6.78131 ; 4.15964 ; -6.60913 ; 6.67309
7.64063 ; 3.48902 ; -5.21995 ; 6.51931
3.4998 ; 2.53683 ; 5.14225 ; -0.176653
8.17512 ; 7.18426 ; -1.7014 ; -5.08755
7.04907 ; 6.57363 ; -6.70872 ; -6.24994
7.852 ; 7.52783 ; -5.25707 ; -0.967031
3.59583 ; 7.54408 ; -3.18305 ; -2.83027
3.20192 ; 2.56072 ; 2.70123 ; 2.46582
7.49871 ; 4.06063 ; -5.46727 ; -5.34582
6.80757 ; 2.79177 ; 5.17962 ; 3.91199
7.8001 ; 6.271 ; -4.57585 ; 5.02006
7.58404 ; 3.43759 ; 4.08624 ; -4.53621
4.72479 ; 6.14168 ; 6.71228 ; -6.53432
8.21381 ; 7.29157 ; -1.22465 ; -4.31285
4.76895 ; 6.22529 ; 6.72553 ; -6.45593
3.8708 ; 5.7116 ; -4.15203 ; -6.40713
