5.09504 ; 5.53725 ; 6.04431 ; 5.75598
4.93125 ; 5.35378 ; 6.12706 ; -6.15071
4.55931 ; 6.03966 ; 6.13038 ; -6.17089
5.90926 ; 5.2208 ; -6.10916 ; -6.06331
5.88528 ; 5.15702 ; 5.91422 ; 5.92455
5.90821 ; 5.19246 ; -6.10301 ; -6.05649
5.24148 ; 4.72037 ; 6.19874 ; 6.16113
5.68973 ; 4.83906 ; 5.98135 ; -5.86937
3.32765 ; 5.97567 ; 1.979 ; -6.37524
4.90051 ; 4.41339 ; 6.24745 ; 6.25409
4.68501 ; 5.11619 ; 5.94725 ; 6.0359
5.22457 ; 5.19625 ; -5.7177 ; 5.86957
7.92615 ; 7.41968 ; -4.03118 ; 2.81251
7.25169 ; 6.02687 ; 4.74357 ; -5.86361
3.58427 ; 7.50597 ; -3.62917 ; -2.60272
5.06377 ; 4.01917 ; -5.62629 ; 5.79052
7.18614 ; 7.26456 ; -6.12192 ; -3.10317
4.80308 ; 3.84587 ; 6.35784 ; 5.99415
5.48955 ; 5.13297 ; 6.07608 ; 5.97769
6.63112 ; 3.86783 ; 5.42036 ; 5.69366
5.46796 ; 4.90251 ; 6.12059 ; 6.07655
6.0345 ; 4.787 ; -6.13936 ; 6.10523
4.96557 ; 4.43857 ; 6.25557 ; 6.24128
5.38386 ; 4.94497 ; -5.83017 ; 5.97617
7.40377 ; 3.838 ; -5.18801 ; 6.22387
3.11952 ; 5.7195 ; -0.327264 ; -6.32264
5.85296 ; 5.41325 ; 5.95246 ; -6.01273
5.75872 ; 5.2784 ; 5.99642 ; -6.01251
5.80022 ; 5.09805 ; -6.05318 ; -6.00789
4.64931 ; 6.4091 ; -5.24899 ; 5.01938
4.57541 ; 4.31719 ; 6.1006 ; 6.31323
5.20992 ; 6.14658 ; 6.28516 ; -5.84982
4.62937 ; 4.1693 ; 6.19621 ; 6.27393
5.26367 ; 4.40024 ; 6.02172 ; -5.60752
7.49878 ; 6.99135 ; -5.37612 ; -4.63887
5.05419 ; 5.65782 ; 6.22795 ; -6.16487
8.21216 ; 7.43474 ; -1.79592 ; -2.91858
6.78696 ; 6.03349 ; -6.19753 ; -6.21167
6.35709 ; 4.55981 ; -6.19128 ; 6.19918
8.33562 ; 4.58848 ; 2.05463 ; -5.72499
5.97499 ; 5.02275 ; -6.09223 ; -5.99673
6.34537 ; 4.53773 ; -6.19958 ; 6.19771
5.31475 ; 4.78859 ; -5.77489 ; -5.81573
6.38548 ; 6.18637 ; -6.35055 ; -5.94546
6.20697 ; 4.98699 ; -6.1101 ; 6.057
6.77893 ; 6.11776 ; -6.23078 ; -6.15146
5.38627 ; 5.35233 ; 6.14417 ; -6.08613
6.8075 ; 6.02334 ; -6.17739 ; -6.22307
7.75521 ; 7.53255 ; -4.80816 ; -1.42468
5.51201 ; 5.19558 ; 6.08812 ; -6.03536
6.98014 ; 6.38664 ; -6.13318 ; -5.93005
5.49887 ; 5.21797 ; 6.09572 ; -6.0423
6.3802 ; 5.72584 ; -6.26769 ; -6.20597
6.00886 ; 4.82871 ; -6.12611 ; 6.09245
6.44818 ; 6.56052 ; 5.48329 ; 4.8801
6.50646 ; 4.74406 ; -6.10071 ; 6.17643
5.25898 ; 5.38333 ; 6.16451 ; -6.11787
6.53061 ; 4.449 ; -6.17493 ; 6.23643
5.32038 ; 5.37844 ; 6.15823 ; -6.1051
4.66967 ; 4.17635 ; 6.22116 ; 6.26642
6.25369 ; 5.05377 ; 5.68517 ; -5.89623
6.15923 ; 5.478 ; -6.21 ; -6.15971
6.38326 ; 4.53686 ; -6.1924 ; 6.20552
3.12458 ; 6.53906 ; -0.203684 ; -5.99537
5.68537 ; 5.11988 ; 6.01188 ; 5.9641
7.98429 ; 4.04477 ; 3.34459 ; 6.15001
4.70108 ; 6.13289 ; 6.25752 ; -6.05238
4.96739 ; 5.68541 ; 6.22211 ; -6.18453
6.82102 ; 5.9923 ; -6.15496 ; -6.24364
6.3759 ; 5.29094 ; -6.03013 ; 5.8991
3.16308 ; 6.60715 ; -1.79204 ; -5.81419
7.06161 ; 7.01493 ; 4.91993 ; -4.13749
5.08879 ; 5.61591 ; 6.21975 ; -6.16073
8.34158 ; 6.39648 ; 2.34689 ; 4.91082
7.15984 ; 3.00534 ; -6.07321 ; 4.06852
5.39104 ; 4.83432 ; 6.15247 ; 6.10836
4.87533 ; 6.07093 ; 6.30115 ; -6.04177
4.34345 ; 6.36265 ; 6.01092 ; -5.92372
5.05575 ; 5.82148 ; 6.2659 ; -6.12444
4.92177 ; 3.70552 ; 6.38981 ; 5.76512
5.0014 ; 5.72694 ; 6.0081 ; 5.62363
5.1281 ; 4.65183 ; 6.21772 ; 6.19467
6.74851 ; 4.24234 ; -6.12025 ; 6.26345
6.36415 ; 5.64821 ; -6.25096 ; -6.21125
5.07105 ; 4.49684 ; 6.25348 ; 6.2189
3.56789 ; 7.14037 ; -3.60919 ; -4.25517
4.54682 ; 4.35691 ; 6.0585 ; 6.31956
3.4202 ; 3.45807 ; 3.07424 ; 5.91644
3.53583 ; 4.9421 ; 3.19215 ; 6.17046
5.99684 ; 4.84764 ; -6.12008 ; 6.08663
6.34917 ; 4.59868 ; -6.18193 ; 6.1939
7.50999 ; 7.57163 ; -5.39043 ; 1.92536
4.88293 ; 6.0739 ; 6.3036 ; -6.03584
5.49398 ; 5.35764 ; 6.11791 ; -6.06603
5.38665 ; 5.04295 ; -5.83623 ; -5.93126
5.43461 ; 4.87176 ; 6.1355 ; 6.09071
8.44405 ; 3.13987 ; -0.173325 ; -4.11982
6.84728 ; 5.46972 ; -5.95041 ; -6.25415
4.90612 ; 5.97057 ; -5.52239 ; -5.83697
5.16371 ; 4.53887 ; 6.24557 ; 6.19749
6.10629 ; 4.76873 ; -6.14999 ; 6.12244
5.00655 ; 5.62605 ; 6.21252 ; -6.18092
5.08142 ; 6.253 ; -5.66419 ; -5.60305
4.06638 ; 4.43641 ; 4.97492 ; -5.63731
7.43856 ; 2.57982 ; -5.56201 ; -2.44856
6.21628 ; 5.48109 ; -6.21375 ; -6.17336
3.53853 ; 4.85925 ; -3.77873 ; 6.03789
6.575 ; 3.61912 ; -6.35298 ; 5.61764
4.42778 ; 2.45899 ; 6.28793 ; -1.15748
4.23166 ; 2.47355 ; 6.10584 ; -1.39923
3.51335 ; 3.55662 ; 3.62233 ; 5.98618
8.07846 ; 2.86549 ; 2.79684 ; 4.23974
4.9261 ; 4.12098 ; 6.32392 ; 6.17037
4.70359 ; 6.34014 ; 6.31036 ; -5.80253
6.59207 ; 4.22438 ; 5.4549 ; 5.92676
4.59091 ; 3.96851 ; 6.23321 ; 6.18058
5.21378 ; 5.48097 ; 6.18985 ; -6.13661
6.70384 ; 6.96031 ; -6.43183 ; -4.30291
5.31138 ; 4.74462 ; 6.0565 ; -5.83641
6.77321 ; 3.30253 ; -6.34875 ; 4.95761
4.81912 ; 4.44147 ; 6.21067 ; 6.27091
8.11877 ; 3.03314 ; -2.18104 ; 4.88004
4.79673 ; 2.41753 ; -5.3367 ; -2.45287
6.99673 ; 5.72032 ; 5.08504 ; 5.54162
8.28895 ; 2.45766 ; -1.99223 ; -1.65531
6.39175 ; 4.75438 ; -6.04998 ; -5.87261
5.08748 ; 4.34533 ; 6.28545 ; 6.2014
5.94382 ; 5.24516 ; -6.12253 ; -6.07607
6.53483 ; 5.27308 ; -6.1124 ; -6.15592
6.74645 ; 4.55244 ; -6.00986 ; 6.25506
5.20862 ; 5.47503 ; 6.18806 ; -6.13804
5.46472 ; 4.09855 ; 5.97883 ; -5.37535
6.09751 ; 4.78122 ; -6.14645 ; 6.11846
6.07047 ; 4.51159 ; -6.18709 ; 6.13932
3.12588 ; 6.35193 ; -1.11764 ; -6.14776
4.20855 ; 7.43308 ; -4.75453 ; -2.62782
6.27978 ; 4.54588 ; -6.20463 ; 6.18289
4.84783 ; 4.43804 ; 6.22362 ; 6.2658
5.07978 ; 4.53504 ; 6.24432 ; 6.21689
5.4517 ; 4.76708 ; 6.14752 ; 6.11344
4.60347 ; 6.50979 ; 6.30043 ; -5.55009
5.56131 ; 4.89903 ; 6.09085 ; 6.06268
3.48747 ; 3.45899 ; 3.50322 ; 5.90955
4.89048 ; 4.04628 ; 5.95484 ; -5.32576
5.21751 ; 5.61985 ; 6.21935 ; -6.12572
5.01005 ; 5.62487 ; 6.02132 ; 5.69751
7.51822 ; 3.90301 ; 4.38409 ; 5.91147
6.50867 ; 4.2091 ; -6.2526 ; 6.19192
6.01731 ; 5.20021 ; -6.13126 ; -6.07472
5.88746 ; 5.20551 ; -6.10047 ; -6.05563
8.09157 ; 7.43625 ; -2.91016 ; -2.73268
3.66686 ; 7.2912 ; 4.74093 ; 3.37049
5.89622 ; 5.18146 ; -6.09827 ; -6.05138
5.05835 ; 5.92338 ; -5.57255 ; 5.43442
5.10525 ; 4.53144 ; 6.2478 ; 6.21108
5.05891 ; 4.26547 ; 6.30094 ; 6.18909
5.98468 ; 5.26747 ; -6.13611 ; -6.08891
4.06089 ; 6.6889 ; 5.65168 ; -5.42414
5.43213 ; 5.30241 ; 6.12704 ; -6.07081
6.68687 ; 6.52586 ; -6.37531 ; -5.55655
5.35907 ; 4.82811 ; 6.15929 ; 6.11518
6.91226 ; 5.21112 ; -5.80204 ; -6.15409
5.14754 ; 5.95739 ; 6.01204 ; 5.44157
4.45403 ; 4.07491 ; 6.06896 ; 6.28048
4.17809 ; 4.08363 ; 5.636 ; 6.34393
5.8207 ; 4.02504 ; 6.01574 ; 5.84651
5.2516 ; 4.24955 ; -5.6983 ; -5.48703
6.53346 ; 4.49281 ; -6.16043 ; 6.23562
5.80045 ; 5.32758 ; 5.93733 ; 5.84966
5.14798 ; 4.61292 ; -5.65951 ; -5.71002
5.55464 ; 4.75391 ; -5.94056 ; 6.03919
5.43439 ; 4.87411 ; 6.13499 ; 6.09055
4.41068 ; 6.05085 ; 5.97479 ; -6.206
3.0264 ; 7.69585 ; 0.960652 ; 0.581506
5.12143 ; 4.5744 ; 6.23701 ; 6.2054
8.15791 ; 7.28269 ; -2.06504 ; -3.78499
7.90367 ; 6.62151 ; -3.44111 ; -5.8619
6.0454 ; 4.78397 ; -6.14111 ; 6.10772
8.17071 ; 6.47835 ; -1.33069 ; -6.10886
7.51796 ; 3.39303 ; 4.44845 ; -4.64763
6.37684 ; 4.05062 ; -6.29655 ; 6.07011
6.14682 ; 5.28941 ; -6.16826 ; -6.12107
4.47492 ; 6.33641 ; 6.15652 ; -5.90576
5.27778 ; 5.45326 ; 6.17987 ; -6.11929
4.77439 ; 6.09105 ; 6.27808 ; -6.06215
8.1067 ; 4.89962 ; -1.94789 ; -5.99072
6.79212 ; 6.47615 ; -6.31942 ; -5.69959
6.31728 ; 4.39727 ; -6.2368 ; 6.18393
6.43652 ; 5.77486 ; -6.27226 ; -6.21156
4.66282 ; 5.82659 ; 6.13621 ; -6.23181
5.49295 ; 4.82085 ; -5.90173 ; 6.01974
3.50313 ; 3.55905 ; 3.51017 ; 6.06633
6.51824 ; 5.91623 ; -6.29244 ; -6.19047
4.65594 ; 6.25636 ; 6.26783 ; -5.93704
6.7601 ; 5.91596 ; -5.78365 ; 5.45093
8.20675 ; 6.78678 ; -1.093 ; -5.5896
5.49389 ; 5.22046 ; 6.09664 ; -6.04385
5.37861 ; 5.11409 ; 6.10287 ; -6.02416
5.97659 ; 4.84049 ; -6.11864 ; 6.08403
6.08066 ; 5.43184 ; -6.1894 ; -6.13896
5.87192 ; 4.84338 ; 5.9026 ; -5.85465
5.90469 ; 4.94986 ; -6.08083 ; 6.04264
6.36549 ; 5.57096 ; -5.99454 ; 5.71448
3.12865 ; 3.77389 ; -0.366784 ; 6.27422
5.95337 ; 5.24879 ; -6.12527 ; -6.07887
6.29596 ; 5.69139 ; -6.26379 ; -6.18972
5.74202 ; 5.09577 ; -6.00364 ; 5.96575
6.38838 ; 4.48798 ; -6.20564 ; 6.20749
5.90748 ; 5.15376 ; 5.90306 ; 5.92332
8.159 ; 5.05596 ; 2.96318 ; 5.97445
5.33772 ; 5.3443 ; 6.14851 ; -6.09733
3.02516 ; 7.14871 ; 1.31796 ; 3.72053
3.99192 ; 5.8523 ; 5.03014 ; -6.33543
4.19306 ; 7.30559 ; 6.10523 ; -2.75649
7.18858 ; 5.67891 ; -5.51441 ; -6.33649
8.27111 ; 6.5023 ; 0.343598 ; -6.04107
6.39609 ; 5.57468 ; -6.22772 ; -6.2182
6.09731 ; 4.78144 ; -6.14666 ; 6.11868
6.0531 ; 5.35429 ; -6.16809 ; -6.12147
6.49137 ; 5.84688 ; -6.28055 ; -6.20844
6.13384 ; 5.4415 ; -6.19935 ; -6.15201
3.23085 ; 3.73849 ; -2.34859 ; 6.10573
5.49428 ; 5.23246 ; 6.09937 ; -6.04508
3.29796 ; 6.64671 ; 2.1493 ; -5.83029
4.73998 ; 4.05631 ; 6.29273 ; 6.19119
4.77229 ; 5.80922 ; 6.19499 ; -6.21033
3.5886 ; 6.30092 ; -3.76489 ; -5.89004
6.70709 ; 4.07236 ; -6.20557 ; 6.18904
4.84523 ; 5.77696 ; 6.21591 ; -6.19945
3.20918 ; 3.87465 ; 1.03168 ; 6.3676
6.57632 ; 2.3856 ; 5.40592 ; -2.2459
7.05247 ; 4.58565 ; -5.51079 ; -5.77668
7.72975 ; 2.45712 ; -4.93429 ; 0.140133
3.22489 ; 6.54516 ; -2.28596 ; -5.85215
7.76357 ; 2.81577 ; -4.5659 ; -3.38931
8.23153 ; 2.50057 ; -2.46381 ; -1.93546
5.94721 ; 4.88617 ; -6.10351 ; 6.06833
8.0536 ; 3.79648 ; 3.03744 ; 6.06689
6.88845 ; 3.90558 ; 5.17885 ; 5.76648
6.34763 ; 5.56075 ; -6.23067 ; -6.20746
5.65246 ; 5.06408 ; 6.02493 ; -5.97318
5.95069 ; 4.90529 ; -6.09987 ; 6.06397
5.28294 ; 4.74004 ; 6.18986 ; 6.14944
5.58154 ; 2.49882 ; 6.09855 ; -2.51569
6.30942 ; 6.05298 ; 5.65736 ; -5.74725
6.47325 ; 4.44746 ; -6.19671 ; 6.22494
5.33581 ; 2.95182 ; 6.10024 ; -3.96125
6.16837 ; 4.65142 ; -6.18103 ; 6.15235
5.65391 ; 5.05281 ; 6.02242 ; -5.96992
7.94565 ; 4.67508 ; -2.56034 ; 6.27519
3.50617 ; 3.18384 ; 3.81253 ; 5.25165
7.63137 ; 3.35731 ; 4.12305 ; 5.29977
6.22798 ; 4.56012 ; -6.20344 ; 6.17052
5.69381 ; 3.52779 ; -6.06802 ; 5.14974
6.06927 ; 3.47153 ; 5.86587 ; 5.06814
5.41345 ; 4.47106 ; 6.19522 ; 6.14421
5.85647 ; 4.98823 ; -6.05984 ; 6.02234
8.21282 ; 5.74252 ; -1.34893 ; 5.56697
7.3593 ; 2.5408 ; -5.86349 ; 1.06928
6.28788 ; 4.87049 ; -6.08776 ; -5.9376
4.26538 ; 4.20838 ; 5.74107 ; 6.35574
3.2247 ; 4.04704 ; 1.35115 ; 6.37731
5.17901 ; 5.50572 ; 6.19526 ; -6.14507
6.23076 ; 4.53763 ; -6.20846 ; 6.17114
5.33047 ; 4.74469 ; 6.18205 ; 6.13959
4.50906 ; 4.16918 ; 6.0924 ; 6.3017
4.47251 ; 4.24935 ; 6.02013 ; 6.32535
5.51583 ; 5.20102 ; 6.08894 ; -6.03515
5.7661 ; 5.04831 ; -6.03267 ; -5.98426
6.3997 ; 6.06511 ; -6.33373 ; -6.06103
3.33486 ; 7.17465 ; 2.90406 ; -4.19131
7.36081 ; 7.28253 ; 4.50139 ; -3.3302
5.99358 ; 4.8502 ; -6.11945 ; 6.08566
5.43772 ; 5.25584 ; 6.11548 ; -6.06197
4.75311 ; 3.96709 ; -5.36782 ; 5.7632
6.87579 ; 4.13166 ; -6.04459 ; 6.26155
6.75856 ; 6.11338 ; 5.27664 ; -5.71244
5.71483 ; 7.43681 ; 5.97132 ; 3.28649
6.40303 ; 4.85581 ; -6.06428 ; -5.93462
4.97677 ; 7.16017 ; 6.41733 ; -3.17106
4.38847 ; 4.16821 ; 5.94944 ; 6.32637
5.75084 ; 5.0472 ; -6.02681 ; -5.9817
6.4139 ; 5.6249 ; -6.23722 ; -6.22296
6.06917 ; 5.44471 ; 5.78853 ; 5.763
5.01076 ; 5.74317 ; 6.24548 ; -6.161
7.68002 ; 6.71381 ; -4.58658 ; -5.59491
4.66996 ; 5.95838 ; 6.18632 ; -6.18434
5.48148 ; 4.3399 ; -5.91403 ; 6.00092
5.8669 ; 5.03351 ; -6.0657 ; -5.99058
7.32812 ; 2.60324 ; -5.74159 ; -2.58872
3.92547 ; 3.33528 ; 5.14778 ; -4.33567
5.73073 ; 5.99226 ; -6.09343 ; -5.92299
5.61166 ; 5.08068 ; 6.04013 ; -5.98538
5.63766 ; 5.07618 ; 6.03137 ; -5.97934
6.02329 ; 5.33124 ; -6.15775 ; -6.11072
5.08231 ; 4.47804 ; 6.25922 ; 6.21567
7.85618 ; 6.31629 ; 3.6315 ; -5.87857
5.91024 ; 5.20332 ; -6.10571 ; -6.05936
5.32446 ; 4.70347 ; 6.19095 ; 6.1479
4.71765 ; 5.92086 ; -5.32806 ; 5.42218
5.68314 ; 5.0959 ; 6.01624 ; 5.97434
6.35544 ; 4.47286 ; -6.2162 ; 6.19901
6.81064 ; 6.43606 ; -6.29755 ; -5.70907
6.5641 ; 6.13076 ; -5.9127 ; 5.26647
5.31911 ; 5.37328 ; 6.15697 ; -6.10529
4.92413 ; 2.50451 ; 6.33292 ; -2.17073
5.04497 ; 5.68716 ; 6.23496 ; -6.16273
5.93414 ; 4.92796 ; -6.09188 ; 6.05431
3.95864 ; 5.98161 ; 5.00063 ; -6.32126
4.95595 ; 3.95541 ; 6.35412 ; 6.04842
6.28569 ; 4.79155 ; -6.14425 ; 6.13985
6.18827 ; 5.61624 ; -6.24005 ; -6.17042
5.45672 ; 4.55289 ; 6.17099 ; 6.13853
3.9011 ; 5.04456 ; -4.48616 ; -5.87382
6.57813 ; 4.53424 ; -6.12819 ; 6.2376
7.64024 ; 6.93004 ; -4.86755 ; -4.95133
5.98664 ; 5.54561 ; 5.8246 ; 5.70993
5.44449 ; 4.97696 ; 6.07064 ; -5.95811
5.70551 ; 3.79236 ; -5.89436 ; -5.12648
3.69596 ; 3.58695 ; 4.46036 ; 6.05326
4.76568 ; 5.96551 ; -5.36311 ; 5.39235
5.56463 ; 4.99418 ; 6.07492 ; 6.03039
5.93441 ; 4.89994 ; -6.09795 ; 6.06255
6.40665 ; 4.34762 ; -6.23972 ; 6.19847
5.54091 ; 5.15549 ; 6.0736 ; -6.01951
8.20964 ; 5.90147 ; -0.709258 ; -6.39204
5.79937 ; 2.954 ; -5.97481 ; -4.02139
6.91798 ; 4.46026 ; -5.86209 ; 6.29225
6.58137 ; 5.66692 ; -6.20063 ; -6.25463
7.31365 ; 4.9445 ; -4.96134 ; 6.12811
6.14555 ; 4.70684 ; -6.16701 ; 6.14135
5.17044 ; 5.59675 ; 6.21815 ; -6.14053
6.18839 ; 5.45203 ; -6.20583 ; -6.16505
5.92769 ; 3.93555 ; -6.17821 ; 5.83169
7.67492 ; 4.57926 ; -4.03184 ; -5.77685
5.47294 ; 4.42154 ; -5.90618 ; 6.02262
3.95175 ; 4.91898 ; -4.5616 ; -5.81875
6.72123 ; 5.3649 ; -5.83416 ; 5.86
5.3862 ; 5.32893 ; 6.13856 ; -6.08472
6.11315 ; 5.42232 ; -6.19271 ; -6.14538
3.08922 ; 2.69481 ; -0.208408 ; 3.55454
4.76037 ; 5.67564 ; 6.14616 ; -6.22834
5.14706 ; 5.54907 ; 6.2061 ; -6.15091
8.26986 ; 3.24573 ; 0.230508 ; 5.54124
4.59835 ; 7.60047 ; 6.39021 ; 0.302436
3.84333 ; 6.69005 ; 4.85633 ; 4.61839
6.01401 ; 4.41996 ; 5.88042 ; 6.02669
6.1546 ; 5.42558 ; -6.19756 ; -6.15495
6.03879 ; 5.30042 ; -6.1542 ; -6.10714
4.74053 ; 4.43497 ; 6.17558 ; 6.28481
5.78707 ; 5.04758 ; -6.02741 ; 5.99063
5.58742 ; 5.01239 ; 6.0643 ; 6.02045
5.5776 ; 6.53223 ; 5.94852 ; 4.91271
8.439 ; 7.44687 ; -0.0541154 ; 2.79784
6.70493 ; 3.55589 ; -5.9292 ; -4.85184
3.1898 ; 3.8686 ; 0.813304 ; 6.36135
5.0907 ; 5.61452 ; 6.22011 ; -6.16053
5.10671 ; 4.33758 ; 6.28657 ; 6.19478
5.19511 ; 5.50392 ; 6.19547 ; -6.14099
4.59611 ; 5.61661 ; 5.80127 ; 5.71157
3.22298 ; 6.03525 ; 1.09566 ; -6.36103
8.44801 ; 6.72524 ; 1.25306 ; 4.47788
7.07114 ; 3.04824 ; -6.17542 ; 4.223
4.86204 ; 5.83044 ; 6.23749 ; -6.18043
6.42135 ; 4.42094 ; -6.21831 ; 6.21169
5.0791 ; 5.31388 ; 6.149 ; -6.12382
6.39867 ; 5.90486 ; -6.30567 ; -6.15782
6.198 ; 5.51147 ; -6.22047 ; -6.17079
7.02763 ; 3.60505 ; -6.0634 ; 5.80226
6.25251 ; 5.61605 ; -6.24655 ; -6.18588
6.21995 ; 4.66541 ; -6.17743 ; 6.16135
5.95115 ; 5.26254 ; -6.12771 ; -6.08112
5.50431 ; 4.70196 ; -5.91434 ; 6.03768
6.60584 ; 6.4856 ; 5.37142 ; 4.95106
3.33397 ; 2.67888 ; -3.16552 ; -3.24323
7.98958 ; 6.16451 ; -2.64877 ; -6.35565
6.86917 ; 3.41605 ; -6.27214 ; 5.32431
5.56469 ; 5.1555 ; 6.06726 ; -6.01474
6.8907 ; 5.74548 ; -5.99971 ; -6.30725
8.41385 ; 3.73641 ; -0.118065 ; -4.97369
6.4766 ; 4.49903 ; -6.17986 ; 6.22548
6.10722 ; 5.03447 ; -6.09963 ; 6.02793
7.02247 ; 7.35095 ; -6.31129 ; -2.44871
6.09547 ; 5.00377 ; -6.10953 ; -5.9978
7.03841 ; 6.10067 ; -5.94929 ; -6.23942
5.05626 ; 4.4705 ; 6.25874 ; 6.22142
5.27211 ; 5.4561 ; 6.18058 ; -6.12086
5.20584 ; 4.629 ; 6.2227 ; 6.18203
5.47678 ; 4.78753 ; -5.89415 ; 6.02307
5.29639 ; 6.25315 ; 6.26576 ; -5.68901
4.99365 ; 4.27996 ; 6.29716 ; 6.21021
6.24425 ; 4.66834 ; -6.1746 ; 6.16544
4.08741 ; 6.16608 ; 5.4437 ; -6.21153
8.10679 ; 3.8254 ; 2.81233 ; 6.11483
7.38294 ; 6.46415 ; -5.43121 ; -5.96615
4.88735 ; 4.37744 ; 6.25417 ; 6.25377
3.55748 ; 6.87965 ; -3.87852 ; 4.38914
3.10621 ; 5.72746 ; -1.12614 ; -6.29689
5.64676 ; 5.02617 ; 6.04041 ; 6.00683
5.54912 ; 4.84731 ; 6.1023 ; 6.07858
6.13643 ; 5.46834 ; -6.20579 ; -6.15415
6.22582 ; 4.70424 ; -6.16728 ; 6.15652
3.74201 ; 2.98726 ; 5.01226 ; 4.37801
6.74046 ; 4.92508 ; -5.90946 ; 6.11567
8.11187 ; 4.22075 ; -1.47959 ; 6.4038
6.90607 ; 7.0387 ; -6.35705 ; -4.08634
4.92782 ; 5.84225 ; 6.25788 ; -6.15662
5.97768 ; 4.85333 ; -6.11631 ; 6.08194
7.31148 ; 6.8732 ; -5.78867 ; -4.95628
6.35176 ; 4.53003 ; -6.20074 ; 6.19885
6.09686 ; 5.38993 ; 5.80078 ; -5.97879
5.71809 ; 3.59989 ; 5.90289 ; -4.92421
6.69878 ; 5.88891 ; -6.20873 ; -6.25191
5.3971 ; 5.36875 ; 6.14551 ; -6.08524
4.02958 ; 6.73968 ; 5.60448 ; -5.30666
5.30371 ; 4.73958 ; 6.18744 ; 6.1454
4.77247 ; 4.32595 ; 6.2275 ; 6.27465
4.75154 ; 4.33221 ; 5.88446 ; -5.55913
5.52229 ; 5.19109 ; 6.08538 ; -6.03212
6.20871 ; 5.50515 ; -6.2192 ; -6.17317
4.1794 ; 6.02317 ; 5.57795 ; -6.27081
6.90152 ; 6.17281 ; -6.14614 ; -6.12596
5.60682 ; 5.91581 ; -5.86652 ; 5.45272
4.3999 ; 7.44041 ; 6.10685 ; 2.91446
3.74252 ; 2.82276 ; 5.10302 ; 3.55058
5.19298 ; 5.5572 ; 6.20867 ; -6.13799
6.8725 ; 6.37948 ; -6.23803 ; -5.89533
8.14475 ; 3.93648 ; -1.23761 ; 6.36961
6.94964 ; 6.66008 ; -6.2471 ; -5.37888
4.41113 ; 4.37872 ; 5.89281 ; 6.33783
5.3602 ; 4.85681 ; 6.15345 ; 6.10721
6.34517 ; 4.95524 ; -6.10019 ; 6.08027
6.37379 ; 5.00577 ; -6.08319 ; 6.05823
3.5407 ; 4.41406 ; -3.70959 ; 6.14829
5.23538 ; 5.5098 ; 6.19648 ; -6.12988
7.49047 ; 4.05996 ; -4.71327 ; -5.34915
3.59727 ; 3.59604 ; 3.99737 ; 6.09394
6.6451 ; 4.41536 ; -6.12966 ; 6.25776
5.39638 ; 5.33274 ; 6.13881 ; -6.08234
5.18704 ; 4.80568 ; 6.18241 ; 6.14681
8.21636 ; 5.36476 ; 2.49398 ; -6.14852
6.85721 ; 5.57051 ; -5.6886 ; 5.71931
7.17755 ; 5.46749 ; -5.45623 ; -6.27982
4.97933 ; 4.42492 ; 6.26204 ; 6.23682
8.39728 ; 3.75401 ; -0.343496 ; -4.9949
6.4572 ; 4.38084 ; -6.22025 ; 6.21605
5.39271 ; 5.33679 ; 6.1399 ; -6.08331
6.37638 ; 5.72255 ; -6.26777 ; -6.20579
4.56337 ; 4.24697 ; 6.11599 ; 6.30759
5.25102 ; 4.6738 ; 6.20872 ; 6.16694
3.02886 ; 7.71081 ; -0.45927 ; -0.619758
5.88387 ; 5.68736 ; -6.15119 ; -6.09155
6.32824 ; 4.62173 ; -6.0469 ; -5.78428
6.55328 ; 5.99271 ; -6.3029 ; -6.16154
4.90087 ; 4.54186 ; 6.21099 ; 6.2492
3.90605 ; 7.15844 ; 5.17332 ; -3.84535
5.02005 ; 4.55015 ; 6.23396 ; 6.22786
5.96124 ; 4.83983 ; -6.11555 ; 6.08165
6.1128 ; 2.74825 ; 5.73816 ; -3.60839
7.88065 ; 6.21666 ; 3.58629 ; -5.96966
5.42234 ; 5.29339 ; 6.12648 ; -6.07231
5.12782 ; 5.57217 ; 6.2113 ; -6.15433
6.33893 ; 5.54643 ; -6.22791 ; -6.20509
4.38095 ; 5.9406 ; 5.88916 ; -6.26096
2.96292 ; 2.53673 ; -0.168069 ; -2.23971
5.51144 ; 4.47473 ; 6.15592 ; 6.12556
8.28899 ; 5.54514 ; 1.51183 ; -6.2608
6.00899 ; 3.94587 ; -6.21148 ; 5.88088
5.42404 ; 5.34554 ; 6.13624 ; -6.07757
4.52483 ; 4.37526 ; 6.0288 ; 6.32264
5.56797 ; 5.13364 ; 6.06219 ; -6.00868
5.33308 ; 4.82198 ; 6.16485 ; 6.12111
3.86886 ; 5.92447 ; 4.68241 ; -6.34372
3.62563 ; 4.74442 ; -4.05023 ; -5.74297
4.34758 ; 7.11531 ; 5.9159 ; 3.87897
6.25291 ; 3.14854 ; -6.35377 ; 4.20071
5.6824 ; 5.03625 ; 6.00998 ; -5.95978
6.72285 ; 7.04356 ; -6.43599 ; -3.96707
5.13702 ; 4.58909 ; 6.23396 ; 6.20114
5.29509 ; 4.76191 ; 6.18355 ; 6.14286
6.05177 ; 4.80743 ; -6.13629 ; 6.10523
6.74204 ; 5.86555 ; -5.79617 ; 5.49242
6.00406 ; 4.88247 ; 5.86609 ; 6.00368
4.79524 ; 4.16687 ; 6.28455 ; 6.22922
7.03737 ; 6.94621 ; -6.23145 ; -4.53808
4.80415 ; 4.39986 ; 5.91826 ; -5.61016
5.09167 ; 4.34285 ; 6.28621 ; 6.19956
5.32879 ; 4.91113 ; -5.79768 ; 5.97864
7.35138 ; 5.3372 ; -4.15068 ; 5.87939
5.16749 ; 4.7305 ; 6.19944 ; 6.17114
4.05438 ; 7.33382 ; 5.64836 ; 3.27282
3.61304 ; 4.52424 ; -4.03791 ; -5.60828
4.67502 ; 5.92931 ; 6.18047 ; -6.19444
5.3508 ; 4.74742 ; 6.17778 ; 6.13526
6.00554 ; 4.85428 ; -6.11953 ; 6.08698
7.14845 ; 4.55244 ; -5.36818 ; -5.75386
7.44428 ; 6.63199 ; 4.42285 ; -5.257
5.49282 ; 5.85903 ; 6.15863 ; -5.98902
6.11714 ; 4.69154 ; -6.1684 ; 6.13781
7.03618 ; 3.84473 ; -5.96037 ; 6.12315
7.19061 ; 3.33119 ; -5.92126 ; 5.26479
6.18567 ; 5.47066 ; -6.21 ; -6.16577
5.01473 ; 5.72034 ; 6.23897 ; -6.16561
5.65919 ; 5.07508 ; 6.02849 ; 5.98605
6.98098 ; 6.11588 ; -6.03321 ; -6.2147
4.83763 ; 5.06455 ; 6.05697 ; 6.05703
5.4087 ; 4.84309 ; 6.14728 ; 6.10299
6.12698 ; 4.64391 ; -6.17945 ; 6.14424
7.44898 ; 6.31276 ; -5.17128 ; -6.17374
6.17392 ; 4.81275 ; -6.14397 ; 6.12098
8.16846 ; 5.85229 ; 2.51913 ; -6.23804
6.19274 ; 4.68049 ; -6.17434 ; 6.15436
5.05917 ; 5.63986 ; 6.22337 ; -6.16632
6.64732 ; 5.65866 ; -6.16576 ; -6.26621
5.92443 ; 5.22378 ; -6.11303 ; -6.06709
6.75181 ; 4.44565 ; -6.04307 ; 6.27284
6.55044 ; 5.65534 ; -6.20936 ; -6.24969
5.44898 ; 5.24232 ; 6.11075 ; -6.0572
4.69779 ; 7.73742 ; -5.2939 ; 0.0706697
4.84945 ; 4.85219 ; 6.10942 ; 6.16036
7.03734 ; 2.75241 ; 4.9615 ; -3.66006
7.11507 ; 7.05382 ; -6.16802 ; -4.14117
5.15247 ; 4.61576 ; -5.66222 ; -5.71171
6.86289 ; 5.98309 ; 5.17989 ; -5.8177
5.63387 ; 6.02586 ; 6.09867 ; -5.84099
6.12073 ; 5.20644 ; -6.14904 ; -6.08966
4.97574 ; 4.9367 ; 6.05378 ; -5.9606
6.55142 ; 4.13029 ; -6.25986 ; 6.17217
6.50829 ; 4.76557 ; -6.01523 ; -5.88397
7.27717 ; 6.97291 ; -5.88952 ; -4.57643
3.42601 ; 3.47783 ; 3.10025 ; 5.96108
7.23175 ; 6.60517 ; -5.83492 ; -5.64704
5.37679 ; 4.81269 ; 6.15951 ; 6.11543
7.9027 ; 6.98257 ; -3.69127 ; -4.91642
6.48327 ; 3.78193 ; -6.33685 ; 5.8374
4.48946 ; 4.07379 ; 6.10775 ; 6.27092
4.00618 ; 4.01675 ; 5.26753 ; 6.35303
6.14735 ; 4.63207 ; -6.18378 ; 6.1493
7.89891 ; 6.45276 ; 3.49391 ; -5.75877
8.12103 ; 3.61396 ; -1.68939 ; 6.15021
7.35398 ; 6.67254 ; -5.60508 ; -5.55163
4.79803 ; 4.32779 ; 6.23838 ; 6.269
7.62153 ; 5.78206 ; -4.3295 ; -6.38663
5.70705 ; 4.66767 ; -6.02808 ; 6.07219
3.19418 ; 6.70517 ; -2.05922 ; -5.62828
4.27235 ; 6.51867 ; 5.97122 ; -5.69347
5.58112 ; 5.14572 ; 6.0609 ; -6.00908
7.51338 ; 3.53198 ; -5.02837 ; 5.878
7.00308 ; 3.93579 ; -5.96967 ; 6.19022
5.12636 ; 5.6408 ; 6.22832 ; -6.14688
4.31197 ; 2.829 ; -4.86237 ; 3.43141
6.21832 ; 5.76966 ; -6.26959 ; -6.15407
3.06902 ; 5.58665 ; 0.365026 ; 5.72021
7.80193 ; 6.11357 ; -3.70081 ; -6.36399
7.99741 ; 7.08607 ; -3.48525 ; 3.74334
4.93046 ; 4.45337 ; 6.24367 ; 6.24962
4.32203 ; 6.24226 ; 5.93079 ; -6.08008
5.25596 ; 5.19408 ; 6.12961 ; -6.06591
6.20515 ; 5.26091 ; -6.16608 ; -6.11914
5.49597 ; 5.22324 ; 6.09726 ; -6.04337
5.54144 ; 5.18298 ; 6.07903 ; -6.02603
6.0061 ; 4.81059 ; -6.12982 ; 6.09541
6.06428 ; 4.79903 ; -6.13928 ; 6.10901
5.22836 ; 4.75854 ; 6.19088 ; 6.15484
4.96053 ; 3.92331 ; 6.359 ; 6.01694
5.89551 ; 5.48922 ; -6.13796 ; -6.10722
6.09501 ; 2.7215 ; -6.13142 ; -3.39951
3.48853 ; 3.8264 ; -3.4648 ; 6.01455
4.79853 ; 6.07986 ; 6.28382 ; -6.06297
5.71366 ; 5.12017 ; -5.98951 ; 5.95215
8.11585 ; 6.47871 ; -1.84561 ; -6.10921
3.63826 ; 4.07171 ; -4.08964 ; -5.27595
3.18345 ; 5.35812 ; 1.23941 ; 5.89734
4.56453 ; 3.95917 ; 6.21526 ; 6.18181
5.14324 ; 5.41766 ; 6.17521 ; -6.14234
6.21965 ; 5.76084 ; -6.26845 ; -6.15723
5.08555 ; 4.53206 ; 6.24604 ; 6.21544
5.95681 ; 5.06922 ; -6.07271 ; 5.99941
6.12674 ; 4.93693 ; -6.11863 ; 6.07231
5.50111 ; 5.23263 ; 6.09838 ; -6.04367
6.08746 ; 4.73859 ; -6.15583 ; 6.12471
3.58791 ; 2.3754 ; -3.58053 ; 1.27415
6.00273 ; 5.51538 ; -6.18035 ; -6.12978
4.61376 ; 5.73267 ; -5.26702 ; -5.93216
5.10265 ; 4.425 ; 6.27078 ; 6.20796
5.00608 ; 5.06872 ; 6.08586 ; -6.02836
4.39355 ; 3.56413 ; 6.18173 ; 5.74843
6.15055 ; 2.64921 ; 5.5559 ; 2.39379
7.3498 ; 7.21361 ; -5.83131 ; -3.5051
6.4976 ; 5.28185 ; 5.51357 ; 5.81045
3.72589 ; 3.78823 ; 4.45799 ; 6.27215
5.3538 ; 4.90276 ; 6.14584 ; 6.09308
5.87248 ; 5.17353 ; -6.09014 ; -6.04448
6.8672 ; 4.46732 ; -5.92205 ; 6.28515
5.99863 ; 4.84536 ; -6.12072 ; 6.08702
5.29829 ; 5.44693 ; 6.17664 ; -6.11334
3.71723 ; 3.98218 ; 4.30473 ; 6.38632
6.03274 ; 4.80775 ; -6.13424 ; 6.10143
3.4803 ; 4.34205 ; -3.53933 ; 6.1696
4.22458 ; 6.05771 ; 5.68311 ; -6.24564
4.46523 ; 6.2898 ; 6.12983 ; -5.97345
6.53809 ; 4.86468 ; -6.05547 ; 6.13245
6.61376 ; 3.64646 ; 5.43371 ; 5.4258
6.68683 ; 6.00386 ; -6.25282 ; -6.19853
3.50446 ; 4.82548 ; -3.6864 ; 6.05832
5.7379 ; 5.08867 ; -6.00323 ; 5.96788
5.35098 ; 7.55813 ; -5.79352 ; 2.86273
5.62445 ; 5.04082 ; 6.0466 ; 6.00445
5.74084 ; 5.15357 ; 5.98461 ; 5.94279
6.2159 ; 5.45358 ; -6.2073 ; -6.17061
5.0642 ; 4.53923 ; 6.24157 ; 6.22009
6.08682 ; 4.69756 ; -6.16475 ; 6.13118
3.09336 ; 5.37756 ; 0.401816 ; 5.87618
6.12285 ; 5.82456 ; -6.25465 ; -6.11172
4.40107 ; 6.35565 ; 6.08251 ; -5.90992
6.67192 ; 6.06272 ; -6.2779 ; -6.15654
7.05593 ; 3.4984 ; -6.06314 ; 5.61146
4.89636 ; 6.07522 ; 6.30652 ; -6.0296
3.12938 ; 5.30278 ; -2.14109 ; -6.11597
5.14683 ; 4.5837 ; 6.23597 ; 6.19906
6.11974 ; 5.44311 ; -6.19833 ; -6.14867
8.20705 ; 3.45935 ; -2.16584 ; -4.6375
5.49107 ; 4.90108 ; 6.11422 ; 6.07308
5.42221 ; 5.08542 ; 6.09098 ; -6.00869
4.72645 ; 6.50682 ; 6.34992 ; -5.49932
6.50114 ; 3.04937 ; 5.52492 ; 4.00064
4.42079 ; 2.95868 ; 6.34117 ; 3.81612
5.22176 ; 5.4997 ; 6.19441 ; -6.13403
5.96525 ; 5.78283 ; -5.98186 ; 5.55658
5.22771 ; 4.63833 ; 6.21902 ; 6.17636
4.99374 ; 5.79101 ; 6.25535 ; -6.15327
3.34383 ; 3.3602 ; 3.06531 ; -4.44892
7.34583 ; 7.49778 ; -5.71246 ; 2.48064
5.83778 ; 4.98991 ; -6.05417 ; 6.01921
6.04919 ; 4.7872 ; -6.1405 ; 6.10819
5.82337 ; 5.11656 ; -6.0643 ; -6.01797
6.33425 ; 5.65294 ; -6.25475 ; -6.20382
3.11343 ; 5.03696 ; 0.273453 ; 6.0969
4.45579 ; 3.58699 ; 5.75497 ; -4.84368
3.41249 ; 4.1914 ; 2.58954 ; 6.43706
7.08535 ; 3.13905 ; -5.7632 ; -4.21872
6.69008 ; 6.15034 ; -6.29318 ; -6.09246
5.97416 ; 4.884 ; -6.10859 ; 6.07385
5.61828 ; 5.09997 ; 6.04176 ; -5.98966
4.974 ; 7.25257 ; 6.41516 ; -2.74687
6.39412 ; 5.74559 ; -6.27093 ; -6.20578
6.36357 ; 5.78624 ; -6.28271 ; -6.18833
6.96432 ; 5.39011 ; 5.12294 ; 5.73441
7.40741 ; 6.87344 ; 4.45978 ; -4.71847
4.55337 ; 4.69406 ; -5.21067 ; -5.71396
4.62596 ; 5.4297 ; 5.84429 ; 5.84187
7.47 ; 6.24252 ; 4.41511 ; -5.78092
6.09908 ; 4.64867 ; -6.1751 ; 6.13814
4.94639 ; 4.38188 ; -5.53332 ; 5.96331
8.29619 ; 2.81426 ; 0.660338 ; 4.15764
5.66417 ; 5.0466 ; 6.01817 ; -5.96622
6.02965 ; 5.16205 ; -6.06996 ; 5.95848
6.30674 ; 7.29731 ; -6.1833 ; 3.54412
6.88706 ; 6.15318 ; -6.15182 ; -6.15931
5.5093 ; 4.93478 ; 6.10292 ; 6.05992
6.24466 ; 4.59137 ; -6.19511 ; 6.17337
5.64012 ; 3.56895 ; 6.14 ; 5.29791
6.79386 ; 4.14879 ; -6.11701 ; 6.2477
4.59716 ; 3.86092 ; 6.26869 ; 6.08319
5.71872 ; 5.37784 ; 6.02291 ; -6.03125
2.97416 ; 6.76247 ; 0.499845 ; 4.4529
2.98256 ; 4.05596 ; -1.42892 ; -5.2616
5.62965 ; 5.04895 ; 6.02955 ; -5.97205
3.60837 ; 7.66638 ; -3.68203 ; -1.47848
4.95576 ; 6.05259 ; 6.30764 ; -6.02679
5.4108 ; 4.8839 ; 6.13839 ; 6.09147
2.97707 ; 2.44289 ; 0.318736 ; -1.68174
3.93485 ; 5.09631 ; 4.67977 ; 6.07343
6.27452 ; 4.52692 ; -6.20994 ; 6.1809
4.07701 ; 4.82595 ; 4.96868 ; -5.91578
3.88772 ; 4.85821 ; 4.60034 ; 6.20877
6.0464 ; 5.35342 ; -6.16707 ; -6.11982
6.96766 ; 5.67958 ; -5.56269 ; 5.63818
6.61143 ; 6.76901 ; -6.42534 ; -4.91259
4.50744 ; 4.27932 ; 6.04779 ; 6.32266
6.09704 ; 4.86166 ; -6.13024 ; 6.09699
5.20142 ; 3.60971 ; 6.0277 ; -4.91078
4.85426 ; 6.04972 ; 6.29205 ; -6.06722
3.40816 ; 2.37785 ; -2.90068 ; -1.8238
3.09721 ; 2.6599 ; 0.542686 ; 3.28659
6.48763 ; 4.45762 ; -6.18853 ; 6.22831
6.48246 ; 5.71641 ; -6.24738 ; -6.23282
8.22458 ; 3.32903 ; 0.33526 ; 5.69298
4.85562 ; 4.53582 ; 6.1971 ; 6.25695
6.48945 ; 5.02594 ; 5.51411 ; -5.86853
5.68213 ; 4.64917 ; 6.06183 ; 6.0921
3.79268 ; 7.09328 ; 5.12981 ; -4.19587
6.10145 ; 4.69342 ; -6.16671 ; 6.13456
4.37533 ; 6.11898 ; 5.95592 ; -6.17118
5.48343 ; 5.32775 ; 6.11754 ; -6.06433
5.2374 ; 5.54866 ; 6.20446 ; -6.12689
6.0584 ; 5.22809 ; -6.14406 ; -6.08935
5.33476 ; 4.86277 ; -5.80342 ; 5.99017
6.04208 ; 4.83389 ; -6.12922 ; 6.09771
5.6095 ; 5.10247 ; 6.04436 ; -5.99181
5.91246 ; 4.94266 ; -6.08398 ; 6.04603
3.92007 ; 4.12573 ; 4.67805 ; -5.37646
4.54527 ; 5.64861 ; -5.19379 ; 5.59497
6.45895 ; 4.10577 ; -5.97378 ; -5.39929
6.28038 ; 5.57096 ; -6.23684 ; -6.19318
5.30979 ; 5.42917 ; 6.17129 ; -6.11003
5.82539 ; 3.38744 ; -6.14831 ; 4.83968
5.9991 ; 6.4858 ; -6.25818 ; -5.36415
5.41992 ; 5.30162 ; 6.12866 ; -6.07352
5.61119 ; 5.09824 ; 6.04317 ; -5.9907
5.03466 ; 5.55662 ; 6.19844 ; -6.17586
5.1102 ; 4.60109 ; 6.22941 ; 6.20552
6.60941 ; 3.89165 ; -6.29575 ; 6.01697
7.45136 ; 6.69528 ; -5.36091 ; -5.5392
4.61577 ; 3.18164 ; 6.41326 ; 4.62337
6.34406 ; 4.30512 ; 5.59389 ; -5.51057
5.60491 ; 4.87425 ; 6.07691 ; 6.06286
5.05839 ; 4.27123 ; 5.99944 ; -5.51227
5.39712 ; 4.82551 ; 6.15329 ; 6.10897
6.30888 ; 4.45882 ; -6.22419 ; 6.18727
7.44629 ; 3.62116 ; -5.18766 ; 5.9968
6.57289 ; 4.27379 ; -6.21291 ; 6.22781
6.46417 ; 5.95012 ; -6.31013 ; -6.15634
5.13393 ; 4.73736 ; 6.19733 ; 6.17411
3.60909 ; 6.84978 ; -3.98014 ; 4.43841
6.41829 ; 4.61129 ; 5.59023 ; 5.99564
6.24641 ; 5.69545 ; -6.2614 ; -6.1767
3.52624 ; 6.37186 ; 3.46947 ; -6.16006
7.11358 ; 6.32691 ; -5.46667 ; 5.05362
5.95127 ; 4.88363 ; -6.1045 ; 6.06961
5.31159 ; 5.15292 ; 6.11801 ; -6.04544
6.18732 ; 5.36139 ; -6.18623 ; -6.14741
6.69103 ; 3.65793 ; -6.316 ; 5.73849
5.36393 ; 4.5406 ; 6.20412 ; 6.15372
6.86656 ; 3.84715 ; -6.15626 ; 6.06575
6.18879 ; 4.67909 ; -6.17522 ; 6.15357
6.72772 ; 5.96132 ; -6.21486 ; -6.23212
5.94356 ; 3.96339 ; -5.96878 ; -5.27685
5.40067 ; 5.32677 ; 6.13702 ; -6.08106
4.9214 ; 4.28852 ; 6.28591 ; 6.23143
7.69469 ; 3.81644 ; -4.15526 ; 6.26972
5.61736 ; 4.97158 ; 6.05934 ; 6.0307
6.24399 ; 4.05003 ; -6.28037 ; 6.02655
5.64713 ; 5.57644 ; -6.02366 ; -6.057
7.14432 ; 3.93459 ; -5.44739 ; -5.23633
5.4684 ; 2.8722 ; 6.25402 ; 3.06779
6.61999 ; 3.96767 ; -6.27541 ; 6.08965
5.61469 ; 5.52716 ; -5.902 ; 5.72282
8.06598 ; 6.02222 ; -2.4449 ; 5.32449
6.83388 ; 4.29877 ; -6.0231 ; 6.28841
8.16711 ; 5.00262 ; -1.184 ; 6.09723
5.91575 ; 5.4915 ; 5.91866 ; -6.00282
5.64846 ; 5.06316 ; 6.02568 ; -5.97372
6.93473 ; 3.46256 ; -6.20744 ; 5.47226
5.44377 ; 5.41323 ; 6.14007 ; -6.08024
5.19315 ; 4.6693 ; 6.21338 ; 6.17923
6.65051 ; 6.76467 ; -6.41889 ; -4.94578
5.2089 ; 5.53879 ; 6.20402 ; -6.13511
6.39713 ; 5.20985 ; -6.14003 ; -6.11796
8.09984 ; 6.75605 ; 2.69203 ; -5.42183
5.20071 ; 4.71406 ; 6.20256 ; 6.16967
4.63572 ; 3.20306 ; 6.41765 ; 4.68962
5.36768 ; 4.69233 ; 6.18294 ; 6.1419
5.03693 ; 5.65135 ; -5.57219 ; 5.61626
3.38096 ; 7.12092 ; 3.56801 ; 3.79937
5.2529 ; 4.69687 ; 6.20327 ; 6.16315
5.84259 ; 4.98298 ; -6.05669 ; 6.02193
6.52849 ; 7.63517 ; -6.3378 ; 1.45987
6.67556 ; 6.06967 ; -6.27787 ; -6.15205
5.28675 ; 5.40953 ; 6.16801 ; -6.11526
5.85133 ; 5.14089 ; -6.07771 ; -6.03087
2.99593 ; 7.63886 ; 0.860367 ; 1.67642
4.58629 ; 4.32731 ; 6.10643 ; 6.31226
6.70089 ; 3.68099 ; -5.90898 ; -4.99264
6.24086 ; 4.15808 ; -6.2669 ; 6.09354
5.0299 ; 6.72607 ; 6.37967 ; -4.82946
4.86552 ; 5.71629 ; 6.20458 ; -6.20502
6.70311 ; 3.68647 ; -6.30496 ; 5.79099
4.40756 ; 5.86345 ; -5.06281 ; -5.90913
3.40769 ; 4.0142 ; -3.25006 ; 6.14959
6.48261 ; 4.41824 ; -6.2022 ; 6.22533
5.50712 ; 2.6206 ; -5.86102 ; -3.19296
7.06433 ; 3.21674 ; 4.95988 ; -4.46645
5.23874 ; 4.9794 ; 6.14511 ; 6.07315
4.47634 ; 6.27387 ; 6.13602 ; -5.98971
4.62093 ; 6.18708 ; 6.22664 ; -6.03026
7.16499 ; 4.19351 ; -5.58012 ; 6.33251
5.33902 ; 5.10602 ; -5.81109 ; -5.94545
7.78938 ; 2.75818 ; -4.44949 ; 3.27976
5.33235 ; 5.38198 ; 6.15852 ; -6.10234
3.34521 ; 6.13732 ; 2.7595 ; 5.25019
6.60278 ; 2.47824 ; -6.40485 ; -0.150702
6.19356 ; 4.60199 ; -6.19337 ; 6.16132
6.8383 ; 2.83036 ; -6.38468 ; 2.99307
7.11883 ; 4.05677 ; -5.73292 ; 6.28767
4.60043 ; 3.89505 ; 6.26156 ; 6.11549
7.15166 ; 3.90671 ; -5.74321 ; 6.21068
3.13025 ; 6.67375 ; 0.116141 ; -5.79965
5.05948 ; 6.29635 ; 6.33482 ; -5.71824
5.11726 ; 5.56337 ; 6.20761 ; -6.15833
7.86762 ; 6.14303 ; -3.36813 ; -6.35758
5.46674 ; 5.26466 ; -5.85704 ; 5.86068
3.94471 ; 4.55603 ; 4.82674 ; 6.33904
7.28492 ; 7.38423 ; -5.99515 ; -2.37989
5.16933 ; 5.6309 ; 6.22537 ; -6.13651
6.54614 ; 5.73307 ; -6.23311 ; -6.24547
4.56228 ; 3.87812 ; 6.23823 ; 6.10868
4.10738 ; 3.25735 ; 5.84909 ; 5.15081
6.51701 ; 4.02414 ; -6.29157 ; 6.09807
5.19209 ; 5.51723 ; 6.19889 ; -6.14086
5.16119 ; 4.6077 ; 6.2298 ; 6.19424
6.48009 ; 3.90595 ; -6.31781 ; 5.98252
4.17924 ; 3.09917 ; -4.74834 ; -4.27881
4.0527 ; 6.25021 ; 5.4034 ; -6.15203
6.91596 ; 2.8485 ; -6.34235 ; 3.13398
6.41733 ; 5.67604 ; -6.25015 ; -6.22147
6.28648 ; 7.6402 ; 5.65234 ; -0.464592
4.68466 ; 3.7286 ; 6.345 ; 5.89177
5.51005 ; 4.90451 ; 6.10792 ; 6.06903
5.14486 ; 5.53809 ; 6.20266 ; -6.15303
5.34618 ; 4.88458 ; 6.15038 ; 6.1002
7.68753 ; 7.3194 ; 3.90751 ; -3.38394
6.26934 ; 5.45057 ; -6.20735 ; -6.17965
3.51271 ; 2.71964 ; 4.22526 ; 3.11204
5.51069 ; 5.20498 ; 6.09047 ; -6.03703
6.66589 ; 5.86545 ; -6.2211 ; -6.25055
6.40468 ; 5.62913 ; -6.24054 ; -6.22079
7.91066 ; 4.9479 ; -2.7372 ; 6.13568
6.72199 ; 3.82731 ; -6.264 ; 5.99041
5.4096 ; 7.4383 ; 6.11924 ; 3.20508
6.14974 ; 4.72632 ; -6.16241 ; 6.13918
6.23481 ; 4.65503 ; -6.17872 ; 6.16523
3.92431 ; 3.9442 ; 5.07395 ; 6.33399
6.96501 ; 6.05524 ; -6.02984 ; -6.24825
5.43475 ; 5.23978 ; 6.11266 ; -6.05937
5.30888 ; 5.40411 ; 6.16534 ; -6.10943
6.38422 ; 4.48247 ; -6.2085 ; 6.20596
4.39378 ; 7.30007 ; 6.31114 ; -2.65183
5.31756 ; 5.39063 ; 6.16142 ; -6.1065
5.14996 ; 5.54481 ; 6.20528 ; -6.1509
4.60341 ; 3.7486 ; -5.22339 ; 5.56586
5.3173 ; 5.4223 ; 6.16923 ; -6.10802
6.31466 ; 2.58041 ; -6.23799 ; -2.7735
5.41964 ; 5.13212 ; 6.09261 ; 5.98413
4.73455 ; 3.34709 ; 6.42254 ; 5.07755
4.97469 ; 4.45362 ; 6.25331 ; 6.24034
6.29267 ; 4.56062 ; -6.19959 ; 6.18571
5.0829 ; 4.47034 ; 6.26118 ; 6.21475
6.22244 ; 4.59372 ; -6.19556 ; 6.16833
6.91988 ; 6.55891 ; -6.24709 ; -5.59471
5.19404 ; 4.67016 ; 6.21346 ; 6.17928
5.42386 ; 3.34597 ; 6.02058 ; -4.61302
5.7958 ; 5.13528 ; 5.96158 ; 5.94417
4.10837 ; 5.57878 ; 5.24836 ; -6.28347
3.43348 ; 2.96563 ; 3.56712 ; 4.50843
6.94833 ; 6.56512 ; 5.07911 ; 4.85106
5.37382 ; 5.34914 ; 6.14483 ; -6.08917
4.37795 ; 3.56981 ; 5.67484 ; -4.81962
4.93972 ; 4.41346 ; 6.25721 ; 6.24511
5.27815 ; 3.9765 ; 6.28904 ; 5.96396
3.06926 ; 2.70978 ; -2.11855 ; -3.19685
5.10261 ; 5.5794 ; 6.21083 ; -6.16077
4.9901 ; 5.49071 ; 6.03039 ; 5.79046
5.4928 ; 5.13699 ; 6.08297 ; -6.02083
5.75445 ; 4.95846 ; 5.96993 ; -5.91966
6.68464 ; 4.16582 ; -6.19016 ; 6.2257
3.45882 ; 2.84972 ; -3.54982 ; -3.65309
5.10542 ; 4.6335 ; 6.2209 ; 6.2018
7.52951 ; 3.79796 ; -4.81702 ; 6.22105
3.54498 ; 3.6728 ; 3.67834 ; 6.20055
7.33918 ; 3.31663 ; -5.62948 ; 5.31888
4.3911 ; 5.84243 ; 5.86137 ; -6.28087
3.57437 ; 6.83855 ; -3.65421 ; -5.10539
5.03095 ; 4.40732 ; 6.27239 ; 6.22321
7.26476 ; 7.44957 ; -6.03697 ; -1.82332
6.57276 ; 6.00528 ; -6.3002 ; -6.16021
6.27363 ; 4.53851 ; -6.20708 ; 6.1812
4.06257 ; 2.55529 ; 5.79545 ; -2.24487
3.12256 ; 6.77647 ; -0.0945041 ; -5.59722
5.89134 ; 4.93759 ; -6.05833 ; -5.94766
7.16025 ; 6.5672 ; -5.95072 ; -5.6937
5.07587 ; 4.19009 ; 6.31201 ; 6.15832
6.33192 ; 4.85262 ; -6.12463 ; 6.12248
5.25901 ; 5.47919 ; 6.18758 ; -6.12429
6.86581 ; 7.05 ; -6.38257 ; -4.0108
7.44718 ; 6.95175 ; 4.48292 ; 4.32242
5.79282 ; 4.82962 ; 5.99087 ; 6.04583
6.75567 ; 3.43456 ; -6.33301 ; 5.31066
5.37742 ; 4.82426 ; 6.15693 ; 6.11297
5.30683 ; 4.80162 ; 6.17314 ; 6.13096
5.97972 ; 5.25999 ; -6.13361 ; -6.08667
5.99236 ; 5.51604 ; -6.01311 ; 5.74406
6.09156 ; 5.37166 ; -6.17836 ; -6.13293
5.68018 ; 5.14439 ; -5.97272 ; 5.93791
3.25488 ; 3.85517 ; 1.54459 ; 6.36363
7.11433 ; 4.19802 ; -5.67447 ; 6.32546
4.7052 ; 6.07081 ; 6.24166 ; -6.10396
3.14996 ; 2.79069 ; 1.27445 ; 3.95025
6.51537 ; 5.99101 ; -6.31136 ; -6.14979
6.22771 ; 5.80355 ; -6.27604 ; -6.1461
3.19639 ; 6.93197 ; -2.07799 ; -5.13117
5.00588 ; 5.87773 ; -5.54021 ; 5.46527
4.89099 ; 6.51039 ; 6.37346 ; -5.39749
5.68783 ; 4.99749 ; -5.99331 ; -5.95314
5.49217 ; 5.99918 ; 6.16743 ; -5.89812
5.06758 ; 4.73974 ; 6.1926 ; 6.18184
3.44712 ; 6.34706 ; 2.99029 ; -6.19813
3.96539 ; 3.91974 ; 5.20693 ; 6.31311
6.42269 ; 5.58855 ; -6.22611 ; -6.22396
5.34662 ; 5.41235 ; 6.16318 ; -6.10034
6.25633 ; 5.49816 ; -6.2187 ; -6.18334
5.40626 ; 5.29304 ; 6.12841 ; -6.07588
6.16857 ; 4.81659 ; -6.08289 ; -5.90008
8.21436 ; 6.30964 ; -0.689897 ; -6.25872
4.62598 ; 2.30399 ; -5.18042 ; -1.12559
8.0952 ; 5.99738 ; -1.82066 ; -6.40065
4.25616 ; 5.26215 ; -4.91848 ; -5.92744
6.86988 ; 6.34604 ; -6.23053 ; -5.9431
6.92493 ; 4.2732 ; -5.93049 ; 6.30218
7.25928 ; 2.76975 ; -5.98672 ; 2.90105
4.39676 ; 2.97057 ; 5.92527 ; -3.85912
6.55334 ; 4.37218 ; -6.1903 ; 6.23784
6.98275 ; 6.32738 ; -6.10938 ; -6.01256
5.97619 ; 5.28751 ; -6.13853 ; -6.09158
3.844 ; 3.68043 ; 4.96535 ; 6.13331
5.91657 ; 5.22416 ; -6.11144 ; -6.06547
5.04257 ; 4.15036 ; -5.60939 ; 5.87998
7.07605 ; 6.0806 ; -5.88432 ; -6.26033
6.96966 ; 6.40811 ; -6.15274 ; -5.89117
6.32531 ; 6.15397 ; -6.33945 ; -5.95719
5.00739 ; 6.10775 ; -5.60515 ; -5.74208
5.98984 ; 5.29012 ; -6.14182 ; -6.09495
6.20979 ; 4.87959 ; -6.13068 ; 6.10189
6.22672 ; 4.65199 ; -6.18056 ; 6.16383
6.40116 ; 4.35867 ; -6.23813 ; 6.19944
6.55535 ; 5.49844 ; -6.16203 ; -6.23063
7.06954 ; 4.93248 ; 5.0174 ; 5.92362
6.67711 ; 5.94459 ; -6.23998 ; -6.22541
6.06215 ; 3.46958 ; 5.73949 ; -4.78818
4.39067 ; 7.57006 ; 6.30955 ; -0.298349
8.18606 ; 6.03893 ; 2.37284 ; -6.21839
5.58439 ; 5.13185 ; 6.05743 ; -6.0051
3.65863 ; 3.44892 ; 4.38645 ; 5.83329
4.75667 ; 3.76202 ; 6.36246 ; 5.90935
7.03828 ; 2.80883 ; -6.25551 ; 2.98987
6.23261 ; 4.46068 ; 5.67275 ; -5.61722
7.9251 ; 3.63891 ; 3.46092 ; 5.86021
2.95634 ; 3.81324 ; -0.74284 ; -5.01816
6.09671 ; 5.40387 ; -6.1864 ; -6.13933
7.24658 ; 2.64102 ; -6.03456 ; 1.95692
6.57539 ; 5.94846 ; -6.28452 ; -6.19336
6.15891 ; 5.47099 ; -6.20833 ; -6.15969
4.75849 ; 4.59606 ; 6.13198 ; 6.25766
5.24733 ; 5.52854 ; 6.1997 ; -6.1258
4.84553 ; 4.43418 ; 6.22379 ; 6.26566
6.18292 ; 7.58362 ; -6.25575 ; 2.32299
5.90226 ; 5.19438 ; -6.10234 ; -6.05573
6.15616 ; 5.45719 ; -6.20492 ; -6.15846
6.3152 ; 2.52756 ; -6.37016 ; 0.562368
6.22396 ; 4.6945 ; -6.1698 ; 6.15775
3.59595 ; 6.27881 ; 3.77305 ; -6.23138
5.39789 ; 5.30256 ; 6.13159 ; -6.07892
6.11087 ; 4.89161 ; 5.79848 ; 5.98763
4.65238 ; 7.49393 ; 6.25973 ; 2.6821
8.2965 ; 7.59816 ; -1.89974 ; 1.81612
7.07079 ; 5.99594 ; -5.85828 ; -6.29783
5.6962 ; 5.00659 ; 6.00033 ; -5.94697
5.70357 ; 5.12999 ; 6.0034 ; 5.95759
6.09332 ; 4.68849 ; -6.16719 ; 6.13319
6.09781 ; 4.67134 ; -6.17088 ; 6.13574
3.77158 ; 3.63027 ; 4.73772 ; 6.0902
5.11153 ; 4.51011 ; 6.25324 ; 6.20945
5.46732 ; 5.25292 ; 6.10947 ; -6.05495
5.51444 ; 3.8618 ; -5.81434 ; -5.18827
6.35712 ; 5.70516 ; -6.2655 ; -6.20357
4.72291 ; 4.08053 ; 6.27732 ; 6.21077
5.85673 ; 5.15462 ; -6.08184 ; -6.03596
7.66043 ; 6.47057 ; -4.52294 ; -6.03999
6.78022 ; 6.35738 ; -6.29779 ; -5.89039
6.24682 ; 4.60322 ; -6.19176 ; 6.17345
2.99471 ; 2.37548 ; 0.123013 ; -0.852446
4.9952 ; 4.56427 ; 6.22625 ; 6.23094
5.38837 ; 5.30837 ; 6.13379 ; -6.08182
4.97459 ; 4.30922 ; 6.28908 ; 6.22232
6.1204 ; 4.82694 ; -6.13872 ; 6.11031
7.11864 ; 4.14095 ; -5.69311 ; 6.31473
4.01402 ; 2.51917 ; 5.88545 ; 0.81582
8.00498 ; 6.67551 ; -2.84096 ; -5.78587
6.3782 ; 5.94863 ; -6.31405 ; -6.12958
7.32629 ; 7.43113 ; -5.93179 ; -2.0379
3.27753 ; 7.26105 ; -2.49549 ; -3.97242
3.47204 ; 2.80731 ; 3.93524 ; 3.67765
6.95198 ; 3.52605 ; -5.76201 ; -4.8033
7.32553 ; 3.18297 ; 4.61542 ; 4.76686
7.34252 ; 6.773 ; -5.27097 ; 4.46629
7.99267 ; 2.98397 ; 3.51089 ; -3.97891
5.39602 ; 5.48825 ; 6.16292 ; -6.09303
8.09135 ; 6.86029 ; -2.36741 ; -5.24949
5.44151 ; 5.57969 ; 6.15805 ; -6.08043
3.4556 ; 5.07088 ; -3.64019 ; -5.93229
