5.69947 ; 6.11285 ; 5.6404 ; 5.3036
5.54395 ; 4.73871 ; 5.71486 ; -5.64954
5.17234 ; 5.42257 ; 5.83569 ; -5.81667
5.29835 ; 4.61447 ; -5.61463 ; -5.57639
6.4767 ; 5.74948 ; 5.44126 ; 5.46329
5.29791 ; 4.58681 ; -5.61031 ; -5.56968
5.86136 ; 5.33648 ; 5.6982 ; 5.6576
6.28787 ; 4.25213 ; 5.50875 ; -5.42104
3.52555 ; 5.33814 ; 2.84639 ; -5.98529
5.52526 ; 5.0388 ; 5.79945 ; 5.77039
5.27974 ; 5.71978 ; 5.67149 ; 5.53272
4.6528 ; 5.7832 ; -5.28841 ; 5.42606
7.52304 ; 7.70093 ; -4.91768 ; 2.13955
7.72604 ; 5.44051 ; 4.30462 ; -5.67901
3.22136 ; 7.2457 ; -2.99241 ; -3.64132
4.50114 ; 4.59822 ; -5.16821 ; 5.59153
6.57394 ; 6.95424 ; -6.06104 ; -3.93623
5.43886 ; 4.44529 ; 5.90871 ; 5.76888
6.09716 ; 5.73074 ; 5.58781 ; 5.49706
7.17315 ; 4.4372 ; 4.96161 ; 5.58429
6.08002 ; 5.51016 ; 5.6177 ; 5.58161
5.42057 ; 5.39752 ; -5.65073 ; 5.61091
5.59113 ; 5.0627 ; 5.78897 ; 5.75627
4.80085 ; 5.54259 ; -5.37958 ; 5.52214
6.88497 ; 4.46039 ; -5.45442 ; 5.94816
3.08679 ; 5.08723 ; 0.436793 ; -5.88964
6.4482 ; 4.81198 ; 5.46426 ; -5.57395
6.35836 ; 4.67715 ; 5.50521 ; -5.5539
5.1949 ; 4.49726 ; -5.56674 ; -5.53061
4.12441 ; 6.91104 ; -4.80793 ; 4.58772
5.18547 ; 4.94852 ; 5.80609 ; 5.83624
5.83843 ; 5.5616 ; 5.76545 ; -5.63382
5.24899 ; 4.79669 ; 5.85105 ; 5.84639
5.86584 ; 3.83949 ; 5.60936 ; -5.18474
6.96117 ; 6.52746 ; -5.7001 ; -5.19161
5.67698 ; 5.04133 ; 5.75119 ; -5.70582
8.03257 ; 7.14289 ; -2.90633 ; -3.9814
6.16721 ; 5.41232 ; -5.8679 ; -5.8412
5.73796 ; 5.17973 ; -5.73662 ; 5.70379
8.54108 ; 4.01598 ; 1.39972 ; -5.2246
5.36576 ; 4.42307 ; -5.61324 ; -5.5153
5.72542 ; 5.1575 ; -5.73973 ; 5.70615
4.73726 ; 4.20702 ; -5.33277 ; -5.37599
5.75043 ; 5.59182 ; -5.8583 ; -5.71104
5.59596 ; 5.59269 ; -5.65961 ; 5.55986
6.15585 ; 5.50261 ; -5.88871 ; -5.82998
6.00069 ; 4.74371 ; 5.6422 ; -5.60591
6.18976 ; 5.40103 ; -5.8619 ; -5.84606
7.27439 ; 7.39008 ; -5.4791 ; -2.42835
6.12082 ; 4.59204 ; 5.59206 ; -5.5572
6.36682 ; 5.79363 ; -5.91397 ; -5.79884
6.10844 ; 4.61374 ; 5.59835 ; -5.56364
5.75343 ; 5.10524 ; -5.79334 ; -5.74767
5.39625 ; 5.43795 ; -5.63882 ; 5.59847
6.99651 ; 7.04853 ; 5.01964 ; 4.45069
5.89638 ; 5.36171 ; -5.71417 ; 5.66427
5.87543 ; 4.77154 ; 5.67262 ; -5.63106
5.91312 ; 5.07264 ; -5.76729 ; 5.74906
5.93621 ; 4.76793 ; 5.65982 ; -5.62183
5.29179 ; 4.80299 ; 5.85328 ; 5.83859
6.8222 ; 4.46415 ; 5.2475 ; -5.46273
5.53823 ; 4.86203 ; -5.71326 ; -5.67078
5.76402 ; 5.15741 ; -5.74287 ; 5.71178
3.10421 ; 5.93952 ; 0.639094 ; -6.00651
6.28656 ; 5.71629 ; 5.52564 ; 5.49218
8.31875 ; 4.65977 ; 2.81895 ; 5.88992
5.32683 ; 5.52765 ; 5.86964 ; -5.76811
5.5896 ; 5.06696 ; 5.76633 ; -5.72507
6.20553 ; 5.36793 ; -5.85156 ; -5.85021
5.77289 ; 5.88085 ; -5.65037 ; 5.42181
2.98388 ; 6.02573 ; -1.09163 ; -5.92456
7.5536 ; 6.60118 ; 4.41254 ; -4.74778
5.71076 ; 4.99984 ; 5.73861 ; -5.69494
8.57627 ; 6.88757 ; 1.63071 ; 4.35695
6.55252 ; 3.4122 ; -5.99492 ; 4.73021
6.00629 ; 5.44515 ; 5.64757 ; 5.60923
5.50545 ; 5.46675 ; 5.84524 ; -5.73698
4.94454 ; 5.77028 ; 5.85728 ; -5.78583
5.68234 ; 5.20904 ; 5.77701 ; -5.71653
5.56075 ; 4.28204 ; 5.90262 ; 5.66993
5.60221 ; 6.2893 ; 5.64584 ; 5.18553
5.74988 ; 5.27129 ; 5.72962 ; 5.68992
6.13649 ; 4.86868 ; -5.79986 ; 5.81652
5.73905 ; 5.02709 ; -5.7782 ; -5.73542
5.6964 ; 5.11873 ; 5.76477 ; 5.72962
3.20697 ; 6.71486 ; -3.01679 ; -4.98462
5.15267 ; 4.98887 ; 5.78877 ; 5.83253
3.72762 ; 4.04971 ; 3.96723 ; 5.97849
3.85505 ; 5.55915 ; 3.92768 ; 5.64909
5.38483 ; 5.45631 ; -5.63354 ; 5.59301
5.73098 ; 5.21807 ; -5.72895 ; 5.69439
6.97095 ; 7.76417 ; -5.78741 ; 1.22041
5.51329 ; 5.47032 ; 5.84499 ; -5.73399
6.10577 ; 4.75103 ; 5.61305 ; -5.59398
4.80302 ; 4.44983 ; -5.38491 ; -5.47924
6.04816 ; 5.48083 ; 5.63136 ; 5.59379
8.42671 ; 2.72789 ; -1.201 ; -3.49029
6.25224 ; 4.8443 ; -5.72027 ; -5.7426
4.35388 ; 5.38687 ; -5.07954 ; -5.59455
5.78826 ; 5.15862 ; 5.74289 ; 5.70735
5.49129 ; 5.38097 ; -5.66684 ; 5.62447
5.6278 ; 5.00796 ; 5.75082 ; -5.71079
4.515 ; 5.69269 ; -5.19676 ; -5.51666
4.56388 ; 3.87268 ; 5.24046 ; -5.15743
6.88236 ; 2.33496 ; -5.85028 ; -1.79547
5.5949 ; 4.86375 ; -5.72456 ; -5.68092
3.16066 ; 5.46304 ; -3.30796 ; 5.59929
5.9397 ; 4.18089 ; -5.91075 ; 5.60832
5.05657 ; 2.34324 ; 6.10213 ; -0.425503
4.84224 ; 2.33363 ; 6.08117 ; -0.672298
3.87559 ; 4.15524 ; 4.42365 ; 5.97043
8.35814 ; 3.28947 ; 2.11469 ; 5.05189
5.55849 ; 4.73802 ; 5.84737 ; 5.78719
5.33462 ; 5.75988 ; 5.90856 ; -5.68289
7.13756 ; 4.81706 ; 5.01252 ; 5.63005
5.21423 ; 4.58657 ; 5.89336 ; 5.85058
5.83277 ; 4.86731 ; 5.69656 ; -5.6567
6.06065 ; 6.53002 ; -6.02904 ; -4.83266
5.91703 ; 4.16098 ; 5.61009 ; -5.38223
6.13833 ; 3.79829 ; -5.98467 ; 5.28205
5.44018 ; 5.06856 ; 5.79703 ; 5.77773
7.90067 ; 3.52114 ; -3.19664 ; 5.48258
4.26306 ; 2.17225 ; -4.81199 ; -1.79467
7.50524 ; 6.27448 ; 4.6556 ; 5.09919
8.08972 ; 2.29213 ; -3.1814 ; -0.782012
5.78675 ; 4.16712 ; -5.66255 ; -5.40239
5.71602 ; 4.96547 ; 5.78444 ; 5.74767
5.33156 ; 4.63755 ; -5.62708 ; -5.58719
5.92359 ; 4.65749 ; -5.72813 ; -5.6462
6.14546 ; 5.17795 ; -5.72574 ; 5.74639
5.82743 ; 4.86122 ; 5.69613 ; -5.65689
6.0626 ; 3.56101 ; 5.554 ; -4.97432
5.48287 ; 5.39306 ; -5.66336 ; 5.62053
5.45176 ; 5.12552 ; -5.6862 ; 5.67228
3.01411 ; 5.73715 ; -0.379964 ; -6.01765
3.7331 ; 7.1703 ; -4.21278 ; -3.55053
5.65932 ; 5.16416 ; -5.73024 ; 5.69466
5.47019 ; 5.06462 ; 5.79762 ; 5.77447
5.70421 ; 5.15673 ; 5.75675 ; 5.72195
6.06645 ; 5.37843 ; 5.63742 ; 5.6192
5.23351 ; 5.95478 ; 5.94275 ; -5.58672
6.1704 ; 5.5053 ; 5.58818 ; 5.57259
3.83779 ; 4.04994 ; 4.33816 ; 5.96632
5.48596 ; 3.51371 ; 5.6621 ; -4.90873
5.83944 ; 5.00728 ; 5.716 ; -5.67234
5.61218 ; 6.19462 ; 5.64725 ; 5.25033
7.95663 ; 4.49416 ; 3.91717 ; 5.76615
5.88341 ; 4.82829 ; -5.81381 ; 5.77521
5.40418 ; 4.59273 ; -5.64155 ; -5.5823
5.27742 ; 4.59994 ; -5.60679 ; -5.57002
7.80055 ; 7.16299 ; -3.97453 ; -3.7807
4.14096 ; 7.62825 ; 5.37454 ; 2.76896
5.28639 ; 4.57632 ; -5.60614 ; -5.56541
4.5011 ; 6.46683 ; -5.14668 ; 5.02485
5.73003 ; 5.15254 ; 5.75448 ; 5.71829
5.689 ; 4.88438 ; 5.80118 ; 5.7584
5.37107 ; 4.65858 ; -5.64053 ; -5.59795
4.62606 ; 6.14648 ; 5.77307 ; -5.61399
6.04483 ; 4.69533 ; 5.62602 ; -5.59056
6.04934 ; 5.9702 ; -5.9656 ; -5.59414
5.975 ; 5.43963 ; 5.65574 ; 5.61449
6.33205 ; 4.59571 ; -5.64531 ; -5.64069
5.74874 ; 6.50155 ; 5.62738 ; 5.02484
5.06093 ; 4.70296 ; 5.83726 ; 5.88371
4.74169 ; 4.71803 ; 5.67048 ; 5.9324
6.42228 ; 4.60969 ; 5.50576 ; 5.60981
4.68177 ; 3.70085 ; -5.25919 ; -5.07711
5.91742 ; 5.11637 ; -5.75864 ; 5.7407
6.39418 ; 5.91255 ; 5.46495 ; 5.39995
4.58203 ; 4.04191 ; -5.22885 ; -5.28076
4.96058 ; 5.35783 ; -5.46528 ; 5.57895
6.04789 ; 5.48317 ; 5.63104 ; 5.59361
5.00815 ; 5.43025 ; 5.79419 ; -5.84715
3.12246 ; 7.754 ; 2.13848 ; -0.420701
5.74514 ; 5.19494 ; 5.74399 ; 5.70758
7.95141 ; 6.90419 ; -3.13462 ; -4.70229
7.55956 ; 6.03532 ; -4.2757 ; -5.92982
5.43129 ; 5.39474 ; -5.65314 ; 5.61283
8.03764 ; 5.86746 ; -2.25841 ; -6.04485
7.9628 ; 2.92826 ; 3.92215 ; -4.13897
5.74719 ; 4.65763 ; -5.8141 ; 5.74217
5.53 ; 4.6773 ; -5.68355 ; -5.62235
5.09058 ; 5.74583 ; 5.89395 ; -5.75757
5.89577 ; 4.84133 ; 5.68015 ; -5.64094
5.40219 ; 5.48484 ; 5.85901 ; -5.75849
7.91191 ; 4.30054 ; -2.79887 ; -5.47969
6.16017 ; 5.90619 ; -5.9634 ; -5.67511
5.6936 ; 5.01566 ; -5.75898 ; 5.72316
5.80929 ; 5.1537 ; -5.80937 ; -5.763
5.27645 ; 5.20341 ; 5.79935 ; -5.79242
4.90277 ; 5.42282 ; -5.43451 ; 5.56
3.85415 ; 4.16568 ; 4.32587 ; 6.01521
5.88899 ; 5.29718 ; -5.84487 ; -5.78665
5.28272 ; 5.66266 ; 5.89462 ; -5.73997
6.18174 ; 6.46105 ; -5.62102 ; 5.00876
8.09745 ; 6.22782 ; -2.05759 ; -5.86682
6.10356 ; 4.61607 ; 5.59926 ; -5.56484
5.9889 ; 4.51167 ; 5.61838 ; -5.54116
5.36473 ; 5.44889 ; -5.63038 ; 5.59178
5.46172 ; 4.81794 ; -5.68857 ; -5.65062
6.46218 ; 4.25791 ; 5.43522 ; -5.41282
5.2966 ; 5.55412 ; -5.59766 ; 5.55537
5.76604 ; 6.14241 ; -5.63716 ; 5.26523
3.09197 ; 4.40131 ; 0.437843 ; 6.08582
5.34085 ; 4.64091 ; -5.62986 ; -5.58941
5.66958 ; 5.07242 ; -5.77384 ; -5.72899
5.14165 ; 5.69234 ; -5.53074 ; 5.49521
5.76782 ; 5.10873 ; -5.75268 ; 5.72141
6.49778 ; 5.7461 ; 5.43198 ; 5.46263
8.45532 ; 5.65341 ; 2.41135 ; 5.49589
5.95257 ; 4.73457 ; 5.65107 ; -5.61271
3.15695 ; 7.52076 ; 2.43613 ; 3.06542
4.49494 ; 5.21875 ; 5.31385 ; -5.88629
4.80358 ; 7.02995 ; 6.05012 ; -3.61838
6.63714 ; 5.04526 ; -5.56526 ; -5.84361
8.30547 ; 5.89819 ; -0.482861 ; -6.0281
5.77331 ; 4.95286 ; -5.76904 ; -5.72754
5.48264 ; 5.3933 ; -5.66357 ; 5.62076
5.43629 ; 4.74215 ; -5.67039 ; -5.62931
5.86331 ; 5.22603 ; -5.82907 ; -5.77939
5.51391 ; 4.8263 ; -5.70233 ; -5.66082
2.99599 ; 4.34906 ; -1.72625 ; 5.99973
6.10422 ; 4.62795 ; 5.60106 ; -5.56651
3.51289 ; 6.06368 ; 3.1015 ; -5.9341
5.36925 ; 4.67543 ; 5.87934 ; 5.82409
5.39179 ; 5.18819 ; 5.80215 ; -5.77224
3.21212 ; 5.71192 ; -3.26035 ; -5.81138
6.08653 ; 4.69127 ; -5.84354 ; 5.81656
5.46682 ; 5.15701 ; 5.79429 ; -5.75639
3.31235 ; 4.51141 ; 1.9193 ; 6.08876
7.11691 ; 2.16101 ; 4.87402 ; -1.57242
6.50139 ; 4.00798 ; -5.51008 ; -5.29856
7.23632 ; 2.47113 ; -5.56709 ; 1.08288
2.99629 ; 5.95995 ; -1.64279 ; -5.91545
7.30698 ; 2.47684 ; -5.25258 ; -2.78408
7.98515 ; 2.30703 ; -3.62583 ; -1.11008
5.33686 ; 5.49301 ; -5.61719 ; 5.5776
8.35735 ; 4.40316 ; 2.47371 ; 5.93524
7.40633 ; 4.48223 ; 4.73073 ; 5.63386
5.72456 ; 4.94001 ; -5.76077 ; -5.71742
6.25495 ; 4.46676 ; 5.53763 ; -5.50706
5.3407 ; 5.51169 ; -5.61512 ; 5.57322
5.90193 ; 5.35498 ; 5.6861 ; 5.64704
6.1914 ; 2.24725 ; 5.61452 ; -1.93475
6.87515 ; 5.47825 ; 5.18711 ; -5.55735
5.85358 ; 5.06996 ; -5.76679 ; 5.74115
5.94583 ; 2.55569 ; 5.67751 ; -3.5021
5.55027 ; 5.26666 ; -5.69619 ; 5.65844
6.25615 ; 4.45582 ; 5.53601 ; -5.50436
7.68962 ; 5.3026 ; -3.35412 ; 5.76305
3.88742 ; 3.709 ; 4.64119 ; 5.65972
8.04368 ; 3.88728 ; 3.60351 ; 5.58272
5.60764 ; 5.17718 ; -5.72052 ; 5.68397
5.08701 ; 4.04277 ; -5.55453 ; 5.30228
6.65586 ; 3.97834 ; 5.35883 ; 5.2675
6.03297 ; 5.08548 ; 5.67455 ; 5.68403
5.25048 ; 5.59047 ; -5.57865 ; 5.53886
8.07793 ; 6.29922 ; -2.23697 ; 5.04338
6.77295 ; 2.64773 ; -6.00585 ; 2.00491
5.67911 ; 4.27673 ; -5.66223 ; -5.45899
4.83949 ; 4.84396 ; 5.69774 ; 5.90041
3.35982 ; 4.68477 ; 2.24084 ; 6.03319
5.79854 ; 4.89121 ; 5.70574 ; -5.66605
5.60991 ; 5.15475 ; -5.72433 ; 5.688
5.94867 ; 5.35865 ; 5.67486 ; 5.63951
5.1183 ; 4.79935 ; 5.82834 ; 5.86776
5.07452 ; 4.88189 ; 5.79406 ; 5.86312
6.12473 ; 4.5975 ; 5.59234 ; -5.55742
5.16283 ; 4.44989 ; -5.55029 ; -5.51203
5.76632 ; 5.45901 ; -5.84731 ; -5.74545
3.62526 ; 6.75552 ; 3.9084 ; -4.97923
7.81095 ; 6.94951 ; 3.95261 ; -4.17887
5.38163 ; 5.45877 ; -5.63283 ; 5.59224
6.04926 ; 4.64965 ; 5.6176 ; -5.57998
4.21633 ; 4.54342 ; -4.92595 ; 5.60469
6.27133 ; 4.75782 ; -5.7987 ; 5.84887
7.28622 ; 5.54214 ; 4.83085 ; -5.5764
6.31196 ; 7.76546 ; 5.48898 ; 2.76924
5.79661 ; 4.26235 ; -5.6714 ; -5.45419
5.6185 ; 6.84306 ; 5.93212 ; -3.89004
4.98342 ; 4.80084 ; 5.78401 ; 5.88794
5.14816 ; 4.44903 ; -5.54494 ; -5.51049
5.79018 ; 5.00261 ; -5.77953 ; -5.73957
6.64802 ; 6.02101 ; 5.33323 ; 5.3263
5.63531 ; 5.12707 ; 5.77227 ; -5.72167
7.22137 ; 6.15432 ; -5.16877 ; -5.77722
5.28859 ; 5.33995 ; 5.83076 ; -5.79745
4.89008 ; 4.94 ; -5.43215 ; 5.62937
5.26033 ; 4.43445 ; -5.5831 ; -5.51357
6.75397 ; 2.34437 ; -5.91296 ; -1.96175
4.44024 ; 2.90171 ; 5.5068 ; -3.86552
5.12139 ; 5.39996 ; -5.5845 ; -5.63233
6.21567 ; 4.48214 ; 5.55101 ; -5.51571
6.2408 ; 4.47825 ; 5.54289 ; -5.5116
5.40751 ; 4.72017 ; -5.65979 ; -5.61935
5.70823 ; 5.09961 ; 5.76669 ; 5.73059
8.21933 ; 5.72843 ; 3.11435 ; -5.82557
5.29967 ; 4.59738 ; -5.61231 ; -5.57236
5.94356 ; 5.31826 ; 5.68168 ; 5.64977
4.18485 ; 6.46307 ; -4.90906 ; 5.0012
6.28476 ; 5.69333 ; 5.52859 ; 5.50028
5.73382 ; 5.09276 ; -5.75272 ; 5.71824
6.18089 ; 5.86516 ; -5.95456 ; -5.66985
5.97283 ; 6.65741 ; -5.66224 ; 4.84594
5.9348 ; 4.76275 ; 5.65912 ; -5.62146
5.55742 ; 2.28743 ; 5.9453 ; -1.56132
5.66847 ; 5.07088 ; 5.7578 ; -5.71041
5.32495 ; 5.53339 ; -5.6081 ; 5.56486
4.4587 ; 5.34948 ; 5.31281 ; -5.91648
5.59137 ; 4.56025 ; 5.86399 ; 5.76101
5.67126 ; 5.40553 ; -5.69306 ; 5.63402
5.56426 ; 4.99919 ; -5.73895 ; -5.70079
6.07382 ; 5.16674 ; 5.65299 ; 5.66594
3.45248 ; 4.45718 ; -4.05473 ; -5.43967
5.96531 ; 5.158 ; -5.75007 ; 5.73555
7.15348 ; 6.43491 ; -5.39201 ; -5.41901
6.5691 ; 6.11661 ; 5.36598 ; 5.28029
6.05155 ; 4.38115 ; 5.59255 ; -5.48622
5.11607 ; 3.27971 ; -5.45979 ; -4.72592
4.142 ; 4.19228 ; 5.05618 ; 5.97713
4.22937 ; 6.50474 ; -4.94222 ; 4.9736
6.17212 ; 5.59722 ; 5.5773 ; 5.54294
5.32462 ; 5.5062 ; -5.61215 ; 5.57263
5.78267 ; 4.96747 ; -5.77959 ; 5.74393
6.14827 ; 4.55354 ; 5.57977 ; -5.54338
8.13871 ; 5.26227 ; -1.55216 ; -5.99351
5.20189 ; 2.55186 ; -5.52993 ; -3.56054
6.33177 ; 5.08949 ; -5.69074 ; 5.79041
5.96131 ; 5.04146 ; -5.79846 ; -5.77132
6.81752 ; 5.55731 ; -5.2104 ; 5.60759
5.52885 ; 5.32097 ; -5.68354 ; 5.64425
5.79225 ; 4.98269 ; 5.72272 ; -5.67783
5.56781 ; 4.83553 ; -5.71469 ; -5.67134
5.30987 ; 4.51872 ; -5.662 ; 5.62462
7.27173 ; 4.00157 ; -4.61465 ; -5.27707
4.88232 ; 5.0238 ; -5.42738 ; 5.6258
3.49559 ; 4.3371 ; -4.13246 ; -5.37825
6.13782 ; 5.9509 ; -5.61714 ; 5.37782
6.00005 ; 4.72046 ; 5.63838 ; -5.60258
5.49388 ; 4.80779 ; -5.69495 ; -5.65387
3.06838 ; 3.05026 ; 0.77902 ; 4.58472
5.37498 ; 5.0528 ; 5.77348 ; -5.75442
5.76767 ; 4.93398 ; 5.71858 ; -5.67666
8.29291 ; 3.79985 ; -0.646284 ; 5.86503
5.23737 ; 7.63072 ; 6.07448 ; -0.465101
4.32896 ; 7.15189 ; 5.31363 ; 4.11974
6.60205 ; 5.02263 ; 5.39586 ; 5.62715
5.53484 ; 4.81009 ; -5.70399 ; -5.661
5.42337 ; 4.6897 ; -5.65919 ; -5.6137
5.35809 ; 5.06345 ; 5.79755 ; 5.78957
5.18433 ; 5.64664 ; -5.55035 ; 5.51398
6.19385 ; 5.61444 ; 5.56806 ; 5.53498
6.17245 ; 7.0235 ; 5.50975 ; 4.50545
8.43359 ; 7.72666 ; -1.14775 ; 2.02883
6.11201 ; 3.07071 ; -5.72306 ; -4.42218
3.27113 ; 4.50473 ; 1.69212 ; 6.08957
5.71272 ; 4.99847 ; 5.73853 ; -5.69463
5.73536 ; 4.95706 ; 5.78194 ; 5.74486
5.81465 ; 4.88982 ; 5.70327 ; -5.66303
5.17624 ; 6.18777 ; 5.61889 ; 5.24578
3.33254 ; 5.39915 ; 1.96289 ; -6.00576
8.57332 ; 7.17303 ; 0.384545 ; 3.87965
6.4536 ; 3.47054 ; -6.01417 ; 4.83329
5.48579 ; 5.21239 ; 5.80411 ; -5.75681
5.79952 ; 5.04211 ; -5.76859 ; 5.73712
5.694 ; 4.70149 ; 5.69565 ; -5.62662
5.7681 ; 5.28908 ; -5.82522 ; -5.76046
5.57595 ; 4.89439 ; -5.72638 ; -5.68332
6.42129 ; 4.18528 ; -5.89041 ; 5.75721
5.62786 ; 4.99746 ; -5.75377 ; -5.71149
5.6022 ; 5.28154 ; -5.70205 ; 5.66287
5.33838 ; 4.65442 ; -5.63133 ; -5.59209
4.91287 ; 5.30573 ; -5.44167 ; 5.58631
7.14298 ; 6.9807 ; 4.90961 ; 4.51777
3.01742 ; 2.35455 ; -2.44316 ; -2.52853
7.7247 ; 5.52895 ; -3.50834 ; -6.04414
6.24196 ; 3.94848 ; -5.96664 ; 5.50568
6.17141 ; 4.55403 ; 5.57317 ; -5.54024
6.29073 ; 5.11475 ; -5.77158 ; -5.82947
8.40204 ; 3.23904 ; -1.04975 ; -4.41985
5.85861 ; 5.12158 ; -5.75659 ; 5.7323
5.49725 ; 5.63726 ; -5.63748 ; 5.5371
6.39134 ; 7.10608 ; -6.10884 ; -3.31545
5.48452 ; 4.40399 ; -5.64103 ; -5.51301
6.44348 ; 5.47672 ; -5.80765 ; -5.89022
5.68214 ; 5.09264 ; 5.77131 ; 5.73601
5.89017 ; 4.84401 ; 5.68138 ; -5.64236
5.82811 ; 5.2472 ; 5.72023 ; 5.68329
4.88737 ; 5.38984 ; -5.42709 ; 5.56651
5.92297 ; 5.68425 ; 5.73968 ; -5.56353
5.62337 ; 4.90098 ; 5.81171 ; 5.76932
5.62679 ; 5.28488 ; -5.70415 ; 5.66538
4.63178 ; 5.54493 ; 5.58455 ; -5.90419
8.38802 ; 4.43689 ; 2.23181 ; 5.95606
6.83982 ; 5.86753 ; -5.63607 ; -5.87999
5.51277 ; 5.00281 ; 5.80748 ; 5.77745
3.16963 ; 7.31856 ; -3.2846 ; 3.82945
2.99359 ; 5.09777 ; -0.4278 ; -5.87989
6.2508 ; 5.62686 ; 5.5469 ; 5.52511
6.15935 ; 5.45517 ; 5.59702 ; 5.58799
5.51585 ; 4.85292 ; -5.70722 ; -5.66569
5.60909 ; 5.31989 ; -5.69644 ; 5.65511
4.24323 ; 3.42506 ; 5.52741 ; 5.05911
6.14951 ; 5.53665 ; -5.66067 ; 5.60233
7.96391 ; 4.86113 ; -2.33306 ; 5.97127
6.27036 ; 6.63006 ; -6.06237 ; -4.69984
5.5536 ; 5.22659 ; 5.80044 ; -5.74366
5.36605 ; 5.46152 ; -5.629 ; 5.58947
6.73261 ; 6.37757 ; -5.87586 ; -5.36245
5.73168 ; 5.14991 ; -5.74171 ; 5.70815
6.67694 ; 4.79205 ; 5.33814 ; -5.55734
6.30838 ; 3.10747 ; 5.46241 ; -4.52228
6.0779 ; 5.26372 ; -5.84248 ; -5.82298
6.01165 ; 4.76023 ; 5.64196 ; -5.6072
4.59003 ; 6.20902 ; 5.76046 ; -5.55758
5.92246 ; 5.35412 ; 5.68173 ; 5.64413
5.39522 ; 4.95342 ; 5.82256 ; 5.80425
5.33998 ; 3.7763 ; 5.63856 ; -5.11881
6.13083 ; 4.58787 ; 5.58939 ; -5.55467
5.58679 ; 4.88784 ; -5.72713 ; -5.6841
4.7372 ; 5.39609 ; 5.62892 ; -5.88811
6.28691 ; 5.56022 ; -5.88151 ; -5.83966
5.02017 ; 6.46108 ; -5.43308 ; 5.04902
5.01058 ; 7.73185 ; 5.98666 ; 2.34734
4.25282 ; 3.17782 ; 5.61355 ; 4.42054
5.81385 ; 4.9434 ; 5.71254 ; -5.66926
6.2487 ; 5.78995 ; -5.93725 ; -5.76808
8.02099 ; 4.57344 ; -2.11132 ; 6.05188
6.32493 ; 6.12219 ; -5.98771 ; -5.54387
5.00041 ; 5.0125 ; 5.73284 ; 5.84357
5.97554 ; 5.46753 ; 5.65179 ; 5.60662
5.73515 ; 5.56327 ; -5.67933 ; 5.57738
5.76548 ; 5.6116 ; -5.67566 ; 5.55742
3.16974 ; 5.02889 ; -3.23191 ; 5.78124
5.85503 ; 4.89681 ; 5.69773 ; -5.65638
7.01914 ; 3.52504 ; -5.12267 ; -4.87157
3.997 ; 4.20544 ; 4.71279 ; 6.0066
6.03213 ; 5.04114 ; -5.77106 ; 5.77131
6.01026 ; 4.72451 ; 5.63759 ; -5.60134
5.80528 ; 5.42036 ; 5.69602 ; 5.63946
8.46576 ; 4.7499 ; 1.91453 ; -5.70304
6.28835 ; 6.14244 ; -5.57168 ; 5.2488
6.63193 ; 4.8395 ; -5.51534 ; -5.76624
5.60553 ; 5.0486 ; 5.79027 ; 5.75565
8.36293 ; 3.25452 ; -1.28671 ; -4.44361
5.83518 ; 5.00245 ; -5.7784 ; 5.74852
6.0067 ; 4.72846 ; 5.63863 ; -5.60234
5.7496 ; 5.10197 ; -5.79262 ; -5.74688
5.17497 ; 4.87773 ; 5.82156 ; 5.84948
5.87189 ; 5.2905 ; 5.70377 ; 5.66684
2.98293 ; 7.64883 ; 0.582693 ; -1.74793
5.26875 ; 5.0782 ; -5.64057 ; -5.66386
5.72355 ; 4.04331 ; -5.65162 ; -5.33016
5.92299 ; 5.37656 ; -5.86248 ; -5.79061
5.52197 ; 5.16678 ; 5.77498 ; 5.74497
4.42338 ; 6.77391 ; 5.56933 ; -4.60085
5.64345 ; 5.17294 ; 5.7619 ; 5.7277
5.34968 ; 5.448 ; -5.62666 ; 5.59031
6.68662 ; 2.38742 ; 5.25102 ; -3.09832
8.23928 ; 5.61969 ; 3.07175 ; -5.847
6.03499 ; 4.68615 ; 5.62663 ; -5.59075
5.74895 ; 4.95674 ; 5.72557 ; -5.6828
5.71614 ; 4.92592 ; -5.75711 ; -5.71348
4.96986 ; 5.31451 ; 5.74755 ; -5.84914
2.94611 ; 2.31275 ; 0.921621 ; -1.40228
6.12703 ; 5.08729 ; 5.63701 ; 5.67178
8.44017 ; 4.91906 ; 0.851044 ; -5.81938
5.38784 ; 4.53396 ; -5.6957 ; 5.65193
6.03767 ; 4.73778 ; 5.63294 ; -5.59958
5.12771 ; 5.00753 ; 5.77742 ; 5.83131
6.17418 ; 4.53277 ; 5.56954 ; -5.53465
5.94956 ; 5.43409 ; 5.66262 ; 5.61927
4.3371 ; 5.2901 ; 5.10535 ; -5.91748
3.22061 ; 4.17013 ; -3.57942 ; -5.28357
4.93917 ; 7.5032 ; 5.86804 ; 3.38581
5.61753 ; 3.56861 ; -5.84824 ; 4.71813
6.2834 ; 4.44027 ; 5.52547 ; -5.49698
6.07925 ; 6.64686 ; -6.04312 ; -4.5845
5.76042 ; 5.20921 ; 5.73916 ; 5.7024
5.91345 ; 5.3762 ; 5.68016 ; 5.64028
5.43814 ; 5.41795 ; -5.65073 ; 5.60915
6.16242 ; 6.41479 ; -5.62099 ; 5.04816
6.59066 ; 5.48284 ; 5.39562 ; 5.54358
5.42369 ; 4.78979 ; 5.85527 ; 5.81438
6.41423 ; 6.49241 ; -6.03386 ; -5.04523
5.39597 ; 3.83885 ; 5.6422 ; -5.16718
5.7203 ; 4.9628 ; 5.78428 ; 5.74694
4.74902 ; 5.50899 ; -5.35176 ; 5.52917
6.93632 ; 5.92514 ; -4.58871 ; 5.37898
5.78744 ; 5.34761 ; 5.71049 ; 5.66408
4.61922 ; 7.66111 ; 5.84234 ; 2.70519
3.20925 ; 3.96342 ; -3.55586 ; -5.14112
5.29307 ; 5.30986 ; 5.82483 ; -5.79577
5.96858 ; 5.36095 ; 5.66952 ; 5.63619
5.39358 ; 5.46298 ; -5.63405 ; 5.59283
6.61163 ; 3.97705 ; -5.44746 ; -5.27445
7.88656 ; 6.10629 ; 3.93023 ; -5.49932
6.10869 ; 5.26013 ; 5.63799 ; -5.64032
5.5003 ; 5.30532 ; -5.68035 ; 5.64366
6.44015 ; 4.45705 ; -5.81749 ; 5.86456
6.59849 ; 3.85767 ; -5.88913 ; 5.52415
5.56467 ; 4.85408 ; -5.71715 ; -5.67413
5.63862 ; 5.10378 ; 5.76717 ; -5.71965
6.26204 ; 5.67369 ; 5.53877 ; 5.50911
6.37766 ; 5.49441 ; -5.8388 ; -5.87725
5.44332 ; 5.67025 ; 5.69608 ; 5.55335
6.02343 ; 5.45339 ; 5.64215 ; 5.60474
5.50904 ; 5.25833 ; -5.6891 ; 5.654
6.93185 ; 5.69538 ; -5.47032 ; -5.95083
5.55953 ; 5.42484 ; -5.67325 ; 5.61918
8.42037 ; 5.22848 ; 1.94114 ; -5.89778
5.5753 ; 5.29593 ; -5.6956 ; 5.65628
5.68151 ; 5.02323 ; 5.7471 ; -5.70335
6.03075 ; 5.03204 ; -5.79513 ; -5.77866
5.31312 ; 4.61707 ; -5.61856 ; -5.57921
6.1475 ; 5.07293 ; -5.74936 ; 5.77715
5.9295 ; 5.03037 ; -5.79559 ; -5.76518
6.06005 ; 4.6366 ; 5.61334 ; -5.57562
4.1684 ; 7.74448 ; -4.75618 ; -0.784597
5.4604 ; 5.46822 ; 5.72403 ; 5.64552
7.53349 ; 2.38641 ; 4.43186 ; -3.0868
6.49827 ; 6.63971 ; -6.03778 ; -4.77229
4.58625 ; 4.04459 ; -5.23124 ; -5.28232
7.38088 ; 5.40132 ; 4.74541 ; -5.61461
6.24374 ; 5.44176 ; 5.57988 ; -5.59227
5.50582 ; 4.59747 ; -5.66744 ; -5.59283
5.58111 ; 4.34064 ; 5.66507 ; -5.47572
5.92543 ; 4.74751 ; -5.83084 ; 5.7853
5.90677 ; 4.17717 ; -5.66725 ; -5.40899
6.68822 ; 6.51527 ; -5.93319 ; -5.11033
3.73604 ; 4.07394 ; 3.98709 ; 5.99583
6.64826 ; 6.04046 ; -5.8475 ; -5.72357
5.99274 ; 5.42424 ; 5.65389 ; 5.61585
7.53357 ; 6.49093 ; -4.54698 ; -5.44865
5.84958 ; 4.36567 ; -5.87089 ; 5.68744
5.10023 ; 4.70088 ; 5.84832 ; 5.87679
4.53293 ; 4.65205 ; 5.49527 ; 5.96815
5.52897 ; 5.247 ; -5.69487 ; 5.65896
8.2483 ; 5.87688 ; 2.95643 ; -5.80618
7.95209 ; 4.22898 ; -2.61308 ; 6.05411
6.79347 ; 6.11738 ; -5.75793 ; -5.69954
5.42187 ; 4.95469 ; 5.82217 ; 5.79963
7.18858 ; 5.14339 ; -4.85723 ; -5.91769
5.10424 ; 5.27489 ; -5.53837 ; 5.60872
2.98826 ; 6.14234 ; -1.37498 ; -5.84731
4.86947 ; 5.94932 ; 5.87134 ; -5.70542
6.18721 ; 4.54481 ; 5.5674 ; -5.53578
7.01055 ; 4.11978 ; -5.41066 ; 5.87007
6.40612 ; 4.55482 ; -5.80627 ; 5.87183
5.7492 ; 5.02611 ; 5.73737 ; -5.6903
3.82574 ; 3.17214 ; -4.33994 ; 4.24111
5.59136 ; 5.15425 ; -5.76528 ; -5.72207
3.10553 ; 6.15867 ; 1.21775 ; 5.19789
7.43184 ; 5.47717 ; -4.41665 ; -6.01621
7.64888 ; 7.46041 ; -4.4194 ; 3.16202
5.55483 ; 5.07833 ; 5.78931 ; 5.75965
4.91511 ; 5.63426 ; 5.8098 ; -5.8389
5.86892 ; 4.58749 ; 5.65227 ; -5.57545
5.58855 ; 4.649 ; -5.69164 ; -5.61825
6.1057 ; 4.61891 ; 5.59956 ; -5.56466
6.14934 ; 4.58037 ; 5.58328 ; -5.54994
5.39312 ; 5.42013 ; -5.64102 ; 5.60205
5.45035 ; 5.40993 ; -5.65423 ; 5.61243
5.84745 ; 5.37402 ; 5.69484 ; 5.64941
5.59643 ; 4.525 ; 5.86696 ; 5.75169
5.28171 ; 4.8785 ; -5.63257 ; -5.63816
5.48187 ; 2.38155 ; -5.70398 ; -2.89516
3.14205 ; 4.42786 ; -2.9429 ; 5.89369
5.42691 ; 5.47357 ; 5.85542 ; -5.75486
5.11471 ; 5.71538 ; -5.51891 ; 5.48519
7.93129 ; 5.86779 ; -2.77796 ; -6.03915
3.2293 ; 3.54412 ; -3.58325 ; -4.79508
3.3074 ; 5.94785 ; 2.10328 ; 5.3777
5.18606 ; 4.57735 ; 5.89175 ; 5.85543
5.76076 ; 4.80343 ; 5.69914 ; -5.652
5.5928 ; 5.14511 ; -5.76459 ; -5.72221
5.71016 ; 5.15361 ; 5.75689 ; 5.72133
5.34954 ; 5.66917 ; -5.59988 ; 5.51642
5.51487 ; 5.54416 ; -5.65103 ; 5.57529
6.11095 ; 4.62827 ; 5.59992 ; -5.5656
5.47187 ; 5.35106 ; -5.66821 ; 5.62929
3.22986 ; 2.50281 ; -2.90892 ; 2.38331
5.3847 ; 4.9024 ; -5.67298 ; -5.65655
4.08706 ; 5.13945 ; -4.84969 ; -5.61071
5.72973 ; 5.04579 ; 5.77115 ; 5.73517
5.61467 ; 4.46589 ; 5.67535 ; -5.53536
5.01172 ; 4.13898 ; 5.95567 ; 5.7421
6.70614 ; 2.88859 ; 5.12321 ; 3.24881
6.76667 ; 6.8631 ; -5.95349 ; -4.30774
7.04895 ; 5.86289 ; 5.08837 ; 5.36886
4.17169 ; 4.41544 ; 5.02165 ; 6.02157
5.96838 ; 5.51207 ; 5.64766 ; 5.59319
5.26347 ; 4.56908 ; -5.59846 ; -5.56014
6.27499 ; 5.09583 ; -5.71112 ; 5.78337
5.38656 ; 5.45406 ; -5.63408 ; 5.59337
5.91595 ; 4.8356 ; 5.67513 ; -5.63601
4.1477 ; 4.62081 ; 4.88365 ; 6.01774
5.41932 ; 5.4179 ; -5.6471 ; 5.60649
3.12636 ; 4.95901 ; -3.04725 ; 5.81671
4.79289 ; 5.43314 ; 5.6817 ; -5.88154
5.07821 ; 5.69245 ; 5.87918 ; -5.78321
5.93254 ; 5.47792 ; -5.69498 ; 5.62097
7.15713 ; 4.18904 ; 4.9619 ; 5.47871
6.06155 ; 5.384 ; -5.86939 ; -5.82082
3.13582 ; 5.43131 ; -3.2101 ; 5.62012
5.13758 ; 5.68546 ; -5.52998 ; 5.497
4.77163 ; 7.8444 ; -5.30368 ; 2.29866
6.22911 ; 5.64127 ; 5.55294 ; 5.52244
6.3393 ; 5.74785 ; 5.50236 ; 5.47625
5.59517 ; 4.83652 ; -5.72008 ; -5.67548
5.68836 ; 5.16124 ; 5.75787 ; 5.72363
5.47034 ; 5.31068 ; -5.67411 ; 5.63855
3.13354 ; 5.96517 ; 1.23786 ; 5.35718
5.49739 ; 5.21338 ; -5.74137 ; -5.70738
5.00933 ; 5.76466 ; 5.87806 ; -5.77129
6.04413 ; 5.44707 ; -5.88234 ; -5.81189
6.44962 ; 4.05955 ; -5.90806 ; 5.67891
5.52701 ; 5.47226 ; 5.84353 ; -5.73022
2.91528 ; 4.69118 ; -1.5304 ; -5.65227
5.77043 ; 5.2036 ; 5.73896 ; 5.70162
5.49991 ; 4.82824 ; -5.69976 ; -5.65867
7.99047 ; 2.9956 ; -3.17168 ; -4.08003
6.10249 ; 5.50839 ; 5.611 ; 5.57933
6.03131 ; 4.48455 ; 5.60573 ; -5.529
5.36144 ; 5.95689 ; 5.93241 ; -5.545
7.05363 ; 3.44943 ; 5.01781 ; 4.60084
5.0549 ; 3.34029 ; 6.08285 ; 4.51946
5.8412 ; 4.88629 ; 5.69838 ; -5.65767
5.36707 ; 6.33849 ; -5.56401 ; 5.14101
5.84962 ; 5.25597 ; 5.71437 ; 5.67802
5.61927 ; 5.17568 ; 5.78281 ; -5.72807
3.65036 ; 2.91531 ; 4.00725 ; -3.89942
6.77458 ; 7.74585 ; -5.9145 ; 1.84965
5.23237 ; 5.59183 ; -5.57304 ; 5.53679
5.43514 ; 5.39802 ; -5.65313 ; 5.61291
5.21694 ; 4.51477 ; -5.57635 ; -5.53845
5.70877 ; 5.03256 ; -5.77478 ; -5.73107
3.14077 ; 5.64665 ; 1.08213 ; 5.58496
5.03129 ; 3.10262 ; 5.693 ; -4.40399
3.67144 ; 4.83511 ; 3.42685 ; 6.00131
6.50903 ; 2.71718 ; -5.77749 ; -3.73703
6.06076 ; 5.5411 ; -5.90021 ; -5.80069
5.3633 ; 5.49139 ; -5.62348 ; 5.58156
6.22246 ; 4.501 ; 5.55141 ; -5.51978
5.61551 ; 6.97788 ; 5.93696 ; -3.52029
5.76703 ; 5.12502 ; -5.79865 ; -5.75201
5.7353 ; 5.16741 ; -5.8007 ; -5.74947
7.47661 ; 5.96355 ; 4.70471 ; 5.2914
7.85339 ; 6.40159 ; 3.94816 ; -5.19485
4.03231 ; 4.12266 ; -4.80294 ; -5.27895
5.21039 ; 6.01389 ; 5.63092 ; 5.36239
7.91151 ; 5.66443 ; 3.95118 ; -5.70947
5.48157 ; 5.26249 ; -5.68245 ; 5.6493
4.39305 ; 4.97821 ; -5.10116 ; 5.61685
8.36223 ; 3.23002 ; -0.250885 ; 5.04123
6.26598 ; 4.44998 ; 5.53246 ; -5.50168
5.42266 ; 5.7579 ; -5.60974 ; 5.4805
5.68841 ; 7.65172 ; -5.80576 ; 3.05828
6.27188 ; 5.53725 ; -5.87912 ; -5.85125
6.11959 ; 5.54077 ; 5.6016 ; 5.5677
5.62515 ; 5.2087 ; -5.71771 ; 5.6811
6.25412 ; 4.09874 ; 5.61158 ; 5.39159
6.18216 ; 4.77356 ; -5.81491 ; 5.83293
5.22403 ; 4.46924 ; 5.91717 ; 5.82708
6.32101 ; 4.77472 ; 5.5256 ; -5.5777
3.02415 ; 7.20776 ; 1.52127 ; 3.85713
2.83967 ; 3.5298 ; -0.663962 ; -4.7277
6.23261 ; 4.45174 ; 5.54285 ; -5.50506
3.24017 ; 7.51854 ; -3.02833 ; -2.55925
5.58653 ; 5.44991 ; 5.82935 ; -5.72042
6.02463 ; 5.49305 ; 5.63589 ; 5.59347
3.00894 ; 2.27471 ; 1.46524 ; -0.770993
4.40283 ; 5.70366 ; 5.0513 ; 5.55676
5.65353 ; 5.14501 ; -5.73284 ; 5.69629
4.57387 ; 4.23437 ; 5.21936 ; -5.41554
4.34775 ; 5.47909 ; 5.00909 ; 5.68546
5.42969 ; 4.74143 ; -5.66896 ; -5.62808
6.41139 ; 6.2434 ; -5.52848 ; 5.17056
5.9689 ; 6.27775 ; -5.98559 ; -5.22936
5.11222 ; 4.91158 ; 5.79784 ; 5.85304
5.48401 ; 5.47136 ; -5.65324 ; 5.59871
5.80419 ; 3.11863 ; 5.65023 ; -4.50612
5.48346 ; 5.443 ; 5.84453 ; -5.74697
3.11809 ; 2.19547 ; -2.17896 ; -0.957037
3.15148 ; 2.98856 ; 1.6057 ; 4.35378
5.86877 ; 5.08045 ; -5.76498 ; 5.74166
5.85773 ; 5.09313 ; -5.80329 ; -5.76491
8.25811 ; 3.89832 ; -0.496537 ; 5.91845
5.47533 ; 5.16151 ; 5.77783 ; 5.75177
7.04086 ; 4.43909 ; 5.0938 ; -5.44347
6.28832 ; 5.25838 ; 5.55563 ; 5.62249
4.30566 ; 6.6737 ; 5.57912 ; -4.8857
5.48478 ; 5.30688 ; -5.67718 ; 5.6413
4.97092 ; 5.50187 ; 5.79873 ; -5.84931
6.09518 ; 4.72132 ; 5.6141 ; -5.58925
5.85785 ; 4.93597 ; 5.70284 ; -5.66046
5.44399 ; 4.61915 ; -5.65514 ; -5.59464
4.75442 ; 5.46179 ; -5.35511 ; 5.54192
5.42916 ; 5.44366 ; -5.64492 ; 5.60175
6.21393 ; 4.50329 ; 5.55377 ; -5.52125
5.30406 ; 5.54726 ; -5.6005 ; 5.55812
4.38787 ; 3.58808 ; 5.08974 ; -4.89942
4.02589 ; 6.20811 ; -4.78398 ; 5.16488
5.86157 ; 3.56584 ; -5.65706 ; -4.97897
5.65669 ; 4.95165 ; -5.75188 ; -5.70871
5.92692 ; 4.81817 ; 5.66995 ; -5.63135
5.21056 ; 3.87141 ; -5.62888 ; 5.12537
5.37328 ; 5.94938 ; -5.73507 ; -5.4236
6.03279 ; 4.69427 ; 5.62831 ; -5.59227
6.21551 ; 4.49917 ; 5.5529 ; -5.52036
5.65451 ; 4.93904 ; 5.73554 ; -5.6952
5.73314 ; 5.22164 ; 5.74071 ; 5.70408
5.97984 ; 4.49335 ; -5.87547 ; 5.76585
6.91527 ; 6.14136 ; -5.63827 ; -5.70995
5.25709 ; 3.64398 ; 6.03451 ; 5.08138
6.90345 ; 3.75406 ; 5.15827 ; -5.10195
6.2126 ; 5.48054 ; 5.57449 ; 5.57518
5.65833 ; 3.72 ; 5.64048 ; -5.0913
6.01244 ; 5.4364 ; 5.64749 ; 5.61029
5.68646 ; 5.07755 ; -5.74878 ; 5.71294
6.92752 ; 4.22084 ; -5.48898 ; 5.90025
5.9516 ; 4.89657 ; -5.80461 ; 5.78246
5.83315 ; 5.33449 ; -5.84382 ; -5.77314
5.75366 ; 5.35477 ; 5.71502 ; 5.66565
3.21107 ; 7.29362 ; -3.39972 ; 3.88772
6.97731 ; 5.21085 ; 5.15269 ; 5.58667
5.62027 ; 5.07778 ; -5.76354 ; -5.7209
3.87319 ; 5.75585 ; 4.25639 ; -5.9916
6.56692 ; 6.83227 ; -5.554 ; 4.6022
5.34082 ; 5.49059 ; -5.61821 ; 5.57861
5.92339 ; 4.54838 ; 5.63682 ; -5.5582
5.56869 ; 4.74665 ; -5.70148 ; -5.6483
6.05943 ; 4.23178 ; -5.9206 ; 5.67749
5.98434 ; 5.15598 ; 5.68626 ; 5.67797
6.25093 ; 4.45373 ; -5.87438 ; 5.82099
5.57127 ; 5.29445 ; -5.69563 ; 5.65587
6.10623 ; 5.3381 ; -5.85716 ; -5.83092
5.34668 ; 3.4357 ; -5.55033 ; -4.87535
6.01437 ; 4.71866 ; 5.63598 ; -5.59992
5.54999 ; 4.91166 ; 5.8207 ; 5.782
7.27916 ; 4.44341 ; -4.77482 ; 6.00318
6.22329 ; 5.57465 ; 5.5618 ; 5.54502
5.61595 ; 4.65269 ; -5.77753 ; 5.71361
5.04477 ; 4.97074 ; -5.52948 ; -5.62289
6.59958 ; 3.41096 ; -5.53169 ; -4.78334
6.0938 ; 3.17898 ; 5.72378 ; 3.80613
5.99245 ; 4.57664 ; -5.86352 ; 5.78585
5.02448 ; 6.09945 ; -5.45506 ; 5.29499
7.82149 ; 6.55467 ; -3.32849 ; 4.80566
6.23157 ; 4.92761 ; -5.76644 ; 5.82057
8.04871 ; 5.61234 ; -2.01616 ; 5.57927
6.50762 ; 4.89122 ; 5.43359 ; -5.58144
6.25103 ; 4.46579 ; 5.53835 ; -5.50732
6.31398 ; 4.00979 ; -5.94974 ; 5.59247
6.05778 ; 4.80521 ; 5.63299 ; -5.61004
5.81449 ; 5.28722 ; 5.71567 ; 5.67636
6.00862 ; 6.2701 ; -5.99306 ; -5.25486
5.8293 ; 4.92528 ; 5.70686 ; -5.66435
5.78313 ; 4.59806 ; -5.71296 ; -5.61281
8.36905 ; 6.21387 ; 2.05984 ; -5.73226
5.82097 ; 5.33103 ; 5.7071 ; 5.66455
5.27748 ; 3.67203 ; 6.02887 ; 5.12282
5.98597 ; 5.30652 ; 5.67105 ; 5.64706
4.47971 ; 6.21298 ; -5.15322 ; 5.19651
3.73776 ; 7.50085 ; 4.50351 ; 3.19974
5.87322 ; 5.31318 ; 5.6997 ; 5.66149
5.23692 ; 5.58517 ; -5.5751 ; 5.53899
5.89471 ; 7.78116 ; -5.97448 ; 0.794609
6.04777 ; 5.45447 ; -5.88358 ; -5.8113
5.90355 ; 4.79801 ; 5.67082 ; -5.63243
5.24356 ; 4.53781 ; -5.58811 ; -5.54875
3.08196 ; 7.8065 ; 2.03713 ; 0.788261
5.19694 ; 4.95854 ; 5.80591 ; 5.83311
6.10999 ; 3.18173 ; -5.70222 ; -4.5661
5.61417 ; 4.76743 ; -5.76679 ; 5.72433
5.66787 ; 6.24313 ; 5.8771 ; -5.1351
5.48598 ; 5.09579 ; 5.78104 ; -5.74614
6.07261 ; 4.26556 ; -5.91638 ; 5.70124
3.90127 ; 5.27253 ; -4.6418 ; -5.63722
3.08269 ; 4.62916 ; -2.72235 ; 5.91237
5.86239 ; 5.04077 ; -5.77269 ; 5.74713
4.92102 ; 2.3013 ; -5.3795 ; -2.65663
7.56032 ; 2.7701 ; 4.46506 ; -3.97251
5.85326 ; 5.58671 ; 5.66429 ; 5.573
5.08994 ; 5.6749 ; 5.87814 ; -5.78706
5.2436 ; 5.58405 ; 5.87851 ; -5.77543
6.60697 ; 4.82676 ; -5.60702 ; 5.88593
4.75791 ; 4.51148 ; -5.36332 ; -5.49569
7.34443 ; 3.08615 ; -5.1798 ; 4.21227
5.9482 ; 4.77175 ; 5.65857 ; -5.62036
3.62116 ; 6.66234 ; 3.64267 ; 4.73147
5.96229 ; 2.46317 ; -6.01683 ; 0.628478
5.57423 ; 5.21812 ; -5.70829 ; 5.67136
6.19984 ; 3.12966 ; -6.06017 ; 3.79812
6.54554 ; 4.68554 ; -5.69541 ; 5.89648
5.22659 ; 4.5066 ; 5.91032 ; 5.83501
6.57734 ; 4.52778 ; -5.7225 ; 5.9011
3.14186 ; 6.09379 ; 1.00366 ; -5.9468
5.69296 ; 5.72453 ; 5.82915 ; -5.60098
5.73803 ; 4.94754 ; 5.72503 ; -5.6841
7.53081 ; 5.50727 ; -4.14426 ; -6.02778
4.88103 ; 5.85073 ; -5.40741 ; 5.41438
4.42738 ; 5.18993 ; 5.16978 ; 5.82325
6.68541 ; 7.14624 ; -6.04247 ; -3.2901
5.79186 ; 5.01725 ; 5.72782 ; -5.68149
5.92283 ; 5.10852 ; -5.81065 ; -5.77787
5.1861 ; 4.48899 ; 5.90982 ; 5.8386
4.69229 ; 3.77243 ; 5.89822 ; 5.48985
5.88786 ; 4.63395 ; -5.84423 ; 5.77031
5.81198 ; 4.90315 ; 5.70603 ; -5.66486
5.78417 ; 5.22712 ; 5.73242 ; 5.69488
5.84831 ; 4.50421 ; -5.85459 ; 5.73589
3.70441 ; 2.67129 ; -4.23327 ; -3.75128
4.59304 ; 5.63501 ; 5.57708 ; -5.90069
6.28172 ; 3.1619 ; -6.06418 ; 3.93169
5.79232 ; 5.05389 ; -5.78926 ; -5.74821
6.85171 ; 7.59374 ; 5.11854 ; -1.29507
5.31916 ; 4.31778 ; 5.94075 ; 5.7521
6.12084 ; 5.51142 ; 5.60486 ; 5.57631
5.76513 ; 4.92279 ; 5.71668 ; -5.67649
5.96122 ; 5.4946 ; 5.65148 ; 5.59955
8.07828 ; 6.981 ; 3.31494 ; -4.28801
5.6486 ; 4.83261 ; -5.72948 ; -5.68159
3.93524 ; 3.03084 ; 5.05597 ; 4.09342
6.11974 ; 4.60128 ; 5.59374 ; -5.55894
6.04378 ; 5.24039 ; -5.83963 ; -5.81521
5.78062 ; 5.00705 ; -5.77978 ; -5.73873
7.63694 ; 5.56147 ; -3.5095 ; 5.6143
6.09559 ; 4.42635 ; -5.89192 ; 5.77574
6.02152 ; 7.75881 ; 5.66148 ; 2.68863
5.5335 ; 5.34024 ; -5.68119 ; 5.6406
5.61694 ; 5.27155 ; -5.70524 ; 5.6668
4.4317 ; 4.5776 ; 5.39626 ; 5.98632
6.36203 ; 5.43041 ; -5.82797 ; -5.87785
6.04602 ; 4.63384 ; 5.61608 ; -5.57683
5.92542 ; 4.79316 ; 5.66604 ; -5.6278
5.76337 ; 5.10307 ; -5.75369 ; 5.72128
5.02489 ; 7.03489 ; 6.0821 ; -3.49196
5.9337 ; 4.77998 ; 5.6623 ; -5.62416
5.77049 ; 4.92972 ; 5.71759 ; -5.67604
4.08107 ; 4.30519 ; -4.77375 ; 5.55374
5.93422 ; 4.81149 ; 5.66764 ; -5.62913
5.69086 ; 2.30306 ; -5.83246 ; -2.21917
6.0289 ; 5.73053 ; 5.60678 ; 5.50096
5.37681 ; 3.85484 ; 5.99103 ; 5.34881
5.60002 ; 5.07766 ; 5.78534 ; 5.75283
5.67271 ; 5.17919 ; -5.72928 ; 5.6943
5.70902 ; 5.09182 ; 5.76793 ; 5.73127
5.60288 ; 5.21055 ; -5.71437 ; 5.67733
6.29517 ; 5.99944 ; -5.97016 ; -5.64686
5.81538 ; 5.28808 ; 5.71567 ; 5.67635
6.02592 ; 2.88467 ; 5.60044 ; -4.19717
6.39196 ; 5.72969 ; 5.48137 ; 5.47843
4.6332 ; 4.95043 ; 5.41301 ; -5.78561
3.79019 ; 3.41648 ; 4.48519 ; 5.21515
7.45624 ; 7.05022 ; 4.60557 ; 4.39266
5.98831 ; 4.74022 ; 5.644 ; -5.60764
4.94544 ; 3.08785 ; 5.66981 ; -4.37371
5.56544 ; 5.03797 ; 5.79625 ; 5.76388
5.90705 ; 4.5729 ; 5.76029 ; 5.69581
2.8574 ; 2.39009 ; -1.26616 ; -2.45831
5.7237 ; 4.96332 ; 5.72994 ; -5.68844
5.59314 ; 6.06975 ; 5.65218 ; 5.32922
6.1011 ; 4.53491 ; 5.59125 ; -5.54237
6.35145 ; 4.36649 ; 5.49239 ; -5.46533
6.06562 ; 4.78839 ; -5.82481 ; 5.81161
3.10384 ; 2.48441 ; -2.88865 ; -3.00952
5.72751 ; 5.25368 ; 5.73583 ; 5.69733
7.0478 ; 4.42007 ; -5.23695 ; 5.96984
3.91282 ; 4.29285 ; 4.4474 ; 6.04172
6.77624 ; 3.84851 ; -5.7697 ; 5.58089
4.97724 ; 5.21434 ; 5.72286 ; -5.83485
3.20895 ; 6.32801 ; -3.09823 ; -5.50749
5.65819 ; 5.02964 ; 5.78613 ; 5.74946
6.66107 ; 7.26724 ; -6.06557 ; -2.74435
5.94274 ; 5.38926 ; -5.86626 ; -5.79389
5.65292 ; 5.15663 ; -5.73083 ; 5.69465
4.64212 ; 2.3308 ; 5.96358 ; -1.58236
3.11311 ; 6.21675 ; 0.788889 ; -5.86656
5.28551 ; 4.34283 ; -5.58373 ; -5.47772
6.56517 ; 5.99783 ; -5.88655 ; -5.7326
5.70707 ; 4.80593 ; 5.80644 ; 5.75793
5.71945 ; 5.46487 ; -5.6904 ; 5.61595
5.87777 ; 4.86676 ; 5.68812 ; -5.64803
6.22755 ; 6.64892 ; -6.06294 ; -4.63645
7.89547 ; 7.384 ; 3.94247 ; 3.7852
6.3919 ; 5.4342 ; 5.49794 ; 5.57086
6.12237 ; 3.96562 ; -5.96222 ; 5.48155
5.99311 ; 5.43556 ; 5.65208 ; 5.61322
5.92414 ; 5.41472 ; 5.67154 ; 5.62818
5.36636 ; 4.65132 ; -5.63835 ; -5.59577
5.39104 ; 6.09045 ; -5.58074 ; 5.30558
5.47372 ; 4.75836 ; -5.68233 ; -5.63934
5.08291 ; 5.73818 ; -5.50502 ; 5.47488
3.40934 ; 4.49153 ; 2.44962 ; 6.08919
6.54689 ; 4.83056 ; -5.64965 ; 5.87838
5.32937 ; 5.46041 ; 5.85674 ; -5.78016
3.2774 ; 3.18572 ; 2.35122 ; 4.87776
5.88423 ; 5.37603 ; -5.85808 ; -5.78177
5.6001 ; 5.18894 ; -5.77153 ; -5.72491
2.98859 ; 6.41885 ; -1.36665 ; -5.61326
4.45185 ; 6.42426 ; -5.117 ; 5.05315
5.52833 ; 5.97064 ; 5.89993 ; -5.47002
5.0885 ; 4.40218 ; -5.51725 ; -5.4892
6.10892 ; 5.40937 ; 5.64396 ; -5.61996
5.68684 ; 5.35793 ; 5.72476 ; 5.67115
3.74615 ; 5.72724 ; 3.83834 ; -6.01068
4.48609 ; 4.55105 ; 5.47647 ; 5.97968
5.80008 ; 4.96615 ; -5.77397 ; -5.73406
5.96293 ; 4.80232 ; 5.65989 ; -5.62273
5.63446 ; 4.87983 ; -5.73484 ; -5.69043
6.0191 ; 4.68545 ; 5.62957 ; -5.5931
5.56029 ; 4.22658 ; -5.63951 ; -5.4309
8.14537 ; 5.68377 ; -1.56807 ; -6.06642
4.10794 ; 2.19143 ; -4.63438 ; -0.325725
7.91313 ; 5.35731 ; -2.6968 ; -6.02044
3.76431 ; 4.66941 ; -4.5098 ; -5.51791
6.24683 ; 5.75173 ; -5.93008 ; -5.78547
6.33188 ; 4.90342 ; -5.74073 ; 5.83796
6.66061 ; 3.05986 ; -6.00944 ; 3.77839
4.98928 ; 2.58466 ; 5.86718 ; -3.3609
5.93431 ; 4.99596 ; -5.78375 ; 5.76578
6.37181 ; 5.72613 ; -5.89719 ; -5.82795
5.36233 ; 4.67835 ; -5.64133 ; -5.60159
4.34053 ; 4.29376 ; 5.37307 ; 5.97339
5.30543 ; 4.61762 ; -5.6168 ; -5.5781
4.48164 ; 4.73835 ; -5.15876 ; 5.61345
6.48762 ; 5.45456 ; -5.78031 ; -5.89842
6.35439 ; 5.81899 ; -5.9231 ; -5.78204
5.69136 ; 5.55825 ; -5.83798 ; -5.70647
4.44688 ; 5.53354 ; -5.14876 ; -5.56661
5.37566 ; 4.68062 ; -5.64498 ; -5.60415
5.59673 ; 5.48978 ; -5.67151 ; 5.59995
5.60867 ; 5.26837 ; -5.70517 ; 5.66617
5.77735 ; 4.97862 ; -5.77732 ; 5.74212
5.93914 ; 4.87538 ; -5.76551 ; -5.7261
7.57128 ; 5.52484 ; 4.60348 ; 5.49543
6.05311 ; 5.32205 ; -5.85679 ; -5.82052
6.6361 ; 2.99076 ; 5.28511 ; -4.37423
5.02162 ; 7.54023 ; 6.10848 ; -1.12899
8.42335 ; 5.41709 ; 1.77122 ; -5.94932
6.19014 ; 4.53134 ; 5.56484 ; -5.5322
4.09728 ; 4.03225 ; 5.02748 ; 5.90626
5.39292 ; 4.35295 ; 5.92806 ; 5.74761
6.41273 ; 3.10782 ; -6.06707 ; 3.82306
6.79988 ; 3.89895 ; 5.23325 ; -5.20423
8.27119 ; 4.22493 ; 2.91793 ; 5.86223
2.88206 ; 3.31143 ; 0.114938 ; -4.46599
5.47807 ; 4.78994 ; -5.68849 ; -5.64742
6.64313 ; 2.83671 ; -6.0457 ; 2.88574
5.94694 ; 5.32912 ; -5.85561 ; -5.79868
5.53808 ; 4.85502 ; -5.71207 ; -5.66991
5.37169 ; 5.22182 ; 5.76379 ; 5.74449
5.8673 ; 4.91596 ; 5.69818 ; -5.65654
5.46791 ; 5.06075 ; 5.79831 ; 5.77505
5.55734 ; 7.81592 ; -5.81785 ; 1.74174
5.29203 ; 4.58881 ; -5.60942 ; -5.56927
5.53567 ; 4.84134 ; -5.70931 ; -5.66732
5.67818 ; 2.5838 ; -5.90179 ; 1.36928
5.60698 ; 5.31027 ; -5.69774 ; 5.65699
3.97326 ; 5.65568 ; 4.49079 ; -5.99077
6.01105 ; 4.69466 ; 5.63257 ; -5.59604
6.69071 ; 5.49038 ; 5.33988 ; 5.53449
5.27835 ; 7.76214 ; 5.98134 ; 2.1148
8.10653 ; 7.77977 ; -3.08862 ; 0.971084
6.48496 ; 5.36615 ; -5.75772 ; -5.89522
6.29624 ; 4.41189 ; 5.51813 ; -5.48659
6.30391 ; 5.72575 ; 5.5184 ; 5.48745
5.4766 ; 5.30181 ; -5.67652 ; 5.64092
5.48073 ; 5.28491 ; -5.67949 ; 5.64473
4.24535 ; 4.23929 ; 5.23728 ; 5.97438
5.73685 ; 5.13106 ; 5.75715 ; 5.72056
6.07827 ; 4.64742 ; 5.61056 ; -5.5751
4.93301 ; 3.34297 ; -5.37364 ; -4.78717
5.73057 ; 5.0848 ; -5.78698 ; -5.74154
5.35064 ; 4.70161 ; 5.87426 ; 5.82949
5.24855 ; 4.55103 ; -5.59137 ; -5.55309
7.20814 ; 5.86657 ; -5.08448 ; -5.95057
6.15044 ; 5.76834 ; -5.94057 ; -5.75178
5.62765 ; 5.22056 ; -5.71587 ; 5.67951
3.00701 ; 2.29023 ; 1.25191 ; 0.155896
5.61783 ; 5.18736 ; 5.76222 ; 5.72799
6.00175 ; 4.70019 ; 5.63502 ; -5.59855
5.6035 ; 4.93145 ; 5.81018 ; 5.77057
5.50652 ; 5.43798 ; -5.66181 ; 5.61078
6.54933 ; 4.77243 ; -5.6658 ; 5.88779
4.60257 ; 2.60075 ; 6.04115 ; 1.7498
7.72088 ; 6.09692 ; -3.75827 ; -5.9174
5.74679 ; 5.33568 ; -5.82732 ; -5.75412
6.73311 ; 7.22734 ; -6.02829 ; -2.96663
3.02798 ; 6.86381 ; -1.78909 ; -4.84315
3.86557 ; 3.17507 ; 4.81629 ; 4.58031
6.37578 ; 3.04572 ; -5.69954 ; -4.35763
7.78707 ; 3.65966 ; 4.10763 ; 5.23591
6.81542 ; 7.21963 ; -5.54485 ; 3.98338
8.34376 ; 2.58608 ; 2.85285 ; -3.3608
6.01231 ; 4.87895 ; 5.65355 ; -5.62906
7.85461 ; 6.33534 ; -3.35081 ; -5.65837
6.05731 ; 4.97165 ; 5.64453 ; -5.63685
3.09158 ; 4.47765 ; -3.14864 ; -5.47974
