6.26351 ; 6.64321 ; 5.29775 ; 4.93055
6.11544 ; 4.17376 ; 5.35819 ; -5.29373
5.75591 ; 4.8409 ; 5.47512 ; -5.45991
4.73688 ; 4.05683 ; -5.25545 ; -5.22559
7.02083 ; 6.2958 ; 5.05742 ; 5.08803
4.73688 ; 4.02984 ; -5.25125 ; -5.21838
6.43118 ; 5.90224 ; 5.32154 ; 5.29055
6.83874 ; 3.71002 ; 5.13266 ; -5.06113
3.81018 ; 4.73962 ; 3.56309 ; -5.58434
6.10521 ; 5.61584 ; 5.40517 ; 5.38064
5.84689 ; 6.27305 ; 5.37074 ; 5.15664
4.12396 ; 6.32581 ; -4.90473 ; 5.04585
7.03127 ; 7.91489 ; -5.45461 ; 1.39546
8.1565 ; 4.87261 ; 3.84276 ; -5.43137
2.92212 ; 6.88157 ; -2.2816 ; -4.53633
3.98432 ; 5.15737 ; -4.79129 ; 5.35059
5.96784 ; 6.56062 ; -5.7772 ; -4.48272
6.02973 ; 5.02218 ; 5.49172 ; 5.44683
6.65594 ; 6.28045 ; 5.21505 ; 5.13138
7.66931 ; 4.99562 ; 4.54861 ; 5.38602
6.64179 ; 6.06832 ; 5.24469 ; 5.21898
4.85549 ; 5.95861 ; -5.298 ; 5.25213
6.17003 ; 5.63833 ; 5.39385 ; 5.37022
4.26289 ; 6.0948 ; -5.01279 ; 5.15848
6.33953 ; 5.05521 ; -5.40066 ; 5.58612
3.13047 ; 4.49827 ; 1.23582 ; -5.46797
6.99463 ; 4.25458 ; 5.09605 ; -5.24109
6.90888 ; 4.12176 ; 5.13621 ; -5.21281
4.63823 ; 3.9442 ; -5.2062 ; -5.17672
3.64362 ; 7.36981 ; -4.30374 ; 4.05851
5.76608 ; 5.53214 ; 5.45224 ; 5.43167
6.41498 ; 4.99822 ; 5.36047 ; -5.35468
5.83409 ; 5.38133 ; 5.47175 ; 5.45304
6.42678 ; 3.32102 ; 5.25379 ; -4.81442
6.39116 ; 6.0083 ; -5.64283 ; -5.34785
6.2521 ; 4.47075 ; 5.36657 ; -5.35423
7.74194 ; 6.74475 ; -3.86934 ; -4.76695
5.58042 ; 4.8282 ; -5.50017 ; -5.47273
5.1643 ; 5.75011 ; -5.37672 ; 5.33297
8.68106 ; 3.49352 ; 0.591076 ; -4.7043
4.80444 ; 3.87154 ; -5.25656 ; -5.16143
5.15144 ; 5.72811 ; -5.37817 ; 5.33556
4.20398 ; 3.66942 ; -4.94512 ; -4.99769
5.1646 ; 5.02072 ; -5.45311 ; -5.40563
5.03 ; 6.14867 ; -5.31674 ; 5.20146
5.56698 ; 4.91961 ; -5.51404 ; -5.47595
6.56491 ; 4.18312 ; 5.27292 ; -5.26316
5.60357 ; 4.81643 ; -5.49934 ; -5.47506
6.72648 ; 7.14725 ; -5.70084 ; -3.31611
6.68002 ; 4.03632 ; 5.22382 ; -5.21241
5.77542 ; 5.21375 ; -5.57512 ; -5.512
6.66828 ; 4.05737 ; 5.23015 ; -5.21938
5.1741 ; 4.53047 ; -5.41134 ; -5.38274
4.83237 ; 5.9978 ; -5.28664 ; 5.23997
7.49847 ; 7.4936 ; 4.53043 ; 3.92245
5.32497 ; 5.92813 ; -5.37779 ; 5.29163
6.4427 ; 4.20844 ; 5.3028 ; -5.28588
5.33639 ; 5.64755 ; -5.40617 ; 5.36642
6.50219 ; 4.20574 ; 5.29006 ; -5.27795
5.87712 ; 5.38685 ; 5.46705 ; 5.44684
7.34695 ; 3.91787 ; 4.85441 ; -5.10222
4.9669 ; 4.29495 ; -5.34952 ; -5.31784
5.18973 ; 5.72859 ; -5.38135 ; 5.33882
3.16812 ; 5.33887 ; 1.483 ; -5.79016
6.83913 ; 6.26551 ; 5.14808 ; 5.12236
8.60064 ; 5.24876 ; 2.21655 ; 5.56356
5.9138 ; 4.95084 ; 5.47598 ; -5.43783
6.16623 ; 4.49445 ; 5.38031 ; -5.36744
5.62037 ; 4.78291 ; -5.49459 ; -5.47428
5.20785 ; 6.42303 ; -5.33242 ; 5.06127
2.87472 ; 5.43327 ; -0.342092 ; -5.78194
7.99485 ; 6.1264 ; 3.91158 ; -5.10759
6.28462 ; 4.43034 ; 5.35727 ; -5.345
8.73934 ; 7.32326 ; 0.720463 ; 3.71196
5.95303 ; 3.88522 ; -5.71126 ; 5.0271
6.57105 ; 6.00608 ; 5.2739 ; 5.24609
6.08997 ; 4.89305 ; 5.44135 ; -5.40684
5.53027 ; 5.1917 ; 5.54329 ; -5.50247
6.26004 ; 4.63738 ; 5.38296 ; -5.36922
6.15101 ; 4.84903 ; 5.47532 ; 5.41357
6.1668 ; 6.80785 ; 5.31735 ; 4.80365
6.32284 ; 5.84029 ; 5.35015 ; 5.31801
5.5565 ; 5.45033 ; -5.45166 ; 5.42722
5.16123 ; 4.45355 ; -5.40242 ; -5.37099
6.27288 ; 5.69169 ; 5.37434 ; 5.35155
2.90529 ; 6.21639 ; -2.37264 ; -5.40064
5.73154 ; 5.57212 ; 5.44672 ; 5.4257
4.12435 ; 4.64756 ; 4.55232 ; 5.75751
4.24782 ; 6.12405 ; 4.43522 ; 5.19732
4.82148 ; 6.01561 ; -5.28158 ; 5.23466
5.15808 ; 5.78751 ; -5.37214 ; 5.32483
6.39221 ; 7.88621 ; -5.82087 ; 0.458504
6.09779 ; 4.89692 ; 5.44064 ; -5.40518
6.66707 ; 4.19163 ; 5.24454 ; -5.25338
4.26453 ; 3.9019 ; -5.00882 ; -5.11761
6.6113 ; 6.04021 ; 5.2582 ; 5.23118
8.30661 ; 2.37886 ; -2.3523 ; -2.7559
5.68021 ; 4.27004 ; -5.4206 ; -5.35269
3.84593 ; 4.82742 ; -4.6926 ; -5.34046
6.36255 ; 5.72936 ; 5.35769 ; 5.3359
4.92461 ; 5.94342 ; -5.31429 ; 5.26455
6.20289 ; 4.43688 ; 5.36887 ; -5.3553
3.99533 ; 5.14103 ; -4.8099 ; -5.34205
5.08792 ; 3.35694 ; 5.27469 ; -4.75422
6.29733 ; 2.15542 ; -5.81957 ; -1.08344
5.02245 ; 4.29566 ; -5.36055 ; -5.3258
2.82986 ; 6.02297 ; -2.7327 ; 5.16385
5.34862 ; 4.74172 ; -5.50973 ; 5.39638
5.66679 ; 2.30069 ; 5.77215 ; 0.35015
5.45036 ; 2.2664 ; 5.83194 ; 0.0994692
4.31795 ; 4.75228 ; 4.86729 ; 5.71233
8.56961 ; 3.79466 ; 1.36266 ; 5.50638
6.14322 ; 5.31674 ; 5.43634 ; 5.4157
5.92548 ; 5.19159 ; 5.50588 ; -5.42118
7.63881 ; 5.38006 ; 4.60994 ; 5.33709
5.80356 ; 5.17163 ; 5.50735 ; 5.48239
6.40242 ; 4.30164 ; 5.32348 ; -5.31133
5.45775 ; 6.04676 ; -5.61634 ; -5.03192
6.47804 ; 3.62276 ; 5.2506 ; -5.0279
5.53987 ; 4.32649 ; -5.59466 ; 5.28317
6.01989 ; 5.64634 ; 5.41153 ; 5.38325
7.58101 ; 4.0694 ; -4.01002 ; 5.64982
3.78186 ; 1.99278 ; -4.23813 ; -0.959724
7.9708 ; 6.7844 ; 4.15572 ; 4.63871
7.77158 ; 2.21393 ; -4.26605 ; 0.195315
5.2205 ; 3.62688 ; -5.34036 ; -5.04375
6.29447 ; 5.54024 ; 5.38421 ; 5.37101
4.76886 ; 4.07883 ; -5.26801 ; -5.2366
5.35078 ; 4.09287 ; -5.39219 ; -5.28206
5.57289 ; 5.75259 ; -5.40746 ; 5.35387
6.39704 ; 4.29554 ; 5.3233 ; -5.31121
6.618 ; 3.06358 ; 5.17658 ; -4.57712
4.91653 ; 5.95512 ; -5.31107 ; 5.26076
4.88314 ; 5.69275 ; -5.32789 ; 5.31467
2.97612 ; 5.13539 ; 0.397307 ; -5.73772
3.31182 ; 6.81525 ; -3.64154 ; -4.34508
5.0863 ; 5.73363 ; -5.3694 ; 5.32777
6.04995 ; 5.64207 ; 5.40906 ; 5.38151
6.27989 ; 5.72893 ; 5.36932 ; 5.34514
6.63019 ; 5.94035 ; 5.26346 ; 5.25667
5.82778 ; 5.3961 ; 5.54792 ; -5.40354
6.72922 ; 6.06256 ; 5.21507 ; 5.20999
4.27161 ; 4.64657 ; 4.82047 ; 5.7417
6.05217 ; 3.02284 ; 5.35817 ; -4.5162
6.41104 ; 4.44005 ; 5.33799 ; -5.33024
6.1769 ; 6.71965 ; 5.31589 ; 4.87359
8.34835 ; 5.07077 ; 3.40722 ; 5.52244
5.30203 ; 5.40581 ; -5.43605 ; 5.40035
4.84003 ; 4.0345 ; -5.2838 ; -5.23068
4.71674 ; 4.04294 ; -5.24747 ; -5.21903
7.4031 ; 6.78492 ; -4.74583 ; -4.56761
4.67841 ; 7.90515 ; 5.64208 ; 2.10408
4.72578 ; 4.01978 ; -5.24699 ; -5.21393
3.98643 ; 6.96931 ; -4.7175 ; 4.58234
6.30547 ; 5.72437 ; 5.36717 ; 5.3431
6.26912 ; 5.46022 ; 5.39638 ; 5.3829
4.80701 ; 4.09879 ; -5.28143 ; -5.24732
5.20336 ; 5.58508 ; 5.59112 ; -5.50011
6.60744 ; 4.13628 ; 5.25748 ; -5.24762
5.45278 ; 5.41079 ; -5.56101 ; -5.40835
6.54057 ; 6.00108 ; 5.28208 ; 5.25098
5.76752 ; 4.03164 ; -5.3935 ; -5.2573
6.31148 ; 7.00403 ; 5.27981 ; 4.62751
5.64466 ; 5.29133 ; 5.49655 ; 5.491
5.30874 ; 5.31127 ; 5.46311 ; 5.52681
6.97286 ; 5.17067 ; 5.12295 ; 5.33921
4.15586 ; 3.19314 ; -4.84727 ; -4.65664
5.34155 ; 5.69044 ; -5.40156 ; 5.35831
6.94067 ; 6.45254 ; 5.07982 ; 5.01954
4.05914 ; 3.51384 ; -4.82415 ; -4.88512
4.41405 ; 5.91572 ; -5.10889 ; 5.2259
6.61099 ; 6.04253 ; 5.25791 ; 5.23101
5.58757 ; 4.84553 ; 5.48022 ; -5.48326
3.33631 ; 7.71193 ; 3.31707 ; -1.52091
6.31953 ; 5.76569 ; 5.36003 ; 5.33429
7.63794 ; 6.43397 ; -4.01645 ; -5.23894
7.13199 ; 5.44233 ; -4.77372 ; -5.72276
4.86598 ; 5.95602 ; -5.30042 ; 5.25387
7.8118 ; 5.26298 ; -3.08087 ; -5.77522
8.35502 ; 2.51437 ; 3.24962 ; -3.49835
5.16578 ; 5.23185 ; -5.42632 ; 5.39655
4.96164 ; 4.11507 ; -5.32608 ; -5.26955
5.67997 ; 5.17008 ; 5.53554 ; -5.47387
6.46379 ; 4.27723 ; 5.30819 ; -5.29734
5.9881 ; 4.90899 ; 5.46006 ; -5.42421
7.63203 ; 3.75257 ; -3.56077 ; -5.01516
5.56383 ; 5.33868 ; -5.57458 ; -5.44921
5.11771 ; 5.58798 ; -5.3893 ; 5.353
5.22836 ; 4.5774 ; -5.4237 ; -5.3948
5.85638 ; 4.62417 ; 5.43372 ; -5.42013
4.35932 ; 5.97882 ; -5.07534 ; 5.20377
4.28673 ; 4.7672 ; 4.79512 ; 5.73632
5.3045 ; 4.71852 ; -5.45331 ; -5.4216
5.87218 ; 5.08866 ; 5.50169 ; -5.44153
5.61964 ; 6.96193 ; -5.39683 ; 4.61791
7.89169 ; 5.64114 ; -2.93285 ; -5.79269
6.66348 ; 4.05959 ; 5.23106 ; -5.22059
6.55074 ; 3.95756 ; 5.25271 ; -5.19521
4.80169 ; 6.00807 ; -5.27805 ; 5.23358
4.89286 ; 4.25288 ; -5.32656 ; -5.29974
7.0057 ; 3.71663 ; 5.05319 ; -5.04789
4.73684 ; 6.10966 ; -5.24516 ; 5.19668
5.20232 ; 6.66893 ; -5.32504 ; 4.89693
3.13575 ; 5.00989 ; 1.25324 ; 5.75748
4.77786 ; 4.08197 ; -5.27082 ; -5.23879
5.0922 ; 4.49952 ; -5.39699 ; -5.37004
4.58858 ; 6.24187 ; -5.17305 ; 5.13121
5.19255 ; 5.68087 ; -5.38728 ; 5.34729
7.04098 ; 6.29236 ; 5.04736 ; 5.08705
8.69645 ; 6.203 ; 1.72774 ; 5.02415
6.51768 ; 4.17329 ; 5.28212 ; -5.26876
3.40057 ; 7.8273 ; 3.56187 ; 2.30501
5.02632 ; 4.63012 ; 5.29077 ; -5.48548
5.4086 ; 6.66811 ; 5.76691 ; -4.23377
6.08061 ; 4.4609 ; -5.39627 ; -5.43538
8.25718 ; 5.29538 ; -1.32023 ; -5.79467
5.19641 ; 4.38011 ; -5.39911 ; -5.36176
4.91629 ; 5.95538 ; -5.31131 ; 5.26102
4.86925 ; 4.17922 ; -5.31012 ; -5.27829
5.2804 ; 4.64809 ; -5.44036 ; -5.41084
4.94368 ; 4.26021 ; -5.33992 ; -5.3084
2.82337 ; 4.94903 ; -1.04689 ; 5.73212
6.66433 ; 4.0713 ; 5.23278 ; -5.22257
3.82304 ; 5.47027 ; 3.85538 ; -5.75547
5.95719 ; 5.25784 ; 5.47647 ; 5.4504
5.972 ; 4.61096 ; 5.42028 ; -5.40567
2.88608 ; 5.13078 ; -2.70215 ; -5.59952
5.50218 ; 5.27292 ; -5.47539 ; 5.44461
6.04625 ; 4.58138 ; 5.40737 ; -5.393
3.50428 ; 5.12028 ; 2.73162 ; 5.71526
7.60432 ; 2.00377 ; 4.28783 ; -0.723339
5.95038 ; 3.47812 ; -5.36968 ; -4.91287
6.67961 ; 2.57942 ; -5.76649 ; 2.01353
2.83201 ; 5.3684 ; -0.94479 ; -5.75363
6.78172 ; 2.19843 ; -5.58628 ; -2.12016
7.62256 ; 2.19602 ; -4.62038 ; -0.187254
4.77514 ; 6.05077 ; -5.265 ; 5.21948
8.60472 ; 4.99669 ; 1.84072 ; 5.6695
7.87941 ; 5.04561 ; 4.29868 ; 5.41826
5.14849 ; 4.36827 ; -5.39223 ; -5.35554
6.80872 ; 3.91606 ; 5.16663 ; -5.15713
4.77919 ; 6.06901 ; -5.26311 ; 5.21501
6.47054 ; 5.91969 ; 5.31025 ; 5.28117
6.75285 ; 2.05377 ; 5.13409 ; -1.23048
7.39387 ; 4.92252 ; 4.80396 ; -5.33225
5.2769 ; 5.64407 ; -5.40132 ; 5.36183
6.51358 ; 2.20548 ; 5.25729 ; -2.94806
4.98065 ; 5.8325 ; -5.34036 ; 5.29703
6.80975 ; 3.90538 ; 5.16484 ; -5.15405
7.35421 ; 5.8789 ; -3.97549 ; 5.31578
4.35154 ; 4.27498 ; 5.07331 ; 5.65953
8.40403 ; 4.44556 ; 3.04414 ; 5.59926
5.03559 ; 5.74557 ; -5.36094 ; 5.31973
4.53155 ; 4.57299 ; -5.15763 ; 5.24375
7.19174 ; 4.50509 ; 4.94339 ; 5.25231
6.60043 ; 5.65388 ; 5.29513 ; 5.32554
4.69262 ; 6.14435 ; -5.22504 ; 5.17931
7.85424 ; 6.80356 ; -3.11543 ; 4.53528
6.17237 ; 2.84822 ; -5.84105 ; 2.85505
5.11288 ; 3.73083 ; -5.32561 ; -5.1035
5.40926 ; 5.434 ; 5.45399 ; 5.48733
3.5839 ; 5.28809 ; 3.03475 ; 5.63524
6.36911 ; 4.32461 ; 5.33164 ; -5.31973
5.03748 ; 5.72355 ; -5.36358 ; 5.32334
6.51616 ; 5.9226 ; 5.29941 ; 5.27484
5.70114 ; 5.38613 ; 5.47884 ; 5.46805
5.65393 ; 5.4682 ; 5.46441 ; 5.45639
6.68396 ; 4.04176 ; 5.22405 ; -5.21279
4.6078 ; 3.89868 ; -5.18848 ; -5.15613
5.18159 ; 4.88447 ; -5.44736 ; -5.40952
4.0161 ; 6.2576 ; 4.61435 ; -5.36111
8.20621 ; 6.53162 ; 3.37552 ; -4.81859
4.81835 ; 6.01799 ; -5.28086 ; 5.23394
6.61102 ; 4.09165 ; 5.24963 ; -5.23607
3.72374 ; 5.10388 ; -4.52974 ; 5.38186
5.69146 ; 5.3427 ; -5.47244 ; 5.46091
7.76931 ; 4.9845 ; 4.41825 ; -5.37297
6.86086 ; 8.04239 ; 5.01333 ; 2.11779
5.22947 ; 3.71693 ; -5.34672 ; -5.09748
6.21172 ; 6.45406 ; 5.48958 ; -4.36761
5.56182 ; 5.38964 ; 5.47708 ; 5.48267
4.59367 ; 3.89798 ; -5.18276 ; -5.15429
5.21222 ; 4.42865 ; -5.40547 ; -5.37154
7.18134 ; 6.55364 ; 4.93188 ; 4.93086
6.21254 ; 4.55491 ; 5.38157 ; -5.36881
6.70449 ; 5.5766 ; -5.34416 ; -5.63887
5.87167 ; 4.7602 ; 5.45255 ; -5.43675
4.34686 ; 5.50293 ; -5.07514 ; 5.31063
4.70202 ; 3.88309 ; -5.22332 ; -5.15879
6.16267 ; 2.1482 ; -5.80911 ; -1.2749
4.99092 ; 2.51516 ; 5.57466 ; -3.37122
4.56294 ; 4.83673 ; -5.21456 ; -5.34639
6.77077 ; 3.93057 ; 5.18088 ; -5.16703
6.79509 ; 3.92709 ; 5.17228 ; -5.16238
4.84153 ; 4.15824 ; -5.29985 ; -5.26869
6.2849 ; 5.67267 ; 5.37504 ; 5.35317
8.53076 ; 5.14588 ; 2.54078 ; -5.62052
4.73844 ; 4.04014 ; -5.25321 ; -5.22123
6.51172 ; 5.88324 ; 5.30513 ; 5.28459
3.69394 ; 6.96319 ; -4.44598 ; 4.53855
6.83762 ; 6.24336 ; 5.15147 ; 5.13134
5.15854 ; 5.66459 ; -5.38638 ; 5.346
5.58543 ; 5.29817 ; -5.5711 ; -5.43855
5.4066 ; 7.142 ; -5.38672 ; 4.44211
6.50072 ; 4.2006 ; 5.28951 ; -5.27747
6.15195 ; 2.1313 ; 5.53003 ; -0.868425
6.24425 ; 4.49984 ; 5.37091 ; -5.35879
4.76414 ; 6.08988 ; -5.25606 ; 5.2066
4.98998 ; 4.75783 ; 5.30242 ; -5.52541
6.17776 ; 5.13635 ; 5.44557 ; 5.42175
5.10196 ; 5.96894 ; -5.34591 ; 5.27146
4.99037 ; 4.42912 ; -5.36948 ; -5.34816
6.63912 ; 5.73334 ; 5.27643 ; 5.30654
3.04701 ; 3.91321 ; -3.53404 ; -5.02462
5.3903 ; 5.73156 ; -5.40128 ; 5.35131
6.61428 ; 5.89301 ; -5.49826 ; -5.48975
7.1057 ; 6.64464 ; 4.96572 ; 4.88225
6.61081 ; 3.83252 ; 5.22573 ; -5.13712
4.57009 ; 2.80712 ; -5.06397 ; -4.28347
4.64762 ; 4.78999 ; 5.25134 ; 5.68777
3.73515 ; 7.0021 ; -4.48159 ; 4.50911
6.72985 ; 6.15151 ; 5.20359 ; 5.17901
4.7634 ; 6.06346 ; -5.25992 ; 5.21441
5.20472 ; 5.54186 ; -5.40564 ; 5.36919
6.70625 ; 3.9992 ; 5.21119 ; -5.1975
7.9835 ; 4.66292 ; -2.36427 ; -5.58178
4.6489 ; 2.19581 ; -5.09732 ; -2.98975
5.7627 ; 5.66853 ; -5.41385 ; 5.38855
5.38146 ; 4.46432 ; -5.42924 ; -5.39234
6.29648 ; 6.11807 ; -5.21617 ; 5.19783
4.9605 ; 5.8854 ; -5.3295 ; 5.2835
6.36452 ; 4.41491 ; 5.34438 ; -5.33264
4.99634 ; 4.26839 ; -5.3519 ; -5.31713
4.74367 ; 5.08118 ; -5.28249 ; 5.35052
6.81027 ; 3.47386 ; -4.94369 ; -4.84317
4.33958 ; 5.58638 ; -5.07111 ; 5.29768
3.08234 ; 3.79928 ; -3.61285 ; -4.95342
5.5761 ; 6.48868 ; -5.36613 ; 5.00899
6.56389 ; 4.1602 ; 5.26951 ; -5.25932
4.92438 ; 4.2424 ; -5.33314 ; -5.30192
3.14628 ; 3.50874 ; 1.78524 ; 5.26325
5.95233 ; 4.47736 ; 5.40505 ; -5.38335
6.33953 ; 4.36631 ; 5.34213 ; -5.32965
8.22828 ; 4.38636 ; -1.52918 ; 5.82623
5.84481 ; 7.58421 ; 5.68862 ; -1.25523
4.86032 ; 7.56386 ; 5.47627 ; 3.59789
7.14163 ; 5.58534 ; 5.02135 ; 5.29693
4.96444 ; 4.24399 ; -5.34215 ; -5.30778
4.85745 ; 4.12833 ; -5.29996 ; -5.2625
5.93784 ; 5.64241 ; 5.42137 ; 5.39124
4.6293 ; 6.19804 ; -5.19475 ; 5.15225
6.75065 ; 6.16794 ; 5.19396 ; 5.17043
6.72342 ; 7.47404 ; 5.10122 ; 4.03631
8.31881 ; 7.92954 ; -2.36342 ; 1.11706
5.5397 ; 2.62849 ; -5.46122 ; -3.97258
3.44034 ; 5.11369 ; 2.51305 ; 5.71954
6.28657 ; 4.429 ; 5.35729 ; -5.3448
6.31356 ; 5.53155 ; 5.38213 ; 5.36984
6.38498 ; 4.32352 ; 5.32925 ; -5.31737
5.73813 ; 6.71234 ; 5.37399 ; 4.8611
3.52883 ; 4.79857 ; 2.75947 ; -5.61717
8.61177 ; 7.561 ; -0.671546 ; 3.17422
5.85218 ; 3.95387 ; -5.69397 ; 5.07889
6.0662 ; 4.63671 ; 5.41203 ; -5.39732
5.22266 ; 5.61582 ; -5.39902 ; 5.36103
6.26357 ; 4.13883 ; 5.33307 ; -5.27704
5.18558 ; 4.71303 ; -5.43281 ; -5.40228
5.00332 ; 4.32606 ; -5.36111 ; -5.32912
5.83225 ; 4.761 ; -5.57623 ; 5.50507
5.05248 ; 4.42631 ; -5.38276 ; -5.35517
5.032 ; 5.84783 ; -5.34722 ; 5.29987
4.77524 ; 4.09521 ; -5.27216 ; -5.24171
4.36871 ; 5.86436 ; -5.085 ; 5.23621
7.63394 ; 7.43248 ; 4.40741 ; 3.98879
2.7731 ; 2.1017 ; -1.5396 ; -1.62844
7.37387 ; 4.92453 ; -4.13958 ; -5.66605
5.64529 ; 4.49905 ; -5.59783 ; 5.39509
6.72873 ; 4 ; 5.2043 ; -5.1943
5.71357 ; 4.53181 ; -5.45629 ; -5.43466
8.29707 ; 2.79706 ; -2.09605 ; -3.80838
5.28296 ; 5.69481 ; -5.39557 ; 5.3532
4.93351 ; 6.19097 ; -5.29137 ; 5.17899
5.78046 ; 6.77453 ; -5.76379 ; -3.97235
4.92041 ; 3.85268 ; -5.28894 ; -5.15962
5.86271 ; 4.8877 ; -5.5126 ; -5.51862
6.25927 ; 5.66624 ; 5.37867 ; 5.35672
6.45831 ; 4.27978 ; 5.3093 ; -5.29858
6.40013 ; 5.81553 ; 5.33975 ; 5.31416
4.34466 ; 5.94649 ; -5.06818 ; 5.2119
6.49693 ; 5.1279 ; 5.33304 ; -5.33046
6.20454 ; 5.47791 ; 5.40703 ; 5.38921
5.05638 ; 5.85142 ; -5.34983 ; 5.30162
5.19024 ; 4.95451 ; 5.43939 ; -5.5464
8.6112 ; 5.03249 ; 1.58027 ; 5.67262
6.27621 ; 5.27953 ; -5.51895 ; -5.60221
6.09351 ; 5.58056 ; 5.41131 ; 5.38758
2.84117 ; 7.7015 ; -2.52121 ; 3.11548
2.95081 ; 4.50978 ; 0.335086 ; -5.46573
6.80549 ; 6.17937 ; 5.17173 ; 5.15945
6.71905 ; 6.01397 ; 5.22395 ; 5.22593
4.94513 ; 4.28635 ; -5.34393 ; -5.31349
5.03945 ; 5.8854 ; -5.34349 ; 5.29236
4.79597 ; 3.93097 ; 5.60265 ; 5.31981
5.58344 ; 6.09688 ; -5.37786 ; 5.22595
7.73061 ; 5.45826 ; -3.09524 ; 5.5449
5.66412 ; 6.16008 ; -5.68275 ; -4.97207
6.13365 ; 4.65222 ; 5.40484 ; -5.38917
4.80315 ; 6.02047 ; -5.27684 ; 5.2313
6.14502 ; 5.84132 ; -5.6714 ; -5.39957
5.15751 ; 5.72073 ; -5.37939 ; 5.3369
7.21075 ; 4.23631 ; 4.96367 ; -5.22352
6.85462 ; 2.65524 ; 5.04351 ; -4.05906
5.49365 ; 4.68143 ; -5.47013 ; -5.44414
6.57584 ; 4.19951 ; 5.27252 ; -5.26505
5.16607 ; 5.65326 ; 5.59766 ; -5.48346
6.49063 ; 5.91853 ; 5.30598 ; 5.27882
5.97748 ; 5.53384 ; 5.43292 ; 5.40943
5.90384 ; 3.26442 ; 5.36471 ; -4.74446
6.68977 ; 4.03241 ; 5.22107 ; -5.2098
5.01408 ; 4.31943 ; -5.36209 ; -5.32939
5.30009 ; 4.80728 ; 5.43632 ; -5.50996
5.69876 ; 4.97625 ; -5.53141 ; -5.49469
4.47686 ; 6.96598 ; -5.0479 ; 4.63783
5.60925 ; 7.96659 ; 5.71603 ; 1.70817
4.81418 ; 3.61988 ; 5.679 ; 4.9254
6.3851 ; 4.37647 ; 5.33639 ; -5.32471
5.65498 ; 5.21314 ; -5.56862 ; -5.48693
7.80986 ; 5.17863 ; -2.90277 ; 5.66828
5.72616 ; 5.56781 ; -5.62687 ; -5.42336
5.57369 ; 5.59686 ; 5.43984 ; 5.43058
6.54072 ; 6.02819 ; 5.2787 ; 5.24337
5.16722 ; 6.121 ; -5.34383 ; 5.21678
5.19791 ; 6.16734 ; -5.34502 ; 5.19723
2.84655 ; 5.60702 ; -2.67316 ; 5.39893
6.4248 ; 4.33117 ; 5.32369 ; -5.31254
6.50687 ; 3.03788 ; -5.27972 ; -4.42975
4.46828 ; 4.8061 ; 5.04615 ; 5.71105
5.45503 ; 5.61827 ; -5.42025 ; 5.38248
6.57402 ; 4.16437 ; 5.26864 ; -5.25839
6.37488 ; 5.9843 ; 5.32338 ; 5.27273
8.65721 ; 4.1796 ; 1.22216 ; -5.26216
5.73119 ; 6.66732 ; -5.37201 ; 4.87053
6.08039 ; 4.26288 ; -5.36454 ; -5.36042
6.18456 ; 5.62416 ; 5.39385 ; 5.37062
8.23426 ; 2.81016 ; -2.32836 ; -3.83965
5.25734 ; 5.5773 ; -5.40722 ; 5.37051
6.57056 ; 4.16822 ; 5.26962 ; -5.2594
5.17034 ; 4.52728 ; -5.41087 ; -5.38221
5.75712 ; 5.46267 ; 5.4641 ; 5.4472
6.44227 ; 5.85718 ; 5.32543 ; 5.29949
3.0412 ; 7.47404 ; 1.71426 ; -2.91936
4.70469 ; 4.51182 ; -5.27686 ; -5.32975
5.15839 ; 3.51029 ; -5.32457 ; -4.96732
5.33675 ; 4.7975 ; -5.46887 ; -5.43121
6.09947 ; 5.74127 ; 5.39115 ; 5.35644
4.98032 ; 6.31382 ; 5.57533 ; -4.99639
6.21964 ; 5.74571 ; 5.37554 ; 5.34735
4.78702 ; 6.00703 ; -5.27419 ; 5.23222
7.21172 ; 2.07758 ; 4.74069 ; -2.4433
8.54646 ; 5.03499 ; 2.49588 ; -5.60217
6.59765 ; 4.12708 ; 5.25825 ; -5.24745
6.32151 ; 4.38846 ; 5.3476 ; -5.33483
5.14043 ; 4.35457 ; -5.38959 ; -5.35228
5.54462 ; 4.7296 ; 5.45693 ; -5.47058
3.03828 ; 2.17253 ; 2.13375 ; -0.41939
6.69073 ; 5.65447 ; 5.26041 ; 5.31745
8.52527 ; 4.33713 ; 0.101803 ; -5.38398
4.81827 ; 5.09915 ; -5.31363 ; 5.36294
6.60096 ; 4.17782 ; 5.26394 ; -5.25745
5.70545 ; 5.59066 ; 5.44383 ; 5.42323
6.73114 ; 3.9793 ; 5.20052 ; -5.18803
6.51583 ; 5.99602 ; 5.28896 ; 5.25541
4.84763 ; 4.69835 ; 5.19306 ; -5.51807
2.86267 ; 3.64177 ; -2.98615 ; -4.82122
5.52597 ; 7.84178 ; 5.65609 ; 2.8348
5.03271 ; 4.04042 ; -5.4223 ; 4.937
6.83595 ; 3.89057 ; 5.15339 ; -5.14561
5.47494 ; 6.18841 ; -5.63174 ; -4.88011
6.33433 ; 5.77945 ; 5.35626 ; 5.33009
6.48146 ; 5.94023 ; 5.30495 ; 5.27514
4.87306 ; 5.97887 ; -5.29862 ; 5.25012
5.60033 ; 6.91961 ; -5.39111 ; 4.66086
7.13023 ; 6.0372 ; 5.01544 ; 5.17866
6.00922 ; 5.37123 ; 5.45235 ; 5.43062
5.81084 ; 5.98788 ; -5.69177 ; -5.19255
5.96019 ; 3.32213 ; 5.3549 ; -4.79759
6.29872 ; 5.5375 ; 5.38402 ; 5.37064
4.21384 ; 6.06191 ; -4.98354 ; 5.1664
6.47745 ; 6.46304 ; -4.80892 ; 4.96915
6.35849 ; 5.91402 ; 5.33471 ; 5.29525
5.20345 ; 7.93163 ; 5.75926 ; 2.07517
2.85367 ; 3.4493 ; -2.94159 ; -4.65423
5.87555 ; 4.73028 ; 5.44791 ; -5.43267
6.53553 ; 5.92457 ; 5.29428 ; 5.27196
4.83018 ; 6.02226 ; -5.28232 ; 5.23445
6.06688 ; 3.44961 ; -5.35558 ; -4.88192
8.27959 ; 5.55636 ; 3.41614 ; -5.50801
6.67249 ; 4.69609 ; 5.26161 ; -5.33346
4.93227 ; 5.86969 ; -5.32571 ; 5.2836
5.8584 ; 5.0435 ; -5.52312 ; 5.51775
6.00957 ; 4.41008 ; -5.63304 ; 5.45046
4.99295 ; 4.28667 ; -5.35361 ; -5.32012
6.21534 ; 4.53182 ; 5.37821 ; -5.36624
6.81592 ; 6.2246 ; 5.16244 ; 5.14137
5.79378 ; 4.90669 ; -5.51943 ; -5.51114
6.01293 ; 6.22559 ; 5.36273 ; 5.183
6.58764 ; 6.01387 ; 5.26854 ; 5.24184
4.94013 ; 5.82373 ; -5.33312 ; 5.29386
6.38482 ; 5.1003 ; -5.42835 ; -5.61267
4.9922 ; 5.98676 ; -5.3232 ; 5.25883
8.61449 ; 4.6387 ; 1.27784 ; -5.52232
5.00574 ; 5.86155 ; -5.34108 ; 5.29421
6.25622 ; 4.4529 ; 5.36378 ; -5.35176
5.45123 ; 4.45417 ; -5.43454 ; -5.39586
4.75127 ; 4.05915 ; -5.25947 ; -5.22838
5.57257 ; 5.65065 ; -5.42135 ; 5.38285
5.34994 ; 4.45386 ; -5.42467 ; -5.38794
6.62139 ; 4.07904 ; 5.24542 ; -5.23155
3.69278 ; 7.66602 ; -4.18438 ; -1.75543
6.0328 ; 6.03278 ; 5.37312 ; 5.26904
7.97667 ; 2.07773 ; 3.79832 ; -2.33519
5.89449 ; 6.16248 ; -5.72294 ; -5.04379
4.06312 ; 3.51636 ; -4.82696 ; -4.88703
7.85542 ; 4.83985 ; 4.32602 ; -5.37109
6.80173 ; 4.88253 ; 5.2016 ; -5.32687
4.93908 ; 4.03819 ; -5.31178 ; -5.24048
6.14762 ; 3.79307 ; 5.32985 ; -5.12568
5.34235 ; 5.32604 ; -5.4519 ; 5.41466
5.34004 ; 3.63627 ; -5.35995 ; -5.04912
6.0949 ; 6.00424 ; -5.70327 ; -5.26458
4.13475 ; 4.67352 ; 4.56412 ; 5.75978
6.06351 ; 5.46811 ; -5.61005 ; -5.53533
6.55813 ; 5.98582 ; 5.27989 ; 5.25242
7.07888 ; 5.94606 ; -5.02469 ; -5.56457
5.26249 ; 4.93441 ; -5.47257 ; 5.40789
5.68507 ; 5.28856 ; 5.49621 ; 5.48613
5.08246 ; 5.24887 ; 5.40784 ; 5.56529
4.95949 ; 5.81289 ; -5.33844 ; 5.29821
8.54394 ; 5.29626 ; 2.36429 ; -5.65624
7.69078 ; 4.83439 ; -3.39981 ; 5.76314
6.21768 ; 5.54743 ; -5.5982 ; -5.54929
6.00409 ; 5.53465 ; 5.42978 ; 5.40617
6.70286 ; 4.55162 ; -5.05892 ; -5.49789
4.55041 ; 5.83576 ; -5.18467 ; 5.25749
2.85076 ; 5.55761 ; -0.639312 ; -5.77699
5.4566 ; 5.37878 ; 5.57721 ; -5.49397
6.74395 ; 3.99123 ; 5.19829 ; -5.1895
6.46948 ; 4.70679 ; -5.42696 ; 5.62292
5.82549 ; 5.142 ; -5.50598 ; 5.50525
6.32293 ; 4.45708 ; 5.3555 ; -5.34328
3.39174 ; 3.59625 ; -3.8136 ; 4.82916
5.01483 ; 4.58205 ; -5.38747 ; -5.37093
3.2273 ; 6.67846 ; 2.12978 ; 4.67615
6.99018 ; 4.87555 ; -4.8081 ; -5.62695
7.20694 ; 7.77661 ; -5.09111 ; 2.51958
6.13376 ; 5.65429 ; 5.39653 ; 5.37151
5.49609 ; 5.05037 ; 5.5152 ; -5.51174
6.43415 ; 4.02995 ; 5.28798 ; -5.22969
5.01938 ; 4.08717 ; -5.33645 ; -5.26459
6.66566 ; 4.06244 ; 5.23133 ; -5.22051
6.70767 ; 4.02538 ; 5.21475 ; -5.20488
4.82902 ; 5.98033 ; -5.28851 ; 5.2436
4.88493 ; 5.97117 ; -5.30205 ; 5.2532
6.41693 ; 5.93897 ; 5.31963 ; 5.28277
6.18312 ; 5.10017 ; 5.44718 ; 5.42113
4.71845 ; 4.31468 ; -5.27135 ; -5.29412
4.91147 ; 2.09203 ; -5.28428 ; -2.28313
2.84776 ; 5.01723 ; -2.36504 ; 5.6387
6.01245 ; 4.89808 ; 5.45513 ; -5.42019
4.56282 ; 6.2639 ; -5.15995 ; 5.1198
7.65349 ; 5.26388 ; -3.55368 ; -5.76476
2.87098 ; 3.06461 ; -2.93198 ; -4.25259
3.51772 ; 6.48562 ; 2.94699 ; 4.88435
5.77523 ; 5.16289 ; 5.51097 ; 5.48746
6.33067 ; 4.23823 ; 5.32939 ; -5.30377
5.01634 ; 4.57289 ; -5.38719 ; -5.37062
6.28585 ; 5.72574 ; 5.36923 ; 5.34485
4.78955 ; 6.22081 ; -5.24892 ; 5.15688
4.94977 ; 6.10169 ; -5.30331 ; 5.21712
6.67094 ; 4.07171 ; 5.23166 ; -5.22172
4.90505 ; 5.91399 ; -5.31471 ; 5.26974
2.93897 ; 2.74115 ; -2.1455 ; 3.50574
4.8174 ; 4.33674 ; -5.31023 ; -5.30988
3.60209 ; 4.57838 ; -4.44204 ; -5.30794
6.30685 ; 5.61931 ; 5.37674 ; 5.359
6.1822 ; 3.91235 ; 5.33071 ; -5.18625
5.60729 ; 4.71319 ; 5.60042 ; 5.50792
7.21846 ; 3.21347 ; 4.68742 ; 3.97413
6.17132 ; 6.43233 ; -5.76414 ; -4.77662
7.55779 ; 6.39978 ; 4.66531 ; 4.96915
4.67385 ; 5.0176 ; 5.20279 ; 5.65873
6.53315 ; 6.07139 ; 5.27558 ; 5.23023
4.70362 ; 4.01307 ; -5.239 ; -5.20852
5.70388 ; 5.67417 ; -5.41715 ; 5.38381
4.82315 ; 6.0134 ; -5.28208 ; 5.23499
6.48346 ; 4.272 ; 5.30347 ; -5.29305
4.63606 ; 5.22259 ; 5.10008 ; 5.61374
4.85461 ; 5.97855 ; -5.29481 ; 5.2477
2.82164 ; 5.54068 ; -2.47489 ; 5.43992
5.36106 ; 4.84499 ; 5.45725 ; -5.51004
5.66613 ; 5.11413 ; 5.52652 ; -5.48121
5.36304 ; 6.04002 ; -5.3727 ; 5.25246
7.65332 ; 4.73691 ; 4.53967 ; 5.37435
5.47461 ; 4.80192 ; -5.48695 ; -5.45441
2.81481 ; 5.99333 ; -2.62915 ; 5.18515
4.58458 ; 6.23516 ; -5.17229 ; 5.13311
4.24126 ; 8.07426 ; -4.79599 ; 1.57949
6.7844 ; 6.19351 ; 5.17798 ; 5.15669
6.88954 ; 6.29547 ; 5.12285 ; 5.10404
5.02317 ; 4.26897 ; -5.35727 ; -5.32033
6.26414 ; 5.7336 ; 5.37078 ; 5.34586
4.90293 ; 5.87453 ; -5.31965 ; 5.2792
3.25732 ; 6.50089 ; 2.12038 ; 4.85172
4.92325 ; 4.64265 ; -5.36491 ; -5.36722
5.59713 ; 5.18753 ; 5.54221 ; -5.4895
5.4559 ; 4.86588 ; -5.49448 ; -5.45493
5.85881 ; 4.62744 ; -5.599 ; 5.48744
6.11136 ; 4.89923 ; 5.4386 ; -5.40287
2.76224 ; 4.12596 ; -0.811289 ; -5.2052
6.34432 ; 5.77376 ; 5.35582 ; 5.32974
4.92993 ; 4.26237 ; -5.33732 ; -5.30674
7.6733 ; 2.5876 ; -4.09628 ; -3.47554
6.66359 ; 6.06632 ; 5.23788 ; 5.21672
6.59189 ; 3.93165 ; 5.23925 ; -5.18241
5.95468 ; 5.40239 ; 5.52145 ; -5.37311
7.55541 ; 3.90952 ; 4.55322 ; 4.954
5.66319 ; 3.79224 ; 5.70539 ; 4.87838
6.41104 ; 4.32053 ; 5.32461 ; -5.31302
4.81067 ; 6.85259 ; -5.2095 ; 4.75432
6.42105 ; 5.82377 ; 5.33452 ; 5.30977
6.19755 ; 4.60288 ; 5.38937 ; -5.37538
4.05109 ; 2.52536 ; 4.74697 ; -3.31279
6.18313 ; 7.93081 ; -5.82247 ; 1.15768
4.67506 ; 6.14551 ; -5.21918 ; 5.17703
4.86983 ; 5.95931 ; -5.30052 ; 5.25389
4.65931 ; 3.96092 ; -5.21629 ; -5.18523
5.13129 ; 4.45945 ; -5.3992 ; -5.3689
3.24898 ; 6.20515 ; 1.9274 ; 5.09968
5.60059 ; 2.66222 ; 5.49887 ; -3.95698
4.01413 ; 5.43524 ; 4.05171 ; 5.57096
5.93128 ; 2.34348 ; -5.62013 ; -3.2142
5.47074 ; 4.96103 ; -5.5106 ; -5.45903
4.80095 ; 6.04955 ; -5.27165 ; 5.22341
6.7776 ; 3.94902 ; 5.18143 ; -5.17168
6.20921 ; 6.62586 ; 5.49415 ; -4.08907
5.18716 ; 4.54981 ; -5.41489 ; -5.38628
5.15523 ; 4.59246 ; -5.41501 ; -5.38686
7.94708 ; 6.49269 ; 4.23023 ; 4.863
8.24821 ; 5.8821 ; 3.41809 ; -5.39621
3.55201 ; 3.59476 ; -4.35054 ; -4.86527
5.77348 ; 6.55013 ; 5.36788 ; 4.98374
8.30663 ; 5.09348 ; 3.45427 ; -5.51517
4.91333 ; 5.82742 ; -5.32683 ; 5.28992
3.88294 ; 5.53989 ; -4.72303 ; 5.30253
8.33714 ; 3.73414 ; -1.20257 ; 5.52479
6.81923 ; 3.89981 ; 5.16097 ; -5.15103
4.86168 ; 6.30595 ; -5.26221 ; 5.12065
5.10784 ; 7.95755 ; -5.41359 ; 2.47596
5.68397 ; 4.95213 ; -5.52673 ; -5.49779
6.67975 ; 6.09754 ; 5.22845 ; 5.20491
5.05338 ; 5.77681 ; -5.35939 ; 5.31664
6.81528 ; 4.6379 ; 5.19691 ; 5.28446
5.60067 ; 5.35685 ; -5.46837 ; 5.4479
5.81575 ; 5.05195 ; 5.52478 ; 5.4844
6.87357 ; 4.21695 ; 5.15815 ; -5.2412
3.17628 ; 7.59347 ; 2.63251 ; 3.17163
2.77327 ; 3.05703 ; 0.263887 ; -4.14774
6.78689 ; 3.90123 ; 5.17191 ; -5.15509
2.93734 ; 7.26261 ; -2.28285 ; -3.63933
6.16946 ; 4.87787 ; 5.42409 ; -5.39377
6.58822 ; 6.05239 ; 5.26291 ; 5.23075
3.15547 ; 2.19761 ; 2.69045 ; 0.274117
4.90796 ; 6.25933 ; 5.14934 ; 5.13349
5.08024 ; 5.71464 ; -5.37098 ; 5.32941
5.09581 ; 3.69282 ; 5.23295 ; -5.02001
4.84866 ; 6.04764 ; 5.12579 ; 5.25589
4.86279 ; 4.17863 ; -5.30869 ; -5.27722
5.85854 ; 6.76045 ; -5.37425 ; 4.78365
5.37034 ; 5.75482 ; -5.56768 ; -5.24078
5.692 ; 5.49689 ; 5.45971 ; 5.44655
4.91869 ; 6.03123 ; -5.30298 ; 5.24002
6.36922 ; 2.66802 ; 5.2845 ; -4.06542
6.06791 ; 4.8683 ; 5.44242 ; -5.41115
2.9002 ; 2.09976 ; -1.29857 ; 0.0988958
3.31205 ; 3.42394 ; 2.64083 ; 5.09467
5.29228 ; 5.65462 ; -5.4012 ; 5.36148
5.2774 ; 4.51664 ; -5.42343 ; -5.39209
8.20845 ; 4.49017 ; -1.3372 ; 5.81871
6.05311 ; 5.73669 ; 5.3969 ; 5.36059
7.55024 ; 3.89474 ; 4.68479 ; -5.07411
6.84388 ; 5.82063 ; 5.1837 ; 5.26679
4.86357 ; 6.18513 ; 5.61038 ; -5.18835
4.91706 ; 5.87101 ; -5.32259 ; 5.28161
5.55079 ; 4.91693 ; 5.49234 ; -5.49543
6.65659 ; 4.1624 ; 5.24562 ; -5.24764
6.42813 ; 4.36992 ; 5.32761 ; -5.3177
4.87848 ; 4.05969 ; -5.29762 ; -5.24289
4.21891 ; 6.01598 ; -4.98864 ; 5.182
4.86467 ; 6.00384 ; -5.29328 ; 5.24295
6.76931 ; 3.95117 ; 5.18391 ; -5.17329
4.74401 ; 6.10307 ; -5.24814 ; 5.19956
4.89685 ; 3.09814 ; 5.24402 ; -4.46835
3.54749 ; 6.7246 ; -4.31886 ; 4.71957
5.29587 ; 3.06794 ; -5.35405 ; -4.58629
5.0815 ; 4.38077 ; -5.38299 ; -5.35043
6.49392 ; 4.25504 ; 5.29884 ; -5.28832
4.64767 ; 4.38395 ; -5.22057 ; 5.15912
4.79977 ; 5.40702 ; -5.32759 ; -5.29249
6.59562 ; 4.13504 ; 5.2598 ; -5.24909
6.7708 ; 3.94714 ; 5.18298 ; -5.17227
6.22806 ; 4.36952 ; 5.35857 ; -5.34137
6.30721 ; 5.79205 ; 5.35836 ; 5.33066
5.39229 ; 5.06993 ; -5.48906 ; 5.4358
6.35144 ; 5.57037 ; -5.55967 ; -5.57069
5.86054 ; 4.15212 ; 5.61887 ; 5.1911
7.41928 ; 3.24386 ; 4.72481 ; -4.67982
6.77005 ; 6.03805 ; 5.20142 ; 5.21291
6.22238 ; 3.21087 ; 5.30908 ; -4.71509
6.57719 ; 5.99743 ; 5.27367 ; 5.24715
5.11159 ; 5.64884 ; -5.38245 ; 5.34334
6.37862 ; 4.81086 ; -5.44795 ; 5.61129
5.37114 ; 5.47482 ; -5.4337 ; 5.40115
5.24877 ; 4.75717 ; -5.44945 ; -5.41484
6.32516 ; 5.92133 ; 5.34009 ; 5.296
2.8711 ; 7.68239 ; -2.65434 ; 3.18544
7.49258 ; 5.76952 ; 4.75849 ; 5.23954
5.04391 ; 4.50569 ; -5.38826 ; -5.36558
4.29883 ; 5.15669 ; 4.71714 ; -5.67714
6.01152 ; 7.29249 ; -5.46544 ; 4.16438
4.779 ; 6.04845 ; -5.26604 ; 5.22047
6.48707 ; 3.99256 ; 5.27216 ; -5.21269
4.99855 ; 4.18182 ; -5.34204 ; -5.29424
5.46737 ; 4.79953 ; -5.53142 ; 5.43126
6.55296 ; 5.72377 ; 5.30705 ; 5.31602
5.66349 ; 5.03582 ; -5.52428 ; 5.48374
5.00171 ; 5.86004 ; -5.34099 ; 5.29391
5.52052 ; 4.75501 ; -5.48372 ; -5.45702
4.79165 ; 2.94817 ; -5.18186 ; -4.46154
6.57797 ; 4.15867 ; 5.26715 ; -5.25693
6.13206 ; 5.48986 ; 5.41731 ; 5.3975
6.80168 ; 5.04373 ; -5.04107 ; 5.63962
6.77947 ; 6.12915 ; 5.18771 ; 5.18105
5.0382 ; 5.22405 ; -5.39125 ; 5.38037
4.49182 ; 4.40845 ; -5.16935 ; -5.2914
6.04641 ; 2.93262 ; -5.44468 ; -4.35778
6.66618 ; 3.55959 ; 5.26334 ; 4.32709
5.4061 ; 5.15522 ; -5.4816 ; 5.43634
4.47898 ; 6.62894 ; -5.08292 ; 4.90947
7.48864 ; 7.03524 ; -4.0967 ; 4.29807
5.65492 ; 5.50966 ; -5.44437 ; 5.42443
7.8471 ; 6.17027 ; -2.82097 ; 5.11052
7.05098 ; 4.33307 ; 5.0654 ; -5.25512
6.80486 ; 3.91506 ; 5.16737 ; -5.15742
5.71901 ; 4.56903 ; -5.59884 ; 5.43841
6.62108 ; 4.2442 ; 5.26357 ; -5.27003
6.38606 ; 5.85486 ; 5.33693 ; 5.3071
5.40932 ; 5.74461 ; -5.57849 ; -5.25733
6.39999 ; 4.35884 ; 5.33159 ; -5.3201
5.21183 ; 4.03678 ; -5.36942 ; -5.25539
8.57503 ; 5.64064 ; 1.37109 ; -5.73444
6.39168 ; 5.89748 ; 5.33022 ; 5.29629
5.88037 ; 4.18431 ; 5.6106 ; 5.21129
6.55308 ; 5.87123 ; 5.29489 ; 5.28303
3.96439 ; 6.73263 ; -4.73619 ; 4.77678
4.18811 ; 7.82083 ; 5.15909 ; 2.53321
6.44319 ; 5.87933 ; 5.32221 ; 5.29443
4.67941 ; 6.13907 ; -5.22138 ; 5.17935
5.29726 ; 7.86062 ; -5.57403 ; 0.0555786
5.45941 ; 4.87334 ; -5.49581 ; -5.4553
6.47063 ; 4.23476 ; 5.30019 ; -5.28827
4.68475 ; 3.98293 ; -5.22839 ; -5.19632
3.28568 ; 7.88533 ; 3.24433 ; -0.231569
5.77753 ; 5.54185 ; 5.45035 ; 5.42876
5.53977 ; 2.72512 ; -5.44415 ; -4.13116
5.03749 ; 5.33987 ; -5.38604 ; 5.37383
6.25558 ; 5.72962 ; 5.44544 ; -5.16208
6.06408 ; 4.52118 ; 5.39761 ; -5.38211
5.48098 ; 4.83569 ; -5.52992 ; 5.43945
3.43709 ; 4.70881 ; -4.21462 ; -5.35438
2.81045 ; 5.2204 ; -2.12775 ; 5.59251
5.28513 ; 5.61548 ; -5.40543 ; 5.36734
4.38307 ; 2.03564 ; -4.89602 ; -1.97913
8.00683 ; 2.37285 ; 3.86561 ; -3.33691
6.41968 ; 6.14401 ; 5.29685 ; 5.20969
5.67775 ; 5.09619 ; 5.52315 ; -5.48032
5.83145 ; 5.00651 ; 5.49464 ; -5.45319
6.04627 ; 5.41535 ; -5.41762 ; 5.48008
4.22158 ; 3.96191 ; -4.98687 ; -5.13699
6.82645 ; 3.50738 ; -5.47736 ; 4.81017
6.51406 ; 4.20971 ; 5.28871 ; -5.27689
3.98543 ; 7.13549 ; 4.36974 ; 4.20912
5.36061 ; 2.52601 ; -5.60898 ; 1.42715
5.0034 ; 5.78526 ; -5.3506 ; 5.30892
5.59382 ; 3.50947 ; -5.67561 ; 4.34319
5.976 ; 5.27519 ; -5.46248 ; 5.50487
5.81762 ; 5.0901 ; 5.51889 ; 5.48343
6.00509 ; 5.11789 ; -5.49135 ; 5.53322
3.24223 ; 5.49911 ; 1.87363 ; -5.80402
6.27588 ; 5.16443 ; 5.4135 ; -5.35832
6.31053 ; 4.37913 ; 5.3476 ; -5.33545
7.11638 ; 4.90449 ; -4.62136 ; -5.64395
4.34029 ; 6.39217 ; -5.0349 ; 5.03691
4.94436 ; 5.77226 ; 5.21038 ; 5.392
6.08116 ; 6.81723 ; -5.8137 ; -3.98658
6.36465 ; 4.4491 ; 5.34781 ; -5.33679
5.34176 ; 4.53073 ; -5.433 ; -5.40132
5.77709 ; 5.07285 ; 5.52509 ; 5.48994
5.28211 ; 4.32142 ; 5.66469 ; 5.4636
5.30343 ; 5.21098 ; -5.45851 ; 5.41774
6.38258 ; 4.33666 ; 5.33144 ; -5.31937
6.35741 ; 5.79661 ; 5.3506 ; 5.32383
5.26285 ; 5.0778 ; -5.46186 ; 5.41425
3.28108 ; 2.29616 ; -3.60677 ; -3.07263
5.15075 ; 5.04494 ; 5.44853 ; -5.562
5.6753 ; 3.55507 ; -5.69642 ; 4.45133
5.21339 ; 4.47907 ; -5.41102 ; -5.37971
7.36356 ; 7.46423 ; 4.59627 ; -2.18563
5.91323 ; 4.89299 ; 5.53006 ; 5.46253
6.68133 ; 6.06905 ; 5.23166 ; 5.21368
6.3368 ; 4.35514 ; 5.34088 ; -5.32913
6.52636 ; 6.05455 ; 5.27911 ; 5.2364
8.40977 ; 6.5522 ; 2.6698 ; -4.95928
5.07566 ; 4.26445 ; -5.36718 ; -5.32453
4.44083 ; 3.44019 ; 5.43974 ; 4.75135
6.67911 ; 4.04538 ; 5.22548 ; -5.21438
5.45982 ; 4.65887 ; -5.46418 ; -5.43668
5.20265 ; 4.43318 ; -5.40533 ; -5.37133
7.28599 ; 6.1229 ; -4.10642 ; 5.16541
5.5064 ; 5.00393 ; -5.51432 ; 5.45547
6.58767 ; 8.02767 ; 5.2137 ; 2.05366
4.96538 ; 5.9043 ; -5.32786 ; 5.2798
5.04641 ; 5.83823 ; -5.35011 ; 5.30321
4.97133 ; 5.17624 ; 5.37396 ; 5.59302
5.77923 ; 4.84263 ; -5.50811 ; -5.50258
6.60763 ; 4.07615 ; 5.24828 ; -5.23262
6.49202 ; 4.23038 ; 5.29556 ; -5.28415
5.188 ; 5.6752 ; -5.3878 ; 5.34736
5.6331 ; 6.6857 ; 5.72333 ; -4.10621
6.49993 ; 4.21757 ; 5.29221 ; -5.28045
6.34225 ; 4.36212 ; 5.34143 ; -5.3291
3.60369 ; 4.86056 ; -4.35798 ; 5.41
6.50099 ; 4.24858 ; 5.29674 ; -5.28616
5.10761 ; 2.08114 ; -5.42367 ; -1.56619
6.58958 ; 6.28063 ; 5.23624 ; 5.13634
5.97591 ; 4.38972 ; 5.56433 ; 5.31138
6.17855 ; 5.65294 ; 5.39116 ; 5.36748
5.09978 ; 5.74862 ; -5.36934 ; 5.32705
6.28582 ; 5.66494 ; 5.37575 ; 5.35383
5.03145 ; 5.77829 ; -5.35627 ; 5.31381
5.69816 ; 5.43476 ; -5.60524 ; -5.45792
6.38695 ; 5.85572 ; 5.33698 ; 5.30714
6.58596 ; 2.46495 ; 5.19514 ; -3.71139
6.9401 ; 6.27754 ; 5.10104 ; 5.10574
5.1745 ; 4.37187 ; 5.32015 ; -5.38385
4.23871 ; 3.93799 ; 5.02013 ; 5.48092
7.91679 ; 7.48949 ; 4.05159 ; 3.82382
6.55271 ; 4.17946 ; 5.27478 ; -5.26453
5.51242 ; 2.65047 ; 5.50832 ; -3.9212
6.14506 ; 5.61436 ; 5.40005 ; 5.37648
6.48308 ; 5.14248 ; 5.34993 ; 5.38067
2.73079 ; 2.14426 ; -0.220229 ; -1.54897
6.29669 ; 4.39448 ; 5.3513 ; -5.33883
6.15835 ; 6.60267 ; 5.32109 ; 4.95788
6.66022 ; 3.98067 ; 5.22323 ; -5.19631
6.90069 ; 3.81996 ; 5.11693 ; -5.10914
5.48314 ; 5.36955 ; -5.45935 ; 5.43131
2.81498 ; 2.18346 ; -2.05397 ; -2.19071
6.30109 ; 5.82342 ; 5.35543 ; 5.32418
6.52411 ; 5.01705 ; -5.30303 ; 5.61438
4.35756 ; 4.89702 ; 4.86287 ; 5.71419
6.19927 ; 4.4066 ; -5.60739 ; 5.50134
5.54952 ; 4.63086 ; 5.4389 ; -5.4495
2.89912 ; 5.77726 ; -2.49652 ; -5.61149
6.2368 ; 5.60459 ; 5.38831 ; 5.36804
6.05451 ; 6.9928 ; -5.82892 ; -3.51218
5.35612 ; 4.80987 ; -5.47319 ; -5.43494
5.07984 ; 5.7261 ; -5.36963 ; 5.32793
5.23848 ; 2.17256 ; 5.83618 ; -0.865024
3.192 ; 5.63009 ; 1.66619 ; -5.80239
4.72713 ; 3.79506 ; -5.2241 ; -5.12033
5.97652 ; 5.42457 ; -5.61122 ; -5.52583
6.28772 ; 5.38172 ; 5.39854 ; 5.38955
5.15041 ; 6.02646 ; -5.34873 ; 5.25366
6.44658 ; 4.30196 ; 5.3152 ; -5.30435
5.62125 ; 6.18527 ; -5.67461 ; -4.92728
8.28972 ; 7.76252 ; 3.26611 ; 3.0942
6.9417 ; 5.99129 ; 5.12431 ; 5.20974
5.52615 ; 4.51378 ; -5.57344 ; 5.37057
6.55832 ; 5.99688 ; 5.27829 ; 5.24988
6.4913 ; 5.97754 ; 5.29746 ; 5.26379
4.80252 ; 4.09175 ; -5.27936 ; -5.24507
4.83297 ; 6.621 ; -5.2311 ; 4.93368
4.90549 ; 4.19443 ; -5.32187 ; -5.28754
4.53241 ; 6.28567 ; -5.14457 ; 5.10782
3.6543 ; 5.10045 ; 3.23198 ; 5.7163
5.98192 ; 5.4184 ; -5.43136 ; 5.47421
5.91504 ; 4.8824 ; 5.46518 ; -5.43801
3.51253 ; 3.6735 ; 3.32285 ; 5.39639
5.29842 ; 4.79785 ; -5.46323 ; -5.42466
5.02295 ; 4.61645 ; -5.39123 ; -5.37438
2.85192 ; 5.85753 ; -0.601836 ; -5.73632
3.94015 ; 6.92958 ; -4.68556 ; 4.61179
6.11833 ; 5.42364 ; 5.47821 ; -5.32431
4.53677 ; 3.85325 ; -5.15228 ; -5.12974
6.67331 ; 4.84738 ; 5.26149 ; -5.33614
6.25931 ; 5.92504 ; 5.35154 ; 5.29923
4.12998 ; 5.12617 ; 4.40871 ; -5.68791
5.03373 ; 5.14902 ; 5.41255 ; 5.5918
5.22268 ; 4.39275 ; -5.40295 ; -5.36606
6.52892 ; 4.24005 ; 5.28943 ; -5.28038
5.06098 ; 4.31079 ; -5.37001 ; -5.33369
6.58206 ; 4.12614 ; 5.26127 ; -5.24954
4.99633 ; 3.68349 ; -5.29511 ; -5.07399
7.98856 ; 5.07713 ; -2.40019 ; -5.74036
3.6445 ; 2.15886 ; -4.04027 ; 0.63562
7.64345 ; 4.75527 ; -3.44015 ; -5.61679
3.31333 ; 4.11762 ; -4.05227 ; -5.14277
5.65382 ; 5.17319 ; -5.5625 ; -5.49054
5.75781 ; 5.48722 ; -5.44517 ; 5.43845
6.05967 ; 3.4377 ; -5.77386 ; 4.38164
5.576 ; 2.24857 ; 5.64636 ; -2.81085
5.35594 ; 5.57254 ; -5.41825 ; 5.38227
5.78209 ; 5.14333 ; -5.56279 ; -5.51781
4.7982 ; 4.11819 ; -5.28199 ; -5.25122
4.87784 ; 4.8911 ; 5.40047 ; 5.649
4.74375 ; 4.05981 ; -5.25764 ; -5.22732
3.96576 ; 5.2997 ; -4.78432 ; 5.34027
5.90959 ; 4.86472 ; -5.50417 ; -5.52185
5.76208 ; 5.24079 ; -5.57959 ; -5.50593
5.10756 ; 4.9876 ; -5.43491 ; -5.39799
3.932 ; 4.97688 ; -4.76416 ; -5.34668
4.81116 ; 4.12021 ; -5.28549 ; -5.25356
5.02957 ; 6.04978 ; -5.32487 ; 5.24034
5.03815 ; 5.83499 ; -5.34977 ; 5.30285
5.19961 ; 5.55283 ; -5.40402 ; 5.36753
5.36259 ; 4.30277 ; -5.40975 ; -5.35128
8.03163 ; 6.07439 ; 4.14131 ; 5.10107
5.46743 ; 4.74 ; -5.47693 ; -5.44795
7.16461 ; 2.55334 ; 4.82869 ; -3.87114
5.63247 ; 7.42733 ; 5.7682 ; -1.9435
8.60047 ; 4.82216 ; 1.0936 ; -5.60852
6.74662 ; 3.97812 ; 5.19561 ; -5.18545
4.60002 ; 4.62288 ; 5.25763 ; 5.69185
5.98572 ; 4.92771 ; 5.51125 ; 5.45104
5.80603 ; 3.49012 ; -5.73411 ; 4.38465
7.32321 ; 3.37853 ; 4.81634 ; -4.80043
8.56299 ; 4.81115 ; 2.31463 ; 5.67808
2.89355 ; 2.86483 ; 1.12372 ; -3.85589
4.90922 ; 4.2252 ; -5.32716 ; -5.29578
6.03856 ; 3.12528 ; -5.80622 ; 3.64419
5.36138 ; 4.74925 ; -5.46546 ; -5.433
4.96687 ; 4.28803 ; -5.34858 ; -5.3169
5.94807 ; 5.79627 ; 5.40004 ; 5.35017
6.43711 ; 4.3503 ; 5.32368 ; -5.31366
6.04774 ; 5.63825 ; 5.40962 ; 5.382
4.97556 ; 7.9901 ; -5.38007 ; 1.05487
4.73109 ; 4.03188 ; -5.25029 ; -5.21801
4.96474 ; 4.27461 ; -5.34634 ; -5.31428
5.088 ; 2.72073 ; -5.46145 ; 2.16667
5.0372 ; 5.87597 ; -5.34432 ; 5.29417
4.42234 ; 5.0566 ; 4.86467 ; -5.64718
6.57431 ; 4.13506 ; 5.26414 ; -5.25252
7.2247 ; 6.04382 ; 4.95492 ; 5.16789
5.87649 ; 7.97362 ; 5.6296 ; 1.46669
7.79767 ; 7.87688 ; -4.18537 ; 0.0184942
5.90919 ; 4.77663 ; -5.48743 ; -5.50773
6.84805 ; 3.86323 ; 5.14514 ; -5.13373
6.85575 ; 6.2745 ; 5.14026 ; 5.11687
4.90895 ; 5.8659 ; -5.32183 ; 5.28145
4.91278 ; 5.84939 ; -5.32438 ; 5.28524
4.76908 ; 4.83673 ; 5.34153 ; 5.66802
6.31257 ; 5.70311 ; 5.36852 ; 5.34549
6.63933 ; 4.08991 ; 5.24237 ; -5.23145
4.39564 ; 2.86426 ; -4.96535 ; -4.34254
5.15187 ; 4.51064 ; -5.4069 ; -5.37824
5.93806 ; 5.28456 ; 5.47447 ; 5.45154
4.68941 ; 3.99572 ; -5.23172 ; -5.201
6.69969 ; 5.27151 ; -5.25909 ; -5.666
5.55639 ; 5.19316 ; -5.55464 ; -5.46904
5.05606 ; 5.78851 ; -5.35818 ; 5.31504
3.1322 ; 2.30582 ; 2.45996 ; 1.28278
6.19405 ; 5.76016 ; 5.37726 ; 5.34642
6.56525 ; 4.14034 ; 5.26653 ; -5.25495
6.18451 ; 5.50851 ; 5.40687 ; 5.38803
4.94034 ; 5.99905 ; -5.31097 ; 5.25114
5.98275 ; 5.36121 ; -5.44295 ; 5.48755
5.20668 ; 2.77573 ; 5.86866 ; 2.61631
7.34506 ; 5.50518 ; -4.39995 ; -5.74647
5.16406 ; 4.76026 ; -5.4331 ; -5.40218
6.13029 ; 6.93068 ; -5.82705 ; -3.71762
2.84907 ; 6.3795 ; -1.01582 ; -5.38333
4.3472 ; 3.6331 ; 5.27442 ; 5.09725
5.80582 ; 2.60996 ; -5.51465 ; -3.89806
8.19783 ; 4.18325 ; 3.58089 ; 5.42227
6.26094 ; 7.61797 ; -5.56325 ; 3.47698
8.62904 ; 2.25 ; 2.00543 ; -2.57519
6.57767 ; 4.31604 ; 5.28272 ; -5.29022
7.51953 ; 5.7695 ; -4.10868 ; -5.67907
6.62176 ; 4.40797 ; 5.27346 ; -5.30342
2.77672 ; 3.92968 ; -2.5394 ; -5.0379
