6.79328 ; 7.13627 ; 4.94635 ; 4.45263
6.65126 ; 3.64439 ; 5.03309 ; -4.92521
6.30343 ; 4.29491 ; 5.1851 ; -5.16754
4.21134 ; 3.53427 ; -4.85946 ; -4.83237
7.52657 ; 6.80461 ; 4.59281 ; 4.63378
4.21176 ; 3.508 ; -4.85472 ; -4.8214
6.96333 ; 6.4313 ; 4.95089 ; 4.9066
7.35201 ; 3.20391 ; 4.69137 ; -4.61019
4.16649 ; 4.18118 ; 4.16086 ; -5.20305
6.64572 ; 6.15391 ; 5.07735 ; 5.03245
6.38396 ; 6.78872 ; 5.09661 ; 4.73693
3.63349 ; 6.83039 ; -4.40482 ; 4.57277
6.48581 ; 8.05443 ; -5.66647 ; 0.507215
8.54078 ; 4.32947 ; 3.21431 ; -5.12638
2.69396 ; 6.42793 ; -1.43242 ; -5.20344
3.50519 ; 5.69243 ; -4.32184 ; 5.08546
5.39012 ; 6.11234 ; -5.45712 ; -4.81734
6.57891 ; 5.56686 ; 5.15271 ; 5.17976
7.17744 ; 6.79358 ; 4.80813 ; 4.69314
8.12418 ; 5.53423 ; 4.0244 ; 5.15228
7.16626 ; 6.59022 ; 4.84403 ; 4.81074
4.32569 ; 6.48383 ; -4.92132 ; 4.86067
6.70941 ; 6.17535 ; 5.0578 ; 5.02001
3.76161 ; 6.61065 ; -4.54844 ; 4.73072
5.79946 ; 5.61382 ; -5.26922 ; 5.26466
3.25405 ; 3.95147 ; 2.13578 ; -5.03583
7.50424 ; 3.73047 ; 4.65352 ; -4.87252
7.42251 ; 3.60048 ; 4.70089 ; -4.82467
4.11761 ; 3.42653 ; -4.79412 ; -4.76461
3.21325 ; 7.77566 ; -3.62289 ; 3.31899
6.3113 ; 6.07531 ; 5.16909 ; 5.08513
6.95103 ; 4.46275 ; 4.99494 ; -5.12003
6.38127 ; 5.92663 ; 5.17089 ; 5.12397
6.95216 ; 2.83957 ; 4.86387 ; -4.32022
5.82688 ; 5.47351 ; -5.45412 ; -5.31161
6.78876 ; 3.93533 ; 5.02009 ; -5.0219
7.35501 ; 6.26805 ; -4.60502 ; -5.22946
5.0304 ; 4.28093 ; -5.20627 ; -5.17357
4.62662 ; 6.2834 ; -5.0435 ; 4.97079
8.74016 ; 3.02309 ; -0.466358 ; -4.0814
4.27878 ; 3.3554 ; -4.86652 ; -4.74341
4.61363 ; 6.26167 ; -5.04301 ; 4.976
3.70947 ; 3.16965 ; -4.45373 ; -4.5235
4.61929 ; 4.48016 ; -5.1058 ; -5.16027
4.49833 ; 6.66882 ; -4.96269 ; 4.79004
5.01558 ; 4.37202 ; -5.21337 ; -5.19043
7.0922 ; 3.65681 ; 4.88351 ; -4.88997
5.05364 ; 4.26892 ; -5.20928 ; -5.17327
6.1564 ; 6.81564 ; -5.64151 ; -4.05965
7.20241 ; 3.51508 ; 4.81646 ; -4.81678
5.21791 ; 4.66255 ; -5.28527 ; -5.26163
7.19129 ; 3.53544 ; 4.82488 ; -4.82696
4.63296 ; 3.9922 ; -5.07363 ; -5.05614
4.3037 ; 6.5218 ; -4.90633 ; 4.84306
7.95151 ; 7.88585 ; 3.89537 ; 3.17433
4.78719 ; 6.4573 ; -5.07099 ; 4.91092
6.97298 ; 3.67985 ; 4.92953 ; -4.91758
4.79577 ; 6.18419 ; -5.0978 ; 5.01653
7.0312 ; 3.67795 ; 4.90896 ; -4.90861
6.42382 ; 5.93154 ; 5.16075 ; 5.11885
7.8324 ; 3.40765 ; 4.34037 ; -4.66408
4.43195 ; 3.76316 ; -4.98501 ; -4.95925
4.6516 ; 6.26247 ; -5.05197 ; 4.97948
3.31642 ; 4.75985 ; 2.37216 ; -5.49393
7.35393 ; 6.77774 ; 4.71324 ; 4.67971
8.8223 ; 5.80512 ; 1.41579 ; 5.18895
6.4614 ; 4.40705 ; 5.16099 ; -5.17013
6.70426 ; 3.95771 ; 5.04583 ; -5.03811
5.07091 ; 4.23549 ; -5.20886 ; -5.16737
4.67461 ; 6.92916 ; -5.00463 ; 4.62047
2.84051 ; 4.85508 ; 0.54128 ; -5.52705
8.38601 ; 5.61564 ; 3.30979 ; -5.27883
6.82035 ; 3.89584 ; 5.00627 ; -5.00699
8.81138 ; 7.69446 ; -0.465979 ; 2.88964
5.3819 ; 4.38793 ; -5.41369 ; 5.11898
7.09844 ; 6.53069 ; 4.88386 ; 4.84737
6.63411 ; 4.35237 ; 5.10851 ; -5.13854
6.0846 ; 4.64145 ; 5.2649 ; -5.25262
6.79834 ; 4.10046 ; 5.03471 ; -5.06346
6.69854 ; 5.39039 ; 5.11963 ; 5.18865
6.69853 ; 7.28822 ; 4.97782 ; 4.30319
6.85785 ; 6.37209 ; 4.99408 ; 4.94238
5.01133 ; 5.99305 ; -5.17017 ; 5.09538
4.62099 ; 3.91645 ; -5.06351 ; -5.03367
6.81031 ; 6.22684 ; 5.02475 ; 4.99478
2.66803 ; 5.67633 ; -1.59296 ; -5.55874
6.27622 ; 6.11469 ; 5.17126 ; 5.07453
4.57958 ; 5.22331 ; 4.88992 ; 5.46308
4.69134 ; 6.64379 ; 4.78515 ; 4.74889
4.29332 ; 6.53907 ; -4.89959 ; 4.83526
4.62087 ; 6.31999 ; -5.03797 ; 4.95806
5.81012 ; 7.93206 ; -5.65335 ; -0.44033
6.64185 ; 4.3564 ; 5.10688 ; -5.13793
7.19153 ; 3.6663 ; 4.84269 ; -4.88003
3.76365 ; 3.39014 ; -4.53844 ; -4.68681
7.13712 ; 6.56333 ; 4.86224 ; 4.82723
8.07138 ; 2.10327 ; -3.58681 ; -1.85168
5.13815 ; 3.73477 ; -5.17151 ; -4.99083
3.37667 ; 4.29337 ; -4.19319 ; -5.06671
6.89832 ; 6.26295 ; 4.99614 ; 4.97416
4.39318 ; 6.46987 ; -4.94681 ; 4.87618
6.73977 ; 3.90134 ; 5.0295 ; -5.01813
3.51434 ; 4.60682 ; -4.33987 ; -5.14449
5.61539 ; 2.88152 ; 5.20957 ; -4.29246
5.71537 ; 2.04707 ; -5.62597 ; -0.22233
4.48639 ; 3.76308 ; -5.00318 ; -4.9673
2.55659 ; 6.53935 ; -1.92755 ; 4.65184
4.79765 ; 5.28136 ; -5.1732 ; 5.1934
6.244 ; 2.3357 ; 5.38981 ; 1.2509
6.03355 ; 2.27634 ; 5.49543 ; 0.997078
4.80468 ; 5.32351 ; 5.06671 ; 5.40771
8.70588 ; 4.34529 ; 0.471325 ; 5.65735
6.68686 ; 5.85831 ; 5.09649 ; 5.1077
6.47607 ; 4.64948 ; 5.17919 ; -5.19925
8.0998 ; 5.91377 ; 4.08149 ; 5.02151
6.3543 ; 5.71987 ; 5.19952 ; 5.17778
6.93477 ; 3.77051 ; 4.95613 ; -4.95546
4.89612 ; 5.54357 ; -5.24992 ; -5.09173
7.0031 ; 3.11997 ; 4.86253 ; -4.57938
4.9804 ; 4.85481 ; -5.25702 ; 5.19281
6.56104 ; 6.18466 ; 5.09608 ; 5.03054
7.18 ; 4.63438 ; -4.59483 ; 5.56881
3.35804 ; 1.89681 ; -3.53013 ; 0.14465
8.38637 ; 7.24827 ; 3.46351 ; 4.03334
7.34498 ; 2.23346 ; -5.11125 ; 1.29929
4.68646 ; 3.12251 ; -5.01337 ; -4.60268
6.83289 ; 6.07734 ; 5.03137 ; 5.0353
4.24205 ; 3.55517 ; -4.87654 ; -4.84702
4.81156 ; 3.56466 ; -5.08621 ; -4.90082
5.03214 ; 6.28797 ; -5.1407 ; 4.99259
6.92937 ; 3.76441 ; 4.95662 ; -4.95458
7.13566 ; 2.60587 ; 4.74192 ; -4.02529
4.38542 ; 6.48119 ; -4.94241 ; 4.87083
4.35035 ; 6.22422 ; -4.95757 ; 4.95953
3.01585 ; 4.56161 ; 1.29207 ; -5.40265
2.94767 ; 6.38074 ; -2.96471 ; -4.96921
4.54936 ; 6.26641 ; -5.02469 ; 4.96715
6.59086 ; 6.18022 ; 5.08931 ; 5.02966
6.81682 ; 6.26344 ; 5.01895 ; 4.98358
7.15654 ; 6.46601 ; 4.86643 ; 4.86609
6.38258 ; 4.85575 ; 5.22093 ; -5.2209
7.25072 ; 6.58356 ; 4.80232 ; 4.80078
4.75365 ; 5.22074 ; 5.04822 ; 5.45017
6.58799 ; 2.57122 ; 5.02262 ; -3.98611
6.94484 ; 3.90702 ; 4.97022 ; -4.99411
6.70849 ; 7.20701 ; 4.97709 ; 4.38698
8.68907 ; 5.62302 ; 2.7239 ; 5.22149
4.75843 ; 5.94584 ; -5.11693 ; 5.08156
4.31165 ; 3.51144 ; -4.90123 ; -4.83623
4.19199 ; 3.52104 ; -4.84859 ; -4.82347
6.92852 ; 6.32816 ; -5.18745 ; -5.05463
5.24262 ; 8.11556 ; 5.65464 ; 1.28867
4.20108 ; 3.49839 ; -4.84882 ; -4.8153
3.51468 ; 7.42754 ; -4.1494 ; 3.97491
6.84219 ; 6.25868 ; 5.0133 ; 4.98207
6.80876 ; 5.99851 ; 5.0457 ; 5.05834
4.27887 ; 3.57406 ; -4.89521 ; -4.86105
5.76248 ; 5.03507 ; 5.35738 ; -5.32436
7.13318 ; 3.61152 ; 4.86195 ; -4.86742
4.89668 ; 4.86995 ; -5.22365 ; -5.22803
7.06878 ; 6.52618 ; 4.89613 ; 4.85332
5.22817 ; 3.50591 ; -5.17163 ; -4.87122
6.83946 ; 7.46678 ; 4.90677 ; 4.08654
6.19431 ; 5.84043 ; 5.21727 ; 5.16361
5.85505 ; 5.86395 ; 5.25125 ; 5.18077
7.48515 ; 5.70459 ; 4.69565 ; 5.08084
3.67113 ; 2.72747 ; -4.32046 ; -4.08727
4.8014 ; 6.22627 ; -5.0948 ; 5.00361
7.44866 ; 6.9545 ; 4.62188 ; 4.5424
3.57673 ; 3.02533 ; -4.29805 ; -4.3745
3.90317 ; 6.43831 ; -4.67511 ; 4.83239
7.13678 ; 6.56563 ; 4.86195 ; 4.82679
6.1356 ; 4.29721 ; 5.21613 ; -5.18313
3.66802 ; 7.55984 ; 4.38312 ; -2.6949
6.85554 ; 6.29912 ; 5.00423 ; 4.96785
7.2363 ; 5.91007 ; -4.65558 ; -5.44433
6.65462 ; 4.87006 ; -5.0261 ; -5.45134
4.33593 ; 6.48141 ; -4.92511 ; 4.86291
7.50371 ; 4.68546 ; -3.8121 ; -5.45113
8.67998 ; 2.16453 ; 2.33399 ; -2.62752
4.62315 ; 5.7715 ; -5.08774 ; 5.10872
4.42904 ; 3.58811 ; -4.96063 ; -4.88737
6.23353 ; 4.62269 ; 5.23662 ; -5.23018
6.99461 ; 3.7475 ; 4.93274 ; -4.9379
6.5341 ; 4.36657 ; 5.13818 ; -5.15378
7.27595 ; 3.25106 ; -4.24312 ; -4.52578
5.00638 ; 4.79376 ; -5.25146 ; -5.24192
4.57878 ; 6.12328 ; -5.04882 ; 5.01229
4.68599 ; 4.03792 ; -5.0927 ; -5.07413
6.39975 ; 4.08216 ; 5.13968 ; -5.10356
3.85179 ; 6.4992 ; -4.63125 ; 4.79866
4.76624 ; 5.34083 ; 5.02188 ; 5.4196
4.75917 ; 4.17636 ; -5.12865 ; -5.11912
6.42235 ; 4.54451 ; 5.18516 ; -5.19557
5.07995 ; 7.42372 ; -5.13616 ; 4.10932
7.5984 ; 5.06187 ; -3.71569 ; -5.56911
7.18659 ; 3.53753 ; 4.82641 ; -4.82857
7.07601 ; 3.43804 ; 4.86129 ; -4.79218
4.27388 ; 6.53143 ; -4.89363 ; 4.83472
4.36021 ; 3.72291 ; -4.95272 ; -4.93545
7.51102 ; 3.21184 ; 4.58615 ; -4.59017
4.21232 ; 6.62933 ; -4.84992 ; 4.78274
4.66982 ; 7.15863 ; -4.99091 ; 4.42113
3.26108 ; 5.58564 ; 2.13912 ; 5.38227
4.25078 ; 3.55809 ; -4.88056 ; -4.84978
4.5525 ; 3.96251 ; -5.04827 ; -5.03988
4.07127 ; 6.75499 ; -4.75224 ; 4.69285
4.65382 ; 6.2156 ; -5.05807 ; 4.99389
7.54572 ; 6.80106 ; 4.57962 ; 4.6326
8.86923 ; 6.70541 ; 0.795102 ; 4.47573
7.04589 ; 3.64642 ; 4.89859 ; -4.89495
3.75675 ; 8.05781 ; 4.59381 ; 1.37875
5.5554 ; 4.08158 ; 5.19183 ; -5.13917
5.98529 ; 6.24473 ; 5.4466 ; -4.65047
5.54098 ; 3.91736 ; -5.22883 ; -5.07925
8.12516 ; 4.71592 ; -2.22166 ; -5.47973
4.6565 ; 3.84393 ; -5.06575 ; -5.01443
4.38516 ; 6.48148 ; -4.94264 ; 4.87108
4.33824 ; 3.65139 ; -4.93277 ; -4.90373
4.73637 ; 4.10701 ; -5.11458 ; -5.09896
4.40969 ; 3.72937 ; -4.97244 ; -4.94521
2.71868 ; 5.52224 ; -0.204957 ; 5.38802
7.1876 ; 3.54904 ; 4.82834 ; -4.83213
4.20858 ; 4.89472 ; 4.41939 ; -5.492
6.50484 ; 5.80288 ; 5.15468 ; 5.14197
6.51403 ; 4.07039 ; 5.11045 ; -5.08973
2.61587 ; 4.57083 ; -1.9687 ; -5.31639
4.95464 ; 5.81738 ; -5.17823 ; 5.13564
6.58699 ; 4.04208 ; 5.0881 ; -5.07439
3.77744 ; 5.69181 ; 3.49573 ; 5.32554
8.0331 ; 1.93143 ; 3.56582 ; 0.393184
5.41341 ; 2.98684 ; -5.20031 ; -4.46368
6.10296 ; 2.78077 ; -5.69763 ; 2.9319
2.73753 ; 4.79304 ; -0.0954481 ; -5.48992
6.22309 ; 1.98642 ; -5.65471 ; -1.31234
7.16052 ; 2.17729 ; -5.32659 ; 0.867009
4.24864 ; 6.57271 ; -4.87627 ; 4.81446
8.78879 ; 5.56364 ; 1.02478 ; 5.33812
8.30927 ; 5.58744 ; 3.73398 ; 5.16102
4.60926 ; 3.83271 ; -5.05191 ; -5.00649
7.32538 ; 3.40034 ; 4.73799 ; -4.73982
4.25288 ; 6.59051 ; -4.87454 ; 4.80772
7.00156 ; 6.4478 ; 4.93427 ; 4.89475
7.26626 ; 1.93072 ; 4.58757 ; -0.289292
7.87426 ; 4.38929 ; 4.32648 ; -5.08235
4.73677 ; 6.18025 ; -5.08406 ; 5.01264
7.03931 ; 1.91068 ; 4.77363 ; -2.16773
4.44661 ; 6.3622 ; -4.98106 ; 4.92306
7.32624 ; 3.38998 ; 4.73559 ; -4.73511
6.95666 ; 6.41048 ; -4.46883 ; 4.88718
4.85887 ; 4.84093 ; 5.22108 ; 5.48567
8.70844 ; 5.00548 ; 2.33589 ; 5.4692
4.49949 ; 6.27754 ; -5.00921 ; 4.95731
4.01579 ; 5.09737 ; -4.75678 ; 5.13827
7.68608 ; 5.03032 ; 4.49101 ; 5.17314
7.12994 ; 6.18644 ; 4.90468 ; 4.97552
4.17011 ; 6.66228 ; -4.82262 ; 4.75921
7.54269 ; 7.25708 ; -3.97185 ; 3.95819
5.58826 ; 3.13373 ; -5.56929 ; 3.6248
4.58032 ; 3.22048 ; -4.98145 ; -4.67382
5.95466 ; 5.98273 ; 5.22958 ; 5.13545
3.88738 ; 5.85162 ; 3.75818 ; 5.23197
6.90227 ; 3.79263 ; 4.96875 ; -4.96702
4.50112 ; 6.25588 ; -5.01221 ; 4.96391
7.0461 ; 6.45009 ; 4.91731 ; 4.88763
6.24902 ; 5.93293 ; 5.1971 ; 5.13329
6.20037 ; 6.01384 ; 5.19535 ; 5.11198
7.20636 ; 3.52048 ; 4.81636 ; -4.8178
4.08895 ; 3.38307 ; -4.77063 ; -4.73597
4.63686 ; 4.34351 ; -5.10476 ; -5.13872
4.47754 ; 5.72149 ; 5.01878 ; -5.4496
8.54376 ; 6.04976 ; 2.68305 ; -5.23612
4.29026 ; 6.54139 ; -4.89843 ; 4.8342
7.13599 ; 3.56804 ; 4.85264 ; -4.84965
3.27076 ; 5.64207 ; -4.01908 ; 5.1181
5.14421 ; 5.8888 ; -5.20606 ; 5.13578
8.21113 ; 4.4472 ; 3.87892 ; -5.12254
7.3622 ; 8.25417 ; 4.46196 ; 1.20939
4.69479 ; 3.20718 ; -5.02204 ; -4.66875
6.76067 ; 6.0173 ; 5.09198 ; -4.69661
6.10952 ; 5.9379 ; 5.21842 ; 5.14177
4.07539 ; 3.38256 ; -4.76287 ; -4.73355
4.67168 ; 3.8915 ; -5.07407 ; -5.03063
7.67453 ; 7.04673 ; 4.4278 ; 4.42423
6.7507 ; 4.01802 ; 5.04015 ; -5.04877
6.17007 ; 5.01271 ; -5.31622 ; -5.41997
6.41692 ; 4.21653 ; 5.15098 ; -5.13809
3.83935 ; 6.034 ; -4.64568 ; 4.98455
4.17969 ; 3.36721 ; -4.8187 ; -4.73933
5.58176 ; 2.02071 ; -5.57385 ; -0.430725
5.54839 ; 2.17804 ; 5.47702 ; -2.74373
4.04148 ; 4.30209 ; -4.80938 ; -5.08207
7.28886 ; 3.41387 ; 4.75803 ; -4.75334
7.31231 ; 3.41085 ; 4.74596 ; -4.74725
4.31155 ; 3.63137 ; -4.9188 ; -4.89104
6.8224 ; 6.20799 ; 5.02384 ; 4.99894
8.78484 ; 4.58382 ; 1.7861 ; -5.33024
4.21312 ; 3.51802 ; -4.85708 ; -4.8257
7.04224 ; 6.4117 ; 4.92393 ; 4.90257
3.24934 ; 7.41705 ; -3.81414 ; 3.90903
7.35277 ; 6.7565 ; 4.71763 ; 4.69217
4.61991 ; 6.19919 ; -5.05211 ; 4.9947
5.02832 ; 4.75432 ; -5.25292 ; -5.22822
4.86793 ; 7.58621 ; -5.0712 ; 3.89246
7.02967 ; 3.67285 ; 4.90852 ; -4.90749
6.70496 ; 2.04446 ; 5.07638 ; 0.018583
6.78134 ; 3.96396 ; 5.0255 ; -5.03067
4.23854 ; 6.61054 ; -4.86501 ; 4.79608
5.52022 ; 4.20529 ; 5.20509 ; -5.18883
6.72232 ; 5.67853 ; 5.09709 ; 5.1437
4.56737 ; 6.49608 ; -5.00338 ; 4.88271
4.45342 ; 3.8943 ; -5.00793 ; -5.00838
7.16676 ; 6.26399 ; 4.88069 ; 4.94502
2.6936 ; 3.41075 ; -2.79675 ; -4.52508
4.85017 ; 6.26669 ; -5.10284 ; 4.99223
6.06446 ; 5.34403 ; -5.40552 ; -5.39038
7.60227 ; 7.13286 ; 4.47054 ; 4.36297
7.13338 ; 3.31881 ; 4.82279 ; -4.71475
4.0637 ; 2.37877 ; -4.59056 ; -3.6586
5.17275 ; 5.35877 ; 5.24854 ; 5.37992
3.28699 ; 7.45301 ; -3.85604 ; 3.87398
7.25021 ; 6.66941 ; 4.78867 ; 4.7571
4.23741 ; 6.5849 ; -4.86936 ; 4.80743
4.66415 ; 6.07878 ; -5.07665 ; 5.03377
7.22737 ; 3.47945 ; 4.79933 ; -4.79588
7.74707 ; 4.10474 ; -3.18531 ; -5.1667
4.13917 ; 1.89683 ; -4.59033 ; -2.18331
5.22131 ; 6.20738 ; -5.17958 ; 5.03259
4.83854 ; 3.92509 ; -5.12205 ; -5.05465
5.77486 ; 6.63785 ; -5.15691 ; 4.79831
4.42755 ; 6.41375 ; -4.96725 ; 4.9028
6.89896 ; 3.88165 ; 4.98237 ; -4.99257
4.46115 ; 3.73668 ; -4.99117 ; -4.9551
4.21542 ; 5.61623 ; -4.90299 ; 5.10462
6.3159 ; 2.98955 ; -5.12111 ; -4.37417
3.83247 ; 6.11615 ; -4.63838 ; 4.95666
2.72106 ; 3.30393 ; -2.87655 ; -4.4342
5.03949 ; 6.98958 ; -5.10879 ; 4.56916
7.09084 ; 3.63427 ; 4.87981 ; -4.88308
4.39107 ; 3.71221 ; -4.96318 ; -4.9363
3.32481 ; 4.03506 ; 2.79413 ; 5.5745
6.49284 ; 3.93903 ; 5.10144 ; -5.05057
6.87374 ; 3.83335 ; 4.98333 ; -4.98257
8.07537 ; 4.96898 ; -2.44617 ; 5.61771
6.41368 ; 7.45868 ; 5.28806 ; -2.13198
5.40795 ; 7.92365 ; 5.45874 ; 2.94537
7.64377 ; 6.11504 ; 4.56481 ; 4.95679
4.43023 ; 3.71321 ; -4.97729 ; -4.9425
4.32745 ; 3.60208 ; -4.92068 ; -4.88093
6.47998 ; 6.18153 ; 5.11754 ; 5.03774
4.10982 ; 6.71326 ; -4.78154 ; 4.72218
7.27005 ; 6.68498 ; 4.7756 ; 4.7456
7.23355 ; 7.87767 ; 4.62599 ; 3.36419
8.08247 ; 8.04125 ; -3.64138 ; 0.0100939
4.99358 ; 2.23123 ; -5.15487 ; -3.35972
3.69165 ; 5.68565 ; 3.30674 ; 5.32961
6.8223 ; 3.89452 ; 5.00602 ; -5.00662
6.85177 ; 6.06853 ; 5.02688 ; 5.03561
6.91791 ; 3.79178 ; 4.96426 ; -4.96447
6.27553 ; 7.19845 ; 5.12051 ; 4.38764
3.80478 ; 4.23686 ; 3.51457 ; -5.23326
8.54462 ; 7.87842 ; -1.95481 ; 2.28513
5.28279 ; 4.46176 ; -5.38134 ; 5.13704
6.60741 ; 4.09698 ; 5.0889 ; -5.08685
4.68276 ; 6.15193 ; -5.07351 ; 5.01561
6.79687 ; 3.61113 ; 4.9849 ; -4.90247
4.6423 ; 4.1728 ; -5.09388 ; -5.10324
4.46721 ; 3.79314 ; -5.00122 ; -4.97467
5.27462 ; 5.31151 ; -5.2968 ; 5.25973
4.5142 ; 3.89079 ; -5.029 ; -5.01451
4.49728 ; 6.37782 ; -4.99479 ; 4.92448
4.24803 ; 3.57104 ; -4.88176 ; -4.85448
3.86021 ; 6.38798 ; -4.6469 ; 4.84975
8.07468 ; 7.83136 ; 3.74477 ; 3.24518
2.61914 ; 1.93886 ; -0.381381 ; -0.469346
6.95991 ; 4.35793 ; -4.59542 ; -5.29869
5.08551 ; 5.03856 ; -5.27904 ; 5.23368
7.24916 ; 3.48057 ; 4.78947 ; -4.79211
5.16794 ; 3.98834 ; -5.20035 ; -5.09731
8.08746 ; 2.41622 ; -3.25036 ; -3.0666
4.7434 ; 6.23013 ; -5.07998 ; 4.9981
4.40437 ; 6.70887 ; -4.92248 ; 4.75978
5.20408 ; 6.3773 ; -5.40782 ; -4.46343
4.39152 ; 3.33672 ; -4.91576 ; -4.74198
5.31145 ; 4.33584 ; -5.26019 ; -5.21272
6.79714 ; 6.20192 ; 5.0308 ; 5.00323
6.98924 ; 3.74992 ; 4.93457 ; -4.9395
6.93411 ; 6.34695 ; 4.97327 ; 4.94123
3.83784 ; 6.46768 ; -4.6234 ; 4.81153
7.03024 ; 4.59485 ; 4.95997 ; -5.12788
6.74524 ; 6.01683 ; 5.0641 ; 5.06041
4.5214 ; 6.38158 ; -5.00073 ; 4.92606
5.73418 ; 4.39987 ; 5.25589 ; -5.24012
8.76923 ; 5.59975 ; 0.746148 ; 5.32846
5.72432 ; 4.71931 ; -5.33438 ; -5.33287
6.63465 ; 6.11932 ; 5.08426 ; 5.04343
2.58905 ; 8.01305 ; -1.49635 ; 2.15769
2.98432 ; 3.96321 ; 1.24977 ; -5.02987
7.32267 ; 6.69531 ; 4.74494 ; 4.7313
7.24145 ; 6.53656 ; 4.81367 ; 4.82377
4.41073 ; 3.75501 ; -4.97671 ; -4.95378
4.5051 ; 6.41464 ; -4.99201 ; 4.91262
5.35624 ; 4.46295 ; 5.47221 ; 5.32979
5.04566 ; 6.61947 ; -5.12054 ; 4.83041
7.42108 ; 6.01275 ; -3.79561 ; 5.13489
5.09585 ; 5.66287 ; -5.33198 ; -5.07444
6.67413 ; 4.1133 ; 5.07252 ; -5.0827
4.27547 ; 6.5436 ; -4.89238 ; 4.8309
5.57788 ; 5.30137 ; -5.41754 ; -5.30304
4.61957 ; 6.25442 ; -5.04513 ; 4.97836
7.70712 ; 3.71396 ; 4.48873 ; -4.84586
7.35897 ; 2.24933 ; 4.53909 ; -3.39606
4.94664 ; 4.13701 ; -5.1715 ; -5.12992
7.10309 ; 3.673 ; 4.88208 ; -4.89395
5.72584 ; 5.10491 ; 5.37032 ; -5.32721
7.02123 ; 6.44641 ; 4.92733 ; 4.89238
6.52077 ; 6.07479 ; 5.1196 ; 5.06837
6.44031 ; 2.78997 ; 5.06943 ; -4.26231
7.21187 ; 3.51143 ; 4.81237 ; -4.81336
4.47787 ; 3.78649 ; -5.00358 ; -4.97402
5.84372 ; 4.25628 ; 5.23522 ; -5.19164
5.14562 ; 4.42678 ; -5.24577 ; -5.21231
3.97207 ; 7.42976 ; -4.5737 ; 4.06836
6.18085 ; 8.13741 ; 5.3791 ; 0.883404
5.38208 ; 4.11242 ; 5.53102 ; 5.14301
6.91874 ; 3.844 ; 4.97155 ; -4.97905
5.09811 ; 4.66445 ; -5.26255 ; -5.24557
7.51958 ; 5.74545 ; -3.63832 ; 5.28546
5.16347 ; 5.02547 ; -5.31022 ; -5.26262
6.11768 ; 6.13991 ; 5.19402 ; 5.07233
7.06859 ; 6.55253 ; 4.89248 ; 4.84226
4.63283 ; 6.64268 ; -5.0114 ; 4.81165
4.66341 ; 6.68706 ; -5.01753 ; 4.78736
2.57923 ; 6.14691 ; -1.90477 ; 4.95966
6.95717 ; 3.79992 ; 4.95362 ; -4.96061
5.9789 ; 2.59491 ; -5.29945 ; -3.90419
4.9729 ; 5.3772 ; 5.15234 ; 5.3931
4.913 ; 6.15651 ; -5.12938 ; 5.03496
7.10088 ; 3.63853 ; 4.87779 ; -4.88255
6.90722 ; 6.51158 ; 4.96027 ; 4.87928
8.77942 ; 3.65338 ; 0.302742 ; -4.7636
5.19398 ; 7.15437 ; -5.14724 ; 4.40999
5.54394 ; 3.72684 ; -5.21203 ; -4.99017
6.72394 ; 6.16123 ; 5.05569 ; 5.02229
8.00142 ; 2.4262 ; -3.45253 ; -3.11036
4.71661 ; 6.11435 ; -5.08612 ; 5.02966
7.09752 ; 3.64228 ; 4.87925 ; -4.88411
4.62925 ; 3.98906 ; -5.07269 ; -5.05521
6.30353 ; 6.00739 ; 5.17843 ; 5.10689
6.97481 ; 6.38713 ; 4.95341 ; 4.92114
3.21263 ; 7.1821 ; 2.90033 ; -4.0431
4.17701 ; 3.97884 ; -4.88293 ; -5.00562
4.62593 ; 3.01356 ; -4.98442 ; -4.50761
4.78986 ; 4.25438 ; -5.14541 ; -5.13928
6.63858 ; 6.27692 ; 5.06646 ; 4.99372
5.53785 ; 5.81419 ; 5.41801 ; -5.14664
6.75719 ; 6.28044 ; 5.03344 ; 4.98384
4.2596 ; 6.53025 ; -4.88791 ; 4.83321
7.68579 ; 1.83325 ; 4.11449 ; -1.52585
8.79604 ; 4.47478 ; 1.73235 ; -5.28302
7.12348 ; 3.60233 ; 4.86375 ; -4.8662
6.85627 ; 3.85498 ; 4.99135 ; -4.99091
4.60147 ; 3.81934 ; -5.0482 ; -5.00147
6.09031 ; 4.18254 ; 5.20859 ; -5.15576
3.25165 ; 2.13059 ; 3.41783 ; 0.745853
7.21678 ; 6.18621 ; 4.8594 ; 4.96768
8.53545 ; 3.79873 ; -0.83311 ; -4.91095
4.28691 ; 5.63544 ; -4.94152 ; 5.10952
7.12736 ; 3.65208 ; 4.87003 ; -4.88304
6.24984 ; 6.13298 ; 5.17362 ; 5.06965
7.25119 ; 3.4605 ; 4.78471 ; -4.78281
7.04472 ; 6.52156 ; 4.9064 ; 4.85874
5.36694 ; 4.14654 ; 5.16142 ; -5.17073
2.56405 ; 3.15965 ; -2.15146 ; -4.25112
6.09158 ; 8.12527 ; 5.36818 ; 2.10423
4.49048 ; 4.53412 ; -5.03749 ; 5.0219
7.35129 ; 3.37601 ; 4.71984 ; -4.72335
4.91177 ; 5.7004 ; -5.26151 ; -5.01513
6.86996 ; 6.31245 ; 4.99848 ; 4.9619
7.01196 ; 6.46774 ; 4.92744 ; 4.88596
4.3432 ; 6.50388 ; -4.92389 ; 4.85646
5.06121 ; 7.38569 ; -5.12792 ; 4.15897
7.63177 ; 6.55506 ; 4.54441 ; 4.76302
6.55446 ; 5.91429 ; 5.1295 ; 5.10945
5.24167 ; 5.46863 ; -5.36677 ; -5.19039
6.49568 ; 2.84237 ; 5.05006 ; -4.323
6.83713 ; 6.07456 ; 5.03066 ; 5.03537
3.71549 ; 6.57855 ; -4.51322 ; 4.74206
5.99655 ; 6.95995 ; -4.91718 ; 4.53104
6.89196 ; 6.44355 ; 4.97387 ; 4.91043
5.77938 ; 8.13914 ; 5.54117 ; 1.2772
2.55951 ; 2.98388 ; -2.08038 ; -4.0416
6.42034 ; 4.18702 ; 5.14702 ; -5.13034
7.06496 ; 6.45176 ; 4.90966 ; 4.88433
4.30195 ; 6.54571 ; -4.90132 ; 4.83442
5.53132 ; 2.96142 ; -5.21863 ; -4.42889
8.6212 ; 5.00556 ; 2.7581 ; -5.38313
7.19865 ; 4.16275 ; 4.86747 ; -5.04281
4.3997 ; 6.39805 ; -4.95987 ; 4.90456
5.30609 ; 5.59528 ; -5.26511 ; 5.2213
5.44627 ; 4.95513 ; -5.36899 ; 5.29088
4.45759 ; 3.75466 ; -4.99242 ; -4.96044
6.75316 ; 3.99519 ; 5.03667 ; -5.0427
7.33216 ; 6.73874 ; 4.73251 ; 4.70587
5.24183 ; 4.35557 ; -5.25337 ; -5.21137
6.5492 ; 6.74389 ; 5.05706 ; 4.76626
7.1145 ; 6.53805 ; 4.87622 ; 4.84182
4.40682 ; 6.35312 ; -4.96867 ; 4.92073
5.84199 ; 4.53903 ; -5.29627 ; -5.30648
4.45988 ; 6.51265 ; -4.96476 ; 4.86633
8.74227 ; 4.08647 ; 0.413239 ; -5.10025
4.47163 ; 6.39098 ; -4.98501 ; 4.91691
6.79259 ; 3.91772 ; 5.01679 ; -5.01686
4.90778 ; 3.91459 ; -5.1383 ; -5.05602
4.22532 ; 3.53631 ; -4.86534 ; -4.83574
5.03043 ; 6.18893 ; -5.1509 ; 5.03113
4.80747 ; 3.91506 ; -5.11312 ; -5.04929
7.14593 ; 3.55588 ; 4.84681 ; -4.84319
3.27434 ; 7.49048 ; -3.50527 ; -2.86337
6.57011 ; 6.55968 ; 5.06261 ; 4.87362
8.3565 ; 1.84421 ; 2.97049 ; -1.30559
5.3222 ; 5.6581 ; -5.40362 ; -5.12772
3.58043 ; 3.02766 ; -4.30172 ; -4.37709
8.28803 ; 4.30274 ; 3.76528 ; -5.08197
7.32189 ; 4.34985 ; 4.79667 ; -5.07511
4.4079 ; 3.51414 ; -4.94292 ; -4.84812
6.68061 ; 3.2805 ; 4.99932 ; -4.71165
4.79716 ; 5.86751 ; -5.13536 ; 5.10556
4.80405 ; 3.13136 ; -5.05435 ; -4.61225
5.52457 ; 5.47778 ; -5.43021 ; -5.24673
4.59116 ; 5.2495 ; 4.8951 ; 5.45821
5.50251 ; 4.91457 ; -5.35663 ; -5.32148
7.08612 ; 6.51106 ; 4.89177 ; 4.85646
6.57641 ; 5.38961 ; -5.21305 ; -5.47201
4.71524 ; 5.4752 ; -5.13593 ; 5.16902
6.23469 ; 5.83717 ; 5.21081 ; 5.16102
5.62325 ; 5.80539 ; 5.25616 ; 5.21459
4.42564 ; 6.34271 ; -4.9765 ; 4.92661
8.78037 ; 4.73064 ; 1.59825 ; -5.40147
7.3508 ; 5.41071 ; -4.06206 ; 5.43277
5.65786 ; 4.9925 ; -5.3778 ; -5.3476
6.54706 ; 6.07527 ; 5.11303 ; 5.06564
6.19696 ; 4.00184 ; -5.11965 ; -5.12041
4.03194 ; 6.36151 ; -4.77169 ; 4.87907
2.78683 ; 4.97991 ; 0.233703 ; -5.56627
6.01433 ; 4.82939 ; 5.30001 ; -5.27875
7.26378 ; 3.47228 ; 4.78117 ; -4.78559
5.92678 ; 5.26908 ; -5.31696 ; 5.35587
5.27489 ; 5.69253 ; -5.2487 ; 5.19728
6.85848 ; 3.92276 ; 4.99919 ; -5.00929
3.01038 ; 4.07917 ; -3.19245 ; 5.20136
4.47609 ; 4.04495 ; -5.02876 ; -5.05454
3.44028 ; 7.14608 ; 3.12027 ; 4.07951
6.50937 ; 4.31285 ; -5.00628 ; -5.26684
6.69783 ; 8.02857 ; -5.47463 ; 1.73674
6.67342 ; 6.19144 ; 5.06562 ; 5.01906
6.04761 ; 4.49919 ; 5.25251 ; -5.235
6.96295 ; 3.50698 ; 4.91433 ; -4.83889
4.48574 ; 3.56071 ; -4.97899 ; -4.87947
7.18879 ; 3.54039 ; 4.82651 ; -4.82882
7.22914 ; 3.50489 ; 4.80349 ; -4.80696
4.30017 ; 6.50469 ; -4.90807 ; 4.84886
4.35472 ; 6.49649 ; -4.92899 ; 4.86072
6.94889 ; 6.46724 ; 4.95087 ; 4.89438
6.72784 ; 5.64228 ; 5.09719 ; 5.14958
4.19132 ; 3.78527 ; -4.87685 ; -4.9388
4.38304 ; 1.86372 ; -4.80986 ; -1.43969
2.61126 ; 5.5811 ; -1.6089 ; 5.30812
6.55796 ; 4.35606 ; 5.13088 ; -5.14911
4.04682 ; 6.77588 ; -4.73446 ; 4.67691
7.29813 ; 4.6874 ; -4.18809 ; -5.44291
2.57778 ; 2.63935 ; -2.02887 ; -3.5458
3.81242 ; 6.97406 ; 3.77677 ; 4.34435
6.32633 ; 5.71164 ; 5.206 ; 5.18239
6.86361 ; 3.70785 ; 4.97157 ; -4.94039
4.47763 ; 4.03583 ; -5.02865 ; -5.05275
6.82277 ; 6.26022 ; 5.01806 ; 4.98368
4.26466 ; 6.7365 ; -4.85858 ; 4.72937
4.41944 ; 6.6234 ; -4.93786 ; 4.80957
7.19411 ; 3.54953 ; 4.82643 ; -4.83118
4.37358 ; 6.44096 ; -4.94498 ; 4.88477
2.72442 ; 3.09172 ; -1.23043 ; 4.54088
4.28638 ; 3.80576 ; -4.9277 ; -4.95763
3.15788 ; 4.04758 ; -3.88961 ; -4.97294
6.84452 ; 6.15521 ; 5.02251 ; 5.01217
6.71527 ; 3.39373 ; 4.99506 ; -4.78609
6.16733 ; 5.26398 ; 5.29026 ; 5.26905
7.6872 ; 3.61088 ; 4.19746 ; 4.57666
5.59491 ; 5.95466 ; -5.49269 ; -5.01048
8.02432 ; 6.89669 ; 4.09872 ; 4.47123
5.19413 ; 5.58347 ; 5.20671 ; 5.31611
7.0607 ; 6.59441 ; 4.88999 ; 4.82369
4.17972 ; 3.49222 ; -4.83772 ; -4.80841
5.16216 ; 6.21255 ; -5.17142 ; 5.0284
4.29495 ; 6.5369 ; -4.90031 ; 4.83589
7.01381 ; 3.74269 ; 4.92549 ; -4.93276
5.14607 ; 5.78396 ; 5.14475 ; 5.24685
4.32513 ; 6.50332 ; -4.9177 ; 4.85371
2.57415 ; 6.08467 ; -1.6952 ; 5.00783
5.90679 ; 4.29399 ; 5.23828 ; -5.19864
6.21878 ; 4.56601 ; 5.23274 ; -5.22601
4.82577 ; 6.56527 ; -5.07327 ; 4.85977
8.10728 ; 5.27435 ; 4.02052 ; 5.21033
4.92591 ; 4.25648 ; -5.18023 ; -5.15664
2.55189 ; 6.51184 ; -1.81854 ; 4.67628
4.06735 ; 6.74847 ; -4.75117 ; 4.69559
3.76166 ; 8.23221 ; -4.1853 ; 0.593265
7.3022 ; 6.70918 ; 4.75391 ; 4.72711
7.40182 ; 6.80588 ; 4.67917 ; 4.65474
4.48744 ; 3.73694 ; -5.00007 ; -4.95841
6.80122 ; 6.26819 ; 5.02251 ; 4.98378
4.37097 ; 6.40245 ; -4.95009 ; 4.89924
3.46936 ; 6.98606 ; 3.07516 ; 4.28699
4.38676 ; 4.10592 ; -4.99585 ; -5.0621
6.15135 ; 4.63858 ; 5.25369 ; -5.24336
4.90645 ; 4.32039 ; -5.18271 ; -5.16726
5.29891 ; 5.17618 ; -5.31681 ; 5.27201
6.65522 ; 4.35895 ; 5.10336 ; -5.13663
2.68111 ; 3.60544 ; 0.123096 ; -4.70769
6.8799 ; 6.30674 ; 4.99668 ; 4.96224
4.3962 ; 3.7317 ; -4.96814 ; -4.94381
7.26367 ; 2.24005 ; -4.86794 ; -2.75058
7.18738 ; 6.588 ; 4.83422 ; 4.8083
7.11581 ; 3.41341 ; 4.84144 ; -4.77466
6.50683 ; 4.86507 ; 5.18274 ; -5.20276
8.01074 ; 4.40492 ; 4.02889 ; 5.14424
6.23373 ; 4.28007 ; 5.3456 ; 5.03421
6.9435 ; 3.78922 ; 4.95624 ; -4.95966
4.28972 ; 7.32802 ; -4.79928 ; 4.22813
6.9545 ; 6.35475 ; 4.96531 ; 4.93574
6.73649 ; 4.06534 ; 5.04944 ; -5.06264
4.52579 ; 2.19408 ; 5.24424 ; -2.60907
5.60088 ; 8.04658 ; -5.58455 ; 0.306284
4.15315 ; 6.66321 ; -4.81422 ; 4.75622
4.33978 ; 6.4847 ; -4.92564 ; 4.8626
4.13768 ; 3.4424 ; -4.80763 ; -4.77627
4.59137 ; 3.92256 ; -5.05606 ; -5.03258
3.44172 ; 6.71512 ; 2.84999 ; 4.57621
6.15047 ; 2.26652 ; 5.23746 ; -3.36315
4.4193 ; 5.99233 ; 4.51662 ; 5.1632
5.36927 ; 2.02206 ; -5.37654 ; -2.52492
4.91968 ; 4.41512 ; -5.19607 ; -5.18583
4.27379 ; 6.57189 ; -4.88636 ; 4.81918
7.29574 ; 3.43186 ; 4.75835 ; -4.76046
6.75862 ; 6.21695 ; 5.09024 ; -4.52012
4.64567 ; 4.01119 ; -5.0788 ; -5.06234
4.61373 ; 4.05378 ; -5.07416 ; -5.06994
8.37011 ; 6.97899 ; 3.5698 ; 4.32202
8.59001 ; 5.34248 ; 2.75882 ; -5.41388
3.11696 ; 3.10824 ; -3.72363 ; -4.3397
6.31027 ; 7.0485 ; 5.10895 ; 4.53173
8.65206 ; 4.54197 ; 2.78921 ; -5.24578
4.38064 ; 6.35641 ; -4.95902 ; 4.91611
3.41064 ; 6.07014 ; -4.22457 ; 4.95715
8.21688 ; 4.28662 ; -2.20477 ; 5.66895
7.33533 ; 3.38471 ; 4.73017 ; -4.73085
4.33546 ; 6.81801 ; -4.88062 ; 4.68398
4.56648 ; 8.20515 ; -4.96638 ; 1.66728
5.1313 ; 4.40235 ; -5.24046 ; -5.21045
7.20259 ; 6.61803 ; 4.82193 ; 4.79186
4.51744 ; 6.30848 ; -5.01001 ; 4.95016
7.33497 ; 5.16635 ; 4.78625 ; 5.15541
5.05383 ; 5.90164 ; -5.18891 ; 5.12471
6.36823 ; 5.60039 ; 5.20849 ; 5.19818
7.38938 ; 3.69283 ; 4.73058 ; -4.86872
3.43953 ; 7.91063 ; 3.78844 ; 2.33009
2.79966 ; 2.64225 ; 1.41954 ; -3.44013
7.30408 ; 3.38573 ; 4.74574 ; -4.73642
2.70905 ; 6.89868 ; -1.38616 ; -4.62431
6.71187 ; 4.33849 ; 5.08329 ; -5.12624
7.11451 ; 6.57547 ; 4.86994 ; 4.82568
3.42451 ; 2.22502 ; 3.90952 ; 1.47221
5.42289 ; 6.77268 ; 5.14768 ; 4.70835
4.54315 ; 6.24758 ; -5.02546 ; 4.97126
5.61911 ; 3.19082 ; 5.16644 ; -4.60219
5.36124 ; 6.57323 ; 5.13465 ; 4.84467
4.33192 ; 3.6509 ; -4.93053 ; -4.90253
5.32111 ; 7.23882 ; -5.179 ; 4.31178
4.81357 ; 5.23074 ; -5.20672 ; -5.17776
6.23797 ; 6.04154 ; 5.18617 ; 5.10088
4.38839 ; 6.55523 ; -4.93381 ; 4.84066
6.89767 ; 2.26148 ; 4.86807 ; -3.44227
6.61216 ; 4.32718 ; 5.11271 ; -5.13757
2.77034 ; 2.10965 ; -0.202108 ; 1.38618
3.57613 ; 3.93341 ; 3.59637 ; 5.47216
4.75216 ; 6.19077 ; -5.08638 ; 5.011
4.73505 ; 3.97743 ; -5.10007 ; -5.06231
8.07473 ; 5.07204 ; -2.22566 ; 5.57961
6.5928 ; 6.27275 ; 5.07889 ; 4.99824
8.01872 ; 3.38733 ; 4.13235 ; -4.62149
7.36225 ; 6.34731 ; 4.7609 ; 4.89155
5.42461 ; 5.66629 ; 5.46128 ; -5.25304
4.3848 ; 6.39917 ; -4.95481 ; 4.90225
6.10003 ; 4.36739 ; 5.22944 ; -5.20257
7.18115 ; 3.63763 ; 4.84443 ; -4.87028
6.96089 ; 3.83815 ; 4.95736 ; -4.9712
4.34871 ; 3.5354 ; -4.92054 ; -4.85243
3.72004 ; 6.53418 ; -4.52144 ; 4.76554
4.33534 ; 6.52813 ; -4.91711 ; 4.84598
7.2877 ; 3.43384 ; 4.76198 ; -4.76266
4.2192 ; 6.62303 ; -4.85403 ; 4.78671
5.42125 ; 2.65131 ; 5.25384 ; -3.95946
3.1156 ; 7.19655 ; -3.67275 ; 4.13156
4.76046 ; 2.60931 ; -5.02534 ; -4.05799
4.54321 ; 3.84573 ; -5.03324 ; -5.00327
7.0238 ; 3.7262 ; 4.91935 ; -4.92562
4.12562 ; 4.89986 ; -4.8263 ; 5.11806
4.26701 ; 4.87777 ; -4.94424 ; -5.15971
7.1216 ; 3.61013 ; 4.8657 ; -4.86893
7.2891 ; 3.42991 ; 4.76073 ; -4.76102
6.76392 ; 3.83538 ; 5.01569 ; -4.99541
6.84305 ; 6.32512 ; 5.00427 ; 4.96097
4.84338 ; 5.61351 ; -5.16941 ; 5.16372
5.79548 ; 5.0133 ; -5.37834 ; -5.36834
6.42243 ; 4.67123 ; 5.25271 ; 5.16809
7.89176 ; 2.77588 ; 4.15327 ; -4.10795
7.2902 ; 6.55934 ; 4.78357 ; 4.8064
6.75329 ; 2.73936 ; 4.95062 ; -4.21168
7.10456 ; 6.52215 ; 4.88293 ; 4.84944
4.57334 ; 6.18318 ; -5.04139 ; 4.99419
5.83383 ; 5.37199 ; -5.3104 ; 5.32671
4.82777 ; 6.01493 ; -5.12621 ; 5.07117
4.70383 ; 4.21569 ; -5.11699 ; -5.12044
6.85917 ; 6.45093 ; 4.98386 ; 4.9106
2.60567 ; 8.00094 ; -1.65091 ; 2.24063
7.96843 ; 6.29347 ; 4.23973 ; 4.85766
4.50509 ; 3.96914 ; -5.03331 ; -5.03688
4.77054 ; 4.58898 ; 4.95699 ; -5.36211
5.46497 ; 7.70893 ; -5.28803 ; 3.59728
4.2524 ; 6.5705 ; -4.87785 ; 4.81583
7.01429 ; 3.47129 ; 4.89044 ; -4.8159
4.46434 ; 3.65239 ; -4.98171 ; -4.92102
4.91422 ; 5.34265 ; -5.20787 ; 5.20556
7.08367 ; 6.25538 ; 4.92175 ; 4.95596
5.11107 ; 5.5842 ; -5.23579 ; 5.20024
4.46761 ; 6.38943 ; -4.9844 ; 4.91675
4.97215 ; 4.20931 ; -5.18535 ; -5.15096
4.27347 ; 2.50201 ; -4.75687 ; -3.88386
7.10468 ; 3.63298 ; 4.87572 ; -4.88027
6.67379 ; 6.02961 ; 5.0834 ; 5.06526
6.29757 ; 5.60769 ; -5.12505 ; 5.30226
7.29824 ; 6.64725 ; 4.76621 ; 4.76107
4.49907 ; 5.76209 ; -5.04017 ; 5.09847
3.97489 ; 3.87931 ; -4.74919 ; -4.95068
5.50194 ; 2.49685 ; -5.28507 ; -3.82039
7.19251 ; 3.9923 ; 4.81944 ; 4.7011
4.85794 ; 5.69886 ; -5.16678 ; 5.1496
3.97069 ; 7.11989 ; -4.62763 ; 4.40245
7.07897 ; 7.46504 ; -4.72575 ; 3.71125
5.11049 ; 6.05211 ; -5.18162 ; 5.08415
7.565 ; 6.68132 ; -3.6199 ; 4.62481
7.55752 ; 3.80756 ; 4.61787 ; -4.89866
7.3216 ; 3.39932 ; 4.7392 ; -4.74013
5.15912 ; 5.11287 ; -5.29265 ; 5.24955
7.14743 ; 3.7172 ; 4.86841 ; -4.90483
6.91975 ; 6.38557 ; 4.97229 ; 4.9293
4.85147 ; 5.21888 ; -5.22085 ; -5.18654
6.93315 ; 3.82683 ; 4.96479 ; -4.972
4.67489 ; 3.51124 ; -5.04101 ; -4.86626
8.71214 ; 5.0672 ; 0.528875 ; -5.56607
6.9247 ; 6.42711 ; 4.96489 ; 4.91322
6.44143 ; 4.70544 ; 5.24398 ; 5.17514
7.08257 ; 6.39953 ; 4.90849 ; 4.90233
3.49077 ; 7.21031 ; -4.18042 ; 4.21742
4.70402 ; 8.07415 ; 5.51972 ; 1.72435
6.97541 ; 6.40877 ; 4.95002 ; 4.91327
4.15727 ; 6.657 ; -4.8172 ; 4.75956
4.73986 ; 7.86618 ; -5.13875 ; -0.855436
4.90983 ; 4.32781 ; -5.18412 ; -5.1686
7.00065 ; 3.70594 ; 4.92346 ; -4.92305
4.16191 ; 3.4633 ; -4.82385 ; -4.79132
3.61011 ; 7.86217 ; 4.3706 ; -1.40355
6.32256 ; 6.08473 ; 5.16603 ; 5.08163
4.99536 ; 2.312 ; -5.14507 ; -3.54113
4.49888 ; 5.87725 ; -5.03544 ; 5.07247
6.80012 ; 5.21341 ; 5.07344 ; -5.1224
6.60384 ; 3.98297 ; 5.07699 ; -5.05565
4.92798 ; 5.37963 ; -5.20925 ; 5.20504
3.01563 ; 4.17337 ; -3.63395 ; -5.03563
2.59768 ; 5.77965 ; -1.34345 ; 5.21243
4.74458 ; 6.15222 ; -5.0889 ; 5.02149
3.89347 ; 1.83773 ; -4.32348 ; -1.04567
8.39339 ; 2.03916 ; 3.06178 ; -2.45569
6.94937 ; 6.66498 ; 4.92693 ; 4.79594
6.23007 ; 4.54816 ; 5.22884 ; -5.2226
6.38091 ; 4.46119 ; 5.18647 ; -5.1901
5.50451 ; 5.96336 ; -5.22884 ; 5.13387
3.72289 ; 3.44821 ; -4.51241 ; -4.71483
6.27871 ; 3.9884 ; -5.49285 ; 5.1096
7.04293 ; 3.68202 ; 4.90615 ; -4.90792
4.4224 ; 7.5564 ; 4.92354 ; 3.60038
4.79971 ; 2.66873 ; -5.19373 ; 2.30688
4.46834 ; 6.31615 ; -4.99448 ; 4.94113
5.02626 ; 3.94379 ; -5.31429 ; 4.70331
5.42975 ; 5.82568 ; -5.24503 ; 5.17442
6.36951 ; 5.63845 ; 5.20459 ; 5.19148
5.45596 ; 5.67121 ; -5.2682 ; 5.2193
3.42959 ; 4.91871 ; 2.75281 ; -5.54827
6.81723 ; 4.6286 ; 5.05799 ; -5.15339
6.84529 ; 3.84558 ; 4.99285 ; -4.99024
6.65425 ; 4.34009 ; -4.90077 ; -5.28257
3.8368 ; 6.89586 ; -4.56818 ; 4.56294
5.4654 ; 6.31146 ; 5.16057 ; 4.99695
5.49979 ; 6.41857 ; -5.51124 ; -4.49604
6.89943 ; 3.91542 ; 4.98595 ; -5.00187
4.79846 ; 3.9906 ; -5.1184 ; -5.07229
6.3296 ; 5.62184 ; 5.21462 ; 5.19832
5.84858 ; 4.86778 ; 5.39347 ; 5.31722
4.75758 ; 5.75275 ; -5.1339 ; 5.1273
6.91572 ; 3.80472 ; 4.9668 ; -4.96823
6.89247 ; 6.32899 ; 4.98973 ; 4.95343
4.71667 ; 5.61922 ; -5.1293 ; 5.14819
2.9204 ; 1.9889 ; -2.77178 ; -2.14387
5.6956 ; 4.48874 ; 5.26898 ; -5.26595
5.10566 ; 4.0002 ; -5.34588 ; 4.77579
4.67229 ; 3.9411 ; -5.07925 ; -5.04558
7.82319 ; 7.24567 ; 4.00826 ; -3.15889
6.46624 ; 5.43924 ; 5.19555 ; 5.21081
7.2045 ; 6.59041 ; 4.82551 ; 4.80453
6.87088 ; 3.82223 ; 4.98243 ; -4.98057
7.05428 ; 6.57819 ; 4.89461 ; 4.83212
8.67675 ; 6.05628 ; 1.89188 ; -5.37189
4.53894 ; 3.732 ; -5.01714 ; -4.96215
4.98481 ; 3.91532 ; 5.49996 ; 5.09971
7.20166 ; 3.52394 ; 4.8185 ; -4.82
4.9134 ; 4.1152 ; -5.16173 ; -5.12079
4.66211 ; 3.89605 ; -5.07249 ; -5.03107
6.87535 ; 6.63944 ; -4.57099 ; 4.72016
4.95497 ; 5.54947 ; -5.2043 ; 5.18757
7.10904 ; 8.23304 ; 4.71 ; 1.17543
4.43259 ; 6.43228 ; -4.96615 ; 4.89685
4.5114 ; 6.36855 ; -4.99966 ; 4.92911
5.50872 ; 5.73554 ; 5.25533 ; 5.24482
5.22842 ; 4.29237 ; -5.24394 ; -5.19545
7.13246 ; 3.55289 ; 4.85139 ; -4.84421
7.02158 ; 3.70197 ; 4.91603 ; -4.91817
4.64922 ; 6.20993 ; -5.05788 ; 4.99467
6.20544 ; 6.27507 ; 5.36772 ; -4.54685
7.02915 ; 3.68952 ; 4.91153 ; -4.91267
6.87639 ; 3.82921 ; 4.98228 ; -4.98145
3.1679 ; 5.40156 ; -3.82944 ; 5.20072
7.03066 ; 3.71996 ; 4.91631 ; -4.92254
4.56524 ; 1.92452 ; -4.97312 ; -0.696559
7.1132 ; 6.79426 ; 4.83942 ; 4.70012
6.53234 ; 4.92086 ; 5.19887 ; 5.20163
6.71767 ; 6.18969 ; 5.05417 ; 5.01549
4.56285 ; 6.28132 ; -5.02651 ; 4.96454
6.82339 ; 6.20033 ; 5.0244 ; 5.00063
4.49582 ; 6.30967 ; -5.0039 ; 4.94702
5.13763 ; 4.88897 ; -5.29206 ; -5.26295
6.92065 ; 6.38643 ; 4.97225 ; 4.92925
7.10548 ; 2.09381 ; 4.72362 ; -3.01718
7.4502 ; 6.78811 ; 4.65009 ; 4.65742
5.70652 ; 3.83349 ; 5.18989 ; -5.02694
4.74072 ; 4.48608 ; 5.23856 ; 5.46949
8.32195 ; 7.87187 ; 3.30627 ; 3.03216
7.08019 ; 3.653 ; 4.88681 ; -4.89101
6.06325 ; 2.25835 ; 5.26909 ; -3.32537
6.68507 ; 6.15201 ; 5.06695 ; 5.02893
7.01808 ; 5.68054 ; 4.97417 ; 5.11552
2.70876 ; 1.98936 ; 1.0703 ; -0.403544
6.83182 ; 3.86059 ; 4.99855 ; -4.99584
6.69046 ; 7.09846 ; 4.98847 ; 4.48957
7.18254 ; 3.46104 ; 4.81704 ; -4.79345
7.41238 ; 3.30904 ; 4.67088 ; -4.67308
4.93721 ; 5.91268 ; -5.1637 ; 5.11067
2.60958 ; 1.96439 ; -0.963906 ; -1.11591
6.83664 ; 6.35584 ; 5.00228 ; 4.95071
5.99381 ; 5.57849 ; -5.24192 ; 5.29055
4.84384 ; 5.46844 ; 5.04949 ; 5.37685
5.63853 ; 4.95674 ; -5.38932 ; 5.32923
6.09341 ; 4.08591 ; 5.19645 ; -5.12494
2.64947 ; 5.21612 ; -1.74868 ; -5.53688
6.77563 ; 6.14139 ; 5.04315 ; 5.02275
5.47162 ; 6.64159 ; -5.51806 ; -4.14123
4.8088 ; 4.26638 ; -5.15155 ; -5.14396
4.54287 ; 6.25889 ; -5.02405 ; 4.96828
5.82209 ; 2.08606 ; 5.57143 ; -0.000779331
3.35862 ; 5.04985 ; 2.56503 ; -5.58953
4.20472 ; 3.28302 ; -4.82068 ; -4.68833
5.4154 ; 4.87199 ; -5.34202 ; -5.30651
6.82757 ; 5.92068 ; 5.0447 ; 5.07713
4.61554 ; 6.55183 ; -5.01363 ; 4.85904
6.9781 ; 3.77153 ; 4.94217 ; -4.94837
5.05379 ; 5.69254 ; -5.31825 ; -5.04808
8.61633 ; 8.07194 ; 2.35713 ; 2.14921
7.45413 ; 6.51226 ; 4.68352 ; 4.80688
4.9688 ; 5.05084 ; -5.2422 ; 5.21505
7.08615 ; 6.52187 ; 4.89003 ; 4.85251
7.02104 ; 6.50392 ; 4.9184 ; 4.86973
4.27459 ; 3.56724 ; -4.89247 ; -4.85777
4.30986 ; 7.11437 ; -4.8346 ; 4.44787
4.3733 ; 3.66568 ; -4.94928 ; -4.91531
4.01795 ; 6.79645 ; -4.71348 ; 4.66013
3.9775 ; 5.67208 ; 3.91397 ; 5.33209
5.43879 ; 5.96582 ; -5.22712 ; 5.13048
6.46156 ; 4.3386 ; 5.15327 ; -5.15914
3.84481 ; 4.21313 ; 4.13209 ; 5.56163
4.7521 ; 4.25538 ; -5.1353 ; -5.13462
4.48383 ; 4.07901 ; -5.03349 ; -5.06356
2.79174 ; 5.2839 ; 0.290545 ; -5.64492
3.4716 ; 7.39076 ; -4.1108 ; 4.00934
6.66615 ; 4.89121 ; 5.12693 ; -5.17601
4.02155 ; 3.34028 ; -4.72242 ; -4.69992
7.19946 ; 4.31376 ; 4.86942 ; -5.07553
6.79447 ; 6.45497 ; 5.00468 ; 4.91402
4.57086 ; 4.55738 ; 4.76866 ; -5.36288
5.57499 ; 5.7082 ; 5.2682 ; 5.24932
4.68239 ; 3.85614 ; -5.07346 ; -5.0204
7.05787 ; 3.71201 ; 4.90541 ; -4.91538
4.52398 ; 3.77742 ; -5.01777 ; -4.97716
7.10818 ; 3.60118 ; 4.86871 ; -4.86845
4.46682 ; 3.17609 ; -4.9315 ; -4.63442
7.74854 ; 4.50309 ; -3.218 ; -5.381
3.24047 ; 2.22242 ; -3.32058 ; 1.81253
7.29944 ; 4.19359 ; -4.08165 ; -5.22256
2.90811 ; 3.60334 ; -3.40824 ; -4.70272
5.09757 ; 4.62413 ; -5.25865 ; -5.24158
5.21329 ; 6.03106 ; -5.19897 ; 5.09715
5.48228 ; 3.87586 ; -5.483 ; 4.76244
6.14064 ; 1.96749 ; 5.3425 ; -2.08538
4.81411 ; 6.11077 ; -5.11113 ; 5.04088
5.22581 ; 4.59155 ; -5.27861 ; -5.25421
4.27 ; 3.59307 ; -4.89489 ; -4.86751
5.41789 ; 5.456 ; 5.2935 ; 5.33387
4.21798 ; 3.53707 ; -4.86258 ; -4.83463
3.48733 ; 5.83373 ; -4.30814 ; 5.04426
5.35917 ; 4.31254 ; -5.26239 ; -5.21084
5.20412 ; 4.69019 ; -5.28605 ; -5.26207
4.56407 ; 4.4478 ; -5.08325 ; -5.14923
3.45558 ; 4.44221 ; -4.28217 ; -5.10846
4.28261 ; 3.59485 ; -4.90012 ; -4.87031
4.49709 ; 6.57381 ; -4.97147 ; 4.84084
4.50317 ; 6.36527 ; -4.9982 ; 4.92904
4.65921 ; 6.08958 ; -5.07447 ; 5.03066
4.82162 ; 3.76764 ; -5.10325 ; -4.99491
8.44576 ; 6.58449 ; 3.49322 ; 4.63519
4.91974 ; 4.1952 ; -5.17213 ; -5.14215
7.64748 ; 2.16622 ; 4.25573 ; -3.15133
6.20929 ; 7.23298 ; 5.39942 ; -2.78362
8.70983 ; 4.26131 ; 0.227848 ; -5.21682
7.26618 ; 3.45957 ; 4.77771 ; -4.77957
5.12579 ; 5.19206 ; 5.2679 ; 5.41791
6.53685 ; 5.47282 ; 5.17195 ; 5.19822
5.23262 ; 3.92859 ; -5.39903 ; 4.74358
7.80484 ; 2.89849 ; 4.27337 ; -4.26258
8.79445 ; 5.37896 ; 1.53672 ; 5.40384
3.00593 ; 2.47924 ; 2.3162 ; -3.1117
4.37651 ; 3.69562 ; -4.95521 ; -4.92778
5.45793 ; 3.4897 ; -5.50429 ; 4.24559
4.81483 ; 4.20595 ; -5.14665 ; -5.13271
4.43201 ; 3.75634 ; -4.98407 ; -4.95741
6.48807 ; 6.33129 ; 5.09985 ; 4.981
6.96948 ; 3.81894 ; 4.95221 ; -4.9644
6.58871 ; 6.17645 ; 5.09005 ; 5.03054
4.43755 ; 8.09558 ; -4.89558 ; 0.147475
4.20606 ; 3.51008 ; -4.85307 ; -4.82119
4.4301 ; 3.74318 ; -4.98155 ; -4.95302
4.54186 ; 2.9374 ; -5.02352 ; 2.99888
4.50277 ; 6.40539 ; -4.99254 ; 4.9155
4.90881 ; 4.49188 ; 5.03115 ; -5.32165
7.10072 ; 3.60981 ; 4.87272 ; -4.87275
7.72019 ; 6.56061 ; 4.46844 ; 4.74803
6.43945 ; 8.12029 ; 5.23622 ; 0.621863
7.37913 ; 7.87873 ; -5.0545 ; -1.07244
5.36044 ; 4.22586 ; -5.2522 ; -5.18672
7.36256 ; 3.34986 ; 4.7087 ; -4.70671
7.36978 ; 6.78618 ; 4.70259 ; 4.67217
4.37677 ; 6.39404 ; -4.9531 ; 4.90264
4.38034 ; 6.37791 ; -4.95629 ; 4.90858
5.30323 ; 5.40353 ; 5.27946 ; 5.35709
6.84942 ; 6.23766 ; 5.01368 ; 4.98724
7.16356 ; 3.56677 ; 4.84166 ; -4.84416
3.89911 ; 2.43 ; -4.4633 ; -3.71791
4.61118 ; 3.97282 ; -5.06633 ; -5.04902
6.48551 ; 5.82971 ; 5.15621 ; 5.13849
4.16624 ; 3.47562 ; -4.82811 ; -4.798
6.17378 ; 4.70491 ; -5.25292 ; -5.37368
5.00092 ; 4.64626 ; -5.23831 ; -5.23109
4.52024 ; 6.32002 ; -5.00914 ; 4.94712
3.37819 ; 2.4341 ; 3.67336 ; 2.51092
6.73178 ; 6.2948 ; 5.03896 ; 4.98123
7.0919 ; 3.61484 ; 4.87633 ; -4.87603
6.7252 ; 6.04731 ; 5.0669 ; 5.05462
4.40925 ; 6.52417 ; -4.94515 ; 4.85626
5.43845 ; 5.90996 ; -5.23426 ; 5.14857
5.79355 ; 3.03736 ; 5.57664 ; 3.42389
6.90506 ; 4.93053 ; -4.80581 ; -5.48574
4.62075 ; 4.22005 ; -5.09089 ; -5.11131
5.54758 ; 6.55891 ; -5.53468 ; -4.30449
2.74749 ; 5.84116 ; -0.113589 ; -5.61638
4.87464 ; 4.14283 ; 5.40418 ; 5.29502
5.25436 ; 2.22015 ; -5.2675 ; -3.28667
8.55592 ; 4.72548 ; 2.93053 ; 5.42939
5.70461 ; 7.96567 ; -5.43733 ; 2.82379
8.82959 ; 1.99248 ; 0.88446 ; -1.53739
7.10594 ; 3.78702 ; 4.89387 ; -4.93576
7.10866 ; 5.2016 ; -4.63879 ; -5.51909
7.14911 ; 3.87762 ; 4.88074 ; -4.96292
2.52278 ; 3.42589 ; -1.69054 ; -4.51628
