7.28792 ; 7.58153 ; 4.467 ; 3.76153
7.15457 ; 3.15187 ; 4.60027 ; -4.4133
6.82194 ; 3.77816 ; 4.83459 ; -4.79711
3.72539 ; 3.05103 ; -4.31185 ; -4.28126
7.98585 ; 7.26799 ; 3.94178 ; 3.99072
3.72628 ; 3.02586 ; -4.30607 ; -4.2642
7.45842 ; 6.92196 ; 4.45253 ; 4.37956
7.82115 ; 2.74289 ; 4.07588 ; -3.96384
4.58258 ; 3.66088 ; 4.65919 ; -4.76543
7.15346 ; 6.65715 ; 4.6553 ; 4.57352
6.89362 ; 7.26241 ; 4.72922 ; 4.14793
3.19301 ; 7.28767 ; -3.69202 ; 3.90409
5.91916 ; 8.10515 ; -5.63049 ; -0.606285
8.86221 ; 3.81683 ; 2.3092 ; -4.69659
2.55071 ; 5.90759 ; -0.370069 ; -5.58891
3.07301 ; 6.20098 ; -3.64449 ; 4.70649
4.84441 ; 5.63061 ; -5.10517 ; -5.0373
7.09418 ; 6.08484 ; 4.745 ; 4.85112
7.65826 ; 7.2629 ; 4.24722 ; 4.07188
8.52662 ; 6.04945 ; 3.2747 ; 4.81178
7.65066 ; 7.07129 ; 4.29404 ; 4.23988
3.83356 ; 6.96989 ; -4.39942 ; 4.31588
7.21519 ; 6.67735 ; 4.62156 ; 4.55551
3.30677 ; 7.08372 ; -3.88568 ; 4.12903
5.27254 ; 6.14028 ; -5.09299 ; 4.90474
3.46763 ; 3.44789 ; 3.15198 ; -4.51994
7.96959 ; 3.24322 ; 4.02913 ; -4.35188
7.8926 ; 3.11801 ; 4.08994 ; -4.27515
3.6382 ; 2.95007 ; -4.21996 ; -4.18331
2.85096 ; 8.10756 ; -2.68208 ; 2.28242
6.82821 ; 6.58382 ; 4.82091 ; 4.64535
7.45052 ; 3.95074 ; 4.5149 ; -4.79342
6.89836 ; 6.43903 ; 4.80588 ; 4.71381
7.43854 ; 2.40755 ; 4.3294 ; -3.59963
5.28147 ; 4.94235 ; -5.22376 ; -5.21324
7.29077 ; 3.43314 ; 4.5621 ; -4.56915
6.8945 ; 5.7451 ; -5.09318 ; -5.43239
4.50977 ; 3.76357 ; -4.84656 ; -4.80045
4.12227 ; 6.78048 ; -4.59346 ; 4.48026
8.69353 ; 2.61495 ; -1.82044 ; -3.28173
3.79213 ; 2.88106 ; -4.3277 ; -4.15186
4.10932 ; 6.75927 ; -4.59061 ; 4.48977
3.2641 ; 2.7173 ; -3.75846 ; -3.85141
4.10871 ; 3.96413 ; -4.66462 ; -4.83893
4.00206 ; 7.14782 ; -4.4737 ; 4.21025
4.49424 ; 3.85298 ; -4.84929 ; -4.83714
7.58055 ; 3.16781 ; 4.35062 ; -4.36617
4.53271 ; 3.75159 ; -4.85464 ; -4.79745
5.59224 ; 6.40967 ; -5.45136 ; -4.66707
7.68405 ; 3.0334 ; 4.25302 ; -4.25612
4.68938 ; 4.13639 ; -4.9557 ; -4.968
7.67378 ; 3.05274 ; 4.26492 ; -4.27149
4.1256 ; 3.48658 ; -4.63072 ; -4.62047
3.81307 ; 7.00611 ; -4.37808 ; 4.28888
8.34105 ; 8.20328 ; 3.02549 ; 2.11572
4.28009 ; 6.94839 ; -4.65433 ; 4.38809
7.46593 ; 3.18809 ; 4.42362 ; -4.40321
4.28599 ; 6.68584 ; -4.68734 ; 4.55146
7.52209 ; 3.18709 ; 4.39015 ; -4.39182
6.9399 ; 6.44342 ; 4.7867 ; 4.70775
8.26643 ; 2.94124 ; 3.60814 ; -4.04324
3.93345 ; 3.26724 ; -4.49346 ; -4.46773
4.1464 ; 6.76042 ; -4.60806 ; 4.49421
3.55364 ; 4.21046 ; 3.32841 ; -5.12852
7.82526 ; 7.24572 ; 4.1087 ; 4.0532
8.96388 ; 6.32401 ; 0.310719 ; 4.70523
6.9775 ; 3.89004 ; 4.77659 ; -4.82585
7.20884 ; 3.4539 ; 4.60716 ; -4.5923
4.55003 ; 3.71875 ; -4.85838 ; -4.78446
4.17415 ; 7.39121 ; -4.54915 ; 3.98712
2.89463 ; 4.30237 ; 1.63213 ; -5.17695
8.71699 ; 5.08776 ; 2.49327 ; -5.28103
7.32098 ; 3.39514 ; 4.54024 ; -4.54461
8.76479 ; 7.98342 ; -1.9638 ; 1.81766
4.84053 ; 4.89982 ; -5.08281 ; 5.12424
7.58682 ; 7.01542 ; 4.35188 ; 4.29305
7.14496 ; 3.83852 ; 4.68909 ; -4.78329
6.61109 ; 4.11619 ; 4.95523 ; -4.9539
7.30181 ; 3.59411 ; 4.57836 ; -4.64895
7.21051 ; 5.90925 ; 4.68924 ; 4.90614
7.19631 ; 7.71854 ; 4.51509 ; 3.57532
7.35726 ; 6.86632 ; 4.52062 ; 4.43139
4.49432 ; 6.50259 ; -4.80785 ; 4.67253
4.11464 ; 3.41308 ; -4.61663 ; -4.58091
7.31279 ; 6.72632 ; 4.5653 ; 4.51693
2.50873 ; 5.12046 ; -0.579666 ; -5.5141
6.79334 ; 6.62214 ; 4.83151 ; 4.62727
5.06857 ; 5.76962 ; 5.08817 ; 5.13177
5.16985 ; 7.11868 ; 5.02595 ; 4.19779
3.80336 ; 7.0226 ; -4.36838 ; 4.27678
4.11707 ; 6.8158 ; -4.58573 ; 4.45944
5.24479 ; 7.88802 ; -5.35728 ; -1.55275
7.15254 ; 3.84261 ; 4.68599 ; -4.78364
7.6758 ; 3.17829 ; 4.28842 ; -4.35491
3.30981 ; 2.92146 ; -3.87198 ; -4.07872
7.62334 ; 7.04605 ; 4.32015 ; 4.2638
7.7127 ; 1.9181 ; -4.76581 ; -0.717533
4.621 ; 3.23569 ; -4.84179 ; -4.50886
2.95735 ; 3.7867 ; -3.47301 ; -4.67557
7.39794 ; 6.76036 ; 4.51638 ; 4.48605
3.8985 ; 6.95749 ; -4.44007 ; 4.33717
7.24272 ; 3.39953 ; 4.58167 ; -4.55906
3.08035 ; 4.09237 ; -3.66975 ; -4.84421
6.13635 ; 2.45227 ; 5.04004 ; -3.64166
5.15277 ; 2.02484 ; -5.31677 ; 0.878278
3.98607 ; 3.26635 ; -4.52336 ; -4.47716
2.36384 ; 7.00454 ; -0.795624 ; 3.97961
4.28033 ; 5.8007 ; -4.76669 ; 4.93582
6.78298 ; 2.46079 ; 4.93504 ; 2.33366
6.5831 ; 2.37605 ; 5.08003 ; 2.08586
5.31135 ; 5.86428 ; 5.1532 ; 5.06982
8.75301 ; 4.91103 ; -0.639564 ; 5.58867
7.19651 ; 6.36908 ; 4.66766 ; 4.71343
6.99399 ; 4.12955 ; 4.79095 ; -4.91315
8.50795 ; 6.41592 ; 3.32092 ; 4.58276
6.87425 ; 6.23765 ; 4.8378 ; 4.81056
7.43039 ; 3.27496 ; 4.46144 ; -4.46223
4.37112 ; 5.03439 ; -4.84295 ; -5.08815
7.48935 ; 2.66203 ; 4.32943 ; -3.9315
4.4547 ; 5.37409 ; -4.87558 ; 5.05297
7.07065 ; 6.68772 ; 4.69248 ; 4.56645
6.72052 ; 5.19126 ; -4.99785 ; 5.38325
3.00503 ; 1.91127 ; -2.61641 ; 1.57018
8.73272 ; 7.6516 ; 2.48798 ; 3.1896
6.83385 ; 2.36339 ; -5.6204 ; 2.52696
4.18513 ; 2.66224 ; -4.56487 ; -3.97154
7.33602 ; 6.58087 ; 4.57008 ; 4.59078
3.7544 ; 3.07047 ; -4.33665 ; -4.30202
4.30294 ; 3.07458 ; -4.67712 ; -4.37583
4.51807 ; 6.78723 ; -4.78398 ; 4.51121
7.42503 ; 3.26896 ; 4.4629 ; -4.46019
7.60985 ; 2.20334 ; 4.14611 ; -3.2206
3.89118 ; 6.96828 ; -4.4336 ; 4.32904
3.85459 ; 6.72017 ; -4.44948 ; 4.47494
3.14506 ; 4.02135 ; 2.35646 ; -4.99052
2.6512 ; 5.88382 ; -2.09492 ; -5.37775
4.04689 ; 6.76312 ; -4.55788 ; 4.47803
7.09979 ; 6.68319 ; 4.67914 ; 4.56607
7.31871 ; 6.7618 ; 4.55717 ; 4.49752
7.64318 ; 6.95262 ; 4.32335 ; 4.32481
6.90467 ; 4.33366 ; 4.84814 ; -4.9857
7.73095 ; 7.06364 ; 4.23256 ; 4.22802
5.25848 ; 5.76576 ; 5.15301 ; 5.12536
7.09025 ; 2.1726 ; 4.56405 ; -3.20972
7.44186 ; 3.40761 ; 4.47736 ; -4.53139
7.2062 ; 7.64571 ; 4.51564 ; 3.6812
8.96146 ; 6.14517 ; 1.75381 ; 4.80753
4.24673 ; 6.454 ; -4.70045 ; 4.6675
3.82152 ; 3.02781 ; -4.37559 ; -4.28367
3.70713 ; 3.03869 ; -4.29608 ; -4.26847
6.40977 ; 5.82269 ; -5.37729 ; -5.30672
5.80808 ; 8.24442 ; 5.49271 ; 0.221198
3.7162 ; 3.01686 ; -4.2974 ; -4.25538
3.09974 ; 7.82503 ; -3.35258 ; 3.11164
7.34352 ; 6.75689 ; 4.54606 ; 4.49637
7.31333 ; 6.50434 ; 4.5907 ; 4.63207
3.78935 ; 3.08795 ; -4.36425 ; -4.3218
6.29822 ; 4.50264 ; 5.10458 ; -5.10789
7.61938 ; 3.12477 ; 4.31838 ; -4.33189
4.37431 ; 4.34715 ; -4.83033 ; -4.99922
7.55839 ; 7.01151 ; 4.37101 ; 4.30113
4.71101 ; 3.01878 ; -4.86482 ; -4.34391
7.33014 ; 7.87544 ; 4.39875 ; 3.29688
6.71604 ; 6.35679 ; 4.89172 ; 4.76969
6.38018 ; 6.38202 ; 5.0083 ; 4.77896
7.95472 ; 6.21268 ; 4.103 ; 4.72115
3.23908 ; 2.31875 ; -3.58272 ; -3.27627
4.29192 ; 6.72663 ; -4.6851 ; 4.5299
7.91084 ; 7.40874 ; 3.983 ; 3.86268
3.14692 ; 2.58788 ; -3.55386 ; -3.65117
3.43565 ; 6.92155 ; -4.0583 ; 4.28185
7.62298 ; 7.04831 ; 4.31984 ; 4.26289
6.65721 ; 3.77889 ; 4.90264 ; -4.81232
4.10633 ; 7.29035 ; 5.19643 ; -3.86408
7.35596 ; 6.79591 ; 4.53297 ; 4.47281
6.77074 ; 5.36564 ; -5.07298 ; -5.45286
6.15201 ; 4.32492 ; -5.15293 ; -5.14213
3.84342 ; 6.9677 ; -4.4055 ; 4.31906
7.1225 ; 4.14034 ; -4.46366 ; -5.07512
8.91338 ; 1.90178 ; 1.09453 ; -1.44641
4.11437 ; 6.28237 ; -4.64629 ; 4.73377
3.93297 ; 3.09938 ; -4.46387 ; -4.35647
6.75719 ; 4.09967 ; 4.89617 ; -4.93129
7.48788 ; 3.25371 ; 4.42432 ; -4.43773
7.04792 ; 3.85119 ; 4.73899 ; -4.801
6.85164 ; 2.79848 ; -4.82042 ; -3.92411
4.48123 ; 4.26956 ; -4.87839 ; -4.9885
4.07389 ; 6.62451 ; -4.59187 ; 4.5562
4.17671 ; 3.53051 ; -4.6618 ; -4.64934
6.91372 ; 3.5718 ; 4.76935 ; -4.68864
3.38866 ; 6.97906 ; -3.99848 ; 4.23049
5.26843 ; 5.88279 ; 5.13172 ; 5.07246
4.24631 ; 3.66444 ; -4.71378 ; -4.72529
6.94087 ; 4.02495 ; 4.80776 ; -4.88269
4.56634 ; 7.83465 ; -4.75992 ; 3.36571
7.22683 ; 4.50496 ; -4.41247 ; -5.26965
7.66923 ; 3.05467 ; 4.26752 ; -4.27379
7.56214 ; 2.95882 ; 4.32368 ; -4.21911
3.78452 ; 7.0149 ; -4.3585 ; 4.27705
3.86494 ; 3.22936 ; -4.44463 ; -4.43307
7.96963 ; 2.75282 ; 3.93004 ; -3.93583
3.72733 ; 7.1076 ; -4.2967 ; 4.19954
4.17073 ; 7.60074 ; -4.52495 ; 3.7291
3.47499 ; 6.12387 ; 3.12358 ; 4.9397
3.76272 ; 3.07311 ; -4.3427 ; -4.30579
4.04767 ; 3.45852 ; -4.58731 ; -4.59625
3.59605 ; 7.22427 ; -4.15926 ; 4.07106
4.14802 ; 6.71499 ; -4.6157 ; 4.51883
8.00368 ; 7.26432 ; 3.92368 ; 3.98943
8.94874 ; 7.15298 ; -0.47014 ; 3.76588
7.53575 ; 3.15692 ; 4.3754 ; -4.37064
4.21613 ; 8.19568 ; 5.38686 ; 0.225375
6.07458 ; 3.56766 ; 5.04422 ; -4.72576
6.52995 ; 5.77968 ; 5.09975 ; -4.9487
5.0181 ; 3.40944 ; -4.99973 ; -4.63439
7.90299 ; 4.16794 ; -3.2126 ; -5.09193
4.14992 ; 3.34249 ; -4.62543 ; -4.54635
3.89089 ; 6.96859 ; -4.43379 ; 4.32926
3.84496 ; 3.16101 ; -4.41762 ; -4.38434
4.22491 ; 3.59711 ; -4.6948 ; -4.68976
3.91244 ; 3.23485 ; -4.47521 ; -4.44564
2.69818 ; 6.06105 ; 0.890266 ; 4.94879
7.67044 ; 3.06583 ; 4.2698 ; -4.27987
4.65052 ; 4.34552 ; 4.84309 ; -5.18003
7.0203 ; 6.31708 ; 4.76282 ; 4.75867
7.02508 ; 3.56142 ; 4.71501 ; -4.67129
2.419 ; 4.03919 ; -0.949083 ; -4.92301
4.43682 ; 6.33095 ; -4.80291 ; 4.74957
7.0958 ; 3.53464 ; 4.67654 ; -4.64905
4.12701 ; 6.22436 ; 4.21868 ; 4.8825
8.38968 ; 1.97075 ; 2.63855 ; 1.82394
4.89338 ; 2.54047 ; -4.9356 ; -3.82587
5.5332 ; 3.07396 ; -5.49007 ; 3.83548
2.72799 ; 4.24405 ; 0.993583 ; -5.1279
5.65762 ; 1.85518 ; -5.53229 ; -0.262334
6.62787 ; 2.26399 ; -5.69302 ; 2.0723
3.76101 ; 7.05416 ; -4.33379 ; 4.24624
8.89127 ; 6.09745 ; -0.0782467 ; 4.90656
8.68267 ; 6.10354 ; 2.92333 ; 4.79303
4.10407 ; 3.33206 ; -4.60065 ; -4.53469
7.79918 ; 2.92636 ; 4.14021 ; -4.14533
3.76542 ; 7.07129 ; -4.3322 ; 4.23562
7.49499 ; 6.93728 ; 4.42688 ; 4.36275
7.72502 ; 1.90179 ; 3.89947 ; 0.967115
8.30691 ; 3.88106 ; 3.64117 ; -4.71568
4.22837 ; 6.68152 ; -4.66065 ; 4.54716
7.51668 ; 1.6939 ; 4.14445 ; -1.05982
3.94851 ; 6.85451 ; -4.48935 ; 4.4096
7.79979 ; 2.91647 ; 4.13697 ; -4.13808
6.50977 ; 6.8992 ; -4.85272 ; 4.37219
5.38098 ; 5.3895 ; 5.24489 ; 5.25405
8.94203 ; 5.5524 ; 1.36442 ; 5.21252
3.99857 ; 6.77328 ; -4.53131 ; 4.46428
3.54011 ; 5.6112 ; -4.21167 ; 4.94551
8.13518 ; 5.54764 ; 3.86908 ; 5.00124
7.62041 ; 6.68399 ; 4.37608 ; 4.50052
3.68785 ; 7.13821 ; -4.25801 ; 4.16597
7.14551 ; 7.6529 ; -4.73549 ; 3.22766
5.03133 ; 3.49621 ; -5.23802 ; 4.32521
4.08218 ; 2.7531 ; -4.51032 ; -4.0622
6.47762 ; 6.49628 ; 4.96494 ; 4.71329
4.26319 ; 6.37481 ; 4.41657 ; 4.77031
7.39915 ; 3.29593 ; 4.48174 ; -4.47957
3.9999 ; 6.75227 ; -4.53528 ; 4.47579
7.53783 ; 6.93885 ; 4.39983 ; 4.35363
6.76873 ; 6.44626 ; 4.86103 ; 4.72149
6.7199 ; 6.52504 ; 4.87174 ; 4.68444
7.688 ; 3.0387 ; 4.25236 ; -4.25816
3.61189 ; 2.90948 ; -4.18742 ; -4.14227
4.12638 ; 3.82964 ; -4.66621 ; -4.78429
4.97941 ; 5.17653 ; 5.22313 ; -5.39412
8.81206 ; 5.52615 ; 1.77645 ; -5.42878
3.80042 ; 7.02481 ; -4.36647 ; 4.27508
7.62125 ; 3.08308 ; 4.3065 ; -4.30409
2.86886 ; 6.15388 ; -3.2798 ; 4.73886
4.62361 ; 6.40237 ; -4.87233 ; 4.7344
8.59902 ; 3.93495 ; 3.10004 ; -4.75199
7.80839 ; 8.3751 ; 3.75183 ; -0.0481857
4.19259 ; 2.7403 ; -4.5781 ; -4.05858
7.26987 ; 5.54764 ; 4.63743 ; -4.93718
6.63137 ; 6.45208 ; 4.91447 ; 4.7285
3.59911 ; 2.9092 ; -4.17637 ; -4.13905
4.16427 ; 3.38843 ; -4.63795 ; -4.57338
8.11731 ; 7.48915 ; 3.72003 ; 3.70319
7.25471 ; 3.51315 ; 4.59244 ; -4.6156
5.63845 ; 4.47071 ; -5.22185 ; -5.16399
6.93202 ; 3.70272 ; 4.7766 ; -4.75121
3.37478 ; 6.53245 ; -4.03359 ; 4.53198
3.69782 ; 2.89328 ; -4.25669 ; -4.14611
5.02437 ; 1.97763 ; -5.23269 ; 0.665689
6.09609 ; 1.90366 ; 5.24724 ; -1.86842
3.56054 ; 3.79388 ; -4.24963 ; -4.71486
7.76466 ; 2.93853 ; 4.16954 ; -4.16422
7.78691 ; 2.93613 ; 4.15183 ; -4.15607
3.81967 ; 3.14226 ; -4.39715 ; -4.36619
7.32479 ; 6.70788 ; 4.56218 ; 4.52495
8.96345 ; 4.0508 ; 0.740334 ; -4.9262
3.72741 ; 3.03545 ; -4.30917 ; -4.27087
7.53463 ; 6.90196 ; 4.40852 ; 4.37742
2.86793 ; 7.80795 ; -2.92666 ; 3.02352
7.82453 ; 7.22571 ; 4.11452 ; 4.07121
4.1147 ; 6.69866 ; -4.60253 ; 4.52235
4.50303 ; 4.23149 ; -4.88491 ; -4.96853
4.36081 ; 7.97546 ; -4.63033 ; 3.08698
7.52052 ; 3.1821 ; 4.38984 ; -4.38967
7.2126 ; 2.04632 ; 4.52262 ; 1.18189
7.28389 ; 3.4609 ; 4.56989 ; -4.58455
3.75204 ; 7.09014 ; -4.31858 ; 4.21859
6.04073 ; 3.68641 ; 5.06291 ; -4.79565
7.23203 ; 6.1929 ; 4.66209 ; 4.79113
4.06703 ; 6.98435 ; -4.53482 ; 4.34408
3.95263 ; 3.39346 ; -4.52417 ; -4.54725
7.65483 ; 6.75849 ; 4.34172 ; 4.45105
2.41393 ; 2.95824 ; -1.7486 ; -3.85033
4.33989 ; 6.76591 ; -4.70372 ; 4.5113
5.5239 ; 4.805 ; -5.25356 ; -5.23242
8.04932 ; 7.56916 ; 3.77788 ; 3.6212
7.61566 ; 2.84734 ; 4.26672 ; -4.11033
3.60464 ; 2.01291 ; -3.94147 ; -2.75847
5.6976 ; 5.89676 ; 5.18297 ; 5.04585
2.90139 ; 7.84041 ; -2.9786 ; 2.97907
7.72907 ; 7.14512 ; 4.21527 ; 4.16339
3.75047 ; 7.06564 ; -4.32384 ; 4.23588
4.15649 ; 6.58216 ; -4.63897 ; 4.58916
7.7073 ; 2.99987 ; 4.2285 ; -4.22564
7.42854 ; 3.58807 ; -4.01016 ; -4.68239
3.68013 ; 1.6785 ; -3.92285 ; -1.04541
4.70336 ; 6.71064 ; -4.86816 ; 4.56979
4.32634 ; 3.41962 ; -4.7232 ; -4.60739
5.25917 ; 7.11768 ; -5.01051 ; 4.2603
3.93082 ; 6.90403 ; -4.46984 ; 4.37742
7.3972 ; 3.38239 ; 4.49866 ; -4.52506
3.96203 ; 3.24117 ; -4.50524 ; -4.45853
3.72512 ; 6.1267 ; -4.38579 ; 4.76607
5.80379 ; 2.55213 ; -5.17498 ; -3.7451
3.36863 ; 6.61182 ; -4.02091 ; 4.48325
2.4334 ; 2.86051 ; -1.83107 ; -3.73018
4.52861 ; 7.4465 ; -4.74233 ; 3.9372
7.57882 ; 3.14596 ; 4.34627 ; -4.35436
3.89475 ; 3.21858 ; -4.46145 ; -4.43238
3.60422 ; 4.59251 ; 3.77467 ; 5.61049
7.00298 ; 3.43397 ; 4.7099 ; -4.60493
7.37208 ; 3.33509 ; 4.50375 ; -4.50481
7.83075 ; 5.53075 ; -3.41337 ; 5.31792
6.94248 ; 7.24549 ; 4.82776 ; -3.12535
5.95382 ; 8.21818 ; 5.29944 ; 2.04597
8.10025 ; 6.61072 ; 3.9196 ; 4.48666
3.9325 ; 3.21896 ; -4.48406 ; -4.43991
3.83538 ; 3.11399 ; -4.40158 ; -4.34988
6.99173 ; 6.68531 ; 4.73207 ; 4.57534
3.63167 ; 7.18548 ; -4.20013 ; 4.11315
7.74761 ; 7.15954 ; 4.19668 ; 4.14713
7.69615 ; 8.21409 ; 3.98481 ; 2.39135
7.71833 ; 8.04225 ; -4.82446 ; -1.32235
4.47809 ; 1.89526 ; -4.73297 ; -2.47447
4.02232 ; 6.21861 ; 4.07947 ; 4.88446
7.3229 ; 3.39386 ; 4.53954 ; -4.54393
7.35446 ; 6.57209 ; 4.56174 ; 4.59283
7.41433 ; 3.29534 ; 4.47384 ; -4.4764
6.78758 ; 7.63722 ; 4.7693 ; 3.70457
4.15624 ; 3.71353 ; 4.22952 ; -4.79102
8.34914 ; 8.10693 ; -3.423 ; 1.14624
4.74465 ; 4.97546 ; -5.03589 ; 5.11787
7.1163 ; 3.58829 ; 4.67346 ; -4.67323
4.17541 ; 6.65349 ; -4.63872 ; 4.55506
7.29536 ; 3.12088 ; 4.51721 ; -4.37878
4.13291 ; 3.66248 ; -4.65512 ; -4.70895
3.96708 ; 3.29568 ; -4.51799 ; -4.49072
4.74494 ; 5.83748 ; -4.97753 ; 4.97801
4.0113 ; 3.38934 ; -4.55816 ; -4.55373
3.9978 ; 6.87026 ; -4.51363 ; 4.40929
3.75985 ; 3.08559 ; -4.34382 ; -4.31336
3.39552 ; 6.87296 ; -4.02242 ; 4.30985
8.44916 ; 8.15588 ; 2.83355 ; 2.19715
2.581 ; 1.89192 ; 1.0779 ; 0.997764
6.50037 ; 3.82806 ; -4.932 ; -4.88551
4.55761 ; 5.56193 ; -4.91832 ; 5.03151
7.72811 ; 3.00136 ; 4.21373 ; -4.22102
4.6479 ; 3.47861 ; -4.87507 ; -4.66527
7.76243 ; 2.10956 ; -4.41524 ; -2.12741
4.2354 ; 6.72994 ; -4.65728 ; 4.52222
3.91212 ; 7.18485 ; -4.41044 ; 4.16663
4.6633 ; 5.93096 ; -5.01466 ; -4.84751
3.89994 ; 2.86253 ; -4.40308 ; -4.15076
4.78543 ; 3.81457 ; -4.96054 ; -4.84712
7.30022 ; 6.70224 ; 4.57479 ; 4.53112
7.4827 ; 3.25597 ; 4.42737 ; -4.44004
7.43144 ; 6.84107 ; 4.48357 ; 4.43361
3.3755 ; 6.94883 ; -3.98902 ; 4.25062
7.52624 ; 4.08206 ; 4.46697 ; -4.83652
7.25165 ; 6.52287 ; 4.62198 ; 4.6303
4.02132 ; 6.87419 ; -4.52469 ; 4.41086
6.25977 ; 3.87585 ; 5.04013 ; -4.88438
8.84384 ; 6.1326 ; -0.370746 ; 4.88655
5.19088 ; 4.18602 ; -5.12024 ; -5.03205
7.14307 ; 6.62366 ; 4.66492 ; 4.59193
2.43941 ; 8.22882 ; -0.135239 ; 0.879562
3.1093 ; 3.46022 ; 2.35965 ; -4.50104
7.79716 ; 7.16844 ; 4.15256 ; 4.12765
7.72282 ; 7.01894 ; 4.24805 ; 4.26268
3.91306 ; 3.25963 ; -4.48042 ; -4.45994
4.0059 ; 6.9059 ; -4.51153 ; 4.38977
5.90346 ; 4.99593 ; 5.28527 ; 5.24984
4.5336 ; 7.10251 ; -4.76405 ; 4.2813
7.04152 ; 6.52624 ; -4.43147 ; 4.66003
4.56265 ; 5.15543 ; -4.95019 ; -5.10473
7.18138 ; 3.60503 ; 4.64291 ; -4.67221
3.78623 ; 7.02669 ; -4.35709 ; 4.27061
5.03613 ; 4.77106 ; -5.13599 ; -5.16318
4.11506 ; 6.75225 ; -4.59422 ; 4.49389
8.15599 ; 3.22938 ; 3.81172 ; -4.31204
7.81288 ; 1.90973 ; 3.85526 ; -2.43867
4.42949 ; 3.62402 ; -4.7956 ; -4.72726
7.5913 ; 3.18361 ; 4.3475 ; -4.3734
6.26287 ; 4.57219 ; 5.12275 ; -5.12788
7.51396 ; 6.93565 ; 4.41557 ; 4.36005
7.03273 ; 6.58162 ; 4.72512 ; 4.62729
6.94725 ; 2.36374 ; 4.66154 ; -3.55806
7.69311 ; 3.03009 ; 4.24669 ; -4.25139
3.97751 ; 3.28908 ; -4.52247 ; -4.48885
6.36724 ; 3.73712 ; 4.9953 ; -4.81096
4.62104 ; 3.90555 ; -4.90751 ; -4.86955
3.5147 ; 7.8366 ; -3.91286 ; 3.24618
6.71876 ; 8.22575 ; 4.94965 ; -0.23223
5.93518 ; 4.62672 ; 5.31874 ; 5.21751
7.41589 ; 3.3461 ; 4.48247 ; -4.50248
4.57186 ; 4.13989 ; -4.90917 ; -4.95658
7.15575 ; 6.274 ; -4.3207 ; 4.84953
4.63245 ; 4.49921 ; -4.95955 ; -5.06526
6.63708 ; 6.64715 ; 4.89225 ; 4.62107
7.55784 ; 7.03676 ; 4.36653 ; 4.28405
4.13169 ; 7.12385 ; -4.55448 ; 4.24301
4.16165 ; 7.1658 ; -4.56664 ; 4.21
2.38876 ; 6.64288 ; -0.823498 ; 4.38815
7.45253 ; 3.30386 ; 4.455 ; -4.47323
5.44895 ; 2.20449 ; -5.19406 ; -3.17307
5.48813 ; 5.91651 ; 5.16914 ; 5.04746
4.40006 ; 6.66001 ; -4.74533 ; 4.57779
7.58866 ; 3.15028 ; 4.34232 ; -4.35437
7.40325 ; 6.9995 ; 4.47249 ; 4.33602
8.8097 ; 3.17702 ; -0.923038 ; -4.13103
4.67926 ; 7.59537 ; -4.81519 ; 3.74404
5.02274 ; 3.22782 ; -4.98865 ; -4.51007
7.22951 ; 6.66346 ; 4.6165 ; 4.56056
7.65617 ; 2.11516 ; -4.55571 ; -2.18771
4.208 ; 6.61732 ; -4.65928 ; 4.57797
7.58545 ; 3.15387 ; 4.34462 ; -4.35688
4.12198 ; 3.48354 ; -4.62895 ; -4.61879
6.82138 ; 6.51808 ; 4.83125 ; 4.68049
7.47015 ; 6.87924 ; 4.45376 ; 4.40343
3.50266 ; 6.77779 ; 4.04755 ; -4.97825
3.68871 ; 3.47828 ; -4.34241 ; -4.56002
4.12749 ; 2.5628 ; -4.51696 ; -3.84598
4.27532 ; 3.74045 ; -4.73675 ; -4.76283
7.14523 ; 6.77629 ; 4.64474 ; 4.50908
6.07965 ; 5.29952 ; 5.20633 ; -5.19092
7.26054 ; 6.77883 ; 4.58467 ; 4.49561
3.77081 ; 7.01357 ; -4.34969 ; 4.2752
8.09724 ; 1.68067 ; 3.29367 ; -0.257226
8.96928 ; 3.94647 ; 0.672619 ; -4.85057
7.60985 ; 3.11571 ; 4.32189 ; -4.32903
7.3554 ; 3.35589 ; 4.51624 ; -4.51846
4.09665 ; 3.3192 ; -4.59496 ; -4.52656
6.61117 ; 3.66696 ; 4.90783 ; -4.76197
3.59343 ; 2.20517 ; 4.62995 ; 2.09556
7.70272 ; 6.68298 ; 4.31163 ; 4.49098
8.45214 ; 3.30763 ; -2.00704 ; -4.32774
3.79276 ; 6.1464 ; -4.43808 ; 4.76554
7.61436 ; 3.16377 ; 4.32939 ; -4.3569
6.7672 ; 6.63995 ; 4.84024 ; 4.61902
7.72966 ; 2.98222 ; 4.20745 ; -4.20688
7.53536 ; 7.00743 ; 4.38691 ; 4.30848
5.88308 ; 3.62947 ; 5.07455 ; -4.76574
2.34891 ; 2.73454 ; -0.985027 ; -3.48924
6.6284 ; 8.33569 ; 4.9779 ; 1.07797
3.98673 ; 5.03631 ; -4.57775 ; 5.02773
7.82327 ; 2.90368 ; 4.11442 ; -4.12141
4.38562 ; 5.19888 ; -4.85171 ; -5.07646
7.36981 ; 6.80864 ; 4.52371 ; 4.46358
7.5047 ; 6.95634 ; 4.41711 ; 4.34911
3.85081 ; 6.98952 ; -4.40501 ; 4.308
4.54842 ; 7.80159 ; -4.74908 ; 3.42533
8.08621 ; 7.03137 ; 3.87973 ; 4.1806
7.06741 ; 6.42524 ; 4.72783 ; 4.70229
4.70499 ; 4.94959 ; -5.01476 ; -5.1322
7.00069 ; 2.41007 ; 4.63073 ; -3.63003
7.34019 ; 6.5781 ; 4.56854 ; 4.59141
3.26417 ; 7.05275 ; -3.84042 ; 4.1461
5.50484 ; 7.41306 ; -4.90967 ; 3.92839
7.38935 ; 6.93459 ; 4.49111 ; 4.38278
6.33349 ; 8.26686 ; 5.21272 ; 0.20147
2.35147 ; 2.57972 ; -0.884225 ; -3.22111
6.93505 ; 3.67398 ; 4.77196 ; -4.73733
7.55593 ; 6.9402 ; 4.38791 ; 4.34932
3.81181 ; 7.02915 ; -4.37169 ; 4.27488
5.00946 ; 2.51853 ; -4.98634 ; -3.78795
8.89701 ; 4.46724 ; 1.83952 ; -5.12736
7.68539 ; 3.65847 ; 4.32877 ; -4.63747
3.90371 ; 6.88851 ; -4.4569 ; 4.38168
4.77958 ; 6.11741 ; -4.96128 ; 4.87686
4.90937 ; 5.48422 ; -5.07167 ; 5.09336
3.95835 ; 3.25861 ; -4.50616 ; -4.46771
7.25683 ; 3.49092 ; 4.588 ; -4.60428
7.80541 ; 7.20932 ; 4.13548 ; 4.09059
4.7165 ; 3.83444 ; -4.93752 ; -4.85082
7.05491 ; 7.22052 ; 4.64922 ; 4.182
7.60212 ; 7.02223 ; 4.34032 ; 4.28519
3.90995 ; 6.84519 ; -4.46869 ; 4.40801
5.31236 ; 4.00839 ; -5.12629 ; -4.9661
3.96341 ; 6.99928 ; -4.47156 ; 4.32036
8.7836 ; 3.57645 ; -0.741227 ; -4.56883
3.97313 ; 6.88267 ; -4.49789 ; 4.39802
7.29427 ; 3.41603 ; 4.55751 ; -4.56008
4.39395 ; 3.40898 ; -4.7548 ; -4.6074
3.73879 ; 3.05274 ; -4.3209 ; -4.28568
4.51534 ; 6.69205 ; -4.79367 ; 4.56932
4.29616 ; 3.41013 ; -4.70742 ; -4.59945
7.63061 ; 3.07156 ; 4.29793 ; -4.29444
2.92382 ; 7.20414 ; -2.65197 ; -4.0459
7.07637 ; 7.04704 ; 4.65302 ; 4.32959
8.65355 ; 1.71365 ; 1.87397 ; 0.0805066
4.78184 ; 5.14533 ; -5.05797 ; -5.13767
3.15025 ; 2.58995 ; -3.55876 ; -3.6547
8.66455 ; 3.79455 ; 2.95353 ; -4.66729
7.80155 ; 3.84234 ; 4.23814 ; -4.71593
3.91361 ; 3.02933 ; -4.43937 ; -4.29961
7.18054 ; 2.80934 ; 4.55081 ; -4.11855
4.28362 ; 6.37806 ; -4.7273 ; 4.70902
4.29861 ; 2.67014 ; -4.63476 ; -3.98823
4.98155 ; 4.95311 ; -5.1296 ; -5.17112
5.08067 ; 5.79532 ; 5.08881 ; 5.12142
4.96685 ; 4.38243 ; -5.07771 ; -5.07572
7.5753 ; 6.99671 ; 4.36325 ; 4.30703
6.0551 ; 4.8424 ; -5.26226 ; -5.30176
4.20164 ; 5.9921 ; -4.71471 ; 4.86382
6.75577 ; 6.35328 ; 4.87633 ; 4.7681
6.14886 ; 6.32685 ; 5.07469 ; 4.81865
3.92799 ; 6.83538 ; -4.48088 ; 4.41678
8.94019 ; 4.19049 ; 0.548705 ; -5.03164
6.94459 ; 5.95398 ; -4.62021 ; 5.05868
5.12008 ; 4.45774 ; -5.13125 ; -5.11294
7.05837 ; 6.58183 ; 4.71287 ; 4.62424
5.685 ; 3.48979 ; -5.10972 ; -4.68246
3.55477 ; 6.84942 ; -4.18893 ; 4.35252
2.8102 ; 4.42328 ; 1.32445 ; -5.24846
6.54433 ; 4.30151 ; 4.9998 ; -5.02201
7.7419 ; 2.99372 ; 4.20167 ; -4.21179
5.39509 ; 5.80467 ; -5.15839 ; 5.05701
4.75002 ; 6.21225 ; -4.94064 ; 4.83396
7.3584 ; 3.42183 ; 4.52545 ; -4.55209
2.69114 ; 4.5993 ; -2.37683 ; 5.36565
3.97321 ; 3.5395 ; -4.55314 ; -4.62896
3.75231 ; 7.55403 ; 4.13596 ; 3.33373
6.00874 ; 3.78617 ; -5.10891 ; -4.86521
6.15037 ; 8.20224 ; -5.59364 ; 0.722797
7.17998 ; 6.69335 ; 4.63709 ; 4.55178
6.57286 ; 3.97569 ; 4.95478 ; -4.90454
7.45438 ; 3.02309 ; 4.4054 ; -4.28631
3.98784 ; 3.07277 ; -4.49438 ; -4.34417
7.67144 ; 3.05751 ; 4.26731 ; -4.27456
7.70949 ; 3.02419 ; 4.23358 ; -4.2426
3.80936 ; 6.98958 ; -4.37978 ; 4.29835
3.86182 ; 6.98257 ; -4.41289 ; 4.31434
7.44398 ; 6.95668 ; 4.45477 ; 4.35976
7.23756 ; 6.15724 ; 4.66127 ; 4.80562
3.70363 ; 3.29139 ; -4.33354 ; -4.44689
3.90206 ; 1.71975 ; -4.20074 ; -0.268623
2.45037 ; 6.11191 ; -0.56582 ; 4.86815
7.07105 ; 3.84115 ; 4.72684 ; -4.79413
3.57338 ; 7.24357 ; -4.13438 ; 4.0483
6.87932 ; 4.14311 ; -4.70909 ; -5.07395
2.37489 ; 2.28477 ; -0.790002 ; -2.59546
4.1901 ; 7.40849 ; 4.5454 ; 3.67734
6.84693 ; 6.22988 ; 4.84992 ; 4.81651
7.36077 ; 3.21381 ; 4.49093 ; -4.43561
3.97476 ; 3.53055 ; -4.55315 ; -4.62507
7.32457 ; 6.75859 ; 4.55508 ; 4.49815
3.7788 ; 7.20943 ; -4.31279 ; 4.12286
3.92565 ; 7.10436 ; -4.43215 ; 4.23696
7.67675 ; 3.06642 ; 4.26654 ; -4.27874
3.87908 ; 6.92944 ; -4.43499 ; 4.35145
2.60137 ; 3.54581 ; -0.105005 ; 5.34263
3.7936 ; 3.30999 ; -4.40586 ; -4.47268
2.76892 ; 3.55029 ; -3.08951 ; -4.50485
7.34677 ; 6.65643 ; 4.55713 ; 4.54958
7.21478 ; 2.91512 ; 4.54132 ; -4.21733
6.69636 ; 5.79088 ; 4.95494 ; 4.9994
8.10695 ; 4.06855 ; 3.57477 ; 5.04155
5.04564 ; 5.45362 ; -5.18615 ; -5.13231
8.43419 ; 7.34382 ; 3.29371 ; 3.77086
5.7148 ; 6.11508 ; 5.15129 ; 4.9434
7.5497 ; 7.07678 ; 4.36449 ; 4.25609
3.69595 ; 3.01138 ; -4.28114 ; -4.24606
4.64502 ; 6.71539 ; -4.84548 ; 4.56385
3.80492 ; 7.02049 ; -4.36952 ; 4.27793
7.50636 ; 3.24942 ; 4.41277 ; -4.43089
5.66055 ; 6.30864 ; 5.12437 ; 4.84096
3.83336 ; 6.98869 ; -4.39491 ; 4.3046
2.40463 ; 6.58546 ; -0.604857 ; 4.44923
6.43061 ; 3.77412 ; 4.9806 ; -4.82557
6.74206 ; 4.04341 ; 4.89642 ; -4.91359
4.31844 ; 7.05124 ; -4.66367 ; 4.31491
8.50934 ; 5.79538 ; 3.28508 ; 4.94366
4.40789 ; 3.74082 ; -4.79917 ; -4.77936
2.37004 ; 6.97947 ; -0.681433 ; 4.01053
3.59223 ; 7.21803 ; -4.15763 ; 4.0752
3.34313 ; 8.29154 ; -3.39731 ; -0.738586
7.77759 ; 7.18189 ; 4.16592 ; 4.121
7.86974 ; 7.27135 ; 4.06093 ; 4.0182
3.98743 ; 3.2411 ; -4.51988 ; -4.46257
7.30347 ; 6.76657 ; 4.56405 ; 4.49709
3.87596 ; 6.89238 ; -4.44089 ; 4.37443
3.77688 ; 7.41476 ; 4.05904 ; 3.58655
3.88718 ; 3.59971 ; -4.50292 ; -4.65003
6.67672 ; 4.11424 ; 4.9299 ; -4.94588
4.38818 ; 3.80366 ; -4.79717 ; -4.80429
4.76723 ; 5.70338 ; -4.99815 ; 5.02219
7.16556 ; 3.84528 ; 4.6799 ; -4.78301
2.69342 ; 3.13467 ; 1.34028 ; -4.08135
7.37957 ; 6.80296 ; 4.51987 ; 4.46488
3.89939 ; 3.23732 ; -4.46809 ; -4.44439
6.77688 ; 1.96499 ; -5.40638 ; -1.82569
7.6708 ; 7.06883 ; 4.27935 ; 4.23706
7.59995 ; 2.93594 ; 4.29355 ; -4.19398
7.0251 ; 4.3448 ; 4.78766 ; -4.97452
8.41363 ; 4.91934 ; 3.32824 ; 5.19615
6.76829 ; 4.78349 ; 4.96341 ; 5.09939
7.43912 ; 3.29326 ; 4.46023 ; -4.47029
3.80979 ; 7.75084 ; -4.22906 ; 3.46326
7.45104 ; 6.84832 ; 4.47098 ; 4.42581
7.24143 ; 3.55908 ; 4.60569 ; -4.64057
5.05021 ; 1.93318 ; 5.48987 ; -1.69776
5.04243 ; 8.07721 ; -5.23542 ; -0.799605
3.67172 ; 7.13883 ; -4.24563 ; 4.16189
3.84721 ; 6.97096 ; -4.40672 ; 4.3182
3.65691 ; 2.96477 ; -4.23899 ; -4.19985
4.08577 ; 3.4193 ; -4.6028 ; -4.5806
3.72672 ; 7.17274 ; 3.82494 ; 3.9361
6.67422 ; 1.93021 ; 4.86436 ; -2.50661
4.87096 ; 6.50865 ; 4.86975 ; 4.69783
4.83161 ; 1.76957 ; -5.02237 ; -1.55535
4.40007 ; 3.89654 ; -4.81211 ; -4.84404
3.78515 ; 7.0538 ; -4.34946 ; 4.25234
7.77158 ; 2.95581 ; 4.16931 ; -4.17528
7.26765 ; 5.76494 ; 4.62804 ; -4.859
4.13779 ; 3.50495 ; -4.63895 ; -4.63112
4.10631 ; 3.54678 ; -4.62811 ; -4.64811
8.72709 ; 7.41119 ; 2.63056 ; 3.57001
8.8659 ; 4.80109 ; 1.8557 ; -5.27494
2.7446 ; 2.67427 ; -2.83179 ; -3.60775
6.82116 ; 7.50167 ; 4.75412 ; 3.88491
8.93098 ; 4.01739 ; 1.84293 ; -4.85702
3.88474 ; 6.84802 ; -4.45336 ; 4.40184
2.98818 ; 6.56586 ; -3.50146 ; 4.47589
7.9964 ; 4.85352 ; -3.25649 ; 5.59407
7.80834 ; 2.91162 ; 4.12909 ; -4.13199
3.8474 ; 7.28641 ; -4.34812 ; 4.06101
4.06984 ; 8.37187 ; -4.39136 ; 0.52908
4.60725 ; 3.8813 ; -4.89974 ; -4.8615
7.68479 ; 7.09722 ; 4.26223 ; 4.21283
4.01644 ; 6.80349 ; -4.53513 ; 4.45072
7.8136 ; 5.68189 ; 4.23727 ; 4.94598
4.53494 ; 6.41411 ; -4.83534 ; 4.7207
6.88907 ; 6.12021 ; 4.84214 ; 4.85738
7.86244 ; 3.20596 ; 4.13194 ; -4.34308
3.81837 ; 8.14364 ; 4.85712 ; 1.26758
2.94162 ; 2.29824 ; 2.8047 ; -2.53543
7.77866 ; 2.91208 ; 4.15213 ; -4.1396
2.57043 ; 6.43625 ; -0.276182 ; -5.37945
7.2202 ; 3.82587 ; 4.64845 ; -4.76821
7.60151 ; 7.05804 ; 4.33262 ; 4.2604
3.81547 ; 2.37225 ; 4.96147 ; 2.79623
5.93766 ; 7.24352 ; 5.06467 ; 4.14053
4.0406 ; 6.7447 ; -4.55781 ; 4.48611
6.13575 ; 2.7306 ; 5.00832 ; -4.02212
5.8747 ; 7.05769 ; 5.07131 ; 4.31532
3.83887 ; 3.16065 ; -4.41402 ; -4.38283
4.80321 ; 7.66999 ; -4.87749 ; 3.62915
4.2929 ; 4.71296 ; -4.79484 ; -5.0641
6.75659 ; 6.55163 ; 4.85428 ; 4.66794
3.89501 ; 7.0393 ; -4.42323 ; 4.28242
7.38447 ; 1.91725 ; 4.30824 ; -2.5343
7.12343 ; 3.81343 ; 4.69758 ; -4.77636
2.75013 ; 2.24827 ; 1.14326 ; 2.88374
3.93577 ; 4.48062 ; 4.41953 ; 5.56677
4.24352 ; 6.69187 ; -4.6662 ; 4.54363
4.22505 ; 3.4712 ; -4.67899 ; -4.62482
7.85217 ; 5.63 ; -3.18831 ; 5.25862
7.10069 ; 6.77257 ; 4.6676 ; 4.51537
8.43195 ; 2.92518 ; 3.34207 ; -3.98294
7.83834 ; 6.83646 ; 4.1742 ; 4.37255
5.97074 ; 5.14099 ; 5.26329 ; -5.22605
3.88932 ; 6.88939 ; -4.44863 ; 4.37863
6.62297 ; 3.84714 ; 4.92279 ; -4.84569
7.6656 ; 3.1506 ; 4.2913 ; -4.33889
7.45663 ; 3.34103 ; 4.4591 ; -4.49227
3.85666 ; 3.05016 ; -4.40412 ; -4.30676
3.2679 ; 7.01073 ; -3.85274 ; 4.18137
3.84363 ; 7.01273 ; -4.39559 ; 4.2918
7.7639 ; 2.95757 ; 4.17485 ; -4.17837
3.73379 ; 7.1017 ; -4.30265 ; 4.20532
5.94663 ; 2.25536 ; 5.13782 ; -3.25002
2.74833 ; 7.60971 ; -2.75786 ; 3.31052
4.25793 ; 2.20351 ; -4.57242 ; -3.29007
4.03988 ; 3.3454 ; -4.5677 ; -4.53292
7.51573 ; 3.23364 ; 4.40388 ; -4.41974
3.64299 ; 5.41167 ; -4.30435 ; 4.99131
3.77259 ; 4.3618 ; -4.44085 ; -4.95121
7.60817 ; 3.12324 ; 4.32456 ; -4.33355
7.76517 ; 2.95381 ; 4.17307 ; -4.17576
7.26549 ; 3.33584 ; 4.56083 ; -4.52126
7.34348 ; 6.82121 ; 4.53517 ; 4.4606
4.32644 ; 6.12989 ; -4.77131 ; 4.82384
5.25764 ; 4.47647 ; -5.16639 ; -5.13173
6.9477 ; 5.18804 ; 4.85676 ; 5.09115
8.30708 ; 2.36509 ; 3.35156 ; -3.29351
7.76855 ; 7.03999 ; 4.2054 ; 4.23794
7.24835 ; 2.31819 ; 4.4607 ; -3.47515
7.59285 ; 7.00709 ; 4.34988 ; 4.29681
4.0692 ; 6.6826 ; -4.58193 ; 4.52436
5.30279 ; 5.90466 ; -5.12995 ; 5.01049
4.31515 ; 6.52205 ; -4.72407 ; 4.64233
4.19213 ; 3.70364 ; -4.69095 ; -4.73579
7.35756 ; 6.94199 ; 4.50835 ; 4.38227
2.44058 ; 8.225 ; -0.312891 ; 0.975814
8.39241 ; 6.77924 ; 3.49594 ; 4.32747
4.00176 ; 3.46545 ; -4.56229 ; -4.59401
5.26624 ; 4.05277 ; 5.08423 ; -5.01081
4.93617 ; 8.06865 ; -4.99396 ; 2.77944
3.76461 ; 7.05208 ; -4.33627 ; 4.24828
7.50333 ; 2.9897 ; 4.36843 ; -4.25315
3.96617 ; 3.16029 ; -4.4945 ; -4.40574
4.39344 ; 5.86321 ; -4.82181 ; 4.92875
7.57584 ; 6.75097 ; 4.40145 ; 4.46593
4.58749 ; 6.10422 ; -4.89015 ; 4.86247
3.96917 ; 6.8811 ; -4.49646 ; 4.39804
4.45361 ; 3.69421 ; -4.81425 ; -4.76331
3.79778 ; 2.11363 ; -4.17333 ; -3.04699
7.59226 ; 3.14495 ; 4.33922 ; -4.35072
7.18213 ; 6.53614 ; 4.65627 ; 4.63266
5.78507 ; 6.13792 ; -5.12639 ; 4.92785
7.77486 ; 7.12336 ; 4.18216 ; 4.17062
3.99506 ; 6.27194 ; -4.57492 ; 4.72551
3.49997 ; 3.38425 ; -4.16024 ; -4.47633
4.97344 ; 2.11481 ; -5.01785 ; -3.05154
7.67446 ; 4.46241 ; 4.28797 ; 4.97525
4.34126 ; 6.21382 ; -4.77144 ; 4.79034
3.50792 ; 7.56014 ; -3.98739 ; 3.67506
6.60639 ; 7.83617 ; -5.17315 ; 2.95149
4.59233 ; 6.56052 ; -4.84199 ; 4.65021
7.20301 ; 7.1438 ; -4.37595 ; 4.03021
8.01931 ; 3.31769 ; 3.98428 ; -4.39523
7.79552 ; 2.9253 ; 4.1422 ; -4.14562
4.62986 ; 5.63783 ; -4.94628 ; 5.02289
7.63427 ; 3.22672 ; 4.32584 ; -4.39303
7.41698 ; 6.8785 ; 4.48469 ; 4.41355
4.32938 ; 4.70022 ; -4.81497 ; -5.06665
7.42963 ; 3.32963 ; 4.47212 ; -4.49124
4.17079 ; 3.02461 ; -4.59898 ; -4.32557
8.76503 ; 4.51059 ; -0.562503 ; -5.26966
7.42119 ; 6.91843 ; 4.47519 ; 4.38825
6.96583 ; 5.22295 ; 4.84619 ; 5.08714
7.57342 ; 6.88976 ; 4.38443 ; 4.37879
3.07273 ; 7.63205 ; -3.39475 ; 3.42483
5.25599 ; 8.24658 ; 5.62168 ; 0.682643
7.47042 ; 6.9001 ; 4.44966 ; 4.39077
3.67555 ; 7.13296 ; -4.24985 ; 4.16691
4.22599 ; 7.78063 ; -4.61231 ; -1.99972
4.39142 ; 3.81095 ; -4.79919 ; -4.80725
7.493 ; 3.21363 ; 4.41227 ; -4.41348
3.67953 ; 2.98417 ; -4.26186 ; -4.22117
4.04717 ; 7.72182 ; 5.25573 ; -2.70827
6.83917 ; 6.59289 ; 4.81544 ; 4.63996
4.48085 ; 1.95789 ; -4.73056 ; -2.68718
3.99534 ; 6.3845 ; -4.56771 ; 4.67223
7.30747 ; 4.70117 ; 4.62702 ; -5.01525
7.11154 ; 3.4774 ; 4.66103 ; -4.61733
4.40706 ; 5.90014 ; -4.82601 ; 4.91864
2.65224 ; 3.66981 ; -2.79389 ; -4.58992
2.46333 ; 6.30089 ; -0.264856 ; 4.72237
4.23569 ; 6.65437 ; -4.6676 ; 4.56212
3.46112 ; 1.73316 ; -3.58201 ; 0.228141
8.69957 ; 1.79359 ; 1.97407 ; -1.24474
7.44206 ; 7.14458 ; 4.42539 ; 4.21595
6.75295 ; 4.0259 ; 4.89047 ; -4.90638
6.89956 ; 3.94218 ; 4.81811 ; -4.85692
4.98162 ; 6.47675 ; -4.98503 ; 4.71794
3.27165 ; 2.97673 ; -3.83843 ; -4.12015
5.72943 ; 4.49936 ; -5.3865 ; 5.23835
7.53355 ; 3.19123 ; 4.38498 ; -4.3916
4.91476 ; 7.91644 ; 5.28347 ; 2.81241
4.28034 ; 2.89942 ; -4.7094 ; 3.28378
3.96889 ; 6.81026 ; -4.50883 ; 4.43854
4.49483 ; 4.41412 ; -4.91164 ; 4.94932
4.90524 ; 6.34312 ; -4.97756 ; 4.78379
6.88997 ; 6.1576 ; 4.83855 ; 4.84237
4.92914 ; 6.19314 ; -5.00168 ; 4.85681
3.70487 ; 4.36388 ; 3.65353 ; -5.21906
7.32303 ; 4.11326 ; 4.60587 ; -4.86874
7.34457 ; 3.34656 ; 4.51989 ; -4.51602
6.16417 ; 3.81184 ; -5.0719 ; -4.87912
3.37999 ; 7.35215 ; -3.90676 ; 3.88926
5.98146 ; 6.81115 ; 5.05568 ; 4.51561
4.94866 ; 5.96897 ; -5.16805 ; -4.88252
7.39802 ; 3.41523 ; 4.5031 ; -4.54211
4.28662 ; 3.48337 ; -4.71116 ; -4.63831
6.85106 ; 6.14167 ; 4.85642 ; 4.85222
6.38793 ; 5.3995 ; 5.10578 ; 5.1351
4.24419 ; 6.26548 ; -4.71868 ; 4.75647
7.4124 ; 3.3079 ; 4.47722 ; -4.48303
7.39144 ; 6.82433 ; 4.50957 ; 4.45088
4.20374 ; 6.13404 ; -4.70736 ; 4.80836
2.64323 ; 1.77451 ; -1.6506 ; -0.884817
6.2225 ; 3.96215 ; 5.05967 ; -4.92595
4.57107 ; 4.47778 ; -4.95701 ; 4.98593
4.16436 ; 3.43654 ; -4.64405 ; -4.59922
8.22402 ; 6.92978 ; 3.27662 ; -4.1605
6.98579 ; 5.96032 ; 4.80793 ; 4.90976
7.68705 ; 7.07087 ; 4.26653 ; 4.23201
7.36913 ; 3.32417 ; 4.50316 ; -4.50049
7.54374 ; 7.06141 ; 4.3711 ; 4.26851
8.86594 ; 5.51909 ; 0.889152 ; -5.53278
4.03722 ; 3.23578 ; -4.54824 ; -4.46651
5.5348 ; 4.42529 ; 5.41448 ; 5.25209
7.68351 ; 3.04194 ; 4.25567 ; -4.26137
4.39723 ; 3.60312 ; -4.7789 ; -4.71364
4.15486 ; 3.39294 ; -4.63433 ; -4.57462
6.41825 ; 7.11146 ; -4.9205 ; 4.17189
4.43454 ; 6.06823 ; -4.82718 ; 4.86048
7.58004 ; 8.35058 ; 4.0688 ; -0.0421281
3.93598 ; 6.92197 ; -4.46926 ; 4.36761
4.01144 ; 6.86146 ; -4.52179 ; 4.41636
6.03426 ; 6.26002 ; 5.10402 ; 4.85767
4.70403 ; 3.77283 ; -4.92668 ; -4.82243
7.6176 ; 3.06847 ; 4.30535 ; -4.29539
7.51318 ; 3.21015 ; 4.40016 ; -4.407
4.14343 ; 6.7094 ; -4.61463 ; 4.52071
6.74221 ; 5.82039 ; 4.98305 ; -4.87999
7.5203 ; 3.19826 ; 4.39359 ; -4.39849
7.37462 ; 3.33106 ; 4.50202 ; -4.50273
2.78495 ; 5.92163 ; -3.06976 ; 4.87888
7.52229 ; 3.22771 ; 4.39916 ; -4.41506
4.06793 ; 1.85487 ; -4.40774 ; 0.480235
7.59715 ; 7.26427 ; 4.29426 ; 4.08181
7.05223 ; 5.44102 ; 4.79229 ; 5.04741
7.22308 ; 6.69124 ; 4.61591 ; 4.54776
4.06019 ; 6.77778 ; -4.56225 ; 4.47252
7.32583 ; 6.70039 ; 4.5627 ; 4.52829
3.99543 ; 6.80437 ; -4.52433 ; 4.44667
4.60843 ; 4.36267 ; -4.9406 ; -5.02907
7.41787 ; 6.87936 ; 4.48447 ; 4.41331
7.57784 ; 1.79209 ; 4.09527 ; -2.01533
7.91521 ; 7.25385 ; 4.02025 ; 4.02293
6.22551 ; 3.33079 ; 4.99984 ; -4.57069
5.26458 ; 5.03303 ; 5.29437 ; 5.34467
8.65258 ; 8.17509 ; 2.28407 ; 1.93019
7.56887 ; 3.1639 ; 4.35633 ; -4.36684
6.59016 ; 1.92582 ; 4.91813 ; -2.46931
7.19176 ; 6.6549 ; 4.63634 ; 4.56979
7.51549 ; 6.1921 ; 4.48128 ; 4.76447
2.81579 ; 1.94901 ; 2.599 ; 1.019
7.33168 ; 3.36101 ; 4.52901 ; -4.52534
7.18931 ; 7.54742 ; 4.53623 ; 3.8138
7.66425 ; 2.9817 ; 4.25562 ; -4.22103
7.87947 ; 2.84173 ; 4.04636 ; -4.05054
4.42084 ; 6.42375 ; -4.7851 ; 4.70422
2.51319 ; 1.8528 ; 0.442811 ; 0.277674
7.33686 ; 6.85091 ; 4.53393 ; 4.44384
5.46961 ; 6.10754 ; -5.12565 ; 4.93109
5.34879 ; 6.00613 ; 5.13209 ; 5.00988
5.0996 ; 5.48966 ; -5.13414 ; 5.11921
6.61306 ; 3.57341 ; 4.89675 ; -4.71257
2.4746 ; 4.66243 ; -0.746473 ; -5.32069
7.27994 ; 6.64367 ; 4.59305 ; 4.56451
4.91981 ; 6.22746 ; -5.16191 ; -4.6682
4.29364 ; 3.75198 ; -4.74665 ; -4.77001
4.04047 ; 6.75572 ; -4.55606 ; 4.48063
6.37924 ; 2.08598 ; 5.2049 ; 1.09926
3.61512 ; 4.4909 ; 3.5001 ; -5.28945
3.72266 ; 2.81419 ; -4.26093 ; -4.07497
4.8812 ; 4.34134 ; -5.04579 ; -5.05462
7.33204 ; 6.42839 ; 4.58679 ; 4.6686
4.11418 ; 7.03773 ; -4.55481 ; 4.30983
7.47231 ; 3.27669 ; 4.43813 ; -4.45406
4.52197 ; 5.18774 ; -4.92914 ; -5.09477
8.85204 ; 8.28686 ; 1.13644 ; 0.86874
7.92248 ; 6.99295 ; 4.06726 ; 4.24364
4.44458 ; 5.57234 ; -4.86244 ; 5.01504
7.57515 ; 7.00712 ; 4.36112 ; 4.30065
7.51288 ; 6.99089 ; 4.40488 ; 4.32433
3.78534 ; 3.08146 ; -4.36031 ; -4.31681
3.8264 ; 7.55916 ; -4.2815 ; 3.74563
3.87838 ; 3.17414 ; -4.44229 ; -4.40029
3.5466 ; 7.26246 ; -4.10502 ; 4.02442
4.3689 ; 6.20529 ; 4.51219 ; 4.89948
4.91607 ; 6.47887 ; -4.96607 ; 4.7142
6.97689 ; 3.82268 ; 4.76914 ; -4.79919
4.25802 ; 4.7693 ; 4.75764 ; 5.51286
4.23857 ; 3.74192 ; -4.719 ; -4.75872
3.98048 ; 3.57265 ; -4.56023 ; -4.64618
2.82079 ; 4.7194 ; 1.38592 ; -5.41278
3.06052 ; 7.79169 ; -3.30324 ; 3.15477
7.17884 ; 4.37361 ; 4.70369 ; -4.96158
3.5493 ; 2.87029 ; -4.12042 ; -4.09177
7.6864 ; 3.80621 ; 4.33532 ; -4.70876
7.29493 ; 6.94637 ; 4.54388 ; 4.38667
5.04772 ; 4.0211 ; 5.00269 ; -4.99915
6.10181 ; 6.23313 ; 5.09529 ; 4.86843
4.17504 ; 3.3541 ; -4.63918 ; -4.55561
7.54841 ; 3.22047 ; 4.38212 ; -4.40522
4.0222 ; 3.2797 ; -4.54651 ; -4.49111
7.59505 ; 3.11434 ; 4.3301 ; -4.33166
3.97367 ; 2.71265 ; -4.43149 ; -4.00668
7.42674 ; 3.96499 ; -4.02635 ; -4.96395
2.90842 ; 2.40368 ; -2.40771 ; 3.18628
6.89127 ; 3.67133 ; -4.63338 ; -4.77025
2.56728 ; 3.13307 ; -2.48187 ; -4.09961
4.57171 ; 4.09997 ; -4.90602 ; -4.94307
4.69339 ; 6.54078 ; -4.88328 ; 4.66803
4.93398 ; 4.3521 ; -5.15326 ; 5.00909
6.67489 ; 1.75895 ; 4.92981 ; -1.06996
4.303 ; 6.61485 ; -4.70542 ; 4.59157
4.69795 ; 4.06613 ; -4.95276 ; -4.94401
3.78051 ; 3.10632 ; -4.36266 ; -4.33232
5.94724 ; 5.98938 ; 5.15152 ; 4.99156
3.73172 ; 3.05361 ; -4.31655 ; -4.28443
3.05651 ; 6.33815 ; -3.61932 ; 4.62762
4.83293 ; 3.79145 ; -4.9745 ; -4.83987
4.67551 ; 4.16399 ; -4.95289 ; -4.97548
4.05575 ; 3.93288 ; -4.6315 ; -4.82073
3.02737 ; 3.93137 ; -3.5904 ; -4.76076
3.7926 ; 3.10782 ; -4.37076 ; -4.336
3.99994 ; 7.0579 ; -4.48496 ; 4.28252
4.00335 ; 6.85818 ; -4.51866 ; 4.41672
4.15176 ; 6.59265 ; -4.63555 ; 4.58357
4.31129 ; 3.26815 ; -4.69949 ; -4.5142
8.79508 ; 7.04801 ; 2.56225 ; 3.99524
4.40253 ; 3.68099 ; -4.7902 ; -4.75174
8.07305 ; 1.85109 ; 3.4779 ; -2.12354
6.74923 ; 6.95462 ; 4.98156 ; -3.66734
8.73262 ; 3.73962 ; -0.913833 ; -4.724
7.74395 ; 2.98161 ; 4.19698 ; -4.20264
5.65258 ; 5.73385 ; 5.20706 ; 5.11504
7.05404 ; 5.99264 ; 4.77156 ; 4.89101
4.69271 ; 4.40295 ; -5.02738 ; 4.98078
8.23218 ; 2.47223 ; 3.5098 ; -3.49522
8.94812 ; 5.91934 ; 0.474227 ; 5.02348
3.23755 ; 2.16807 ; 3.64339 ; -2.16606
3.88099 ; 3.20284 ; -4.44984 ; -4.41969
4.9075 ; 3.91426 ; -5.15779 ; 4.72716
4.30016 ; 3.69268 ; -4.74319 ; -4.74519
3.93361 ; 3.2606 ; -4.49235 ; -4.46441
6.99806 ; 6.82939 ; 4.71244 ; 4.48795
7.4647 ; 3.3225 ; 4.45154 ; -4.48093
7.09771 ; 6.67951 ; 4.68036 ; 4.56772
3.94799 ; 8.11033 ; -4.29319 ; -1.06153
3.72075 ; 3.02796 ; -4.30327 ; -4.26421
3.93195 ; 3.24788 ; -4.48908 ; -4.45707
4.03951 ; 3.23728 ; -4.51049 ; 3.85787
4.00352 ; 6.89694 ; -4.51182 ; 4.39454
5.41192 ; 3.95971 ; 5.10119 ; -4.9585
7.58799 ; 3.12253 ; 4.33607 ; -4.33818
8.16704 ; 7.03542 ; 3.77928 ; 4.15983
6.96307 ; 8.18248 ; 4.74993 ; -0.518646
6.87368 ; 7.77148 ; -5.58967 ; -2.30924
4.83522 ; 3.70719 ; -4.9673 ; -4.7992
7.83343 ; 2.87919 ; 4.09899 ; -4.09756
7.84004 ; 7.2534 ; 4.09361 ; 4.04259
3.88146 ; 6.88431 ; -4.44541 ; 4.37986
3.88471 ; 6.86877 ; -4.44987 ; 4.38949
5.83118 ; 5.93924 ; 5.17099 ; 5.01998
7.35079 ; 6.73638 ; 4.54537 ; 4.506
7.64773 ; 3.08235 ; 4.28933 ; -4.29707
3.45278 ; 2.05821 ; -3.77109 ; -2.82183
4.10455 ; 3.46792 ; -4.6184 ; -4.60865
7.00113 ; 6.34356 ; 4.76861 ; 4.74913
3.68343 ; 2.99582 ; -4.26767 ; -4.23103
5.64849 ; 4.16754 ; -5.18259 ; -5.05131
4.47709 ; 4.12315 ; -4.86684 ; -4.94086
4.01933 ; 6.81473 ; -4.53454 ; 4.44526
3.74553 ; 2.68519 ; 4.74717 ; 3.75938
7.23567 ; 6.79292 ; 4.59567 ; 4.49054
7.57954 ; 3.12724 ; 4.34179 ; -4.34294
7.23189 ; 6.55277 ; 4.62876 ; 4.6179
3.91473 ; 7.00979 ; -4.44025 ; 4.30587
4.91502 ; 6.42482 ; -4.97155 ; 4.74251
6.35121 ; 3.37975 ; 5.22608 ; 4.18241
6.42448 ; 4.38196 ; -5.0653 ; -5.17951
4.11166 ; 3.70892 ; -4.64821 ; -4.72794
4.99411 ; 6.12846 ; -5.196 ; -4.77437
2.73613 ; 5.27952 ; 0.98796 ; -5.61189
5.41505 ; 4.67233 ; 5.37688 ; 5.32328
4.72761 ; 1.89149 ; -4.90999 ; -2.40988
8.84897 ; 5.26842 ; 2.04273 ; 5.29093
5.16088 ; 8.24805 ; -5.18 ; 1.90562
8.91803 ; 1.83874 ; -0.572563 ; -0.178634
7.59533 ; 3.29344 ; 4.36279 ; -4.44138
6.64478 ; 4.64969 ; -5.00311 ; -5.28038
7.63718 ; 3.38133 ; 4.34336 ; -4.4888
2.35372 ; 2.97426 ; -0.510272 ; -3.83069
