7.73462 ; 7.95768 ; 3.77913 ; 2.77693
7.61459 ; 2.71054 ; 3.97531 ; -3.67495
7.30539 ; 3.29844 ; 4.32538 ; -4.25341
3.29421 ; 2.62291 ; -3.53255 ; -3.49189
8.38003 ; 7.66706 ; 3.02492 ; 3.07871
3.29568 ; 2.59944 ; -3.52539 ; -3.46668
7.90367 ; 7.35992 ; 3.74129 ; 3.62267
8.22873 ; 2.34651 ; 3.2093 ; -3.04481
5.0485 ; 3.18433 ; 5.03257 ; -4.19362
7.61899 ; 7.1145 ; 4.04828 ; 3.91251
7.36654 ; 7.6772 ; 4.18169 ; 3.30567
2.82381 ; 7.67808 ; -2.69131 ; 2.964
5.35611 ; 8.04453 ; -5.39679 ; -2.00398
9.09313 ; 3.34717 ; 1.04035 ; -4.07562
2.51371 ; 5.3487 ; 0.978963 ; -5.68692
2.70856 ; 6.67163 ; -2.67799 ; 4.13836
4.33389 ; 5.12688 ; -4.65268 ; -5.12436
7.56868 ; 6.56995 ; 4.1691 ; 4.36089
8.08298 ; 7.67009 ; 3.45143 ; 3.18615
8.85409 ; 6.53063 ; 2.21375 ; 4.28725
8.08007 ; 7.49528 ; 3.51248 ; 3.42287
3.39362 ; 7.40148 ; -3.65385 ; 3.5351
7.67735 ; 7.1329 ; 3.99557 ; 3.88613
2.9182 ; 7.49662 ; -2.94923 ; 3.27592
4.76324 ; 6.63076 ; -4.78674 ; 4.40471
3.78283 ; 2.9959 ; 4.2149 ; -3.84811
8.3725 ; 2.80803 ; 3.14497 ; -3.60046
8.30159 ; 2.6905 ; 3.2255 ; -3.48565
3.2162 ; 2.53174 ; -3.40528 ; -3.35395
2.58275 ; 8.33581 ; -1.40637 ; 0.869179
7.3103 ; 7.04836 ; 4.31008 ; 4.016
7.90201 ; 3.4714 ; 3.83382 ; -4.28915
7.37894 ; 6.91041 ; 4.27751 ; 4.12389
7.87148 ; 2.04759 ; 3.57426 ; -2.57493
4.75909 ; 4.42103 ; -4.89241 ; -5.00036
7.74698 ; 2.97622 ; 3.90708 ; -3.91009
6.38519 ; 5.20187 ; -5.37124 ; -5.44117
4.02512 ; 3.28352 ; -4.32518 ; -4.25726
3.66293 ; 7.22851 ; -3.94413 ; 3.77435
8.51148 ; 2.28678 ; -3.43291 ; -2.24291
3.35936 ; 2.46587 ; -3.56033 ; -3.30802
3.65026 ; 7.20824 ; -3.93841 ; 3.78966
2.88825 ; 2.33216 ; -2.78446 ; -2.90584
3.64225 ; 3.48024 ; -4.0378 ; -4.34867
3.55469 ; 7.56885 ; -3.7713 ; 3.38062
4.00931 ; 3.36926 ; -4.32495 ; -4.31892
8.01561 ; 2.73119 ; 3.59365 ; -3.61074
4.04724 ; 3.27185 ; -4.33937 ; -4.25133
5.04711 ; 5.94297 ; -5.14508 ; -5.12526
8.10935 ; 2.60779 ; 3.45452 ; -3.45117
4.19381 ; 3.63959 ; -4.48538 ; -4.53043
8.10027 ; 2.62559 ; 3.47109 ; -3.47349
3.66253 ; 3.02454 ; -3.99401 ; -3.98703
3.37526 ; 7.43499 ; -3.62398 ; 3.49528
8.6436 ; 8.41485 ; 1.8469 ; 0.665788
3.81466 ; 7.3872 ; -4.04595 ; 3.63778
7.90829 ; 2.74777 ; 3.70324 ; -3.66083
3.81726 ; 7.14099 ; -4.09008 ; 3.8814
7.96111 ; 2.7479 ; 3.65237 ; -3.64599
7.41857 ; 6.9142 ; 4.24657 ; 4.11561
8.62725 ; 2.53692 ; 2.58042 ; -3.16426
3.4841 ; 2.82047 ; -3.79041 ; -3.75878
3.6856 ; 7.20984 ; -3.9668 ; 3.79558
3.88648 ; 3.69761 ; 4.29942 ; -4.64038
8.23613 ; 7.65103 ; 3.25437 ; 3.16184
8.99495 ; 6.79453 ; -1.16749 ; 4.04635
7.45515 ; 3.40746 ; 4.2264 ; -4.31138
7.66956 ; 2.99467 ; 3.97762 ; -3.94308
4.06419 ; 3.2403 ; -4.34744 ; -4.2295
3.71923 ; 7.78992 ; -3.88947 ; 3.08155
3.05785 ; 3.78468 ; 2.9418 ; -4.68992
8.96632 ; 4.55965 ; 1.36325 ; -5.09224
7.775 ; 2.94068 ; 3.87436 ; -3.87265
8.56841 ; 8.16519 ; -3.70845 ; 0.434427
4.33225 ; 5.41225 ; -4.64136 ; 5.00454
8.02201 ; 7.44473 ; 3.59471 ; 3.49859
7.61387 ; 3.36019 ; 4.09103 ; -4.25091
7.10662 ; 3.6208 ; 4.50719 ; -4.50637
7.75964 ; 3.12922 ; 3.92697 ; -4.03879
7.67943 ; 6.39987 ; 4.08533 ; 4.46765
7.64782 ; 8.07607 ; 3.8494 ; 2.53932
7.80932 ; 7.30946 ; 3.84347 ; 3.69729
4.01353 ; 6.96985 ; -4.2755 ; 4.06307
3.65297 ; 2.95499 ; -3.97388 ; -3.92488
7.76932 ; 7.17801 ; 3.90788 ; 3.82845
2.45077 ; 4.56905 ; 0.753947 ; -5.27714
7.27649 ; 7.08487 ; 4.33015 ; 3.98798
5.57739 ; 6.28279 ; 5.15937 ; 4.70033
5.67245 ; 7.53845 ; 5.10706 ; 3.44005
3.36652 ; 7.45028 ; -3.61028 ; 3.47732
3.6585 ; 7.26174 ; -3.93327 ; 3.74246
4.70906 ; 7.73275 ; -4.92421 ; -2.8996
7.62114 ; 3.36424 ; 4.08596 ; -4.25232
8.10464 ; 2.7428 ; 3.50197 ; -3.59752
2.92261 ; 2.51359 ; -2.93365 ; -3.21654
8.05536 ; 7.47243 ; 3.54928 ; 3.45691
7.23612 ; 1.84635 ; -5.6785 ; 0.698035
4.13683 ; 2.7848 ; -4.34374 ; -3.81816
2.61005 ; 3.31914 ; -2.45226 ; -4.09053
7.84957 ; 7.20897 ; 3.83161 ; 3.78311
3.45449 ; 7.39121 ; -3.71487 ; 3.56429
7.70089 ; 2.94363 ; 3.93964 ; -3.89206
2.71337 ; 3.60795 ; -2.71804 ; -4.36387
6.64035 ; 2.08811 ; 4.70669 ; -2.71269
4.6211 ; 2.11267 ; -4.86652 ; 2.26294
3.53374 ; 2.81863 ; -3.83599 ; -3.77045
2.28428 ; 7.4025 ; 0.735756 ; 3.08012
3.80366 ; 6.29428 ; -4.19157 ; 4.52822
7.27649 ; 2.69416 ; 4.35094 ; 3.57659
7.0911 ; 2.58464 ; 4.53955 ; 3.35884
5.82667 ; 6.37127 ; 5.12177 ; 4.62582
8.68905 ; 5.4699 ; -2.02701 ; 5.33495
7.66327 ; 6.84042 ; 4.05674 ; 4.13756
7.47308 ; 3.63824 ; 4.24097 ; -4.46838
8.84004 ; 6.8742 ; 2.24545 ; 3.94071
7.35803 ; 6.7187 ; 4.31925 ; 4.27836
7.87653 ; 2.82874 ; 3.7566 ; -3.7485
3.88683 ; 4.52558 ; -4.29582 ; -4.94678
7.92229 ; 2.26888 ; 3.57331 ; -3.00656
3.96714 ; 5.87939 ; -4.34898 ; 4.7789
7.53989 ; 7.14436 ; 4.10889 ; 3.89938
6.22074 ; 5.72959 ; -5.23188 ; 5.083
2.74339 ; 2.06829 ; -1.43547 ; 3.28722
8.98152 ; 7.97056 ; 1.14977 ; 2.03191
6.27181 ; 2.61609 ; -5.79966 ; 3.82921
3.72864 ; 2.26509 ; -3.91402 ; -3.07193
7.79303 ; 7.03994 ; 3.91164 ; 3.94649
3.32074 ; 2.64027 ; -3.56773 ; -3.52084
3.83523 ; 2.637 ; -4.07884 ; -3.62319
4.03967 ; 7.23835 ; -4.25213 ; 3.82035
7.87132 ; 2.82294 ; 3.75933 ; -3.74494
8.02446 ; 1.88128 ; 3.31551 ; -2.08471
3.44782 ; 7.40118 ; -3.70558 ; 3.55233
3.40965 ; 7.16766 ; -3.72304 ; 3.7753
3.3807 ; 3.5223 ; 3.56621 ; -4.44354
2.4417 ; 5.34605 ; -0.937474 ; -5.53385
3.5911 ; 7.21093 ; -3.88687 ; 3.77364
7.5677 ; 7.13979 ; 4.08714 ; 3.89932
7.77443 ; 7.21155 ; 3.89641 ; 3.79784
8.07551 ; 7.3851 ; 3.5512 ; 3.54799
7.38948 ; 3.83509 ; 4.32473 ; -4.60218
8.15421 ; 7.48644 ; 3.42417 ; 3.40858
5.77378 ; 6.2783 ; 5.13882 ; 4.69984
7.54666 ; 1.85163 ; 3.90877 ; -2.10564
7.8896 ; 2.95447 ; 3.77578 ; -3.85783
7.65777 ; 8.01383 ; 3.85099 ; 2.67569
9.13684 ; 6.62592 ; 0.40782 ; 4.21281
3.77669 ; 6.92075 ; -4.09934 ; 4.06517
3.38396 ; 2.59945 ; -3.62573 ; -3.49234
3.27752 ; 2.61184 ; -3.51016 ; -3.47391
5.87204 ; 5.29202 ; -5.38904 ; -5.37687
6.35735 ; 8.26654 ; 5.16619 ; -1.18248
3.28646 ; 2.59132 ; -3.51298 ; -3.45423
2.76448 ; 8.1362 ; -2.25297 ; 1.91443
7.79813 ; 7.20653 ; 3.87807 ; 3.79702
7.7724 ; 6.96755 ; 3.94177 ; 4.01214
3.35293 ; 2.65577 ; -3.60737 ; -3.54839
6.80867 ; 3.99185 ; 4.73734 ; -4.76574
8.05122 ; 2.69158 ; 3.54676 ; -3.56062
3.89128 ; 3.84723 ; -4.28092 ; -4.6248
7.99549 ; 7.44162 ; 3.62317 ; 3.50961
4.22453 ; 2.58439 ; -4.38931 ; -3.59028
7.77002 ; 8.20512 ; 3.67809 ; 2.17736
7.20521 ; 6.83376 ; 4.4156 ; 4.20642
6.881 ; 6.85992 ; 4.62888 ; 4.21398
8.36502 ; 6.68479 ; 3.2622 ; 4.17425
2.88081 ; 1.99112 ; -2.56083 ; -2.14809
3.82341 ; 7.17962 ; -4.08821 ; 3.84799
8.30914 ; 7.79501 ; 3.08425 ; 2.9007
2.79154 ; 2.22276 ; -2.51712 ; -2.64037
3.02982 ; 7.34974 ; -3.18249 ; 3.49485
8.05496 ; 7.4746 ; 3.54893 ; 3.45535
7.14747 ; 3.29766 ; 4.43967 ; -4.27208
4.62597 ; 6.90394 ; 5.68114 ; -4.90235
7.80926 ; 7.24319 ; 3.85938 ; 3.76072
6.26344 ; 4.82035 ; -5.30517 ; -5.3104
5.63671 ; 3.81071 ; -5.14784 ; -4.72865
3.40287 ; 7.39961 ; -3.66302 ; 3.53956
6.67614 ; 3.63283 ; -4.99456 ; -4.58541
9.02283 ; 1.75714 ; -0.534132 ; 0.113245
3.64974 ; 6.75575 ; -4.01377 ; 4.17929
3.48658 ; 2.66373 ; -3.75274 ; -3.59461
7.2468 ; 3.60654 ; 4.40886 ; -4.47877
7.93031 ; 2.80994 ; 3.70085 ; -3.71436
7.52182 ; 3.37109 ; 4.16832 ; -4.27411
6.3696 ; 2.40607 ; -5.23061 ; -3.11446
3.99339 ; 3.77071 ; -4.35534 ; -4.59008
3.61471 ; 7.08013 ; -3.93504 ; 3.89597
3.71053 ; 3.06557 ; -4.04147 ; -4.03088
7.39066 ; 3.10294 ; 4.22997 ; -4.08446
2.98882 ; 7.40211 ; -3.10142 ; 3.4206
5.7816 ; 6.39004 ; 5.12171 ; 4.62062
3.77493 ; 3.19192 ; -4.1172 ; -4.14844
7.42164 ; 3.53668 ; 4.27012 ; -4.40767
4.09034 ; 8.17122 ; -4.19902 ; 2.30467
6.78559 ; 3.97799 ; -4.98434 ; -4.85981
8.09598 ; 2.62729 ; 3.47518 ; -3.47671
7.99451 ; 2.53691 ; 3.56039 ; -3.39684
3.34867 ; 7.44261 ; -3.59511 ; 3.47877
3.42047 ; 2.78605 ; -3.71904 ; -3.70916
8.36264 ; 2.35924 ; 3.00856 ; -3.00823
3.29766 ; 7.52755 ; -3.50925 ; 3.36675
3.71823 ; 7.97365 ; -3.85307 ; 2.74207
3.78735 ; 6.61784 ; 4.15734 ; 4.36884
3.32845 ; 2.64253 ; -3.57654 ; -3.52599
3.58894 ; 2.9989 ; -3.92659 ; -3.95142
3.18012 ; 7.63138 ; -3.31942 ; 3.18746
3.68645 ; 7.16687 ; -3.97689 ; 3.83404
8.39605 ; 7.66327 ; 3.00012 ; 3.07745
8.90172 ; 7.52957 ; -2.1027 ; 2.82681
7.97329 ; 2.71986 ; 3.63161 ; -3.61464
4.75482 ; 8.21822 ; 5.834 ; -1.21058
6.579 ; 3.09508 ; 4.75785 ; -4.14011
7.03992 ; 5.28481 ; 4.6521 ; -5.11049
4.51813 ; 2.946 ; -4.62253 ; -4.00357
7.58173 ; 3.65875 ; -4.23916 ; -4.57914
3.68738 ; 2.88785 ; -3.99037 ; -3.87036
3.44751 ; 7.40152 ; -3.70572 ; 3.55249
3.4032 ; 2.72258 ; -3.68223 ; -3.63767
3.75543 ; 3.12814 ; -4.09031 ; -4.09255
3.46492 ; 2.79029 ; -3.76429 ; -3.72581
2.78721 ; 6.55592 ; 2.27699 ; 4.36228
8.09742 ; 2.63784 ; 3.47791 ; -3.4862
5.13483 ; 3.82752 ; 5.12614 ; -4.75865
7.49658 ; 6.79295 ; 4.20259 ; 4.20142
7.49658 ; 3.09429 ; 4.14327 ; -4.06056
2.32409 ; 3.54689 ; 0.4392 ; -4.3621
3.95653 ; 6.80591 ; -4.25802 ; 4.18784
7.56345 ; 3.06973 ; 4.08342 ; -4.02812
4.54888 ; 6.71261 ; 4.85281 ; 4.31536
8.65354 ; 2.15314 ; 1.44459 ; 3.52522
4.39982 ; 2.15788 ; -4.5008 ; -2.9171
4.98419 ; 3.45751 ; -5.15632 ; 4.6733
2.82735 ; 3.73126 ; 2.35797 ; -4.6224
5.10439 ; 1.82895 ; -5.2338 ; 1.11154
6.05856 ; 2.47123 ; -5.75802 ; 3.41074
3.32763 ; 7.47878 ; -3.56059 ; 3.43365
8.88344 ; 6.58811 ; -1.53062 ; 4.31433
8.97501 ; 6.58284 ; 1.77971 ; 4.23931
3.64401 ; 2.87859 ; -3.95139 ; -3.85343
8.2132 ; 2.51183 ; 3.29555 ; -3.29566
3.3322 ; 7.49485 ; -3.55921 ; 3.41773
7.93768 ; 7.37355 ; 3.7033 ; 3.59898
8.11496 ; 1.99851 ; 3.00693 ; 2.55706
8.67103 ; 3.40949 ; 2.66726 ; -4.15676
3.7623 ; 7.13623 ; -4.04679 ; 3.876
7.93112 ; 1.58792 ; 3.3039 ; 0.454194
3.49957 ; 7.29547 ; -3.78468 ; 3.6718
8.21349 ; 2.50266 ; 3.29126 ; -3.28503
6.0245 ; 7.33642 ; -5.08381 ; 3.67703
5.90547 ; 5.9149 ; 5.15708 ; 4.92394
9.07847 ; 6.07365 ; 0.0352312 ; 4.78982
3.54544 ; 7.2197 ; -3.84557 ; 3.75433
3.11895 ; 6.10575 ; -3.43597 ; 4.59047
8.52209 ; 6.04776 ; 2.9911 ; 4.66275
8.05802 ; 7.13404 ; 3.62475 ; 3.81275
3.26205 ; 7.5548 ; -3.45553 ; 3.31986
6.67196 ; 7.97567 ; -5.30639 ; 2.25866
4.50753 ; 3.92873 ; -4.79788 ; 4.9137
3.63115 ; 2.34688 ; -3.83089 ; -3.18987
6.97411 ; 6.96761 ; 4.5569 ; 4.11629
4.70485 ; 6.85184 ; 4.96841 ; 4.17714
7.84732 ; 2.84798 ; 3.78735 ; -3.7738
3.54637 ; 7.19985 ; -3.85095 ; 3.77242
7.97781 ; 7.37421 ; 3.6626 ; 3.587
7.25483 ; 6.91841 ; 4.36914 ; 4.13233
7.20708 ; 6.99348 ; 4.39289 ; 4.0744
8.11324 ; 2.61289 ; 3.45306 ; -3.45458
3.19315 ; 2.49525 ; -3.36088 ; -3.29664
3.65976 ; 3.35121 ; -4.04073 ; -4.25394
5.50173 ; 4.63711 ; 5.27841 ; -5.20647
8.98971 ; 4.98327 ; 0.558128 ; -5.39166
3.36377 ; 7.45231 ; -3.60737 ; 3.47477
8.0519 ; 2.65267 ; 3.53145 ; -3.51936
2.54088 ; 6.62777 ; -2.22795 ; 4.17246
4.13637 ; 6.87581 ; -4.37842 ; 4.15666
8.90903 ; 3.45975 ; 1.99704 ; -4.19161
8.18357 ; 8.37029 ; 2.81582 ; -1.70776
3.73478 ; 2.33445 ; -3.93316 ; -3.18794
7.73361 ; 5.05392 ; 4.02884 ; -5.02695
7.12281 ; 6.92493 ; 4.46169 ; 4.14055
3.18147 ; 2.49529 ; -3.34542 ; -3.29242
3.70047 ; 2.9311 ; -4.00888 ; -3.91191
8.48932 ; 7.85947 ; 2.73021 ; 2.68913
7.71395 ; 3.05159 ; 3.95169 ; -3.98232
5.11626 ; 3.95431 ; -5.01433 ; -4.8006
7.40968 ; 3.2276 ; 4.23512 ; -4.18364
2.97142 ; 6.98565 ; -3.16075 ; 3.87201
3.27215 ; 2.47867 ; -3.45852 ; -3.30053
4.50111 ; 2.0442 ; -4.74973 ; 2.06459
6.62082 ; 1.71682 ; 4.85642 ; -0.64835
3.13558 ; 3.3224 ; -3.45374 ; -4.15941
8.18162 ; 2.52211 ; 3.33745 ; -3.32149
8.20209 ; 2.52052 ; 3.31207 ; -3.31073
3.37995 ; 2.70564 ; -3.65292 ; -3.61211
7.781 ; 7.16038 ; 3.902 ; 3.84162
9.03748 ; 3.55818 ; -0.677339 ; -4.35457
3.2965 ; 2.60837 ; -3.52946 ; -3.47653
7.97548 ; 7.3397 ; 3.67424 ; 3.62289
2.57526 ; 8.1103 ; -1.70679 ; 1.80495
8.23598 ; 7.63283 ; 3.26195 ; 3.18731
3.65444 ; 7.15089 ; -3.95459 ; 3.84096
4.01454 ; 3.73464 ; -4.3673 ; -4.56179
3.89778 ; 8.28415 ; -3.99513 ; 1.94285
7.9595 ; 2.74314 ; 3.65222 ; -3.64243
7.66486 ; 2.16451 ; 3.80637 ; 2.63987
7.74088 ; 3.00244 ; 3.91823 ; -3.9342
3.32018 ; 7.512 ; -3.54016 ; 3.39343
6.54703 ; 3.20685 ; 4.78598 ; -4.24059
7.69824 ; 6.67201 ; 4.04586 ; 4.26723
3.61355 ; 7.41876 ; -3.85985 ; 3.57175
3.50021 ; 2.93874 ; -3.83249 ; -3.87855
8.08901 ; 7.2036 ; 3.5757 ; 3.73775
2.23907 ; 2.57321 ; -0.310107 ; -2.93109
3.86952 ; 7.21704 ; -4.11967 ; 3.81969
4.99855 ; 4.28175 ; -4.99587 ; -4.96516
8.42711 ; 7.93128 ; 2.80972 ; 2.57819
8.04233 ; 2.4363 ; 3.47914 ; -3.24568
3.21049 ; 1.73706 ; -3.04496 ; -1.50421
6.2159 ; 6.40135 ; 5.00728 ; 4.59965
2.60353 ; 8.13832 ; -1.77317 ; 1.7469
8.1506 ; 7.56146 ; 3.40224 ; 3.31558
3.31809 ; 7.48923 ; -3.54657 ; 3.4188
3.69259 ; 7.04108 ; -4.00791 ; 3.94512
8.13015 ; 2.5773 ; 3.42008 ; -3.4079
7.02752 ; 3.11983 ; -4.77148 ; -4.05402
3.28785 ; 1.57396 ; -3.0282 ; 0.498873
4.21654 ; 7.16762 ; -4.39262 ; 3.90766
3.85402 ; 2.95889 ; -4.14268 ; -3.96119
4.75812 ; 7.54371 ; -4.70494 ; 3.49439
3.48384 ; 7.34177 ; -3.75729 ; 3.62328
7.84707 ; 2.92988 ; 3.80925 ; -3.84567
3.51151 ; 2.79532 ; -3.80952 ; -3.74305
3.28654 ; 6.6033 ; -3.6471 ; 4.24964
5.28629 ; 2.17762 ; -5.05521 ; -2.86419
2.96654 ; 7.06014 ; -3.14111 ; 3.79685
2.2503 ; 2.4875 ; -0.397254 ; -2.77174
4.05438 ; 7.84022 ; -4.19119 ; 3.03173
8.01345 ; 2.71053 ; 3.58839 ; -3.59231
3.4486 ; 2.77534 ; -3.74438 ; -3.7066
3.98169 ; 5.15356 ; 4.67199 ; 5.45733
7.47397 ; 2.97348 ; 4.14086 ; -3.958
7.82245 ; 2.88461 ; 3.81954 ; -3.81217
7.48941 ; 6.06254 ; -4.3781 ; 4.89747
7.42526 ; 6.93295 ; 4.23631 ; -4.17966
6.48377 ; 8.42278 ; 4.97229 ; 0.79736
8.49221 ; 7.05938 ; 3.00453 ; 3.8023
3.48409 ; 2.77497 ; -3.7784 ; -3.71616
3.39523 ; 2.679 ; -3.66068 ; -3.58756
7.46494 ; 7.14284 ; 4.17175 ; 3.91168
3.21165 ; 7.5968 ; -3.37545 ; 3.24629
8.16728 ; 7.57425 ; 3.37623 ; 3.29294
8.09463 ; 8.45323 ; 3.104 ; 1.03367
7.23588 ; 7.91002 ; -5.69913 ; -2.86025
4.00479 ; 1.64781 ; -4.12656 ; -1.23042
4.43027 ; 6.70705 ; 4.77826 ; 4.31414
7.77685 ; 2.93947 ; 3.87307 ; -3.87153
7.81063 ; 7.03137 ; 3.89818 ; 3.95058
7.86172 ; 2.8477 ; 3.77488 ; -3.76967
7.26451 ; 8.00767 ; 4.23885 ; 2.72887
4.57919 ; 3.23443 ; 4.85171 ; -4.21332
8.00684 ; 8.22156 ; -4.89707 ; -0.296206
4.24106 ; 5.48725 ; -4.57401 ; 4.97297
7.58364 ; 3.12097 ; 4.07615 ; -4.06734
3.71153 ; 7.10899 ; -4.01048 ; 3.89007
7.74708 ; 2.683 ; 3.84708 ; -3.62396
3.6674 ; 3.19158 ; -4.02658 ; -4.12888
3.51528 ; 2.84661 ; -3.82631 ; -3.79211
4.24719 ; 6.33528 ; -4.52087 ; 4.55859
3.55549 ; 2.93397 ; -3.88375 ; -3.88612
3.54644 ; 7.31119 ; -3.8229 ; 3.66928
3.32547 ; 2.65426 ; -3.57753 ; -3.53739
2.99327 ; 7.30394 ; -3.13547 ; 3.53714
8.73251 ; 8.37559 ; 1.59906 ; 0.764689
2.68879 ; 1.9917 ; 2.81835 ; 2.75813
6.00717 ; 3.33951 ; -5.1282 ; -4.35109
4.06577 ; 6.06508 ; -4.41558 ; 4.6952
8.14948 ; 2.57926 ; 3.39859 ; -3.40222
4.1604 ; 3.01208 ; -4.38865 ; -4.04546
7.3209 ; 1.89682 ; -5.40628 ; -0.924459
3.76967 ; 7.18216 ; -4.04368 ; 3.83692
3.47108 ; 7.60151 ; -3.67783 ; 3.31898
4.16183 ; 5.44621 ; -4.51546 ; -5.10034
3.45964 ; 2.44745 ; -3.67008 ; -3.30692
4.28938 ; 3.32986 ; -4.51552 ; -4.32185
7.75769 ; 7.15535 ; 3.92218 ; 3.85057
7.92543 ; 2.81197 ; 3.70556 ; -3.71764
7.87979 ; 7.28443 ; 3.78471 ; 3.7037
2.9766 ; 7.37389 ; -3.08934 ; 3.45044
7.97293 ; 3.59841 ; 3.76838 ; -4.37184
7.71385 ; 6.9859 ; 3.99053 ; 4.00648
3.56885 ; 7.31528 ; -3.8407 ; 3.6709
6.76378 ; 3.38742 ; 4.69224 ; -4.37502
8.80677 ; 6.62126 ; -1.8233 ; 4.28567
4.67886 ; 3.68282 ; -4.78554 ; -4.60405
7.60956 ; 7.08285 ; 4.06202 ; 3.94124
2.42589 ; 8.31678 ; 1.60392 ; -0.777215
3.34526 ; 3.01011 ; 3.62562 ; -3.81159
8.21242 ; 7.58121 ; 3.314 ; 3.26677
8.14762 ; 7.44521 ; 3.4452 ; 3.45903
3.46502 ; 2.81363 ; -3.77094 ; -3.74773
3.55474 ; 7.34488 ; -3.82147 ; 3.63922
6.43199 ; 5.52091 ; 5.00469 ; 5.0606
4.0572 ; 7.53064 ; -4.22757 ; 3.49381
6.59837 ; 6.99224 ; -4.9546 ; 4.04011
4.06763 ; 4.64495 ; -4.44579 ; -5.0026
7.64568 ; 3.13781 ; 4.02722 ; -4.06922
3.35052 ; 7.45375 ; -3.59351 ; 3.46872
4.52253 ; 4.25474 ; -4.74687 ; -4.90514
3.65564 ; 7.20164 ; -3.94401 ; 3.79617
8.53716 ; 2.79817 ; 2.85489 ; -3.54489
8.19841 ; 1.66586 ; 2.92109 ; -1.10599
3.94993 ; 3.15129 ; -4.24946 ; -4.14317
8.02605 ; 2.74627 ; 3.58821 ; -3.6223
6.77515 ; 4.0594 ; 4.76371 ; -4.80515
7.95552 ; 7.37165 ; 3.6861 ; 3.59576
7.50524 ; 7.04435 ; 4.15542 ; 3.99267
7.41341 ; 2.00793 ; 4.06515 ; -2.55144
8.11778 ; 2.60495 ; 3.44512 ; -3.44469
3.52527 ; 2.8402 ; -3.83356 ; -3.7887
6.86677 ; 3.25602 ; 4.61611 ; -4.26456
4.13029 ; 3.41859 ; -4.41796 ; -4.36815
3.12342 ; 8.16122 ; -2.9938 ; 2.09267
7.21373 ; 8.20252 ; 4.37109 ; -1.70004
6.46706 ; 5.14847 ; 5.01426 ; 5.16741
7.86414 ; 2.89585 ; 3.78564 ; -3.81103
4.08094 ; 3.64423 ; -4.40831 ; -4.52023
6.72368 ; 6.75895 ; -4.8978 ; 4.28135
4.13649 ; 3.99268 ; -4.47495 ; -4.73373
7.1263 ; 7.10925 ; 4.43622 ; 3.97881
7.99449 ; 7.46516 ; 3.6175 ; 3.48428
3.67624 ; 7.54815 ; -3.89353 ; 3.42849
3.70499 ; 7.5868 ; -3.91318 ; 3.38302
2.30641 ; 7.08169 ; 0.646664 ; 3.61903
7.89803 ; 2.85654 ; 3.74504 ; -3.76711
4.92955 ; 1.88718 ; -4.91695 ; -2.14428
6.00504 ; 6.42126 ; 5.07149 ; 4.59284
3.92553 ; 7.11779 ; -4.18211 ; 3.91977
8.02289 ; 2.71484 ; 3.5818 ; -3.59302
7.8505 ; 7.4331 ; 3.775 ; 3.55702
8.71739 ; 2.76392 ; -2.47504 ; -3.30001
4.19774 ; 7.96978 ; -4.30387 ; 2.79037
4.52387 ; 2.77681 ; -4.61226 ; -3.82823
7.69116 ; 7.11951 ; 3.98678 ; 3.89478
7.2006 ; 1.89639 ; -5.46155 ; -1.00307
3.74207 ; 7.07512 ; -4.04186 ; 3.92521
8.01991 ; 2.71819 ; 3.58527 ; -3.59681
3.65909 ; 3.02166 ; -3.99111 ; -3.98433
7.3045 ; 6.98613 ; 4.32342 ; 4.06994
7.91553 ; 7.31959 ; 3.74099 ; 3.6595
3.90742 ; 6.27997 ; 5.02183 ; -5.60938
3.25447 ; 3.02228 ; -3.57312 ; -3.90839
3.6758 ; 2.1782 ; -3.84254 ; -2.90471
3.80164 ; 3.26417 ; -4.15021 ; -4.20885
7.6097 ; 7.2272 ; 4.03625 ; 3.8126
6.60028 ; 4.78043 ; 4.89061 ; -5.1072
7.719 ; 7.22839 ; 3.94095 ; 3.79331
3.33584 ; 7.44109 ; -3.58213 ; 3.47651
8.4266 ; 1.65495 ; 2.21271 ; 1.42103
9.03654 ; 3.46142 ; -0.761884 ; -4.24786
8.04204 ; 2.68281 ; 3.55261 ; -3.55556
7.80703 ; 2.90404 ; 3.8381 ; -3.83295
3.63715 ; 2.86654 ; -3.94298 ; -3.84107
7.10195 ; 3.19076 ; 4.45687 ; -4.19211
4.05643 ; 2.41473 ; 5.56356 ; 3.56334
8.13388 ; 7.13208 ; 3.53357 ; 3.80019
8.25144 ; 2.87486 ; -3.39159 ; -3.56814
3.34895 ; 6.62295 ; -3.71883 ; 4.24412
8.0473 ; 2.72808 ; 3.56176 ; -3.59825
7.25122 ; 7.10185 ; 4.34621 ; 3.97538
8.15041 ; 2.56153 ; 3.39036 ; -3.38162
7.97405 ; 7.43828 ; 3.6467 ; 3.51963
6.39054 ; 3.1529 ; 4.85224 ; -4.19785
2.2504 ; 2.38561 ; 0.584517 ; -2.46801
7.12619 ; 8.44348 ; 4.42826 ; -0.332969
3.52896 ; 5.53908 ; -3.93952 ; 4.88527
8.23471 ; 2.49154 ; 3.25959 ; -3.26201
3.90045 ; 4.69124 ; -4.30717 ; -4.99968
7.82218 ; 7.255 ; 3.84532 ; 3.74689
7.94641 ; 7.39125 ; 3.68948 ; 3.57868
3.41031 ; 7.42032 ; -3.66347 ; 3.52215
4.07351 ; 8.14412 ; -4.18477 ; 2.37803
8.47418 ; 7.44943 ; 2.9413 ; 3.35035
7.54019 ; 6.89546 ; 4.15212 ; 4.11253
4.20351 ; 4.43637 ; -4.54479 ; -4.94669
7.46376 ; 2.04707 ; 4.02014 ; -2.63916
7.79705 ; 7.03724 ; 3.90901 ; 3.94781
2.88013 ; 7.46736 ; -2.88975 ; 3.30122
5.01387 ; 7.8059 ; -4.72652 ; 3.07222
7.83846 ; 7.37287 ; 3.80093 ; 3.62544
6.85476 ; 8.28701 ; 4.73745 ; -1.23083
2.26305 ; 2.25761 ; 0.715623 ; -2.12497
7.41224 ; 3.20025 ; 4.22897 ; -4.16164
7.99472 ; 7.37513 ; 3.64485 ; 3.58126
3.37464 ; 7.45664 ; -3.61574 ; 3.47393
4.51083 ; 2.13973 ; -4.58663 ; -2.87567
9.08096 ; 3.95451 ; 0.566266 ; -4.69969
8.11827 ; 3.19472 ; 3.56382 ; -4.03418
3.45802 ; 7.32667 ; -3.73699 ; 3.63089
4.28345 ; 6.60509 ; -4.5135 ; 4.38023
4.4022 ; 5.99355 ; -4.65405 ; 4.77353
3.50773 ; 2.81184 ; -3.81014 ; -3.75735
7.71563 ; 3.03049 ; 3.94571 ; -3.96421
8.21896 ; 7.61838 ; 3.29097 ; 3.21417
4.22275 ; 3.34936 ; -4.47348 ; -4.33012
7.51983 ; 7.63872 ; 4.05281 ; 3.34621
8.03615 ; 7.45075 ; 3.57784 ; 3.48755
3.46308 ; 7.28599 ; -3.75295 ; 3.67107
4.79973 ; 3.51178 ; -4.83169 ; -4.49242
3.51625 ; 7.43132 ; -3.76415 ; 3.53783
8.70947 ; 3.11956 ; -2.21956 ; -3.86466
3.52334 ; 7.32247 ; -3.79916 ; 3.65287
7.75002 ; 2.96003 ; 3.90066 ; -3.8957
3.91847 ; 2.94825 ; -4.19365 ; -3.96029
3.3067 ; 2.62417 ; -3.54586 ; -3.49774
4.03598 ; 7.14898 ; -4.26325 ; 3.90615
3.82542 ; 2.95019 ; -4.1179 ; -3.9494
8.06041 ; 2.64212 ; 3.51917 ; -3.50542
2.65862 ; 6.79955 ; -1.55732 ; -5.14069
7.54167 ; 7.48 ; 4.05628 ; 3.55058
8.84095 ; 1.7217 ; 0.443934 ; 1.8639
4.27604 ; 4.63156 ; -4.60253 ; -5.02091
2.79438 ; 2.22448 ; -2.52363 ; -2.64507
8.95991 ; 3.32782 ; 1.80646 ; -4.05652
8.22537 ; 3.37074 ; 3.44467 ; -4.16751
3.46967 ; 2.59937 ; -3.71887 ; -3.51381
7.63562 ; 2.39748 ; 3.90348 ; -3.26708
3.81089 ; 6.84896 ; -4.13857 ; 4.13017
3.83514 ; 2.27132 ; -4.02003 ; -3.09807
4.46859 ; 4.43599 ; -4.72366 ; -4.97518
5.58955 ; 6.30746 ; 5.15606 ; 4.6841
4.45907 ; 3.87485 ; -4.67809 ; -4.70363
8.01162 ; 7.42741 ; 3.61084 ; 3.51928
5.52888 ; 4.31223 ; -5.18369 ; -5.02313
3.73017 ; 6.47848 ; -4.11444 ; 4.39749
7.2434 ; 6.83009 ; 4.38916 ; 4.20512
6.65633 ; 6.80872 ; 4.76485 ; 4.27013
3.4799 ; 7.27705 ; -3.77104 ; 3.68385
8.99506 ; 3.68733 ; -0.863677 ; -4.49942
6.48257 ; 6.45985 ; -5.04297 ; 4.56871
4.60695 ; 3.94644 ; -4.77087 ; -4.75877
7.52965 ; 7.04426 ; 4.13583 ; 3.98875
5.17403 ; 3.02155 ; -4.95662 ; -4.07968
3.13588 ; 7.28467 ; -3.35947 ; 3.59666
2.94264 ; 3.89844 ; 2.65885 ; -4.79035
7.04431 ; 3.79931 ; 4.56956 ; -4.62632
8.16207 ; 2.57254 ; 3.38143 ; -3.38943
4.87925 ; 6.31037 ; -4.88026 ; 4.63883
4.25596 ; 6.69565 ; -4.48428 ; 4.31116
7.81095 ; 2.96662 ; 3.84961 ; -3.88655
2.45345 ; 5.13587 ; -1.2668 ; 5.31431
3.5179 ; 3.0766 ; -3.87361 ; -4.00641
4.1659 ; 7.8874 ; 5.05042 ; 2.36896
5.49785 ; 3.29965 ; -5.07399 ; -4.33161
5.59101 ; 8.27452 ; -5.47987 ; -0.611146
7.64369 ; 7.14853 ; 4.02101 ; 3.87899
7.06834 ; 3.48524 ; 4.51671 ; -4.41877
7.89492 ; 2.59446 ; 3.68042 ; -3.49175
3.5384 ; 2.63835 ; -3.7991 ; -3.57645
8.09817 ; 2.63005 ; 3.47454 ; -3.47818
8.13285 ; 2.59993 ; 3.42627 ; -3.43276
3.37138 ; 7.41941 ; -3.6256 ; 3.50978
3.42054 ; 7.414 ; -3.6751 ; 3.53136
7.88946 ; 7.39266 ; 3.74639 ; 3.59252
7.70369 ; 6.6378 ; 4.0444 ; 4.29228
3.27028 ; 2.8467 ; -3.56007 ; -3.73569
3.48198 ; 1.69288 ; -3.39178 ; 1.29189
2.39379 ; 6.59872 ; 0.841968 ; 4.26316
7.54374 ; 3.36174 ; 4.1495 ; -4.26389
3.15994 ; 7.6484 ; -3.28519 ; 3.15582
6.40841 ; 3.63571 ; -5.09263 ; -4.59435
2.29589 ; 2.02522 ; 0.84949 ; -1.33284
4.64464 ; 7.77623 ; 5.16852 ; 2.80128
7.33192 ; 6.71153 ; 4.33892 ; 4.28686
7.80986 ; 2.77025 ; 3.80446 ; -3.70658
3.51944 ; 3.06805 ; -3.87372 ; -3.99985
7.78008 ; 7.20841 ; 3.89273 ; 3.79916
3.34752 ; 7.62172 ; -3.53571 ; 3.25795
3.48244 ; 7.52805 ; -3.70791 ; 3.41767
8.1034 ; 2.63854 ; 3.47278 ; -3.48482
3.43559 ; 7.36458 ; -3.70551 ; 3.58634
2.59087 ; 4.08007 ; 1.28036 ; 5.79975
3.35302 ; 2.86272 ; -3.66188 ; -3.77127
2.45997 ; 3.09981 ; -1.96146 ; -3.82975
7.80249 ; 7.11139 ; 3.89247 ; 3.88131
7.66891 ; 2.49338 ; 3.88784 ; -3.39993
7.19185 ; 6.29083 ; 4.48617 ; 4.59434
8.46442 ; 4.5727 ; 2.72522 ; 5.31796
4.52702 ; 4.94039 ; -4.78256 ; -5.12553
8.76356 ; 7.7209 ; 2.1709 ; 2.79065
6.22993 ; 6.60942 ; 4.97912 ; 4.44587
7.98615 ; 7.50239 ; 3.61598 ; 3.44341
3.26784 ; 2.58677 ; -3.4898 ; -3.44169
4.16047 ; 7.17178 ; -4.35257 ; 3.89843
3.36796 ; 7.44828 ; -3.612 ; 3.47919
7.94764 ; 2.80633 ; 3.68345 ; -3.70513
6.17298 ; 6.79274 ; 4.98005 ; 4.29725
3.39387 ; 7.41915 ; -3.64812 ; 3.51789
2.34414 ; 7.03038 ; 0.868885 ; 3.69948
6.92867 ; 3.29157 ; 4.58268 ; -4.28791
7.2317 ; 3.55205 ; 4.41267 ; -4.44522
3.85208 ; 7.48274 ; -4.06313 ; 3.53367
8.83784 ; 6.28975 ; 2.24531 ; 4.50146
3.92797 ; 3.26288 ; -4.24937 ; -4.22797
2.30189 ; 7.38052 ; 0.852982 ; 3.1212
3.17647 ; 7.62555 ; -3.31696 ; 3.19353
3.0034 ; 8.21768 ; -2.36944 ; -2.44006
8.19418 ; 7.59399 ; 3.33335 ; 3.25669
8.27583 ; 7.67317 ; 3.18835 ; 3.11378
3.53545 ; 2.79484 ; -3.8318 ; -3.74824
7.75988 ; 7.21628 ; 3.90767 ; 3.79663
3.43187 ; 7.32982 ; -3.71255 ; 3.62093
4.18278 ; 7.77342 ; 4.9589 ; 2.68074
3.43688 ; 3.13471 ; -3.80019 ; -4.0434
7.16971 ; 3.61965 ; 4.46424 ; -4.49766
3.90846 ; 3.32323 ; -4.24317 ; -4.27057
4.26741 ; 6.2056 ; -4.54703 ; 4.64059
7.63355 ; 3.36698 ; 4.07634 ; -4.25223
2.82745 ; 2.72653 ; 2.84074 ; -3.2617
7.83156 ; 7.24945 ; 3.83881 ; 3.74946
3.45258 ; 2.79288 ; -3.75339 ; -3.72464
6.23624 ; 1.78242 ; -5.66042 ; -0.612081
8.09874 ; 7.49253 ; 3.49118 ; 3.41958
8.02931 ; 2.51654 ; 3.51653 ; -3.36154
7.50387 ; 3.84735 ; 4.23336 ; -4.59488
8.74645 ; 5.43896 ; 2.35412 ; 5.06818
7.26463 ; 5.29343 ; 4.47023 ; 5.03804
7.88515 ; 2.84623 ; 3.75373 ; -3.76165
3.38688 ; 8.09716 ; -3.4266 ; 2.38154
7.89813 ; 7.2909 ; 3.7657 ; 3.69265
7.702 ; 3.09502 ; 3.97069 ; -4.02175
5.5992 ; 1.7634 ; 5.49134 ; -0.482245
4.51888 ; 7.99725 ; -4.74627 ; -2.20772
3.24716 ; 7.55502 ; -3.4378 ; 3.31445
3.40654 ; 7.40278 ; -3.66516 ; 3.53795
3.23302 ; 2.54479 ; -3.43162 ; -3.37691
3.62549 ; 2.96124 ; -3.95179 ; -3.92529
4.10922 ; 7.56635 ; 4.75535 ; 3.11103
7.16066 ; 1.67955 ; 4.31761 ; -1.29698
5.35794 ; 6.97844 ; 5.09194 ; 4.09648
4.32937 ; 1.61403 ; -4.50272 ; -0.215043
3.91886 ; 3.41214 ; -4.26293 ; -4.33721
3.35021 ; 7.47904 ; -3.58376 ; 3.44155
8.18851 ; 2.53828 ; 3.33631 ; -3.33785
7.73045 ; 5.27904 ; 4.01828 ; -5.05433
3.6739 ; 3.04184 ; -4.00648 ; -4.00366
3.6435 ; 3.08197 ; -3.98805 ; -4.03228
8.99014 ; 7.7682 ; 1.33212 ; 2.53165
9.05147 ; 4.2736 ; 0.611619 ; -4.95708
2.46142 ; 2.31349 ; -1.59789 ; -2.5968
7.29657 ; 7.89016 ; 4.21974 ; 2.96032
9.11527 ; 3.53169 ; 0.525751 ; -4.28931
3.43941 ; 7.28821 ; -3.72995 ; 3.6627
2.63803 ; 7.01345 ; -2.47437 ; 3.7831
7.67075 ; 5.41292 ; -4.31004 ; 5.35639
8.22125 ; 2.49842 ; 3.2801 ; -3.27657
3.41259 ; 7.69251 ; -3.58899 ; 3.17285
3.6307 ; 8.42478 ; -3.62584 ; -1.01087
4.11728 ; 3.39515 ; -4.40627 ; -4.35248
8.11101 ; 7.5185 ; 3.46756 ; 3.38479
3.56292 ; 7.24856 ; -3.85317 ; 3.73229
8.23732 ; 6.17649 ; 3.4634 ; 4.5736
4.05141 ; 6.88618 ; -4.31625 ; 4.13747
7.37329 ; 6.60595 ; 4.32101 ; 4.35862
8.27563 ; 2.77165 ; 3.28386 ; -3.58493
4.30408 ; 8.2704 ; 5.6567 ; -0.0812954
3.22209 ; 2.0447 ; 4.30753 ; -1.37223
8.19387 ; 2.49812 ; 3.31328 ; -3.28665
2.54282 ; 5.8983 ; 1.10535 ; -5.80301
7.68504 ; 3.34905 ; 4.02892 ; -4.23056
8.03477 ; 7.48408 ; 3.56818 ; 3.45094
4.31161 ; 2.65187 ; 5.67957 ; 4.14468
6.44413 ; 7.65757 ; 4.82777 ; 3.33784
3.58482 ; 7.19331 ; -3.88583 ; 3.78701
6.63658 ; 2.32839 ; 4.69068 ; -3.19271
6.38183 ; 7.48922 ; 4.85921 ; 3.57133
3.39747 ; 2.72237 ; -3.67677 ; -3.6357
4.31546 ; 8.03291 ; -4.40067 ; 2.65225
3.81341 ; 4.20655 ; -4.22847 ; -4.80874
7.24202 ; 7.01842 ; 4.36452 ; 4.04955
3.45269 ; 7.46754 ; -3.69268 ; 3.48308
7.8153 ; 1.66382 ; 3.53456 ; -1.25845
7.59318 ; 3.33579 ; 4.10485 ; -4.23697
2.86446 ; 2.53665 ; 2.7135 ; 4.44879
4.37772 ; 5.0373 ; 5.07288 ; 5.46809
3.7769 ; 7.14623 ; -4.05635 ; 3.87004
3.75715 ; 3.00871 ; -4.07062 ; -3.99037
7.53334 ; 6.15586 ; -4.17955 ; 4.81586
7.56745 ; 7.22411 ; 4.0726 ; 3.82178
8.76616 ; 2.52688 ; 2.23607 ; -3.08439
8.25576 ; 7.27372 ; 3.34179 ; 3.62492
6.49707 ; 4.61838 ; 4.96717 ; -5.0761
3.44446 ; 7.32726 ; -3.72439 ; 3.6268
7.11525 ; 3.36257 ; 4.47008 ; -4.32456
8.09473 ; 2.71672 ; 3.50651 ; -3.57315
7.90254 ; 2.89181 ; 3.74982 ; -3.79734
3.41625 ; 2.61948 ; -3.66661 ; -3.52477
2.88262 ; 7.42887 ; -2.90697 ; 3.35195
3.40407 ; 7.44191 ; -3.65049 ; 3.49811
8.18139 ; 2.53974 ; 3.34447 ; -3.34211
3.30353 ; 7.52223 ; -3.51765 ; 3.37496
6.46041 ; 1.93036 ; 4.85364 ; -2.24537
2.47254 ; 7.94076 ; -1.49523 ; 2.18159
3.80069 ; 1.87451 ; -3.91963 ; -2.20229
3.58311 ; 2.89211 ; -3.89989 ; -3.85298
7.95612 ; 2.79167 ; 3.67079 ; -3.68858
3.21255 ; 5.9108 ; -3.56523 ; 4.70735
3.3285 ; 3.86668 ; -3.73012 ; -4.58133
8.04062 ; 2.68989 ; 3.55629 ; -3.56251
8.18248 ; 2.53623 ; 3.34198 ; -3.33819
7.72157 ; 2.88371 ; 3.9091 ; -3.83404
7.79699 ; 7.26727 ; 3.86422 ; 3.74126
3.84931 ; 6.61227 ; -4.20082 ; 4.31832
4.741 ; 3.96329 ; -4.84364 ; -4.77964
7.43338 ; 5.69715 ; 4.32629 ; 4.8827
8.64224 ; 2.03574 ; 2.24454 ; -2.16118
8.18909 ; 7.46378 ; 3.38544 ; 3.42438
7.69442 ; 1.97068 ; 3.76372 ; -2.42657
8.02784 ; 7.43677 ; 3.59129 ; 3.50466
3.61101 ; 7.13503 ; -3.92124 ; 3.84591
4.7898 ; 6.40571 ; -4.82701 ; 4.56875
3.84274 ; 6.98628 ; -4.14035 ; 4.02174
3.72303 ; 3.23007 ; -4.08021 ; -4.1693
7.80839 ; 7.38022 ; 3.82778 ; 3.62415
2.40929 ; 8.32258 ; 1.40712 ; -0.669806
8.742 ; 7.21198 ; 2.44664 ; 3.56837
3.54553 ; 3.00605 ; -3.88827 ; -3.9496
5.77466 ; 3.55169 ; 5.08536 ; -4.5408
4.43677 ; 8.3466 ; -4.52798 ; 1.62051
3.33098 ; 7.47691 ; -3.56428 ; 3.4366
7.94017 ; 2.56438 ; 3.62598 ; -3.44477
3.51672 ; 2.71972 ; -3.7964 ; -3.66511
3.91126 ; 6.35608 ; -4.27469 ; 4.50245
8.01599 ; 7.19757 ; 3.66128 ; 3.75852
4.09847 ; 6.59047 ; -4.3903 ; 4.3679
3.51952 ; 7.32091 ; -3.79667 ; 3.65312
3.97219 ; 3.21788 ; -4.2762 ; -4.19963
3.38045 ; 1.80893 ; -3.35783 ; -1.87249
8.02618 ; 2.70988 ; 3.57728 ; -3.58752
7.64776 ; 6.9994 ; 4.04467 ; 4.00686
5.27243 ; 6.6307 ; -4.99443 ; 4.42597
8.19308 ; 7.54042 ; 3.35459 ; 3.32742
3.53756 ; 6.74449 ; -3.9094 ; 4.17124
3.08394 ; 2.93661 ; -3.32366 ; -3.78673
4.47165 ; 1.80965 ; -4.58017 ; -1.96338
8.10325 ; 4.95994 ; 3.56906 ; 5.0898
3.86412 ; 6.69285 ; -4.20293 ; 4.26074
3.10918 ; 7.92764 ; -3.08937 ; 2.65008
6.08908 ; 8.13132 ; -5.39246 ; 1.92175
4.10813 ; 7.02554 ; -4.33649 ; 4.02721
6.76542 ; 7.54682 ; -5.01356 ; 3.24621
8.41774 ; 2.87817 ; 3.08664 ; -3.66619
8.20974 ; 2.51074 ; 3.29864 ; -3.29592
4.13523 ; 6.14012 ; -4.461 ; 4.66235
8.06686 ; 2.78741 ; 3.55549 ; -3.65343
7.86545 ; 7.31985 ; 3.78849 ; 3.67258
3.84789 ; 4.19356 ; -4.25741 ; -4.80614
7.87684 ; 2.88051 ; 3.77035 ; -3.79412
3.71089 ; 2.59205 ; -3.95849 ; -3.55089
8.70878 ; 3.98363 ; -1.95801 ; -4.82281
7.86871 ; 7.35726 ; 3.77581 ; 3.63444
7.45045 ; 5.73166 ; 4.31146 ; 4.86687
8.01186 ; 7.32764 ; 3.63838 ; 3.62628
2.73325 ; 7.97453 ; -2.30425 ; 2.32234
5.81816 ; 8.31485 ; 5.49933 ; -0.682772
7.91538 ; 7.33918 ; 3.73576 ; 3.64019
3.25057 ; 7.54965 ; -3.44366 ; 3.32171
3.76475 ; 7.58066 ; -3.93315 ; -3.35882
3.9115 ; 3.33022 ; -4.24619 ; -4.27564
7.93423 ; 2.77228 ; 3.6849 ; -3.67748
3.25334 ; 2.56205 ; -3.46334 ; -3.40648
4.57274 ; 7.45099 ; 5.78425 ; -4.0597
7.32071 ; 7.05689 ; 4.30136 ; 4.00776
4.00779 ; 1.68917 ; -4.13046 ; -1.48367
3.53857 ; 6.85172 ; -3.89792 ; 4.08354
7.77017 ; 4.19964 ; 4.00506 ; -4.75549
7.57764 ; 3.01567 ; 4.06133 ; -3.97903
3.92446 ; 6.392 ; -4.28177 ; 4.48141
2.37285 ; 3.21082 ; -1.6115 ; -3.94568
2.43685 ; 6.77313 ; 1.17721 ; 4.06198
3.76893 ; 7.11058 ; -4.05684 ; 3.89934
3.10292 ; 1.75597 ; -2.60754 ; 1.88497
8.89697 ; 1.66911 ; 0.531652 ; 0.366698
7.8846 ; 7.56617 ; 3.70868 ; 3.38603
7.242 ; 3.53526 ; 4.40362 ; -4.43302
7.38137 ; 3.45649 ; 4.29027 ; -4.35839
4.48312 ; 6.94854 ; -4.59407 ; 4.12812
2.88781 ; 2.56471 ; -2.88926 ; -3.27588
5.19078 ; 5.02319 ; -5.15729 ; 5.22507
7.97204 ; 2.75207 ; 3.644 ; -3.64634
5.44311 ; 8.19768 ; 5.4203 ; 1.74462
3.8094 ; 3.2278 ; -4.08388 ; 4.29142
3.51801 ; 7.25412 ; -3.8125 ; 3.71558
4.00366 ; 4.90906 ; -4.38809 ; 5.06008
4.40749 ; 6.8215 ; -4.56442 ; 4.22817
7.37382 ; 6.64183 ; 4.31672 ; 4.33295
4.42897 ; 6.67882 ; -4.59532 ; 4.34124
4.07022 ; 3.84198 ; 4.52233 ; -4.77114
7.78361 ; 3.62638 ; 3.96621 ; -4.41659
7.79656 ; 2.89496 ; 3.84452 ; -3.82826
5.65698 ; 3.32392 ; -5.10457 ; -4.34902
2.98931 ; 7.74108 ; -2.97669 ; 2.93921
6.48702 ; 7.26271 ; 4.80831 ; 3.84158
4.43186 ; 5.48072 ; -4.72695 ; -5.1328
7.84833 ; 2.96102 ; 3.81505 ; -3.87282
3.81551 ; 3.01954 ; -4.12098 ; -4.00949
7.3367 ; 6.6269 ; 4.34528 ; 4.34778
6.8985 ; 5.91301 ; 4.71173 ; 4.83866
3.77233 ; 6.74113 ; -4.12234 ; 4.20981
7.86013 ; 2.8596 ; 3.77949 ; -3.78016
7.8424 ; 7.26942 ; 3.82386 ; 3.72825
3.733 ; 6.61487 ; -4.1038 ; 4.2997
2.47817 ; 1.68603 ; -0.176264 ; 0.76807
6.72847 ; 3.46955 ; 4.72188 ; -4.43886
4.07537 ; 4.97637 ; -4.45055 ; 5.06187
3.69996 ; 2.97662 ; -4.01679 ; -3.95221
8.55168 ; 6.51373 ; 2.32681 ; -5.06225
7.46659 ; 6.4513 ; 4.2632 ; 4.45674
8.1137 ; 7.49407 ; 3.47276 ; 3.41281
7.81944 ; 2.87412 ; 3.81927 ; -3.80478
7.98085 ; 7.48826 ; 3.62531 ; 3.46131
8.95486 ; 4.96581 ; -0.42769 ; -5.45744
3.5824 ; 2.78913 ; -3.87501 ; -3.75285
6.07625 ; 4.9505 ; 5.21585 ; 5.25992
8.10907 ; 2.61581 ; 3.45798 ; -3.45915
3.91934 ; 3.13176 ; -4.22326 ; -4.12279
3.69143 ; 2.93548 ; -4.00268 ; -3.91411
5.9262 ; 7.52865 ; -5.10336 ; 3.41774
3.95182 ; 6.55428 ; -4.28697 ; 4.37435
7.98692 ; 8.34636 ; 3.22276 ; -1.65432
3.48905 ; 7.35873 ; -3.75733 ; 3.60816
3.55926 ; 7.3031 ; -3.83548 ; 3.67977
6.54466 ; 6.74579 ; 4.82893 ; 4.32643
4.21136 ; 3.29058 ; -4.45884 ; -4.28486
8.04813 ; 2.63893 ; 3.53047 ; -3.50625
7.9532 ; 2.76945 ; 3.66645 ; -3.66876
3.68197 ; 7.16147 ; -3.97474 ; 3.83737
7.24051 ; 5.33239 ; 4.48907 ; -5.07913
7.95966 ; 2.75841 ; 3.65701 ; -3.65617
7.82482 ; 2.88079 ; 3.81687 ; -3.80878
2.47798 ; 6.40952 ; -1.99123 ; 4.37938
7.96221 ; 2.7862 ; 3.66376 ; -3.68172
3.62716 ; 1.90289 ; -3.66334 ; 2.00517
8.02657 ; 7.67245 ; 3.51948 ; 3.19968
7.53146 ; 5.94577 ; 4.23601 ; 4.75542
7.68467 ; 7.14601 ; 3.98707 ; 3.8739
3.60397 ; 7.22503 ; -3.89448 ; 3.7643
7.7821 ; 7.15322 ; 3.90254 ; 3.84719
3.543 ; 7.24903 ; -3.83614 ; 3.72689
4.11437 ; 3.85976 ; -4.45011 ; -4.65706
7.86632 ; 7.32069 ; 3.78799 ; 3.67206
7.98736 ; 1.59056 ; 3.24125 ; -0.622386
8.31723 ; 7.65615 ; 3.13185 ; 3.12167
6.72549 ; 2.87372 ; 4.66291 ; -3.91901
5.79402 ; 5.5675 ; 5.22877 ; 5.10989
8.88099 ; 8.36811 ; 0.910399 ; 0.440118
8.0045 ; 2.72722 ; 3.60266 ; -3.61094
7.08197 ; 1.67889 ; 4.39623 ; -1.26135
7.6554 ; 7.11188 ; 4.0181 ; 3.90802
7.96362 ; 6.66854 ; 3.78307 ; 4.23572
3.07569 ; 2.05091 ; 4.2404 ; 2.70031
7.78458 ; 2.90848 ; 3.85825 ; -3.84258
7.64293 ; 7.9288 ; 3.88256 ; 2.84969
8.08981 ; 2.5596 ; 3.46012 ; -3.40013
8.2841 ; 2.43668 ; 3.16631 ; -3.1642
3.94233 ; 6.89417 ; -4.23378 ; 4.11536
2.55747 ; 1.88056 ; 2.1805 ; 2.011
7.79026 ; 7.29529 ; 3.8637 ; 3.71556
4.95705 ; 6.60065 ; -4.88089 ; 4.43865
5.862 ; 6.50711 ; 5.0954 ; 4.5321
4.58618 ; 6.00158 ; -4.7643 ; 4.79224
7.10273 ; 3.10216 ; 4.44436 ; -4.11715
2.39996 ; 4.13036 ; 0.597342 ; -4.93901
7.73925 ; 7.10012 ; 3.94898 ; 3.90283
4.40362 ; 5.76064 ; -4.70509 ; -5.068
3.81898 ; 3.27498 ; -4.16545 ; -4.21971
3.58486 ; 7.20378 ; -3.88354 ; 3.77817
6.89973 ; 2.19591 ; 4.70527 ; 2.47257
3.96513 ; 3.96196 ; 4.42135 ; -4.86873
3.29656 ; 2.40669 ; -3.46623 ; -3.20221
4.37662 ; 3.83588 ; -4.62437 ; -4.67254
7.79072 ; 6.89525 ; 3.93495 ; 4.07144
3.6587 ; 7.46871 ; -3.89204 ; 3.52271
7.91613 ; 2.83128 ; 3.72069 ; -3.73858
4.02906 ; 4.67826 ; -4.41534 ; -5.00759
8.96569 ; 8.37373 ; -0.45939 ; -0.810748
8.32921 ; 7.41731 ; 3.1948 ; 3.43751
3.95834 ; 6.07384 ; -4.33214 ; 4.67723
8.01126 ; 7.43719 ; 3.60817 ; 3.50957
7.95337 ; 7.42332 ; 3.67279 ; 3.54218
3.34931 ; 2.64978 ; -3.60181 ; -3.54109
3.39825 ; 7.93372 ; -3.49809 ; 2.74934
3.43415 ; 2.73412 ; -3.71792 ; -3.65963
3.1361 ; 7.6649 ; -3.24485 ; 3.12278
4.82012 ; 6.69524 ; 4.99565 ; 4.34696
4.41947 ; 6.95029 ; -4.55565 ; 4.12239
7.4538 ; 3.34277 ; 4.21775 ; -4.26516
4.73378 ; 5.32058 ; 5.20264 ; 5.31798
3.76667 ; 3.26605 ; -4.12226 ; -4.20443
3.52445 ; 3.10803 ; -3.88416 ; -4.03414
2.95939 ; 4.17813 ; 2.71133 ; -5.03271
2.73019 ; 8.10717 ; -2.18828 ; 1.97033
7.64921 ; 3.87745 ; 4.10957 ; -4.59225
3.13726 ; 2.46111 ; -3.26904 ; -3.22744
8.11994 ; 3.33533 ; 3.57687 ; -4.15258
7.74932 ; 7.38503 ; 3.8827 ; 3.63016
5.54799 ; 3.52118 ; 5.10616 ; -4.51788
6.61134 ; 6.71997 ; 4.79833 ; 4.34371
3.71112 ; 2.89854 ; -4.01203 ; -3.88421
7.98662 ; 2.77995 ; 3.63831 ; -3.66816
3.56755 ; 2.83059 ; -3.87056 ; -3.79012
8.02806 ; 2.68117 ; 3.56527 ; -3.55872
3.53052 ; 2.31198 ; -3.71494 ; -3.11281
7.02411 ; 3.4686 ; -4.76432 ; -4.42267
2.66765 ; 2.7223 ; -1.24087 ; 4.61814
6.42793 ; 3.19431 ; -5.0593 ; -4.18784
2.3191 ; 2.72311 ; -1.19277 ; -3.2618
4.08111 ; 3.60567 ; -4.4048 ; -4.49537
4.20507 ; 7.00758 ; -4.40734 ; 4.05355
4.41866 ; 4.85301 ; -4.71953 ; 5.11871
7.16787 ; 1.65195 ; 4.35542 ; 0.322829
3.83246 ; 7.07401 ; -4.11543 ; 3.94319
4.20267 ; 3.57173 ; -4.48457 ; -4.4868
3.34425 ; 2.67309 ; -3.60412 ; -3.56433
6.46239 ; 6.48854 ; 4.89659 ; 4.52635
3.30007 ; 2.62517 ; -3.53937 ; -3.49629
2.69458 ; 6.80091 ; -2.63747 ; 4.01413
4.33548 ; 3.30747 ; -4.54277 ; -4.30893
4.18022 ; 3.66644 ; -4.47902 ; -4.54573
3.5926 ; 3.4508 ; -3.9892 ; -4.32037
2.66833 ; 3.45529 ; -2.60847 ; -4.22632
3.35552 ; 2.67422 ; -3.61607 ; -3.5692
3.55144 ; 7.48615 ; -3.78609 ; 3.48283
3.55149 ; 7.29985 ; -3.83016 ; 3.68068
3.68821 ; 7.051 ; -4.00274 ; 3.93619
3.84134 ; 2.81673 ; -4.11019 ; -3.82223
9.0513 ; 7.44754 ; 1.26642 ; 3.10555
3.92351 ; 3.20582 ; -4.23772 ; -4.18321
8.42084 ; 1.63874 ; 2.42441 ; -0.707206
7.24738 ; 6.58788 ; 4.44504 ; -4.53528
8.64123 ; 3.26722 ; -2.36171 ; -4.06898
8.16365 ; 2.56135 ; 3.37515 ; -3.37611
6.17328 ; 6.24536 ; 5.03941 ; 4.70701
7.5312 ; 6.48174 ; 4.20819 ; 4.42822
4.18998 ; 4.90102 ; -4.54435 ; 5.08364
8.58316 ; 2.12271 ; 2.45037 ; -2.42302
8.99554 ; 6.42169 ; -0.950978 ; 4.48211
3.60188 ; 1.95146 ; 4.93793 ; -0.95759
3.436 ; 2.76088 ; -3.72778 ; -3.68827
4.39173 ; 4.38698 ; -4.70473 ; 5.07111
3.82584 ; 3.21816 ; -4.16241 ; -4.1778
3.48437 ; 2.81416 ; -3.78903 ; -3.75348
7.4693 ; 7.27818 ; 4.14671 ; 3.781
7.90986 ; 2.87441 ; 3.7389 ; -3.77992
7.56575 ; 7.13628 ; 4.08906 ; 3.90208
3.51867 ; 8.00418 ; -3.51079 ; -2.59081
3.29042 ; 2.60154 ; -3.52102 ; -3.467
3.48304 ; 2.80217 ; -3.78465 ; -3.7422
3.58846 ; 3.62307 ; -3.84603 ; 4.67064
3.55233 ; 7.3364 ; -3.82148 ; 3.64661
5.92204 ; 3.46386 ; 5.04564 ; -4.46944
8.0216 ; 2.68871 ; 3.57394 ; -3.56824
8.54496 ; 7.4514 ; 2.80754 ; 3.32276
7.43806 ; 8.13061 ; 4.10741 ; -2.00288
6.31471 ; 7.54056 ; -5.78676 ; -3.65169
4.33849 ; 3.22727 ; -4.53614 ; -4.24581
8.24333 ; 2.46943 ; 3.23859 ; -3.22861
8.2494 ; 7.65766 ; 3.23337 ; 3.14722
3.43692 ; 7.32229 ; -3.71913 ; 3.62915
3.43972 ; 7.30772 ; -3.72537 ; 3.64382
6.34828 ; 6.44124 ; 4.95174 ; 4.56562
7.80533 ; 7.18699 ; 3.87611 ; 3.81266
8.07666 ; 2.65265 ; 3.50584 ; -3.51031
3.07567 ; 1.77603 ; -2.81699 ; -1.57633
3.64271 ; 3.00705 ; -3.97487 ; -3.96882
7.47799 ; 6.81847 ; 4.21328 ; 4.1845
3.25666 ; 2.57271 ; -3.4712 ; -3.42055
5.13023 ; 3.66241 ; -4.99162 ; -4.61278
3.99041 ; 3.62906 ; -4.34128 ; -4.49969
3.56587 ; 7.25926 ; -3.85286 ; 3.72355
4.22025 ; 3.06113 ; 5.52256 ; 4.87785
7.69524 ; 7.24198 ; 3.95898 ; 3.78503
8.01372 ; 2.69294 ; 3.58252 ; -3.575
7.69477 ; 7.01456 ; 4.00212 ; 3.98561
3.47071 ; 7.44038 ; -3.7173 ; 3.51726
4.41787 ; 6.89907 ; -4.56103 ; 4.16521
6.87382 ; 3.79799 ; 4.77553 ; 4.84893
5.91795 ; 3.86401 ; -5.18203 ; -4.77027
3.64684 ; 3.23612 ; -4.01514 ; -4.1612
4.47451 ; 5.65103 ; -4.7587 ; -5.10989
2.83493 ; 4.71834 ; 2.33194 ; -5.40889
5.95274 ; 5.20466 ; 5.23236 ; 5.22166
4.23661 ; 1.6505 ; -4.37814 ; -1.17846
9.05325 ; 5.79751 ; 0.818049 ; 4.97696
4.64288 ; 8.43861 ; -4.7559 ; 0.625899
8.86077 ; 1.82087 ; -2.3757 ; 1.53827
8.03161 ; 2.8493 ; 3.60833 ; -3.72502
6.14447 ; 4.12165 ; -5.21194 ; -4.93315
8.07152 ; 2.93245 ; 3.5802 ; -3.79865
2.3027 ; 2.59119 ; 1.0658 ; -2.91498
